6.27803, -367.155, -497.142
3.5948, 33.3608, -46.5606
5.89648, 174.473, -442.06
5.09708, -93.8693, 442.475
2.76731, -461.97, 331.078
2.53849, 167.591, 30.8634
4.58743, -434.015, -113.611
7.15218, 87.4114, 189.587
2.95982, 22.5842, 348.973
6.00595, -81.0177, 152.923
3.81226, 258.953, 406.197
4.14117, 226.574, -446.383
7.45519, 257.826, 133.209
7.41275, -257.42, -133.449
5.75759, 257.43, 231.663
6.92354, 140.883, -421.453
6.33247, -63.3693, -222.526
3.87453, -260.571, -24.5514
4.93259, -326.38, -139.982
2.80282, 406.304, 394.66
5.08146, 1.59535, 396.539
4.96988, 479.883, -180.324
7.23882, -404.937, -230.465
4.42071, 2.49668, -422.988
5.14874, 408.077, -213.032
2.75042, 458.225, -36.2948
6.63909, 262.967, 246.564
5.94228, -481.595, -372.126
6.18112, 127.424, 367.21
6.94286, 494.865, 223.609
4.25508, -184.021, -285.654
6.72991, 87.8606, 12.8358
3.84659, 341.326, -87.744
4.83959, 31.8433, -79.0155
3.2686, -320.802, -207.18
2.66527, 307.842, 80.6617
7.2768, 2.0767, 32.1382
6.95369, 56.9276, 245.104
3.29884, 337.023, 109.419
3.15214, 212.149, -291.142
2.515, -222.437, -404.755
6.0491, -464.127, -90.6825
3.40448, -257.034, 435.154
5.76029, 390.008, -186.563
4.42907, 169.772, -360.65
3.23766, 1.90743, -108.38
5.45054, 336.715, 96.8599
3.24076, 53.7703, 447.195
3.2091, -91.4749, 462.98
4.94257, -245.74, 61.9558
3.13015, 438.171, -35.8198
5.64635, -185.789, -281.092
5.60817, 159.665, -372.298
4.88216, -249.438, 302.622
2.64188, -292.162, -120.022
3.21011, -72.0115, 405.23
3.15594, -107.774, 430.992
3.31099, -406.115, 383.426
3.76529, -134.152, -424.71
4.77654, 277.364, -363.643
6.54472, -45.1677, -149.601
3.57624, 147.918, 423.647
3.75063, 404.321, 177.649
5.02978, -23.4025, 365.5
