6.27803, -331.34, -417.413
3.5948, -41.1, -4.79629
5.89648, 174.865, -257.917
5.09708, 47.1569, 339.347
2.76731, -336.915, 320.445
2.53849, 58.9434, 38.3923
4.58743, -266.811, -144.216
7.15218, 68.2344, 261.703
2.95982, 49.774, 286.372
6.00595, 8.77322, 129.802
3.81226, 160.024, 285.418
4.14117, 141.273, -335.213
7.45519, 207.937, 155.903
7.41275, -316.628, -133.35
5.75759, 280.692, 116.677
6.92354, 131.906, -334.396
6.33247, -13.0712, -123.019
3.87453, -235.059, -111.565
4.93259, -258.919, -152.498
2.80282, 323.887, 305.989
5.08146, 32.7863, 357.573
4.96988, 340.164, -153.238
7.23882, -288.359, -135.074
4.42071, 69.6004, -332.092
5.14874, 373.132, -169.443
2.75042, 325.898, -72.5425
6.63909, 260.103, 126.868
5.94228, -410.171, -303.313
6.18112, 33.9079, 287.416
6.94286, 358.187, 172.719
4.25508, -151.885, -213.957
6.72991, 2.81893, -25.1072
3.84659, 317.705, -99.145
4.83959, 22.4712, -25.2068
3.2686, -333.43, -112.248
2.66527, 240.164, 216.604
7.2768, 58.9531, -29.6439
6.95369, 93.2114, 181.121
3.29884, 206.196, 173.985
3.15214, 177.471, -483.925
2.515, -132.391, -297.992
6.0491, -221.332, -129.532
3.40448, -171.657, 350.876
5.76029, 336.385, -55.4039
4.42907, 179.486, -279.377
3.23766, 64.2536, -28.4504
5.45054, 214.56, 131.217
3.24076, -92.2043, 262.145
3.2091, 95.8785, 308.239
4.94257, -190.643, -28.0908
3.13015, 327.629, -83.5204
5.64635, -167.601, -190.632
5.60817, 171.998, -346.448
4.88216, -168.1, 291.694
2.64188, -256.007, -144.074
3.21011, 2.34403, 300.797
3.15594, 3.60419, 293.675
3.31099, -384.51, 332.276
3.76529, -131.332, -286.155
4.77654, 107.207, -313.795
6.54472, -29.0029, -73.1859
3.57624, -4.0554, 298.204
3.75063, 183.226, 157.22
5.02978, 43.8599, 292.224
