6.27803, -354.251, -468.735
3.5948, 15.9801, -36.5183
5.89648, 217.255, -348.433
5.09708, 1.94903, 384.198
2.76731, -425.16, 333.867
2.53849, 131.121, 40.5353
4.58743, -425.877, -101.508
7.15218, 68.3285, 239.071
2.95982, -66.574, 383.114
6.00595, -50.2646, 143.668
3.81226, 225.615, 364.197
4.14117, 149.173, -368.282
7.45519, 284.166, 120.479
7.41275, -297.195, -139.288
5.75759, 243.719, 211.951
6.92354, 135.929, -403.522
6.33247, -54.9215, -168.697
3.87453, -245.877, -49.9935
4.93259, -251.038, -172.326
2.80282, 377.283, 364.217
5.08146, 20.1021, 361.541
4.96988, 407.487, -192.613
7.23882, -359.439, -192.062
4.42071, 21.2813, -390.334
5.14874, 378.676, -156.809
2.75042, 415.968, -40.7511
6.63909, 244.164, 182.098
5.94228, -456.278, -347.328
6.18112, 117.127, 363.38
6.94286, 448.198, 205.534
4.25508, -179.129, -240.391
6.72991, 30.6259, 3.69645
3.84659, 341.658, -86.9761
4.83959, 2.66009, -69.4682
3.2686, -306.155, -120.135
2.66527, 273.724, 142.813
7.2768, 56.7992, 5.35383
6.95369, 84.526, 190.957
3.29884, 270.648, 124.231
3.15214, 198.573, -356.624
2.515, -191.692, -361.55
6.0491, -382.846, -129.558
3.40448, -226.722, 407.041
5.76029, 399.004, -171.111
4.42907, 200.775, -324.927
3.23766, 26.5693, -55.7921
5.45054, 280.345, 145.828
3.24076, -0.0954761, 353.046
3.2091, -29.855, 389.247
4.94257, -225.078, 31.5084
3.13015, 396.679, -40.3763
5.64635, -168.963, -265.152
5.60817, 161.43, -399.429
4.88216, -221.798, 298.328
2.64188, -282.072, -128.596
3.21011, -61.2851, 387.743
3.15594, -71.0449, 396.098
3.31099, -391.336, 359.815
3.76529, -130.535, -381.834
4.77654, 190.404, -362.175
6.54472, -29.1156, -144.526
3.57624, 82.1972, 332.254
3.75063, 351.447, 157.144
5.02978, -6.21836, 375.996
