6.27803, -357.085, -475.012
3.5948, 13.8357, -56.5414
5.89648, 204.034, -361.466
5.09708, -19.1203, 392.708
2.76731, -433.81, 332.892
2.53849, 139.331, 38.6766
4.58743, -436.611, -97.8703
7.15218, 68.9363, 233.786
2.95982, -47.8675, 387.225
6.00595, -57.2187, 145.604
3.81226, 233.114, 373.62
4.14117, 147.262, -374.937
7.45519, 281.043, 128.239
7.41275, -300.084, -130.947
5.75759, 249.207, 227.651
6.92354, 148.445, -404.246
6.33247, -58.334, -181.969
3.87453, -248.762, -44.0071
4.93259, -255.484, -165.74
2.80282, 383.717, 371.046
5.08146, 7.89036, 365.783
4.96988, 414.239, -180.459
7.23882, -369.815, -201.579
4.42071, 16.8574, -397.538
5.14874, 377.109, -160.329
2.75042, 424.617, -39.4412
6.63909, 244.406, 188.664
5.94228, -461.878, -352.776
6.18112, 120.732, 368.846
6.94286, 458.668, 209.54
4.25508, -177.112, -257.406
6.72991, 52.2934, 9.33864
3.84659, 341.124, -86.8195
4.83959, 4.66891, -67.3082
3.2686, -302.038, -149.018
2.66527, 304.118, 142.167
7.2768, 37.3751, 9.66794
6.95369, 82.0964, 196.987
3.29884, 298.43, 115.612
3.15214, 192.541, -331.546
2.515, -198.7, -371.222
6.0491, -395.237, -125.13
3.40448, -233.409, 413.385
5.76029, 412.347, -191.186
4.42907, 199.744, -351.268
3.23766, 31.242, -57.3567
5.45054, 271.34, 121.937
3.24076, 25.1118, 375.19
3.2091, -49.764, 395.216
4.94257, -229.549, 38.4
3.13015, 406.735, -38.9984
5.64635, -174.648, -263.557
5.60817, 157.165, -409.408
4.88216, -227.999, 299.246
2.64188, -281.612, -132.64
3.21011, -77.3147, 410.583
3.15594, -74.9291, 409.492
3.31099, -394.118, 365.344
3.76529, -131.079, -391.459
4.77654, 219.583, -357.053
6.54472, -30.7361, -144.673
3.57624, 96.2702, 344.552
3.75063, 364.775, 161.896
5.02978, -1.46684, 365.352
