6.27803, -348.951, -456.956
3.5948, 13.9798, -3.8065
5.89648, 211.761, -320.524
5.09708, 20.5584, 354.571
2.76731, -407.048, 336.897
2.53849, 115.166, 43.2468
4.58743, -401.988, -110.421
7.15218, 68.643, 244.776
2.95982, -40.5612, 391.368
6.00595, -37.0141, 140.164
3.81226, 211.304, 346.402
4.14117, 160.157, -369.262
7.45519, 272.603, 139.968
7.41275, -289.138, -134.739
5.75759, 246.27, 165.86
6.92354, 133.765, -391.922
6.33247, -35.9908, -141.231
3.87453, -241.163, -61.7726
4.93259, -247.456, -178.931
2.80282, 365.174, 351.237
5.08146, 5.87381, 358.794
4.96988, 400.029, -189.312
7.23882, -339.545, -171.445
4.42071, 30.2308, -376.908
5.14874, 384.322, -166.688
2.75042, 380.638, -44.0801
6.63909, 237.977, 176.793
5.94228, -445.755, -337.146
6.18112, 106.826, 350.489
6.94286, 428.278, 198.012
4.25508, -177.138, -223.759
6.72991, 19.5088, -16.997
3.84659, 343.614, -87.7945
4.83959, 7.91627, -61.7849
3.2686, -321.848, -100.438
2.66527, 226.809, 151.511
7.2768, 68.6054, -1.24524
6.95369, 87.499, 184.831
3.29884, 245.792, 137.779
3.15214, 202.631, -403.507
2.515, -178.077, -343.251
6.0491, -358.906, -137.898
3.40448, -214.151, 394.892
5.76029, 366.663, -140.143
4.42907, 201.092, -304.707
3.23766, 5.9761, -47.8117
5.45054, 295.61, 151.417
3.24076, -32.2061, 342.628
3.2091, 21.2544, 370.676
4.94257, -216.836, 18.334
3.13015, 394.007, -43.6487
5.64635, -163.439, -256.338
5.60817, 157.726, -365.458
4.88216, -209.984, 296.664
2.64188, -277.176, -148.973
3.21011, -60.2937, 353.342
3.15594, -61.7875, 350.526
3.31099, -387.77, 348.419
3.76529, -130.023, -363.437
4.77654, 155.187, -369.841
6.54472, -38.4746, -146.127
3.57624, 58.4053, 314.1
3.75063, 321.923, 148.25
5.02978, 9.63569, 384.969
