6.27803, -337.971, -432.372
3.5948, -29.5036, 1.63177
5.89648, 185.254, -268.791
5.09708, 18.361, 358.803
2.76731, -356.252, 329.442
2.53849, 80.0568, 42.9392
4.58743, -335.23, -133.596
7.15218, 69.6897, 253.382
2.95982, 30.6955, 340.554
6.00595, -8.72411, 133.426
3.81226, 180.197, 308.835
4.14117, 118.513, -350.592
7.45519, 220.438, 176.501
7.41275, -305.547, -140.888
5.75759, 283.759, 128.535
6.92354, 153.911, -349.382
6.33247, -16.1624, -136.115
3.87453, -234.924, -89.1573
4.93259, -251.481, -173.795
2.80282, 339.682, 323.416
5.08146, 22.31, 360.936
4.96988, 357.291, -162.359
7.23882, -308.469, -137.828
4.42071, 52.4016, -349.178
5.14874, 384.878, -177.552
2.75042, 352.327, -55.7219
6.63909, 242.35, 124.22
5.94228, -423.696, -316.057
6.18112, 68.9496, 316.429
6.94286, 385.325, 182.317
4.25508, -165.611, -212.374
6.72991, 12.8652, -40.4368
3.84659, 342.335, -101.497
4.83959, 11.8477, -19.575
3.2686, -336.607, -96.8203
2.66527, 237.796, 189.452
7.2768, 69.4004, -16.5704
6.95369, 91.4252, 180.784
3.29884, 232.736, 157.341
3.15214, 187.845, -461.008
2.515, -146.063, -306.144
6.0491, -267.901, -133.878
3.40448, -187.814, 368.252
5.76029, 337.483, -87.3752
4.42907, 196.641, -296.866
3.23766, 38.3188, -37.8677
5.45054, 255.972, 135.774
3.24076, -80.5819, 297.211
3.2091, 85.7684, 320.03
4.94257, -200.279, -10.1152
3.13015, 345.428, -57.9859
5.64635, -161.379, -219.711
5.60817, 164.236, -363.007
4.88216, -184.41, 293.441
2.64188, -251.552, -147.877
3.21011, -28.5135, 314.647
3.15594, -25.5493, 311.254
3.31099, -391.588, 336.088
3.76529, -132.547, -322.215
4.77654, 120.767, -335.487
6.54472, -38.826, -96.2585
3.57624, 15.4265, 293.852
3.75063, 225.265, 156.888
5.02978, 33.9531, 320.661
