6.27803, -335.097, -425.899
3.5948, -35.5129, -0.702894
5.89648, 180.583, -262.767
5.09708, 31.4742, 348.528
2.76731, -347.473, 325.445
2.53849, 70.8529, 41.3563
4.58743, -306.26, -137.798
7.15218, 69.4701, 256.348
2.95982, 36.2926, 313.537
6.00595, -1.17413, 131.803
3.81226, 171.626, 298.763
4.14117, 124.751, -343.742
7.45519, 216.385, 171.247
7.41275, -316.009, -134.083
5.75759, 284.424, 122.816
6.92354, 146.004, -343.646
6.33247, -14.643, -131.018
3.87453, -234.51, -97.6256
4.93259, -254.443, -167.112
2.80282, 332.882, 315.922
5.08146, 26.3424, 364.571
4.96988, 349.283, -158.443
7.23882, -295.349, -140.84
4.42071, 59.3846, -341.855
5.14874, 380.579, -174.538
2.75042, 345.757, -59.2363
6.63909, 251.227, 122.819
5.94228, -417.855, -310.536
6.18112, 56.6869, 303.165
6.94286, 373.686, 178.18
4.25508, -157.212, -217.679
6.72991, 6.62958, -35.2244
3.84659, 331.035, -102.324
4.83959, 17.8561, -19.5757
3.2686, -336.748, -102.253
2.66527, 239.799, 203.202
7.2768, 65.9877, -20.7699
6.95369, 92.2251, 180.745
3.29884, 219.405, 161.351
3.15214, 183.321, -471.647
2.515, -135.685, -299.011
6.0491, -245.928, -130.762
3.40448, -180.837, 360.867
5.76029, 338.577, -74.1023
4.42907, 189.896, -289.987
3.23766, 50.3387, -37.9403
5.45054, 236.765, 134.775
3.24076, -86.3048, 281.538
3.2091, 92.017, 315.569
4.94257, -196.067, -17.8215
3.13015, 331.086, -68.2119
5.64635, -165.703, -203.705
5.60817, 169.712, -357.112
4.88216, -177.43, 292.663
2.64188, -252.839, -146.801
3.21011, -14.6634, 303.414
3.15594, -17.8261, 310.588
3.31099, -388.843, 334.528
3.76529, -134.881, -309.141
4.77654, 113.228, -324.204
6.54472, -34.9559, -86.0274
3.57624, 7.39779, 293.438
3.75063, 202.288, 154.879
5.02978, 36.8489, 310.028
