6.27803, -367.433, -497.749
3.5948, 33.2762, -45.2915
5.89648, 175.51, -444.5
5.09708, -97.2043, 440.89
2.76731, -462.708, 331.052
2.53849, 168.351, 30.6191
4.58743, -433.721, -114.325
7.15218, 87.7569, 188.962
2.95982, 23.576, 348.296
6.00595, -81.6543, 153.134
3.81226, 259.646, 407.075
4.14117, 228.657, -447.733
7.45519, 257.501, 133.1
7.41275, -256.383, -133.719
5.75759, 256.258, 228.923
6.92354, 138.769, -422.687
6.33247, -63.4208, -223.546
3.87453, -260.922, -24.0617
4.93259, -327.971, -140.149
2.80282, 406.922, 395.298
5.08146, 2.28548, 398.36
4.96988, 481.343, -180.46
7.23882, -405.862, -231.191
4.42071, 2.11588, -423.683
5.14874, 409.409, -215.312
2.75042, 458.493, -36.2183
6.63909, 264.773, 250.465
5.94228, -482.135, -372.66
6.18112, 127.873, 367.416
6.94286, 495.844, 223.994
4.25508, -187.597, -277.771
6.72991, 88.565, 12.9316
3.84659, 341.363, -87.7822
4.83959, 32.9895, -80.2871
3.2686, -320.993, -208.396
2.66527, 306.496, 78.5833
7.2768, 1.30382, 32.638
6.95369, 56.4145, 245.81
3.29884, 338.138, 113.776
3.15214, 212.692, -290.311
2.515, -223.07, -405.661
6.0491, -466.129, -89.5594
3.40448, -257.684, 435.739
5.76029, 389.25, -185.535
4.42907, 172.8, -357.62
3.23766, 1.41124, -109.276
5.45054, 338.696, 94.2041
3.24076, 54.2827, 448.954
3.2091, -91.2528, 467.807
4.94257, -246.193, 62.584
3.13015, 439.59, -35.776
5.64635, -183.572, -288.088
5.60817, 157.445, -372.922
4.88216, -250.018, 302.718
2.64188, -293.224, -117.963
3.21011, -72.2304, 404.357
3.15594, -106.645, 434.024
3.31099, -406.477, 383.901
3.76529, -134.259, -425.609
4.77654, 278.613, -363.902
6.54472, -45.6981, -149.786
3.57624, 148.727, 425.383
3.75063, 405.305, 178.064
5.02978, -24.6269, 364.441
