6.27803, -349.98, -459.247
3.5948, 20.9496, -9.36069
5.89648, 213.956, -326.01
5.09708, 17.5706, 356.064
2.76731, -410.889, 336.116
2.53849, 118.337, 42.8296
4.58743, -406.978, -108.516
7.15218, 68.5113, 243.884
2.95982, -47.4689, 392.014
6.00595, -39.61, 140.832
3.81226, 214.113, 349.872
4.14117, 159.752, -369.001
7.45519, 275.35, 134.892
7.41275, -288.572, -134.779
5.75759, 241.272, 174.678
6.92354, 132.816, -395.245
6.33247, -43.6893, -145.571
3.87453, -242.002, -59.4248
4.93259, -247.804, -178.111
2.80282, 367.533, 353.779
5.08146, 10.6051, 360.542
4.96988, 402.113, -190.894
7.23882, -343.44, -175.823
4.42071, 28.4181, -379.508
5.14874, 385.158, -164.947
2.75042, 387.257, -43.1837
6.63909, 242.563, 179.118
5.94228, -447.804, -339.123
6.18112, 109.105, 353.161
6.94286, 432.183, 199.476
4.25508, -177.746, -226.309
6.72991, 17.4036, -12.801
3.84659, 343.124, -87.5685
4.83959, 6.29921, -64.7455
3.2686, -319.532, -103.053
2.66527, 233.617, 149.581
7.2768, 67.2038, 0.152563
6.95369, 87.0133, 185.692
3.29884, 248.749, 133.677
3.15214, 203.131, -395.904
2.515, -180.782, -346.821
6.0491, -363.767, -136.193
3.40448, -216.598, 397.282
5.76029, 370.723, -145.328
4.42907, 200.603, -306.906
3.23766, 10.331, -48.6721
5.45054, 294.404, 151.662
3.24076, -27.1519, 343.402
3.2091, 9.62226, 374.337
4.94257, -218.424, 20.921
3.13015, 394.817, -43.0556
5.64635, -164.254, -258.592
5.60817, 155.845, -376.231
4.88216, -212.301, 296.981
2.64188, -283.126, -147.562
3.21011, -61.6046, 362.985
3.15594, -62.6936, 354.21
3.31099, -388.19, 350.797
3.76529, -130.063, -367.056
4.77654, 163.796, -362.543
6.54472, -32.7541, -146.845
3.57624, 62.9274, 317.246
3.75063, 328.413, 149.938
5.02978, 6.65762, 387.446
