6.27803, -329.502, -413.254
3.5948, -42.9522, -7.18277
5.89648, 172.213, -257.101
5.09708, 53.5016, 334.721
2.76731, -332.024, 318.072
2.53849, 53.1808, 36.5764
4.58743, -249.842, -149.149
7.15218, 66.7319, 265.261
2.95982, 46.8125, 283.44
6.00595, 13.6683, 128.883
3.81226, 154.143, 278.829
4.14117, 146.079, -334.156
7.45519, 202.14, 149.522
7.41275, -314.668, -132.855
5.75759, 276.849, 114.693
6.92354, 127.119, -327.442
6.33247, -12.4017, -118.631
3.87453, -235.258, -120.22
4.93259, -260.452, -139.305
2.80282, 319.439, 301.071
5.08146, 36.7377, 351.897
4.96988, 336.136, -150.612
7.23882, -282.761, -131.717
4.42071, 75.1945, -327.165
5.14874, 368.863, -166.565
2.75042, 316.303, -78.9361
6.63909, 264.461, 128.629
5.94228, -406.395, -299.778
6.18112, 25.8338, 281.338
6.94286, 350.473, 170.015
4.25508, -150.139, -210.949
6.72991, 3.01839, -20.1776
3.84659, 312.265, -95.9817
4.83959, 22.8716, -28.4643
3.2686, -330.074, -118.387
2.66527, 239.831, 222.065
7.2768, 59.6821, -35.1592
6.95369, 93.6843, 181.451
3.29884, 202.608, 174.101
3.15214, 174.655, -489.377
2.515, -134.867, -293.726
6.0491, -211.334, -128.74
3.40448, -167.14, 345.827
5.76029, 334.196, -49.3753
4.42907, 173.81, -273.062
3.23766, 58.74, -20.4135
5.45054, 204.114, 131.357
3.24076, -94.6044, 253.071
3.2091, 96.5623, 304.129
4.94257, -188.023, -33.2058
3.13015, 326.751, -88.0467
5.64635, -168.123, -185.02
5.60817, 171.687, -340.59
4.88216, -163.453, 291.241
2.64188, -263.666, -148.996
3.21011, 12.6972, 288.154
3.15594, 11.3455, 294.689
3.31099, -382.173, 331.104
3.76529, -126.981, -277.271
4.77654, 105.488, -309.775
6.54472, -25.749, -66.9769
3.57624, -4.82864, 302.046
3.75063, 177.136, 158.624
5.02978, 48.8307, 276.328
