6.27803, -362.123, -486.12
3.5948, 4.4052, -65.2171
5.89648, 169.352, -368.621
5.09708, -69.813, 414.349
2.76731, -448.285, 331.74
2.53849, 153.625, 35.0063
4.58743, -449.674, -95.1634
7.15218, 79.0286, 205.439
2.95982, -10.1481, 379.891
6.00595, -69.3086, 149.176
3.81226, 246.203, 390.125
4.14117, 174.848, -415.873
7.45519, 266.199, 134.474
7.41275, -287.455, -140.931
5.75759, 258.51, 247.044
6.92354, 165.23, -409.908
6.33247, -61.779, -203.245
3.87453, -254.389, -33.8597
4.93259, -278.361, -141.806
2.80282, 395.074, 382.985
5.08146, -15.5502, 361.277
4.96988, 450.986, -178.064
7.23882, -387.773, -216.78
4.42071, 9.48235, -410.323
5.14874, 381.353, -172.541
2.75042, 420.987, -37.0309
6.63909, 248.127, 204.326
5.94228, -471.779, -362.461
6.18112, 119.959, 365.986
6.94286, 476.966, 216.616
4.25508, -173.076, -290.087
6.72991, 73.6249, 11.0146
3.84659, 340.882, -87.0474
4.83959, 32.9599, -64.8171
3.2686, -315.59, -182.313
2.66527, 333.29, 119.983
7.2768, 17.041, 22.1804
6.95369, 68.5494, 227.542
3.29884, 300.318, 109.544
3.15214, 202.421, -307.53
2.515, -210.797, -388.177
6.0491, -419.618, -115.473
3.40448, -245.245, 424.426
5.76029, 408.055, -204.028
4.42907, 184.844, -416.04
3.23766, 13.7025, -82.3411
5.45054, 306.574, 99.2264
3.24076, 43.2555, 413.935
3.2091, -68.3337, 393.785
4.94257, -237.593, 50.3768
3.13015, 440.728, -37.6302
5.64635, -185.585, -258.514
5.60817, 159.464, -381.094
4.88216, -238.842, 300.917
2.64188, -279.862, -116.967
3.21011, -82.5161, 438.298
3.15594, -77.1978, 428.125
3.31099, -399.811, 374.634
3.76529, -132.41, -408.278
4.77654, 252.635, -359.538
6.54472, -36.6254, -146.559
3.57624, 130.787, 387.743
3.75063, 385.746, 170.036
5.02978, 10.8637, 378.85
