6.27803, -329.41, -411.084
3.5948, -9.51753, -62.3358
5.89648, 151.812, -262.163
5.09708, 40.9036, 311.018
2.76731, -327.69, 318.974
2.53849, 44.6058, 28.6062
4.58743, -274.553, -153.057
7.15218, 66.2137, 266.842
2.95982, -29.8714, 365.016
6.00595, 14.6746, 129.99
3.81226, 151.935, 278.1
4.14117, 170.392, -286.615
7.45519, 216.986, 163.02
7.41275, -284.527, -139.448
5.75759, 261.788, 166.651
6.92354, 200.99, -292.898
6.33247, -14.3974, -119.103
3.87453, -241.83, -112.258
4.93259, -287.766, -132.997
2.80282, 318.768, 300.484
5.08146, 26.3022, 300.472
4.96988, 338.181, -158.311
7.23882, -275.812, -143.394
4.42071, 78.707, -339.618
5.14874, 374.587, -172.908
2.75042, 327.899, -70.533
6.63909, 267.049, 124.472
5.94228, -393.888, -316.569
6.18112, 42.954, 310.153
6.94286, 349.476, 170.739
4.25508, -168.935, -218.733
6.72991, -10.1162, -59.9955
3.84659, 334.283, -103.637
4.83959, 23.7422, 14.5775
3.2686, -305.813, -120.957
2.66527, 241.067, 136.86
7.2768, 52.3053, -8.14607
6.95369, 93.4223, 180.933
3.29884, 247.166, 180.893
3.15214, 38.6438, -465.991
2.515, -150.899, -296.948
6.0491, -227.768, -160.714
3.40448, -167.801, 344.109
5.76029, 314.828, -79.1412
4.42907, 190.48, -298.926
3.23766, 51.8745, 19.8687
5.45054, 163.455, 137.71
3.24076, -34.3666, 299.009
3.2091, 95.7371, 366.895
4.94257, -190.112, -38.3526
3.13015, 316.752, -87.8237
5.64635, -183.915, -198.563
5.60817, 133.785, -347.294
4.88216, -166.528, 286.53
2.64188, -289.765, -90.0316
3.21011, -32.801, 206.228
3.15594, 111.684, 301.665
3.31099, -386.998, 328.292
3.76529, -138.392, -283.354
4.77654, 108.011, -383.315
6.54472, -22.6677, -63.3538
3.57624, -10.3564, 300.086
3.75063, 174.757, 133.621
5.02978, 69.3271, 282.185
