6.27803, -345.49, -448.678
3.5948, 29.198, -16.8856
5.89648, 219.523, -332.766
5.09708, 17.2206, 364.098
2.76731, -385.151, 340.279
2.53849, 103.161, 44.4212
4.58743, -388.933, -115.72
7.15218, 67.6246, 248.569
2.95982, -41.8017, 414.988
6.00595, -28.0291, 138.376
3.81226, 201.247, 334.359
4.14117, 170.534, -322.237
7.45519, 268.613, 174.824
7.41275, -283.916, -137.232
5.75759, 263.542, 139.252
6.92354, 174.315, -335.11
6.33247, -24.5973, -144.671
3.87453, -241.796, -67.4801
4.93259, -254.302, -180.718
2.80282, 357.241, 342.703
5.08146, 11.6773, 364.533
4.96988, 393.708, -188.144
7.23882, -328.487, -159.008
4.42071, 37.8021, -375.009
5.14874, 382.529, -172.635
2.75042, 365.62, -47.0441
6.63909, 230.613, 165.765
5.94228, -432.022, -340.247
6.18112, 101.667, 338.972
6.94286, 415.097, 193.361
4.25508, -184.802, -222.032
6.72991, 8.8405, -34.2044
3.84659, 344.439, -87.8211
4.83959, -1.68367, -50.5263
3.2686, -317.18, -94.476
2.66527, 211.123, 155.117
7.2768, 69.0796, 2.84838
6.95369, 88.9236, 183
3.29884, 245.006, 140.808
3.15214, 130.704, -426.355
2.515, -179.326, -336.991
6.0491, -336.559, -149.17
3.40448, -206.105, 385.774
5.76029, 360.271, -134.374
4.42907, 203.877, -332.092
3.23766, 11.7502, -17.2008
5.45054, 274.685, 147.006
3.24076, -34.1822, 321.609
3.2091, 70.3586, 390.756
4.94257, -212.437, 7.14948
3.13015, 385.708, -45.9221
5.64635, -171.499, -255.793
5.60817, 111.411, -377.408
4.88216, -204.039, 292.984
2.64188, -296.188, -157.81
3.21011, -79.0154, 281.753
3.15594, 12.5827, 361.267
3.31099, -395.103, 338.785
3.76529, -135.918, -353.304
4.77654, 145.695, -382.343
6.54472, -45.9072, -128.331
3.57624, 39.6396, 306.983
3.75063, 293.903, 143.335
5.02978, 9.71431, 342.47
