6.27803, -733.899, -978.511
3.5948, 49.257, -98.071
5.89648, 367.034, -897.571
5.09708, -256.221, 889.183
2.76731, -954.44, 646.018
2.53849, 349.65, 46.2551
4.58743, -831.972, -235.037
7.15218, 180.443, 385.535
2.95982, 44.822, 691.868
6.00595, -164.997, 314.496
3.81226, 536.19, 803.577
4.14117, 470.873, -893.2
7.45519, 501.33, 257.529
7.41275, -490.139, -254.622
5.75759, 497.889, 438.817
6.92354, 260.49, -841.597
6.33247, -120.864, -455.531
3.87453, -488.006, -62.5402
4.93259, -656.458, -280.925
2.80282, 816.294, 768.555
5.08146, -1.47256, 789.049
4.96988, 956.381, -365.519
7.23882, -805.984, -470.92
4.42071, -10.3551, -839.675
5.14874, 814.473, -457.942
2.75042, 866.298, -39.9676
6.63909, 552.538, 542.788
5.94228, -943.529, -738.501
6.18112, 258.59, 731.707
6.94286, 958.976, 441.688
4.25508, -357.885, -535.851
6.72991, 183.128, 24.808
3.84659, 660.221, -162.466
4.83959, 61.4198, -184.925
3.2686, -644.196, -451.28
2.66527, 634.354, 132.319
7.2768, -16.1112, 86.6312
6.95369, 112.234, 487.635
3.29884, 668.791, 241.753
3.15214, 427.337, -568.096
2.515, -455.205, -811.592
6.0491, -913.396, -175.155
3.40448, -496.979, 852.639
5.76029, 768.926, -352.947
4.42907, 373.966, -697.516
3.23766, -19.1216, -236.768
5.45054, 657.856, 167.16
3.24076, 147.09, 905.394
3.2091, -178.715, 953.769
4.94257, -486.161, 121.763
3.13015, 876.632, -53.8225
5.64635, -350.83, -588.89
5.60817, 295.474, -733.61
4.88216, -488.583, 590.667
2.64188, -541.419, -258.186
3.21011, -127.947, 797.24
3.15594, -184.752, 879.392
3.31099, -831.83, 754.84
3.76529, -265.372, -840.191
4.77654, 557.603, -750.715
6.54472, -92.1779, -297.166
3.57624, 300.297, 846.414
3.75063, 818.302, 370.49
5.02978, -59.8703, 717.404
6.27922, 630.727, 155.835
5.66369, 883.872, -59.9911
5.9449, 606.93, -123.283
7.27207, 958.982, 424.152
5.18713, -407.887, 721.943
4.57014, -775.894, 26.2704
4.70019, 753.278, 164.534
6.07821, 730.409, 456.346
6.20858, 397.945, 589.169
5.12494, 766.727, -953.505
6.06711, -855.845, -76.5505
5.91025, 329.578, -20.7834
6.82941, 828.129, -593.94
3.19597, 77.6823, 763.195
3.57766, 952.124, -105.903
5.0733, -353.589, -122.13
4.83766, -101.006, 731.678
3.55759, -256.911, 605.586
5.65244, -688.464, 967.453
2.5044, -959.38, 194.724
4.09589, 447.752, 538.175
5.90281, 370.691, -122.79
6.0446, 664.88, -581.38
2.90869, -802.548, 648.208
3.56926, 256.425, 499.102
4.44412, -825.91, -567.742
4.44927, 921.907, 912.555
3.92018, 378.38, -459.719
4.6123, 551.266, 541.81
2.55658, -631.43, -428.725
3.72027, 918.061, -619.115
4.49072, -710.7, 656.634
6.64177, -651.53, 199.67
3.78584, 970.166, -700.152
3.59705, -791.372, -525.141
6.47385, 384.459, 266.975
5.8476, 494.439, 389.544
5.49108, -883.999, 289.229
5.99917, -373.092, -533.642
5.13062, 532.773, -751.243
4.14833, 189.586, 109.468
3.30844, -717.031, 394.487
6.56633, 712.125, -25.3697
4.08004, 478.119, 118.24
4.05369, 45.4203, -741.715
4.65424, 29.0486, 146.258
4.46509, -244.237, -478.583
4.43916, -54.7251, -150.219
4.34871, -822.88, -449.244
5.88118, 341.732, -498.858
6.10384, 441.421, 28.844
7.20082, -73.335, 882.262
5.08573, -80.3602, -360.179
5.5282, -189.379, 323.796
5.85049, -686.194, 984.825
5.11404, 73.3036, -299.789
3.87105, -929.685, 627.022
7.08924, 101.261, 283.045
3.73367, 918.577, -448.537
4.77876, 374.898, 671.673
3.30374, -943.796, 648.335
4.68319, 406.571, 395.666
7.45767, 481.757, 184.999
6.26931, -434.158, 389.737
4.97846, -969.991, -649.406
7.01651, -654.353, -820.69
4.68213, 490.447, 550.689
5.09239, 164.924, -968.887
4.44866, 88.8533, -848.132
5.63431, -210.088, -568.66
5.19331, 404.974, 319.047
4.35955, 635.456, -435.168
2.54674, -367.647, 364.406
6.3794, 38.6243, -777.784
2.85317, -881.299, -566.675
3.98511, 437.836, -680.399
4.78581, -44.2887, -875.785
3.25156, -112.784, 37.039
5.97819, 667.726, -433.988
4.15587, 372.539, 151.78
5.21197, 962.398, -868.746
2.64678, 728.319, -952.078
5.38086, -7.64594, -242.591
5.18133, 359.978, 470.787
7.36678, -767.953, -921.035
5.57063, -306.448, -605.537
5.26431, -732.241, 205.498
6.69051, -266.829, 882.481
3.75764, -513.164, 913.279
6.98957, 603.448, -131.701
5.97428, 501.166, -492.184
5.82752, -474.397, -92.3749
3.06838, -584.705, -789.359
3.37987, -963.34, 97.5246
2.91253, -137.561, 183.887
6.68103, -239.581, 362.153
2.64818, 926.605, -751.407
6.34719, -16.3116, -831.147
4.29829, -513.468, 862.371
6.24626, 15.7092, 519.365
6.28385, 360.065, 336.549
3.60834, -534.166, -910.167
5.58305, 305.456, 141.506
3.66846, -551.625, -242.425
6.22052, -674.06, 295.415
5.80997, -895.831, -679.984
4.9209, 930.36, -764.154
2.58972, 830.142, 226.161
4.98291, 447.103, 193.767
5.09587, -91.5714, -870.516
4.71395, -856.519, 531.698
4.14528, -50.3441, 933.183
3.52671, 480.249, -104.405
7.19863, -233.562, -634.225
2.85168, -489.417, 916.836
3.30042, 48.6544, -724.904
6.70788, -772.914, 31.9376
4.13614, -165.351, -273.48
6.85942, 170.661, 429.581
5.99896, 665.593, 514.19
5.52801, 864.939, -214.944
4.77536, 77.2553, -233.82
2.91543, -490.323, -212.453
3.94883, -42.3901, -126.366
6.51009, -584.049, -778.652
6.81821, 346.83, 45.0777
3.81831, 415.739, -506.438
4.79881, -834.25, -236.542
4.95672, 609.186, -523.197
5.82344, -465.545, -975.534
7.31738, -627.031, -170.965
7.23022, 578.906, -750.963
2.81902, 221.018, -651.538
5.04829, -442.99, -289.463
6.13222, 664.147, 671.65
5.65882, 589.336, -332.221
3.26658, -909.767, -907.193
5.09652, -862.5, 521.02
3.52281, -548.505, 843.657
6.03231, 402.687, -819.012
6.05786, -463.51, -38.134
3.66304, -559.861, -233.289
6.80594, -50.7168, -130.439
2.67122, -104.274, 936.658
6.26587, -932.424, 68.6189
4.14789, 636.804, 165.526
4.65309, 65.274, -526.44
7.33455, 946.431, -197.828
4.05803, 738.962, 684.662
5.69762, 958.861, -689.277
5.95386, 884.432, -60.5224
5.36403, 57.4448, 621.793
6.60667, 902.178, -698.334
4.21807, -890.764, -674.262
5.09387, -830.971, -754.134
6.78438, 120.612, -937.636
6.18587, 330.753, 60.4586
3.45992, -895.657, 369.83
2.83145, -307.651, 334.987
3.60828, 842.984, -707.529
3.33656, 164.829, -217.527
6.31172, 374.453, -911.377
5.44905, -837.341, 413.129
4.65223, 866.597, 862.989
7.09618, 653.492, 12.6231
5.09668, 444.789, 183.481
7.38058, -684.455, -29.6955
5.15714, -451.464, 141.237
2.98716, 335.139, 377.564
5.83983, 201.335, 98.8968
5.44444, 144.012, -19.0521
5.01137, -684.321, -119.71
2.75808, -918.121, 449.565
2.6753, -345.279, 37.091
4.41484, -797.154, -530.388
5.55555, 186.499, 100.669
5.06574, 547.124, 860.581
5.98498, 312.286, -24.9383
4.89891, -20.4419, -188.418
3.88323, 66.7616, 425.847
6.01685, -437.204, 203.586
3.67701, 870.403, 43.7047
6.41501, 158.455, -182.239
6.60589, 352.693, 824.712
3.21842, -519.675, 48.1889
5.75757, -487.176, 803.428
3.87677, 862.271, -971.918
7.26215, -394.039, 710.211
4.58238, -744.231, 15.6276
3.03869, -125.594, 397.658
4.70633, -791.104, 529.306
6.28811, -406.487, -298.921
2.77803, -339.26, -309.772
3.51241, -22.8587, 139.654
6.82305, 924.79, -757.881
6.52456, -256.974, 9.74266
2.78861, -674.229, -664.14
4.40304, -70.0347, -708.78
4.56124, -126.183, 754.703
2.80071, -375.4, 302.376
7.09746, 808.976, 656.686
3.35398, 530.448, 818.014
6.51634, -926.32, 183.551
3.88599, 729.952, 51.1399
4.44586, 169.313, 736.543
7.19936, 65.9601, 623.038
6.24573, 179.17, -189.354
3.44774, -329.261, 754.248
6.89581, 430.228, 481.35
6.8953, 409.07, -836.462
3.30515, -798.6, -263.337
5.87346, -797.009, -162.738
6.89096, 631.131, 134.06
6.98262, 239.228, 512.694
3.06535, -18.2087, 747.411
5.93789, -234.883, -243.113
3.21651, -805.076, -762.047
3.6901, 410.284, -44.75
5.64383, 927.467, -223.856
4.312, 817.844, 369.473
4.64437, 585.106, 719.749
4.91936, -9.32874, -837.97
6.20379, -3.22056, -114.303
3.23098, -362.295, 866.105
7.36238, -818.719, -762.355
7.3158, -508.948, -190.894
3.14741, -592.849, 658.445
5.3784, -303.833, -607.524
4.66439, 167.357, -135.058
5.50066, -228.85, -226.746
5.85098, -686.409, -98.5797
4.5137, 397.769, 977.993
6.46691, 644.691, 681.619
4.89889, -962.105, -247.956
5.72449, 309.982, 280.999
4.28836, -253.403, 604.738
5.96794, -327.087, -219.278
5.83428, -416.043, -684.828
3.22071, -418.262, 711.233
7.10415, -946.991, 209.234
4.22228, 29.7776, -240.349
6.66824, -405.164, -464.949
2.74349, 277.068, -735.417
3.27936, -243.391, -66.4287
2.55765, 328.946, 499.53
3.94327, 118.002, 585.518
5.07295, -346.718, -168.446
3.65948, 678.085, 435.714
2.75022, -246.943, -76.7647
5.33091, -597.84, -826.709
6.69774, -148.931, 658.58
4.28763, -646.659, -449.996
4.3452, 174.928, 856.529
7.22226, 258.304, -71.5978
4.72425, -888.198, -172.62
6.82086, 486.786, 163.979
5.82654, -783.776, -730.49
5.79297, 176.169, 661.4
7.10736, -952.745, 954.603
5.11536, 956.618, -625.543
5.45229, 438.725, -441.105
5.79944, 666.115, 649.478
4.24765, 271.855, 464.241
4.11714, 341.367, 36.9905
7.08984, -111.146, 730.064
3.08619, 909.927, -441.067
7.31268, 649.576, -154.77
5.17978, 52.6248, -318.264
5.81447, 834.69, 629.597
5.48362, 903.331, -498.551
6.93363, -506.757, -737.717
6.67999, -650.803, -608.952
6.69339, 247.859, 198.039
6.85642, -199.443, 327.372
2.5002, -769.13, 331.531
4.77274, 262.998, 344.392
4.25696, -924.414, 182.782
5.80713, -256.255, 703.87
6.22234, -874.319, 153.313
3.3821, -131.614, -472.943
7.4621, 794.919, -799.634
5.95466, -922.1, 172.067
6.97862, 144.857, -17.5081
3.51579, 361.4, -139.657
7.2356, -470.044, -29.5582
4.88476, 871.562, -498.048
6.78578, 920.032, -746.754
6.41237, -957.319, -557.683
5.70687, 902.648, -900.187
3.14521, -718.513, 154.55
5.77944, 6.21087, 653.172
3.09199, 54.2574, 6.13011
3.88793, 326.244, 795.757
6.65548, -225.594, -234.385
6.14153, -747.14, -510.939
6.74348, -599.512, 294.37
3.43989, -749.244, -901.434
6.09602, 554.062, -285.66
4.25586, 145.606, 324.585
3.34555, -418.399, -703.977
4.52383, 322.152, -522.154
4.20924, 161.157, 761.091
6.67141, 357.846, -137.368
3.9111, 697.714, 585.221
5.16766, -657.321, -470.449
6.25085, 976.842, -849.445
4.62554, -690.579, -751.062
4.66964, -552.711, 557.1
3.03022, 853.549, -925.582
6.4639, -56.763, -462.955
3.91232, -579.817, -476.815
7.14264, -577.378, -233.796
5.37926, 256.076, 524.186
3.4895, 831.94, -299.571
5.99081, 570.928, -740.206
3.07265, 492.525, -941.247
4.22945, 285.424, 770.248
4.15646, -583.313, -230.843
6.42735, 827.103, -950.986
6.65775, 458.285, -211.7
4.21712, -735.646, 752.129
4.2603, -274.314, 912.914
6.38197, 148.282, -797.065
6.58658, -8.68079, 686.258
4.26157, -137.545, 285.673
7.09559, -414.622, -296.049
3.2877, 516.946, 253.77
5.56029, -484.667, 568.229
5.54222, -418.209, 711.203
3.16647, -248.407, -734.766
3.51409, -735.432, -485.633
4.79457, -851.914, 503.857
3.48759, -507.47, 920.471
6.77118, -851.187, 383.205
6.54562, -762.364, -678.547
2.80131, -896.432, 875.066
6.50584, -720.411, 637.195
5.49597, -186.272, -536.283
7.43182, -883.953, 281.279
2.65919, -154.187, 649.933
6.8356, 925.676, -755.594
3.69109, 655.888, 328.36
3.6127, 155.285, 430.924
4.73907, -946.614, -562.388
2.61231, 857.758, -178.994
6.79755, -265.035, 2.04519
4.15902, 221.442, 573.281
5.72195, 301.089, 271.917
7.43521, -933.102, -488.604
5.30162, 284.582, -580.105
4.74553, -756.07, -246.768
5.213, 150.834, -727.096
2.90797, 774.594, -33.6402
3.99606, -819.875, -268.239
6.63964, 805.642, 647.787
6.48936, 620.518, 920.633
5.71048, -106.671, 680.534
4.84105, 626.719, 379.248
7.15326, -209.814, -593.475
5.08798, -247.67, -58.0036
7.42924, 792.635, -509.836
5.94567, -67.0082, -704.87
6.19966, -175.233, -467.298
3.46323, -394.619, -920.842
6.08881, -459.047, 612.619
6.11146, 570.079, -172.431
6.49298, 269.974, 152.041
4.23216, 253.995, -983.412
5.1481, -17.2287, -76.7991
3.19001, 720.079, -346.114
6.73218, -231.944, -247.361
6.32766, -72.2432, -871.113
7.5, 923.164, -438.702
4.24891, 472.244, 971.047
5.50367, -600.547, 577.689
3.50808, -494.137, 77.2795
6.2385, 36.7281, 163.746
6.49225, 960.931, 217.417
3.03505, -702.676, 107.975
5.35813, -507.566, 46.6043
2.84683, 367.025, -355.172
4.16036, 712.257, 688.139
5.80945, 479.935, -702.595
5.27726, 165.023, -175.16
7.12415, 228.543, -11.3344
2.69832, -478.478, 220.023
2.62083, -304.361, 233.306
4.61923, 219.368, -651.633
4.36987, 464.118, 126.802
2.93303, -222.338, -232.404
3.05403, -155.206, 168.868
5.31992, 358.351, -338.147
7.37269, 47.9933, 734.326
3.05066, -50.8968, -866.902
5.99352, 99.2726, 965.329
2.79674, -53.0919, -727.071
4.69755, 833.174, -100.142
5.24651, 981.036, 711.136
3.45129, 684.93, -744.178
7.36597, 322.462, 320.08
3.19593, -669.555, -63.6532
5.48978, 909.505, -424.22
7.12812, -866.14, 702.879
3.91116, -68.6374, 886.115
6.8307, -163.174, -91.5027
6.29598, -207.988, -592.391
6.10793, 357.845, 608.361
3.34241, -362.509, 361.378
3.32882, 801.07, 359.832
3.39076, -647.501, -976.259
5.87226, 329.667, -593.242
4.83484, -339.312, 29.0639
6.85219, -802.277, -357.201
5.76023, -687.441, -126.51
5.80464, 748.247, 865.243
2.58037, -645.961, -606.011
4.30596, -765.176, -671.368
3.72747, 913.512, 98.6966
6.93086, -922.554, -938.135
5.23701, 821.121, 784.613
6.57209, -36.064, -630.67
5.24453, 165.543, 862.077
4.16156, 504.161, -48.7595
4.40213, 15.8419, -652.758
2.52389, 919.901, 645.993
6.95226, -88.5557, -398.003
6.16955, -487.274, 679.566
6.04239, -157.176, 645.823
5.1278, 76.5636, -176.054
6.41065, -184.115, -805.07
3.42484, -398.464, -469.403
5.72673, 263.726, 503.633
3.42178, -676.935, -328.272
3.31214, 48.6045, -104.985
2.65594, -182.267, 844.781
7.42716, 131.978, -667.647
4.04559, -325.587, -705.253
4.11075, -677.957, -305.608
5.51155, 288.558, -219.226
2.89107, -327.72, -912.557
3.93936, -4.02267, 70.7197
5.79307, -137.902, -493.518
7.36348, -973.118, -350.782
7.27758, -362.744, -785.23
7.42745, -666.594, -301.374
7.30478, -900.346, -741.175
3.0073, -556.159, 545.535
3.71505, -140.566, -490.71
6.91151, 103.742, -424.7
5.28805, 338.889, 686.595
6.7669, 796.688, 518.258
7.49145, -529.312, 532.565
3.99751, -238.174, -475.481
6.33157, 952.78, 467.311
4.81901, 291.516, -152.114
6.8168, -637.182, -781.49
6.99018, 853.157, -5.8331
7.377, 256.585, -409.744
2.77405, 637.325, 113.535
6.32605, 921.798, -623.986
5.09219, -924.237, 737.211
3.46574, 921.319, -222.947
6.98252, 211.319, -551.428
6.38492, -842.958, 94.9962
2.75968, 410.555, 536.298
7.47331, -835.785, 755.758
5.93659, -22.7734, -453.325
5.94854, 881.279, 496.169
6.57666, -652.646, 802.937
7.05426, -43.3602, -458.707
3.34218, -201.41, 391.482
5.24183, -583.694, 798.812
6.53351, -503.658, -265.128
4.17803, 339.096, -542.177
5.53435, -103.193, 26.2832
6.59602, -929.98, 333.984
7.3485, 76.3606, -250.934
6.29349, 573.727, 496.913
3.72113, -144.556, -91.8507
5.80589, -571.339, 397.064
4.21574, -454.232, -191.834
7.27146, 371.382, -391.574
2.60828, 798.004, 551.781
4.54979, -888.337, 936.691
2.55789, 581.773, -674.294
3.04964, 844.193, 204.74
5.28259, -821.253, 100.31
4.45466, -12.7253, -223.267
7.20539, 116.69, -183.131
2.55572, 179.485, 369.117
6.22897, -211.357, -443.876
3.84293, 113.662, 120.275
4.27153, -665.04, -754.137
3.45835, -443.983, 626.68
5.14832, 291.9, -158.466
4.39478, -47.4338, -873.167
3.16407, -8.6562, -808.798
4.26563, -138.417, -551.275
4.2497, 781.204, 974.215
7.41084, 630.733, -140.347
5.25961, 150.943, -364.707
4.99918, 22.9456, -724.856
3.58531, -833.206, 443.142
4.37311, -253.642, -639.928
6.78251, -658.674, -461.094
6.45578, 795.467, -531.478
3.9204, -494.722, 919.413
5.07645, 435.868, 108.057
6.79238, -277.908, -7.42485
7.07844, -927.394, -177.697
7.48941, 128.136, 901.119
6.53177, 163.113, -174.989
5.22718, -901.032, -169.696
7.3461, 159.234, -716.135
5.31931, -582.882, 362.795
4.03031, -432.653, 645.94
5.41853, 945.932, 934.61
2.91197, 61.3805, -317.101
5.47382, 352.227, 613.546
3.31968, -593.941, -590.388
6.46527, -624.946, -430.381
2.95373, 587.794, 714.596
6.3072, -501.341, -679.013
6.83996, -253.202, 23.4025
6.40105, 182.232, -333.434
6.61399, 908.435, 948.333
6.70974, 370.715, 548.809
4.48328, 486.995, 256.096
6.508, -155.296, 168.808
6.56811, 375.925, -41.87
5.43493, -406.708, 97.5735
4.64621, 787.491, -42.0583
2.5002, -38.1107, -442.999
5.31153, -809.254, 320.497
6.22632, 346.746, 338.4
3.89846, 946.716, 289.767
2.93406, -970.172, 562.076
3.5733, 853.301, -875.757
3.93296, -490.594, 570.662
4.86595, -392.204, 464.909
6.95893, 840.95, 819.421
5.91955, 517.99, -503.274
3.54376, -38.9986, -79.812
6.67533, 786.576, 6.86004
7.09218, 908.177, 898.413
4.48244, -480.135, -692.47
6.37858, 542.679, 523.351
5.68161, -147.699, -92.3084
6.64746, 482.037, 275.604
3.40204, 546.29, -473.262
7.45927, 571.7, -726.61
6.70558, -154.495, -837.357
4.65177, 880.591, 259.818
4.38589, 595.085, 877.494
2.70802, 643.167, -501.5
6.80715, -774.116, -516.133
6.62116, 910.02, -891.85
6.25052, 23.4111, 729.89
3.55801, -166.268, 973.591
4.31029, -780.526, -189.217
4.43545, -578.736, -773.203
7.32918, 793.298, 635.84
6.5872, -148.906, 659.128
4.5755, -78.4529, 445.546
5.83759, 190.422, 168.524
2.52101, 477.411, 964.386
6.98048, -731.236, 235.968
3.68416, -345.787, 353.196
3.79415, 348.956, -88.8212
5.4939, 399.328, -708.772
6.89823, -826.766, 363.734
6.16299, -559.134, -582.585
6.0773, 894.178, 567.601
3.57724, -600.95, 481.871
6.30413, 681.016, -951.475
3.85351, -168.91, -544.346
2.75246, 657.079, 337.157
4.78866, 280.379, 248.424
2.58759, 440.128, -767.015
3.01129, 62.0256, -189.891
2.639, -137.288, 285.007
5.65921, -347.362, -521.132
6.34425, 78.0393, -253.14
2.74132, 527.775, -831.262
6.6924, -44.3066, -631.926
6.76899, -260.62, -297.294
6.57649, -459.864, 578.834
6.85188, 791.063, 398.349
5.27222, -622.177, -149.704
6.12646, -280.911, 42.527
3.20424, -507.172, 909.841
6.6115, 586.991, -519.05
5.51185, 721.37, -193.454
4.93856, 500.232, -908.726
6.14942, -280.897, 925.363
4.05164, 756.541, -664.862
3.93925, -700.275, 346.706
5.45857, -934.854, 788.197
5.34055, 630.657, 854.831
5.41059, -923.377, -568.58
2.84132, -684.746, 284.258
4.34304, 144.628, -379.489
6.28475, -932.552, -564.901
6.35297, -450.056, -860.934
4.27217, -393.293, -258.529
5.98913, 232.599, 920.06
5.08005, -662.789, -288.779
5.94494, 379.084, 141.171
6.18066, -81.2657, 618.745
2.56231, -338.377, -666.897
7.16549, 636.898, -137.27
5.37826, 121.367, 121.942
3.05587, 485.609, 979.458
4.87388, -94.0918, 33.7931
3.24247, 216.262, 102.141
4.22594, 49.8527, 438.598
7.04476, -917.933, 154.692
4.54571, 5.58142, 532.995
5.96642, -677.149, -62.1256
3.35865, 374.481, -927.581
6.21715, 873.701, -502.599
4.16319, -424.235, 656.278
4.62157, 652.426, 316.493
2.79523, -145.368, -93.2555
5.09005, 281.833, -227.738
5.94425, 467.269, -576.169
5.01149, -264.943, -4.60764
6.56617, -171.764, -744.243
3.07974, 86.6913, -924.937
5.24841, 290.332, 458.632
5.06046, 396.258, 19.8304
6.02649, 969.208, 448.492
5.65083, -240.429, 870.446
4.0207, -32.7, -652.765
6.74719, 400.526, 359.774
3.39619, 621.077, -29.4621
2.61737, -521.327, -99.2801
4.19467, 713.069, 44.4938
3.43818, 356.637, -105.587
6.60467, -291.199, 165.251
6.72507, -900.943, -180.197
6.78031, 845.763, -710.331
7.37454, -942.617, 647.443
2.99587, 456.769, -445.079
2.56182, 565.369, 649.069
2.58614, 213.646, 581.075
2.64527, 242.564, 100.005
4.1031, 149.371, -374.752
6.17815, 621.748, 298.711
3.14876, 354.07, 472.585
2.5161, -370.872, 499.792
6.91905, 142.23, -789.342
3.70482, 224.492, -562.082
4.38481, -817.649, 762.89
4.44879, 643.388, 173.483
2.81534, 599.23, 291.471
7.30792, 186.977, 932.052
3.75349, 719.442, -347.945
6.85376, -681.093, -79.8082
2.85991, -907.849, 411.701
2.70653, -608.695, 563.342
3.46378, 344.111, -519.774
3.86708, -306.196, 303.372
7.4007, -945.585, -362.824
3.60607, 328.389, -539.954
6.43119, -871.513, 847.567
4.42306, 291.609, -416.851
3.78593, 472.506, -633.069
3.91087, -921.283, 51.7817
7.33834, 867.164, -53.7662
4.22841, 743.613, 157.206
3.45922, -966.79, 733.374
5.05037, -547.038, -374.995
5.21857, -550.515, 625.942
5.72333, -669.793, -591.097
3.89738, 4.73338, 791.406
3.41887, -298.037, -707.568
2.71579, -824.288, 366.725
3.98408, -487.201, -249.574
4.25548, -230.664, 137.172
7.09372, -421.076, 693.738
5.81225, 489.83, -354.028
5.08041, 866.425, 572.532
4.03763, 603.693, 576.826
3.0007, -345.213, 150.986
3.47502, 375.244, -878.86
4.11407, 29.747, -119.004
5.56182, 944.272, 88.4097
5.13511, 952.407, -973.143
3.45653, 273.967, 275.703
4.7178, -620.482, -433.238
4.48693, -696.83, 839.186
6.28051, -600.701, 744.657
6.6213, 732.522, 602.629
5.51573, 145.24, -351.439
3.04573, 601.4, -814.993
4.11797, 480.663, -164.984
5.03403, 12.9092, 314.473
4.76521, -668.265, 805.581
4.77315, -177.399, -445.696
4.91125, 931.953, 911.624
5.07896, 366.223, -649.78
4.50207, 196.33, 815.661
4.22945, 973.391, 472.057
6.64533, 927.642, -223.684
3.02204, -721.487, -784.03
6.40057, 570.738, 552.545
3.19919, -295.585, -236.939
2.62171, -791.797, -533.841
6.0664, 402.292, -735.285
7.15538, 139.212, -818.916
7.47667, 204.818, 175.037
3.86264, -883.585, 154.038
3.6923, -506.585, -253.349
3.87328, 947.278, 615.409
5.70836, -898.813, -729.897
5.17637, 304.882, 138.402
6.8967, 812.575, -292.131
6.75968, -662.008, -819.098
2.98004, 874.183, -64.0799
4.66818, -730.338, 228.479
3.17045, -196.021, -747.828
5.86802, -175.157, 306.859
5.34964, -40.6359, -450.829
3.66474, -596.185, 580.706
5.50306, 262.508, -679.683
2.6551, -789.589, -23.5773
7.08512, 561.285, -303.427
3.82958, 856.297, -175.776
6.50016, -177.919, -513.497
5.46389, 138.069, -732.972
5.0822, 334.512, 625.106
5.2567, 339.5, 622.343
3.47225, 479.975, -240.712
5.36152, 144.414, -731.213
3.81992, 203.214, 396.9
4.41648, -768.483, 536.303
2.73626, -766.231, -895.936
4.22823, 580.02, -673.145
3.61594, 648.829, -425.134
3.81264, 15.733, -713.444
3.05141, -424.254, -409.793
7.40088, -700.564, 10.3615
5.93794, 785.286, 631.187
5.82158, -547.104, -374.892
5.99501, -595.732, -668.846
2.68746, -815.14, -761.548
3.6706, -634.365, -747.719
3.95397, 735.679, 687.327
3.50543, 1.31623, -232.951
2.7177, 335.513, 337.353
2.56571, -535.004, 535.955
6.07297, -518.863, 764.91
6.88348, -859.693, -610.156
5.35088, -884.781, 296.281
6.92743, 857.453, 845.137
5.20042, -359.53, -276.172
3.31357, 926.609, -634.113
3.30492, 950.753, 442.509
7.19182, 302.69, 268.808
3.45628, 545.005, -838.095
3.15761, 5.06169, -102.119
4.41122, -282.498, -12.1392
6.12674, 261.774, -249.333
2.50651, 547.25, 859.016
4.60222, 14.1993, 726.261
5.18984, 284.163, -223.825
4.86596, -235.805, 243.63
6.33003, 541.228, 866.479
2.9396, 553.435, -455.925
7.04284, 147.604, 322.767
3.20818, -847.74, -404.929
2.54782, 403.726, -43.7528
2.82267, 255.719, 528.325
4.96742, 379.11, 221.334
5.40914, 523.216, 965.388
4.03373, -936.974, 542.506
4.57091, 881.36, -54.2518
4.33401, -584.058, -676.922
3.42687, 158.248, 659.07
2.76788, 610.934, 165.331
4.47222, 531.12, -63.5402
3.98388, -346.325, -132.725
5.05388, -393.549, 815.099
3.75392, -714.05, 226.47
5.01589, 940.86, 893.034
2.51168, 3.54584, 773.815
7.01807, 976.336, -445.8
2.79181, -913.614, -935.992
5.17506, -650.949, 805.812
3.95754, -386.598, 858.434
7.3023, -794.683, -261.467
4.73406, 327.198, -108.229
5.08479, 879.765, 170.949
5.93861, -247.272, 28.3868
2.72187, -159.915, 69.483
7.2946, -791.39, 602.045
5.70852, 364.673, 147.71
2.80215, 613.518, -768.784
3.33964, 57.2635, 266.143
5.76491, 492.102, -233.433
6.19864, -769.779, 336.182
3.57011, 850.097, 208.539
4.31441, 150.418, -850.156
6.56981, -646.294, 925.594
5.32057, 808.97, -467.999
7.45886, -48.1297, -868.664
6.5669, -762.843, 386.653
3.49157, -979.818, -21.2631
2.50003, -137.241, -825.473
4.62608, 913.122, -744.88
4.07406, 854.902, 215.515
5.56218, 604.113, -923.152
3.83351, -194.956, -538.408
4.39881, -593.194, -65.6038
5.43397, 941.813, 294.026
5.95636, -133.838, -484.607
7.26736, -448.988, -564.865
4.89785, -293.886, -940.016
3.60319, 390.317, -710.353
5.33741, -712.27, -457.282
6.09873, 408.948, 359.146
4.4953, -487.737, 562.898
3.48326, -686.548, 962.598
6.66971, -661.696, -757.159
5.59561, -448.835, -864.281
7.26866, -281.744, 186.671
3.23222, -13.2073, -251.439
5.38953, 31.9754, -453.549
7.26796, -396.709, 710.53
3.62331, 715.508, -975.736
7.25137, -494.243, 791.502
3.07874, 792.53, -511.917
2.58372, 28.7702, -234.504
3.90465, -346.838, -167.742
7.15042, 624.935, 176.938
3.04796, 766.076, 874.166
6.77266, 20.0146, 807.56
5.68532, -718.552, -726.085
5.63853, 397.728, -706.356
3.80589, 724.663, 723.773
5.13936, -961.074, 212.481
7.16608, -257.981, 889.177
3.98055, 912.397, 117.04
4.78006, 166.622, 423.714
6.35659, -662.85, -608.373
4.17193, 136.524, 122.503
6.31775, -40.5506, -912.637
6.65892, -31.0769, 937.173
2.64618, -723.989, 565.167
4.31315, 708.882, -264.545
4.16221, 265.402, 469.244
3.17675, -508.049, -276.97
3.00839, -302.095, 621.22
5.11327, -603.693, 801.643
3.52046, 30.7611, -524.815
5.00728, -865.323, -608.806
5.1371, -11.6454, 965.977
4.13422, -259.191, -299.979
4.75888, 229.024, -433.499
6.85263, -8.28321, 948.308
4.72884, 636.205, 859.449
6.03726, -455.875, -899.161
6.83171, 893.47, -690.966
6.5822, 839.922, 201.362
2.67504, 873.448, 843.402
3.8644, -643.268, -241.429
5.21858, -419.15, -429.093
3.19942, -935.951, -554.833
5.57408, -761.468, -911.558
3.29182, -640.52, -611.877
4.41129, 102.005, 219.006
5.94997, -95.4748, 187.32
3.21128, -402.922, 473.759
5.65284, -783.251, 781.007
3.15973, 179.798, 940
7.13583, -735.347, 242.526
5.53465, -934.699, 786.5
5.50388, -923.366, 375.071
3.33635, 585.528, -523.754
3.301, -863.346, -396.488
5.91628, 606.049, -24.0673
5.1456, -695.543, -8.67532
3.65264, -139.167, 781.704
6.55373, -504.943, -54.0318
5.76477, -416.738, -554.733
4.08597, -578.935, -590.896
2.53953, -258.43, -806.614
3.49176, 723.954, 723.856
3.78831, -3.09488, 379.049
3.03825, 868.791, 42.81
3.49545, 121.21, -419.962
6.75079, 803.712, -768.39
6.63912, -955.067, 214.527
6.76813, -963.619, -546.574
5.71027, 298.472, 777.781
3.6787, 714.54, -982.688
6.80638, -502.963, -797.424
5.4745, 33.976, -112.121
2.52745, 502.018, -46.5574
6.84925, -660.121, -469.878
7.37729, 645.706, 97.8508
5.59653, 372.34, 18.39
3.85574, -915.962, 365.232
7.46973, -167.105, -618.672
4.60751, -710.836, -521.124
4.20537, -789.987, -611.172
4.80717, 372.891, -123.82
4.44822, 259.077, -386.771
4.613, -41.6134, 513.285
2.84879, 128.49, 294.707
5.5153, -44.3428, -117.443
7.36114, -49.9665, 224.416
5.07406, -699.887, -524.167
7.45461, 941.488, -134.839
5.84906, 610.461, -129.615
4.01716, -603.492, 66.8119
3.47371, 856.01, 584.887
4.0109, -716.67, -922.787
4.93946, -337.836, 457.936
4.72438, 527.787, 976.511
5.7844, 324.729, -925.672
3.74227, -765.433, -673.349
4.72007, 53.2261, 551.697
5.75894, -693.45, 38.0441
6.67472, -720.415, 198.311
6.03698, 191.551, 809.302
4.93928, -859.641, -629.2
6.72039, 396.188, -231.54
7.00296, -513.311, -195.495
6.33082, -656.37, -515.397
5.29453, 640.851, 867.299
2.70603, -3.57196, 69.2153
5.46749, 559.891, 68.7077
2.68674, -664.028, 807.959
4.53488, 38.2672, 437.045
2.84243, -964.022, -875.881
7.38558, -761.76, -886.466
2.5956, -504.671, -245.99
6.60363, -156.537, -263.679
5.2195, -388.051, 854.827
5.72828, 781.848, -334.832
3.62934, -248.354, 19.6444
2.733, 850.008, -715.572
3.63154, 199.47, -540.681
4.58371, -633.834, 133.244
6.40126, 262.558, -625.45
3.72852, -927.337, 380.866
4.81411, 632.051, 118.401
6.14756, 927.278, 288.645
5.35237, -332.491, 808.467
5.45997, 913.436, 910.159
4.98425, -923.365, 278.048
3.951, 460.387, 131.782
4.71107, -15.9054, -235.614
2.53669, 846.8, -399.291
7.41683, 502.362, -358.902
2.52822, -791.242, -179.039
4.8676, -118, 749.116
5.86497, -314.398, -124.39
