6.27803, -719.545, -767.375
3.5948, 5.89952, -189.807
5.89648, 363.203, -790.396
5.09708, -241.192, 800.272
2.76731, -898.304, 652.317
2.53849, 317.2, 12.9487
4.58743, -731.964, -194.757
7.15218, 172.2, 359.418
2.95982, 10.3163, 639.198
6.00595, -171.013, 239.824
3.81226, 601.736, 778.324
4.14117, 462.794, -804.125
7.45519, 374.7, 182.727
7.41275, -521.249, -273.445
5.75759, 416.774, 374.941
6.92354, 240.345, -740.516
6.33247, -198.826, -513.44
3.87453, -516.966, -95.392
4.93259, -604.787, -282.769
2.80282, 784.593, 778.562
5.08146, -34.0814, 676.098
4.96988, 823.382, -414.605
7.23882, -659.108, -498.013
4.42071, -58.749, -725.464
5.14874, 815.303, -480.405
2.75042, 727.434, 8.79881
6.63909, 492.083, 491.171
5.94228, -742.855, -631.114
6.18112, 285.638, 712.433
6.94286, 855.688, 447.429
4.25508, -339.379, -514.599
6.72991, 181.219, -12.3344
3.84659, 564.198, -132.791
4.83959, 47.2975, -164.443
3.2686, -638.3, -477.908
2.66527, 559.428, 156.75
7.2768, 17.37, 73.4838
6.95369, 128.488, 410.565
3.29884, 562.436, 141.292
3.15214, 418.271, -546.379
2.515, -437.057, -745.359
6.0491, -752.348, -200.043
3.40448, -468.887, 746.258
5.76029, 738.293, -291.223
4.42907, 405.06, -682.923
3.23766, 46.076, -178.067
5.45054, 602.006, 56.4438
3.24076, 152.387, 788.144
3.2091, -151.587, 838.01
4.94257, -433.044, 87.892
3.13015, 757.84, -47.4179
5.64635, -296.215, -521.658
5.60817, 256.997, -623.083
4.88216, -510.993, 556.865
2.64188, -403.736, -157.418
3.21011, -22.2533, 636.206
3.15594, -221.609, 775.447
3.31099, -765.817, 691.016
3.76529, -214.503, -709.996
4.77654, 548.503, -700.254
6.54472, -68.5044, -265.798
3.57624, 265.196, 701.393
3.75063, 708.417, 359.783
5.02978, -97.9662, 657.53
6.27922, 549.883, 157.639
5.66369, 756.898, -21.722
5.9449, 559.057, -129.254
7.27207, 852.366, 420.491
5.18713, -461.029, 629.235
4.57014, -659.017, -35.2673
4.70019, 646.894, 139.9
6.07821, 666.312, 434.003
6.20858, 329.142, 513.044
5.12494, 703.809, -883.604
6.06711, -748.23, -105
5.91025, 369.881, -3.43618
6.82941, 793.257, -538.476
3.19597, -16.3975, 665.13
3.57766, 818.358, -172.354
5.0733, -306.388, -147.942
4.83766, -40.8201, 609.275
3.55759, -244.083, 608.072
5.65244, -639.063, 862.132
2.5044, -809.794, 192.462
4.09589, 374.112, 462.714
5.90281, 311.236, -43.2491
6.0446, 603.231, -518.761
2.90869, -731.193, 548.982
3.56926, 269.866, 454.991
4.44412, -747.088, -549.181
4.44927, 782.609, 778.69
3.92018, 339.217, -461.18
4.6123, 487.484, 473.238
2.55658, -632.388, -458.234
3.72027, 849.108, -698.338
4.49072, -679.779, 604.016
6.64177, -718.193, 251.706
3.78584, 784.193, -697.396
3.59705, -673.497, -509.875
6.47385, 302.673, 315.124
5.8476, 419.863, 380.334
5.49108, -812.041, 242.077
5.99917, -343.327, -513.515
5.13062, 526.153, -703.401
4.14833, 238.735, 139.675
3.30844, -789.266, 306.446
6.56633, 643.055, 10.231
4.08004, 388.452, 214.581
4.05369, -6.58326, -699.801
4.65424, 55.4833, 114.807
4.46509, -178.78, -540.861
4.43916, 86.4632, -192.17
4.34871, -654.996, -448.39
5.88118, 316.692, -482.208
6.10384, 307.587, -10.7014
7.20082, -15.288, 818.167
5.08573, -66.8809, -436.231
5.5282, -160.569, 281.716
5.85049, -609.595, 835.381
5.11404, 55.5958, -138.906
3.87105, -817.97, 599.827
7.08924, 162.994, 313.377
3.73367, 765.96, -453.39
4.77876, 326.123, 527.7
3.30374, -837.458, 612.556
4.68319, 257.543, 275.237
7.45767, 405.589, 134.173
6.26931, -383.251, 379.725
4.97846, -771.273, -569.239
7.01651, -607.526, -682.478
4.68213, 504.842, 454.348
5.09239, 116.363, -821.957
4.44866, 119.768, -652.577
5.63431, -146.012, -453.165
5.19331, 309.156, 214.306
4.35955, 585.656, -455.379
2.54674, -298.957, 294.87
6.3794, 31.2124, -664.844
2.85317, -798.21, -525.22
3.98511, 387.127, -651.821
4.78581, -40.6626, -705.844
3.25156, -90.5523, -13.1351
5.97819, 587.093, -401.45
4.15587, 379.021, 154.235
5.21197, 854.118, -772.446
2.64678, 710.195, -869.675
5.38086, 23.4865, -194.124
5.18133, 263.908, 434.189
7.36678, -709.744, -818.35
5.57063, -280.709, -504.862
5.26431, -679.688, 198.939
6.69051, -237.981, 808.576
3.75764, -453.022, 767.208
6.98957, 556.653, -131.484
5.97428, 508.304, -469.394
5.82752, -436.061, -69.8095
3.06838, -645.544, -614.248
3.37987, -800.983, 134.998
2.91253, -114.861, 148.022
6.68103, -169.595, 279.73
2.64818, 845.625, -695.789
6.34719, -56.6457, -725.325
4.29829, -467.543, 721.509
6.24626, 48.3108, 508.09
6.28385, 317.442, 237.576
3.60834, -494.045, -777.417
5.58305, 269.65, 118.096
3.66846, -454.568, -242.212
6.22052, -709.409, 232.536
5.80997, -767.25, -626.509
4.9209, 840.525, -621.964
2.58972, 812.144, 133.757
4.98291, 403.362, 139.205
5.09587, 13.5645, -760.055
4.71395, -780.809, 443.021
4.14528, -79.3001, 822.876
3.52671, 453.68, -72.9728
7.19863, -140.003, -431.494
2.85168, -527.297, 731.774
3.30042, 55.3578, -707.944
6.70788, -646.497, -26.7591
4.13614, -190.529, -229.192
6.85942, 220.645, 367.581
5.99896, 606.791, 497.711
5.52801, 815.424, -172.818
4.77536, 39.661, -167.004
2.91543, -487.186, -172.008
3.94883, 70.6595, -176.414
6.51009, -662.035, -692.25
6.81821, 320.084, 23.1337
3.81831, 350.037, -461.376
4.79881, -695.123, -253.568
4.95672, 515.719, -455.107
5.82344, -449.576, -836.601
7.31738, -586.402, -167.455
7.23022, 507.191, -699.447
2.81902, 242.528, -583.408
5.04829, -564.575, -235.76
6.13222, 705.816, 615.183
5.65882, 482.497, -245.57
3.26658, -832.364, -875.077
5.09652, -775.599, 438.803
3.52281, -481.129, 757.65
6.03231, 361.163, -794.789
6.05786, -450.444, -92.9526
3.66304, -455.551, -257.273
6.80594, 75.4661, -177.515
2.67122, -21.6728, 811.252
6.26587, -814.686, 135.805
4.14789, 557.386, 136.449
4.65309, -4.28002, -439.586
7.33455, 744.404, -170.358
4.05803, 700.337, 609.734
5.69762, 840.551, -676.584
5.95386, 754.136, -47.2216
5.36403, 38.1728, 609.056
6.60667, 842.396, -617.503
4.21807, -799.166, -636.95
5.09387, -726.237, -626.975
6.78438, 103.612, -792.2
6.18587, 297.525, -23.8913
3.45992, -762.195, 305.13
2.83145, -280.496, 313.184
3.60828, 824.442, -673.713
3.33656, -46.6408, -179.792
6.31172, 366.231, -803.312
5.44905, -750.639, 332.17
4.65223, 817.869, 805.206
7.09618, 587.798, 7.01702
5.09668, 370.264, 147.908
7.38058, -611.289, -77.7533
5.15714, -417.896, 58.4784
2.98716, 315.217, 225.156
5.83983, 247.812, 97.9625
5.44444, 202.128, 5.60701
5.01137, -653.898, -58.3622
2.75808, -765.911, 303.669
2.6753, -197.832, -58.0478
4.41484, -697.351, -511.368
5.55555, 204.126, 131.6
5.06574, 577.92, 783.355
5.98498, 353.383, -5.72461
4.89891, 93.63, -187.939
3.88323, 55.3334, 419.563
6.01685, -418.225, 158.325
3.67701, 766.823, -29.7149
6.41501, 58.4955, -180.163
6.60589, 246.201, 722.494
3.21842, -481.408, 16.5972
5.75757, -476.847, 724.651
3.87677, 825.769, -816.116
7.26215, -444.192, 593.943
4.58238, -634.575, -29.9531
3.03869, -122.291, 333.678
4.70633, -754.873, 522.102
6.28811, -360.974, -230.582
2.77803, -401.171, -250.605
3.51241, 2.02099, 64.848
6.82305, 840.181, -686.241
6.52456, -220.926, -46.1318
2.78861, -613.792, -543.295
4.40304, -3.86935, -624.612
4.56124, -48.3139, 669.875
2.80071, -299.254, 314.697
7.09746, 747.517, 556.193
3.35398, 589.009, 785.449
6.51634, -795.851, 187.708
3.88599, 614.702, 23.8465
4.44586, 162.901, 726.646
7.19936, 44.9425, 594.083
6.24573, 154.87, -205.012
3.44774, -378.049, 713.637
6.89581, 369.492, 456.107
6.8953, 373.044, -730.584
3.30515, -712.471, -199.047
5.87346, -725.211, -228.284
6.89096, 621.305, 135.796
6.98262, 268.294, 430.654
3.06535, -36.3388, 675.267
5.93789, -155.772, -226.305
3.21651, -742.478, -628.01
3.6901, 272.001, -4.97368
5.64383, 813.568, -185.801
4.312, 708.679, 358.615
4.64437, 607.118, 633.705
4.91936, -59.2656, -724.768
6.20379, 7.2581, -179.826
3.23098, -377.883, 707.889
7.36238, -699.114, -644.044
7.3158, -514.607, -229.674
3.14741, -480.973, 575.511
5.3784, -247.489, -524.27
4.66439, 19.3088, -184.667
5.50066, -250.164, -226.522
5.85098, -660.027, -31.1852
4.5137, 411.095, 883.451
6.46691, 637.962, 605.795
4.89889, -803.964, -196.577
5.72449, 326.766, 262.815
4.28836, -271.008, 603.979
5.96794, -278.688, -206.164
5.83428, -428.407, -630.695
3.22071, -455.024, 612.209
7.10415, -835.448, 199.464
4.22228, 80.5228, -177.254
6.66824, -381.673, -455.633
2.74349, 304.667, -631.595
3.27936, -270.9, 7.41308
2.55765, 318.705, 443.784
3.94327, 81.6349, 558.423
5.07295, -313.566, -147.858
3.65948, 640.109, 422.31
2.75022, -270.407, 3.02305
5.33091, -640.674, -688.566
6.69774, -96.2591, 673.538
4.28763, -690.239, -509.588
4.3452, 155.28, 787.899
7.22226, 305.421, -56.4107
4.72425, -802.288, -202.912
6.82086, 390.423, 193.767
5.82654, -750.171, -658.83
5.79297, 138.201, 605.612
7.10736, -880.025, 881.472
5.11536, 841.517, -686.641
5.45229, 410.686, -430.997
5.79944, 687.077, 596.935
4.24765, 257.022, 430.687
4.11714, 314.919, 22.647
7.08984, -94.5458, 644.107
3.08619, 796.494, -446.524
7.31268, 547.583, -136.169
5.17978, 50.2461, -144.273
5.81447, 686.348, 607.689
5.48362, 791.017, -450.213
6.93363, -517.515, -651.138
6.67999, -620.46, -551.945
6.69339, 233.014, 104.114
6.85642, -162.976, 284.511
2.5002, -821.34, 302.878
4.77274, 367.334, 254.625
4.25696, -797.749, 192.992
5.80713, -238.801, 655.932
6.22234, -787.225, 196.414
3.3821, -150.928, -487.288
7.4621, 858.021, -671.157
5.95466, -801.201, 191.781
6.97862, 190.623, -3.00009
3.51579, 287.691, -73.617
7.2356, -460.007, -134.56
4.88476, 773.183, -437.937
6.78578, 818.18, -634.097
6.41237, -782.922, -542.203
5.70687, 849.99, -804.728
3.14521, -712.719, 238.118
5.77944, -9.34777, 680.335
3.09199, 65.5236, -26.0887
3.88793, 249.445, 703.153
6.65548, -253.126, -255.281
6.14153, -655.832, -506.112
6.74348, -620.289, 274.569
3.43989, -689.283, -830.266
6.09602, 509.371, -298.125
4.25586, 143.603, 267.885
3.34555, -414.304, -609.014
4.52383, 255.446, -585.652
4.20924, 145.748, 685.661
6.67141, 310.516, -39.6614
3.9111, 704.155, 608.957
5.16766, -638.378, -478.701
6.25085, 815.33, -831.254
4.62554, -629.692, -705.826
4.66964, -449.852, 605.721
3.03022, 796.168, -897.851
6.4639, -94.4799, -411.621
3.91232, -707.243, -503.403
7.14264, -457.27, -218.492
5.37926, 267.705, 433.717
3.4895, 712.32, -327.888
5.99081, 502.65, -659.127
3.07265, 390.065, -768.883
4.22945, 268.182, 702.199
4.15646, -474.276, -223.005
6.42735, 828.862, -823.074
6.65775, 426.916, -161.432
4.21712, -701.219, 715.945
4.2603, -223.674, 815.089
6.38197, 86.8896, -650.776
6.58658, 22.7683, 704.321
4.26157, -225.824, 268.905
7.09559, -410.781, -232.243
3.2877, 458.235, 193.234
5.56029, -427.891, 657.193
5.54222, -454.724, 610.894
3.16647, -213.64, -636.887
3.51409, -671.95, -493.138
4.79457, -750.489, 520.608
3.48759, -452.124, 758.521
6.77118, -806.704, 311.864
6.54562, -726.65, -614.442
2.80131, -836.299, 739.135
6.50584, -685.616, 596.538
5.49597, -141.042, -480.34
7.43182, -816.641, 249.415
2.65919, -80.4063, 651.612
6.8356, 821.367, -671.445
3.69109, 575.813, 275.983
3.6127, 214.083, 348.482
4.73907, -779.859, -554.346
2.61231, 847.498, -145.59
6.79755, -257.484, -38.7637
4.15902, 278.984, 436.032
5.72195, 355.153, 307.651
7.43521, -767.779, -599.989
5.30162, 277.892, -506.486
4.74553, -725.433, -169.418
5.213, 103.202, -686.357
2.90797, 792.667, -45.3692
3.99606, -715.179, -203.665
6.63964, 743.048, 562.656
6.48936, 530.132, 772.165
5.71048, -76.3627, 703.232
4.84105, 564.64, 279.352
7.15326, -157.777, -464.188
5.08798, -234.922, 20.4761
7.42924, 801.314, -465.591
5.94567, -17.6525, -624.429
6.19966, -162.2, -495.236
3.46323, -434.162, -789.089
6.08881, -517.026, 552.715
6.11146, 592.281, -74.1476
6.49298, 269.98, 142.639
4.23216, 242.489, -863.778
5.1481, 43.9755, -231.149
3.19001, 696.653, -332.244
6.73218, -254.8, -264.339
6.32766, -33.1759, -729.773
7.5, 775.677, -464.041
4.24891, 487.137, 892.179
5.50367, -418.129, 605.598
3.50808, -456.365, 32.2447
6.2385, 31.1465, 100.834
6.49225, 807.162, 243.843
3.03505, -670.438, 100.376
5.35813, -452.747, 11.4265
2.84683, 329.066, -354.369
4.16036, 671.728, 593.985
5.80945, 379.096, -654.907
5.27726, 77.1623, -185.236
7.12415, 219.627, -1.61693
2.69832, -412.232, 127.94
2.62083, -249.411, 135.816
4.61923, 259.953, -580.24
4.36987, 384.566, 201.029
2.93303, -249.721, -252.902
3.05403, -85.0581, 166.46
5.31992, 334.949, -375.712
7.37269, 10.2882, 694.387
3.05066, -41.444, -701.912
5.99352, 112.921, 815.267
2.79674, -43.8778, -600.55
4.69755, 772.486, -32.8152
5.24651, 880, 669.269
3.45129, 624.928, -688.312
7.36597, 341.823, 303.499
3.19593, -632.209, -67.2778
5.48978, 777.843, -436.429
7.12812, -798.223, 710.089
3.91116, -19.1934, 815.194
6.8307, -122.916, -104.657
6.29598, -198.746, -484.472
6.10793, 328.534, 537.737
3.34241, -309.303, 309.908
3.32882, 774.076, 376.551
3.39076, -651.603, -846.101
5.87226, 291.253, -517.657
4.83484, -200.664, -78.5507
6.85219, -720.777, -356.445
5.76023, -651.042, -51.3222
5.80464, 749.42, 783.2
2.58037, -586.499, -536.368
4.30596, -741.677, -640.219
3.72747, 782.029, 106.609
6.93086, -852.961, -833.689
5.23701, 820.765, 806.774
6.57209, -45.8349, -639.539
5.24453, 156.517, 810.148
4.16156, 436.178, -69.0642
4.40213, -61.7907, -592.49
2.52389, 815.428, 558.73
6.95226, -88.5032, -423.046
6.16955, -422.694, 637.516
6.04239, -65.5626, 657.671
5.1278, 25.0631, -179.881
6.41065, -103.061, -700.879
3.42484, -402.513, -403.401
5.72673, 230.145, 469.333
3.42178, -564.565, -274.703
3.31214, -7.11484, -95.4464
2.65594, -241.513, 813.083
7.42716, 132.392, -703.292
4.04559, -284.57, -590.758
4.11075, -588.856, -262.613
5.51155, 264.457, -138.467
2.89107, -288.402, -817.361
3.93936, 14.3077, 97.46
5.79307, -149.384, -476.17
7.36348, -817.007, -364.247
7.27758, -361.215, -687.536
7.42745, -568.177, -257.04
7.30478, -769.57, -591.531
3.0073, -466.933, 621.589
3.71505, -164.04, -462.313
6.91151, 141.301, -308.089
5.28805, 345.47, 490.94
6.7669, 746.965, 582.148
7.49145, -491.673, 596.51
3.99751, -167.773, -566.544
6.33157, 863.003, 453.02
4.81901, 253.832, -153.856
6.8168, -614.263, -682.374
6.99018, 795.093, -116.257
7.377, 233.807, -401.448
2.77405, 582.844, 153.95
6.32605, 836.48, -713.128
5.09219, -833.237, 712.401
3.46574, 847.258, -137.352
6.98252, 236.55, -545.602
6.38492, -778.292, 122.457
2.75968, 320.038, 525.17
7.47331, -761.528, 682.228
5.93659, -73.8583, -411.665
5.94854, 818.755, 486.286
6.57666, -567.24, 734.364
7.05426, -100.614, -424.188
3.34218, -147.037, 286.679
5.24183, -588.285, 735.955
6.53351, -447.713, -209.799
4.17803, 316.164, -483.735
5.53435, -100.561, 5.08903
6.59602, -723.118, 294.947
7.3485, 38.4794, -166.431
6.29349, 580.44, 524.161
3.72113, -125.716, -110.604
5.80589, -574.986, 334.609
4.21574, -524.746, -232.869
7.27146, 323.217, -332.977
2.60828, 739.95, 526.596
4.54979, -858.415, 853.124
2.55789, 524.989, -688.701
3.04964, 794.68, 207.883
5.28259, -808.788, 138.075
4.45466, 90.9851, -155.869
7.20539, 63.492, -189.469
2.55572, 180.057, 404.974
6.22897, -157.704, -476.246
3.84293, 256.091, 100.021
4.27153, -600.237, -646.163
3.45835, -441.612, 649.252
5.14832, 325.751, -70.7013
4.39478, -15.7666, -722.711
3.16407, -107.082, -766.325
4.26563, -137.978, -474.532
4.2497, 761.96, 869.294
7.41084, 549.272, -97.2962
5.25961, 133.649, -289.265
4.99918, 19.4724, -659.351
3.58531, -771.53, 296.352
4.37311, -181.835, -458.608
6.78251, -642.049, -475.102
6.45578, 822.345, -458.809
3.9204, -527.909, 733.53
5.07645, 347.187, 194.559
6.79238, -243.304, 29.2305
7.07844, -719.515, -232.579
7.48941, 160.836, 778.378
6.53177, 60.5894, -177.68
5.22718, -802.452, -200.246
7.3461, 124.17, -710.597
5.31931, -554.143, 367.792
4.03031, -396.144, 644.888
5.41853, 796.098, 787.665
2.91197, 72.1785, -177.592
5.47382, 335.101, 511.862
3.31968, -641.238, -548.659
6.46527, -629.393, -463.667
2.95373, 598.695, 637.393
6.3072, -497.198, -662.609
6.83996, -249.267, -36.1684
6.40105, 110.1, -279.502
6.61399, 793.465, 791.094
6.70974, 302.506, 549.503
4.48328, 425.658, 186.726
6.508, -117.844, 150.301
6.56811, 322.286, 29.9796
5.43493, -388.483, 66.2242
4.64621, 767.055, -41.4058
2.5002, -96.674, -372.342
5.31153, -819.407, 304.845
6.22632, 317.065, 237.743
3.89846, 815.758, 235.993
2.93406, -836.496, 513.008
3.5733, 870.334, -796.272
3.93296, -404.222, 657.069
4.86595, -381.148, 455.348
6.95893, 832.431, 777.566
5.91955, 512.421, -464.739
3.54376, 36.2413, -132.536
6.67533, 760.184, -39.7778
7.09218, 867.558, 864.394
4.48244, -500.078, -657.847
6.37858, 490.997, 499.029
5.68161, -108.425, -87.2734
6.64746, 383.762, 174.321
3.40204, 479.879, -442.271
7.45927, 510.535, -684.613
6.70558, -126.012, -716.879
4.65177, 787.952, 204.694
4.38589, 520.219, 794.634
2.70802, 522.856, -472.054
6.80715, -604.124, -439.596
6.62116, 841.491, -815.046
6.25052, -13.916, 640.934
3.55801, -184.611, 813.563
4.31029, -747.165, -243.37
4.43545, -685.701, -662.733
7.32918, 670.581, 611.405
6.5872, -74.5, 665.947
4.5755, -42.5909, 413.335
5.83759, 223.914, 124.555
2.52101, 498.717, 897.594
6.98048, -679.105, 196.807
3.68416, -328.085, 328.563
3.79415, 311.881, -201.273
5.4939, 389.142, -654.231
6.89823, -782.065, 288.666
6.16299, -640.68, -521.169
6.0773, 708.594, 572.718
3.57724, -534.982, 499.449
6.30413, 722.13, -885.902
3.85351, -156.411, -486.724
2.75246, 532.652, 236.723
4.78866, 361.255, 294.625
2.58759, 427.059, -632.09
3.01129, 22.9783, -216.185
2.639, -224.986, 267.979
5.65921, -377.976, -496.686
6.34425, 41.0711, -168.054
2.74132, 518.572, -709.65
6.6924, -44.9224, -633.752
6.76899, -212.045, -185.129
6.57649, -518.512, 551.576
6.85188, 761.537, 363.283
5.27222, -562.819, -182.853
6.12646, -223.995, -52.5116
3.20424, -455.704, 754.996
6.6115, 532.22, -451.111
5.51185, 609.476, -152.879
4.93856, 462.02, -800.857
6.14942, -196.091, 741.993
4.05164, 755.355, -629.689
3.93925, -725.569, 275.781
5.45857, -836.596, 701.791
5.34055, 548.05, 774.23
5.41059, -807.903, -509.4
2.84132, -710.812, 218.926
4.34304, 142.69, -276.782
6.28475, -791.077, -549.243
6.35297, -441.857, -788.537
4.27217, -391.961, -239.879
5.98913, 156.622, 768.814
5.08005, -590.181, -273.364
5.94494, 300.705, 135.319
6.18066, -79.5441, 698.205
2.56231, -306.173, -600.958
7.16549, 552.295, -94.227
5.37826, 175.925, 106.936
3.05587, 499.164, 827.652
4.87388, -100.97, 9.78395
3.24247, 243.012, 110.322
4.22594, 125.242, 412.776
7.04476, -821.187, 227.065
4.54571, 32.944, 510.5
5.96642, -602.281, -52.5695
3.35865, 389.826, -724.242
6.21715, 824.069, -416.49
4.16319, -425.752, 650.349
4.62157, 579.453, 275.477
2.79523, -239.343, -42.802
5.09005, 232.258, -184.906
5.94425, 395.729, -519.754
5.01149, -236.717, -38.733
6.56617, -170.878, -679.907
3.07974, 135.032, -829.601
5.24841, 307.822, 449.566
5.06046, 311.976, 7.6941
6.02649, 844.588, 451.323
5.65083, -278.323, 798.056
4.0207, -37.7173, -640.372
6.74719, 310.736, 235.178
3.39619, 560.388, -23.0411
2.61737, -434.203, -68.9157
4.19467, 632.873, 21.2938
3.43818, 302.802, -52.2262
6.60467, -239.85, 153.385
6.72507, -806.789, -198.532
6.78031, 826.044, -675.593
7.37454, -836.175, 614.903
2.99587, 386.678, -425.513
2.56182, 575.054, 580.518
2.58614, 271.956, 440.89
2.64527, 203.631, 130.934
4.1031, 136.726, -289.213
6.17815, 561.148, 278.134
3.14876, 265.25, 447.119
2.5161, -350.731, 430.405
6.91905, 93.7777, -703.706
3.70482, 235.292, -513.787
4.38481, -789.199, 708.057
4.44879, 543.638, 134.477
2.81534, 583.268, 313.79
7.30792, 146.886, 749.081
3.75349, 719.415, -323.652
6.85376, -638.984, -69.3545
2.85991, -752.268, 319.162
2.70653, -481.635, 540.807
3.46378, 292.953, -502.753
3.86708, -296.841, 293.141
7.4007, -854.872, -340.131
3.60607, 342.451, -492.761
6.43119, -818.502, 773.752
4.42306, 215.863, -366.871
3.78593, 402.498, -609.507
3.91087, -785.552, 160.494
7.33834, 748.828, -32.2244
4.22841, 622.557, 139.462
3.45922, -769.369, 692.738
5.05037, -538.655, -334.831
5.21857, -479.787, 572.171
5.72333, -611.631, -557.95
3.89738, -36.1534, 666.199
3.41887, -282.781, -586.82
2.71579, -777.155, 291.265
3.98408, -481.236, -270.933
4.25548, -233.383, 112.311
7.09372, -414.618, 651.684
5.81225, 463.184, -315.289
5.08041, 767.156, 546.2
4.03763, 501.308, 488.113
3.0007, -257.302, 122.572
3.47502, 320.429, -813.94
4.11407, 36.122, -242.205
5.56182, 809.165, 103.314
5.13511, 871.039, -869.489
3.45653, 326.151, 248.817
4.7178, -691.963, -458.156
4.48693, -552.795, 732.229
6.28051, -608.592, 741.914
6.6213, 721.738, 618.059
5.51573, 94.6767, -361.261
3.04573, 498.349, -660.773
4.11797, 415.305, -191.038
5.03403, 57.8523, 281.364
4.76521, -548.309, 724.051
4.77315, -170.314, -495.653
4.91125, 873.895, 865.891
5.07896, 340.12, -653.702
4.50207, 150.561, 789.759
4.22945, 772.695, 346.603
6.64533, 807.475, -184.024
3.02204, -600.294, -707.418
6.40057, 487.658, 472.257
3.19919, -279.662, -206.855
2.62171, -674.69, -498.531
6.0664, 370.413, -603.124
7.15538, 98.8215, -685.502
7.47667, 261.602, 111.792
3.86264, -787.127, 198.518
3.6923, -478.712, -221.371
3.87328, 788.106, 575.289
5.70836, -746.257, -602.16
5.17637, 298.752, 153.403
6.8967, 704.356, -307.639
6.75968, -636.46, -690.256
2.98004, 717.711, -12.8618
4.66818, -683.461, 222.48
3.17045, -130.442, -689.279
5.86802, -154.494, 287.156
5.34964, -106.382, -403.285
3.66474, -422.919, 612.496
5.50306, 240.461, -577.247
2.6551, -621.278, 8.64556
7.08512, 490.921, -290.935
3.82958, 846.666, -145.909
6.50016, -188.516, -482.226
5.46389, 102.075, -680.627
5.0822, 328.727, 513.26
5.2567, 345.065, 501.883
3.47225, 448.651, -205.359
5.36152, 106.599, -697.751
3.81992, 192.5, 358.714
4.41648, -777.333, 498.882
2.73626, -632.266, -842.69
4.22823, 524.922, -690.413
3.61594, 598.137, -394.714
3.81264, 3.42602, -713.343
3.05141, -359.034, -449.49
7.40088, -684.71, -54.0976
5.93794, 679.783, 613.239
5.82158, -538.837, -327.973
5.99501, -605.365, -613.707
2.68746, -701.592, -643.896
3.6706, -599.92, -641.442
3.95397, 710.42, 566.653
3.50543, 44.3469, -225.056
2.7177, 330.889, 249.014
2.56571, -438.966, 620.847
6.07297, -492.36, 771.315
6.88348, -809.995, -569.259
5.35088, -807.431, 382.183
6.92743, 805.689, 806.366
5.20042, -386.023, -235.769
3.31357, 872.066, -708.577
3.30492, 921.514, 464.498
7.19182, 345.536, 287.398
3.45628, 494.378, -709.971
3.15761, -18.4951, -189.815
4.41122, -254.268, -36.6555
6.12674, 258.785, -133.435
2.50651, 577.602, 782.441
4.60222, -52.8491, 638.025
5.18984, 253.537, -165.019
4.86596, -204.244, 217.622
6.33003, 572.63, 787.682
2.9396, 479.846, -442.573
7.04284, 176.448, 281.688
3.20818, -727.558, -425.067
2.54782, 332.883, -1.60663
2.82267, 264.693, 447.693
4.96742, 343.582, 227.165
5.40914, 484.36, 864.963
4.03373, -827.229, 540.932
4.57091, 748.675, -22.7855
4.33401, -632.21, -577.035
3.42687, 162.91, 608.3
2.76788, 558.97, 104.657
4.47222, 457.812, -54.4026
3.98388, -323.797, -197.715
5.05388, -371.126, 765.514
3.75392, -690.746, 181.87
5.01589, 850.501, 852.663
2.51168, -25.153, 685.128
7.01807, 788.291, -464.128
2.79181, -851.926, -818.718
5.17506, -532.045, 744.591
3.95754, -355.259, 729.852
7.3023, -720.039, -196.158
4.73406, 281.369, -78.0593
5.08479, 754.15, 194.511
5.93861, -262.58, 6.628
2.72187, -149.831, 9.34348
7.2946, -734.341, 567.551
5.70852, 378.92, 146.05
2.80215, 425.49, -619.155
3.33964, 144.145, 256.459
5.76491, 431.376, -173.003
6.19864, -781.457, 350.779
3.57011, 789.396, 201.15
4.31441, 144.768, -651.917
6.56981, -634.528, 871.849
5.32057, 791.1, -462.604
7.45886, -18.869, -725.188
6.5669, -801.995, 308.861
3.49157, -860.322, -6.16971
2.50003, -98.4057, -720.647
4.62608, 786.235, -708.902
4.07406, 800.389, 205.433
5.56218, 578.224, -831.722
3.83351, -182.889, -439.311
4.39881, -603.201, -100.696
5.43397, 808.784, 238.218
5.95636, -169.405, -485.537
7.26736, -327.383, -515.973
4.89785, -316.411, -818.823
3.60319, 351.679, -615.336
5.33741, -612.095, -440.389
6.09873, 317.345, 230.689
4.4953, -517.579, 549.395
3.48326, -640.212, 858.43
6.66971, -596.624, -648.276
5.59561, -440.972, -793.815
7.26866, -251.205, 129.072
3.23222, 36.2105, -163.376
5.38953, -63.9573, -410.122
7.26796, -454.61, 604.144
3.62331, 687.89, -864.94
7.25137, -473.854, 726.491
3.07874, 811.489, -460.334
2.58372, 94.2894, -201.604
3.90465, -295.02, -134.297
7.15042, 521.791, 125.469
3.04796, 723.434, 784.028
6.77266, 49.879, 621.509
5.68532, -594.351, -687.718
5.63853, 386.558, -654.011
3.80589, 711.306, 569.41
5.13936, -803.071, 112.926
7.16608, -249.886, 791.101
3.98055, 794.444, 68.8221
4.78006, 186.907, 357.562
6.35659, -621.693, -551.898
4.17193, 269.817, 125.325
6.31775, 53.1172, -775.332
6.65892, -52.5495, 816.991
2.64618, -725.824, 547.281
4.31315, 654.254, -238.883
4.16221, 285.561, 416.11
3.17675, -485.479, -195.582
3.00839, -235.36, 608.127
5.11327, -579.212, 737.474
3.52046, 25.4671, -467.066
5.00728, -803.087, -572.044
5.1371, -45.4038, 817.744
4.13422, -182.082, -221.387
4.75888, 273.292, -347.489
6.85263, -55.4796, 785.616
4.72884, 548.573, 773.035
6.03726, -492.666, -712.436
6.83171, 836.179, -689.476
6.5822, 789.85, 214.603
2.67504, 783.869, 782.228
3.8644, -590.743, -272.414
5.21858, -365.318, -442.969
3.19942, -796.724, -549.987
5.57408, -705.237, -808.512
3.29182, -594.641, -632.635
4.41129, 134.826, 204.263
5.94997, -126.661, 150.979
3.21128, -352.91, 424.277
5.65284, -812.446, 690.309
3.15973, 135.952, 756.285
7.13583, -679.998, 216.55
5.53465, -832.906, 688.24
5.50388, -758.31, 311.864
3.33635, 519.542, -453.777
3.301, -731.8, -415.869
5.91628, 586.147, -13.6287
5.1456, -623.163, -75.792
3.65264, -95.3709, 652.529
6.55373, -457.212, -61.3631
5.76477, -370.69, -505.816
4.08597, -634.618, -581.029
2.53953, -248.566, -720.323
3.49176, 717.595, 559.74
3.78831, 47.8114, 355.485
3.03825, 766.992, -22.7588
3.49545, 132.629, -360.235
6.75079, 800.689, -710.206
6.63912, -816.631, 196.276
6.76813, -745.378, -576.555
5.71027, 266.533, 686.738
3.6787, 681.636, -862.805
6.80638, -508.042, -685.042
5.4745, -6.07564, -166.084
2.52745, 492.415, -48.3066
6.84925, -648.509, -476.378
7.37729, 569.709, 144.351
5.59653, 327.262, 10.6971
3.85574, -762.551, 261.067
7.46973, -139.816, -459.82
4.60751, -611.629, -477.792
4.20537, -764.777, -575.84
4.80717, 272.127, -66.6769
4.44822, 210.181, -353.902
4.613, 63.0692, 517.376
2.84879, 169.518, 300.561
5.5153, 91.582, -184.721
7.36114, -57.3317, 166.333
5.07406, -684.513, -483.021
7.45461, 774.614, -102.95
5.84906, 558.924, -130.873
4.01716, -588.015, 27.023
3.47371, 734.739, 561.774
4.0109, -732.757, -767.716
4.93946, -383.929, 460.557
4.72438, 496.688, 858.679
5.7844, 362.015, -746.168
3.74227, -742.261, -642.912
4.72007, 26.532, 484.022
5.75894, -620.875, -88.4066
6.67472, -680.054, 206.815
6.03698, 149.772, 796.466
4.93928, -781.243, -572.899
6.72039, 366.375, -166.205
7.00296, -465.653, -212.074
6.33082, -698.829, -538.6
5.29453, 607.312, 864.251
2.70603, 12.0957, 73.1418
5.46749, 539.753, 113.334
2.68674, -566.166, 730.009
4.53488, 114.475, 413.773
2.84243, -851.423, -848.519
7.38558, -701.219, -791.531
2.5956, -520.923, -271.674
6.60363, -190.323, -225.759
5.2195, -361.469, 724.606
5.72828, 718.339, -298.62
3.62934, -225.973, -91.4206
2.733, 827.246, -649.438
3.63154, 244.941, -524.862
4.58371, -641.684, 120.216
6.40126, 220.422, -601.885
3.72852, -740.678, 325.903
4.81411, 560.152, 102.793
6.14756, 821.015, 246.635
5.35237, -362.469, 743.566
5.45997, 855.53, 854.617
4.98425, -794.133, 212.101
3.951, 393.853, 117.645
4.71107, 43.6975, -177.41
2.53669, 805.413, -492.534
7.41683, 475.233, -318.154
2.52822, -751.475, -211.147
4.8676, -83.3917, 665.52
5.86497, -284.526, -205.364
