6.27803, -724.941, -902.682
3.5948, -17.4795, -133.646
5.89648, 364.892, -852.254
5.09708, -270.798, 862.461
2.76731, -946.488, 655.131
2.53849, 349.018, 26.5564
4.58743, -761.198, -227.251
7.15218, 169.699, 397.476
2.95982, 6.29674, 720.061
6.00595, -163.18, 294.745
3.81226, 543.427, 800.822
4.14117, 476.999, -871.49
7.45519, 442.8, 232.151
7.41275, -498.411, -225.584
5.75759, 468.391, 416.017
6.92354, 251.83, -799.196
6.33247, -189.762, -473.258
3.87453, -482.508, -72.3222
4.93259, -640.886, -305.324
2.80282, 794.62, 762.645
5.08146, 26.9763, 709.714
4.96988, 902.172, -380.284
7.23882, -759.326, -476.531
4.42071, -47.0103, -813.495
5.14874, 775.475, -487.712
2.75042, 793.174, -61.9786
6.63909, 544.296, 519.152
5.94228, -847.602, -705.336
6.18112, 260.594, 721.253
6.94286, 912.506, 431.516
4.25508, -365.28, -526.735
6.72991, 186.426, 16.7338
3.84659, 589.13, -103.928
4.83959, 51.9698, -224.297
3.2686, -617.699, -456.375
2.66527, 626.995, 159.879
7.2768, -4.47415, 78.8531
6.95369, 121.241, 457.777
3.29884, 620.423, 213.066
3.15214, 427.512, -550.733
2.515, -467.177, -794.557
6.0491, -837.393, -182.594
3.40448, -501.875, 815.37
5.76029, 761.691, -316.979
4.42907, 410.701, -718.863
3.23766, 22.1558, -191.324
5.45054, 603.757, 89.7293
3.24076, 174.952, 862.592
3.2091, -158.924, 915.26
4.94257, -451.321, 102.217
3.13015, 811.459, -49.0737
5.64635, -315.984, -554.342
5.60817, 271.244, -688.609
4.88216, -499.676, 565.902
2.64188, -440.358, -200.532
3.21011, -117.27, 702.815
3.15594, -202.258, 828.277
3.31099, -791.135, 745.953
3.76529, -246.403, -776.898
4.77654, 532.199, -697.99
6.54472, -82.5616, -284.66
3.57624, 293.302, 785.476
3.75063, 764.811, 370.727
5.02978, -80.4757, 703.422
6.27922, 622.836, 140.814
5.66369, 819.621, -33.1163
5.9449, 573.781, -129.803
7.27207, 928.017, 458.537
5.18713, -389.903, 668.623
4.57014, -705.428, 15.4162
4.70019, 718.026, 157.89
6.07821, 703.785, 446.71
6.20858, 349.734, 569.262
5.12494, 744.849, -923.229
6.06711, -811.311, -87.583
5.91025, 326.136, -22.9614
6.82941, 813.053, -571.359
3.19597, 16.2925, 703.324
3.57766, 891.501, -142.066
5.0733, -326.951, -146.196
4.83766, -110.571, 719.441
3.55759, -235.908, 603.815
5.65244, -665.85, 938.469
2.5044, -882.981, 159.694
4.09589, 421.672, 508.787
5.90281, 329.59, -100.104
6.0446, 639.039, -555.023
2.90869, -774.289, 615.868
3.56926, 254.417, 437.083
4.44412, -789.036, -554.751
4.44927, 872.754, 864.49
3.92018, 360.579, -456.38
4.6123, 548.692, 525.555
2.55658, -637.407, -462.66
3.72027, 881.108, -640.259
4.49072, -707.544, 615.125
6.64177, -677.489, 196.871
3.78584, 858.392, -699.158
3.59705, -740.675, -501.194
6.47385, 353.685, 264.105
5.8476, 458.313, 381.706
5.49108, -871.373, 272.157
5.99917, -343.029, -517.006
5.13062, 553.325, -712.032
4.14833, 213.236, 103.989
3.30844, -733.035, 353.648
6.56633, 684.864, -12.0052
4.08004, 417.19, 153.067
4.05369, 27.6104, -708.135
4.65424, 34.4095, 131.953
4.46509, -169.262, -477.473
4.43916, -11.0838, -163.181
4.34871, -749.26, -504.711
5.88118, 332.918, -517.033
6.10384, 384.772, 31.2787
7.20082, -56.7585, 861.661
5.08573, -82.7517, -382.25
5.5282, -160.172, 286.135
5.85049, -653.979, 904.477
5.11404, 65.0174, -267.681
3.87105, -902.709, 638.755
7.08924, 138.569, 285.711
3.73367, 885.636, -429.322
4.77876, 333.783, 624.061
3.30374, -888.302, 624.552
4.68319, 368.123, 306.314
7.45767, 429.201, 152.564
6.26931, -412.507, 384.883
4.97846, -896.555, -620.352
7.01651, -616.792, -728.679
4.68213, 486.72, 506.392
5.09239, 148.65, -908.86
4.44866, 95.7843, -784.834
5.63431, -172.72, -569.329
5.19331, 339.522, 319.409
4.35955, 627.476, -446.076
2.54674, -329.98, 331.889
6.3794, 25.7306, -709.38
2.85317, -848.539, -585.742
3.98511, 393.261, -693.714
4.78581, -30.9525, -800.239
3.25156, -98.9811, 24.9784
5.97819, 628.812, -416.645
4.15587, 375.268, 139.566
5.21197, 927.577, -813.7
2.64678, 723.047, -898.182
5.38086, 15.9063, -200.949
5.18133, 334.233, 457.112
7.36678, -736.524, -863.701
5.57063, -310.365, -568.648
5.26431, -734.558, 207.492
6.69051, -261.398, 863.098
3.75764, -471.954, 853.433
6.98957, 584.94, -139.264
5.97428, 518.341, -472.981
5.82752, -454.976, -59.6957
3.06838, -621.919, -766.284
3.37987, -879.457, 98.0641
2.91253, -144.44, 162.976
6.68103, -201.203, 320.244
2.64818, 864.46, -681.75
6.34719, -53.5427, -812.591
4.29829, -499.314, 814.01
6.24626, 33.2811, 509.694
6.28385, 331.254, 293.321
3.60834, -518.198, -854.413
5.58305, 287.18, 140.431
3.66846, -541.265, -217.183
6.22052, -696.706, 257.23
5.80997, -846.068, -669.351
4.9209, 888.029, -722.93
2.58972, 849.12, 169.748
4.98291, 443.443, 153.498
5.09587, 2.86845, -836.19
4.71395, -825.758, 480.695
4.14528, -52.1781, 895.88
3.52671, 461.754, -90.9593
7.19863, -205.491, -556.268
2.85168, -528.832, 841.872
3.30042, 38.8776, -742.595
6.70788, -708.734, 9.69678
4.13614, -174.569, -255.55
6.85942, 179.858, 392.353
5.99896, 640.704, 506.836
5.52801, 842.316, -185.293
4.77536, 48.1879, -198.111
2.91543, -524.551, -230.486
3.94883, 10.6637, -143.921
6.51009, -622.824, -751.641
6.81821, 342.262, 20.226
3.81831, 391.017, -486.988
4.79881, -759.64, -251.214
4.95672, 553.064, -485.224
5.82344, -458.62, -917.669
7.31738, -604.358, -172.686
7.23022, 556.927, -711.652
2.81902, 240.891, -631.138
5.04829, -497.038, -232.958
6.13222, 667.335, 641.371
5.65882, 531.272, -290.003
3.26658, -875.41, -913.914
5.09652, -821.395, 478.961
3.52281, -507.179, 801.319
6.03231, 387.337, -815.648
6.05786, -489.843, -74.4849
3.66304, -539.509, -214.807
6.80594, 16.226, -133.026
2.67122, -77.5003, 876.492
6.26587, -883.742, 97.8164
4.14789, 581.839, 139.988
4.65309, 28.8134, -490.234
7.33455, 835.877, -209.955
4.05803, 718.147, 655.991
5.69762, 856.768, -704.027
5.95386, 816.181, -49.4839
5.36403, 35.5374, 614.891
6.60667, 890.641, -715.384
4.21807, -843.337, -657.33
5.09387, -798.242, -687.916
6.78438, 106.881, -874.724
6.18587, 360.496, 11.2054
3.45992, -816.289, 352.479
2.83145, -291.35, 309.971
3.60828, 888.375, -703.258
3.33656, 98.3167, -176.635
6.31172, 357.847, -862.781
5.44905, -829.499, 344.891
4.65223, 819.4, 826.266
7.09618, 625.037, 12.1992
5.09668, 442.14, 141.45
7.38058, -677.761, -48.6098
5.15714, -449.444, 111.159
2.98716, 333.169, 290.937
5.83983, 184.341, 134.228
5.44444, 154.582, -22.5075
5.01137, -646.924, -87.9627
2.75808, -857.384, 402.931
2.6753, -288.239, 5.25091
4.41484, -748.011, -513.805
5.55555, 213.634, 101.178
5.06574, 552.548, 820.369
5.98498, 351.552, -7.65291
4.89891, 24.5418, -222.207
3.88323, 41.0825, 429.763
6.01685, -430.961, 180.302
3.67701, 814.151, 0.213073
6.41501, 122.807, -180.418
6.60589, 312.683, 772.239
3.21842, -476.394, 47.8108
5.75757, -492.251, 757.386
3.87677, 824.612, -897.895
7.26215, -442.748, 673.174
4.58238, -731.182, 17.5612
3.03869, -122.668, 372.291
4.70633, -761.243, 531.305
6.28811, -383.439, -265.217
2.77803, -351.246, -263.879
3.51241, 0.412652, 113.904
6.82305, 892.776, -692.489
6.52456, -263.331, -30.983
2.78861, -647.994, -622.853
4.40304, -43.6838, -667.512
4.56124, -101.118, 686.441
2.80071, -347.896, 305.048
7.09746, 789.926, 597.692
3.35398, 564.622, 832.748
6.51634, -890.656, 204.462
3.88599, 674.934, 38.1706
4.44586, 165.754, 740.849
7.19936, 67.4369, 607.583
6.24573, 182.576, -207.387
3.44774, -348.264, 732.773
6.89581, 405.011, 467.67
6.8953, 394.849, -777.734
3.30515, -773.353, -239.655
5.87346, -776.119, -197.427
6.89096, 611.939, 160.693
6.98262, 264.593, 488.307
3.06535, 24.8272, 703.645
5.93789, -177.738, -216.599
3.21651, -764.129, -717.203
3.6901, 336.074, -33.7603
5.64383, 884.242, -193.505
4.312, 765.379, 368.738
4.64437, 585.181, 690.793
4.91936, -46.1437, -814.623
6.20379, -8.65997, -129.781
3.23098, -345.4, 810.006
7.36238, -766.948, -702.711
7.3158, -502.384, -249.284
3.14741, -554.983, 628.637
5.3784, -273.556, -578.05
4.66439, 96.8806, -168.426
5.50066, -252.737, -270.679
5.85098, -666.379, -59.487
4.5137, 403.058, 937.449
6.46691, 649.576, 638.618
4.89889, -899.757, -234.835
5.72449, 297.599, 246.966
4.28836, -266.679, 608.246
5.96794, -309.542, -213.643
5.83428, -419.199, -663.761
3.22071, -423.274, 669.454
7.10415, -852.854, 175.762
4.22228, 19.6242, -198.005
6.66824, -388.423, -461.614
2.74349, 304.135, -690.947
3.27936, -256.291, -20.6029
2.55765, 329.094, 456.876
3.94327, 104.14, 572.672
5.07295, -322.415, -152.653
3.65948, 660.086, 428.663
2.75022, -256.715, -21.0705
5.33091, -608.731, -729.295
6.69774, -146.768, 640.901
4.28763, -672.507, -495.067
4.3452, 163.263, 829.356
7.22226, 269.641, -64.0489
4.72425, -873.715, -180.784
6.82086, 426.461, 170.124
5.82654, -780.982, -719.799
5.79297, 165.914, 637.615
7.10736, -922.229, 924.08
5.11536, 899.051, -644.639
5.45229, 436.482, -438.831
5.79944, 676.273, 666.416
4.24765, 263.63, 454.339
4.11714, 339.966, 19.8466
7.08984, -91.6362, 716.243
3.08619, 904.112, -447.172
7.31268, 586.197, -105.129
5.17978, 59.1661, -245.366
5.81447, 736.853, 640.905
5.48362, 839.523, -469.652
6.93363, -508.644, -702.177
6.67999, -638.979, -574.172
6.69339, 249.577, 165.62
6.85642, -159.618, 282.557
2.5002, -782.682, 337.66
4.77274, 288.551, 314.111
4.25696, -895.294, 210.508
5.80713, -248.937, 683.578
6.22234, -891.963, 157.805
3.3821, -153.239, -500.378
7.4621, 811.679, -737.178
5.95466, -893.345, 203.88
6.97862, 163.277, -8.33119
3.51579, 326.019, -97.9045
7.2356, -475.635, -77.0994
4.88476, 847.323, -471.896
6.78578, 880.222, -724.239
6.41237, -885.245, -541.896
5.70687, 874.745, -863.593
3.14521, -700.64, 199.157
5.77944, 12.4027, 694.244
3.09199, 58.8092, -6.9397
3.88793, 289.871, 744.097
6.65548, -241.38, -259.641
6.14153, -729.643, -506.462
6.74348, -606.881, 287.367
3.43989, -757.143, -865.947
6.09602, 551.451, -312.275
4.25586, 134.786, 284.211
3.34555, -417.902, -658.325
4.52383, 307.478, -542.357
4.20924, 157.221, 714.614
6.67141, 332.143, -92.6259
3.9111, 706.139, 597.337
5.16766, -626.148, -452.996
6.25085, 906.232, -841.525
4.62554, -629.77, -754.716
4.66964, -488.817, 580.953
3.03022, 825.82, -917.862
6.4639, -56.9936, -438.917
3.91232, -641.298, -452.814
7.14264, -489.36, -237.948
5.37926, 262.827, 479.533
3.4895, 786.832, -298.245
5.99081, 550.735, -720.749
3.07265, 458.102, -853.724
4.22945, 271.327, 730.856
4.15646, -494.318, -239.896
6.42735, 834.807, -905.389
6.65775, 456.703, -208.634
4.21712, -720.364, 739.21
4.2603, -272.84, 850.036
6.38197, 129.183, -763.054
6.58658, 13.2755, 679.42
4.26157, -180.282, 311.196
7.09559, -382.28, -262.927
3.2877, 491.993, 224.914
5.56029, -451.013, 619.848
5.54222, -422.833, 669.612
3.16647, -234.322, -692.386
3.51409, -707.703, -498.04
4.79457, -816.582, 529.235
3.48759, -472.416, 859.655
6.77118, -811.578, 354.026
6.54562, -747.698, -636.755
2.80131, -855.127, 812.494
6.50584, -696.803, 632.937
5.49597, -154.38, -486.375
7.43182, -869.109, 263.923
2.65919, -113.207, 681.995
6.8356, 869.088, -697.493
3.69109, 592.104, 281.354
3.6127, 209.152, 372.755
4.73907, -886.057, -542.271
2.61231, 852.103, -189.869
6.79755, -244.648, -0.38191
4.15902, 233.871, 521.955
5.72195, 339.302, 296.795
7.43521, -882.905, -527.002
5.30162, 290.191, -564.764
4.74553, -777.353, -239.442
5.213, 138.47, -724.865
2.90797, 786.814, -23.9961
3.99606, -748.846, -237.859
6.63964, 778.787, 612.858
6.48936, 601.804, 848.305
5.71048, -108.728, 661.34
4.84105, 610.122, 346.587
7.15326, -174.327, -535.954
5.08798, -245.696, -24.4802
7.42924, 804.736, -482.11
5.94567, -41.9343, -681.813
6.19966, -160.729, -483.784
3.46323, -405.026, -866.361
6.08881, -486.964, 576.46
6.11146, 597.887, -117.184
6.49298, 294.584, 149.631
4.23216, 248.975, -932.349
5.1481, 8.61343, -150.298
3.19001, 735.659, -336.711
6.73218, -234.952, -253.334
6.32766, -31.0621, -798.086
7.5, 864.517, -436.415
4.24891, 488.087, 920.369
5.50367, -537.662, 561.067
3.50808, -493.283, 35.3087
6.2385, 42.3982, 141.182
6.49225, 899.693, 223.741
3.03505, -689.616, 103.659
5.35813, -490.701, 39.9061
2.84683, 355.041, -380.276
4.16036, 653.317, 653.495
5.80945, 449.765, -681.798
5.27726, 131.014, -181.481
7.12415, 226.304, -8.51564
2.69832, -446.024, 191.583
2.62083, -275.107, 203.091
4.61923, 230.583, -633.032
4.36987, 416.075, 172.435
2.93303, -252.254, -249.125
3.05403, -121.42, 160.792
5.31992, 346.412, -345.374
7.37269, 0.468154, 703.892
3.05066, -30.4249, -796.064
5.99352, 102.275, 903.202
2.79674, -70.654, -665.812
4.69755, 825.519, -41.9629
5.24651, 938.24, 692.742
3.45129, 659.833, -720.565
7.36597, 362.738, 325.015
3.19593, -644.169, -106.104
5.48978, 861.552, -472.81
7.12812, -837.774, 701.647
3.91116, -65.5649, 850.703
6.8307, -144.268, -83.9727
6.29598, -208.172, -553.89
6.10793, 333.819, 600.489
3.34241, -330.985, 336.884
3.32882, 767.689, 372.474
3.39076, -648.495, -923.923
5.87226, 302.928, -554.269
4.83484, -283.751, 2.38975
6.85219, -768.364, -355.115
5.76023, -652.554, -83.9101
5.80464, 742.489, 831.078
2.58037, -659.819, -570.169
4.30596, -736.23, -681.212
3.72747, 883.506, 99.2349
6.93086, -885.907, -882.756
5.23701, 814.084, 787.941
6.57209, -27.5652, -627.789
5.24453, 164.487, 822.968
4.16156, 485.592, -63.2746
4.40213, -25.6976, -638.418
2.52389, 875.771, 608.481
6.95226, -77.9866, -404.637
6.16955, -434.659, 653.43
6.04239, -106.491, 686.866
5.1278, 81.8952, -197.593
6.41065, -150.959, -770.541
3.42484, -410.646, -414.573
5.72673, 268.919, 471.813
3.42178, -627.128, -254.585
3.31214, -23.534, -97.7998
2.65594, -191.639, 831.727
7.42716, 147.104, -684.339
4.04559, -293.452, -661.672
4.11075, -647.245, -295.563
5.51155, 267.445, -177.66
2.89107, -317.751, -875.729
3.93936, 3.17145, 61.0984
5.79307, -183.909, -482.334
7.36348, -891.808, -363.421
7.27758, -361.483, -743.604
7.42745, -628.567, -283.787
7.30478, -849.212, -664.966
3.0073, -500.552, 573.801
3.71505, -180.992, -480.787
6.91151, 118.889, -368.096
5.28805, 332.738, 610.376
6.7669, 776.75, 537.625
7.49145, -532.678, 563.317
3.99751, -175.71, -480.207
6.33157, 908.409, 449.427
4.81901, 292.039, -166.094
6.8168, -647.252, -731.499
6.99018, 824.484, -76.7962
7.377, 245.932, -404.528
2.77405, 618.246, 149.264
6.32605, 887.333, -634.216
5.09219, -889.985, 739.889
3.46574, 923.282, -177.977
6.98252, 231.597, -548.661
6.38492, -808.005, 107.509
2.75968, 383.795, 520.018
7.47331, -790.141, 735.137
5.93659, -85.2864, -435.269
5.94854, 855.27, 493.103
6.57666, -626.652, 791.434
7.05426, -63.1383, -413.17
3.34218, -202.915, 330.753
5.24183, -609.372, 763.746
6.53351, -513.365, -235.624
4.17803, 329.855, -510.077
5.53435, -93.7026, 12.8031
6.59602, -856.78, 347.622
7.3485, 60.0539, -208.528
6.29349, 552.726, 540.772
3.72113, -127.871, -111.802
5.80589, -575.472, 360.013
4.21574, -500.123, -234.973
7.27146, 351.271, -362.56
2.60828, 772.44, 520.276
4.54979, -875.182, 899.617
2.55789, 546.909, -691.916
3.04964, 837.208, 222.724
5.28259, -813.067, 106.816
4.45466, 32.9348, -253.269
7.20539, 136.193, -165.304
2.55572, 189.217, 393.023
6.22897, -143.38, -500.817
3.84293, 187.193, 111.52
4.27153, -632.813, -755.877
3.45835, -459.73, 630.921
5.14832, 306.371, -128.63
4.39478, -34.5839, -778.939
3.16407, -80.2552, -824.248
4.26563, -203.189, -485.092
4.2497, 771.971, 930.709
7.41084, 613.635, -153.134
5.25961, 163.17, -322.758
4.99918, 22.4177, -715.279
3.58531, -823.93, 367.485
4.37311, -235.516, -576.161
6.78251, -621.987, -455.035
6.45578, 800.615, -498.562
3.9204, -529.874, 838.682
5.07645, 445.455, 149.343
6.79238, -244.312, 46.7681
7.07844, -807.544, -182.098
7.48941, 147.524, 855.936
6.53177, 122.424, -176.915
5.22718, -881.446, -189.621
7.3461, 120.392, -718.816
5.31931, -566.85, 376.913
4.03031, -448.265, 641.153
5.41853, 853.769, 870.326
2.91197, 60.5409, -224.407
5.47382, 353.398, 551.811
3.31968, -575.984, -563.767
6.46527, -633.503, -466.486
2.95373, 602.068, 672.017
6.3072, -481.279, -676.508
6.83996, -236.706, -3.15012
6.40105, 128.76, -329.535
6.61399, 884.019, 837.918
6.70974, 362.705, 544.127
4.48328, 488.22, 238.589
6.508, -140.061, 162.299
6.56811, 361.822, -29.0118
5.43493, -396.532, 84.2896
4.64621, 766.535, -7.18537
2.5002, -55.0566, -439.193
5.31153, -777.847, 335.409
6.22632, 341.524, 324.739
3.89846, 873.376, 280.198
2.93406, -904.531, 547.625
3.5733, 859.557, -859.549
3.93296, -455.018, 608.894
4.86595, -378.154, 465.025
6.95893, 852.046, 824.963
5.91955, 495.224, -470.73
3.54376, 4.08981, -126.511
6.67533, 757.725, -25.7719
7.09218, 884.936, 902.486
4.48244, -511.431, -666.039
6.37858, 548.607, 514.674
5.68161, -128.926, -103.054
6.64746, 440.521, 235.662
3.40204, 517.559, -475.848
7.45927, 542.711, -731.92
6.70558, -132.448, -780.575
4.65177, 846.465, 231.453
4.38589, 586.377, 812.813
2.70802, 586.555, -490.264
6.80715, -687.419, -486.588
6.62116, 885.506, -854.757
6.25052, 1.63287, 714.885
3.55801, -178.919, 896.769
4.31029, -754.189, -186.38
4.43545, -604.767, -725.304
7.32918, 755.734, 623.875
6.5872, -112.679, 673.36
4.5755, -63.6439, 431.603
5.83759, 211.307, 129.989
2.52101, 491.306, 923.078
6.98048, -708.92, 215.736
3.68416, -354.211, 353.278
3.79415, 337.718, -159.593
5.4939, 402.027, -677.28
6.89823, -813.6, 354.223
6.16299, -603.831, -581.078
6.0773, 814.376, 579.239
3.57724, -573.39, 487.013
6.30413, 703.166, -935.926
3.85351, -176.419, -487.158
2.75246, 595.343, 279.267
4.78866, 342.284, 307.078
2.58759, 405.444, -710.264
3.01129, 43.7365, -229.456
2.639, -174.694, 306.525
5.65921, -360.808, -532.708
6.34425, 53.6583, -206.581
2.74132, 537.971, -791.238
6.6924, -30.2753, -631.618
6.76899, -229.196, -221.187
6.57649, -485.77, 570.512
6.85188, 794.092, 375.399
5.27222, -609.092, -159.573
6.12646, -248.714, -54.6982
3.20424, -466.106, 854.258
6.6115, 581.563, -493.551
5.51185, 675.524, -178.033
4.93856, 472.932, -859.562
6.14942, -227.637, 817.95
4.05164, 753.652, -648.933
3.93925, -707.026, 318.393
5.45857, -894.512, 720.016
5.34055, 582.234, 825.431
5.41059, -885.489, -551.557
2.84132, -675.367, 280.872
4.34304, 143.979, -315.054
6.28475, -877.906, -543.746
6.35297, -449.102, -837.597
4.27217, -410.416, -276.651
5.98913, 175.585, 865.501
5.08005, -627.289, -281.035
5.94494, 334.716, 141.968
6.18066, -81.6166, 635.66
2.56231, -315.538, -638.381
7.16549, 616.312, -153.557
5.37826, 129.838, 113.609
3.05587, 519.985, 925.112
4.87388, -106.822, 23.7486
3.24247, 204.198, 94.0495
4.22594, 69.5903, 428.801
7.04476, -862.712, 194.683
4.54571, 19.4187, 524.608
5.96642, -654.325, -96.6358
3.35865, 365.121, -809.254
6.21715, 848.883, -470.993
4.16319, -434.037, 682.591
4.62157, 610.544, 309.428
2.79523, -200.326, -77.1413
5.09005, 265.45, -221.129
5.94425, 435.822, -555.642
5.01149, -235.373, -7.74047
6.56617, -183.359, -717.627
3.07974, 117.652, -885.714
5.24841, 258.21, 462.236
5.06046, 333.45, 53.7051
6.02649, 918.908, 433.757
5.65083, -242.162, 862.051
4.0207, -65.5536, -628.688
6.74719, 356.203, 323.888
3.39619, 606.426, -25.5758
2.61737, -476.342, -79.9744
4.19467, 686.274, 39.9227
3.43818, 324.033, -108.62
6.60467, -266.862, 169.36
6.72507, -874.94, -182.436
6.78031, 889.372, -700.61
7.37454, -886.127, 621.174
2.99587, 408.989, -431.022
2.56182, 568.919, 619.828
2.58614, 228.988, 530.055
2.64527, 207.074, 134.965
4.1031, 158.483, -323.473
6.17815, 609.455, 290.828
3.14876, 319.747, 459.561
2.5161, -382.847, 458.399
6.91905, 126.908, -746.01
3.70482, 209.858, -519.855
4.38481, -818.378, 716.123
4.44879, 578.177, 136.313
2.81534, 612.785, 317.95
7.30792, 180.811, 864.311
3.75349, 706.124, -347.2
6.85376, -672.968, -49.2464
2.85991, -845.347, 333.513
2.70653, -575.276, 573.284
3.46378, 320, -486.719
3.86708, -301.348, 307.532
7.4007, -922.499, -346.076
3.60607, 324.657, -504.131
6.43119, -856.14, 821.467
4.42306, 234.652, -383.198
3.78593, 444.058, -619.763
3.91087, -881.635, 86.9737
7.33834, 858.691, -44.6305
4.22841, 690.46, 146.989
3.45922, -887.298, 724.524
5.05037, -543.628, -361.688
5.21857, -516.575, 585.544
5.72333, -645.047, -555.823
3.89738, 11.9955, 703.095
3.41887, -315.803, -654.012
2.71579, -816.524, 355.834
3.98408, -519.319, -228.725
4.25548, -229.17, 124.911
7.09372, -390.286, 696.08
5.81225, 477.158, -338.984
5.08041, 844.089, 553.854
4.03763, 539.596, 523.36
3.0007, -313.698, 136.113
3.47502, 343.975, -888.281
4.11407, 36.5678, -135.095
5.56182, 861.382, 99.3099
5.13511, 919.023, -930.683
3.45653, 320.653, 237.98
4.7178, -693.868, -501.237
4.48693, -633.187, 776.166
6.28051, -581.229, 755.543
6.6213, 716.903, 604.756
5.51573, 127.613, -382.812
3.04573, 564.959, -756.021
4.11797, 456.851, -167.431
5.03403, 30.9724, 299.619
4.76521, -645.334, 768.546
4.77315, -153.344, -489.419
4.91125, 906.612, 902.252
5.07896, 360.428, -652.397
4.50207, 175.383, 799.203
4.22945, 869.452, 396.584
6.64533, 884.801, -190.379
3.02204, -663.404, -724.74
6.40057, 513.671, 489.161
3.19919, -285.215, -226.981
2.62171, -747.241, -509.008
6.0664, 357.405, -659
7.15538, 133.148, -756.523
7.47667, 234.401, 151.051
3.86264, -885.531, 165.237
3.6923, -497.157, -239.823
3.87328, 884.372, 600.044
5.70836, -860.524, -690.479
5.17637, 285.863, 134.772
6.8967, 773.872, -298.354
6.75968, -652.148, -722.472
2.98004, 824.751, -50.5848
4.66818, -701.186, 196.962
3.17045, -151.6, -717.541
5.86802, -206.094, 317.633
5.34964, -50.7489, -456.945
3.66474, -523.082, 558.747
5.50306, 242.311, -636.723
2.6551, -728.237, -0.311547
7.08512, 528.994, -281.904
3.82958, 851.624, -187.972
6.50016, -160.642, -504.649
5.46389, 143.692, -721.856
5.0822, 347.449, 555.567
5.2567, 352.604, 578.839
3.47225, 467.974, -206.568
5.36152, 127.235, -674.154
3.81992, 183.005, 406.23
4.41648, -783.49, 512.417
2.73626, -680.577, -877.981
4.22823, 550.669, -694.982
3.61594, 624.016, -412.477
3.81264, 35.1518, -714.907
3.05141, -398.261, -456.506
7.40088, -673.237, -10.0054
5.93794, 762.025, 615.214
5.82158, -543.956, -355.601
5.99501, -585.755, -654.389
2.68746, -764.864, -702.337
3.6706, -638.984, -731.141
3.95397, 714.766, 652.771
3.50543, 54.3561, -254.621
2.7177, 317.011, 253.562
2.56571, -491.889, 547.492
6.07297, -480.678, 781.31
6.88348, -836.937, -575.876
5.35088, -872.973, 364.235
6.92743, 838.088, 823.409
5.20042, -393.423, -266.059
3.31357, 865.217, -655.362
3.30492, 947.943, 473.142
7.19182, 300.466, 274.406
3.45628, 510.246, -784.18
3.15761, -9.16689, -117.236
4.41122, -249.075, -6.57656
6.12674, 270.581, -185.947
2.50651, 553.649, 819.352
4.60222, 27.7427, 714.641
5.18984, 247.232, -213.025
4.86596, -223.648, 231.303
6.33003, 546.23, 827.102
2.9396, 504.295, -483.208
7.04284, 154.243, 321.005
3.20818, -809.278, -402.011
2.54782, 321.928, -20.7386
2.82267, 263.154, 478.231
4.96742, 367.425, 220.439
5.40914, 493.185, 927.006
4.03373, -896.379, 536.533
4.57091, 817.436, -42.3315
4.33401, -612.197, -628.572
3.42687, 152.598, 635.996
2.76788, 609.69, 113.117
4.47222, 484.073, -50.1776
3.98388, -322.091, -168.952
5.05388, -382.861, 813.762
3.75392, -679.691, 214.141
5.01589, 910.566, 890.437
2.51168, -6.53175, 767.839
7.01807, 887.353, -442.008
2.79181, -905.341, -898.561
5.17506, -586.288, 756.994
3.95754, -380.741, 786.442
7.3023, -778.766, -232.754
4.73406, 347.021, -78.1763
5.08479, 819.193, 199.242
5.93861, -303.997, -3.90144
2.72187, -155.947, 44.7433
7.2946, -766.668, 584.697
5.70852, 373.777, 142.687
2.80215, 519.463, -688.707
3.33964, 91.1726, 259.438
5.76491, 450.186, -205.894
6.19864, -784.89, 340.29
3.57011, 833.984, 224.112
4.31441, 116.757, -729.011
6.56981, -642.799, 895.546
5.32057, 798.262, -477.938
7.45886, -28.1204, -815.127
6.5669, -771.26, 337.66
3.49157, -928.566, -14.7947
2.50003, -153.273, -777.132
4.62608, 862.164, -692.01
4.07406, 805.241, 189.473
5.56218, 593.441, -884.293
3.83351, -162.844, -516.878
4.39881, -590.212, -82.6872
5.43397, 872.079, 267.606
5.95636, -120.24, -459.626
7.26736, -395.849, -531.213
4.89785, -299.555, -885.924
3.60319, 389.359, -667.005
5.33741, -657.363, -470.803
6.09873, 338.434, 307.612
4.4953, -502.955, 571.212
3.48326, -667.876, 937.177
6.66971, -635.305, -761.348
5.59561, -447.693, -843.249
7.26866, -273.167, 152.656
3.23222, 16.7498, -203.037
5.38953, -1.87584, -432.772
7.26796, -431.354, 660.889
3.62331, 694.316, -929.867
7.25137, -492.865, 753.199
3.07874, 787.955, -488.187
2.58372, -0.727902, -191.349
3.90465, -311.145, -133.626
7.15042, 600.65, 130.153
3.04796, 750.774, 832.825
6.77266, -0.606704, 720.476
5.68532, -684.012, -710.255
5.63853, 401.581, -674.623
3.80589, 725.641, 655.443
5.13936, -876.138, 170.641
7.16608, -253.065, 849.622
3.98055, 871.263, 92.5826
4.78006, 184.036, 367.565
6.35659, -631.241, -582.993
4.17193, 174.492, 119.111
6.31775, -36.3445, -806.467
6.65892, -8.89267, 880.917
2.64618, -721.309, 555.326
4.31315, 685.421, -253.485
4.16221, 264.65, 493.691
3.17675, -457.946, -240.588
3.00839, -282.203, 611.643
5.11327, -582.702, 770.282
3.52046, 42.114, -498.195
5.00728, -832.169, -577.454
5.1371, -29.5979, 880.57
4.13422, -246.712, -257.43
4.75888, 261.68, -381.99
6.85263, -40.3961, 896.895
4.72884, 587.528, 827.362
6.03726, -458.69, -798.784
6.83171, 881.855, -699.04
6.5822, 808.429, 191.59
2.67504, 822.609, 796.249
3.8644, -612.046, -265.548
5.21858, -398.641, -427.535
3.19942, -875.151, -536.954
5.57408, -724.279, -870.691
3.29182, -621.064, -638.85
4.41129, 114.143, 211.997
5.94997, -102.243, 176.44
3.21128, -386.542, 471.227
5.65284, -797.168, 735.123
3.15973, 154.987, 872.227
7.13583, -703.121, 207.394
5.53465, -895.361, 762.278
5.50388, -840.347, 325.848
3.33635, 574.757, -500.272
3.301, -796.661, -414.034
5.91628, 589.651, -22.8165
5.1456, -685.333, -33.7991
3.65264, -92.166, 698.411
6.55373, -458.995, -63.9598
5.76477, -416.201, -541.111
4.08597, -592.632, -584.213
2.53953, -251.819, -782.193
3.49176, 730.977, 640.878
3.78831, 17.778, 368.511
3.03825, 833.572, 29.9827
3.49545, 105.047, -400.89
6.75079, 793.223, -762.831
6.63912, -860.243, 189.885
6.76813, -852.684, -580.816
5.71027, 295.39, 765.719
3.6787, 691.592, -923.031
6.80638, -504.782, -751.543
5.4745, -31.5698, -137.291
2.52745, 517.038, -54.6715
6.84925, -623.094, -452.346
7.37729, 614.224, 167.825
5.59653, 340.258, 43.0083
3.85574, -848.9, 352.249
7.46973, -200.273, -537.303
4.60751, -667.968, -470.349
4.20537, -774.115, -593.014
4.80717, 335.381, -94.8108
4.44822, 247.376, -403.368
4.613, -5.97762, 507.375
2.84879, 141.251, 304.496
5.5153, 12.5887, -140.185
7.36114, -51.745, 200.053
5.07406, -713.066, -503.199
7.45461, 875.378, -116.752
5.84906, 582.243, -135.729
4.01716, -595.927, 51.677
3.47371, 817.176, 568.168
4.0109, -754.062, -843.791
4.93946, -352.594, 447.832
4.72438, 497.341, 937.523
5.7844, 361.876, -860.977
3.74227, -737.573, -683.906
4.72007, 43.0203, 532.983
5.75894, -676.2, -47.8586
6.67472, -708.356, 256.916
6.03698, 171.137, 784.446
4.93928, -826.188, -620.189
6.72039, 383.555, -204.068
7.00296, -501.166, -239.856
6.33082, -693.484, -469.882
5.29453, 636.145, 883.287
2.70603, -13.9284, 92.754
5.46749, 546.548, 82.6427
2.68674, -631.238, 798.78
4.53488, 91.5176, 418.812
2.84243, -918.132, -855.402
7.38558, -731.449, -859.445
2.5956, -506, -224.172
6.60363, -166.538, -250.61
5.2195, -381.322, 789.223
5.72828, 730.722, -333.392
3.62934, -265.355, -40.2592
2.733, 879.695, -694.138
3.63154, 210.807, -548.89
4.58371, -635.891, 126.954
6.40126, 249.131, -606.154
3.72852, -847.027, 326.857
4.81411, 606.954, 112.197
6.14756, 906.883, 278.373
5.35237, -344.005, 783.3
5.45997, 900.939, 893.707
4.98425, -837.394, 252.005
3.951, 456.516, 167.097
4.71107, 22.4411, -191.346
2.53669, 821.555, -415.05
7.41683, 489.373, -343.029
2.52822, -747.76, -200.587
4.8676, -91.2162, 701.164
5.86497, -337.899, -154.484
