6.27803, -642.438, -535.858
3.5948, 123.31, -210.666
5.89648, 363.718, -639.871
5.09708, -229.812, 654.691
2.76731, -743.799, 635.822
2.53849, 246.089, 41.5576
4.58743, -589.084, -171.602
7.15218, 243.485, 307.18
2.95982, 32.4017, 500.577
6.00595, -162.991, 186.725
3.81226, 583.967, 669.809
4.14117, 422.394, -650.852
7.45519, 275.643, 163.912
7.41275, -504.812, -207.975
5.75759, 278.114, 337.053
6.92354, 216.311, -601.281
6.33247, -112.473, -441.926
3.87453, -543.907, -121.329
4.93259, -491.525, -230.728
2.80282, 756.862, 726.609
5.08146, -33.8574, 616.183
4.96988, 625.782, -450.588
7.23882, -638.935, -542.036
4.42071, 23.8206, -573.068
5.14874, 751.088, -359.858
2.75042, 617.277, 45.4539
6.63909, 411.26, 412.102
5.94228, -571.682, -507.833
6.18112, 214.641, 642.636
6.94286, 708.112, 448.368
4.25508, -326.071, -389.148
6.72991, 270.297, 12.4041
3.84659, 472.091, -110.279
4.83959, 77.4417, -185.107
3.2686, -644.562, -542.82
2.66527, 442.649, 149.148
7.2768, 78.0037, 40.6281
6.95369, 178.774, 361.8
3.29884, 439.521, 83.6451
3.15214, 339.563, -518.783
2.515, -427.588, -646.878
6.0491, -588.34, -193.715
3.40448, -434.167, 607.254
5.76029, 626.765, -287.298
4.42907, 339.471, -548.862
3.23766, 40.9975, -181.03
5.45054, 488.865, -22.8265
3.24076, 86.94, 620.571
3.2091, -141.094, 651.511
4.94257, -376.414, -9.97169
3.13015, 601.778, -59.8784
5.64635, -255.343, -426.488
5.60817, 226.283, -450.008
4.88216, -440.608, 569.213
2.64188, -368.21, -127.702
3.21011, -2.17071, 622.556
3.15594, -190.879, 696.942
3.31099, -713.165, 647
3.76529, -139.88, -554.759
4.77654, 415.155, -668.2
6.54472, -22.7208, -210.93
3.57624, 226.262, 605.771
3.75063, 616.627, 335.269
5.02978, 16.5517, 623.356
6.27922, 481.852, 106.392
5.66369, 622.72, -78.7821
5.9449, 467.119, -113.763
7.27207, 709.478, 451.599
5.18713, -483.551, 554.921
4.57014, -517.907, -115.001
4.70019, 411.309, 103.416
6.07821, 578.053, 405.796
6.20858, 255.494, 324.786
5.12494, 683.458, -759.02
6.06711, -585.336, -166.4
5.91025, 282.102, 19.5589
6.82941, 709.792, -430.816
3.19597, -98.0087, 590.086
3.57766, 663.998, -249.852
5.0733, -254.904, -191.843
4.83766, 92.9111, 523.487
3.55759, -237.871, 598.357
5.65244, -579.488, 721.314
2.5044, -661.899, 256.631
4.09589, 302.46, 392.939
5.90281, 271.411, 4.45692
6.0446, 511.687, -430.526
2.90869, -685.042, 502.002
3.56926, 295.502, 424.383
4.44412, -588.677, -555.171
4.44927, 702.742, 680.22
3.92018, 274.395, -476.282
4.6123, 393.174, 402.054
2.55658, -616.697, -589.997
3.72027, 772.461, -601.008
4.49072, -657.544, 532.081
6.64177, -716.054, 221.862
3.78584, 747.644, -679.922
3.59705, -637.699, -515.003
6.47385, 284.584, 382.526
5.8476, 322.094, 323.856
5.49108, -668.016, 190.834
5.99917, -254.235, -451.91
5.13062, 420.343, -581.071
4.14833, 324.03, 126.201
3.30844, -787.837, 159.679
6.56633, 494.448, 37.9992
4.08004, 272.85, 201.87
4.05369, -115.804, -582.908
4.65424, 9.93775, 36.8828
4.46509, -223.835, -446.849
4.43916, 55.9293, -180.531
4.34871, -533.007, -429.043
5.88118, 287.354, -450.714
6.10384, 220.629, 20.9
7.20082, 15.0127, 647.443
5.08573, -183.255, -367.462
5.5282, -143.947, 194.741
5.85049, -556.169, 727.337
5.11404, 35.4681, -93.1092
3.87105, -678.128, 565.684
7.08924, 233.016, 321.368
3.73367, 699.343, -452.27
4.77876, 225.221, 296.304
3.30374, -705.577, 608.776
4.68319, 166.346, 268.769
7.45767, 258.321, 164.426
6.26931, -321.478, 386.48
4.97846, -579.666, -515.812
7.01651, -627.215, -535.639
4.68213, 458.197, 428.866
5.09239, 79.0547, -574.707
4.44866, 132.705, -446.075
5.63431, -102.111, -391.493
5.19331, 305.679, 166.538
4.35955, 465.677, -435.178
2.54674, -220.111, 242.982
6.3794, -20.3353, -575.519
2.85317, -532.312, -541.212
3.98511, 346.518, -620.751
4.78581, -21.8155, -569.83
3.25156, -95.8525, -60.69
5.97819, 497.983, -382.31
4.15587, 277.863, 168.426
5.21197, 754.81, -726.541
2.64678, 647.528, -776.049
5.38086, 58.2582, -149.352
5.18133, 205.855, 337.476
7.36678, -646.574, -654.347
5.57063, -231.945, -443.959
5.26431, -707.323, 210.134
6.69051, -212.689, 675.379
3.75764, -433.984, 605.918
6.98957, 476.135, -112.482
5.97428, 449.087, -372.661
5.82752, -410.225, -128.486
3.06838, -577.76, -405.656
3.37987, -653.438, 217.401
2.91253, -77.8087, 102.63
6.68103, -111.564, 248.219
2.64818, 720.367, -630.515
6.34719, -45.4131, -545.49
4.29829, -395.668, 613.383
6.24626, 77.5434, 466.569
6.28385, 312.792, 109.388
3.60834, -435.913, -624.37
5.58305, 275.194, 109.973
3.66846, -349.558, -168.719
6.22052, -723.904, 232.891
5.80997, -557.212, -501.531
4.9209, 745.86, -598.484
2.58972, 658.169, 66.6078
4.98291, 284.32, 213.866
5.09587, -16.2123, -540.77
4.71395, -679.44, 348.718
4.14528, -32.0138, 647.522
3.52671, 366.283, -58.0096
7.19863, -80.978, -384.021
2.85168, -497.404, 642.494
3.30042, 105.93, -617.652
6.70788, -525.305, -134.477
4.13614, -168.132, -148.114
6.85942, 219.601, 297.297
5.99896, 575.707, 514.257
5.52801, 695.62, -141.528
4.77536, 70.4671, -194.075
2.91543, -429.865, -230.714
3.94883, 74.4606, -191.861
6.51009, -613.67, -421.525
6.81821, 239.853, -37.2083
3.81831, 297.108, -499.045
4.79881, -646.998, -217.871
4.95672, 457.407, -404.764
5.82344, -450.424, -619.371
7.31738, -497.499, -219.757
7.23022, 423.925, -602.371
2.81902, 266.022, -477.924
5.04829, -503.62, -301.974
6.13222, 673.963, 497.775
5.65882, 392.509, -191.286
3.26658, -764.131, -758.102
5.09652, -673.579, 346.779
3.52281, -405.246, 504.539
6.03231, 352.453, -652.383
6.05786, -424.37, -119.428
3.66304, -382.545, -199.269
6.80594, 75.902, -194.78
2.67122, 15.3641, 636.423
6.26587, -633.665, 285.02
4.14789, 455.059, 106.514
4.65309, -110.986, -365.176
7.33455, 599.73, -69.6983
4.05803, 643.627, 544.353
5.69762, 734.393, -737.882
5.95386, 610.901, -36.212
5.36403, 38.2163, 503.814
6.60667, 752.524, -598.913
4.21807, -568.552, -451.206
5.09387, -574.325, -474.147
6.78438, 67.0456, -586.354
6.18587, 240.503, 25.2665
3.45992, -665.724, 152.794
2.83145, -271.063, 278.821
3.60828, 752.47, -671.538
3.33656, -218.781, -89.3065
6.31172, 356.169, -618.177
5.44905, -708.417, 183.021
4.65223, 769.07, 731.205
7.09618, 525.091, 8.69765
5.09668, 278.994, 208.545
7.38058, -581.774, -87.6924
5.15714, -369.886, 10.8806
2.98716, 308.275, 70.1332
5.83983, 307.566, 138.026
5.44444, 269.51, 5.92645
5.01137, -542.697, -157.666
2.75808, -668.051, 246.73
2.6753, -196.363, -209.587
4.41484, -615.783, -594.22
5.55555, 340.526, 110.702
5.06574, 590.884, 678.099
5.98498, 215.546, -16.593
4.89891, -48.879, -123.836
3.88323, 111.266, 392.972
6.01685, -371.786, 81.4476
3.67701, 602.71, -52.8943
6.41501, 79.2631, -197.857
6.60589, 198.887, 577.7
3.21842, -419.578, -59.3832
5.75757, -395.475, 607.296
3.87677, 821.251, -660.967
7.26215, -434.749, 649.871
4.58238, -525.321, -127.079
3.03869, -127.967, 189.69
4.70633, -710.23, 484.531
6.28811, -438.16, -201.586
2.77803, -476.481, -232.349
3.51241, -21.8226, 44.8158
6.82305, 710.156, -608.203
6.52456, -230.886, -41.1501
2.78861, -667.755, -411.531
4.40304, 11.4447, -597.715
4.56124, 56.4258, 557.369
2.80071, -278.283, 278.744
7.09746, 611.754, 587.244
3.35398, 530.94, 737.099
6.51634, -629.694, 219.968
3.88599, 519.495, -24.5547
4.44586, 146.68, 714.152
7.19936, 14.4157, 630.464
6.24573, 54.6072, -153.85
3.44774, -424.063, 590.826
6.89581, 241.857, 360.711
6.8953, 316.933, -579.02
3.30515, -611.998, -227.13
5.87346, -529.662, -242.339
6.89096, 516.869, 102.735
6.98262, 333.686, 373.921
3.06535, -78.2667, 603.058
5.93789, -187.604, -234.63
3.21651, -557.129, -469.232
3.6901, 277.518, -10.4554
5.64383, 692.587, -118.093
4.312, 617.167, 334.379
4.64437, 702.99, 527.482
4.91936, 24.5826, -575.623
6.20379, 125.945, -164.952
3.23098, -488.95, 509.723
7.36238, -612.496, -417.091
7.3158, -503.916, -244.842
3.14741, -346.016, 545.111
5.3784, -141.793, -408.574
4.66439, 127.951, -201.167
5.50066, -247.544, -196.901
5.85098, -527.095, -127.829
4.5137, 437.715, 759.335
6.46691, 707.115, 524.309
4.89889, -580.617, -193.627
5.72449, 317.661, 212.975
4.28836, -234.36, 616.263
5.96794, -234.951, -207.272
5.83428, -433.916, -538.822
3.22071, -436.831, 540.975
7.10415, -606.42, 248.582
4.22228, 54.2791, -190.164
6.66824, -271.696, -470.6
2.74349, 302.302, -510.875
3.27936, -194.103, -26.6657
2.55765, 310.857, 375.109
3.94327, 15.9285, 528.916
5.07295, -266.341, -177.811
3.65948, 610.063, 428.038
2.75022, -188.017, -29.0678
5.33091, -610.785, -569.545
6.69774, 28.4856, 610.732
4.28763, -620.562, -563.849
4.3452, 118.615, 691.949
7.22226, 286.113, 84.6342
4.72425, -555.815, -191.694
6.82086, 293.231, 136.545
5.82654, -561.978, -488.384
5.79297, 112.652, 542.795
7.10736, -796.507, 764.36
5.11536, 735.556, -733.133
5.45229, 328.439, -423.905
5.79944, 621.625, 533.792
4.24765, 335.532, 380.068
4.11714, 230.715, 4.4106
7.08984, 27.1465, 588.64
3.08619, 684.988, -453.332
7.31268, 523.356, -110.255
5.17978, 104.217, -199.968
5.81447, 645.213, 513.256
5.48362, 703.25, -465.25
6.93363, -535.266, -581.826
6.67999, -615.712, -523.352
6.69339, 300.318, 136.213
6.85642, -120.342, 214.165
2.5002, -651.946, 186.082
4.77274, 334.996, 123.537
4.25696, -639.824, 232.969
5.80713, -213.944, 592.591
6.22234, -677.871, 229.456
3.3821, -150.752, -430.064
7.4621, 788.071, -571.978
5.95466, -637.138, 228.218
6.97862, 317.845, -3.41615
3.51579, 279.184, 15.0059
7.2356, -428.58, -230.71
4.88476, 729.126, -467.909
6.78578, 735.238, -628.595
6.41237, -618.987, -505.109
5.70687, 753.178, -654.134
3.14521, -727.63, 198.017
5.77944, -68.8866, 612.793
3.09199, 79.0941, -88.5563
3.88793, 216.932, 614.474
6.65548, -251.848, -198.364
6.14153, -636.11, -498.06
6.74348, -721.037, 204.83
3.43989, -636.14, -644.208
6.09602, 401.016, -282.529
4.25586, 268.203, 244.35
3.34555, -458.541, -539.127
4.52383, 251.604, -563.763
4.20924, 126.965, 659.553
6.67141, 269.382, 26.2077
3.9111, 642.842, 499.969
5.16766, -641.468, -550.046
6.25085, 748.551, -701.164
4.62554, -637.706, -485.78
4.66964, -419.694, 683.386
3.03022, 735.15, -801.015
6.4639, -141.539, -411.345
3.91232, -569.975, -517.566
7.14264, -431.238, -214.343
5.37926, 311.077, 383.969
3.4895, 624.949, -306.073
5.99081, 429.365, -602.632
3.07265, 289.109, -568.546
4.22945, 218.87, 639.767
4.15646, -437.51, -212.973
6.42735, 718.742, -650.228
6.65775, 373.85, -109.129
4.21712, -668.829, 642.761
4.2603, -244.319, 664.564
6.38197, -34.8318, -599.382
6.58658, -59.2655, 632.296
4.26157, -244.146, 162.105
7.09559, -440.656, -171.535
3.2877, 303.312, 110.068
5.56029, -455.713, 553.997
5.54222, -434.827, 539.617
3.16647, -184.41, -488.498
3.51409, -643.124, -539.643
4.79457, -638.177, 561.135
3.48759, -448.403, 607.939
6.77118, -679.672, 212.307
6.54562, -543.18, -480.475
2.80131, -697.078, 566.451
6.50584, -649.959, 532.205
5.49597, -141.553, -419.243
7.43182, -656.937, 219.748
2.65919, -15.7349, 601.749
6.8356, 753.733, -670.181
3.69109, 494.758, 230.17
3.6127, 240.171, 290.949
4.73907, -556.09, -576.231
2.61231, 678.221, -39.7958
6.79755, -202.789, -58.8825
4.15902, 225.204, 277.431
5.72195, 287.622, 123.013
7.43521, -574.409, -479.868
5.30162, 290.447, -426.687
4.74553, -626.22, -230.988
5.213, 29.3348, -574.396
2.90797, 588.915, -50.2299
3.99606, -606.468, -179.867
6.63964, 606.229, 577.87
6.48936, 442.419, 744.867
5.71048, -50.8035, 681.432
4.84105, 454.262, 179.6
7.15326, -142.508, -420.749
5.08798, -191.366, -59.0167
7.42924, 727.868, -372.806
5.94567, -20.4636, -553.922
6.19966, -148.965, -397.691
3.46323, -448.781, -640.953
6.08881, -447.838, 567.183
6.11146, 505.434, -4.22958
6.49298, 322.919, 109.617
4.23216, 228.12, -705.241
5.1481, 133.664, -315.135
3.19001, 635.658, -254.551
6.73218, -268.675, -174.156
6.32766, -27.3125, -575.254
7.5, 713.443, -446.646
4.24891, 484.097, 736.644
5.50367, -499.033, 626.045
3.50808, -404.094, -22.8847
6.2385, 68.3585, 56.5322
6.49225, 662.033, 169.801
3.03505, -657.925, 148.276
5.35813, -380.873, -24.8544
2.84683, 270.299, -330.194
4.16036, 728.864, 528.215
5.80945, 346.838, -549.9
5.27726, -48.4039, -83.3492
7.12415, 266.189, -9.33184
2.69832, -384.688, -5.50825
2.62083, -221.215, 58.1909
4.61923, 212.142, -487.786
4.36987, 284.525, 126.981
2.93303, -244.783, -172.388
3.05403, -53.3393, 136.198
5.31992, 287.98, -377.302
7.37269, -51.0136, 584.788
3.05066, -46.8082, -542.74
5.99352, 144.263, 616.755
2.79674, -0.572644, -561.131
4.69755, 602.888, -51.6216
5.24651, 742.971, 621.076
3.45129, 541.124, -615.553
7.36597, 284.688, 148.129
3.19593, -500.6, -48.7578
5.48978, 724.805, -467.856
7.12812, -732.273, 625.083
3.91116, 11.3011, 647.64
6.8307, -116.498, -126.855
6.29598, -44.8124, -347.801
6.10793, 278.157, 363.294
3.34241, -253.774, 255.486
3.32882, 700.571, 325.384
3.39076, -664.496, -620.999
5.87226, 235.287, -454.85
4.83484, -156.232, -206.955
6.85219, -606.335, -379.025
5.76023, -585.422, -106.685
5.80464, 776.943, 764.2
2.58037, -602.498, -482.581
4.30596, -597.267, -550.497
3.72747, 630.937, 104.809
6.93086, -736.409, -719.584
5.23701, 709.182, 758.616
6.57209, -21.5004, -586.048
5.24453, 126.97, 609.845
4.16156, 373.321, -30.4375
4.40213, -33.6886, -582.999
2.52389, 600.756, 496.424
6.95226, -185.326, -397.902
6.16955, -437.587, 636.226
6.04239, -79.1558, 591.735
5.1278, 83.7373, -192.643
6.41065, 44.0203, -577.463
3.42484, -361.077, -398.074
5.72673, 252.732, 357.411
3.42178, -483.418, -219.586
3.31214, 41.9253, -196.161
2.65594, -222.194, 655.38
7.42716, 21.0105, -606.032
4.04559, -241.886, -415.093
4.11075, -467.747, -246.267
5.51155, 210.807, -65.5621
2.89107, -276.386, -666.807
3.93936, 61.254, 75.5696
5.79307, -151.423, -408.838
7.36348, -658.882, -359.05
7.27758, -366.792, -559.343
7.42745, -481.288, -224.104
7.30478, -582.285, -532.878
3.0073, -385.733, 647.045
3.71505, -139.102, -407.186
6.91151, 47.9866, -146.167
5.28805, 277.358, 367.029
6.7669, 587.306, 491.935
7.49145, -406.115, 573.322
3.99751, -222.275, -616.185
6.33157, 704.855, 444.218
4.81901, 225.507, -55.8524
6.8168, -628.746, -527.503
6.99018, 690.971, -167.145
7.377, 206.166, -354.634
2.77405, 416.506, 13.985
6.32605, 730.031, -657.137
5.09219, -693.38, 590.286
3.46574, 679.949, -116.998
6.98252, 298.53, -514.93
6.38492, -688.375, 234.868
2.75968, 277.339, 387.598
7.47331, -738.979, 660.068
5.93659, -169.929, -440.806
5.94854, 705.305, 417.757
6.57666, -429.69, 575.297
7.05426, -195.228, -412.025
3.34218, -119.461, 209.347
5.24183, -391.103, 612.165
6.53351, -378.954, -161.484
4.17803, 285.868, -447.619
5.53435, -103.857, -32.219
6.59602, -633.678, 159.636
7.3485, 67.5788, -186.418
6.29349, 598.179, 462.992
3.72113, -122.091, -127.525
5.80589, -572.461, 291.469
4.21574, -498.247, -239.144
7.27146, 261.846, -307.876
2.60828, 588.486, 513.74
4.54979, -797.992, 784.236
2.55789, 468.073, -630.358
3.04964, 669.918, 202.322
5.28259, -680.772, 267.819
4.45466, 24.3148, -156.208
7.20539, -26.973, -107.358
2.55572, 223.356, 294.213
6.22897, -135.695, -408.303
3.84293, 309.451, 114.252
4.27153, -685.498, -503.66
3.45835, -419.556, 624.871
5.14832, 193.086, -4.45603
4.39478, 14.3135, -580.548
3.16407, -91.463, -573.17
4.26563, -134.436, -412.926
4.2497, 779.434, 739.376
7.41084, 474.601, -2.52568
5.25961, 52.7337, -149.303
4.99918, -25.3469, -591.735
3.58531, -663.607, 206.727
4.37311, -30.5163, -357.557
6.78251, -642.828, -546.145
6.45578, 687.867, -451.139
3.9204, -496.807, 641.223
5.07645, 243.37, 177.933
6.79238, -233.513, -62.6825
7.07844, -631.008, -214.289
7.48941, 91.0464, 627.71
6.53177, 70.7227, -200.173
5.22718, -617.285, -222.009
7.3461, 30.1422, -578.13
5.31931, -544.846, 322.321
4.03031, -454.824, 612.348
5.41853, 646.995, 687.736
2.91197, 74.9601, -193.38
5.47382, 283.572, 385.431
3.31968, -670.172, -526.937
6.46527, -616.757, -592.74
2.95373, 663.7, 534.949
6.3072, -532.113, -586.74
6.83996, -195.37, -59.8959
6.40105, 42.0619, -142.677
6.61399, 713.402, 690.418
6.70974, 247.433, 414.474
4.48328, 211.308, 56.138
6.508, -82.957, 104.865
6.56811, 258.39, 17.5449
5.43493, -376.142, 5.2666
4.64621, 588.199, -46.6305
2.5002, -164.702, -419.469
5.31153, -695.317, 209.683
6.22632, 338.138, 130.89
3.89846, 681.664, 250.99
2.93406, -669.803, 508.363
3.5733, 714.012, -660.305
3.93296, -413.564, 614.313
4.86595, -397.079, 435.396
6.95893, 693.594, 685.639
5.91955, 464.759, -402.164
3.54376, -3.97084, -217.082
6.67533, 763.629, -34.146
7.09218, 748.425, 741.361
4.48244, -548.335, -595.845
6.37858, 394.735, 390.733
5.68161, -39.0385, -92.4564
6.64746, 288.042, 126.697
3.40204, 453.748, -394.264
7.45927, 424.831, -595.2
6.70558, -8.61746, -564.286
4.65177, 711.265, 201.167
4.38589, 484.321, 760.943
2.70802, 444.502, -383.808
6.80715, -589.118, -492.968
6.62116, 770.252, -704.117
6.25052, -132.719, 607.114
3.55801, -251.039, 664.45
4.31029, -625.941, -209.613
4.43545, -610.137, -412.6
7.32918, 572.286, 503.7
6.5872, -37.1214, 612.685
4.5755, 9.52713, 376.375
5.83759, 336.675, 111.341
2.52101, 489.838, 725.969
6.98048, -710.514, 242.033
3.68416, -218.961, 278.976
3.79415, 250.048, -227.416
5.4939, 330.499, -587.104
6.89823, -660.726, 189.332
6.16299, -642.511, -438.309
6.0773, 629.159, 513.299
3.57724, -449.544, 598.099
6.30413, 684.511, -768.881
3.85351, -260.558, -477.472
2.75246, 431.645, 160.951
4.78866, 290.11, 219.454
2.58759, 439.83, -572.016
3.01129, 38.4187, -79.9821
2.639, -239.357, 166.562
5.65921, -294.845, -431.282
6.34425, 68.5403, -187.109
2.74132, 402.731, -532.992
6.6924, -12.6951, -587.698
6.76899, -189.087, -159.428
6.57649, -441.827, 566.756
6.85188, 691.097, 342.058
5.27222, -481.689, -237.192
6.12646, -229.624, -47.4227
3.20424, -426.912, 596.498
6.6115, 435.818, -441.704
5.51185, 438.797, -50.9778
4.93856, 421.427, -636.948
6.14942, -143.978, 623.845
4.05164, 769.964, -557.917
3.93925, -700.989, 209.934
5.45857, -745.342, 624.958
5.34055, 525.531, 622.485
5.41059, -542.382, -548.583
2.84132, -748.125, 196.612
4.34304, 53.6556, -169.897
6.28475, -587.296, -512.365
6.35297, -446.134, -651.1
4.27217, -421.332, -201.463
5.98913, 95.6307, 602.203
5.08005, -477.545, -221.682
5.94494, 255.2, 51.474
6.18066, -55.5349, 679.364
2.56231, -269.459, -430.312
7.16549, 470.765, -6.13083
5.37826, 362.461, 116.863
3.05587, 506.033, 689.317
4.87388, -104.34, -55.0932
3.24247, 281.123, 175.53
4.22594, 242.364, 352.46
7.04476, -639.433, 227.778
4.54571, 66.6303, 472.574
5.96642, -587.96, -108.827
3.35865, 366.283, -569.401
6.21715, 665.331, -433.063
4.16319, -461.436, 615.043
4.62157, 444.331, 187.304
2.79523, -209.992, 74.6152
5.09005, 221.367, -62.0749
5.94425, 306.458, -457.915
5.01149, -199.422, -54.4333
6.56617, -111.888, -584.257
3.07974, 111.44, -632.553
5.24841, 284.418, 391.283
5.06046, 273.009, 39.6256
6.02649, 723.43, 460.337
5.65083, -218.388, 658.674
4.0207, -81.0079, -641.277
6.74719, 360.61, 127.768
3.39619, 527.357, 13.1529
2.61737, -412.094, -127.458
4.19467, 535.13, -14.2516
3.43818, 283.386, 37.3646
6.60467, -196.37, 53.1315
6.72507, -573.865, -191.49
6.78031, 763.39, -662.576
7.37454, -707.673, 607.26
2.99587, 358.284, -413.871
2.56182, 605.885, 520.178
2.58614, 217.523, 277.263
2.64527, 340.341, 95.4026
4.1031, 58.1723, -152.934
6.17815, 503.854, 231.3
3.14876, 205.367, 348.856
2.5161, -332.359, 358.989
6.91905, 15.1765, -600.373
3.70482, 310.612, -546.182
4.38481, -738.801, 626.667
4.44879, 503.833, 105.992
2.81534, 485.555, 213.123
7.30792, 161.418, 586.038
3.75349, 651.512, -202.786
6.85376, -550.506, -49.5951
2.85991, -688.545, 176.84
2.70653, -334.996, 494.056
3.46378, 230.594, -466.058
3.86708, -255.985, 270.398
7.4007, -672.369, -344.268
3.60607, 261.769, -479.963
6.43119, -710.083, 594.571
4.42306, 164.217, -297.589
3.78593, 313.633, -596.63
3.91087, -667.123, 246.059
7.33834, 622.106, -38.1977
4.22841, 467.953, 133.016
3.45922, -627.934, 522.572
5.05037, -503.285, -194.273
5.21857, -383.364, 650.147
5.72333, -614.521, -517.408
3.89738, -48.665, 562.035
3.41887, -277.201, -440.713
2.71579, -657.958, 191.081
3.98408, -471.979, -227.604
4.25548, -178.28, 121.121
7.09372, -480.467, 558.296
5.81225, 445.617, -242.891
5.08041, 629.422, 513.38
4.03763, 404.399, 415.541
3.0007, -149.507, 106.754
3.47502, 330.026, -618.101
4.11407, 109.597, -282.766
5.56182, 657.107, 104.292
5.13511, 731.037, -687.894
3.45653, 273.167, 159.003
4.7178, -536.224, -488.894
4.48693, -397.876, 629.102
6.28051, -567.675, 654.587
6.6213, 643.896, 504.174
5.51573, 55.5737, -257.103
3.04573, 394.481, -574.388
4.11797, 372.735, -167.867
5.03403, 132.12, 244.908
4.76521, -434.313, 575.319
4.77315, -149.04, -394.174
4.91125, 750.028, 729.166
5.07896, 293.982, -546.753
4.50207, 98.9165, 656.849
4.22945, 578.015, 314.732
6.64533, 691.518, -114.347
3.02204, -613.007, -490.247
6.40057, 415.401, 411.067
3.19919, -253.205, -198.057
2.62171, -627.393, -575.876
6.0664, 357.446, -553.149
7.15538, 31.6992, -597.462
7.47667, 302.206, 134.222
3.86264, -659.993, 274.706
3.6923, -431.128, -213.044
3.87328, 525.381, 519.981
5.70836, -632.051, -538.205
5.17637, 280.115, 116.704
6.8967, 636.788, -337.568
6.75968, -630.32, -541.727
2.98004, 633.478, -47.0787
4.66818, -715.736, 247.585
3.17045, 50.6802, -551.733
5.86802, -152.966, 213.438
5.34964, -148.125, -428.535
3.66474, -365.998, 705.336
5.50306, 264.304, -475.17
2.6551, -464.842, -72.6263
7.08512, 385.429, -288.506
3.82958, 679.479, -38.0028
6.50016, -139.49, -378.371
5.46389, 40.9277, -632.855
5.0822, 290.386, 385.293
5.2567, 281.346, 362.767
3.47225, 363.317, -159.589
5.36152, 106.243, -678.136
3.81992, 243.496, 299.629
4.41648, -704.158, 478.521
2.73626, -584.792, -728.59
4.22823, 467.222, -626.841
3.61594, 495.398, -375.735
3.81264, -17.291, -520.817
3.05141, -262.564, -451.855
7.40088, -573.488, -102.462
5.93794, 635.022, 514.395
5.82158, -504.018, -190.76
5.99501, -659.722, -517.195
2.68746, -612.212, -425.815
3.6706, -689.059, -507.477
3.95397, 673.236, 532.879
3.50543, -61.5956, -97.0192
2.7177, 312.196, 79.4562
2.56571, -391.497, 690.044
6.07297, -423.654, 579.169
6.88348, -575.501, -512.633
5.35088, -651.565, 353.814
6.92743, 761.079, 738.84
5.20042, -422.254, -183.841
3.31357, 709.824, -667.674
3.30492, 807.883, 436.297
7.19182, 284.286, 201.432
3.45628, 507.032, -638.748
3.15761, 108.696, -156.532
4.41122, -198.472, -64.3921
6.12674, 204.467, -64.9323
2.50651, 588.359, 678.235
4.60222, 3.69065, 609.465
5.18984, 248.157, 3.35466
4.86596, -171.419, 229.712
6.33003, 586.015, 680.808
2.9396, 479.769, -438.484
7.04284, 240.021, 228.351
3.20818, -580.131, -519.853
2.54782, 301.188, 43.2032
2.82267, 293.197, 420.888
4.96742, 305.764, 141.004
5.40914, 484.163, 727.957
4.03373, -654.418, 520.241
4.57091, 627.823, -32.7665
4.33401, -645.914, -553.326
3.42687, 92.4287, 534.334
2.76788, 457.011, 129.223
4.47222, 412.261, -65.2379
3.98388, -244.164, -203.638
5.05388, -421.03, 599.617
3.75392, -716.58, 205.487
5.01589, 749.793, 734.088
2.51168, -67.0644, 613.853
7.01807, 709.408, -456.871
2.79181, -742.99, -706.781
5.17506, -434.365, 585.36
3.95754, -428.022, 612.721
7.3023, -607.85, -184.35
4.73406, 259.492, 22.2559
5.08479, 704.714, 220.174
5.93861, -198.183, -70.4149
2.72187, -130.804, -69.8187
7.2946, -673.987, 505.255
5.70852, 254.356, 102.742
2.80215, 228.923, -558.316
3.33964, 238.588, 292.62
5.76491, 359.315, -87.6511
6.19864, -698.594, 177.54
3.57011, 673.71, 217.11
4.31441, 129.713, -576.978
6.56981, -556.467, 706.593
5.32057, 655.86, -382.587
7.45886, -48.4412, -531.099
6.5669, -648.813, 179.456
3.49157, -706.509, 12.7934
2.50003, -13.829, -540.077
4.62608, 702.116, -599.968
4.07406, 679.871, 244.026
5.56218, 541.482, -710.034
3.83351, -79.9335, -384.778
4.39881, -549.439, -53.6732
5.43397, 663.908, 200.484
5.95636, -158.037, -395.31
7.26736, -252.38, -476.788
4.89785, -323.017, -676.862
3.60319, 315.904, -590.329
5.33741, -545.52, -433.166
6.09873, 314.127, 102.043
4.4953, -447.189, 563.593
3.48326, -581.5, 717.235
6.66971, -672.606, -505.106
5.59561, -441.303, -657.812
7.26866, -202.644, 62.7093
3.23222, 56.9931, -178.232
5.38953, -240.09, -464.408
7.26796, -439.648, 593.99
3.62331, 718.943, -745.803
7.25137, -432.513, 585.44
3.07874, 708.617, -443.945
2.58372, 65.6784, -318.371
3.90465, -258.587, -187.115
7.15042, 496.557, 92.5812
3.04796, 738.755, 739.867
6.77266, 45.7432, 537.9
5.68532, -540.425, -539.08
5.63853, 331.11, -590.021
3.80589, 632.323, 524.809
5.13936, -652.961, 172.764
7.16608, -226.096, 669.411
3.98055, 625.067, 52.4578
4.78006, 213.637, 290.326
6.35659, -597.667, -526.061
4.17193, 294.852, 117.816
6.31775, 143.758, -627.857
6.65892, -109.266, 622.137
2.64618, -725.554, 486.284
4.31315, 584.866, -206.119
4.16221, 308.975, 387.405
3.17675, -403.238, -126.563
3.00839, -243.035, 617.699
5.11327, -483.288, 725.6
3.52046, -47.4114, -384.387
5.00728, -552.429, -534.351
5.1371, -27.457, 651.323
4.13422, -189.994, -124.12
4.75888, 283.318, -292.325
6.85263, -20.1472, 603.487
4.72884, 521.268, 625.644
6.03726, -583.131, -497.804
6.83171, 756.801, -608.772
6.5822, 666.839, 211.41
2.67504, 772.979, 761.991
3.8644, -489.867, -223.387
5.21858, -305.3, -445.752
3.19942, -572.062, -514.109
5.57408, -643.485, -647.363
3.29182, -595.924, -568.201
4.41129, 208.841, 190.571
5.94997, -114.303, 147.336
3.21128, -328.705, 356.703
5.65284, -697.768, 632.992
3.15973, 88.2201, 649.201
7.13583, -718.164, 213.576
5.53465, -692.446, 625.578
5.50388, -652.459, 193.449
3.33635, 426.338, -363.318
3.301, -582.864, -542.071
5.91628, 548.851, 1.63612
5.1456, -582.043, -58.0421
3.65264, -36.6776, 622.424
6.55373, -395.682, -120.282
5.76477, -302.403, -458.66
4.08597, -598.933, -545.679
2.53953, -203.211, -568.889
3.49176, 648.682, 534.479
3.78831, 128.63, 327.811
3.03825, 583.358, -105.112
3.49545, 157.709, -272.705
6.75079, 796.156, -570.969
6.63912, -649.882, 230.153
6.76813, -584.399, -512.04
5.71027, 138.763, 548.626
3.6787, 708.965, -749.119
6.80638, -603.888, -510.092
5.4745, 116.089, -137.681
2.52745, 422.196, -53.0826
6.84925, -615.466, -541.112
7.37729, 445.134, 145.438
5.59653, 224.415, 17.5306
3.85574, -708.544, 112.598
7.46973, -26.5282, -354.146
4.60751, -622.57, -576.84
4.20537, -567.075, -496.945
4.80717, 261.316, 36.2441
4.44822, 172.633, -314.334
4.613, 106.426, 558.289
2.84879, 243.118, 324.417
5.5153, 56.1903, -191.491
7.36114, -88.7545, 82.8126
5.07406, -558.196, -551.275
7.45461, 621.679, -25.7105
5.84906, 460.065, -122.059
4.01716, -584.119, -88.5259
3.47371, 571.691, 519.727
4.0109, -594.97, -548.29
4.93946, -385.671, 471.459
4.72438, 487.47, 736.484
5.7844, 379.365, -579.363
3.74227, -600.15, -537.798
4.72007, 75.1347, 475.437
5.75894, -585.019, -48.5327
6.67472, -684.308, 196.13
6.03698, 125.104, 684.869
4.93928, -611.548, -539.218
6.72039, 334.144, -78.8257
7.00296, -441.293, -199.641
6.33082, -631.472, -548.361
5.29453, 540.955, 778.149
2.70603, 77.1089, 45.0729
5.46749, 437.513, 117.737
2.68674, -394.212, 633.872
4.53488, 192.231, 316.485
2.84243, -741.52, -785.214
7.38558, -611.656, -658.267
2.5956, -501.833, -213.464
6.60363, -202.868, -202.527
5.2195, -410.453, 605.123
5.72828, 636.116, -293.899
3.62934, -195.792, -157.216
2.733, 702.361, -644.014
3.63154, 254.007, -510.941
4.58371, -648.065, 112.736
6.40126, 226.198, -523.678
3.72852, -703.935, 165.308
4.81411, 457.409, 127.594
6.14756, 611.343, 109.635
5.35237, -412.864, 617.13
5.45997, 746.714, 731.765
4.98425, -627.2, 218.056
3.951, 260.09, 132.747
4.71107, 78.5395, -185.769
2.53669, 731.359, -675.519
7.41683, 445.91, -237.407
2.52822, -726.836, -198.159
4.8676, -34.8052, 624.55
5.86497, -167.695, -246.729
