6.27803, -716.355, -730.305
3.5948, 33.8137, -192.743
5.89648, 369.805, -768.473
5.09708, -253.323, 787.291
2.76731, -878.986, 650.43
2.53849, 292.592, 2.94902
4.58743, -717.688, -196.601
7.15218, 188.045, 347.689
2.95982, 15.7077, 613.805
6.00595, -177.929, 231.532
3.81226, 605.93, 754.868
4.14117, 457.789, -786.64
7.45519, 360.969, 154.821
7.41275, -521.711, -273.29
5.75759, 392.65, 367.018
6.92354, 236.376, -720.003
6.33247, -180.814, -516.64
3.87453, -521.343, -102.099
4.93259, -574.128, -268.807
2.80282, 781.735, 798.353
5.08146, -56.1093, 657.712
4.96988, 795.421, -434.741
7.23882, -639.659, -481.162
4.42071, -50.7854, -693.347
5.14874, 814.429, -458.096
2.75042, 710.02, 20.9171
6.63909, 480.413, 474.194
5.94228, -707.029, -598.979
6.18112, 279.661, 700.799
6.94286, 843.743, 455.092
4.25508, -338.687, -493.089
6.72991, 184.314, -16.6264
3.84659, 541.866, -137.504
4.83959, 43.2874, -178.107
3.2686, -649.891, -488.411
2.66527, 534.433, 130.928
7.2768, 24.9831, 74.1644
6.95369, 123.631, 402.884
3.29884, 542.669, 125.251
3.15214, 408.588, -541.373
2.515, -430.499, -727.952
6.0491, -717.776, -208.023
3.40448, -461.058, 720.986
5.76029, 719.16, -291.705
4.42907, 398.457, -663.586
3.23766, 45.4571, -163.385
5.45054, 598.08, 47.5118
3.24076, 134.675, 749.01
3.2091, -150.197, 810.452
4.94257, -426.131, 77.0054
3.13015, 725.076, -36.5566
5.64635, -291.357, -502.82
5.60817, 251.711, -597.149
4.88216, -515.865, 543.916
2.64188, -395.063, -148.659
3.21011, 0.0872153, 637.562
3.15594, -231.695, 763.292
3.31099, -762.938, 670.65
3.76529, -204.679, -687.167
4.77654, 533.406, -705.689
6.54472, -63.0198, -258.496
3.57624, 260.937, 696.619
3.75063, 692.656, 357.455
5.02978, -66.9225, 640.529
6.27922, 539.846, 150.809
5.66369, 734.498, -23.5674
5.9449, 543.683, -138.992
7.27207, 829.436, 420.172
5.18713, -473.18, 597.699
4.57014, -640.446, -49.4628
4.70019, 613.06, 133.092
6.07821, 652.5, 429.474
6.20858, 320.072, 482.486
5.12494, 694.75, -869.505
6.06711, -725.307, -111.719
5.91025, 369.22, -1.62235
6.82941, 786.475, -525.323
3.19597, -30.3262, 659.811
3.57766, 786.771, -195.73
5.0733, -305.594, -147.629
4.83766, -19.2511, 590.882
3.55759, -247.604, 608.408
5.65244, -637.184, 837.038
2.5044, -759.74, 188.091
4.09589, 348.892, 442.804
5.90281, 296.555, -20.5344
6.0446, 590.583, -506.047
2.90869, -714.404, 536.493
3.56926, 274.443, 434.968
4.44412, -739.012, -557.854
4.44927, 774.503, 763.451
3.92018, 336.61, -461.527
4.6123, 475.615, 466.422
2.55658, -653.84, -477.127
3.72027, 847.735, -686.019
4.49072, -669.847, 598.87
6.64177, -726.91, 259.821
3.78584, 777.265, -706.293
3.59705, -657.956, -511.465
6.47385, 297.244, 327.701
5.8476, 411.945, 372.969
5.49108, -794.759, 233.987
5.99917, -331.546, -508.206
5.13062, 511.175, -686.817
4.14833, 253.908, 135.282
3.30844, -816.411, 296.029
6.56633, 622.199, 20.5053
4.08004, 373.256, 203.521
4.05369, -17.0666, -702.546
4.65424, 55.7884, 102.64
4.46509, -189.273, -537.013
4.43916, 87.1786, -179.248
4.34871, -632.363, -431.306
5.88118, 316.472, -480.626
6.10384, 299.849, -32.9573
7.20082, -10.3641, 791.076
5.08573, -74.6256, -437.44
5.5282, -160.956, 275.597
5.85049, -599.972, 816.332
5.11404, 53.0033, -115.78
3.87105, -793.117, 591.871
7.08924, 168.989, 311.857
3.73367, 755.422, -470.726
4.77876, 323.709, 494.909
3.30374, -818.859, 612.283
4.68319, 237.473, 266.252
7.45767, 378.878, 146.165
6.26931, -373.277, 378.541
4.97846, -730.866, -561.238
7.01651, -615.557, -674.516
4.68213, 504.768, 448.023
5.09239, 106.296, -791.711
4.44866, 123.474, -613.301
5.63431, -127.949, -441.405
5.19331, 324.217, 198.101
4.35955, 569.246, -455.639
2.54674, -282.891, 280.362
6.3794, 28.6709, -649.557
2.85317, -773.888, -513.651
3.98511, 396.308, -652.977
4.78581, -41.1153, -689.571
3.25156, -92.0896, -20.1945
5.97819, 574.601, -399.099
4.15587, 379.744, 145.332
5.21197, 828.256, -761.514
2.64678, 702.342, -869.926
5.38086, 2.97754, -171.143
5.18133, 245.607, 427.318
7.36678, -692.229, -786.11
5.57063, -271.454, -492.326
5.26431, -668.612, 207.842
6.69051, -231.841, 778.544
3.75764, -455.714, 716.44
6.98957, 540.268, -128.984
5.97428, 515.853, -462.808
5.82752, -433.898, -77.6014
3.06838, -644.224, -571.52
3.37987, -773.57, 158.463
2.91253, -108.837, 138.285
6.68103, -141.948, 280.061
2.64818, 806.004, -690.412
6.34719, -42.4386, -690.106
4.29829, -471.504, 707.173
6.24626, 56.8735, 502.671
6.28385, 303.298, 201.311
3.60834, -485.022, -750.767
5.58305, 251.483, 117.966
3.66846, -428.918, -239.714
6.22052, -701.913, 222.919
5.80997, -728.841, -605.667
4.9209, 829.635, -605.421
2.58972, 796.057, 122.808
4.98291, 381.991, 138.501
5.09587, 13.716, -732.731
4.71395, -759.515, 427.703
4.14528, -76.9862, 792.812
3.52671, 449.515, -69.6127
7.19863, -111.455, -417.304
2.85168, -534.564, 701.121
3.30042, 60.2797, -691.307
6.70788, -628.375, -52.0601
4.13614, -185.493, -214.53
6.85942, 228.888, 352.4
5.99896, 594.955, 495.682
5.52801, 796.191, -159.282
4.77536, 52.3641, -178.679
2.91543, -472.734, -167.942
3.94883, 92.623, -185.451
6.51009, -658.569, -661.497
6.81821, 306.665, 20.5817
3.81831, 327.513, -460.224
4.79881, -679.047, -246.476
4.95672, 507.908, -455.394
5.82344, -446.442, -806.752
7.31738, -576.134, -171.122
7.23022, 510.908, -685.157
2.81902, 251.342, -560.792
5.04829, -573.278, -246.09
6.13222, 711.581, 579.7
5.65882, 468.347, -236.735
3.26658, -819.433, -858.162
5.09652, -765.711, 428.888
3.52281, -470.472, 729.691
6.03231, 364.143, -786.976
6.05786, -435.51, -97.1807
3.66304, -438.967, -261.429
6.80594, 90.1837, -183.168
2.67122, -3.11975, 794.488
6.26587, -778.915, 156.194
4.14789, 559.08, 139.467
4.65309, -16.2228, -424.061
7.33455, 719.59, -156.954
4.05803, 692.311, 606.303
5.69762, 833.774, -707.131
5.95386, 727.964, -42.9667
5.36403, 45.4399, 603.923
6.60667, 828.275, -608.876
4.21807, -770.001, -616.542
5.09387, -720.219, -601.633
6.78438, 102.549, -764.855
6.18587, 280.523, -23.2289
3.45992, -744.592, 264.433
2.83145, -284.054, 309.173
3.60828, 800.79, -679.885
3.33656, -79.2306, -164.777
6.31172, 357.296, -771.291
5.44905, -743.219, 316.287
4.65223, 818.788, 797.156
7.09618, 576.642, 1.3944
5.09668, 360.733, 167.177
7.38058, -600.901, -85.5468
5.15714, -406.361, 46.0771
2.98716, 315.615, 191.68
5.83983, 271.184, 93.5226
5.44444, 213.209, -0.0951668
5.01137, -640.201, -54.5384
2.75808, -734.872, 269.167
2.6753, -192.567, -81.4228
4.41484, -685.613, -525.797
5.55555, 211.987, 126.153
5.06574, 580.591, 772.655
5.98498, 340.616, -0.122952
4.89891, 78.1831, -157.453
3.88323, 62.55, 415.915
6.01685, -411.24, 147.94
3.67701, 734.341, -20.159
6.41501, 29.5289, -183.812
6.60589, 233.641, 698.864
3.21842, -475.016, 4.83616
5.75757, -468.026, 728.65
3.87677, 836.396, -780.284
7.26215, -459.941, 593.805
4.58238, -623.589, -50.6786
3.03869, -123.388, 318.797
4.70633, -748.581, 509.072
6.28811, -364.097, -217.283
2.77803, -411.397, -254.675
3.51241, -6.92691, 60.7295
6.82305, 824.028, -666.143
6.52456, -218.808, -45.5962
2.78861, -630.167, -516.625
4.40304, 1.79322, -625.866
4.56124, -18.6958, 657.8
2.80071, -294.817, 306.474
7.09746, 734.828, 550.947
3.35398, 568.282, 778.267
6.51634, -781.386, 196.763
3.88599, 599.028, 17.4425
4.44586, 156.94, 725.27
7.19936, 35.3818, 597.947
6.24573, 141.118, -202.38
3.44774, -383.572, 711.393
6.89581, 358.237, 456.532
6.8953, 361.87, -715.62
3.30515, -707.509, -184.501
5.87346, -691.491, -239.222
6.89096, 616.906, 134.807
6.98262, 279.301, 431.308
3.06535, -41.5133, 666.467
5.93789, -156.564, -230.968
3.21651, -734.677, -619.924
3.6901, 264.398, 0.599397
5.64383, 792.242, -179.406
4.312, 693.517, 355.135
4.64437, 616.844, 615.719
4.91936, -51.4604, -689.887
6.20379, 32.5652, -200.272
3.23098, -387.641, 672.244
7.36238, -684.234, -627.02
7.3158, -519.175, -226.618
3.14741, -449.728, 559.616
5.3784, -238.437, -503.823
4.66439, 14.9296, -197.964
5.50066, -255.314, -218.542
5.85098, -623.097, -50.2497
4.5137, 414.224, 864.969
6.46691, 642.931, 592.679
4.89889, -763.362, -188.209
5.72449, 315.018, 265.795
4.28836, -267.056, 602.559
5.96794, -277.319, -208.001
5.83428, -430.609, -616.609
3.22071, -458.651, 597.413
7.10415, -809.093, 217.467
4.22228, 96.4879, -177.767
6.66824, -370.468, -452.83
2.74349, 305.129, -611.37
3.27936, -261.528, 7.71624
2.55765, 301.274, 441.502
3.94327, 72.7691, 553.806
5.07295, -296.35, -149.051
3.65948, 635.323, 421.359
2.75022, -262.183, -7.56002
5.33091, -637.288, -674.171
6.69774, -73.562, 681.209
4.28763, -681.286, -522.397
4.3452, 149.629, 791.854
7.22226, 322.4, -41.8814
4.72425, -776.138, -196.066
6.82086, 375.571, 208.81
5.82654, -732.123, -619.116
5.79297, 133.311, 595.528
7.10736, -865.164, 865.978
5.11536, 832.858, -700.81
5.45229, 399.877, -428.083
5.79944, 683.805, 579.427
4.24765, 278.094, 431.635
4.11714, 300.59, 0.0124289
7.08984, -84.0903, 651.573
3.08619, 757.653, -471.828
7.31268, 560.801, -130.441
5.17978, 64.6029, -149.942
5.81447, 684.144, 607.713
5.48362, 775.072, -449.843
6.93363, -519.995, -644.924
6.67999, -615.771, -552.502
6.69339, 236.21, 113.009
6.85642, -156.22, 274.283
2.5002, -806.305, 299.944
4.77274, 380.587, 237.67
4.25696, -775.176, 194.885
5.80713, -235.49, 646.056
6.22234, -752.888, 195.658
3.3821, -147.336, -454.876
7.4621, 859.834, -649.831
5.95466, -780.335, 195.837
6.97862, 214.542, 3.81457
3.51579, 277.806, -52.0661
7.2356, -455.515, -148.868
4.88476, 769.193, -435.205
6.78578, 794.076, -622.581
6.41237, -754.942, -562.6
5.70687, 834.69, -785.938
3.14521, -702.86, 250.9
5.77944, -23.3514, 655.742
3.09199, 67.9806, -33.4571
3.88793, 246.75, 699.676
6.65548, -253.011, -254.328
6.14153, -626.745, -509.384
6.74348, -626.254, 269.086
3.43989, -681.711, -808.032
6.09602, 485.556, -290.819
4.25586, 154.355, 260.254
3.34555, -416.076, -597.852
4.52383, 246.497, -594.26
4.20924, 142.088, 677.773
6.67141, 298.446, -24.4442
3.9111, 675.671, 607.051
5.16766, -649.236, -484.472
6.25085, 800.193, -820.027
4.62554, -629.453, -664.467
4.66964, -449.185, 631.214
3.03022, 787.07, -886.19
6.4639, -80.5171, -410
3.91232, -704.318, -509.651
7.14264, -452.894, -220.448
5.37926, 271.271, 425.773
3.4895, 697.919, -332.632
5.99081, 487.035, -646.326
3.07265, 366.245, -741.054
4.22945, 269.659, 686.594
4.15646, -465.369, -220.512
6.42735, 829.629, -798.818
6.65775, 422.237, -161.017
4.21712, -695.134, 706.528
4.2603, -221.082, 796.793
6.38197, 70.689, -631.297
6.58658, 14.0521, 691.097
4.26157, -231.991, 249.943
7.09559, -415.735, -216.591
3.2877, 442.377, 177.187
5.56029, -422.602, 636.503
5.54222, -459.552, 597.722
3.16647, -206.056, -617.818
3.51409, -632.843, -483.373
4.79457, -732.695, 526.575
3.48759, -459.186, 725.051
6.77118, -803.613, 293.315
6.54562, -724.51, -615.91
2.80131, -825.089, 712.884
6.50584, -683.312, 584.751
5.49597, -161.876, -463.239
7.43182, -790.884, 228.241
2.65919, -94.0705, 648.306
6.8356, 798.975, -664.557
3.69109, 567.591, 276.387
3.6127, 210.648, 348.025
4.73907, -751.251, -564.636
2.61231, 828.647, -122.151
6.79755, -240.692, -47.8795
4.15902, 267.16, 403.325
5.72195, 346.582, 285.458
7.43521, -729.657, -614.005
5.30162, 279.884, -498.127
4.74553, -704.522, -167.993
5.213, 94.5224, -669.434
2.90797, 772.593, -50.7399
3.99606, -700.058, -185.219
6.63964, 710.76, 554.383
6.48936, 511.767, 767.573
5.71048, -74.842, 705.335
4.84105, 544.07, 254.786
7.15326, -168.11, -466.883
5.08798, -245.621, 23.1343
7.42924, 805.918, -442.889
5.94567, -15.7388, -602.724
6.19966, -158.384, -463.162
3.46323, -452.309, -776.087
6.08881, -509.643, 551.797
6.11146, 582.674, -65.8609
6.49298, 263.551, 130.624
4.23216, 240.321, -840.102
5.1481, 52.2655, -257.969
3.19001, 689.775, -315.283
6.73218, -251.232, -247.43
6.32766, -44.3624, -687.533
7.5, 750.711, -465.454
4.24891, 485.942, 872.747
5.50367, -413.233, 632.508
3.50808, -442.983, 22.7083
6.2385, 25.6646, 89.2737
6.49225, 783.279, 244.521
3.03505, -663.191, 100.791
5.35813, -444.535, 7.04886
2.84683, 319.076, -344.557
4.16036, 696.029, 588.082
5.80945, 358.221, -642.908
5.27726, 39.1839, -173.225
7.12415, 209.368, 2.9489
2.69832, -406.581, 110.664
2.62083, -242.82, 106.768
4.61923, 242.246, -560.789
4.36987, 364.751, 203.662
2.93303, -259.787, -256.442
3.05403, -79.3308, 168.232
5.31992, 328.489, -377.424
7.37269, 1.49498, 691.344
3.05066, -40.3229, -689.979
5.99352, 119.928, 782.809
2.79674, -36.7674, -585.952
4.69755, 730.158, -20.3869
5.24651, 859.737, 661.558
3.45129, 612.608, -677.244
7.36597, 339.251, 287.326
3.19593, -636.706, -75.8209
5.48978, 766.492, -432.79
7.12812, -790.941, 710.521
3.91116, -6.04324, 793.854
6.8307, -124.652, -111.7
6.29598, -169.245, -462.632
6.10793, 326.795, 486.444
3.34241, -289.127, 308.253
3.32882, 764.591, 375.01
3.39076, -651.773, -816.382
5.87226, 282.087, -495.487
4.83484, -188.416, -103.663
6.85219, -703.864, -358.018
5.76023, -644.593, -36.4906
5.80464, 752.531, 767.096
2.58037, -573.321, -522.849
4.30596, -736.77, -597.34
3.72747, 755.468, 107.18
6.93086, -833.336, -813.76
5.23701, 801.916, 809.395
6.57209, -47.9087, -630.283
5.24453, 147.708, 780.822
4.16156, 423.56, -61.3368
4.40213, -66.1967, -587.743
2.52389, 787.792, 545.819
6.95226, -116.439, -428.385
6.16955, -421.847, 636.571
6.04239, -58.7688, 641.791
5.1278, 25.0872, -156.378
6.41065, -88.4959, -676.07
3.42484, -397.521, -401.803
5.72673, 224.174, 451.316
3.42178, -550.495, -275.086
3.31214, 0.946441, -101.917
2.65594, -239.755, 805
7.42716, 105.821, -703.885
4.04559, -275.203, -559.837
4.11075, -572.163, -245.958
5.51155, 258.827, -126.308
2.89107, -284.78, -794.266
3.93936, 31.6145, 93.4973
5.79307, -148.831, -466.643
7.36348, -792.636, -363.662
7.27758, -361.533, -668.216
7.42745, -554.905, -256.255
7.30478, -743.121, -553.556
3.0073, -447.418, 636.82
3.71505, -164.121, -451.692
6.91151, 142.787, -280.346
5.28805, 331.637, 463.699
6.7669, 723.339, 591.833
7.49145, -477.766, 605.041
3.99751, -182.105, -579.838
6.33157, 837.865, 450.507
4.81901, 239.128, -144.645
6.8168, -610.111, -675.011
6.99018, 781.69, -123.702
7.377, 229.365, -395.561
2.77405, 553.422, 153.351
6.32605, 817.166, -712.363
5.09219, -807.452, 684.752
3.46574, 824.92, -137.935
6.98252, 244.637, -545.281
6.38492, -776.25, 133.962
2.75968, 320.607, 525.327
7.47331, -758.729, 675.639
5.93659, -78.7018, -408.012
5.94854, 806.315, 482.371
6.57666, -538.615, 715.838
7.05426, -105.106, -428.276
3.34218, -152.209, 287.364
5.24183, -563.88, 710.789
6.53351, -431.443, -204.905
4.17803, 314.597, -475.991
5.53435, -96.2627, -5.0277
6.59602, -692.887, 274.83
7.3485, 52.8841, -176.228
6.29349, 586.375, 516.13
3.72113, -120.349, -106.833
5.80589, -574.063, 327.777
4.21574, -512.79, -224.663
7.27146, 315.062, -329.906
2.60828, 729.499, 539.874
4.54979, -852.99, 838.757
2.55789, 500.211, -680.182
3.04964, 768.72, 212.569
5.28259, -805.534, 145.132
4.45466, 87.013, -137.653
7.20539, 25.0726, -157.729
2.55572, 180.386, 399.299
6.22897, -142.786, -458.566
3.84293, 267.622, 89.1904
4.27153, -591.436, -609.491
3.45835, -430.016, 654.511
5.14832, 318.025, -38.7998
4.39478, -24.7842, -706.476
3.16407, -110.029, -740.543
4.26563, -162.843, -466.472
4.2497, 759.402, 846.896
7.41084, 537.708, -77.112
5.25961, 124.233, -278.229
4.99918, 19.5886, -651.815
3.58531, -760.737, 292.983
4.37311, -150.374, -434.099
6.78251, -644.434, -489.586
6.45578, 810.764, -467.049
3.9204, -535.247, 702.168
5.07645, 322.523, 202.079
6.79238, -237.099, 14.1094
7.07844, -712.684, -240.092
7.48941, 136.6, 750.29
6.53177, 27.8566, -168.331
5.22718, -790.029, -209.304
7.3461, 116.273, -691.978
5.31931, -551.486, 362.164
4.03031, -395.638, 649.173
5.41853, 763.127, 757.396
2.91197, 90.5886, -186.76
5.47382, 322.709, 509.928
3.31968, -661.892, -544.646
6.46527, -654.986, -470.231
2.95373, 598.845, 619.848
6.3072, -511.633, -649.319
6.83996, -256.482, -50.0896
6.40105, 110.271, -261.703
6.61399, 769.391, 781.354
6.70974, 288.227, 534.813
4.48328, 396.844, 172.541
6.508, -109.75, 137.104
6.56811, 325.472, 38.1797
5.43493, -388.044, 59.3589
4.64621, 747.595, -60.2813
2.5002, -111.102, -365.774
5.31153, -813.987, 293.598
6.22632, 320.805, 222.166
3.89846, 782.829, 231.479
2.93406, -814.539, 506.836
3.5733, 855.305, -769.539
3.93296, -399.962, 667.885
4.86595, -385.556, 447.016
6.95893, 812.224, 763.642
5.91955, 509.759, -445.232
3.54376, 52.3673, -158.779
6.67533, 774.059, -35.9848
7.09218, 848.349, 858.061
4.48244, -492.217, -658.903
6.37858, 478.663, 468.586
5.68161, -95.6802, -84.9717
6.64746, 353.9, 163.284
3.40204, 476.643, -437.691
7.45927, 498.333, -687.142
6.70558, -113.631, -694.085
4.65177, 793.112, 198.806
4.38589, 513.386, 792.187
2.70802, 504.918, -439.917
6.80715, -598.392, -438.476
6.62116, 818.778, -806.102
6.25052, -27.8684, 622.77
3.55801, -188.116, 785.465
4.31029, -740.708, -244.876
4.43545, -698.13, -633.038
7.32918, 641.786, 593.737
6.5872, -79.6537, 645.759
4.5755, -35.0701, 407.299
5.83759, 238.611, 133.327
2.52101, 493.024, 879.826
6.98048, -680.292, 213.89
3.68416, -316.089, 317.684
3.79415, 302.37, -208.843
5.4939, 374.66, -639.519
6.89823, -750.551, 281.014
6.16299, -643.467, -490.939
6.0773, 683.948, 552.768
3.57724, -521.033, 506.253
6.30413, 720.504, -860.252
3.85351, -178.2, -501.954
2.75246, 515.386, 225.83
4.78866, 338.254, 282.939
2.58759, 434.729, -617.271
3.01129, 32.003, -189.161
2.639, -232.661, 252.219
5.65921, -371.438, -491.702
6.34425, 46.8244, -177.624
2.74132, 501.061, -667.877
6.6924, -43.112, -630.432
6.76899, -207.312, -179.026
6.57649, -506.248, 550.17
6.85188, 753.498, 357.337
5.27222, -550.268, -185.387
6.12646, -215.056, -39.4874
3.20424, -453.708, 726.347
6.6115, 502.014, -448.923
5.51185, 584.687, -142.356
4.93856, 455.61, -773.961
6.14942, -187.617, 721.798
4.05164, 758.346, -624.356
3.93925, -733.673, 260.309
5.45857, -804.119, 699.198
5.34055, 541.457, 745.87
5.41059, -776.012, -515.264
2.84132, -725.638, 199.386
4.34304, 130.042, -254.074
6.28475, -751.14, -561.27
6.35297, -437.421, -771.544
4.27217, -393.685, -227.535
5.98913, 154.23, 752.094
5.08005, -568.582, -265.303
5.94494, 284.172, 137.291
6.18066, -70.1605, 709.137
2.56231, -300.379, -580.897
7.16549, 535.222, -79.6553
5.37826, 196.455, 105.919
3.05587, 492.039, 800.092
4.87388, -105.001, 7.96079
3.24247, 276.685, 115.526
4.22594, 149.682, 402.271
7.04476, -796.333, 230.145
4.54571, 37.3286, 500.57
5.96642, -602.176, -47.0335
3.35865, 395.322, -704.306
6.21715, 800.682, -407.058
4.16319, -417.836, 624.494
4.62157, 549.558, 272.299
2.79523, -238.221, -13.6133
5.09005, 223.522, -165.954
5.94425, 384.227, -509.801
5.01149, -241.806, -51.1357
6.56617, -164.018, -666.618
3.07974, 135.682, -803.616
5.24841, 317.15, 433.559
5.06046, 301.325, 3.4869
6.02649, 815.511, 444.385
5.65083, -274.305, 775.317
4.0207, -31.1683, -655.895
6.74719, 328.445, 225.219
3.39619, 553.886, -22.1682
2.61737, -435.676, -80.0396
4.19467, 613.362, 11.0363
3.43818, 293.145, -54.5005
6.60467, -230.39, 138.903
6.72507, -768.219, -207.387
6.78031, 793.913, -668.402
7.37454, -817.258, 609.735
2.99587, 381.757, -425.113
2.56182, 578.045, 567.146
2.58614, 268.456, 399.457
2.64527, 227.276, 128.679
4.1031, 125.711, -282.06
6.17815, 559.974, 268.67
3.14876, 243.564, 438.139
2.5161, -349.102, 415.945
6.91905, 92.4056, -681.974
3.70482, 250.74, -520.288
4.38481, -778.282, 694.347
4.44879, 536.437, 137.171
2.81534, 576.216, 301.837
7.30792, 151.124, 715.135
3.75349, 713.106, -305.06
6.85376, -618.502, -70.2157
2.85991, -743.165, 319.518
2.70653, -452.876, 526.876
3.46378, 275.332, -504.92
3.86708, -297.451, 295.75
7.4007, -829.429, -339.3
3.60607, 338.072, -480.764
6.43119, -806.128, 753.952
4.42306, 209.243, -360.728
3.78593, 387.58, -609.229
3.91087, -761.967, 182.578
7.33834, 738.829, -40.7593
4.22841, 597.294, 125.536
3.45922, -736.129, 667.228
5.05037, -536.865, -315.725
5.21857, -474.174, 588.415
5.72333, -626.122, -544.973
3.89738, -53.7439, 669.163
3.41887, -280.652, -573.747
2.71579, -755.578, 279.654
3.98408, -476.208, -273.664
4.25548, -239.546, 112.839
7.09372, -430.018, 620.981
5.81225, 461.387, -305.917
5.08041, 729.676, 552.341
4.03763, 466.967, 479.489
3.0007, -235.256, 134.023
3.47502, 317.759, -785.826
4.11407, 55.5023, -253.201
5.56182, 786.205, 103.291
5.13511, 853.481, -846.86
3.45653, 344.889, 231.375
4.7178, -664.341, -445.991
4.48693, -544.012, 720.075
6.28051, -607.104, 729.046
6.6213, 710.968, 606.247
5.51573, 86.3883, -348.368
3.04573, 486.462, -637.251
4.11797, 405.327, -192.74
5.03403, 67.8151, 275.451
4.76521, -523.074, 705.797
4.77315, -175.084, -459.851
4.91125, 856.693, 852.54
5.07896, 339.211, -647.935
4.50207, 158.176, 762.367
4.22945, 739.339, 336.817
6.64533, 797.104, -181.723
3.02204, -605.252, -688.142
6.40057, 480.605, 481.722
3.19919, -280.999, -199.944
2.62171, -674.111, -509.412
6.0664, 372.042, -588.051
7.15538, 85.8428, -679.541
7.47667, 265.857, 95.0276
3.86264, -753.341, 191.376
3.6923, -466.736, -221.029
3.87328, 752.859, 562.854
5.70836, -716.485, -586.127
5.17637, 297.525, 145.092
6.8967, 686.39, -315.97
6.75968, -620.409, -681.707
2.98004, 701.691, -6.30119
4.66818, -692.603, 221.602
3.17045, -120.74, -682.846
5.86802, -158.329, 260.619
5.34964, -120.4, -390.208
3.66474, -405.725, 630.201
5.50306, 252.211, -564.962
2.6551, -590.547, -1.62761
7.08512, 480.53, -294.405
3.82958, 827.121, -123.318
6.50016, -184.316, -484.025
5.46389, 97.0322, -653.823
5.0822, 322.153, 505.958
5.2567, 346.67, 495.542
3.47225, 437.288, -199.633
5.36152, 115.575, -702.086
3.81992, 177.866, 350.019
4.41648, -771.456, 497.334
2.73626, -622.463, -829.012
4.22823, 500.55, -682.877
3.61594, 584.535, -387.981
3.81264, -20.0244, -700.819
3.05141, -364.969, -445.805
7.40088, -679.299, -63.2057
5.93794, 685.846, 604.384
5.82158, -536.781, -322.635
5.99501, -610.2, -601.615
2.68746, -682.953, -626.47
3.6706, -593.218, -615.68
3.95397, 726.404, 551.965
3.50543, 33.2975, -196.051
2.7177, 331.226, 245.528
2.56571, -415.188, 632.591
6.07297, -493.036, 756.025
6.88348, -774.331, -568.046
5.35088, -781.094, 380.105
6.92743, 806.15, 787.076
5.20042, -385.773, -226.748
3.31357, 858.061, -707.427
3.30492, 907.01, 460.132
7.19182, 351.315, 289.463
3.45628, 503.974, -676.796
3.15761, -6.99962, -203.415
4.41122, -242.52, -43.3552
6.12674, 260.48, -128.303
2.50651, 582.441, 770.729
4.60222, -67.9175, 626.497
5.18984, 254.421, -140.726
4.86596, -196.301, 214.321
6.33003, 583.62, 772.043
2.9396, 482.385, -424.595
7.04284, 188.195, 274.366
3.20818, -700.735, -434.481
2.54782, 329.969, 14.4585
2.82267, 278.055, 437.31
4.96742, 325.438, 231.323
5.40914, 485.118, 842.982
4.03373, -802, 538.702
4.57091, 742.215, -24.6152
4.33401, -628.155, -556.387
3.42687, 157.037, 597.993
2.76788, 540.134, 111.333
4.47222, 446.749, -61.235
3.98388, -318.275, -202.737
5.05388, -366.18, 740.595
3.75392, -695.255, 194.856
5.01589, 844.244, 832.07
2.51168, -32.9952, 647.568
7.01807, 763.509, -458.529
2.79181, -841.33, -803.594
5.17506, -516.17, 733.032
3.95754, -364.178, 712.095
7.3023, -697.243, -191.1
4.73406, 262.909, -68.1862
5.08479, 743.605, 191.963
5.93861, -244.046, 8.22685
2.72187, -147.423, -3.08253
7.2946, -722.317, 557.772
5.70852, 381.611, 154.422
2.80215, 392.987, -602.441
3.33964, 161.394, 264.714
5.76491, 417.879, -149.919
6.19864, -777.488, 336.562
3.57011, 772.009, 222.314
4.31441, 146.908, -639.354
6.56981, -617.403, 853.107
5.32057, 772.702, -427.56
7.45886, -12.3977, -693.993
6.5669, -784.473, 298.389
3.49157, -836.974, -3.25566
2.50003, -89.9556, -701.845
4.62608, 778.115, -697.586
4.07406, 780.235, 200.209
5.56218, 572.863, -813.531
3.83351, -180.418, -442.992
4.39881, -613.005, -96.1683
5.43397, 795.477, 227.687
5.95636, -181.522, -488.388
7.26736, -315.168, -519.786
4.89785, -318.38, -797.62
3.60319, 347.096, -609.469
5.33741, -585.242, -439.601
6.09873, 304.214, 206.749
4.4953, -512.714, 551.18
3.48326, -634.928, 839.358
6.66971, -596.298, -607.176
5.59561, -438.418, -766.339
7.26866, -240.987, 121.006
3.23222, 53.5114, -180.769
5.38953, -99.2547, -411.183
7.26796, -442.134, 587.715
3.62331, 686.496, -846.895
7.25137, -458.567, 710.531
3.07874, 796.11, -471.864
2.58372, 92.6369, -237.965
3.90465, -297.76, -145.016
7.15042, 511.281, 122.443
3.04796, 724.393, 768.604
6.77266, 53.2104, 593.756
5.68532, -577.463, -662.404
5.63853, 377.296, -637.399
3.80589, 703.92, 566.648
5.13936, -780.228, 110.703
7.16608, -236.991, 773.1
3.98055, 768.631, 65.8331
4.78006, 192.688, 353.497
6.35659, -614.295, -551.785
4.17193, 281.807, 122.689
6.31775, 74.3572, -754.964
6.65892, -69.7836, 795.428
2.64618, -735.725, 540.944
4.31315, 643.695, -234.004
4.16221, 292.081, 409.582
3.17675, -480.146, -178.46
3.00839, -227.009, 610.043
5.11327, -566.729, 744.942
3.52046, 17.0062, -455.023
5.00728, -781.234, -564.762
5.1371, -40.7821, 798.727
4.13422, -179.479, -197.167
4.75888, 274.702, -337.987
6.85263, -61.3536, 759.206
4.72884, 544.882, 746.099
6.03726, -503.977, -682.622
6.83171, 839.467, -675.14
6.5822, 782.017, 219.76
2.67504, 785.394, 781.269
3.8644, -579.997, -272.872
5.21858, -353.38, -453.731
3.19942, -739.648, -561.982
5.57408, -695.691, -789.965
3.29182, -602.352, -635.846
4.41129, 143.356, 201.995
5.94997, -128.77, 154.477
3.21128, -346.039, 418.336
5.65284, -812.455, 682.269
3.15973, 128.83, 748.236
7.13583, -681.804, 205.189
5.53465, -811.842, 676.668
5.50388, -748.749, 294.202
3.33635, 494.558, -456.311
3.301, -705.875, -418.882
5.91628, 580.521, -4.22132
5.1456, -623.156, -66.4624
3.65264, -65.6518, 639.357
6.55373, -452.431, -63.4391
5.76477, -352.602, -485.207
4.08597, -649.286, -566.71
2.53953, -243.979, -697.81
3.49176, 692.871, 537.591
3.78831, 58.717, 351.216
3.03825, 731.272, -54.3788
3.49545, 138.537, -348.147
6.75079, 805.833, -681.148
6.63912, -792.267, 222.878
6.76813, -726.256, -569.763
5.71027, 244.61, 659.473
3.6787, 687.959, -845.356
6.80638, -508.336, -657.315
5.4745, 24.7239, -188.054
2.52745, 482.06, -47.7064
6.84925, -641.455, -488.597
7.37729, 537.938, 128.585
5.59653, 315.59, -7.90667
3.85574, -741.125, 221.762
7.46973, -109.599, -441.675
4.60751, -613.815, -483.33
4.20537, -758.205, -578.903
4.80717, 269.751, -51.4601
4.44822, 202.524, -343.043
4.613, 75.1504, 524.535
2.84879, 173.754, 309.924
5.5153, 109.602, -171.902
7.36114, -60.9366, 154.706
5.07406, -658.626, -481.41
7.45461, 743.595, -97.7744
5.84906, 535.272, -127.008
4.01716, -586.379, 16.5619
3.47371, 728.204, 563.841
4.0109, -712.061, -743.608
4.93946, -383.66, 466.335
4.72438, 499.689, 840.684
5.7844, 361.895, -710.312
3.74227, -738.89, -599.083
4.72007, 27.5868, 477.869
5.75894, -593.695, -81.9578
6.67472, -671.986, 185.467
6.03698, 154.896, 792.442
4.93928, -750.767, -543.706
6.72039, 360.709, -153.313
7.00296, -471.205, -216.254
6.33082, -681.43, -561.16
5.29453, 597.155, 853.878
2.70603, 29.4794, 71.2134
5.46749, 542.393, 132.337
2.68674, -537.718, 719.622
4.53488, 131.165, 401.134
2.84243, -838.114, -844.766
7.38558, -698.808, -779.357
2.5956, -526.047, -273.397
6.60363, -194.832, -227.786
5.2195, -356.029, 717.216
5.72828, 714.603, -290.16
3.62934, -223.795, -104.03
2.733, 793.369, -644.011
3.63154, 245.288, -514.91
4.58371, -644.597, 118.424
6.40126, 215.63, -593.564
3.72852, -728.886, 322.12
4.81411, 539.606, 109.276
6.14756, 776.004, 220.515
5.35237, -366.772, 715.834
5.45997, 841.956, 831.536
4.98425, -782.602, 184.244
3.951, 378.943, 108.501
4.71107, 43.8868, -167.765
2.53669, 794.884, -527.634
7.41683, 471.323, -306.641
2.52822, -756.498, -200.302
4.8676, -66.4167, 646.844
5.86497, -256.138, -217.632
