6.27803, -725.382, -907.09
3.5948, -17.4503, -130.514
5.89648, 365.32, -855.047
5.09708, -273.104, 863.993
2.76731, -948, 655.084
2.53849, 349.038, 25.9787
4.58743, -762.393, -227.762
7.15218, 171.906, 398.679
2.95982, 7.01523, 720.084
6.00595, -166.63, 296.452
3.81226, 542.779, 800.051
4.14117, 477.193, -873.546
7.45519, 442.692, 233.421
7.41275, -497.775, -224.193
5.75759, 470.012, 417.31
6.92354, 252.283, -801.472
6.33247, -185.82, -472.154
3.87453, -479.366, -69.8553
4.93259, -642.415, -306.256
2.80282, 795.419, 762.532
5.08146, 26.4087, 716.43
4.96988, 905.088, -379.344
7.23882, -762.62, -475.291
4.42071, -46.7326, -817.127
5.14874, 776.065, -487.934
2.75042, 797.376, -64.4796
6.63909, 543.818, 518.96
5.94228, -851.928, -706.998
6.18112, 260.156, 721.423
6.94286, 915.033, 433.359
4.25508, -365.567, -524.68
6.72991, 186.255, 17.3141
3.84659, 592.578, -101.304
4.83959, 53.2856, -223.469
3.2686, -614.961, -456.117
2.66527, 628.222, 157.656
7.2768, -5.17005, 79.3929
6.95369, 120.78, 459.432
3.29884, 622.967, 214.772
3.15214, 426.774, -551.28
2.515, -467.065, -794.935
6.0491, -840.623, -182.078
3.40448, -501.07, 815.007
5.76029, 762.674, -318.28
4.42907, 410.34, -719.093
3.23766, 20.3615, -191.577
5.45054, 603.318, 92.2917
3.24076, 172.28, 864.081
3.2091, -159.432, 918.109
4.94257, -453.53, 102.501
3.13015, 811.812, -49.1357
5.64635, -317.929, -555.734
5.60817, 271.901, -691.07
4.88216, -499.42, 566.22
2.64188, -442.462, -203.176
3.21011, -117.751, 708.523
3.15594, -201.628, 831.025
3.31099, -792.18, 747.553
3.76529, -248.454, -780.088
4.77654, 530.795, -700.913
6.54472, -83.0765, -285.349
3.57624, 293.474, 789.205
3.75063, 768.795, 372.096
5.02978, -77.9114, 704.188
6.27922, 626.313, 141.308
5.66369, 820.413, -31.2446
5.9449, 572.797, -131.971
7.27207, 930.539, 459.424
5.18713, -388.406, 669.557
4.57014, -709.551, 15.0003
4.70019, 720.417, 158.512
6.07821, 705.219, 447.21
6.20858, 349.328, 569.135
5.12494, 746.174, -924.961
6.06711, -813.71, -86.9566
5.91025, 323.995, -23.9415
6.82941, 813.824, -572.571
3.19597, 21.503, 707.209
3.57766, 894.054, -141.315
5.0733, -328.518, -147.26
4.83766, -112.64, 723.221
3.55759, -236.109, 603.67
5.65244, -667.263, 941.757
2.5044, -884.812, 162.457
4.09589, 423.224, 510.409
5.90281, 331.569, -100.634
6.0446, 640.425, -556.434
2.90869, -775.852, 617.738
3.56926, 253.916, 438.401
4.44412, -790.893, -555.328
4.44927, 876.627, 868.059
3.92018, 361.484, -456.462
4.6123, 551.355, 528.758
2.55658, -640.548, -459.211
3.72027, 883.243, -639.598
4.49072, -708.036, 616.525
6.64177, -675.403, 196.63
3.78584, 867.275, -701.589
3.59705, -743.501, -501.03
6.47385, 355.72, 263.836
5.8476, 460.191, 382.046
5.49108, -872.448, 272.327
5.99917, -343.974, -517.467
5.13062, 558.485, -713.69
4.14833, 215.095, 100.311
3.30844, -731.884, 355.988
6.56633, 686.343, -12.7543
4.08004, 417.977, 149.222
4.05369, 27.8874, -706.472
4.65424, 33.6346, 131.811
4.46509, -175.502, -474.966
4.43916, -14.4672, -163.737
4.34871, -753.728, -501.715
5.88118, 333.485, -519.434
6.10384, 388.214, 31.2541
7.20082, -57.2894, 862.968
5.08573, -82.7569, -380.416
5.5282, -160.031, 288.977
5.85049, -656.036, 907.726
5.11404, 64.9741, -271.378
3.87105, -904.885, 639.38
7.08924, 135.611, 284.308
3.73367, 888.007, -427.849
4.77876, 333.767, 626.761
3.30374, -889.096, 625.294
4.68319, 371.722, 310.402
7.45767, 429.377, 155.467
6.26931, -413.657, 385.127
4.97846, -900.689, -621.998
7.01651, -619.319, -732.578
4.68213, 486.636, 508.637
5.09239, 149.573, -912.097
4.44866, 95.231, -788.494
5.63431, -173.484, -572.002
5.19331, 341.174, 322.632
4.35955, 628.94, -445.158
2.54674, -331.25, 335.323
6.3794, 25.7864, -715.012
2.85317, -850.893, -586.286
3.98511, 395.532, -694.378
4.78581, -29.4975, -805.945
3.25156, -97.4419, 26.1538
5.97819, 628.558, -416.948
4.15587, 376.799, 141.835
5.21197, 930.211, -815.626
2.64678, 723.449, -900.105
5.38086, 14.6566, -204.392
5.18133, 336.22, 457.836
7.36678, -736.383, -863.252
5.57063, -310.505, -571.055
5.26431, -735.191, 208.876
6.69051, -260.061, 865.741
3.75764, -475.192, 855.74
6.98957, 584.863, -139.248
5.97428, 517.118, -474.864
5.82752, -456.727, -58.4893
3.06838, -617.267, -769.036
3.37987, -883.009, 100.328
2.91253, -143.527, 162.175
6.68103, -203.55, 323.426
2.64818, 864.488, -684.168
6.34719, -48.6606, -816.072
4.29829, -500.102, 818.879
6.24626, 32.7399, 509.551
6.28385, 331.322, 293.594
3.60834, -519.084, -857.407
5.58305, 287.115, 143.53
3.66846, -544.307, -214.97
6.22052, -695.306, 259.277
5.80997, -847.124, -668.419
4.9209, 887.944, -726.722
2.58972, 850.097, 171.726
4.98291, 446.729, 156.01
5.09587, 1.06534, -838.791
4.71395, -825.422, 483.157
4.14528, -49.1084, 897.606
3.52671, 462.653, -91.7743
7.19863, -208.056, -561.972
2.85168, -527.866, 845.046
3.30042, 37.6643, -743.039
6.70788, -711.028, 11.6966
4.13614, -171.973, -255.714
6.85942, 178.328, 393.679
5.99896, 642.039, 507.224
5.52801, 844.835, -184.999
4.77536, 49.3384, -201.09
2.91543, -523.953, -236.567
3.94883, 7.87141, -140.392
6.51009, -619.961, -754.96
6.81821, 343.784, 22.3323
3.81831, 392.39, -488.01
4.79881, -763.12, -249.259
4.95672, 554.606, -486.926
5.82344, -458.98, -920.762
7.31738, -605.606, -173.407
7.23022, 557.142, -714.557
2.81902, 238.976, -631.751
5.04829, -490.494, -236.862
6.13222, 666.083, 641.763
5.65882, 534.352, -292.632
3.26658, -877.405, -914.893
5.09652, -825.071, 480.034
3.52281, -509.908, 803.111
6.03231, 388.673, -816.85
6.05786, -489.252, -75.5171
3.66304, -542.364, -217.719
6.80594, 13.3904, -129.624
2.67122, -79.3792, 879.85
6.26587, -887.243, 95.5999
4.14789, 586.644, 138.979
4.65309, 30.4354, -492.599
7.33455, 840.719, -211.161
4.05803, 720.888, 661.095
5.69762, 861.554, -704.081
5.95386, 819.369, -48.9171
5.36403, 35.8235, 615.171
6.60667, 893.542, -717.229
4.21807, -845.126, -658.125
5.09387, -800.69, -690.689
6.78438, 107.277, -878.333
6.18587, 359.484, 15.2114
3.45992, -820.882, 350.606
2.83145, -292.867, 309.139
3.60828, 883.187, -699.766
3.33656, 103.486, -173.55
6.31172, 360.211, -863.803
5.44905, -831.092, 348.673
4.65223, 821.744, 826.152
7.09618, 626.527, 12.2992
5.09668, 443.546, 143.611
7.38058, -681.015, -48.7386
5.15714, -449.21, 113.473
2.98716, 337.666, 293.25
5.83983, 183.859, 133.452
5.44444, 153.801, -22.7979
5.01137, -647.018, -88.0112
2.75808, -860.708, 405.692
2.6753, -292.864, 8.56084
4.41484, -751.704, -514.683
5.55555, 212.354, 101.26
5.06574, 552.331, 822.519
5.98498, 350.568, -8.38429
4.89891, 20.5621, -222.264
3.88323, 40.9708, 430.14
6.01685, -431.154, 181.456
3.67701, 816.894, 2.43556
6.41501, 122.517, -181.763
6.60589, 315.306, 775.151
3.21842, -476.403, 47.7623
5.75757, -495.411, 757.581
3.87677, 825.022, -901.684
7.26215, -442.259, 675.632
4.58238, -733.294, 18.6179
3.03869, -122.769, 373.709
4.70633, -761.856, 531.5
6.28811, -387.52, -264.723
2.77803, -350.102, -266.291
3.51241, -0.860858, 115.509
6.82305, 896.56, -693.838
6.52456, -266.252, -27.9751
2.78861, -649.711, -625.155
4.40304, -44.1311, -670.794
4.56124, -99.2909, 688.317
2.80071, -349.469, 304.755
7.09746, 790.893, 598.888
3.35398, 561.419, 834.291
6.51634, -892.76, 203.273
3.88599, 678.347, 38.7386
4.44586, 165.67, 741.404
7.19936, 67.9912, 608.339
6.24573, 183.28, -207.183
3.44774, -347.19, 733.87
6.89581, 406.375, 468.315
6.8953, 395.365, -779.829
3.30515, -778.155, -238.758
5.87346, -776.971, -195.991
6.89096, 610.192, 162.588
6.98262, 263.834, 491.969
3.06535, 24.1414, 705.804
5.93789, -179.308, -216.874
3.21651, -767.451, -721.91
3.6901, 339.783, -34.6715
5.64383, 888.504, -193.298
4.312, 769.282, 370.319
4.64437, 584.816, 692.752
4.91936, -44.724, -815.893
6.20379, -6.39069, -128.524
3.23098, -345.673, 813.289
7.36238, -768.889, -705.388
7.3158, -501.03, -245.895
3.14741, -557.146, 630.344
5.3784, -274.636, -579.882
4.66439, 99.7234, -171.021
5.50066, -252.541, -270.321
5.85098, -665.927, -61.2375
4.5137, 402.769, 939.589
6.46691, 649.993, 640.177
4.89889, -903.159, -235.651
5.72449, 296.366, 247.84
4.28836, -266.429, 608.169
5.96794, -310.629, -213.948
5.83428, -418.389, -663.479
3.22071, -421.768, 673.868
7.10415, -855.572, 176.068
4.22228, 22.1656, -200.935
6.66824, -388.572, -462.354
2.74349, 303.987, -693.239
3.27936, -254.519, -26.2405
2.55765, 327.407, 457.442
3.94327, 104.934, 573.299
5.07295, -322.164, -153.619
3.65948, 660.987, 428.989
2.75022, -253.549, -22.7174
5.33091, -606.888, -733.923
6.69774, -148.043, 640.408
4.28763, -671.914, -494.044
4.3452, 162.596, 832.127
7.22226, 268.871, -64.4507
4.72425, -872.845, -179.727
6.82086, 428.334, 168.214
5.82654, -781.257, -720.743
5.79297, 167.118, 638.934
7.10736, -923.863, 925.713
5.11536, 903.481, -643.679
5.45229, 437.307, -439.107
5.79944, 675.371, 667.163
4.24765, 263.889, 456.596
4.11714, 340.787, 17.6367
7.08984, -93.4966, 717.379
3.08619, 906.683, -448.809
7.31268, 589.595, -106.944
5.17978, 60.5061, -249.813
5.81447, 740.266, 640.621
5.48362, 843.824, -470.772
6.93363, -508.581, -704.19
6.67999, -639.078, -575.784
6.69339, 249.711, 167.896
6.85642, -158.404, 281.724
2.5002, -784.054, 337.92
4.77274, 286.721, 315.979
4.25696, -899.594, 211.172
5.80713, -249.336, 684.657
6.22234, -893.183, 156.342
3.3821, -154.018, -495.718
7.4621, 810.756, -739.568
5.95466, -898.348, 204.425
6.97862, 162.25, -8.61695
3.51579, 333.987, -98.9659
7.2356, -477.242, -72.6234
4.88476, 849.854, -471.357
6.78578, 884.733, -729.607
6.41237, -888.76, -538.936
5.70687, 877.082, -865.143
3.14521, -701.164, 193.783
5.77944, 11.3985, 690.615
3.09199, 58.5615, -6.23123
3.88793, 290.905, 746.57
6.65548, -241.116, -257.596
6.14153, -731.207, -507.343
6.74348, -606.44, 287.789
3.43989, -759.558, -867.312
6.09602, 552.504, -312.344
4.25586, 136.96, 286.436
3.34555, -418.957, -663.133
4.52383, 309.8, -540.399
4.20924, 157.757, 716.069
6.67141, 331.597, -96.6285
3.9111, 704.968, 596.088
5.16766, -628.153, -451.972
6.25085, 909.626, -842.581
4.62554, -633.882, -752.222
4.66964, -491.929, 577.22
3.03022, 827.461, -917.37
6.4639, -53.6864, -439.489
3.91232, -635.63, -453.055
7.14264, -494.163, -239.43
5.37926, 260.006, 480.964
3.4895, 790.538, -298.506
5.99081, 549.837, -720.118
3.07265, 461.507, -857.465
4.22945, 271.985, 732.884
4.15646, -500.341, -238.426
6.42735, 835.117, -908.439
6.65775, 456.936, -211.691
4.21712, -721.156, 739.986
4.2603, -274.346, 854.552
6.38197, 128.15, -764.819
6.58658, 12.985, 678.72
4.26157, -178.718, 311.306
7.09559, -381.601, -264.732
3.2877, 494.432, 225.796
5.56029, -453.207, 617.649
5.54222, -421.481, 673.762
3.16647, -235.098, -694.607
3.51409, -707.673, -500.709
4.79457, -818.93, 529.225
3.48759, -472.523, 863.154
6.77118, -813.846, 359.295
6.54562, -748.78, -637.992
2.80131, -855.554, 817.046
6.50584, -697.768, 633.703
5.49597, -155.213, -491.03
7.43182, -871.027, 264.642
2.65919, -112.12, 681.416
6.8356, 868.173, -697.04
3.69109, 594.574, 281.103
3.6127, 208.003, 374.403
4.73907, -886.708, -542.976
2.61231, 848.846, -188.016
6.79755, -246.691, 2.98059
4.15902, 233.093, 524.719
5.72195, 335.145, 296.369
7.43521, -885.729, -523.373
5.30162, 289.414, -565.877
4.74553, -774.816, -242.229
5.213, 141.216, -723.788
2.90797, 786.971, -24.9728
3.99606, -750.961, -239.872
6.63964, 780.397, 616.171
6.48936, 602.915, 852.433
5.71048, -112.722, 662.124
4.84105, 611.062, 348.58
7.15326, -176.576, -537.753
5.08798, -246.095, -26.6814
7.42924, 804.059, -482.613
5.94567, -43.4629, -682.809
6.19966, -157.595, -480.559
3.46323, -404.364, -869.299
6.08881, -483.395, 579.028
6.11146, 596.113, -120.079
6.49298, 294.51, 148.887
4.23216, 249.238, -935.049
5.1481, 4.7058, -150.161
3.19001, 735.567, -334.145
6.73218, -233.57, -252.711
6.32766, -34.7249, -801.608
7.5, 866.325, -436.003
4.24891, 486.678, 920.914
5.50367, -543.216, 561.206
3.50808, -491.868, 36.3428
6.2385, 42.5911, 143.141
6.49225, 903.068, 223.327
3.03505, -690.329, 103.862
5.35813, -493.924, 41.1339
2.84683, 355.678, -379.937
4.16036, 655.816, 656.323
5.80945, 451.554, -682.873
5.27726, 132.806, -179.495
7.12415, 226.451, -8.71861
2.69832, -448.047, 193.336
2.62083, -276.698, 204.883
4.61923, 229.423, -633.933
4.36987, 420.358, 171.527
2.93303, -252.389, -249.931
3.05403, -124.19, 161.605
5.31992, 346.868, -344.384
7.37269, -0.733877, 703.982
3.05066, -27.827, -804.579
5.99352, 102.02, 906.546
2.79674, -71.206, -668.4
4.69755, 828.459, -46.3814
5.24651, 940.517, 693.698
3.45129, 661.182, -721.829
7.36597, 359.828, 324.283
3.19593, -645.97, -105.402
5.48978, 865.38, -471.084
7.12812, -839.445, 701.511
3.91116, -66.7196, 851.541
6.8307, -145.697, -83.9481
6.29598, -205.406, -555.77
6.10793, 333.396, 601.782
3.34241, -331.95, 336.324
3.32882, 765.163, 370.645
3.39076, -648.409, -926.754
5.87226, 304.634, -556.537
4.83484, -286.343, 4.21758
6.85219, -770.189, -355.164
5.76023, -653.05, -87.479
5.80464, 742.009, 832.632
2.58037, -660.74, -569.915
4.30596, -736.991, -682.153
3.72747, 886.821, 98.4637
6.93086, -887.102, -884.918
5.23701, 814.412, 787.514
6.57209, -30.8116, -627.254
5.24453, 165.475, 823.597
4.16156, 487.333, -61.8036
4.40213, -22.3728, -640.495
2.52389, 877.9, 610.829
6.95226, -78.8047, -403.881
6.16955, -438.425, 654.136
6.04239, -108.944, 685.475
5.1278, 82.3926, -195.899
6.41065, -153.108, -771.802
3.42484, -410.395, -415.615
5.72673, 271.104, 470.029
3.42178, -629.655, -255.751
3.31214, -23.7327, -99.2717
2.65594, -190.203, 832.15
7.42716, 146.111, -683.919
4.04559, -294.353, -664.097
4.11075, -647.607, -294.263
5.51155, 268.582, -179.892
2.89107, -318.512, -877.561
3.93936, 3.41951, 60.3834
5.79307, -182.242, -483.414
7.36348, -895.044, -363.215
7.27758, -361.531, -745.809
7.42745, -629.748, -283.865
7.30478, -853.568, -668.926
3.0073, -505.481, 571.952
3.71505, -182.127, -481.305
6.91151, 117.83, -370.649
5.28805, 334.927, 615.608
6.7669, 777.649, 536.642
7.49145, -532.757, 563.422
3.99751, -179.83, -477.373
6.33157, 912.587, 448.41
4.81901, 292.367, -166.101
6.8168, -650.664, -733.723
6.99018, 825.655, -74.0269
7.377, 246.536, -402.459
2.77405, 617.396, 150.044
6.32605, 889.089, -632.678
5.09219, -892.024, 740.347
3.46574, 925.43, -180.109
6.98252, 231.366, -549.302
6.38492, -811.642, 107.361
2.75968, 385.526, 520.701
7.47331, -793.796, 737.391
5.93659, -84.4131, -435.555
5.94854, 856.683, 493.293
6.57666, -628.421, 794.173
7.05426, -62.2926, -415.52
3.34218, -202.697, 335.411
5.24183, -609.6, 764.932
6.53351, -510.573, -235.072
4.17803, 329.936, -510.761
5.53435, -93.5367, 13.1393
6.59602, -860.541, 348.575
7.3485, 59.5286, -209.28
6.29349, 550.441, 540.202
3.72113, -127.633, -112.134
5.80589, -575.216, 361.553
4.21574, -494.369, -230.102
7.27146, 352.477, -364.139
2.60828, 774.018, 521.199
4.54979, -875.87, 901.544
2.55789, 549.394, -690.429
3.04964, 835.594, 223.109
5.28259, -811.116, 105.646
4.45466, 29.9621, -254.15
7.20539, 137.234, -166.818
2.55572, 189.177, 390.447
6.22897, -144.854, -498.007
3.84293, 183.929, 111.57
4.27153, -632.941, -759.79
3.45835, -459.528, 631.771
5.14832, 305.166, -129.709
4.39478, -36.4379, -783.839
3.16407, -77.8283, -825.65
4.26563, -202.331, -488.056
4.2497, 772.429, 933.048
7.41084, 615.312, -155.067
5.25961, 162.242, -325.831
4.99918, 24.8065, -716.411
3.58531, -824.802, 373.225
4.37311, -237.064, -579.903
6.78251, -622.023, -457.837
6.45578, 800.823, -501.185
3.9204, -529.779, 843.479
5.07645, 447.027, 144.939
6.79238, -244.327, 46.4195
7.07844, -811.647, -181.511
7.48941, 145.734, 858.286
6.53177, 124.848, -174.406
5.22718, -884.729, -190.259
7.3461, 120.682, -719.222
5.31931, -567.712, 376.648
4.03031, -447.524, 639.993
5.41853, 856.581, 872.057
2.91197, 61.0047, -229.644
5.47382, 355.301, 554.679
3.31968, -574.817, -564.796
6.46527, -635.755, -463.372
2.95373, 601.726, 673.661
6.3072, -481.435, -677.019
6.83996, -235.462, -4.91747
6.40105, 130.508, -331.226
6.61399, 886.52, 841.842
6.70974, 363.687, 543.368
4.48328, 488.875, 240.848
6.508, -140.812, 163.19
6.56811, 363.947, -30.2076
5.43493, -396.995, 84.9894
4.64621, 766.456, -7.89671
2.5002, -56.6342, -443.18
5.31153, -778.529, 337.277
6.22632, 345.186, 327.452
3.89846, 876.93, 281.708
2.93406, -908.269, 548.703
3.5733, 858.641, -860.309
3.93296, -454.816, 607.71
4.86595, -377.508, 464.254
6.95893, 851.442, 826.393
5.91955, 494.871, -471.721
3.54376, 2.4073, -129.365
6.67533, 759.105, -24.3117
7.09218, 886.056, 904.577
4.48244, -510.781, -666.631
6.37858, 551.932, 514.505
5.68161, -129.456, -102.622
6.64746, 445.599, 237.643
3.40204, 521.445, -474.544
7.45927, 544.125, -733.19
6.70558, -133.035, -783.545
4.65177, 848.782, 233.432
4.38589, 590.023, 816.868
2.70802, 590.844, -490.15
6.80715, -691.664, -487.972
6.62116, 886.208, -857.285
6.25052, 5.08119, 714.555
3.55801, -178.658, 900.157
4.31029, -756.435, -184.624
4.43545, -602.034, -725.715
7.32918, 758.684, 625.555
6.5872, -113.462, 671.097
4.5755, -64.4468, 432.338
5.83759, 209.065, 132.087
2.52101, 488.071, 926.479
6.98048, -709.31, 214.735
3.68416, -354.939, 353.981
3.79415, 338.499, -156.966
5.4939, 400.492, -677.43
6.89823, -812.469, 354.755
6.16299, -601.478, -581.985
6.0773, 817.245, 578.125
3.57724, -574.861, 486.658
6.30413, 701.589, -936.623
3.85351, -178.784, -492.244
2.75246, 597.221, 283.817
4.78866, 337.28, 305.144
2.58759, 406.586, -714.648
3.01129, 47.6265, -226.9
2.639, -172.306, 306.474
5.65921, -360.321, -534.351
6.34425, 54.3673, -209.728
2.74132, 538.413, -793.881
6.6924, -28.2921, -631.746
6.76899, -230.121, -223.679
6.57649, -484.477, 568.807
6.85188, 794.626, 375.429
5.27222, -609.906, -158.003
6.12646, -248.818, -52.837
3.20424, -465.886, 858.936
6.6115, 582.469, -495.471
5.51185, 678.01, -178.905
4.93856, 473.023, -862.02
6.14942, -229.117, 822.045
4.05164, 753.744, -649.764
3.93925, -706.529, 319.944
5.45857, -895.193, 721.955
5.34055, 583.388, 826.066
5.41059, -891.272, -554.422
2.84132, -674.703, 282.243
4.34304, 144.805, -316.292
6.28475, -881.151, -547.14
6.35297, -449.581, -840.016
4.27217, -409.969, -278.135
5.98913, 180.336, 871.019
5.08005, -631.427, -284.189
5.94494, 335.877, 142.486
6.18066, -81.434, 634.406
2.56231, -316.892, -639.632
7.16549, 619.571, -152.461
5.37826, 128.393, 113.926
3.05587, 520.015, 929.777
4.87388, -108.32, 24.3863
3.24247, 203.724, 96.2849
4.22594, 68.1679, 429.287
7.04476, -864.879, 190.113
4.54571, 18.072, 525.724
5.96642, -658.456, -97.0771
3.35865, 365.028, -813.441
6.21715, 847.766, -475.221
4.16319, -434.055, 680.422
4.62157, 612.908, 311.72
2.79523, -198.596, -77.0858
5.09005, 266.493, -221.392
5.94425, 437.916, -556.9
5.01149, -237.798, -4.59582
6.56617, -183.518, -719.099
3.07974, 116.76, -887.189
5.24841, 258.601, 461.422
5.06046, 334.682, 53.7739
6.02649, 919.636, 431.938
5.65083, -241.675, 864.222
4.0207, -64.9187, -628.672
6.74719, 361.736, 327.632
3.39619, 608.154, -26.1097
2.61737, -479.049, -83.552
4.19467, 687.276, 40.3682
3.43818, 324.732, -112.531
6.60467, -268.045, 169.221
6.72507, -879.184, -181.654
6.78031, 886.657, -700.089
7.37454, -889.319, 621.925
2.99587, 410.193, -431.41
2.56182, 568.717, 621.381
2.58614, 227.768, 533.334
2.64527, 210.326, 134.086
4.1031, 159.23, -323.189
6.17815, 609.855, 290.765
3.14876, 322.51, 461.354
2.5161, -383.649, 461.036
6.91905, 126.799, -750.586
3.70482, 209.093, -520.747
4.38481, -819.323, 717.513
4.44879, 579.155, 137.089
2.81534, 614.882, 316.36
7.30792, 181.538, 866.302
3.75349, 706.202, -347.8
6.85376, -671.6, -50.5782
2.85991, -849.459, 335.128
2.70653, -577.625, 573.878
3.46378, 319.492, -487.087
3.86708, -301.055, 308.835
7.4007, -924.815, -346.503
3.60607, 325.366, -503.328
6.43119, -857.724, 822.402
4.42306, 236.347, -385.071
3.78593, 445.599, -620.39
3.91087, -883.169, 83.5185
7.33834, 861.843, -45.3041
4.22841, 692.936, 147.306
3.45922, -893.276, 725.197
5.05037, -543.748, -363.047
5.21857, -518.908, 588.482
5.72333, -646.544, -556.875
3.89738, 9.75251, 708.498
3.41887, -315.713, -657.052
2.71579, -815.173, 352.213
3.98408, -521.549, -230.089
4.25548, -229.175, 125.52
7.09372, -390.264, 696.961
5.81225, 477.496, -339.706
5.08041, 846.596, 554.517
4.03763, 544.136, 526.669
3.0007, -315.493, 136.841
3.47502, 345.698, -890.516
4.11407, 38.2865, -133.058
5.56182, 864.074, 98.3506
5.13511, 920.832, -932.985
3.45653, 319.817, 238.255
4.7178, -692.081, -499.296
4.48693, -637.303, 779.38
6.28051, -581.383, 753.944
6.6213, 717.824, 604.57
5.51573, 128.66, -382.836
3.04573, 567.152, -759.499
4.11797, 458.086, -167.076
5.03403, 29.9742, 300.375
4.76521, -647.737, 769.122
4.77315, -153.397, -487.238
4.91125, 909.708, 902.64
5.07896, 360.525, -651.231
4.50207, 176.611, 799.441
4.22945, 873.581, 399.129
6.64533, 885.86, -192.717
3.02204, -667.83, -727.866
6.40057, 514.971, 490.983
3.19919, -285.837, -227.472
2.62171, -749.956, -514.357
6.0664, 358.54, -662.094
7.15538, 136.593, -759.373
7.47667, 233.078, 152.583
3.86264, -886.377, 162.173
3.6923, -506.164, -239.37
3.87328, 887.988, 600.674
5.70836, -863.967, -694.899
5.17637, 286.644, 132.581
6.8967, 775.486, -297.617
6.75968, -650.196, -725.781
2.98004, 831.352, -50.4472
4.66818, -701.636, 198.262
3.17045, -152.625, -718.863
5.86802, -205.852, 315.921
5.34964, -49.259, -457.063
3.66474, -526.99, 556.808
5.50306, 244.044, -639.725
2.6551, -732.126, -1.94419
7.08512, 529.968, -281.397
3.82958, 851.573, -189.692
6.50016, -161.348, -507.77
5.46389, 143.197, -722.875
5.0822, 349.401, 560.023
5.2567, 352.141, 581.67
3.47225, 466.782, -205.823
5.36152, 129.706, -674.435
3.81992, 179.256, 407.301
4.41648, -783.589, 513.316
2.73626, -683.289, -879.083
4.22823, 552.239, -692.539
3.61594, 628.05, -414.451
3.81264, 34.2419, -713.014
3.05141, -399.792, -454.962
7.40088, -673.087, -8.77004
5.93794, 764.73, 614.933
5.82158, -544.192, -356.165
5.99501, -585.421, -655.672
2.68746, -766.985, -705.853
3.6706, -639.878, -733.28
3.95397, 715.794, 655.751
3.50543, 55.4018, -252.473
2.7177, 318.353, 255.849
2.56571, -494.896, 546.555
6.07297, -481.186, 781.19
6.88348, -838.165, -577.489
5.35088, -874.293, 362.224
6.92743, 840.116, 824.058
5.20042, -390.562, -267.556
3.31357, 866.402, -653.161
3.30492, 947.941, 472.994
7.19182, 299.052, 273.779
3.45628, 511.264, -786.856
3.15761, -9.33678, -115.974
4.41122, -248.623, -6.27269
6.12674, 271.027, -188.409
2.50651, 551.967, 821.085
4.60222, 31.4752, 715.436
5.18984, 247.533, -215.112
4.86596, -224.336, 231.913
6.33003, 546.314, 828.59
2.9396, 507.311, -482.669
7.04284, 154.213, 321.757
3.20818, -811.932, -401.866
2.54782, 325.884, -20.7335
2.82267, 259.374, 483.505
4.96742, 368.138, 220.355
5.40914, 495.557, 930.099
4.03373, -898.335, 536.604
4.57091, 818.516, -44.5215
4.33401, -611.052, -630.473
3.42687, 151.873, 637.068
2.76788, 610.804, 113.273
4.47222, 485.067, -50.952
3.98388, -321.549, -165.9
5.05388, -383.124, 814.64
3.75392, -682.001, 216.5
5.01589, 910.254, 890.797
2.51168, -5.37715, 770.131
7.01807, 892.596, -441.8
2.79181, -907.406, -901.011
5.17506, -589.615, 759.602
3.95754, -381.31, 792.667
7.3023, -781.721, -234.941
4.73406, 348.489, -80.188
5.08479, 822.931, 197.368
5.93861, -303.889, -4.80528
2.72187, -156.175, 46.0983
7.2946, -767.967, 585.584
5.70852, 373.05, 140.92
2.80215, 524.26, -692.487
3.33964, 89.2938, 259.764
5.76491, 453.409, -205.782
6.19864, -784.247, 336.113
3.57011, 837.358, 223.756
4.31441, 117.72, -734.787
6.56981, -642.634, 896.806
5.32057, 798.747, -474.646
7.45886, -28.5004, -815.234
6.5669, -769.129, 340.988
3.49157, -931.27, -15.1382
2.50003, -153.228, -781.669
4.62608, 866.028, -689.907
4.07406, 809.158, 189.137
5.56218, 594.025, -886.357
3.83351, -163.152, -519.89
4.39881, -590.179, -81.7563
5.43397, 874.275, 268.246
5.95636, -119.966, -459.226
7.26736, -398.282, -532.966
4.89785, -299.119, -888.855
3.60319, 391.09, -671.154
5.33741, -658.638, -471.959
6.09873, 341.282, 310.068
4.4953, -500.692, 572.244
3.48326, -668.673, 938.133
6.66971, -637.164, -762.759
5.59561, -447.771, -844.17
7.26866, -273.739, 154.386
3.23222, 12.4585, -201.022
5.38953, 0.085125, -433.775
7.26796, -430.214, 663.128
3.62331, 696.492, -933.023
7.25137, -491.367, 756.196
3.07874, 787.884, -492.214
2.58372, -2.66885, -195.61
3.90465, -312.842, -134.825
7.15042, 604.775, 130.592
3.04796, 752.814, 835.478
6.77266, -1.20211, 726.041
5.68532, -686.176, -710.827
5.63853, 402.065, -675.876
3.80589, 725.238, 656.557
5.13936, -879.92, 174.598
7.16608, -253.456, 849.469
3.98055, 874.136, 95.15
4.78006, 184.259, 369.175
6.35659, -633.028, -585.551
4.17193, 171.353, 119.025
6.31775, -41.7792, -806.591
6.65892, -9.03454, 883.458
2.64618, -721.367, 555.793
4.31315, 686.661, -254.071
4.16221, 267.853, 493.269
3.17675, -458.209, -240.36
3.00839, -283.624, 612.217
5.11327, -582.28, 772.715
3.52046, 42.0862, -498.999
5.00728, -832.386, -578.633
5.1371, -29.0069, 884.868
4.13422, -249.133, -261.69
4.75888, 260.423, -383.962
6.85263, -40.8417, 900.774
4.72884, 589.082, 827.948
6.03726, -457.818, -803.263
6.83171, 881.149, -703.231
6.5822, 807.145, 192.445
2.67504, 822.873, 799.001
3.8644, -612.969, -264
5.21858, -400.359, -427.333
3.19942, -880.477, -539.645
5.57408, -724.938, -872.249
3.29182, -622.299, -638.777
4.41129, 113.438, 212.341
5.94997, -101.718, 177.153
3.21128, -388.734, 472.33
5.65284, -794.226, 736.381
3.15973, 155.345, 877.111
7.13583, -705.804, 208.315
5.53465, -897.791, 764.57
5.50388, -846.67, 327.898
3.33635, 575.693, -501.62
3.301, -799.636, -413.385
5.91628, 589.939, -22.7435
5.1456, -687.202, -29.8518
3.65264, -91.489, 704.552
6.55373, -459.798, -65.5117
5.76477, -417.103, -541.976
4.08597, -592.506, -583.524
2.53953, -250.662, -783.751
3.49176, 729.141, 643.922
3.78831, 16.6398, 369.05
3.03825, 835.772, 31.3766
3.49545, 104.633, -402.725
6.75079, 793.447, -764.267
6.63912, -862.496, 192.571
6.76813, -857.745, -578.932
5.71027, 296.269, 766.498
3.6787, 692.076, -926.176
6.80638, -504.661, -754.02
5.4745, -29.5779, -136.524
2.52745, 517.663, -55.1099
6.84925, -622.617, -451.573
7.37729, 615.84, 165.401
5.59653, 340.93, 42.1125
3.85574, -851.231, 350.366
7.46973, -200.695, -541.03
4.60751, -670.27, -474.229
4.20537, -774.888, -594.043
4.80717, 334.656, -91.9754
4.44822, 248.677, -407.085
4.613, -8.08205, 507.572
2.84879, 139.631, 305.188
5.5153, 13.057, -135.868
7.36114, -51.6084, 201.361
5.07406, -714.631, -501.792
7.45461, 879.262, -117.166
5.84906, 584.572, -134.336
4.01716, -596.301, 52.5397
3.47371, 820.419, 570.117
4.0109, -753.759, -847.851
4.93946, -351.57, 448.223
4.72438, 498.61, 938.515
5.7844, 357.929, -865.53
3.74227, -738.858, -683.136
4.72007, 43.8014, 534.24
5.75894, -677.418, -42.4203
6.67472, -709.814, 256.135
6.03698, 172.219, 785.788
4.93928, -827.724, -621.279
6.72039, 384.219, -205.538
7.00296, -503.682, -242.995
6.33082, -690.944, -469.878
5.29453, 637.17, 883.477
2.70603, -14.3378, 92.4964
5.46749, 547.12, 81.7863
2.68674, -631.34, 798.739
4.53488, 90.1244, 419.284
2.84243, -920.634, -856.39
7.38558, -734.374, -864.923
2.5956, -503.493, -222.644
6.60363, -167.026, -252.011
5.2195, -382.234, 790.125
5.72828, 732.55, -335.793
3.62934, -265.638, -37.3484
2.733, 882.271, -692.114
3.63154, 209.86, -548.642
4.58371, -635.733, 127.258
6.40126, 249.921, -606.898
3.72852, -852.982, 330.442
4.81411, 608.659, 114.467
6.14756, 909.564, 279.269
5.35237, -343.166, 784.494
5.45997, 901.887, 895.096
4.98425, -840.095, 253.694
3.951, 457.393, 168.041
4.71107, 18.8843, -192.115
2.53669, 822.71, -413.964
7.41683, 490.244, -344.003
2.52822, -748.428, -200.147
4.8676, -94.1938, 702.836
5.86497, -339.197, -151.744
