6.27803, -722.609, -793.502
3.5948, -2.68148, -167.995
5.89648, 358.033, -810.882
5.09708, -232.057, 811.686
2.76731, -909.823, 653.331
2.53849, 329.778, 28.5949
4.58743, -733.931, -198.905
7.15218, 167.274, 368.095
2.95982, 4.18331, 656.71
6.00595, -166.27, 246.362
3.81226, 592.96, 795.629
4.14117, 464.553, -810.721
7.45519, 391.896, 199.946
7.41275, -519.779, -270.815
5.75759, 432.79, 385.908
6.92354, 242.831, -753.3
6.33247, -208.208, -506.909
3.87453, -513.552, -91.381
4.93259, -617.942, -288.209
2.80282, 784.304, 770.26
5.08146, -20.6698, 680.375
4.96988, 841.654, -403.926
7.23882, -672.093, -506.75
4.42071, -56.8794, -744.52
5.14874, 808.984, -487.632
2.75042, 739.229, -1.86635
6.63909, 503.47, 508.454
5.94228, -766.645, -650.373
6.18112, 285.917, 717.661
6.94286, 865.505, 450.729
4.25508, -345.493, -528.301
6.72991, 184.29, -4.83293
3.84659, 556.637, -121.538
4.83959, 52.2321, -167.683
3.2686, -643.223, -469.194
2.66527, 572.864, 167.121
7.2768, 7.79199, 74.8614
6.95369, 129.06, 421.788
3.29884, 572.39, 162.183
3.15214, 423.723, -549.22
2.515, -441.964, -756.872
6.0491, -772.038, -195.374
3.40448, -474.528, 761.224
5.76029, 747.168, -292.165
4.42907, 407.797, -693.504
3.23766, 54.6895, -173.195
5.45054, 603.947, 61.7904
3.24076, 167.376, 813.544
3.2091, -152.639, 855.12
4.94257, -436.841, 94.1435
3.13015, 775.814, -39.1319
5.64635, -299.31, -532.752
5.60817, 259.937, -637.954
4.88216, -518.452, 551.847
2.64188, -409.936, -164.072
3.21011, -38.2105, 639.17
3.15594, -216.252, 785.146
3.31099, -763.176, 703.433
3.76529, -220.613, -724.189
4.77654, 553.968, -695.081
6.54472, -71.7467, -270.143
3.57624, 274.173, 705.585
3.75063, 719.144, 360.011
5.02978, -111.544, 667.794
6.27922, 560.704, 155.882
5.66369, 770.99, -29.6809
5.9449, 565.802, -130.818
7.27207, 866.913, 423.262
5.18713, -448.433, 645.173
4.57014, -663.789, -19.6035
4.70019, 664.186, 144.028
6.07821, 674.626, 436.763
6.20858, 341.246, 534.852
5.12494, 712.289, -890.225
6.06711, -762.24, -100.992
5.91025, 364.544, -4.94672
6.82941, 797.588, -546.094
3.19597, -11.4541, 672.554
3.57766, 834.616, -161.963
5.0733, -310.813, -143.891
4.83766, -55.0735, 624.529
3.55759, -238.174, 607.419
5.65244, -640.729, 879.503
2.5044, -838.13, 190.577
4.09589, 386.359, 474.315
5.90281, 312.523, -56.8777
6.0446, 611.058, -526.653
2.90869, -740.03, 563.663
3.56926, 264.852, 453.998
4.44412, -754.975, -548.177
4.44927, 795.948, 795.303
3.92018, 343.167, -458.653
4.6123, 499.238, 481.708
2.55658, -615.37, -467.527
3.72027, 838.976, -691.288
4.49072, -690.053, 601.435
6.64177, -712.266, 243.032
3.78584, 790.369, -695.63
3.59705, -681.128, -501.653
6.47385, 307.304, 304.9
5.8476, 423.626, 378.804
5.49108, -830.056, 253.8
5.99917, -340.535, -515.832
5.13062, 527.932, -707.531
4.14833, 229.916, 138.069
3.30844, -773.374, 310.546
6.56633, 653.157, 4.56156
4.08004, 396.778, 214.285
4.05369, -1.64404, -703.023
4.65424, 54.1693, 121.808
4.46509, -171.209, -540.15
4.43916, 77.2426, -180.941
4.34871, -668.066, -465.358
5.88118, 317.334, -487.428
6.10384, 312.253, 2.38101
7.20082, -25.5403, 831.468
5.08573, -65.5615, -431.751
5.5282, -158.586, 281.143
5.85049, -616.317, 847.802
5.11404, 51.3331, -166.176
3.87105, -835.768, 606.534
7.08924, 161.347, 312.264
3.73367, 785.641, -443.108
4.77876, 321.643, 544.256
3.30374, -847.596, 618.05
4.68319, 272.289, 280.666
7.45767, 418.475, 134.495
6.26931, -389.54, 380.637
4.97846, -802.22, -580.331
7.01651, -612.528, -689.712
4.68213, 502.494, 461.008
5.09239, 123.483, -840.388
4.44866, 115.885, -681.292
5.63431, -157.816, -477.433
5.19331, 305.895, 233.08
4.35955, 595.488, -454.665
2.54674, -308.267, 307.528
6.3794, 28.7743, -673.64
2.85317, -812.895, -536.027
3.98511, 377.66, -660.413
4.78581, -41.5468, -717.656
3.25156, -90.8576, -6.31014
5.97819, 597.417, -401.653
4.15587, 371.753, 151.231
5.21197, 870.598, -780.274
2.64678, 713.77, -872.25
5.38086, 40.3744, -201.74
5.18133, 283.34, 436.356
7.36678, -719.378, -830.664
5.57063, -287.426, -514.192
5.26431, -696.824, 196.072
6.69051, -245.721, 823.365
3.75764, -457.715, 790.423
6.98957, 571.682, -133.581
5.97428, 510.879, -464.606
5.82752, -436.266, -65.4468
3.06838, -645.641, -641.214
3.37987, -825.955, 123.859
2.91253, -128.91, 157.069
6.68103, -180.859, 286.155
2.64818, 868.135, -691.421
6.34719, -66.207, -745.234
4.29829, -472.416, 740.605
6.24626, 41.6028, 512.706
6.28385, 323.141, 255.605
3.60834, -499.527, -794.14
5.58305, 277.596, 117.719
3.66846, -472.881, -241.829
6.22052, -716.714, 240.248
5.80997, -789.229, -639.141
4.9209, 848.177, -625.875
2.58972, 821.419, 140.486
4.98291, 414.171, 133.26
5.09587, 13.0854, -775.872
4.71395, -785.546, 447.479
4.14528, -77.8955, 841.167
3.52671, 454.661, -72.7798
7.19863, -158.358, -446.266
2.85168, -526.947, 758.027
3.30042, 52.8393, -717.431
6.70788, -661.953, -15.0049
4.13614, -193.827, -232.142
6.85942, 213.622, 376.358
5.99896, 614.111, 499.452
5.52801, 824.83, -188.451
4.77536, 23.5796, -167.227
2.91543, -496.042, -176.983
3.94883, 61.2533, -180.435
6.51009, -660.606, -710.49
6.81821, 326.238, 21.7509
3.81831, 360.547, -466.768
4.79881, -706.747, -256.605
4.95672, 524.076, -457.894
5.82344, -451.525, -854.646
7.31738, -591.982, -165.621
7.23022, 508.102, -702.409
2.81902, 239.632, -593.177
5.04829, -557.936, -232.438
6.13222, 695.22, 631.762
5.65882, 491.549, -251.665
3.26658, -840.878, -884.931
5.09652, -790.039, 449.896
3.52281, -486.631, 773.182
6.03231, 365.134, -796.663
6.05786, -459.972, -88.9974
3.66304, -467.482, -250.137
6.80594, 57.4518, -181.258
2.67122, -24.4638, 834.234
6.26587, -831.74, 123.275
4.14789, 556.367, 136.017
4.65309, 2.80066, -449.715
7.33455, 761.074, -178.856
4.05803, 708.346, 604.465
5.69762, 836.694, -670.977
5.95386, 782.029, -37.2046
5.36403, 36.0994, 610.302
6.60667, 848.076, -633.066
4.21807, -814.605, -648.005
5.09387, -741.527, -639.417
6.78438, 104.063, -809.446
6.18587, 313.98, -24.6482
3.45992, -770.954, 330.684
2.83145, -280.647, 314.435
3.60828, 843.952, -675.143
3.33656, -21.7179, -189.624
6.31172, 367.042, -817.522
5.44905, -755.395, 333.283
4.65223, 813.043, 812.929
7.09618, 595.561, 8.79862
5.09668, 385.997, 142.063
7.38058, -625.382, -76.6665
5.15714, -425.166, 66.8989
2.98716, 317.264, 262.621
5.83983, 230.794, 111.953
5.44444, 193.259, 4.27776
5.01137, -654.392, -55.0171
2.75808, -788.326, 330.398
2.6753, -204.354, -42.9341
4.41484, -694.836, -498.662
5.55555, 203.192, 132.568
5.06574, 569.924, 792.744
5.98498, 360.428, -7.95895
4.89891, 89.7632, -206.592
3.88323, 51.1918, 421.815
6.01685, -422.548, 164.353
3.67701, 779.832, -46.1109
6.41501, 86.36, -176.034
6.60589, 256.184, 735.118
3.21842, -484.087, 24.0799
5.75757, -473.522, 726.077
3.87677, 826.559, -845.898
7.26215, -436, 606.334
4.58238, -651.847, -18.4738
3.03869, -121.96, 342.498
4.70633, -753.545, 526.047
6.28811, -360.621, -239.539
2.77803, -391.513, -241.96
3.51241, 13.1924, 73.0106
6.82305, 846.658, -704.57
6.52456, -232.327, -53.1525
2.78861, -611.182, -568.761
4.40304, -11.7154, -624.81
4.56124, -66.3154, 678.281
2.80071, -306.096, 316.489
7.09746, 751.302, 567.958
3.35398, 596.032, 793.724
6.51634, -811.122, 196.876
3.88599, 625.788, 27.3251
4.44586, 164.292, 729.103
7.19936, 51.1983, 595.371
6.24573, 162.311, -206.309
3.44774, -372.04, 714.201
6.89581, 377.133, 457.178
6.8953, 379.126, -741.085
3.30515, -728.856, -211.686
5.87346, -744.837, -226.404
6.89096, 623.325, 140.4
6.98262, 255.545, 437.908
3.06535, -30.673, 671.106
5.93789, -157.048, -222.698
3.21651, -747.222, -638.773
3.6901, 279.847, -9.4243
5.64383, 822.138, -179.225
4.312, 718.516, 361.967
4.64437, 598.229, 647.106
4.91936, -56.3242, -746.335
6.20379, -2.65999, -173.016
3.23098, -371.372, 733.91
7.36238, -712.283, -654.559
7.3158, -515.281, -230.686
3.14741, -503.803, 587.275
5.3784, -252.987, -536.809
4.66439, 36.5363, -169.08
5.50066, -248.148, -232.302
5.85098, -675.006, -31.1594
4.5137, 409.236, 895.053
6.46691, 638.176, 614.689
4.89889, -828.058, -211.885
5.72449, 333.662, 254.449
4.28836, -272.734, 605.164
5.96794, -285.603, -207.128
5.83428, -426.892, -639.17
3.22071, -450.532, 612.187
7.10415, -845.299, 188.208
4.22228, 51.5115, -176.807
6.66824, -386.338, -456.961
2.74349, 304.528, -644.426
3.27936, -268.253, 5.19378
2.55765, 325.739, 446.16
3.94327, 86.9015, 561.293
5.07295, -318.027, -150.032
3.65948, 643.833, 423.314
2.75022, -268.234, 9.29609
5.33091, -636.59, -698.54
6.69774, -107.623, 661.702
4.28763, -701.537, -500.094
4.3452, 149.968, 790.985
7.22226, 293.573, -57.8966
4.72425, -828.229, -195.452
6.82086, 391.758, 185.473
5.82654, -759.305, -677.034
5.79297, 141.739, 612.08
7.10736, -889.254, 890.906
5.11536, 834.028, -669.123
5.45229, 416.905, -432.769
5.79944, 685.469, 619.706
4.24765, 262.368, 436.08
4.11714, 331.047, 24.4845
7.08984, -93.2251, 650.134
3.08619, 820.123, -434.821
7.31268, 546.335, -129.625
5.17978, 41.8278, -147.979
5.81447, 684.123, 611.801
5.48362, 803.586, -461.805
6.93363, -513.005, -657.423
6.67999, -628.078, -551.698
6.69339, 237.469, 104.922
6.85642, -159.332, 288.579
2.5002, -816.974, 315.256
4.77274, 355.029, 264.769
4.25696, -808.867, 192.325
5.80713, -240.954, 661.977
6.22234, -819.441, 190.434
3.3821, -163.85, -497.496
7.4621, 847.496, -688.556
5.95466, -810.026, 194.689
6.97862, 178.768, -9.12164
3.51579, 289.302, -85.1472
7.2356, -462.883, -125.394
4.88476, 785.948, -446.119
6.78578, 836.672, -644.469
6.41237, -803.517, -544.646
5.70687, 853.703, -820.09
3.14521, -712.621, 227.824
5.77944, -4.95114, 694.289
3.09199, 64.0143, -21.7181
3.88793, 254.379, 706.396
6.65548, -250.47, -262.978
6.14153, -678.362, -497.104
6.74348, -616.98, 277.701
3.43989, -695.989, -841.508
6.09602, 520.801, -302.468
4.25586, 139.574, 270.416
3.34555, -413.766, -616.897
4.52383, 264.623, -577.469
4.20924, 148.074, 691.11
6.67141, 319.058, -52.4664
3.9111, 715.26, 617.608
5.16766, -644.623, -469.567
6.25085, 831.544, -834.18
4.62554, -628.312, -725.381
4.66964, -460.259, 591.281
3.03022, 801.966, -904.373
6.4639, -101.469, -417.869
3.91232, -699.688, -502.011
7.14264, -463.567, -212.351
5.37926, 267.155, 439.903
3.4895, 725.057, -323.47
5.99081, 508.604, -673.198
3.07265, 404.443, -786.665
4.22945, 261.544, 708.351
4.15646, -479.887, -218.064
6.42735, 825.838, -836.104
6.65775, 431.543, -165.531
4.21712, -705.165, 721.513
4.2603, -230.34, 822.934
6.38197, 98.5813, -666.094
6.58658, 23.9811, 709.386
4.26157, -218.905, 278.057
7.09559, -406.601, -242.853
3.2877, 466.884, 203.358
5.56029, -427.225, 659.091
5.54222, -450.372, 613.348
3.16647, -218.259, -648.767
3.51409, -689.992, -504.413
4.79457, -766.94, 521.758
3.48759, -450.124, 774.666
6.77118, -803.821, 317.283
6.54562, -729.274, -617.245
2.80131, -841.852, 754.35
6.50584, -684.611, 607.871
5.49597, -147.328, -477.356
7.43182, -827.918, 251.912
2.65919, -70.2327, 665.901
6.8356, 851.085, -685.401
3.69109, 577.939, 271.78
3.6127, 215.62, 350.953
4.73907, -804.311, -541.427
2.61231, 855.003, -157.422
6.79755, -261.088, -32.615
4.15902, 269.327, 460.257
5.72195, 354.426, 312.907
7.43521, -789.048, -588.964
5.30162, 282.048, -514.873
4.74553, -738.72, -174.308
5.213, 104.046, -697.355
2.90797, 799.713, -40.2163
3.99606, -727.041, -206.43
6.63964, 760.406, 566.362
6.48936, 546.16, 776.612
5.71048, -83.3695, 690.317
4.84105, 577.767, 296.955
7.15326, -149.038, -470.122
5.08798, -235.114, 16.5104
7.42924, 791.76, -477.155
5.94567, -19.0691, -640.167
6.19966, -165.7, -506.638
3.46323, -423.906, -806.27
6.08881, -523.136, 555.442
6.11146, 597.019, -80.0436
6.49298, 274.476, 146.069
4.23216, 243.858, -878.589
5.1481, 40.226, -211.153
3.19001, 703.608, -339.829
6.73218, -252.414, -262.785
6.32766, -24.7203, -750.874
7.5, 803.103, -458.254
4.24891, 489.859, 903.807
5.50367, -433.98, 592.091
3.50808, -464.896, 36.5232
6.2385, 32.3182, 108.338
6.49225, 827.286, 235.64
3.03505, -674.783, 100.645
5.35813, -458.462, 15.034
2.84683, 335.101, -360.188
4.16036, 662.134, 600.251
5.80945, 403.172, -659.853
5.27726, 94.245, -182.484
7.12415, 221.897, -3.33376
2.69832, -415.965, 139.34
2.62083, -248.945, 150.807
4.61923, 260.749, -594.973
4.36987, 399.925, 192.288
2.93303, -258.738, -254.285
3.05403, -88.6968, 164.219
5.31992, 338.604, -373.412
7.37269, 16.4788, 695.83
3.05066, -41.8228, -721.13
5.99352, 109.803, 834.901
2.79674, -49.2471, -611.836
4.69755, 775.748, -42.91
5.24651, 892.636, 674.195
3.45129, 632.574, -695.275
7.36597, 349.782, 309.531
3.19593, -629.051, -71.3659
5.48978, 782.326, -446.172
7.12812, -798.751, 708.378
3.91116, -29.2498, 825.561
6.8307, -124.655, -105.101
6.29598, -206.655, -502.679
6.10793, 330.737, 560.705
3.34241, -316.854, 310.315
3.32882, 777.851, 375.026
3.39076, -651.164, -864.267
5.87226, 292.839, -528.236
4.83484, -210.477, -59.8276
6.85219, -731.24, -355.746
5.76023, -656.139, -64.1623
5.80464, 748.941, 793.662
2.58037, -599.1, -546.033
4.30596, -740.016, -660.532
3.72747, 800.123, 105.938
6.93086, -864.582, -846.834
5.23701, 824.675, 797.643
6.57209, -38.6404, -635.542
5.24453, 157.382, 821.135
4.16156, 446.272, -73.8821
4.40213, -57.5218, -596.671
2.52389, 831.666, 567.244
6.95226, -74.7451, -416.752
6.16955, -427.443, 644.273
6.04239, -76.1934, 673.653
5.1278, 30.6661, -198.238
6.41065, -112.294, -718.137
3.42484, -405.329, -404.73
5.72673, 236.196, 479.37
3.42178, -575.759, -270.199
3.31214, -11.5952, -92.7858
2.65594, -235.715, 809.085
7.42716, 142.181, -699.141
4.04559, -284.327, -608.433
4.11075, -598.456, -280.801
5.51155, 258.738, -140.626
2.89107, -291.574, -831.947
3.93936, 7.15863, 95.2981
5.79307, -155.466, -479.352
7.36348, -832.482, -364.475
7.27758, -361.119, -699.639
7.42745, -578.059, -258.647
7.30478, -786.125, -612.398
3.0073, -470.851, 605.567
3.71505, -146.84, -477.728
6.91151, 137.687, -322.643
5.28805, 349.547, 514.55
6.7669, 758.665, 570.018
7.49145, -496.737, 588.982
3.99751, -158.263, -554.935
6.33157, 867.642, 447.5
4.81901, 266.112, -160.611
6.8168, -607.669, -685.579
6.99018, 801.707, -110.212
7.377, 236.618, -404.606
2.77405, 596.766, 150.378
6.32605, 849.444, -704.221
5.09219, -846.961, 723.641
3.46574, 866.841, -143.024
6.98252, 232.321, -545.901
6.38492, -781.36, 117.024
2.75968, 333.173, 519.763
7.47331, -766.592, 692.075
5.93659, -76.4735, -416.224
5.94854, 826.648, 488.206
6.57666, -581.349, 742.575
7.05426, -94.1739, -413.255
3.34218, -157.817, 280.907
5.24183, -598.869, 753.116
6.53351, -467.254, -218.057
4.17803, 316.761, -483.772
5.53435, -102.264, 15.1082
6.59602, -746.116, 306.753
7.3485, 32.8934, -167.822
6.29349, 576.564, 528.863
3.72113, -121.851, -101.193
5.80589, -575.527, 339.14
4.21574, -523.673, -241.626
7.27146, 328.474, -336.033
2.60828, 746.414, 521.936
4.54979, -861.905, 862.656
2.55789, 536.659, -703.454
3.04964, 813.865, 205.905
5.28259, -808.063, 131.808
4.45466, 86.7542, -175.779
7.20539, 85.7501, -190.107
2.55572, 180.286, 407.335
6.22897, -160.918, -493.447
3.84293, 246.22, 108.861
4.27153, -598.822, -672.096
3.45835, -443.622, 641.525
5.14832, 325.388, -87.3838
4.39478, -14.7187, -729.568
3.16407, -104.199, -781.315
4.26563, -138.976, -478.288
4.2497, 763.823, 882.944
7.41084, 562.395, -108.161
5.25961, 143.933, -292.207
4.99918, 23.4289, -666.267
3.58531, -779.607, 295.383
4.37311, -196.777, -482.1
6.78251, -640.69, -474.212
6.45578, 820.101, -454.606
3.9204, -528.262, 754.826
5.07645, 363.33, 190.505
6.79238, -243.791, 36.7579
7.07844, -726.301, -218.621
7.48941, 170.89, 797.123
6.53177, 83.7397, -182.451
5.22718, -810.749, -191.008
7.3461, 128.474, -720.092
5.31931, -556.111, 370.942
4.03031, -403.35, 643.379
5.41853, 811.309, 813.077
2.91197, 65.2373, -180.92
5.47382, 332.222, 519.061
3.31968, -621.246, -551.712
6.46527, -617.901, -462.879
2.95373, 604.555, 644.057
6.3072, -489.587, -666.193
6.83996, -242.39, -33.6575
6.40105, 111.366, -290.737
6.61399, 812.671, 793.036
6.70974, 314.232, 556.212
4.48328, 441.794, 195.636
6.508, -125.388, 155.019
6.56811, 320.775, 12.6265
5.43493, -389.507, 70.2444
4.64621, 771.099, -20.0952
2.5002, -87.0324, -379.589
5.31153, -813.145, 311.402
6.22632, 312.629, 238.261
3.89846, 832.32, 244.093
2.93406, -849.84, 517.486
3.5733, 876.499, -813.99
3.93296, -414.76, 647.465
4.86595, -382.493, 463.899
6.95893, 842.988, 788.752
5.91955, 506.982, -473.574
3.54376, 29.0241, -123.527
6.67533, 751.361, -42.184
7.09218, 882.643, 867.962
4.48244, -510.154, -664.465
6.37858, 501.001, 502.025
5.68161, -118.328, -90.7808
6.64746, 397.128, 182.615
3.40204, 483.948, -445.565
7.45927, 523.448, -687.143
6.70558, -132.268, -729.929
4.65177, 790.094, 209.247
4.38589, 526.428, 794.124
2.70802, 534.529, -483.064
6.80715, -614.861, -448.181
6.62116, 854.138, -816.967
6.25052, -6.06625, 654.557
3.55801, -183.037, 831.317
4.31029, -748.402, -239.51
4.43545, -677.216, -678.123
7.32918, 696.81, 615.56
6.5872, -72.3939, 672.206
4.5755, -47.2345, 417.195
5.83759, 216.658, 116.97
2.52101, 499.022, 905.978
6.98048, -676.831, 195.112
3.68416, -334.73, 334.812
3.79415, 317.808, -195.189
5.4939, 389.831, -661.734
6.89823, -794.687, 300.437
6.16299, -641.202, -536.936
6.0773, 731.176, 578.738
3.57724, -543.488, 496.03
6.30413, 720.254, -901.233
3.85351, -149.976, -464.896
2.75246, 544.048, 243.76
4.78866, 368.444, 305.622
2.58759, 419.951, -641.037
3.01129, 18.4018, -227.861
2.639, -221.526, 283.347
5.65921, -377.99, -502.225
6.34425, 32.4408, -171.942
2.74132, 523.719, -730.894
6.6924, -42.6963, -643.052
6.76899, -215.209, -190.184
6.57649, -516.101, 554.803
6.85188, 767.346, 366.992
5.27222, -571.361, -181.358
6.12646, -227.443, -52.2625
3.20424, -456.886, 781.887
6.6115, 545.194, -458.876
5.51185, 624.268, -158.932
4.93856, 466.721, -820.966
6.14942, -201.865, 755.463
4.05164, 754.225, -633.449
3.93925, -720.246, 285.278
5.45857, -855.453, 703.649
5.34055, 549.927, 791.888
5.41059, -825.201, -508.983
2.84132, -699.75, 236.121
4.34304, 144.735, -295.378
6.28475, -804.181, -541.04
6.35297, -443.805, -803.383
4.27217, -387.345, -242.214
5.98913, 154.222, 790.045
5.08005, -603.49, -273.612
5.94494, 309.594, 135.35
6.18066, -78.409, 692.832
2.56231, -308.539, -612.569
7.16549, 558.638, -111.32
5.37826, 164.42, 108.046
3.05587, 504.444, 845.891
4.87388, -99.0849, 4.70716
3.24247, 226.762, 100.323
4.22594, 106.144, 415.307
7.04476, -831.694, 226.062
4.54571, 34.1012, 516.043
5.96642, -605.63, -58.9254
3.35865, 382.395, -738.101
6.21715, 835.866, -424.89
4.16319, -430.193, 669.479
4.62157, 590.31, 278.772
2.79523, -235.608, -62.0232
5.09005, 238.676, -195.963
5.94425, 402.909, -526.299
5.01149, -244.232, -30.4844
6.56617, -174.626, -688.125
3.07974, 132.563, -844.817
5.24841, 300.599, 459.118
5.06046, 328.908, 16.6686
6.02649, 871.155, 451.083
5.65083, -278.518, 812.401
4.0207, -52.0427, -632.715
6.74719, 318.196, 241.123
3.39619, 565.686, -23.1998
2.61737, -442.231, -62.5588
4.19467, 646.522, 26.7033
3.43818, 318.81, -51.1159
6.60467, -247.018, 160.016
6.72507, -822.23, -196.95
6.78031, 848.151, -676.97
7.37454, -847.472, 615.29
2.99587, 390.509, -426.114
2.56182, 573.483, 588.95
2.58614, 265.373, 464.379
2.64527, 191.074, 132.787
4.1031, 140.454, -291.979
6.17815, 569.263, 283.806
3.14876, 285.48, 447.684
2.5161, -358.121, 435.094
6.91905, 99.3143, -709.898
3.70482, 228.724, -512.675
4.38481, -804.744, 713.011
4.44879, 554.806, 132.129
2.81534, 586.781, 319.958
7.30792, 143.452, 773.698
3.75349, 716.419, -331.844
6.85376, -648.157, -60.8428
2.85991, -763.12, 318.348
2.70653, -502.494, 553.141
3.46378, 304.406, -502.84
3.86708, -297.247, 293.167
7.4007, -870.387, -340.893
3.60607, 343.097, -499.239
6.43119, -826.261, 785.474
4.42306, 219.186, -368.161
3.78593, 411.907, -610.506
3.91087, -803.222, 148.888
7.33834, 764.98, -26.6074
4.22841, 640.212, 141.789
3.45922, -793.614, 700.545
5.05037, -539.955, -334.985
5.21857, -481.562, 565.691
5.72333, -611.903, -563.365
3.89738, -23.9199, 671.737
3.41887, -292.224, -596.835
2.71579, -800.47, 297.853
3.98408, -484.775, -266.854
4.25548, -231.505, 114.224
7.09372, -405.187, 665.421
5.81225, 472.192, -322.387
5.08041, 786.001, 546.118
4.03763, 516.712, 490.784
3.0007, -272.483, 123.851
3.47502, 323.175, -831.269
4.11407, 24.2958, -224.87
5.56182, 822.812, 103.482
5.13511, 881.751, -883.209
3.45653, 316.387, 251.545
4.7178, -707.458, -469.847
4.48693, -561.989, 734.759
6.28051, -605.456, 749.407
6.6213, 722.367, 620.983
5.51573, 100.455, -368.999
3.04573, 516.443, -672.861
4.11797, 423.017, -187.799
5.03403, 51.7977, 285.16
4.76521, -565.956, 742.091
4.77315, -158.132, -508.173
4.91125, 873.844, 868.713
5.07896, 342.215, -656.409
4.50207, 154.716, 801.601
4.22945, 793.629, 355.299
6.64533, 822.122, -183.419
3.02204, -599.552, -713.794
6.40057, 488.536, 472.108
3.19919, -276.819, -215.513
2.62171, -672.635, -491.024
6.0664, 368.85, -614.472
7.15538, 112.771, -694.777
7.47667, 258.373, 124.744
3.86264, -819.089, 198.945
3.6923, -475.301, -219.252
3.87328, 808.559, 582.508
5.70836, -768.041, -613.53
5.17637, 298.301, 155.906
6.8967, 720.602, -303.077
6.75968, -648.364, -693.946
2.98004, 730.48, -18.1028
4.66818, -678.89, 210.985
3.17045, -135.225, -694.327
5.86802, -164, 303.975
5.34964, -92.9165, -420.854
3.66474, -432.723, 602.575
5.50306, 236.298, -586.963
2.6551, -642.067, 13.7025
7.08512, 499.022, -289.935
3.82958, 853.397, -159.187
6.50016, -187.033, -477.865
5.46389, 104.299, -707.864
5.0822, 338.283, 517.009
5.2567, 340.054, 505.904
3.47225, 455.356, -208.098
5.36152, 100.347, -687.943
3.81992, 195.019, 366.194
4.41648, -779.852, 500.329
2.73626, -640.081, -850.605
4.22823, 535.026, -700.648
3.61594, 602.1, -401.751
3.81264, 12.402, -717.179
3.05141, -362.105, -453.486
7.40088, -683.994, -47.5462
5.93794, 687.327, 609.417
5.82158, -539.877, -340.176
5.99501, -602.035, -623.399
2.68746, -709.838, -654.53
3.6706, -601.449, -672.655
3.95397, 707.894, 585.044
3.50543, 47.0202, -240.039
2.7177, 314.308, 245.711
2.56571, -456.495, 609.405
6.07297, -489.976, 777.239
6.88348, -818.883, -572.07
5.35088, -823.706, 381.907
6.92743, 808.93, 814.962
5.20042, -393.785, -246.221
3.31357, 876.146, -706.459
3.30492, 929.678, 467.129
7.19182, 341.466, 288.944
3.45628, 495.848, -727.782
3.15761, -21.0838, -178.703
4.41122, -252.255, -24.3405
6.12674, 264.433, -144.746
2.50651, 569.106, 792.941
4.60222, -42.9701, 650.486
5.18984, 251.378, -175.678
4.86596, -208.816, 220.177
6.33003, 573.838, 789.215
2.9396, 478.742, -455.966
7.04284, 168.021, 287.906
3.20818, -746.698, -415.296
2.54782, 328.702, -9.95766
2.82267, 265.601, 443.419
4.96742, 350.383, 224.681
5.40914, 487.111, 877.919
4.03373, -843.164, 541.992
4.57091, 765.854, -35.5765
4.33401, -632.907, -591.942
3.42687, 165.359, 614.709
2.76788, 570.746, 101.189
4.47222, 464.119, -51.5535
3.98388, -326.512, -194.323
5.05388, -374.21, 778.97
3.75392, -685.225, 179.159
5.01589, 865.348, 870.639
2.51168, -23.0109, 707.402
7.01807, 804.58, -461.982
2.79181, -858.058, -832.718
5.17506, -541.379, 746.936
3.95754, -357.235, 741.57
7.3023, -735.414, -204.203
4.73406, 297.661, -79.2466
5.08479, 762.426, 196.836
5.93861, -278.849, 5.52131
2.72187, -151.241, 17.0961
7.2946, -741.701, 571.779
5.70852, 376.829, 145.925
2.80215, 444.88, -631.705
3.33964, 131.561, 255.254
5.76491, 437.061, -184.716
6.19864, -783.016, 357.132
3.57011, 806.383, 205.754
4.31441, 141.153, -660.914
6.56981, -645.344, 875.061
5.32057, 798.955, -480.894
7.45886, -24.3448, -745.487
6.5669, -817.225, 314.455
3.49157, -874.984, -8.01183
2.50003, -103.589, -729.96
4.62608, 798.846, -711.94
4.07406, 800.243, 213.693
5.56218, 581.555, -843.092
3.83351, -180.008, -441.981
4.39881, -598.181, -98.8224
5.43397, 817.545, 250.968
5.95636, -149.786, -479.285
7.26736, -340.759, -512.449
4.89785, -314.65, -832.07
3.60319, 356.404, -619.061
5.33741, -626.185, -437.057
6.09873, 322.847, 259.609
4.4953, -513.981, 561.583
3.48326, -641.074, 882.46
6.66971, -605.219, -666.208
5.59561, -443.405, -800.481
7.26866, -256.363, 132.507
3.23222, 40.4442, -179.769
5.38953, -47.0529, -414.047
7.26796, -455.409, 621.499
3.62331, 681.489, -875.714
7.25137, -485.279, 731.819
3.07874, 818.126, -450.826
2.58372, 84.2557, -170.546
3.90465, -295.763, -130.994
7.15042, 532.103, 127.703
3.04796, 724.377, 793.763
6.77266, 43.5406, 637.999
5.68532, -612.254, -700.45
5.63853, 392.675, -661.704
3.80589, 709.181, 575.266
5.13936, -817.283, 119.433
7.16608, -255.326, 807.694
3.98055, 810.777, 71.2118
4.78006, 184.564, 355.898
6.35659, -619.407, -549.425
4.17193, 256.601, 119.457
6.31775, 38.6632, -787.07
6.65892, -37.1812, 829.609
2.64618, -723.326, 547.897
4.31315, 660.907, -241.975
4.16221, 276.787, 425.673
3.17675, -486.658, -209.782
3.00839, -246.254, 607.637
5.11327, -583.164, 731.132
3.52046, 30.3142, -474.485
5.00728, -821.378, -569.86
5.1371, -51.0261, 828.04
4.13422, -193.125, -237.483
4.75888, 272.211, -353.807
6.85263, -50.7963, 803.841
4.72884, 553.26, 793.104
6.03726, -485.776, -730.124
6.83171, 845.46, -690.371
6.5822, 795.535, 202.462
2.67504, 789.428, 780.145
3.8644, -596.77, -270.844
5.21858, -371.503, -437.138
3.19942, -826.001, -545.987
5.57408, -711.316, -825.278
3.29182, -594.134, -631.354
4.41129, 129.875, 205.766
5.94997, -117.053, 151.697
3.21128, -353.459, 432.383
5.65284, -813.577, 698.003
3.15973, 149.963, 764.978
7.13583, -682.734, 217.558
5.53465, -843.822, 701.184
5.50388, -768.744, 321.031
3.33635, 539.201, -462.624
3.301, -744.968, -419.07
5.91628, 589.051, -17.1025
5.1456, -624.292, -83.3055
3.65264, -109.953, 663.252
6.55373, -458.236, -61.9308
5.76477, -383.365, -516.486
4.08597, -624.136, -582.813
2.53953, -250.971, -734.315
3.49176, 731.091, 583.537
3.78831, 41.1372, 358.206
3.03825, 784.624, -6.12019
3.49545, 128.128, -367.116
6.75079, 797.414, -725.494
6.63912, -824.676, 180.729
6.76813, -762.833, -581.73
5.71027, 278.831, 710.106
3.6787, 687.236, -876.524
6.80638, -507.394, -700.227
5.4745, -19.5759, -156.335
2.52745, 498.596, -49.0655
6.84925, -638.902, -470.988
7.37729, 583.209, 151.204
5.59653, 324.481, 28.4769
3.85574, -777.18, 289.045
7.46973, -166.686, -473.28
4.60751, -616.447, -472.752
4.20537, -764.585, -573.506
4.80717, 278.982, -77.8317
4.44822, 216.458, -363.788
4.613, 52.0011, 511.239
2.84879, 165.033, 296.602
5.5153, 65.2975, -192.757
7.36114, -55.6687, 173.699
5.07406, -695.959, -488.637
7.45461, 796.057, -106.318
5.84906, 576.167, -133.882
4.01716, -589.407, 32.8809
3.47371, 746.387, 555.365
4.0109, -741.068, -781.62
4.93946, -379.285, 453.203
4.72438, 491.258, 871.775
5.7844, 366.086, -767.773
3.74227, -738.613, -658.074
4.72007, 27.074, 489.495
5.75894, -638.302, -82.1629
6.67472, -683.825, 225.164
6.03698, 154.577, 785.541
4.93928, -796.576, -589.857
6.72039, 370.057, -174.353
7.00296, -457.266, -217.317
6.33082, -709.156, -521.242
5.29453, 613.696, 869.991
2.70603, 8.79278, 69.1069
5.46749, 539.888, 104.311
2.68674, -590.276, 743.75
4.53488, 112.255, 414.976
2.84243, -861.264, -845.455
7.38558, -703.504, -802.08
2.5956, -521.177, -272.389
6.60363, -181.468, -228.08
5.2195, -364.622, 731.717
5.72828, 718.572, -306.831
3.62934, -226.822, -81.0091
2.733, 849.433, -656.763
3.63154, 242.223, -530.815
4.58371, -640.131, 121.483
6.40126, 225.403, -605.825
3.72852, -756.877, 326.657
4.81411, 571.557, 103.274
6.14756, 843.187, 256.236
5.35237, -358.628, 757.204
5.45997, 858.171, 868.042
4.98425, -799.377, 222.213
3.951, 403.907, 128.683
4.71107, 57.7075, -172.719
2.53669, 811.516, -464.409
7.41683, 472.779, -322.891
2.52822, -743.661, -215.301
4.8676, -91.8725, 672.934
5.86497, -296.373, -193.829
