6.27803, 1.55836, -59.1731
3.5948, -25.051, -79.3631
5.89648, 142.496, -195.993
5.09708, -169.061, 191.208
2.76731, -210.583, 343.17
2.53849, 141.237, 22.3217
4.58743, -256.529, -222.019
7.15218, 180.298, 45.0301
2.95982, 0.0708673, 349.158
6.00595, -18.416, -124.061
3.81226, 391.504, 277.89
4.14117, 250.857, -166.257
7.45519, 201.378, -40.0884
7.41275, -255.405, -231.199
5.75759, 202.257, -57.6661
6.92354, 207.262, -255.547
6.33247, -128.301, -128.46
3.87453, -240.283, -277.125
4.93259, -118.192, -250.566
2.80282, 338.496, 366.375
5.08146, 71.7848, 224.433
4.96988, 140.155, -223.247
7.23882, -240.093, -204.508
4.42071, -118.816, -92.2478
5.14874, 261.179, -280.912
2.75042, 41.3145, 28.0104
6.63909, 279.692, -153.418
5.94228, -325.557, -258.988
6.18112, -101.297, 214.331
6.94286, 337.402, 351.133
4.25508, -42.0743, -117.222
6.72991, 241.32, 152.407
3.84659, 30.465, 96.4343
4.83959, 41.6395, -162.878
3.2686, -361.381, -192.134
2.66527, 182.051, 54.6012
7.2768, 324.455, 53.0877
6.95369, 195.668, -113.806
3.29884, 203.154, 91.1862
3.15214, 233.557, -104.687
2.515, -640.881, -280.037
6.0491, -226.544, -236.419
3.40448, -240.711, 325.31
5.76029, 305.208, -254.579
4.42907, 213.603, -157.143
3.23766, 0.840363, -106.509
5.45054, 213.377, 136.477
3.24076, 43.3971, 284.327
3.2091, 68.5521, 161.68
4.94257, -331.851, -298.363
3.13015, 17.1795, 32.7798
5.64635, -38.9287, -119.803
5.60817, 151.059, -316.091
4.88216, -256.361, 456.84
2.64188, -229.816, -263.935
3.21011, -70.2957, 320.936
3.15594, -155.654, 249.977
3.31099, -326.654, 331.323
3.76529, 58.586, -270.249
4.77654, 188.169, -71.4951
6.54472, 230.268, -178.459
3.57624, -94.8777, 231.513
3.75063, 292.099, 235.439
5.02978, 129.526, 199.658
6.27922, 187.395, 11.7535
5.66369, 38.491, 87.03
5.9449, 58.6758, 63.9839
7.27207, 250.669, 334.526
5.18713, -263.19, 417.572
4.57014, -184.394, -170.098
4.70019, 21.6991, 115.329
6.07821, 532.433, 329.571
6.20858, 287.896, -182.952
5.12494, 542.502, -297.967
6.06711, -67.5862, -172.899
5.91025, 152.775, -5.12601
6.82941, 149.245, -343.458
3.19597, 118.149, 238.258
3.57766, 100.282, -341.848
5.0733, -21.834, -62.0238
4.83766, 170.084, 233.309
3.55759, -110.401, 364.085
5.65244, -304.297, 203.112
2.5044, -369.954, 235.041
4.09589, 264.179, -182.112
5.90281, 176.237, 7.50655
6.0446, 1.00815, -236.37
2.90869, -313.607, 452.735
3.56926, 193.783, -178.377
4.44412, -351.732, -364.682
4.44927, 472.645, 363.142
3.92018, 300.537, -209.84
4.6123, 167.185, -63.1204
2.55658, -460.776, -249.979
3.72027, 412.983, -381.449
4.49072, -330.781, 418.09
6.64177, -275.983, -32.6093
3.78584, 402.427, -266.003
3.59705, -241.591, -87.0797
6.47385, 281.196, -115.049
5.8476, 63.7066, 85.5141
5.49108, -341.405, 189.834
5.99917, -26.0706, -85.9253
5.13062, 166.101, -165.155
4.14833, 182.911, 5.62948
3.30844, -313.501, -95.2959
6.56633, 73.4908, 172.035
4.08004, 158.665, 37.6212
4.05369, -213.242, 115.048
4.65424, 3.20144, -219.836
4.46509, -79.2325, -146.669
4.43916, -4.30335, -109.111
4.34871, -477.581, -649.778
5.88118, 244.697, -163.779
6.10384, 205.147, 64.8472
7.20082, 211.951, 119.917
5.08573, -203.316, -302.836
5.5282, -13.8151, -180.065
5.85049, -306.074, 203.547
5.11404, -56.8698, -104.136
3.87105, -309.308, 384.953
7.08924, 144.635, -16.0194
3.73367, 423.056, -420.183
4.77876, 291.456, -12.651
3.30374, -296.234, 305.325
4.68319, 326.77, 90.0091
7.45767, 182.378, -29.5808
6.26931, -238.341, 355.774
4.97846, -391.942, -241.737
7.01651, -302.259, -259.601
4.68213, 130.428, 145.795
5.09239, -191.852, -232.102
4.44866, 174.493, 102.24
5.63431, -91.4687, -125.113
5.19331, 148.228, 15.0149
4.35955, 144.594, -228.141
2.54674, 4.51423, -0.673432
6.3794, 201.174, -193.977
2.85317, -47.1315, -104.112
3.98511, 158.399, -173.776
4.78581, -156.995, -124.487
3.25156, -76.5753, -167.463
5.97819, 91.9969, -207.512
4.15587, 175.112, 8.01153
5.21197, 425.621, -305.964
2.64678, 566.71, -277.365
5.38086, 64.2688, -146.719
5.18133, 172.84, 39.3012
7.36678, -72.3543, -80.5879
5.57063, -67.045, -170.936
5.26431, -386.797, 146.539
6.69051, -168.17, 262.392
3.75764, -385.979, 317.455
6.98957, 8.41252, 129.836
5.97428, 60.5928, -215.926
5.82752, -304.081, -262.774
3.06838, -223.937, -374.27
3.37987, -353.66, 167.101
2.91253, -38.0302, -116.423
6.68103, -18.3112, -120.83
2.64818, 408.131, -393.855
6.34719, -140.355, -123.721
4.29829, -299.845, 312.528
6.24626, -27.722, 316.2
6.28385, 143.113, 20.6385
3.60834, -429.85, -235.286
5.58305, 91.7353, 84.2681
3.66846, -400.101, -57.0886
6.22052, -375.751, 125.878
5.80997, -194.449, -188.989
4.9209, 413.677, -374.581
2.58972, 42.1216, 63.7181
4.98291, 140.081, 6.47592
5.09587, -76.5676, -86.4053
4.71395, -364.691, -83.22
4.14528, -24.1208, 241.316
3.52671, 161.976, 228.442
7.19863, -80.7405, -153.939
2.85168, -229.626, 289.784
3.30042, 6.47909, -156.657
6.70788, -201.342, -184.395
4.13614, -119.535, -125.113
6.85942, 162.393, 48.8248
5.99896, 589.779, 274.569
5.52801, 54.4453, 23.0429
4.77536, -44.683, -90.9505
2.91543, -169.34, -287.107
3.94883, -25.191, -81.0415
6.51009, 18.9232, -92.8906
6.81821, 238.835, 28.687
3.81831, 185.441, -164.746
4.79881, -58.2251, -187.862
4.95672, 71.8296, -223.621
5.82344, -450.247, -258.412
7.31738, -205.452, -247.963
7.23022, 123.362, -73.1342
2.81902, 259.627, -191.135
5.04829, -251.076, -223.779
6.13222, 398.707, 371.981
5.65882, 249.851, 194.359
3.26658, -369.77, -338.747
5.09652, -368.17, -90.4537
3.52281, -353.312, 108.731
6.03231, 10.8002, -177.573
6.05786, -441.254, -264.192
3.66304, -308.358, -108.206
6.80594, -27.8344, -80.9671
2.67122, 2.26571, 348.789
6.26587, -351.261, 137.585
4.14789, 80.3085, -18.5132
4.65309, -244.088, -151.359
7.33455, 34.1171, 11.1564
4.05803, 341.382, 358.854
5.69762, 435.416, -386.795
5.95386, 47.4936, 94.0473
5.36403, 2.94174, 345.144
6.60667, 422.468, -375.353
4.21807, -267.722, -169.493
5.09387, -516.333, -512.19
6.78438, -159.364, -54.8578
6.18587, 132.533, 20.4064
3.45992, -356.899, 349.35
2.83145, -43.6223, 60.6523
3.60828, 428.975, -404.844
3.33656, -360.715, 63.4746
6.31172, 167.451, -165.097
5.44905, -278.927, -33.1132
4.65223, 380.683, 305.04
7.09618, 44.5843, 159.042
5.09668, 133.066, 17.6516
7.38058, -179.216, -236.042
5.15714, -310.465, -304.968
2.98716, 370.096, 221.904
5.83983, 162.121, 32.5301
5.44444, 199.742, 68.1281
5.01137, -209.866, -247.108
2.75808, -389.289, 134.181
2.6753, -203.15, -302.661
4.41484, -266.238, -201.902
5.55555, 174.187, -4.76427
5.06574, 365.983, 328.539
5.98498, 245.549, 166.489
4.89891, -84.8091, -253.904
3.88323, 284.491, 17.6029
6.01685, -216.373, -314.149
3.67701, 44.2301, 92.4501
6.41501, -20.2039, -101.155
6.60589, -54.0353, 185.853
3.21842, -386.058, -353.737
5.75757, -353.224, 320.771
3.87677, 394.581, -419.484
7.26215, -328.713, 313.484
4.58238, -107.534, -129.565
3.03869, 16.9723, -83.9956
4.70633, -296.871, 298.675
6.28811, -192.414, -279.426
2.77803, -252.925, -70.2171
3.51241, 26.7134, -140.804
6.82305, 485.005, -448.16
6.52456, -94.4534, -224.053
2.78861, -173.891, -155.352
4.40304, -70.3251, -96.0102
4.56124, -38.8263, 299.71
2.80071, -43.552, 60.4394
7.09746, 392.631, 311.742
3.35398, 384.237, 330.015
6.51634, -357.933, 199.694
3.88599, 65.8863, 121.971
4.44586, 98.1513, 235.466
7.19936, 68.4645, 265.618
6.24573, 69.7042, -120.283
3.44774, -447.87, 214.672
6.89581, 250.793, -182.322
6.8953, 86.3914, -190.718
3.30515, -2.4414, -111.637
5.87346, -43.7646, -159.171
6.89096, 265.161, 15.1976
6.98262, 235.298, -120.037
3.06535, 129.537, 173.555
5.93789, -228.949, -145.135
3.21651, -286.677, -239.507
3.6901, 141.729, -65.1112
5.64383, 106.378, 45.636
4.312, 291.722, 235.491
4.64437, 526.866, 237.04
4.91936, -117.527, -92.9976
6.20379, -16.6361, -124.963
3.23098, -406.281, 181.818
7.36238, 25.7835, -98.9806
7.3158, -202.062, -230.557
3.14741, -350.174, 470.878
5.3784, -35.0299, -276.86
4.66439, -42.5368, -108
5.50066, -92.1871, -141.108
5.85098, -198.135, -183.065
4.5137, 473.898, 264.995
6.46691, 535.655, 237.22
4.89889, -202.818, -242.665
5.72449, 117.134, 63.6586
4.28836, -176.35, 352.314
5.96794, -248.496, -219.717
5.83428, -219.088, -130.727
3.22071, -211.357, 498.284
7.10415, -362.521, 187.749
4.22228, -2.41492, -102.678
6.66824, -124.821, -88.9412
2.74349, 269.495, -144.603
3.27936, -96.5922, -202.739
2.55765, 173.865, -32.9717
3.94327, 14.7522, 201.643
5.07295, -40.6194, -171.412
3.65948, 358.22, 306.991
2.75022, -72.2397, -304.239
5.33091, -291.643, 14.1452
6.69774, 12.2525, 277.435
4.28763, -264.372, -228.833
4.3452, -33.4794, 225.018
7.22226, 283.564, 309.285
4.72425, -227.909, -195.445
6.82086, 234.328, 79.0135
5.82654, -304.322, -197.971
5.79297, 26.348, 369.803
7.10736, -521.055, 435.388
5.11536, 447.226, -312.01
5.45229, 265.48, -274.965
5.79944, 344.565, 375.396
4.24765, 234.908, -124.306
4.11714, 217.558, -9.915
7.08984, 21.8428, 290.074
3.08619, 410.356, -435.663
7.31268, 41.8988, 74.115
5.17978, -79.897, -85.6071
5.81447, 386.051, 377.05
5.48362, 422.085, -419.29
6.93363, -552.758, -306.297
6.67999, -235.156, -193.004
6.69339, 83.5158, 63.1217
6.85642, -5.60712, -105.648
2.5002, -238.302, -295.119
4.77274, 172.89, -43.2059
4.25696, -341.407, 101.818
5.80713, -61.1502, 433.31
6.22234, -367.089, 194.462
3.3821, -236.716, -103.89
7.4621, 403.744, -394.304
5.95466, -334.51, 154.938
6.97862, 200.682, -29.0414
3.51579, 131.706, -56.8339
7.2356, -264.432, -63.8473
4.88476, 436.831, -440.729
6.78578, 389.885, -385.583
6.41237, -209.431, -212.403
5.70687, 423.686, -276.603
3.14521, -263.677, 233.971
5.77944, 3.91751, 204.847
3.09199, 75.2156, -132.366
3.88793, -59.2722, 178.236
6.65548, -93.0984, -144.393
6.14153, -257.231, -376.466
6.74348, -727.472, 42.5575
3.43989, -53.2953, -79.8183
6.09602, 74.1953, -225.329
4.25586, 196.842, 17.0202
3.34555, -640.217, -232.738
4.52383, 149.138, -218.417
4.20924, -184.29, 266.25
6.67141, 111.369, -2.928
3.9111, 323.569, 275.355
5.16766, -234.323, -190.748
6.25085, 465.966, -382.04
4.62554, -240.05, -169.335
4.66964, -362.277, 336.759
3.03022, 515.498, -300.926
6.4639, -11.3694, -149.894
3.91232, -316.995, -182.936
7.14264, -172.519, -250.23
5.37926, 122.469, -125.138
3.4895, 270.288, -259.351
5.99081, 97.0116, -197.799
3.07265, 294.374, -69.2732
4.22945, -103.45, 227.422
4.15646, -398.206, -309.404
6.42735, 466.532, -414.249
6.65775, 203.334, -2.62102
4.21712, -383.986, 352.477
4.2603, -282.653, 341.736
6.38197, -121.002, -53.1951
6.58658, 122.986, 256.154
4.26157, -84.4839, -194.098
7.09559, -362.697, -189.43
3.2877, 218.154, -117.72
5.56029, -258.891, 426.193
5.54222, -217.471, 492.859
3.16647, -97.889, -87.8617
3.51409, -364.995, -226.618
4.79457, -303.442, 335.261
3.48759, -210.081, 351.581
6.77118, -379.732, 9.46054
6.54562, -191.029, -290.001
2.80131, -342.036, 259.889
6.50584, -310.034, 428.08
5.49597, -76.0066, -130
7.43182, -353.285, 202.591
2.65919, 77.8224, 220.517
6.8356, 424.318, -399.926
3.69109, 15.5049, 16.0015
3.6127, 161.852, -85.1873
4.73907, -256.804, -125.441
2.61231, 61.7098, 42.2803
6.79755, -96.6878, -232.001
4.15902, 249.596, 132.047
5.72195, 324.503, 170.724
7.43521, -347.187, -233.117
5.30162, 240.979, -149.649
4.74553, 51.1445, -119.214
5.213, -166.725, -130.31
2.90797, 52.4096, 49.3484
3.99606, -109.206, -24.0259
6.63964, 426.453, 333.168
6.48936, 440.324, 518.119
5.71048, 67.4906, 267.229
4.84105, 106.439, 39.4202
7.15326, -95.0192, -123.719
5.08798, -121.406, -229.232
7.42924, 263.799, -267.898
5.94567, 219.759, -159.579
6.19966, -70.9325, -114.812
3.46323, -358.111, -262.593
6.08881, -229.439, 496.661
6.11146, 82.5815, 70.6318
6.49298, 156.447, 51.2385
4.23216, 261.678, -142.588
5.1481, 250.34, -238.799
3.19001, 346.672, -224.048
6.73218, -128.391, -143.892
6.32766, -146.948, -121.542
7.5, 437.9, -431.248
4.24891, 435.147, 233.764
5.50367, -350.87, 318.471
3.50808, -259.583, -340.695
6.2385, 318.389, 50.6758
6.49225, 118.829, 80.8825
3.03505, -290.247, 371.82
5.35813, -189.347, -336.434
2.84683, 209.559, -290.214
4.16036, 323.081, 435.068
5.80945, 172.182, -162.576
5.27726, -92.6413, -231.137
7.12415, 192.943, 78.0509
2.69832, -286.382, -231.187
2.62083, -95.9642, -270.146
4.61923, 127.68, -215.795
4.36987, 138.159, -3.27348
2.93303, -234.389, -241.825
3.05403, -30.2825, -168.982
5.31992, 326.825, -381.029
7.37269, 69.6118, 242.16
3.05066, -147.393, -129.669
5.99352, 38.9076, 323.092
2.79674, -210.915, -50.5523
4.69755, 47.9403, 100.896
5.24651, 424.945, 400.419
3.45129, 185.23, -287.602
7.36597, 174.338, 58.8236
3.19593, -225.684, -267.508
5.48978, 429.504, -407.276
7.12812, -320.869, 360.655
3.91116, 207.824, 117.347
6.8307, -105.586, -224.074
6.29598, 110.777, 7.10983
6.10793, 176.776, 7.58615
3.34241, -70.0798, 69.5907
3.32882, 299.159, 276.443
3.39076, -44.882, -85.8478
5.87226, 135.452, -143.295
4.83484, -241.197, -409.942
6.85219, -297.076, -429.961
5.76023, -111.531, -146.663
5.80464, 520.189, 639.809
2.58037, -418.36, -425.717
4.30596, -275.932, -186.076
3.72747, 76.9316, 86.7052
6.93086, -248.901, -169.276
5.23701, 376.895, 326.386
6.57209, 1.41799, -166.597
5.24453, 93.2322, 367.289
4.16156, 181.656, 194.27
4.40213, 121.425, -125.06
2.52389, 153.107, 361.998
6.95226, -74.9193, -136.032
6.16955, -376.335, 341.355
6.04239, 55.0982, 243.027
5.1278, -19.6001, -136.522
6.41065, -6.69722, -164.625
3.42484, -121.245, -253.419
5.72673, 146.66, -23.0891
3.42178, -186.4, -262.313
3.31214, 254.808, -189.869
2.65594, -173.038, 238.863
7.42716, -195.71, -56.9078
4.04559, -60.0065, -238.864
4.11075, -278.676, -278.007
5.51155, 192.659, 92.139
2.89107, -236.118, -82.3433
3.93936, 314.863, 37.4258
5.79307, -74.749, -126.434
7.36348, -278.642, -397.769
7.27758, -400.061, -278.467
7.42745, -196.835, -242.764
7.30478, -279.752, -190.605
3.0073, -414.334, 307.562
3.71505, -131.865, -135.058
6.91151, 76.9068, -170.778
5.28805, 265.024, -176.911
6.7669, 404.69, 427.754
7.49145, -412.619, 316.286
3.99751, -295.897, -408.69
6.33157, 341.192, 348.884
4.81901, 399.109, -44.032
6.8168, -190.558, -200.311
6.99018, 88.3122, 57.021
7.377, 75.8877, -183.34
2.77405, -9.32413, -166.523
6.32605, 425.778, -380.704
5.09219, -302.387, 278.859
3.46574, 42.9165, 158.419
6.98252, 165.809, -145.562
6.38492, -142.252, 97.2677
2.75968, 305.846, -160.665
7.47331, -252.209, 321.517
5.93659, -224.724, -158.887
5.94854, 289.485, 341.765
6.57666, -434.559, 353.635
7.05426, -78.1942, -118.123
3.34218, -1.549, -107.847
5.24183, -418.626, 423.752
6.53351, -238.187, -390.521
4.17803, 252.175, -157.524
5.53435, -158.844, -278.793
6.59602, -309.876, 199.293
7.3485, -51.1332, -108.108
6.29349, 403.442, 315.024
3.72113, -103.152, -219.037
5.80589, -401.152, 198.703
4.21574, -245.982, -159.993
7.27146, 72.0616, -198.174
2.60828, 449.708, 382.178
4.54979, -473.664, 414.049
2.55789, 73.7846, -139.398
3.04964, 49.1503, 62.7616
5.28259, -208.221, 467.586
4.45466, 166.145, -226.928
7.20539, -5.23103, -78.62
2.55572, 185.278, 110.122
6.22897, -137.593, -84.2186
3.84293, 249.608, -66.7134
4.27153, -376.922, -476.074
3.45835, -399.814, 21.4434
5.14832, 300.47, 207.456
4.39478, 82.2886, -218.746
3.16407, -2.34804, -81.8269
4.26563, -88.5142, -115.656
4.2497, 389.324, 394.148
7.41084, 171.789, 19.8825
5.25961, -14.9472, -101.129
4.99918, 50.0761, -166.773
3.58531, -355.808, 150.816
4.37311, 44.3909, -36.3573
6.78251, -237.536, -210.367
6.45578, 419.406, -411.779
3.9204, -228.073, 291.373
5.07645, 175.677, 9.19237
6.79238, -146.928, -269.431
7.07844, -149.843, -272.892
7.48941, 72.0467, 328.674
6.53177, 22.7202, -153.233
5.22718, -271.752, -227.455
7.3461, 5.4761, -3.26337
5.31931, -448.206, 74.7364
4.03031, -323.436, 271.517
5.41853, 361.609, 245.861
2.91197, -30.0689, -82.6091
5.47382, 251.979, -193.025
3.31968, -239.627, -191.779
6.46527, -283.344, -241.714
2.95373, 599.64, 251.571
6.3072, -302.866, -200.793
6.83996, -103.727, -236.962
6.40105, 64.9634, -153.808
6.61399, 321.829, 301.871
6.70974, 150.208, 11.6059
4.48328, 158.309, -267.577
6.508, -42.143, -114.108
6.56811, 148.04, 7.78433
5.43493, -317.824, -346.256
4.64621, 60.0445, 252.336
2.5002, -78.5611, -114.827
5.31153, -390.904, 8.03444
6.22632, 129.417, 115.443
3.89846, 135.255, 90.3375
2.93406, -385.823, 445.212
3.5733, 340.123, -253.903
3.93296, -393.263, 215.252
4.86595, -371.062, 475.69
6.95893, 413.685, 325.427
5.91955, 82.1302, -206.024
3.54376, -4.05423, -30.284
6.67533, 464.441, -41.8516
7.09218, 361.463, 310.425
4.48244, -301.5, -202.707
6.37858, 261.94, -138.644
5.68161, 125.051, -176.311
6.64746, 94.4342, 88.8908
3.40204, 88.4006, -209.289
7.45927, 137.443, -101.249
6.70558, 103.507, -140.351
4.65177, 119.284, 147.784
4.38589, 456.167, 254.957
2.70802, 143.279, -231.999
6.80715, -269.654, -256.644
6.62116, 452.205, -393.835
6.25052, -320.376, 420.252
3.55801, -453.465, 321.019
4.31029, -121.752, -171.241
4.43545, -41.498, -151.741
7.32918, 350.478, 386.257
6.5872, 83.6378, 205.667
4.5755, 236.814, 248.13
5.83759, 179.59, -7.01366
2.52101, 439.459, 280.715
6.98048, -388.873, 236.89
3.68416, 46.3137, -2.46828
3.79415, 80.616, -233.779
5.4939, 150.65, -171.241
6.89823, -365.688, 199.582
6.16299, -192.042, -190.533
6.0773, 375.05, 367.638
3.57724, -389.299, 321.103
6.30413, 577.398, -298.892
3.85351, -76.732, -209.867
2.75246, 282.933, 18.4164
4.78866, 115.852, -0.929249
2.58759, 71.382, -99.1267
3.01129, 199.941, -8.3029
2.639, -72.9532, -181.421
5.65921, -116.245, -141.039
6.34425, 0.298834, -115.393
2.74132, 187.174, -158.486
6.6924, -100.926, -133.395
6.76899, -93.5728, -245.509
6.57649, -223.369, 492.318
6.85188, 312.622, 307.182
5.27222, -215.356, -249.693
6.12646, -93.6696, -237.081
3.20424, -470.788, 339.805
6.6115, 75.3909, -273.336
5.51185, 143.794, 214.273
4.93856, -80.4749, -145.271
6.14942, 96.5618, 291.394
4.05164, 450.22, -484.841
3.93925, -293.263, -25.281
5.45857, -366.73, 284.742
5.34055, 510.716, 329.191
5.41059, -254.546, -189.388
2.84132, -296.507, 183.219
4.34304, 20.7279, -154.865
6.28475, -240.946, -148.851
6.35297, -406.827, -99.1914
4.27217, -37.5699, -254.732
5.98913, 43.3873, 324.281
5.08005, -197.574, -240.529
5.94494, 23.4289, 73.2416
6.18066, 73.0272, 255.715
2.56231, -165.521, -154.44
7.16549, 177.759, 26.5184
5.37826, 166.837, -1.92033
3.05587, 429.957, 267.345
4.87388, -102.727, -153.423
3.24247, 153.107, -10.9043
4.22594, 186.155, -112.815
7.04476, -334.27, 195.161
4.54571, -50.2505, 339.895
5.96642, -221.425, -265.036
3.35865, 262.816, -93.2003
6.21715, 481.847, -476.513
4.16319, -309.641, 315.483
4.62157, 184.331, 105.72
2.79523, 3.16875, 144.98
5.09005, 145.085, 11.2234
5.94425, 191.982, -181.104
5.01149, -103.879, -148.971
6.56617, 42.554, -47.6841
3.07974, -281.441, -88.2241
5.24841, 204.523, -79.1347
5.06046, 131.425, -56.8426
6.02649, 290.447, 295.628
5.65083, -159.106, 255.551
4.0207, -84.4921, -124.49
6.74719, 227.341, -46.5199
3.39619, 130.731, 66.2333
2.61737, -303.005, -261.824
4.19467, 43.9586, 126.517
3.43818, 107.672, 214.979
6.60467, -115.296, -329.679
6.72507, -189.537, -239.05
6.78031, 428.646, -404.935
7.37454, -323.292, 267.782
2.99587, 225.435, -295.091
2.56182, 435.496, 341.455
2.58614, 185.621, -121.898
2.64527, 266.817, 0.52738
4.1031, -15.863, -104.197
6.17815, 6.70379, 25.2755
3.14876, 256.041, -196.265
2.5161, -217.062, 218.743
6.91905, -167.45, -80.5091
3.70482, 298.119, -202.46
4.38481, -294.314, 349.586
4.44879, 139.581, 14.9851
2.81534, 155.409, 101.407
7.30792, -93.6189, 229.243
3.75349, 225.1, 69.3626
6.85376, -233.549, -225.165
2.85991, -345.882, 188.062
2.70653, -15.0268, 365.96
3.46378, 210.514, -154.033
3.86708, -43.0776, 49.7788
7.4007, -312.523, -390.564
3.60607, 193.523, -174.806
6.43119, -231.517, 378.09
4.42306, -3.21828, -123.565
3.78593, 138.147, -202.003
3.91087, -358.736, 200.882
7.33834, 76.0395, 189.098
4.22841, 152.564, -8.04058
3.45922, -417.587, 107.574
5.05037, -202.039, -221.142
5.21857, -342.972, 292.415
5.72333, -324.017, -271.985
3.89738, 81.77, 256.703
3.41887, -56.0656, -97.7649
2.71579, -447.695, 186.606
3.98408, -40.9916, -215.744
4.25548, 48.4277, 10.2798
7.09372, -257.376, 415.265
5.81225, 114.271, 116.289
5.08041, 370.907, 318.276
4.03763, 259.388, -138.44
3.0007, -15.7731, -75.6116
3.47502, 147.824, -127.282
4.11407, 107.674, -82.229
5.56182, 91.8182, 108.394
5.13511, 421.874, -402.701
3.45653, 145.566, 15.1844
4.7178, -469.617, -397.128
4.48693, -392.877, 319.703
6.28051, -330.705, 303.482
6.6213, 323.5, 275.181
5.51573, 102.266, 70.1009
3.04573, 177.098, -162.09
4.11797, 151.031, 152.311
5.03403, 297.958, 146.869
4.76521, -381.11, 329.836
4.77315, -82.4026, -130.284
4.91125, 369.367, 303.197
5.07896, 77.9242, -261.993
4.50207, 35.5518, 189.894
4.22945, 72.6625, 23.9574
6.64533, 108.649, 51.0192
3.02204, -356.81, -251.082
6.40057, 262.69, -139.394
3.19919, -97.158, -135.058
2.62171, -302.784, -48.5467
6.0664, 251.92, -146.271
7.15538, -168.847, -80.0654
7.47667, 171.364, -78.6794
3.86264, -289.165, 394.595
3.6923, -173.436, -252.596
3.87328, 53.6011, 194.172
5.70836, -216.103, -171.264
5.17637, 201.544, -9.78838
6.8967, 304.347, -261.653
6.75968, -304.814, -262.9
2.98004, 8.73137, 105.699
4.66818, -361.718, 117.849
3.17045, 462.686, -206.453
5.86802, -66.907, -140.5
5.34964, 132.076, -137.132
3.66474, -313.782, 366.532
5.50306, 198.957, -199.678
2.6551, -329.761, -191.311
7.08512, 82.5179, -244.673
3.82958, 62.8823, 43.2212
6.50016, -130.307, -101.805
5.46389, -69.3301, 23.1578
5.0822, 217.202, -82.3282
5.2567, 300.881, 36.7054
3.47225, 149.053, 156.279
5.36152, 33.6056, -227.172
3.81992, 260.285, 0.025606
4.41648, -277.684, 401.272
2.73626, -114.629, -195.652
4.22823, 74.0778, -139.95
3.61594, 54.3256, -241.994
3.81264, -143.736, -131.161
3.05141, -30.505, -155.277
7.40088, -217.355, -225.636
5.93794, 234.678, 333.547
5.82158, -171.641, -252.759
5.99501, -379.22, -245.437
2.68746, -178.277, 256.391
3.6706, -476.737, -508.77
3.95397, 426.593, 429.306
3.50543, -68.153, -182.271
2.7177, 129.934, 111.516
2.56571, -370.249, 333.158
6.07297, -436.739, 412.273
6.88348, -268.982, -186.886
5.35088, -539.153, 30.8879
6.92743, 380.283, 289.536
5.20042, -44.0175, -174.087
3.31357, 386.201, -275.746
3.30492, 289.721, 424.527
7.19182, 149.595, -0.820106
3.45628, 323.045, -321.653
3.15761, 22.3558, -172.454
4.41122, -107.987, -209.393
6.12674, 128.074, -29.1105
2.50651, 375.573, 325.413
4.60222, 36.2447, 288.501
5.18984, 141.28, 100.535
4.86596, 12.1333, 44.8193
6.33003, 375.487, 325.061
2.9396, 69.8527, -197.57
7.04284, 145.725, 100.379
3.20818, -202.248, -232.181
2.54782, 177.323, 221.566
2.82267, 194.031, -106.371
4.96742, 324.53, 151.398
5.40914, 452.983, 240.817
4.03373, -373.571, 445.086
4.57091, 60.7887, 58.9349
4.33401, -257.944, -251.56
3.42687, 39.442, 152.046
2.76788, 216.575, 29.7966
4.47222, 132.982, -3.16426
3.98388, -127.903, -143.258
5.05388, -296.555, 292.482
3.75392, -741.915, 134.466
5.01589, 363.172, 297.183
2.51168, 5.16376, 199.144
7.01807, 434.175, -417.033
2.79181, -241.947, -176.226
5.17506, -378.38, 314.374
3.95754, -395.284, 154.647
7.3023, -105.517, 2.24791
4.73406, 130.096, -97.5786
5.08479, 199.958, 216.627
5.93861, -117.639, -218.404
2.72187, -232.446, -185.947
7.2946, -341.129, 398.802
5.70852, 173.283, 15.0013
2.80215, -158.925, -74.9373
3.33964, 234.35, 91.3418
5.76491, 148.16, 216.548
6.19864, -372.914, 199.379
3.57011, 107.796, 85.716
4.31441, -112.198, -117.434
6.56981, -199.917, 316.698
5.32057, 264.524, -242.251
7.45886, -142.422, -131.258
6.5669, -345.412, 183.166
3.49157, -172.756, 67.5902
2.50003, -101.147, -109.939
4.62608, 427.176, -406.877
4.07406, 50.0394, -7.75927
5.56218, 431.092, -273.44
3.83351, -167.465, -112.676
4.39881, -233.088, -466.447
5.43397, 140.146, 82.5121
5.95636, -93.3888, -126.485
7.26736, 0.208598, -173.876
4.89785, -297.584, -80.0993
3.60319, 108.018, -231.351
5.33741, -501.302, -404.519
6.09873, 322.999, -45.8912
4.4953, -222.583, 493.474
3.48326, -304.479, 198.389
6.66971, -481.476, -507.633
5.59561, -356.249, -251.164
7.26866, -99.2388, -310.242
3.23222, 165.232, -184.343
5.38953, -396.428, -199.708
7.26796, -332.427, 309.974
3.62331, 474.645, -219.09
7.25137, -371.01, 468.764
3.07874, 475.873, -392.73
2.58372, -192.128, -158.415
3.90465, -56.1332, -181.422
7.15042, 209.378, 110.345
3.04796, 772.391, 537.476
6.77266, 40.3376, 277.725
5.68532, -442.325, -290.955
5.63853, 137.762, -222.187
3.80589, 354.593, 260.211
5.13936, -344.561, 203.388
7.16608, -161.243, 250.188
3.98055, 62.0094, -29.0197
4.78006, 194.055, -156.292
6.35659, -282.394, -202.713
4.17193, 336.31, -19.1011
6.31775, 263.037, -198.564
6.65892, 82.9908, 121.459
2.64618, -316.49, 422.057
4.31315, 202.984, 23.6437
4.16221, 256.961, -181.287
3.17675, -348.156, -289.996
3.00839, -201.15, 472.497
5.11327, -225.901, 299.918
3.52046, -271.982, -256.973
5.00728, -148.242, -292.737
5.1371, -14.587, 196.131
4.13422, -131.013, -252.773
4.75888, 142.877, -231.301
6.85263, 171.175, 165.021
4.72884, 507.741, 331.924
6.03726, -697.041, -434.22
6.83171, 470.33, -494.494
6.5822, 118.955, 92.4324
2.67504, 508.614, 424.2
3.8644, -191.152, -280.2
5.21858, -95.0873, -124.819
3.19942, -345.714, -397.681
5.57408, -60.5683, -73.9326
3.29182, -254.444, -222.869
4.41129, 192.15, 31.9996
5.94997, 43.4323, 46.5177
3.21128, -222.057, 214.234
5.65284, -302.397, 348.078
3.15973, 82.478, 251.417
7.13583, -378.576, 159.958
5.53465, -269.087, 378.618
5.50388, -237.578, -14.3437
3.33635, 93.0218, -218.297
3.301, -304.392, -131.096
5.91628, 36.2396, 108.471
5.1456, -103.301, -298.507
3.65264, 39.3443, 258.37
6.55373, -395.487, -201.869
5.76477, 40.9814, -49.6198
4.08597, -299.207, -181.069
2.53953, -82.9268, -94.1491
3.49176, 389.967, 307.528
3.78831, 238.265, -106.028
3.03825, 129.25, 82.3181
3.49545, -135.581, -108.921
6.75079, 404.871, -459.074
6.63912, -280.203, 0.818352
6.76813, -243.977, -206.567
5.71027, -67.3432, 312.995
3.6787, 376.158, -305.794
6.80638, -320.562, -135.64
5.4745, 69.418, -109.733
2.52745, 100.219, 46.3887
6.84925, -226.531, -217.976
7.37729, 190.549, 82.3954
5.59653, 186.574, 22.7357
3.85574, -340.034, 218.269
7.46973, 58.23, -84.7984
4.60751, -367.104, -209.132
4.20537, -335.946, -266.656
4.80717, 41.5559, 57.9314
4.44822, -35.006, -86.2774
4.613, 13.4509, 196.13
2.84879, 188.996, -14.5673
5.5153, 167.664, -108.511
7.36114, -35.5083, -157.524
5.07406, -197.387, -192.276
7.45461, 92.9097, 132.217
5.84906, 48.5157, 60.2613
4.01716, -188.696, -247.099
3.47371, 149.261, 228.243
4.0109, -231.305, 5.11272
4.93946, -392.878, 407.885
4.72438, 442.51, 240.864
5.7844, 50.0465, -145.614
3.74227, -255.943, -184.902
4.72007, 64.9493, 331.08
5.75894, -228.153, -455.697
6.67472, -366.946, 157.492
6.03698, -3.64962, 234.965
4.93928, -246.555, -197.847
6.72039, 199.589, 63.9324
7.00296, -161.439, -260.776
6.33082, -5.67182, -119.936
5.29453, 376.211, 323.009
2.70603, 325.661, 52.3184
5.46749, 212.9, 34.6141
2.68674, -343.094, 349.666
4.53488, 78.7738, -25.5001
2.84243, -373.184, -323.803
7.38558, -55.1955, -74.6291
2.5956, -203.13, -243.479
6.60363, -87.2618, -241.972
5.2195, -394.982, 208.658
5.72828, 305.865, -253.272
3.62934, -132.674, -133.567
2.733, 625.731, -547.095
3.63154, 152.997, -187.531
4.58371, -261.347, 129.243
6.40126, 112.073, -180.037
3.72852, -399.969, 199.208
4.81411, 218.14, 27.2811
6.14756, 77.1316, 198.222
5.35237, -396.197, 232.038
5.45997, 368.678, 295.62
4.98425, -382.133, 133.776
3.951, 192.38, 23.7266
4.71107, -20.5882, -141.708
2.53669, 636.48, -770.904
7.41683, 101.36, 112.262
2.52822, -229.238, -281.015
4.8676, 38.3693, 265.914
5.86497, -110.608, -172.953
