6.27803, -735.071, -986.991
3.5948, 56.4198, -98.1533
5.89648, 362.831, -900.353
5.09708, -243.997, 886.494
2.76731, -938.665, 650.047
2.53849, 340.635, 50.4166
4.58743, -847.839, -231.863
7.15218, 179.296, 380.67
2.95982, 48.539, 691.805
6.00595, -160.471, 318.353
3.81226, 533.314, 810.612
4.14117, 471.258, -897.742
7.45519, 509.369, 256.345
7.41275, -494.824, -256.698
5.75759, 501.348, 441.387
6.92354, 261.571, -846.692
6.33247, -119.915, -451.347
3.87453, -499.962, -57.9916
4.93259, -667.61, -289.839
2.80282, 821.552, 776.049
5.08146, 5.35372, 798.046
4.96988, 962.964, -364.065
7.23882, -810.837, -469.707
4.42071, -14.9763, -836.345
5.14874, 820.087, -452.192
2.75042, 865.879, -53.0002
6.63909, 545.348, 542.004
5.94228, -953.408, -742.78
6.18112, 258.753, 733.555
6.94286, 975.931, 449.184
4.25508, -372.472, -537.009
6.72991, 182.76, 25.5097
3.84659, 663.231, -163.43
4.83959, 66.9084, -181.593
3.2686, -649.141, -439.832
2.66527, 620.387, 140.244
7.2768, -12.2507, 81.011
6.95369, 111.061, 491.135
3.29884, 674.748, 244.92
3.15214, 428.087, -570.568
2.515, -453.484, -814.065
6.0491, -933.606, -175.011
3.40448, -501.275, 860.194
5.76029, 770.708, -357.967
4.42907, 368.727, -697.718
3.23766, -14.6654, -239.587
5.45054, 672.073, 170.116
3.24076, 136.929, 909.359
3.2091, -180.281, 958.602
4.94257, -489.932, 124.861
3.13015, 890.637, -64.9914
5.64635, -354.949, -593.406
5.60817, 298.522, -738.639
4.88216, -495.036, 597.685
2.64188, -558.536, -255.688
3.21011, -131.013, 802.679
3.15594, -182.599, 885.458
3.31099, -826.826, 753.65
3.76529, -266.935, -847.134
4.77654, 578.327, -747.699
6.54472, -93.3974, -298.637
3.57624, 301.444, 853.094
3.75063, 818.858, 365.632
5.02978, -58.9097, 719.1
6.27922, 638.696, 167.952
5.66369, 904.186, -65.6119
5.9449, 612.567, -136.499
7.27207, 964.809, 414.893
5.18713, -420.78, 725.408
4.57014, -779.444, 33.7165
4.70019, 750.352, 159.06
6.07821, 733.586, 457.566
6.20858, 404.024, 593.925
5.12494, 768.903, -956.793
6.06711, -861.216, -75.301
5.91025, 332.402, -21.1842
6.82941, 830.088, -596.651
3.19597, 81.9067, 769.791
3.57766, 962.551, -103.083
5.0733, -359.98, -115.873
4.83766, -112.006, 734.876
3.55759, -263.716, 609.353
5.65244, -690.176, 971.267
2.5044, -968.805, 196.092
4.09589, 450.506, 541.54
5.90281, 363.536, -140.62
6.0446, 667.988, -584.55
2.90869, -805.833, 651.836
3.56926, 253.848, 519.414
4.44412, -830.556, -569.617
4.44927, 908.798, 903.531
3.92018, 380.692, -460.378
4.6123, 560.866, 547.428
2.55658, -612.923, -436.844
3.72027, 933.191, -621.291
4.49072, -713.955, 656.587
6.64177, -649.38, 200.541
3.78584, 971.496, -692.964
3.59705, -802.135, -536.78
6.47385, 387.482, 267.9
5.8476, 498.893, 390.663
5.49108, -887.233, 287.092
5.99917, -367.31, -537.382
5.13062, 529.2, -756.809
4.14833, 188.773, 108.664
3.30844, -715.731, 399.031
6.56633, 715.379, -26.9275
4.08004, 482.847, 115.056
4.05369, 49.8722, -739.468
4.65424, 31.2228, 154.792
4.46509, -250.979, -480.311
4.43916, -55.4407, -137.31
4.34871, -831.107, -445.815
5.88118, 342.48, -495.622
6.10384, 447.653, 28.4721
7.20082, -69.2813, 890.052
5.08573, -79.8933, -358.745
5.5282, -191.156, 323.457
5.85049, -688.189, 989.047
5.11404, 77.5514, -304.397
3.87105, -939.354, 631.242
7.08924, 97.6269, 284.095
3.73367, 927.44, -457.19
4.77876, 380.163, 678.109
3.30374, -951.297, 644.778
4.68319, 410.159, 403.175
7.45767, 489.544, 180.546
6.26931, -436.812, 390.361
4.97846, -978.439, -652.66
7.01651, -652.914, -831.035
4.68213, 491.503, 556.56
5.09239, 166.761, -976.089
4.44866, 88.4781, -855.275
5.63431, -217.339, -567.957
5.19331, 410.452, 318.413
4.35955, 633.505, -437.03
2.54674, -373.176, 367.955
6.3794, 39.9016, -783.545
2.85317, -884.271, -563.631
3.98511, 441.731, -679.95
4.78581, -42.5205, -886.969
3.25156, -106.458, 37.7428
5.97819, 671.629, -434.455
4.15587, 365.146, 152.57
5.21197, 966.64, -875.376
2.64678, 727.674, -964.555
5.38086, -18.0327, -232.239
5.18133, 365.524, 471.905
7.36678, -764.765, -920.703
5.57063, -299.755, -613.648
5.26431, -740.919, 203.963
6.69051, -264.225, 898.88
3.75764, -502.558, 920.219
6.98957, 623.931, -126.743
5.97428, 503.137, -495.165
5.82752, -473.642, -94.1145
3.06838, -576.308, -782.067
3.37987, -972.902, 96.1151
2.91253, -136.528, 190.024
6.68103, -243.461, 367.06
2.64818, 930.261, -775.911
6.34719, -4.30001, -846.084
4.29829, -511.83, 865.666
6.24626, 9.06682, 526.989
6.28385, 364.42, 337.28
3.60834, -536.012, -916.85
5.58305, 304.893, 132.126
3.66846, -549.598, -247.333
6.22052, -671.412, 299.879
5.80997, -905.097, -684.341
4.9209, 922.481, -748.306
2.58972, 828.633, 233.12
4.98291, 447.517, 199.409
5.09587, -102.505, -878.97
4.71395, -863.127, 534.081
4.14528, -56.6988, 941.284
3.52671, 482.684, -105.868
7.19863, -238.94, -643.347
2.85168, -491.664, 928.815
3.30042, 51.2026, -732.799
6.70788, -781.872, 29.1082
4.13614, -166.155, -277.319
6.85942, 169.107, 428.714
5.99896, 668.568, 515.089
5.52801, 867.018, -217.801
4.77536, 81.3965, -243.797
2.91543, -501.126, -197.853
3.94883, -54.5136, -124.612
6.51009, -578.471, -779.329
6.81821, 341.479, 50.3914
3.81831, 418.631, -508.814
4.79881, -833.727, -237.745
4.95672, 612.449, -524.864
5.82344, -466.408, -982.558
7.31738, -628.543, -165.897
7.23022, 570.743, -747.878
2.81902, 212.918, -654.479
5.04829, -433.353, -295.405
6.13222, 666.492, 669.83
5.65882, 595.209, -335.82
3.26658, -912.543, -907.708
5.09652, -866.71, 528.866
3.52281, -552.664, 849.367
6.03231, 401.188, -819.482
6.05786, -470.47, -23.8476
3.66304, -563.377, -231.258
6.80594, -50.6817, -127.028
2.67122, -106.928, 943.653
6.26587, -936.139, 62.8468
4.14789, 635.002, 159.849
4.65309, 68.4113, -530.113
7.33455, 957.672, -195.486
4.05803, 730.813, 690.686
5.69762, 973.909, -695.279
5.95386, 877.513, -59.0655
5.36403, 71.7793, 625.121
6.60667, 895.326, -688.571
4.21807, -893.237, -674.313
5.09387, -819.271, -767.327
6.78438, 121.584, -944.504
6.18587, 336.54, 58.611
3.45992, -913.124, 374.484
2.83145, -307.905, 337.828
3.60828, 847.277, -715.762
3.33656, 167.701, -226.725
6.31172, 378.827, -921.075
5.44905, -840.275, 418.94
4.65223, 864.61, 863.49
7.09618, 657.035, 12.421
5.09668, 443.706, 183.472
7.38058, -681.485, -25.6477
5.15714, -452.21, 144.203
2.98716, 334.544, 385.463
5.83983, 211.697, 100.525
5.44444, 140.252, -26.577
5.01137, -693.787, -124.522
2.75808, -925.375, 454.764
2.6753, -349.964, 38.8894
4.41484, -791.132, -527.92
5.55555, 180.759, 98.4093
5.06574, 540.941, 871.006
5.98498, 306.87, -25.803
4.89891, -22.9664, -186.788
3.88323, 67.8527, 423.622
6.01685, -438.19, 206.505
3.67701, 872.456, 52.5585
6.41501, 168.062, -186.511
6.60589, 356.788, 830.889
3.21842, -528.452, 50.8949
5.75757, -485.985, 809.776
3.87677, 866.091, -979.214
7.26215, -409.539, 714.101
4.58238, -747.937, 14.7918
3.03869, -126.117, 400.535
4.70633, -794.906, 530.381
6.28811, -418.435, -299.478
2.77803, -338.874, -315.007
3.51241, -25.4726, 142.261
6.82305, 934.321, -762.483
6.52456, -265.343, -2.03004
2.78861, -676.838, -668.722
4.40304, -65.803, -702.434
4.56124, -136.942, 760.641
2.80071, -378.526, 302.411
7.09746, 809.792, 651.873
3.35398, 532.215, 811.217
6.51634, -927.438, 173.084
3.88599, 730.656, 50.6827
4.44586, 171.094, 737.262
7.19936, 57.056, 623.43
6.24573, 165.946, -175.355
3.44774, -327.109, 757.035
6.89581, 433.213, 483.228
6.8953, 413.611, -843.936
3.30515, -803.638, -272.932
5.87346, -800.838, -162.845
6.89096, 629.835, 128.974
6.98262, 240.496, 516.246
3.06535, -21.9337, 751.087
5.93789, -238.895, -254.423
3.21651, -817.132, -774.576
3.6901, 410.473, -44.6382
5.64383, 938.651, -218.975
4.312, 818.247, 367.64
4.64437, 587.899, 717.072
4.91936, -11.0044, -835.933
6.20379, -4.25195, -112.667
3.23098, -370.08, 871.026
7.36238, -828.029, -762.445
7.3158, -505.219, -187.139
3.14741, -597.162, 661.799
5.3784, -314.108, -606.387
4.66439, 168.947, -128.592
5.50066, -225.413, -244.367
5.85098, -691.496, -109.41
4.5137, 397.135, 982.97
6.46691, 641.992, 688.547
4.89889, -969.433, -249.357
5.72449, 305.94, 275.296
4.28836, -248.693, 601.502
5.96794, -328.828, -219.955
5.83428, -416.421, -691.914
3.22071, -399.61, 713.832
7.10415, -971.532, 218.016
4.22228, 30.2166, -236.314
6.66824, -411.004, -467.334
2.74349, 273.434, -741.641
3.27936, -248.669, -59.4556
2.55765, 330.156, 504.408
3.94327, 119.527, 587.184
5.07295, -343.88, -172.396
3.65948, 680.406, 436.704
2.75022, -248.299, -79.7857
5.33091, -596.683, -836.874
6.69774, -149.778, 670.135
4.28763, -646.116, -440.847
4.3452, 166.599, 866.196
7.22226, 257.236, -72.4999
4.72425, -906.349, -174.704
6.82086, 491.85, 171.227
5.82654, -786.284, -733.383
5.79297, 172.636, 663.739
7.10736, -956.426, 958.294
5.11536, 957.537, -623.004
5.45229, 438.737, -441.53
5.79944, 667.118, 652.412
4.24765, 272.089, 465.652
4.11714, 344.612, 35.6115
7.08984, -103.487, 736.755
3.08619, 905.427, -444.205
7.31268, 662.552, -162.852
5.17978, 55.6378, -324.317
5.81447, 844.933, 631.811
5.48362, 904.712, -500.435
6.93363, -506.484, -741.734
6.67999, -650.427, -610.688
6.69339, 247.289, 200.808
6.85642, -207.735, 334.297
2.5002, -769.431, 336.805
4.77274, 260.767, 347.482
4.25696, -928.027, 175.371
5.80713, -257.088, 706.331
6.22234, -878.806, 153.192
3.3821, -130.218, -465.361
7.4621, 794.644, -806.381
5.95466, -926.108, 162.091
6.97862, 145.038, -12.025
3.51579, 363.719, -143.795
7.2356, -462.227, -34.9194
4.88476, 882.541, -503.498
6.78578, 914.094, -746.974
6.41237, -971.481, -546.585
5.70687, 903.668, -907.164
3.14521, -721.257, 151.315
5.77944, 5.29137, 651.446
3.09199, 53.7165, 7.69845
3.88793, 330.719, 799.783
6.65548, -227.856, -224.056
6.14153, -749.471, -512.149
6.74348, -598.735, 295.086
3.43989, -757.819, -917.282
6.09602, 555.821, -282.021
4.25586, 154.419, 330.859
3.34555, -417.302, -701.732
4.52383, 323.681, -532.289
4.20924, 160.142, 765.913
6.67141, 373.975, -129.038
3.9111, 697.756, 584.643
5.16766, -663.661, -469.329
6.25085, 985.071, -850.79
4.62554, -693.272, -756.284
4.66964, -560.906, 550.781
3.03022, 855.581, -928.745
6.4639, -50.3831, -465.378
3.91232, -576.647, -479.987
7.14264, -585.84, -233.245
5.37926, 257.705, 516.81
3.4895, 830.342, -297.148
5.99081, 575.895, -736.486
3.07265, 493.863, -950.086
4.22945, 296.164, 779.933
4.15646, -582.533, -235.245
6.42735, 827.621, -956.238
6.65775, 458.763, -212.153
4.21712, -737.617, 753.505
4.2603, -275.382, 907.733
6.38197, 152.517, -809.062
6.58658, -10.6768, 687.066
4.26157, -133.587, 282.845
7.09559, -411.614, -302.114
3.2877, 503.237, 258.434
5.56029, -490.152, 569.702
5.54222, -399.559, 713.988
3.16647, -250.076, -739.983
3.51409, -740.303, -481.663
4.79457, -854.066, 502.108
3.48759, -517.806, 930.257
6.77118, -851.471, 383.69
6.54562, -760.199, -686.648
2.80131, -901.374, 880.368
6.50584, -721.474, 641.273
5.49597, -196.534, -540.842
7.43182, -886.976, 297.797
2.65919, -162.658, 638.915
6.8356, 934.831, -768.951
3.69109, 662.535, 342.196
3.6127, 157.795, 427.36
4.73907, -960.824, -555.079
2.61231, 857.988, -173.36
6.79755, -254.674, 6.48736
4.15902, 218.284, 581.045
5.72195, 302.274, 258.818
7.43521, -938.922, -485.777
5.30162, 284.533, -581.821
4.74553, -756.822, -246.497
5.213, 154.683, -724.562
2.90797, 773.361, -33.0455
3.99606, -822.224, -270.701
6.63964, 813.629, 666.445
6.48936, 622.913, 928.55
5.71048, -104.943, 680.194
4.84105, 628.605, 382.675
7.15326, -202.423, -602.843
5.08798, -243.736, -67.195
7.42924, 795.375, -524.374
5.94567, -74.8278, -715.489
6.19966, -178.134, -462.626
3.46323, -393.609, -927.35
6.08881, -458.781, 616.573
6.11146, 569.877, -176.618
6.49298, 268.205, 152.931
4.23216, 254.614, -989.661
5.1481, -16.5131, -68.3893
3.19001, 716.685, -355.071
6.73218, -225.346, -228.493
6.32766, -78.5741, -877.677
7.5, 925.757, -429.485
4.24891, 479.396, 978.112
5.50367, -598.615, 584.573
3.50808, -495.028, 80.6993
6.2385, 33.6114, 161.254
6.49225, 968.115, 216.849
3.03505, -704.23, 108.571
5.35813, -506.941, 46.7938
2.84683, 366.594, -349.742
4.16036, 725.767, 690.645
5.80945, 483.183, -705.164
5.27726, 171.929, -179.576
7.12415, 228.737, -11.5317
2.69832, -481.945, 223.114
2.62083, -307.742, 236.537
4.61923, 222.84, -653.555
4.36987, 461.706, 133.277
2.93303, -232.543, -237.698
3.05403, -159.347, 166.979
5.31992, 361.222, -340.399
7.37269, 54.6945, 738.094
3.05066, -39.8026, -889.107
5.99352, 99.1442, 972.775
2.79674, -51.5566, -734.791
4.69755, 834.147, -104.026
5.24651, 986.232, 713.425
3.45129, 687.949, -747.013
7.36597, 318.292, 323.275
3.19593, -682.229, -61.6042
5.48978, 921.315, -425.911
7.12812, -869.333, 703.415
3.91116, -79.2423, 881.745
6.8307, -152.27, -89.7662
6.29598, -219.47, -595.202
6.10793, 354.693, 615.645
3.34241, -366.1, 363.387
3.32882, 815.729, 365.02
3.39076, -647.447, -982.546
5.87226, 332.423, -597.473
4.83484, -345.267, 31.9367
6.85219, -806.348, -357.621
5.76023, -691.381, -121.643
5.80464, 752.27, 870.947
2.58037, -660.188, -619.505
4.30596, -772.802, -670.03
3.72747, 917.857, 104.244
6.93086, -930, -943.856
5.23701, 820.874, 781.41
6.57209, -29.7959, -636.16
5.24453, 173.965, 862.134
4.16156, 505.376, -53.0191
4.40213, 19.838, -653.685
2.52389, 925.427, 650.072
6.95226, -89.494, -397.669
6.16955, -492.068, 682.585
6.04239, -153.385, 653.552
5.1278, 67.9749, -180.132
6.41065, -187.507, -809.676
3.42484, -391.171, -470.464
5.72673, 257.464, 519.471
3.42178, -682.832, -335.658
3.31214, 56.4065, -91.1855
2.65594, -182.097, 847.305
7.42716, 131.223, -666.587
4.04559, -328.555, -710.831
4.11075, -673.242, -304.357
5.51155, 283.265, -231.76
2.89107, -328.565, -917.246
3.93936, -13.3872, 82.5864
5.79307, -131.621, -489.417
7.36348, -982.563, -349.905
7.27758, -362.937, -790.309
7.42745, -673.453, -300.556
7.30478, -906.611, -752.341
3.0073, -557.643, 559.102
3.71505, -129.379, -491.547
6.91151, 101.23, -428.841
5.28805, 339.568, 693.241
6.7669, 799.512, 517.145
7.49145, -535.05, 530.001
3.99751, -242.375, -475.93
6.33157, 959.921, 476.734
4.81901, 287.906, -146.882
6.8168, -636.607, -786.987
6.99018, 856.531, -0.78058
7.377, 257.193, -413.053
2.77405, 642.089, 108.683
6.32605, 927.758, -616.936
5.09219, -928.504, 738.175
3.46574, 917.573, -226.939
6.98252, 204.222, -546.891
6.38492, -842.301, 94.5839
2.75968, 413.076, 538.562
7.47331, -845.391, 760.442
5.93659, -12.5364, -456.078
5.94854, 884.404, 496.452
6.57666, -654.319, 806.017
7.05426, -38.9669, -445.738
3.34218, -201.399, 397.415
5.24183, -581.703, 801.205
6.53351, -497.868, -259.961
4.17803, 337.225, -544.655
5.53435, -106.206, 24.7246
6.59602, -940.446, 333.845
7.3485, 79.5307, -252.733
6.29349, 578.88, 494.929
3.72113, -167.609, -90.4862
5.80589, -571.695, 400.096
4.21574, -451.325, -189.376
7.27146, 373.518, -393.772
2.60828, 800.562, 553.671
4.54979, -889.957, 941.283
2.55789, 581.637, -671.06
3.04964, 835.144, 197.961
5.28259, -828.794, 98.5883
4.45466, -7.39886, -227.36
7.20539, 117.099, -182.831
2.55572, 179.269, 379.834
6.22897, -216.98, -439.939
3.84293, 107.813, 119.321
4.27153, -666.508, -759.867
3.45835, -447.387, 625.449
5.14832, 293.984, -164.961
4.39478, -52.3563, -860.213
3.16407, -10.2621, -805.367
4.26563, -132.265, -557.806
4.2497, 782.402, 979.445
7.41084, 626.025, -133.602
5.25961, 152.654, -367.703
4.99918, 16.0307, -719.018
3.58531, -833.922, 449.735
4.37311, -249.522, -645.469
6.78251, -662.183, -471.741
6.45578, 795.917, -525.365
3.9204, -490.246, 925.166
5.07645, 436.365, 104.553
6.79238, -284.739, -16.8164
7.07844, -935.657, -175.964
7.48941, 130.077, 907.321
6.53177, 174.305, -181.44
5.22718, -895.079, -177.755
7.3461, 158.098, -723.987
5.31931, -583.971, 362.639
4.03031, -423.08, 652.971
5.41853, 955.785, 943.335
2.91197, 48.1915, -325.011
5.47382, 361.051, 610.707
3.31968, -596.572, -591.112
6.46527, -619.982, -434.258
2.95373, 581.871, 729.393
6.3072, -503.355, -679.224
6.83996, -234.788, 26.0418
6.40105, 186.823, -333.71
6.61399, 908.379, 958.613
6.70974, 371.52, 550.772
4.48328, 503.616, 258.469
6.508, -156.958, 169.665
6.56811, 377.999, -42.8903
5.43493, -408.126, 99.2262
4.64621, 791.625, -45.9752
2.5002, -43.021, -458.575
5.31153, -812.043, 318.641
6.22632, 339.938, 344.771
3.89846, 959.437, 287.347
2.93406, -977.796, 563.455
3.5733, 853.324, -878.004
3.93296, -481.59, 567.903
4.86595, -399.782, 470.406
6.95893, 842.751, 819.555
5.91955, 518.643, -505.856
3.54376, -44.6246, -73.3637
6.67533, 790.045, 9.29784
7.09218, 913.493, 910.216
4.48244, -477.488, -696.561
6.37858, 541.335, 522.785
5.68161, -152.115, -88.1484
6.64746, 482.246, 283.495
3.40204, 550.37, -471.06
7.45927, 574.705, -744.835
6.70558, -155.35, -842.88
4.65177, 884.167, 262.627
4.38589, 595.657, 883.178
2.70802, 648.854, -503.362
6.80715, -787.569, -519.977
6.62116, 914.771, -893.807
6.25052, 14.7697, 729.402
3.55801, -165.685, 982.737
4.31029, -780.905, -190.828
4.43545, -586.783, -790.459
7.32918, 789.26, 631.162
6.5872, -159.374, 644.423
4.5755, -80.2153, 447.252
5.83759, 198.905, 176.801
2.52101, 474.826, 979.484
6.98048, -739.005, 249.573
3.68416, -344.348, 353.937
3.79415, 350.605, -87.732
5.4939, 402.177, -706.141
6.89823, -829.949, 368.032
6.16299, -557.932, -584.417
6.0773, 903.133, 568.866
3.57724, -604.3, 481.479
6.30413, 679.845, -954.393
3.85351, -164.567, -551.88
2.75246, 661.036, 333.895
4.78866, 274.785, 246.571
2.58759, 444.191, -772.52
3.01129, 65.7807, -180.264
2.639, -134.54, 287.462
5.65921, -343.931, -518.35
6.34425, 79.8742, -251.912
2.74132, 526.527, -835.394
6.6924, -51.8794, -630.915
6.76899, -262.258, -309.852
6.57649, -452.583, 576.588
6.85188, 792.725, 401.805
5.27222, -625.128, -154.927
6.12646, -288.101, 50.7905
3.20424, -518.069, 914.439
6.6115, 588.149, -527.087
5.51185, 726.947, -195.217
4.93856, 504.254, -914.151
6.14942, -284.553, 938.432
4.05164, 757.011, -666.827
3.93925, -699.821, 350.031
5.45857, -943.903, 800.312
5.34055, 646.067, 871.518
5.41059, -931.69, -570.896
2.84132, -687.331, 283.299
4.34304, 149.967, -384.578
6.28475, -927.852, -572.438
6.35297, -447.696, -869.951
4.27217, -393.554, -255.561
5.98913, 237.362, 925.676
5.08005, -661.011, -284.731
5.94494, 385.477, 136.283
6.18066, -81.6102, 617.333
2.56231, -340.749, -670.599
7.16549, 619.64, -135.716
5.37826, 129.396, 124.119
3.05587, 472.432, 973.755
4.87388, -96.0091, 39.0914
3.24247, 202.966, 99.3085
4.22594, 50.8588, 443.989
7.04476, -927.937, 168.32
4.54571, 10.2475, 525.57
5.96642, -674.906, -62.2916
3.35865, 377.234, -938.579
6.21715, 875.63, -504.556
4.16319, -426.278, 648.986
4.62157, 659.248, 313.596
2.79523, -139.109, -105.605
5.09005, 285.499, -229.256
5.94425, 470.585, -578.54
5.01149, -263.004, 5.05757
6.56617, -170.439, -747.42
3.07974, 84.4032, -931.45
5.24841, 286.33, 460.253
5.06046, 403.518, 20.4797
6.02649, 966.111, 441.103
5.65083, -238.097, 873.414
4.0207, -29.7608, -651.625
6.74719, 399.306, 365.441
3.39619, 612.148, -25.8146
2.61737, -525.601, -99.8223
4.19467, 721.864, 46.7533
3.43818, 357.253, -99.9806
6.60467, -291.681, 170.683
6.72507, -895.376, -170.47
6.78031, 845.8, -714.668
7.37454, -952.046, 648.792
2.99587, 463.224, -446.676
2.56182, 564.969, 652.603
2.58614, 215.845, 583.215
2.64527, 247.017, 97.793
4.1031, 146.736, -386.582
6.17815, 624.422, 300.384
3.14876, 351.697, 475.749
2.5161, -369.537, 503.308
6.91905, 140.315, -788.98
3.70482, 228.049, -567.963
4.38481, -816.224, 765.735
4.44879, 626.628, 180.012
2.81534, 597.388, 292.927
7.30792, 184.034, 945.066
3.75349, 723.896, -341.846
6.85376, -678.948, -78.1399
2.85991, -912.848, 418.997
2.70653, -615.93, 563.739
3.46378, 353.237, -521.44
3.86708, -308.133, 303.075
7.4007, -948.82, -364.18
3.60607, 326.653, -535.304
6.43119, -873.433, 851.543
4.42306, 296.09, -419.353
3.78593, 475.939, -634.85
3.91087, -929.762, 53.7162
7.33834, 865.554, -42.2829
4.22841, 757.562, 165.157
3.45922, -974.722, 735.342
5.05037, -547.505, -376.562
5.21857, -553.934, 629.877
5.72333, -662.691, -605.567
3.89738, -7.5894, 792.704
3.41887, -297.233, -713.177
2.71579, -832.154, 365.347
3.98408, -501.564, -264.79
4.25548, -231.031, 138.775
7.09372, -425.992, 702.175
5.81225, 495.541, -357.349
5.08041, 865.719, 577.273
4.03763, 609.367, 582.047
3.0007, -348.741, 152.908
3.47502, 377.639, -879.187
4.11407, 30.3051, -126.34
5.56182, 953.602, 87.5456
5.13511, 956.387, -978.202
3.45653, 265.787, 280.125
4.7178, -628.208, -421.576
4.48693, -702.76, 846.425
6.28051, -603.609, 744.648
6.6213, 734.474, 602.585
5.51573, 143.297, -347.225
3.04573, 605.359, -821.503
4.11797, 483.621, -165.118
5.03403, 10.8256, 316.375
4.76521, -653.864, 809.811
4.77315, -178.915, -445.627
4.91125, 930.652, 918.632
5.07896, 367.627, -650.381
4.50207, 201.896, 822.027
4.22945, 975.589, 479.984
6.64533, 930.918, -235.769
3.02204, -726.739, -790.734
6.40057, 578.594, 560.319
3.19919, -296.562, -238.128
2.62171, -792.436, -522.679
6.0664, 404.549, -744.931
7.15538, 142.177, -825.336
7.47667, 193.181, 173.971
3.86264, -874.013, 152.842
3.6923, -483.85, -258.274
3.87328, 954.53, 617.517
5.70836, -903.235, -729.335
5.17637, 308.168, 148.904
6.8967, 820.607, -293.119
6.75968, -669.563, -826.77
2.98004, 894.355, -47.5327
4.66818, -738.113, 219.676
3.17045, -200.625, -752.25
5.86802, -173.109, 305.491
5.34964, -50.9052, -467
3.66474, -612.212, 576.364
5.50306, 264.391, -684.237
2.6551, -795.961, -25.7111
7.08512, 564.85, -307.786
3.82958, 860.619, -179.024
6.50016, -180.978, -511.477
5.46389, 155.116, -727.547
5.0822, 340.966, 626.281
5.2567, 327.88, 634.563
3.47225, 494.748, -237.107
5.36152, 131.877, -738.485
3.81992, 208.371, 399.665
4.41648, -766.838, 537.921
2.73626, -761.012, -897.464
4.22823, 585.679, -673.578
3.61594, 656.455, -425.955
3.81264, 19.3599, -725.105
3.05141, -426.998, -406.029
7.40088, -703.002, 15.1086
5.93794, 795.745, 635.565
5.82158, -547.412, -377.053
5.99501, -598.925, -670.42
2.68746, -829.391, -763.756
3.6706, -631.554, -746.466
3.95397, 736.912, 687.767
3.50543, -23.9124, -244.534
2.7177, 351.78, 343.58
2.56571, -524.524, 523.719
6.07297, -522.909, 765.038
6.88348, -867.428, -618.559
5.35088, -885.394, 276.055
6.92743, 860.26, 853.258
5.20042, -358.089, -277.927
3.31357, 928.214, -641.744
3.30492, 949.544, 441.962
7.19182, 309.158, 282.936
3.45628, 549.346, -844.717
3.15761, 4.12447, -97.6113
4.41122, -300.456, -9.32395
6.12674, 259.79, -256.721
2.50651, 541.771, 867.912
4.60222, 24.3466, 733.269
5.18984, 296.921, -216.058
4.86596, -237.158, 245.253
6.33003, 546.48, 864.209
2.9396, 555.915, -456.82
7.04284, 140.301, 321.738
3.20818, -855.954, -402.829
2.54782, 421.907, -47.5217
2.82267, 257.921, 517.421
4.96742, 380.34, 221.799
5.40914, 525.434, 968.742
4.03373, -942.209, 543.532
4.57091, 888.169, -68.4692
4.33401, -579.16, -682.718
3.42687, 166.775, 662.948
2.76788, 620.753, 179.969
4.47222, 535.865, -64.4998
3.98388, -346.724, -132.951
5.05388, -394.827, 817.539
3.75392, -706.593, 228.199
5.01589, 952.313, 888.995
2.51168, -1.88028, 777.791
7.01807, 985.58, -446.878
2.79181, -908.93, -941.339
5.17506, -674.314, 808.887
3.95754, -380.553, 868.204
7.3023, -798.783, -262.771
4.73406, 323.42, -108.66
5.08479, 886.581, 169.363
5.93861, -248.559, 33.1553
2.72187, -160.268, 72.4002
7.2946, -794.411, 604.194
5.70852, 368.128, 154.168
2.80215, 621.142, -774.351
3.33964, 53.3827, 267.032
5.76491, 488.651, -240.883
6.19864, -769.313, 335.944
3.57011, 847.133, 204.786
4.31441, 153.555, -861.183
6.56981, -647.079, 929.654
5.32057, 807.943, -469.844
7.45886, -48.934, -877.216
6.5669, -763.145, 391.551
3.49157, -986.094, -22.0459
2.50003, -141.381, -832.508
4.62608, 933.34, -756.908
4.07406, 851.702, 207.74
5.56218, 605.352, -927.883
3.83351, -188.844, -539.39
4.39881, -593.98, -63.6303
5.43397, 950.418, 299.515
5.95636, -139.654, -502.611
7.26736, -453.684, -568.005
4.89785, -293.416, -946.509
3.60319, 382.423, -720.184
5.33741, -717.962, -452.678
6.09873, 421.043, 361.23
4.4953, -492.922, 554.234
3.48326, -692.91, 973.535
6.66971, -667.14, -756.081
5.59561, -450.198, -862.744
7.26866, -285.023, 185.482
3.23222, -14.0296, -266.09
5.38953, 35.8133, -456.347
7.26796, -387.638, 710.487
3.62331, 718.102, -987.401
7.25137, -495.467, 794.171
3.07874, 787.472, -507.119
2.58372, 30.8334, -249.948
3.90465, -355.98, -165.874
7.15042, 633.96, 179.31
3.04796, 762.236, 876.305
6.77266, 24.8924, 817.939
5.68532, -722.153, -728.691
5.63853, 404.621, -709.964
3.80589, 722.302, 737.299
5.13936, -952.741, 211.555
7.16608, -272.465, 891.145
3.98055, 917.997, 113.939
4.78006, 159.854, 441.393
6.35659, -658.961, -603.387
4.17193, 120.598, 123.792
6.31775, -39.9988, -926.967
6.65892, -30.6025, 939.568
2.64618, -724.493, 566.544
4.31315, 711.752, -265.909
4.16221, 274.625, 463.627
3.17675, -513.498, -290.336
3.00839, -304.118, 622.316
5.11327, -606.835, 807.638
3.52046, 30.664, -529.07
5.00728, -862.703, -620.015
5.1371, -7.00311, 964.217
4.13422, -262.623, -293.467
4.75888, 227.619, -438.777
6.85263, -6.10278, 965.175
4.72884, 639.345, 863.795
6.03726, -457.244, -908.495
6.83171, 904.926, -697.132
6.5822, 857.635, 211.797
2.67504, 884.214, 840.346
3.8644, -648.013, -239.151
5.21858, -420.785, -429.975
3.19942, -954.237, -558.525
5.57408, -771.152, -930.876
3.29182, -665.953, -604.667
4.41129, 100.664, 219.943
5.94997, -94.9343, 188.328
3.21128, -395.305, 466.712
5.65284, -783.919, 786.978
3.15973, 191.993, 935.848
7.13583, -734.871, 242.972
5.53465, -936, 783.869
5.50388, -929.14, 380.217
3.33635, 591.204, -520.255
3.301, -867.991, -396.69
5.91628, 614.295, -26.423
5.1456, -704.282, -11.0438
3.65264, -139.984, 792.414
6.55373, -505.774, -54.487
5.76477, -418.308, -557.371
4.08597, -572.589, -591.58
2.53953, -260.255, -810.709
3.49176, 729.966, 727.294
3.78831, -5.53523, 380.376
3.03825, 879.099, 38.8995
3.49545, 126.762, -426.623
6.75079, 803.761, -769.823
6.63912, -964.932, 215.078
6.76813, -967.833, -555.939
5.71027, 292.076, 777.363
3.6787, 716.52, -978.584
6.80638, -502.814, -802.951
5.4745, 35.2566, -107.228
2.52745, 503.674, -37.2397
6.84925, -661.138, -469.07
7.37729, 648.402, 98.2026
5.59653, 375.274, 16.1444
3.85574, -924.997, 379.494
7.46973, -163.467, -625.925
4.60751, -717.26, -524.827
4.20537, -792.103, -613.115
4.80717, 377.739, -128.468
4.44822, 261.441, -382.97
4.613, -45.518, 514.234
2.84879, 129.919, 291.408
5.5153, -51.8273, -133.642
7.36114, -49.8445, 227.315
5.07406, -697.747, -529.65
7.45461, 947.83, -136.131
5.84906, 617.184, -129.401
4.01716, -604.485, 68.5101
3.47371, 865.649, 578.916
4.0109, -713.451, -929.297
4.93946, -336.501, 459.41
4.72438, 531.552, 984.539
5.7844, 322.403, -932.774
3.74227, -771.882, -667.651
4.72007, 54.0374, 553.585
5.75894, -692.677, 45.4062
6.67472, -716.875, 193.229
6.03698, 191.582, 809.918
4.93928, -865.405, -616.549
6.72039, 397.787, -234.885
7.00296, -516.296, -193.975
6.33082, -653.974, -520.579
5.29453, 632.757, 854.516
2.70603, -3.67513, 69.3634
5.46749, 561.78, 67.2837
2.68674, -669.426, 808.829
4.53488, 30.7058, 436.893
2.84243, -969.483, -878.592
7.38558, -769.129, -883.073
2.5956, -511.689, -238.64
6.60363, -155.032, -263.861
5.2195, -390.382, 860.561
5.72828, 786.499, -333.569
3.62934, -259.316, 37.651
2.733, 836.162, -702.886
3.63154, 205.788, -548.871
4.58371, -633.706, 134.105
6.40126, 264.082, -628.273
3.72852, -925.011, 371.26
4.81411, 646.426, 102.279
6.14756, 927.206, 289.503
5.35237, -331.53, 811.779
5.45997, 928.482, 909.198
4.98425, -932.739, 279.255
3.951, 471.793, 120.476
4.71107, -12.6479, -238.095
2.53669, 850.264, -397.824
7.41683, 500.869, -359.493
2.52822, -799.874, -167.174
4.8676, -118.117, 747.115
5.86497, -312.411, -123.225
