6.27803, -736.486, -996.966
3.5948, 63.7995, -87.6023
5.89648, 358.841, -904.536
5.09708, -233.996, 872.146
2.76731, -931.855, 659.631
2.53849, 338.876, 60.6047
4.58743, -862.305, -232.691
7.15218, 178.208, 374.492
2.95982, 52.6583, 692.153
6.00595, -163.934, 313.803
3.81226, 525.997, 819.149
4.14117, 471.923, -903.329
7.45519, 511.366, 263.414
7.41275, -508.486, -273.622
5.75759, 505.46, 444.409
6.92354, 262.87, -852.769
6.33247, -124.916, -453.608
3.87453, -520.486, -46.8314
4.93259, -671.915, -300.622
2.80282, 819.542, 792.656
5.08146, 8.41975, 806.896
4.96988, 970.861, -362.416
7.23882, -816.716, -468.187
4.42071, -8.3969, -843.258
5.14874, 825.937, -447.158
2.75042, 879.904, -68.2631
6.63909, 540.773, 529.197
5.94228, -964.834, -747.763
6.18112, 259, 735.799
6.94286, 993.939, 450.475
4.25508, -384.771, -534.196
6.72991, 182.337, 26.3067
3.84659, 667.701, -164.81
4.83959, 73.5536, -171.241
3.2686, -642.648, -421.898
2.66527, 607.985, 142.692
7.2768, -4.48724, 70.7481
6.95369, 109.619, 495.309
3.29884, 681.884, 248.597
3.15214, 429.089, -573.569
2.515, -451.443, -817.082
6.0491, -954.791, -175.889
3.40448, -517.023, 873.012
5.76029, 773.18, -363.365
4.42907, 363.948, -698.851
3.23766, -5.43519, -226.935
5.45054, 686.912, 173.367
3.24076, 115.934, 910.014
3.2091, -181.978, 964.693
4.94257, -494.391, 128.632
3.13015, 914.936, -70.073
5.64635, -359.955, -598.819
5.60817, 301.633, -744.707
4.88216, -502.179, 604.341
2.64188, -587.036, -231.515
3.21011, -143.716, 802.028
3.15594, -180.107, 892.741
3.31099, -818.143, 764.659
3.76529, -268.768, -855.365
4.77654, 569.788, -732.084
6.54472, -94.9144, -300.405
3.57624, 302.853, 860.963
3.75063, 816.941, 363.115
5.02978, -57.8327, 721.119
6.27922, 634.966, 194.465
5.66369, 903.465, -72.2926
5.9449, 644.058, -124.517
7.27207, 972.095, 406.559
5.18713, -422.316, 706.395
4.57014, -789.378, 31.1244
4.70019, 752.148, 154.468
6.07821, 737.371, 459.04
6.20858, 410.976, 599.674
5.12494, 771.342, -960.646
6.06711, -867.643, -73.8111
5.91025, 334.773, -21.8718
6.82941, 832.51, -599.893
3.19597, 86.5545, 777.642
3.57766, 974.942, -100.13
5.0733, -366.635, -109.681
4.83766, -119.822, 757.86
3.55759, -268.485, 612.464
5.65244, -692.252, 992.511
2.5044, -988.338, 223.332
4.09589, 453.704, 545.503
5.90281, 364.016, -160.22
6.0446, 671.701, -588.322
2.90869, -809.722, 656.116
3.56926, 263.53, 531.886
4.44412, -836.14, -572.072
4.44927, 897.675, 903.472
3.92018, 383.481, -461.27
4.6123, 566.215, 552.472
2.55658, -608.784, -437.172
3.72027, 952.285, -618.492
4.49072, -724.483, 642.643
6.64177, -646.953, 201.663
3.78584, 974.162, -685.795
3.59705, -800.678, -532.922
6.47385, 390.971, 269.069
5.8476, 504.239, 392.05
5.49108, -889.842, 279.165
5.99917, -363.051, -544.2
5.13062, 525.966, -763.211
4.14833, 180.933, 103.847
3.30844, -714.315, 404.365
6.56633, 719.262, -28.7829
4.08004, 478.064, 114.727
4.05369, 55.7677, -730.506
4.65424, 35.7242, 172.829
4.46509, -248.835, -477.4
4.43916, -48.8816, -110.498
4.34871, -840.616, -442.348
5.88118, 343.296, -492.826
6.10384, 454.992, 28.014
7.20082, -71.9354, 893.072
5.08573, -79.3137, -357.28
5.5282, -195.09, 322.878
5.85049, -696.42, 975.739
5.11404, 82.1034, -310.42
3.87105, -963.998, 653.176
7.08924, 93.4942, 285.503
3.73367, 937.28, -464.742
4.77876, 386.234, 685.668
3.30374, -954.74, 635.906
4.68319, 414.374, 411.481
7.45767, 500.591, 166.957
6.26931, -439.998, 391.122
4.97846, -988.446, -656.483
7.01651, -662.918, -839.827
4.68213, 492.9, 563.76
5.09239, 168.92, -984.686
4.44866, 88.141, -863.726
5.63431, -225.882, -568.166
5.19331, 416.744, 318.116
4.35955, 632.149, -438.852
2.54674, -369.587, 365.2
6.3794, 41.4477, -790.331
2.85317, -888.162, -559.826
3.98511, 446.197, -679.546
4.78581, -42.8482, -896.125
3.25156, -95.4999, 41.5299
5.97819, 668.064, -429.742
4.15587, 370.728, 159.958
5.21197, 972.049, -882.83
2.64678, 715.869, -991.15
5.38086, -21.2535, -240.364
5.18133, 364.534, 475.393
7.36678, -756.493, -926.246
5.57063, -297.648, -621.29
5.26431, -746.673, 213.485
6.69051, -279.791, 906.692
3.75764, -484.574, 942.254
6.98957, 629.348, -146.237
5.97428, 516.602, -506.686
5.82752, -472.939, -95.8296
3.06838, -580.194, -768.556
3.37987, -984.323, 94.4496
2.91253, -136.171, 196.753
6.68103, -248.009, 372.998
2.64818, 941.866, -759.397
6.34719, -2.93302, -849.499
4.29829, -501.513, 866.779
6.24626, 1.56733, 536.25
6.28385, 362.885, 342.394
3.60834, -538.194, -924.824
5.58305, 305.139, 126.533
3.66846, -549.924, -254.756
6.22052, -668.844, 304.643
5.80997, -909.297, -684.111
4.9209, 901.889, -747.942
2.58972, 828.061, 240.129
4.98291, 445.694, 194.657
5.09587, -113.63, -889.379
4.71395, -874.446, 532.634
4.14528, -62.8539, 951.283
3.52671, 485.634, -107.608
7.19863, -252.425, -654.395
2.85168, -499.613, 927.18
3.30042, 52.1017, -749.297
6.70788, -788.245, 33.2231
4.13614, -158.372, -270.504
6.85942, 156.254, 427.306
5.99896, 672.114, 516.163
5.52801, 869.654, -220.96
4.77536, 79.3077, -271.146
2.91543, -520.57, -181.59
3.94883, -55.1306, -152.177
6.51009, -569.32, -788.115
6.81821, 335.448, 56.9261
3.81831, 422.078, -511.638
4.79881, -836.79, -235.259
4.95672, 604.524, -526.734
5.82344, -467.444, -990.965
7.31738, -626.641, -152.092
7.23022, 586.705, -733.558
2.81902, 224.1, -656.229
5.04829, -407.55, -309.143
6.13222, 668.442, 655.105
5.65882, 602.091, -339.919
3.26658, -916.054, -908.871
5.09652, -868.175, 541.284
3.52281, -557.504, 856.218
6.03231, 399.764, -821.289
6.05786, -475.26, -13.4008
3.66304, -582.342, -236.893
6.80594, -65.2077, -133.79
2.67122, -110.028, 951.951
6.26587, -935.942, 50.1063
4.14789, 643.849, 177.076
4.65309, 71.9926, -534.5
7.33455, 970.725, -193.365
4.05803, 733.804, 697.637
5.69762, 990.727, -701.799
5.95386, 866.09, -62.5752
5.36403, 80.8431, 629.516
6.60667, 891.285, -682.875
4.21807, -905.845, -681.916
5.09387, -808.624, -777.103
6.78438, 122.656, -952.687
6.18587, 347.187, 37.6849
3.45992, -948.276, 391.693
2.83145, -308.176, 341.035
3.60828, 843.993, -718.4
3.33656, 171.021, -236.812
6.31172, 382.178, -939.053
5.44905, -844.138, 425.463
4.65223, 859.511, 852.156
7.09618, 661.238, 12.0733
5.09668, 445.571, 194.15
7.38058, -678.135, -20.1703
5.15714, -453.183, 147.672
2.98716, 334.154, 394.445
5.83983, 219.501, 98.2079
5.44444, 140.375, -21.4884
5.01137, -702.332, -110.002
2.75808, -934.036, 460.876
2.6753, -349.869, 31.8517
4.41484, -785.699, -511.805
5.55555, 191.326, 103.559
5.06574, 542.781, 873.193
5.98498, 301.669, -26.4831
4.89891, -25.598, -185.284
3.88323, 68.3584, 421.47
6.01685, -439.41, 210.004
3.67701, 875.487, 59.1922
6.41501, 190.508, -174.839
6.60589, 361.55, 838.253
3.21842, -537.056, 53.925
5.75757, -491.893, 805.663
3.87677, 870.534, -987.774
7.26215, -435.889, 716.666
4.58238, -752.624, 13.8923
3.03869, -126.797, 403.916
4.70633, -799.057, 531.863
6.28811, -416.955, -303.716
2.77803, -338.561, -321.131
3.51241, -28.5186, 145.387
6.82305, 944.794, -783.104
6.52456, -265.393, -13.5722
2.78861, -679.903, -674.004
4.40304, -64.0948, -701.424
4.56124, -148.394, 765.992
2.80071, -382.222, 302.535
7.09746, 801.086, 641.78
3.35398, 538.8, 803.44
6.51634, -934.543, 149.026
3.88599, 723.524, 45.3674
4.44586, 173.122, 738.532
7.19936, 52.3756, 623.666
6.24573, 160.459, -162.541
3.44774, -324.587, 760.487
6.89581, 436.756, 485.532
6.8953, 418.714, -851.932
3.30515, -811.079, -265.18
5.87346, -805.429, -166.317
6.89096, 627.079, 126.057
6.98262, 262.999, 530.972
3.06535, -25.9092, 755.468
5.93789, -233.742, -248.891
3.21651, -842.351, -760.229
3.6901, 415.444, -44.6522
5.64383, 948.903, -218.026
4.312, 817.293, 360.733
4.64437, 588.507, 717.924
4.91936, -8.03517, -842.67
6.20379, -2.02872, -103.767
3.23098, -394.986, 866.745
7.36238, -836.512, -776.08
7.3158, -517.665, -191.009
3.14741, -602.28, 665.75
5.3784, -320.255, -607.034
4.66439, 170.792, -121.513
5.50066, -240.606, -260.985
5.85098, -700.169, -136.1
4.5137, 396.369, 988.958
6.46691, 639.682, 696.286
4.89889, -978.132, -251.004
5.72449, 295.384, 277.198
4.28836, -245.9, 598.797
5.96794, -330.801, -220.753
5.83428, -416.973, -707
3.22071, -375.055, 710.398
7.10415, -983.396, 216.415
4.22228, 32.4147, -235.888
6.66824, -416.466, -470.692
2.74349, 270.108, -748.985
3.27936, -247.661, -71.3833
2.55765, 331.539, 510.024
3.94327, 121.298, 589.16
5.07295, -349.735, -171.912
3.65948, 683.218, 437.927
2.75022, -240.731, -67.1841
5.33091, -595.457, -848.728
6.69774, -153.544, 671.917
4.28763, -644.801, -425.331
4.3452, 167.141, 871.154
7.22226, 256.02, -73.5625
4.72425, -908.202, -183.055
6.82086, 495.164, 188.756
5.82654, -789.701, -736.869
5.79297, 163.866, 665.904
7.10736, -960.822, 962.711
5.11536, 941.186, -615.542
5.45229, 439.326, -442.187
5.79944, 668.578, 669.837
4.24765, 291.697, 460.477
4.11714, 337.454, 57.624
7.08984, -111.561, 738.861
3.08619, 903.636, -446.245
7.31268, 676.15, -171.217
5.17978, 46.7401, -332.091
5.81447, 856.394, 635.128
5.48362, 890.478, -506.264
6.93363, -506.154, -746.487
6.67999, -670.474, -607.555
6.69339, 246.659, 203.904
6.85642, -214.997, 341.322
2.5002, -768.853, 334.766
4.77274, 258.248, 351.058
4.25696, -932.887, 152.726
5.80713, -258.043, 709.267
6.22234, -873.189, 152.813
3.3821, -119.13, -446.716
7.4621, 794.501, -814.096
5.95466, -932.865, 173.426
6.97862, 141.796, -16.3369
3.51579, 374.342, -131.703
7.2356, -456.507, -36.4331
4.88476, 893.345, -504.712
6.78578, 921.74, -746.649
6.41237, -981.696, -560.117
5.70687, 912.879, -905.57
3.14521, -724.724, 147.799
5.77944, 4.09368, 649.718
3.09199, 53.0911, 9.55633
3.88793, 336.132, 804.62
6.65548, -220.155, -227.027
6.14153, -752.279, -513.558
6.74348, -597.836, 295.906
3.43989, -784.471, -947.09
6.09602, 558.442, -278.861
4.25586, 160.491, 332.547
3.34555, -415.891, -687.554
4.52383, 339.178, -549.472
4.20924, 159.045, 771.395
6.67141, 394.397, -125.576
3.9111, 698.013, 584.105
5.16766, -672.193, -477.011
6.25085, 994.595, -852.903
4.62554, -687.343, -763.08
4.66964, -570.258, 547.144
3.03022, 857.945, -932.635
6.4639, -37.9959, -466.464
3.91232, -573.169, -483.787
7.14264, -579.945, -236.742
5.37926, 241.537, 518.504
3.4895, 817.23, -288.921
5.99081, 574.514, -755.974
3.07265, 495.453, -960.39
4.22945, 307.007, 787.995
4.15646, -586.768, -238.253
6.42735, 828.446, -962.509
6.65775, 459.642, -212.853
4.21712, -740.027, 755.109
4.2603, -274.558, 887.386
6.38197, 146.566, -832.59
6.58658, -12.8075, 688.085
4.26157, -130.134, 284.186
7.09559, -432.171, -301.211
3.2877, 490.917, 253.36
5.56029, -486.684, 565.466
5.54222, -375.043, 710.327
3.16647, -252.067, -746.237
3.51409, -746.158, -477.464
4.79457, -857.096, 501.164
3.48759, -527.733, 927.682
6.77118, -841.581, 375.636
6.54562, -759.626, -693.159
2.80131, -907.194, 886.531
6.50584, -718.209, 655.752
5.49597, -192.918, -543.61
7.43182, -891.21, 308.064
2.65919, -162.497, 639.773
6.8356, 946.665, -770.312
3.69109, 668.916, 348.539
3.6127, 176.425, 431.935
4.73907, -990.479, -545.055
2.61231, 861.613, -173.831
6.79755, -255.762, 20.5682
4.15902, 213.332, 590.882
5.72195, 306.509, 250.033
7.43521, -945.871, -482.663
5.30162, 284.598, -583.877
4.74553, -758.15, -246.224
5.213, 170.589, -717.683
2.90797, 773.099, -32.8135
3.99606, -806.444, -271.817
6.63964, 823.26, 679.765
6.48936, 625.715, 937.803
5.71048, -103.074, 679.742
4.84105, 630.837, 386.657
7.15326, -197.939, -610.581
5.08798, -248.914, -73.172
7.42924, 798.041, -540.941
5.94567, -81.291, -723.714
6.19966, -180.955, -446.09
3.46323, -392.469, -935.114
6.08881, -451.585, 624.921
6.11146, 570.028, -181.355
6.49298, 266.385, 153.855
4.23216, 255.36, -997.151
5.1481, -15.7842, -59.0321
3.19001, 715.909, -361.277
6.73218, -225.261, -206.007
6.32766, -84.6108, -885.356
7.5, 923.441, -417.371
4.24891, 483.047, 994.106
5.50367, -601.077, 591.339
3.50808, -496.226, 84.524
6.2385, 28.4168, 152.395
6.49225, 976.661, 216.223
3.03505, -706.088, 109.317
5.35813, -507.203, 47.3444
2.84683, 358.734, -333.792
4.16036, 748.745, 689.423
5.80945, 486.996, -708.251
5.27726, 170.6, -192.762
7.12415, 228.945, -11.7203
2.69832, -486.006, 226.75
2.62083, -311.774, 240.298
4.61923, 214.485, -656.813
4.36987, 460.822, 136.115
2.93303, -234.159, -256.678
3.05403, -162.825, 166.221
5.31992, 368.631, -348.302
7.37269, 61.7244, 742.435
3.05066, -47.4937, -882.762
5.99352, 99.0473, 981.648
2.79674, -50.3148, -743.112
4.69755, 835.506, -108.456
5.24651, 992.448, 716.176
3.45129, 691.55, -750.396
7.36597, 313.829, 327.425
3.19593, -676.162, -69.2396
5.48978, 941.432, -432.713
7.12812, -873.086, 704.165
3.91116, -77.9001, 888.416
6.8307, -140.359, -81.599
6.29598, -228.178, -600.96
6.10793, 356.966, 621.731
3.34241, -377.264, 370.586
3.32882, 837.484, 374.404
3.39076, -647.399, -990.061
5.87226, 335.607, -602.404
4.83484, -355.151, 40.3785
6.85219, -811.218, -358.173
5.76023, -696.017, -117.987
5.80464, 762.717, 881.344
2.58037, -661.485, -597.427
4.30596, -778.803, -666.322
3.72747, 925.202, 119.604
6.93086, -937.69, -950.336
5.23701, 824.951, 773.702
6.57209, -26.3718, -651.466
5.24453, 175.292, 867.787
4.16156, 506.348, -55.8039
4.40213, 24.5282, -654.764
2.52389, 932.045, 654.875
6.95226, -90.5591, -397.327
6.16955, -497.617, 686.042
6.04239, -153.776, 665.776
5.1278, 54.8112, -187.201
6.41065, -191.453, -815.221
3.42484, -385.654, -470.493
5.72673, 244.602, 512.818
3.42178, -689.568, -343.189
3.31214, 63.9456, -88.3342
2.65594, -181.935, 850.512
7.42716, 130.371, -665.649
4.04559, -331.881, -717.46
4.11075, -670.66, -295.389
5.51155, 287.692, -232.872
2.89107, -329.515, -922.895
3.93936, -20.0699, 90.0336
5.79307, -123.511, -493.222
7.36348, -993.417, -349.066
7.27758, -363.174, -796.393
7.42745, -670.433, -288.656
7.30478, -913.98, -763.809
3.0073, -558.681, 568.38
3.71505, -125.84, -490.793
6.91151, 99.0155, -433.452
5.28805, 340.582, 700.971
6.7669, 802.934, 515.988
7.49145, -536.092, 523.925
3.99751, -257.995, -482.049
6.33157, 978.915, 488.084
4.81901, 284.325, -143.543
6.8168, -636.273, -793.206
6.99018, 860.664, 5.00014
7.377, 258.015, -416.627
2.77405, 660.554, 79.8494
6.32605, 948.605, -617.424
5.09219, -933.709, 739.376
3.46574, 928.313, -239.836
6.98252, 195.756, -543.335
6.38492, -831.905, 98.1049
2.75968, 415.945, 541.325
7.47331, -854.268, 765.555
5.93659, -3.03331, -459.239
5.94854, 888.149, 496.771
6.57666, -657.268, 820.133
7.05426, -36.786, -436.55
3.34218, -201.385, 404.301
5.24183, -580.194, 804.09
6.53351, -483.349, -251.972
4.17803, 321.219, -532.869
5.53435, -102.701, 38.2977
6.59602, -952.745, 334.07
7.3485, 83.7686, -246.611
6.29349, 584.794, 493.048
3.72113, -182.843, -92.8979
5.80589, -572.194, 403.54
4.21574, -448.155, -186.678
7.27146, 376.039, -396.306
2.60828, 803.648, 555.758
4.54979, -891.9, 946.79
2.55789, 589.098, -672.144
3.04964, 841.116, 200.015
5.28259, -849.602, 91.8007
4.45466, -30.1669, -235.774
7.20539, 117.905, -182.668
2.55572, 179.305, 395.51
6.22897, -223.359, -435.667
3.84293, 110.106, 128.035
4.27153, -676.056, -761.542
3.45835, -464.608, 617.251
5.14832, 295.83, -169.858
4.39478, -58.3243, -855.396
3.16407, -12.7022, -802.835
4.26563, -125.421, -565.284
4.2497, 783.851, 985.696
7.41084, 609.679, -122.102
5.25961, 150.769, -381.426
4.99918, 13.5569, -714.25
3.58531, -834.628, 457.122
4.37311, -232.337, -651.483
6.78251, -664.054, -469.973
6.45578, 789.657, -510.854
3.9204, -491.5, 929.035
5.07645, 437.409, 100.742
6.79238, -293.624, -25.0005
7.07844, -944.221, -172.587
7.48941, 136.465, 916.486
6.53177, 173.993, -195.638
5.22718, -902.241, -185.12
7.3461, 149.891, -737.184
5.31931, -585.213, 362.637
4.03031, -415.953, 660.031
5.41853, 966.663, 953.073
2.91197, 55.5781, -331.85
5.47382, 351.98, 623.549
3.31968, -598.635, -591.66
6.46527, -609.359, -436.979
2.95373, 579.056, 740.621
6.3072, -505.387, -679.768
6.83996, -220.179, 32.3988
6.40105, 191.912, -334.359
6.61399, 908.597, 970.072
6.70974, 372.54, 553.285
4.48328, 531.413, 256.321
6.508, -159.182, 170.355
6.56811, 380.681, -44.1
5.43493, -409.869, 101.222
4.64621, 796.01, -50.1577
2.5002, -67.4831, -479.122
5.31153, -815.322, 316.699
6.22632, 336.157, 355.113
3.89846, 966.597, 294.696
2.93406, -986.865, 565.056
3.5733, 853.465, -880.752
3.93296, -492.756, 556.259
4.86595, -406.683, 475.247
6.95893, 845.29, 819.876
5.91955, 508.425, -500.847
3.54376, -50.4924, -65.9963
6.67533, 794.245, 11.9962
7.09218, 939.872, 917.717
4.48244, -474.915, -701.208
6.37858, 541.819, 536.166
5.68161, -161.33, -90.5031
6.64746, 483.485, 291.812
3.40204, 558.409, -458.959
7.45927, 580.008, -765.711
6.70558, -151.133, -844.919
4.65177, 888.355, 266.027
4.38589, 596.725, 889.89
2.70802, 655.432, -505.699
6.80715, -806.756, -539.024
6.62116, 913.507, -904.65
6.25052, 15.0653, 732.867
3.55801, -165.2, 993.385
4.31029, -781.836, -192.228
4.43545, -591.289, -802.961
7.32918, 804.589, 638.514
6.5872, -168.265, 631.12
4.5755, -82.3121, 449.298
5.83759, 205.716, 183.779
2.52101, 477.231, 975.575
6.98048, -740.789, 252.728
3.68416, -343.474, 355.217
3.79415, 359.037, -95.8034
5.4939, 406.491, -707.463
6.89823, -842.205, 377.306
6.16299, -565.27, -591.867
6.0773, 913.381, 570.651
3.57724, -608.312, 481.069
6.30413, 678.645, -957.965
3.85351, -160.632, -560.267
2.75246, 667.074, 340.811
4.78866, 268.975, 245.696
2.58759, 449.008, -778.995
3.01129, 75.0284, -175.659
2.639, -129.934, 283.245
5.65921, -340.943, -515.729
6.34425, 86.0946, -247.815
2.74132, 525.629, -840.52
6.6924, -57.8599, -630.677
6.76899, -263.06, -320.225
6.57649, -445.038, 574.126
6.85188, 795.02, 405.576
5.27222, -633.784, -171.728
6.12646, -295.85, 59.4149
3.20424, -527.252, 936.672
6.6115, 600.065, -530.949
5.51185, 733.692, -197.324
4.93856, 508.88, -920.674
6.14942, -288.378, 952.919
4.05164, 757.582, -669.187
3.93925, -699.375, 353.969
5.45857, -953.009, 810.567
5.34055, 656.116, 885.537
5.41059, -928.54, -578.495
2.84132, -689.388, 283.195
4.34304, 152.328, -383.786
6.28475, -936.885, -575.957
6.35297, -447.574, -873.433
4.27217, -394.054, -252.445
5.98913, 242.9, 932.428
5.08005, -681.733, -302.476
5.94494, 391.272, 132.034
6.18066, -82.1351, 615.78
2.56231, -343.495, -675.04
7.16549, 607.751, -122.65
5.37826, 133.51, 126.419
3.05587, 459.579, 974.574
4.87388, -108.67, 25.9248
3.24247, 174.602, 95.4947
4.22594, 50.9794, 449.646
7.04476, -932.889, 184.762
4.54571, 15.2685, 516.657
5.96642, -679.471, -77.1376
3.35865, 382.342, -936.763
6.21715, 893.495, -507.519
4.16319, -423.935, 641.638
4.62157, 667.543, 311.542
2.79523, -137.311, -114.888
5.09005, 282.412, -239.261
5.94425, 474.479, -581.368
5.01149, -253.62, 19.8997
6.56617, -169.161, -751.333
3.07974, 81.8553, -939.319
5.24841, 267.402, 465.437
5.06046, 411.368, 21.3017
6.02649, 953.966, 441.601
5.65083, -237.204, 889.211
4.0207, -24.5406, -634.642
6.74719, 400.071, 371.8
3.39619, 602.554, -20.56
2.61737, -530.512, -100.259
4.19467, 739.834, 53.8469
3.43818, 351.009, -85.4049
6.60467, -286.555, 189.426
6.72507, -895.619, -156.925
6.78031, 847.263, -720.684
7.37454, -954.427, 641.857
2.99587, 469.974, -448.362
2.56182, 564.493, 656.808
2.58614, 220.611, 584.546
2.64527, 252.115, 95.1775
4.1031, 151.837, -391.652
6.17815, 627.596, 302.548
3.14876, 361.123, 476.286
2.5161, -368.069, 507.283
6.91905, 139.142, -790.897
3.70482, 231.377, -574.475
4.38481, -820.893, 760.517
4.44879, 610.451, 185.991
2.81534, 595.954, 295.032
7.30792, 183.694, 958.129
3.75349, 726.741, -338.297
6.85376, -680.133, -59.3383
2.85991, -918.713, 427.133
2.70653, -624.436, 577.366
3.46378, 362.713, -523.608
3.86708, -310.481, 302.866
7.4007, -953.143, -365.582
3.60607, 324.845, -538.785
6.43119, -875.777, 856.332
4.42306, 301.038, -422.184
3.78593, 480.055, -637.012
3.91087, -947.367, 65.5644
7.33834, 868.386, -34.2917
4.22841, 768.223, 172.372
3.45922, -984.058, 737.79
5.05037, -548.187, -376.641
5.21857, -557.949, 634.494
5.72333, -637.772, -615.583
3.89738, -10.306, 788.277
3.41887, -296.598, -719.829
2.71579, -845.146, 374.852
3.98408, -502.44, -264.257
4.25548, -231.535, 140.737
7.09372, -421.351, 727.242
5.81225, 506.518, -363.064
5.08041, 866.792, 586.057
4.03763, 616.117, 588.181
3.0007, -352.91, 155.251
3.47502, 380.008, -880.925
4.11407, 31.4534, -131.933
5.56182, 964.523, 86.6774
5.13511, 961.129, -984.236
3.45653, 257.209, 285.011
4.7178, -647.09, -427.515
4.48693, -709.651, 854.981
6.28051, -607.1, 744.808
6.6213, 736.861, 602.62
5.51573, 142.106, -344.32
3.04573, 610.05, -829.185
4.11797, 487.149, -165.389
5.03403, 8.36429, 318.679
4.76521, -648.236, 798.962
4.77315, -181.098, -460.583
4.91125, 918.074, 910.609
5.07896, 369.482, -651.289
4.50207, 199.852, 819.903
4.22945, 963.052, 484.791
6.64533, 929.881, -240.993
3.02204, -732.726, -798.547
6.40057, 586.343, 568.616
3.19919, -297.609, -239.43
2.62171, -800.368, -516.523
6.0664, 406.998, -755.092
7.15538, 154.53, -822.558
7.47667, 181.884, 174.72
3.86264, -881.868, 152.915
3.6923, -475.683, -255.396
3.87328, 963.138, 620.079
5.70836, -908.905, -731.009
5.17637, 310.657, 155.778
6.8967, 835.829, -297.057
6.75968, -666.105, -838.906
2.98004, 909.047, -35.9421
4.66818, -750.189, 199.92
3.17045, -205.399, -757.498
5.86802, -162.775, 314.711
5.34964, -53.4933, -479.529
3.66474, -623.624, 563.588
5.50306, 266.607, -689.612
2.6551, -803.42, -28.1307
7.08512, 568.771, -312.172
3.82958, 863.794, -178.284
6.50016, -184.714, -509.557
5.46389, 168.793, -723.682
5.0822, 356.855, 618.728
5.2567, 319.889, 643.858
3.47225, 506.67, -233.644
5.36152, 121.906, -743.236
3.81992, 213.654, 402.675
4.41648, -765.402, 539.69
2.73626, -754.987, -897.568
4.22823, 587.754, -671.312
3.61594, 677.959, -436.288
3.81264, 17.1263, -737.062
3.05141, -430.042, -402.464
7.40088, -705.798, 19.9915
5.93794, 795.495, 639.286
5.82158, -547.695, -381.182
5.99501, -601.813, -673.026
2.68746, -833.452, -775.034
3.6706, -629.086, -745.761
3.95397, 718.053, 693.925
3.50543, -38.9606, -259.199
2.7177, 375.13, 333.162
2.56571, -530.13, 520.194
6.07297, -527.437, 765.532
6.88348, -872.176, -629.252
5.35088, -887.195, 270.597
6.92743, 865.833, 870.294
5.20042, -356.584, -280.005
3.31357, 929.921, -647.511
3.30492, 967.014, 440.41
7.19182, 318.899, 287.354
3.45628, 554.07, -852.408
3.15761, -3.54466, -106.517
4.41122, -314.639, -5.47805
6.12674, 257.906, -264.961
2.50651, 540.561, 873.577
4.60222, 23.1792, 736.573
5.18984, 307.584, -214.077
4.86596, -238.724, 247.238
6.33003, 543.466, 871.623
2.9396, 555.02, -469.198
7.04284, 133.986, 323.758
3.20818, -875.935, -395.896
2.54782, 435.616, -51.5792
2.82267, 238.848, 523.479
4.96742, 381.782, 222.452
5.40914, 531.641, 982.624
4.03373, -948.517, 544.799
4.57091, 915.371, -69.5399
4.33401, -574.75, -688.729
3.42687, 184.626, 668.734
2.76788, 640.55, 163.154
4.47222, 541.181, -65.4171
3.98388, -347.903, -132.11
5.05388, -396.238, 820.669
3.75392, -700.2, 230.224
5.01589, 964.446, 885.253
2.51168, -14.8901, 796.327
7.01807, 996.448, -448.169
2.79181, -906.179, -947.983
5.17506, -687.948, 805.077
3.95754, -383.129, 874.762
7.3023, -813.361, -273.529
4.73406, 319.915, -109.194
5.08479, 894.504, 167.792
5.93861, -255.887, 18.3783
2.72187, -160.617, 75.9053
7.2946, -798.025, 606.767
5.70852, 363.737, 155.497
2.80215, 629.842, -780.719
3.33964, 48.8206, 268.122
5.76491, 487.586, -249.029
6.19864, -769.475, 339.23
3.57011, 859.626, 201.272
4.31441, 157.135, -873.908
6.56981, -648.073, 934.584
5.32057, 807.784, -470.61
7.45886, -41.3131, -897.081
6.5669, -763.636, 397.241
3.49157, -993.62, -22.9791
2.50003, -160.491, -852.631
4.62608, 942.985, -776.486
4.07406, 835.256, 195.985
5.56218, 606.816, -933.55
3.83351, -202.258, -544.145
4.39881, -595.019, -61.3086
5.43397, 964.661, 297.905
5.95636, -141.485, -514.836
7.26736, -459.013, -571.662
4.89785, -292.891, -954.267
3.60319, 376.268, -730.067
5.33741, -724.43, -447.383
6.09873, 432.49, 364.078
4.4953, -491.442, 561.335
3.48326, -690.545, 990.219
6.66971, -674.133, -758.208
5.59561, -448.864, -869.683
7.26866, -294.107, 172.936
3.23222, -14.3554, -279.186
5.38953, 40.382, -459.797
7.26796, -392.463, 722.158
3.62331, 720.636, -978.341
7.25137, -491.424, 806.495
3.07874, 797.622, -517.902
2.58372, 29.7212, -261.718
3.90465, -354.801, -169.783
7.15042, 646.062, 168.752
3.04796, 747.06, 872.049
6.77266, 30.0955, 829.57
5.68532, -726.295, -732.098
5.63853, 409.2, -711.697
3.80589, 725.909, 744.447
5.13936, -950.941, 219.521
7.16608, -269.291, 912.207
3.98055, 923.13, 101.773
4.78006, 156.013, 455.796
6.35659, -656.489, -620.284
4.17193, 100.299, 116.701
6.31775, -39.5622, -943.291
6.65892, -30.1, 942.965
2.64618, -725.142, 568.242
4.31315, 715.183, -267.554
4.16221, 283.363, 461.259
3.17675, -518.908, -303.993
3.00839, -306.553, 623.615
5.11327, -609.846, 814.894
3.52046, 30.6513, -534.166
5.00728, -866.923, -630.993
5.1371, 2.46962, 961.667
4.13422, -268.767, -292.921
4.75888, 226.224, -444.878
6.85263, -7.38677, 984.812
4.72884, 645.382, 865.221
6.03726, -458.83, -919.187
6.83171, 914.79, -699.202
6.5822, 870.021, 220.84
2.67504, 895.227, 837.805
3.8644, -653.783, -236.574
5.21858, -422.697, -430.805
3.19942, -990.139, -544.672
5.57408, -778.692, -935.944
3.29182, -691.784, -605.461
4.41129, 99.1036, 221.098
5.94997, -94.3743, 189.461
3.21128, -389.307, 461.018
5.65284, -785.006, 794.103
3.15973, 199.115, 936.242
7.13583, -740.624, 252.345
5.53465, -939.204, 784.783
5.50388, -922.064, 371.055
3.33635, 594.675, -527.365
3.301, -863.665, -401.179
5.91628, 623.635, -29.7244
5.1456, -714.368, -13.7747
3.65264, -132.415, 810.658
6.55373, -502.315, -58.1574
5.76477, -420.351, -560.661
4.08597, -552.992, -584.607
2.53953, -262.476, -815.732
3.49176, 730.168, 739.94
3.78831, -8.42908, 381.97
3.03825, 890.845, 38.6933
3.49545, 132.222, -434.871
6.75079, 803.762, -771.904
6.63912, -984.656, 210.724
6.76813, -960.32, -552.59
5.71027, 285.89, 779.559
3.6787, 727.351, -987.954
6.80638, -502.653, -809.568
5.4745, 36.7727, -102.649
2.52745, 507.069, -30.3135
6.84925, -662.065, -473.198
7.37729, 649.796, 106.396
5.59653, 379.056, 13.7063
3.85574, -942.356, 380.325
7.46973, -159.4, -634.352
4.60751, -723.113, -529.782
4.20537, -794.709, -615.327
4.80717, 363.83, -137.517
4.44822, 264.254, -379.44
4.613, -50.0553, 515.381
2.84879, 131.806, 287.632
5.5153, -57.6092, -127.059
7.36114, -49.719, 230.756
5.07406, -696.83, -535.509
7.45461, 955.353, -137.478
5.84906, 627.159, -146.789
4.01716, -605.701, 70.515
3.47371, 874.891, 566.779
4.0109, -710.009, -937.035
4.93946, -334.964, 461.237
4.72438, 531.682, 982.821
5.7844, 319.886, -941.192
3.74227, -779.799, -669.085
4.72007, 54.8662, 555.779
5.75894, -691.916, 53.3656
6.67472, -713.938, 188.99
6.03698, 198.032, 818.042
4.93928, -871.091, -602.958
6.72039, 399.741, -238.887
7.00296, -499.672, -184.087
6.33082, -651.146, -526.267
5.29453, 628.932, 848.878
2.70603, -18.8918, 88.9698
5.46749, 564.145, 65.6266
2.68674, -680.264, 826.861
4.53488, 23.429, 437.001
2.84243, -975.989, -881.885
7.38558, -777.544, -882.462
2.5956, -517.098, -233.769
6.60363, -158.994, -271.12
5.2195, -376.199, 877.263
5.72828, 791.623, -332.635
3.62934, -260.746, 56.1145
2.733, 828.746, -695.319
3.63154, 214.335, -555.751
4.58371, -633.585, 135.168
6.40126, 265.908, -631.738
3.72852, -922.44, 387.709
4.81411, 658.496, 89.1668
6.14756, 928.796, 291.158
5.35237, -330.497, 815.785
5.45997, 928.701, 923.429
4.98425, -943.277, 280.941
3.951, 493.292, 109.638
4.71107, -4.08981, -226.708
2.53669, 854.475, -396.126
7.41683, 495.878, -358.792
2.52822, -809.638, -146.572
4.8676, -99.9877, 735.925
5.86497, -310.477, -122.064
