6.27803, -723.873, -830.446
3.5948, -7.77297, -147.489
5.89648, 363.05, -834.924
5.09708, -233.471, 829.552
2.76731, -923.894, 654.39
2.53849, 335.246, 12.8407
4.58743, -746.449, -226.949
7.15218, 163.979, 378.649
2.95982, -12.3975, 679.326
6.00595, -159.83, 257.456
3.81226, 576.577, 815.139
4.14117, 468.126, -827.696
7.45519, 416.712, 217.206
7.41275, -517.181, -266.06
5.75759, 446.55, 397.942
6.92354, 246.021, -769.668
6.33247, -212.046, -494.206
3.87453, -507.716, -86.4724
4.93259, -630.618, -292.509
2.80282, 786.512, 766.023
5.08146, -6.49859, 675.113
4.96988, 863.801, -394.23
7.23882, -702.606, -505.276
4.42071, -63.537, -771.569
5.14874, 792.121, -483.441
2.75042, 756.645, -21.5277
6.63909, 514.321, 517.249
5.94228, -795.004, -673.164
6.18112, 277.774, 720.461
6.94286, 889.198, 448.297
4.25508, -351.469, -535.496
6.72991, 187.767, 6.30883
3.84659, 551.569, -119.051
4.83959, 52.8852, -198.351
3.2686, -635.211, -469.038
2.66527, 586.23, 170.326
7.2768, 2.88144, 70.0694
6.95369, 126.864, 435.352
3.29884, 588.475, 186.106
3.15214, 429.696, -552.117
2.515, -449.414, -772.36
6.0491, -795.792, -190.198
3.40448, -486.47, 783.004
5.76029, 755.652, -295.003
4.42907, 410.032, -705.144
3.23766, 55.0269, -180.844
5.45054, 605.546, 69.1528
3.24076, 178.459, 838.821
3.2091, -154.305, 876.895
4.94257, -441.016, 101.121
3.13015, 806.89, -29.2983
5.64635, -302.743, -545.149
5.60817, 263.717, -656.376
4.88216, -521.68, 566.71
2.64188, -418.98, -174.32
3.21011, -62.6287, 648.701
3.15594, -209.984, 798.995
3.31099, -765.37, 711.279
3.76529, -228.672, -742.427
4.77654, 554.427, -688.304
6.54472, -75.7265, -275.488
3.57624, 289.778, 724.578
3.75063, 732.693, 363.952
5.02978, -112.605, 672.363
6.27922, 579.929, 150.547
5.66369, 787.445, -48.2899
5.9449, 588.986, -129.639
7.27207, 886.026, 432.237
5.18713, -420.278, 658.117
4.57014, -673.328, -2.86542
4.70019, 684.67, 149.179
6.07821, 685.103, 440.29
6.20858, 352.288, 554.732
5.12494, 725.266, -900.635
6.06711, -779.922, -96.0413
5.91025, 351.424, -11.0455
6.82941, 803.125, -555.404
3.19597, -13.8745, 682.687
3.57766, 855.245, -152.353
5.0733, -321.048, -147.737
4.83766, -73.7356, 650.561
3.55759, -235.697, 605.986
5.65244, -650.982, 903.25
2.5044, -867.237, 173.782
4.09589, 399.956, 487.208
5.90281, 324.033, -67.4033
6.0446, 621.047, -536.751
2.90869, -753.177, 588.361
3.56926, 264.614, 437.701
4.44412, -766.3, -549.084
4.44927, 821.566, 820.097
3.92018, 349.12, -456.83
4.6123, 512.395, 491.293
2.55658, -612.372, -467.928
3.72027, 852.743, -672.524
4.49072, -697.976, 603.338
6.64177, -708.769, 222.203
3.78584, 803.502, -694.964
3.59705, -698.858, -489.251
6.47385, 317.061, 286.081
5.8476, 434.955, 378.641
5.49108, -846.046, 261.662
5.99917, -337.451, -515.684
5.13062, 534.924, -703.904
4.14833, 218.82, 128.967
3.30844, -752.6, 322.832
6.56633, 665.011, -1.77444
4.08004, 409.747, 200.334
4.05369, 5.59958, -708.396
4.65424, 50.8471, 129.802
4.46509, -158.806, -533.969
4.43916, 55.6074, -164.258
4.34871, -684.738, -496.129
5.88118, 317.943, -491.623
6.10384, 330.723, 23.0499
7.20082, -48.3048, 843.466
5.08573, -71.0912, -417.965
5.5282, -158.407, 291.406
5.85049, -626.056, 864.683
5.11404, 50.8198, -212.374
3.87105, -866.245, 622.941
7.08924, 160.463, 306.073
3.73367, 821.482, -442.838
4.77876, 322.935, 570.868
3.30374, -860.654, 615.046
4.68319, 296.266, 286.697
7.45767, 424.276, 132.654
6.26931, -397.672, 381.984
4.97846, -839.323, -597.535
7.01651, -604.241, -692.473
4.68213, 493.836, 476.744
5.09239, 135.295, -865.929
4.44866, 107.036, -730.128
5.63431, -166.379, -521.748
5.19331, 322.873, 261.148
4.35955, 607.515, -452.941
2.54674, -316.897, 322.967
6.3794, 23.9927, -678.025
2.85317, -817.156, -554.082
3.98511, 377.485, -674.995
4.78581, -41.9842, -740.552
3.25156, -98.941, 7.16734
5.97819, 613.991, -405.3
4.15587, 376.78, 142.484
5.21197, 891.515, -791.228
2.64678, 717.387, -878.747
5.38086, 55.0022, -199.333
5.18133, 301.485, 446.539
7.36678, -721.997, -842.954
5.57063, -297.403, -528.564
5.26431, -714.208, 195.95
6.69051, -254.122, 832.96
3.75764, -458.304, 812.599
6.98957, 579.564, -129.415
5.97428, 516.253, -465.117
5.82752, -447.68, -59.1928
3.06838, -644.358, -679.171
3.37987, -857.156, 108.787
2.91253, -131.284, 157.876
6.68103, -189.922, 294.801
2.64818, 878.416, -685.857
6.34719, -56.2471, -770.734
4.29829, -485.55, 762.419
6.24626, 33.6407, 519.575
6.28385, 325.049, 281.794
3.60834, -506.371, -815.603
5.58305, 282.473, 120.25
3.66846, -492.874, -238.427
6.22052, -715.943, 248.38
5.80997, -815.063, -652.625
4.9209, 853.664, -656.507
2.58972, 832.486, 149.492
4.98291, 430.796, 133.066
5.09587, 13.3588, -795.606
4.71395, -802.173, 459.782
4.14528, -73.2894, 863.69
3.52671, 452.23, -78.4351
7.19863, -182.095, -476.991
2.85168, -529.534, 788.001
3.30042, 49.4585, -728.498
6.70788, -675.672, -6.34287
4.13614, -189.751, -241.757
6.85942, 201.974, 386.044
5.99896, 623.517, 501.947
5.52801, 826.733, -192.535
4.77536, 41.3282, -181.794
2.91543, -506.891, -186.741
3.94883, 31.9879, -185.286
6.51009, -654.145, -730.291
6.81821, 338.712, 21.5004
3.81831, 372.221, -473.866
4.79881, -723.201, -258.648
4.95672, 535.004, -465.866
5.82344, -454.029, -877.345
7.31738, -597.785, -164.079
7.23022, 514.933, -702.82
2.81902, 230.138, -599.908
5.04829, -546.994, -229.459
6.13222, 679.131, 638.22
5.65882, 503.536, -260.684
3.26658, -852.315, -896.682
5.09652, -799.074, 458.612
3.52281, -493.84, 792.642
6.03231, 368.79, -802.624
6.05786, -472.102, -82.6108
3.66304, -490.946, -231.827
6.80594, 34.7731, -181.848
2.67122, -34.1122, 839.622
6.26587, -845.469, 110.585
4.14789, 557.002, 127.296
4.65309, 11.6566, -463.234
7.33455, 784.263, -190.004
4.05803, 712.796, 605.199
5.69762, 833.586, -680.484
5.95386, 801.744, -28.252
5.36403, 34.7557, 611.797
6.60667, 854.495, -650.504
4.21807, -830.543, -659.933
5.09387, -764.751, -655.453
6.78438, 104.66, -831.889
6.18587, 337.471, -23.6708
3.45992, -776.31, 352.104
2.83145, -282.465, 314.719
3.60828, 870.627, -697.695
3.33656, 20.0248, -199.188
6.31172, 358.677, -830.203
5.44905, -775.39, 319.576
4.65223, 804.612, 821.465
7.09618, 605.887, 10.3685
5.09668, 403.729, 142.509
7.38058, -650.395, -76.9556
5.15714, -434.867, 78.7238
2.98716, 336.798, 287.093
5.83983, 205.876, 122.055
5.44444, 177.228, -4.40886
5.01137, -650.955, -68.1773
2.75808, -814.181, 360.398
2.6753, -219.647, -25.3951
4.41484, -698.693, -492.569
5.55555, 203.935, 129.93
5.06574, 564.388, 796.695
5.98498, 366.581, -4.96051
4.89891, 74.9764, -219.467
3.88323, 46.4709, 424.686
6.01685, -427.906, 171.148
3.67701, 777.284, -36.8538
6.41501, 107.288, -190.352
6.60589, 271.1, 748.35
3.21842, -484.768, 34.1173
5.75757, -474.192, 736.019
3.87677, 830.089, -869.027
7.26215, -428.932, 623.659
4.58238, -688.358, -2.41869
3.03869, -121.901, 353.4
4.70633, -755.303, 527.984
6.28811, -362.703, -251.4
2.77803, -374.326, -241.882
3.51241, 14.2311, 89.8996
6.82305, 854.082, -710.784
6.52456, -238.168, -59.956
2.78861, -621.966, -593.054
4.40304, -27.7271, -629.522
4.56124, -99.0013, 683.084
2.80071, -324.702, 311.827
7.09746, 767.538, 583.129
3.35398, 596.846, 805.718
6.51634, -837.739, 199.927
3.88599, 641.233, 31.4145
4.44586, 165.412, 733.049
7.19936, 58.0673, 598.855
6.24573, 170.722, -207.505
3.44774, -363.163, 719.49
6.89581, 387.16, 460.24
6.8953, 386.975, -752.753
3.30515, -745.976, -211.094
5.87346, -763.572, -219.491
6.89096, 625.966, 147.516
6.98262, 262.05, 449.675
3.06535, -7.77606, 670.002
5.93789, -161.633, -218.313
3.21651, -749.887, -657.514
3.6901, 293.981, -15.7847
5.64383, 842.617, -184.127
4.312, 733.129, 363.35
4.64437, 591.951, 663.8
4.91936, -64.4891, -769.125
6.20379, -13.7046, -159.395
3.23098, -352.794, 761.29
7.36238, -730.349, -667.93
7.3158, -515.932, -235.679
3.14741, -524.324, 604.39
5.3784, -260.066, -552.334
4.66439, 62.8379, -156.868
5.50066, -245.949, -242.525
5.85098, -686.213, -34.8344
4.5137, 406.946, 910.022
6.46691, 641.169, 625.924
4.89889, -854.581, -222.18
5.72449, 326.81, 241.803
4.28836, -273.818, 606.966
5.96794, -294.534, -209.463
5.83428, -424.746, -649.517
3.22071, -450.667, 621.321
7.10415, -846.241, 179.872
4.22228, 33.9978, -164.616
6.66824, -390.273, -458.058
2.74349, 304.524, -661.017
3.27936, -267.947, 7.44826
2.55765, 332.42, 449.94
3.94327, 93.3326, 565.11
5.07295, -317.084, -144.181
3.65948, 649.172, 424.937
2.75022, -268.652, 2.70839
5.33091, -632.034, -706.874
6.69774, -125.257, 650.765
4.28763, -690.091, -492.664
4.3452, 160.269, 798.013
7.22226, 282.675, -59.2801
4.72425, -844.861, -189.866
6.82086, 404.319, 178.605
5.82654, -768.952, -696.1
5.79297, 147.188, 620.62
7.10736, -901.033, 902.822
5.11536, 843.454, -651.714
5.45229, 424.403, -434.992
5.79944, 685.357, 643.781
4.24765, 268.322, 453.673
4.11714, 331.416, 15.442
7.08984, -90.2259, 668.088
3.08619, 853.491, -428.839
7.31268, 557.013, -113.919
5.17978, 35.219, -173.907
5.81447, 694.276, 627.07
5.48362, 821.188, -471.132
6.93363, -508.86, -674.267
6.67999, -622.629, -550.46
6.69339, 243.252, 124.232
6.85642, -156.96, 283.062
2.5002, -794.319, 320.306
4.77274, 329.805, 279.247
4.25696, -840.619, 205.441
5.80713, -243.773, 669.668
6.22234, -851.975, 187.757
3.3821, -161.329, -502.681
7.4621, 829.006, -705.995
5.95466, -834.85, 200.039
6.97862, 170.477, -12.9177
3.51579, 291.521, -88.7378
7.2356, -466.654, -112.395
4.88476, 801.405, -462.961
6.78578, 864.353, -660.438
6.41237, -833.54, -538.304
5.70687, 854.701, -836.772
3.14521, -707.923, 228.775
5.77944, 0.57656, 708.985
3.09199, 62.1133, -16.3127
3.88793, 268.734, 715.823
6.65548, -252.257, -263.957
6.14153, -711.047, -495.722
6.74348, -613.092, 281.416
3.43989, -708.289, -852.079
6.09602, 533.509, -307.236
4.25586, 135.3, 273.218
3.34555, -413.788, -628.354
4.52383, 276.95, -569.015
4.20924, 151.126, 698.64
6.67141, 316.891, -71.8706
3.9111, 725.102, 623.916
5.16766, -633.512, -462.643
6.25085, 855.254, -837.354
4.62554, -626.359, -745.587
4.66964, -471.881, 582.033
3.03022, 809.675, -911.599
6.4639, -92.3581, -425.715
3.91232, -680.135, -480.77
7.14264, -476.801, -219.622
5.37926, 263.535, 446.595
3.4895, 740.065, -317.774
5.99081, 527.951, -698.79
3.07265, 422.495, -809.768
4.22945, 256.619, 711.225
4.15646, -468.687, -215.814
6.42735, 824.453, -858.343
6.65775, 437.519, -175.237
4.21712, -710.393, 728.262
4.2603, -243.814, 824.247
6.38197, 114.149, -694.303
6.58658, 20.6918, 708.296
4.26157, -211.418, 297.373
7.09559, -393.696, -255.709
3.2877, 475.709, 216.07
5.56029, -429.482, 654.465
5.54222, -451.301, 621.615
3.16647, -224.076, -664.1
3.51409, -708.749, -504.08
4.79457, -785.258, 525.915
3.48759, -454.952, 799.21
6.77118, -809.903, 315.61
6.54562, -734.828, -622.906
2.80131, -847.881, 773.325
6.50584, -687.349, 618.802
5.49597, -162.75, -477.84
7.43182, -845.064, 257.412
2.65919, -80.5107, 696.814
6.8356, 879.704, -699.676
3.69109, 581.365, 272.223
3.6127, 215.924, 356.44
4.73907, -836.742, -534.713
2.61231, 860.914, -173.894
6.79755, -249.036, -22.1093
4.15902, 248.089, 485.909
5.72195, 350.773, 309.766
7.43521, -823.758, -576.064
5.30162, 290.704, -528.983
4.74553, -755.809, -186.609
5.213, 117.896, -715.189
2.90797, 793.373, -26.8678
3.99606, -747.533, -214.635
6.63964, 763.951, 573.949
6.48936, 572.301, 791.789
5.71048, -76.0791, 672.991
4.84105, 593.312, 315.195
7.15326, -147.301, -496.52
5.08798, -237.742, 10.188
7.42924, 788.838, -487.6
5.94567, -24.6585, -659.009
6.19966, -159.58, -503.8
3.46323, -415.516, -827.978
6.08881, -510.738, 564.954
6.11146, 601.258, -89.3141
6.49298, 280.736, 147.233
4.23216, 245.642, -897.635
5.1481, 41.2658, -169.581
3.19001, 716.073, -345.545
6.73218, -248.144, -259.641
6.32766, -17.9695, -766.213
7.5, 841.089, -453.593
4.24891, 498.527, 915.603
5.50367, -462.4, 586.383
3.50808, -476.51, 39.5422
6.2385, 33.8653, 117.608
6.49225, 854.257, 230.163
3.03505, -680.192, 101.427
5.35813, -466.927, 20.839
2.84683, 344.041, -373.405
4.16036, 653.15, 611.956
5.80945, 423.18, -668.005
5.27726, 95.8199, -180.48
7.12415, 223.902, -5.37677
2.69832, -421.289, 155.687
2.62083, -254.209, 175.714
4.61923, 256.721, -610.712
4.36987, 398.972, 175.049
2.93303, -257.762, -266.882
3.05403, -94.9963, 160.277
5.31992, 342.019, -365.486
7.37269, 22.529, 699.736
3.05066, -40.2991, -743.623
5.99352, 106.577, 859.558
2.79674, -56.347, -630.391
4.69755, 782.15, -40.2272
5.24651, 908.844, 680.649
3.45129, 642.318, -704.248
7.36597, 363.861, 316.535
3.19593, -629.593, -91.5092
5.48978, 804.372, -459.289
7.12812, -807.999, 706.138
3.91116, -40.8326, 852.159
6.8307, -124.311, -93.9796
6.29598, -214.523, -524.632
6.10793, 329.971, 584.014
3.34241, -318.721, 315.354
3.32882, 773.496, 368.796
3.39076, -650.077, -886.377
5.87226, 292.819, -538.759
4.83484, -230.578, -31.5185
6.85219, -744.556, -355.174
5.76023, -649.53, -68.853
5.80464, 748.724, 807.347
2.58037, -626.426, -563.512
4.30596, -734.399, -678.388
3.72747, 826.326, 104.482
6.93086, -872.968, -859.294
5.23701, 820.273, 790.806
6.57209, -35.0286, -639.558
5.24453, 160.153, 826.33
4.16156, 463.377, -73.3156
4.40213, -50.2949, -605.046
2.52389, 850.995, 578.864
6.95226, -64.3429, -409.425
6.16955, -432.848, 658.134
6.04239, -84.7958, 689.749
5.1278, 54.3087, -211.653
6.41065, -124.416, -743.217
3.42484, -408.426, -406.99
5.72673, 247.967, 489.37
3.42178, -594.047, -255.33
3.31214, -16.7467, -91.2679
2.65594, -218.023, 816.568
7.42716, 149.573, -693.243
4.04559, -285.823, -628.308
4.11075, -615.522, -295.676
5.51155, 261.966, -152.737
2.89107, -297.767, -850.802
3.93936, -0.0316784, 87.352
5.79307, -155.293, -474.59
7.36348, -852.768, -364.539
7.27758, -361.119, -715.215
7.42745, -592.052, -265.854
7.30478, -803.134, -635.233
3.0073, -465.78, 582.555
3.71505, -146.813, -479.483
6.91151, 132.084, -339.285
5.28805, 338.675, 545.475
6.7669, 765.481, 551.191
7.49145, -504.927, 574.212
3.99751, -147.391, -533.018
6.33157, 872.42, 450.677
4.81901, 279.841, -165.225
6.8168, -610.815, -695.358
6.99018, 807.686, -99.6165
7.377, 240.229, -407.737
2.77405, 608.157, 145.154
6.32605, 861.256, -672.971
5.09219, -863.834, 734.257
3.46574, 889.407, -153.72
6.98252, 228.899, -544.658
6.38492, -787.334, 111.786
2.75968, 357.647, 514.212
7.47331, -773.94, 709.887
5.93659, -82.0007, -426.677
5.94854, 836.847, 490.26
6.57666, -604.33, 751.059
7.05426, -88.0389, -403.044
3.34218, -177.185, 285.064
5.24183, -608.529, 759.887
6.53351, -495.516, -220.69
4.17803, 316.82, -492.768
5.53435, -100.824, 20.2765
6.59602, -784.853, 328.81
7.3485, 36.8854, -181.579
6.29349, 570.767, 534.589
3.72113, -126.905, -95.6434
5.80589, -576.056, 345.432
4.21574, -516.718, -249.956
7.27146, 335.515, -341.467
2.60828, 754.916, 518.436
4.54979, -866.507, 875.391
2.55789, 538.157, -716.531
3.04964, 823.328, 211.674
5.28259, -810.229, 122.308
4.45466, 75.5304, -213.539
7.20539, 108.573, -168.871
2.55572, 181.38, 408.369
6.22897, -163.976, -511.346
3.84293, 230.159, 117.405
4.27153, -612.41, -705.79
3.45835, -446.908, 628.397
5.14832, 321.415, -106.297
4.39478, -17.7616, -742.065
3.16407, -98.9008, -798.994
4.26563, -171.078, -472.816
4.2497, 766.479, 900.155
7.41084, 574.282, -137.547
5.25961, 152.58, -299.88
4.99918, 29.0482, -686.291
3.58531, -792.045, 300.297
4.37311, -208.806, -518.221
6.78251, -636.688, -460.733
6.45578, 804.616, -453.601
3.9204, -530.363, 784.835
5.07645, 389.488, 184.747
6.79238, -244.04, 43.3321
7.07844, -753.554, -197.331
7.48941, 173.31, 821.655
6.53177, 110.749, -181.22
5.22718, -830.342, -183.243
7.3461, 130.245, -726.112
5.31931, -559.09, 374.38
4.03031, -424.405, 644.79
5.41853, 826.674, 840.098
2.91197, 31.6101, -182.439
5.47382, 344.145, 523.466
3.31968, -597.938, -554.534
6.46527, -610.604, -472.403
2.95373, 605.194, 652.691
6.3072, -483.905, -669.918
6.83996, -241.76, -23.8415
6.40105, 114.738, -304.993
6.61399, 840.445, 800.451
6.70974, 332.552, 557.917
4.48328, 461.362, 207.266
6.508, -135.314, 157.974
6.56811, 331.219, -4.25126
5.43493, -391.478, 75.2738
4.64621, 768.684, -9.06331
2.5002, -74.0411, -394.443
5.31153, -796.755, 323.467
6.22632, 318.429, 261.467
3.89846, 846.02, 252.623
2.93406, -866.493, 524.529
3.5733, 878.62, -837.247
3.93296, -438.6, 639.462
4.86595, -384.074, 467.712
6.95893, 851.592, 805.785
5.91955, 502.864, -473.512
3.54376, 20.7186, -117.705
6.67533, 748.468, -39.6717
7.09218, 889.371, 875.223
4.48244, -516.833, -662.504
6.37858, 520.744, 512.616
5.68161, -128.262, -105.291
6.64746, 406.581, 202.435
3.40204, 488.852, -455.742
7.45927, 537.821, -693.859
6.70558, -137.223, -745.048
4.65177, 807.861, 215.162
4.38589, 540.197, 792.07
2.70802, 548.34, -492.578
6.80715, -636.607, -468.982
6.62116, 870.525, -824.72
6.25052, 1.55911, 681.394
3.55801, -181.494, 854.27
4.31029, -746.014, -223.722
4.43545, -662.254, -698.887
7.32918, 726.186, 610.747
6.5872, -78.5704, 686.557
4.5755, -53.1328, 422.239
5.83759, 215.963, 109.631
2.52101, 490.118, 915.645
6.98048, -680.631, 199.608
3.68416, -342.498, 342.178
3.79415, 325.323, -185.388
5.4939, 399.297, -669.226
6.89823, -815.675, 322.752
6.16299, -636.353, -560.083
6.0773, 765.695, 587.641
3.57724, -554.229, 492.342
6.30413, 715.009, -917.054
3.85351, -154.288, -454.813
2.75246, 559.705, 253.346
4.78866, 366.645, 319.65
2.58759, 407.275, -655.143
3.01129, 20.7459, -236.131
2.639, -207.535, 292.503
5.65921, -376.4, -513.158
6.34425, 33.6994, -176.904
2.74132, 529.752, -754.203
6.6924, -31.0916, -638.212
6.76899, -219.602, -198.412
6.57649, -517.015, 561.225
6.85188, 779.217, 373.107
5.27222, -583.6, -178.927
6.12646, -244.658, -54.2539
3.20424, -463.4, 817.503
6.6115, 556.391, -473.632
5.51185, 642.798, -166.153
4.93856, 470.965, -839.239
6.14942, -210.129, 774.357
4.05164, 753.426, -638.647
3.93925, -714.732, 297.505
5.45857, -873.064, 706.428
5.34055, 561.541, 812.816
5.41059, -845.366, -512.243
2.84132, -689.052, 257.33
4.34304, 139.211, -305.339
6.28475, -826.21, -541.407
6.35297, -445.358, -814.175
4.27217, -398.483, -247.211
5.98913, 150.039, 817.432
5.08005, -605.957, -273.91
5.94494, 319.447, 136.731
6.18066, -83.8887, 665.838
2.56231, -309.468, -626.009
7.16549, 576.923, -134.844
5.37826, 150.935, 109.81
3.05587, 511.416, 871.251
4.87388, -96.0881, 3.39552
3.24247, 217.854, 90.1496
4.22594, 90.3055, 420.971
7.04476, -841.612, 223.151
4.54571, 42.4659, 514.774
5.96642, -614.757, -70.9743
3.35865, 371.675, -762.415
6.21715, 845.404, -436.299
4.16319, -432.956, 682.121
4.62157, 597.356, 283.214
2.79523, -222.549, -74.4868
5.09005, 248.137, -208.44
5.94425, 412.37, -535.289
5.01149, -256.837, -22.4196
6.56617, -178.705, -698.627
3.07974, 124.072, -859.584
5.24841, 286.81, 468.68
5.06046, 335.458, 37.4304
6.02649, 893.111, 441.377
5.65083, -274.121, 830.871
4.0207, -64.2672, -631.121
6.74719, 316.236, 258.157
3.39619, 574.764, -22.8574
2.61737, -441.019, -58.7327
4.19467, 662.946, 32.2143
3.43818, 333.157, -60.4229
6.60467, -254.844, 163.509
6.72507, -847.407, -195.952
6.78031, 865.637, -694.701
7.37454, -858.052, 616.664
2.99587, 396.147, -427.323
2.56182, 571.708, 599.859
2.58614, 254.462, 478.431
2.64527, 185.398, 133.671
4.1031, 155.676, -304.005
6.17815, 585.373, 291.632
3.14876, 301.761, 443.072
2.5161, -358.936, 444.541
6.91905, 120.525, -707.556
3.70482, 221.299, -513.186
4.38481, -815.031, 703.279
4.44879, 566.682, 138.789
2.81534, 590.077, 324.834
7.30792, 145.941, 809.423
3.75349, 710.277, -336.708
6.85376, -664.68, -51.6987
2.85991, -784.515, 329.163
2.70653, -537.901, 565.978
3.46378, 320.998, -499.787
3.86708, -298.93, 296.122
7.4007, -889.77, -342.21
3.60607, 341.211, -506.498
6.43119, -836.412, 799.749
4.42306, 221.045, -367.857
3.78593, 423.658, -612.945
3.91087, -829.166, 131.506
7.33834, 803.768, -36.301
4.22841, 658.687, 143.454
3.45922, -828.448, 714.58
5.05037, -541.282, -348.261
5.21857, -486.594, 560.516
5.72333, -618.55, -563.996
3.89738, -0.991584, 681.604
3.41887, -303.792, -613.394
2.71579, -810.595, 326.56
3.98408, -490.203, -256.693
4.25548, -230.05, 117.582
7.09372, -396.654, 678.452
5.81225, 483.494, -331.647
5.08041, 808.21, 547.76
4.03763, 530.504, 495.915
3.0007, -288.638, 127.534
3.47502, 328.225, -852.995
4.11407, 10.7864, -193.609
5.56182, 838.583, 103.61
5.13511, 895.237, -900.42
3.45653, 318.612, 242.908
4.7178, -722.2, -492.653
4.48693, -581.433, 745.259
6.28051, -592.233, 761.082
6.6213, 712.119, 615.534
5.51573, 109.385, -378.424
3.04573, 528.926, -695.002
4.11797, 438.612, -180.238
5.03403, 44.2128, 290.157
4.76521, -593.124, 760.263
4.77315, -161.344, -504.252
4.91125, 875.351, 872.368
5.07896, 346.56, -658.711
4.50207, 157.468, 799.055
4.22945, 819.96, 368.386
6.64533, 843.613, -178.974
3.02204, -603.45, -713.82
6.40057, 497.216, 473.96
3.19919, -278.32, -220.413
2.62171, -682.356, -490.679
6.0664, 362.182, -629.545
7.15538, 110.303, -716.452
7.47667, 253.619, 137.358
3.86264, -853.502, 177.293
3.6923, -469.482, -217.085
3.87328, 834.198, 590.979
5.70836, -802.403, -628.905
5.17637, 296.436, 156.328
6.8967, 743.461, -303.113
6.75968, -657.595, -700.664
2.98004, 752.324, -26.1103
4.66818, -686.839, 205.773
3.17045, -140.75, -701.771
5.86802, -178.084, 317.01
5.34964, -76.108, -441.398
3.66474, -460.151, 591.745
5.50306, 233.81, -607.876
2.6551, -671.519, 16.945
7.08512, 510.154, -289.155
3.82958, 859.429, -175.632
6.50016, -177.301, -473.551
5.46389, 106.218, -724.48
5.0822, 338.829, 524.657
5.2567, 339.01, 528.654
3.47225, 462.953, -210.057
5.36152, 103.381, -678.763
3.81992, 197.287, 374.735
4.41648, -781.686, 503.203
2.73626, -652.314, -860.912
4.22823, 540.069, -716.457
3.61594, 601.287, -406.33
3.81264, 22.288, -720.312
3.05141, -369.261, -457.74
7.40088, -677.547, -34.5709
5.93794, 708.568, 616.21
5.82158, -541.405, -343.309
5.99501, -594.108, -637.122
2.68746, -732.31, -667.513
3.6706, -617.893, -700.098
3.95397, 713.887, 612.184
3.50543, 48.6066, -253.106
2.7177, 301.606, 240.539
2.56571, -470.74, 585.576
6.07297, -482.299, 778.834
6.88348, -829.524, -571.062
5.35088, -843.887, 379.221
6.92743, 819.412, 816.374
5.20042, -403.326, -252.182
3.31357, 871.311, -693.985
3.30492, 938.727, 470.228
7.19182, 333.864, 287.679
3.45628, 499.72, -748.726
3.15761, -15.8403, -161.212
4.41122, -247.17, -26.6974
6.12674, 262.987, -156.26
2.50651, 563.039, 797.791
4.60222, -28.3109, 669.574
5.18984, 248.968, -188.042
4.86596, -214.35, 223.851
6.33003, 559.241, 801.45
2.9396, 481.541, -469.618
7.04284, 155.742, 301.951
3.20818, -771.01, -407.911
2.54782, 320.407, -18.948
2.82267, 265.955, 441.889
4.96742, 357.26, 222.542
5.40914, 490.613, 888.047
4.03373, -863.987, 542.568
4.57091, 793.197, -40.0577
4.33401, -627.4, -607.262
3.42687, 166.543, 622.832
2.76788, 586.296, 102.422
4.47222, 471.572, -49.1328
3.98388, -328.213, -189.443
5.05388, -377.831, 794.036
3.75392, -677.287, 183.446
5.01589, 877.774, 885.252
2.51168, -18.7626, 731.918
7.01807, 827.401, -449.727
2.79181, -871.14, -859.343
5.17506, -552.352, 748.967
3.95754, -368.063, 755.084
7.3023, -739.744, -219.519
4.73406, 316.869, -78.9426
5.08479, 775.897, 200.665
5.93861, -292.322, 4.0323
2.72187, -152.957, 27.0021
7.2946, -750.223, 574.211
5.70852, 370.29, 145.905
2.80215, 469.562, -649.578
3.33964, 116.417, 255.914
5.76491, 440.83, -197.683
6.19864, -784.048, 359.618
3.57011, 825.51, 216.648
4.31441, 133.346, -675.899
6.56981, -647.516, 881.537
5.32057, 806.751, -492.372
7.45886, -29.0101, -776.217
6.5669, -817.545, 317.586
3.49157, -893.904, -10.3998
2.50003, -114.522, -738.249
4.62608, 819.47, -716.614
4.07406, 796.099, 208.234
5.56218, 585.808, -857.706
3.83351, -170.414, -453.525
4.39881, -593.518, -94.2127
5.43397, 835.166, 262.362
5.95636, -130.584, -467.941
7.26736, -360.088, -514.956
4.89785, -311.135, -849.117
3.60319, 371.066, -627.312
5.33741, -642.977, -441.753
6.09873, 325.983, 289.919
4.4953, -519.584, 558.339
3.48326, -649.006, 904.638
6.66971, -611.184, -710.5
5.59561, -445.367, -818.185
7.26866, -262.911, 137.906
3.23222, 54.0525, -181.755
5.38953, -29.1859, -420.435
7.26796, -441.643, 635.384
3.62331, 684.318, -894.621
7.25137, -492.883, 737.104
3.07874, 813.843, -462.049
2.58372, 54.5134, -151.4
3.90465, -298.597, -128.981
7.15042, 550.941, 130.539
3.04796, 727.737, 806.379
6.77266, 32.6119, 659.827
5.68532, -640.658, -705.486
5.63853, 396.308, -667.686
3.80589, 707.867, 597.679
5.13936, -838.96, 134.241
7.16608, -257.365, 834.386
3.98055, 832.024, 75.3845
4.78006, 183.187, 356.902
6.35659, -629.401, -553.347
4.17193, 231.528, 114.257
6.31775, 16.5985, -799.838
6.65892, -18.5439, 847.294
2.64618, -721.79, 550.004
4.31315, 669.533, -246.005
4.16221, 257.238, 453.066
3.17675, -474.288, -232.253
3.00839, -256.096, 607.83
5.11327, -583.222, 734.523
3.52046, 35.8766, -483.73
5.00728, -829.841, -571.99
5.1371, -46.3319, 840.89
4.13422, -209.651, -243.132
4.75888, 270.197, -362.528
6.85263, -42.6146, 832.857
4.72884, 559.82, 812.014
6.03726, -476.827, -752.601
6.83171, 865.68, -684.414
6.5822, 802.89, 192.327
2.67504, 800.103, 780.028
3.8644, -614.25, -276.897
5.21858, -380.039, -432.024
3.19942, -854.602, -541.838
5.57408, -729.088, -847.659
3.29182, -603.57, -630.004
4.41129, 123.92, 207.829
5.94997, -110.992, 161.972
3.21128, -364.01, 442.684
5.65284, -809.727, 716.143
3.15973, 166.82, 794.616
7.13583, -686.226, 213.669
5.53465, -861.02, 721.509
5.50388, -777.626, 328.214
3.33635, 564.784, -467.633
3.301, -761.653, -419.22
5.91628, 591.933, -20.5496
5.1456, -634.545, -75.9942
3.65264, -115.251, 681.301
6.55373, -455.525, -65.0033
5.76477, -397.649, -526.674
4.08597, -611.018, -584.314
2.53953, -253.267, -752.113
3.49176, 741.789, 608.316
3.78831, 32.7092, 361.773
3.03825, 803.314, 9.23949
3.49545, 120.289, -374.949
6.75079, 794.128, -740.562
6.63912, -831.646, 172.961
6.76813, -789.926, -584.832
5.71027, 289.956, 739.965
3.6787, 686.551, -890.933
6.80638, -506.453, -718.903
5.4745, -31.9158, -147.307
2.52745, 506.015, -50.4833
6.84925, -639.289, -463.896
7.37729, 597.244, 161.124
5.59653, 323.993, 44.2174
3.85574, -804.825, 331.649
7.46973, -186.034, -499.178
4.60751, -626.694, -453.039
4.20537, -765.518, -579.366
4.80717, 297.979, -93.0234
4.44822, 228.141, -379.454
4.613, 27.4023, 507.287
2.84879, 159.671, 288.329
5.5153, 31.3093, -173.498
7.36114, -53.9822, 183.11
5.07406, -698.033, -504.987
7.45461, 826.167, -111.728
5.84906, 575.158, -126.44
4.01716, -591.492, 39.9196
3.47371, 772.172, 558.099
4.0109, -748.587, -801.262
4.93946, -371.509, 449.378
4.72438, 485.197, 898.077
5.7844, 372.235, -797.855
3.74227, -735.423, -676.736
4.72007, 30.2547, 500.41
5.75894, -653.188, -64.588
6.67472, -687.163, 240.888
6.03698, 159.097, 778.367
4.93928, -807.67, -603.259
6.72039, 374.886, -184.914
7.00296, -461.386, -221.17
6.33082, -715.167, -491.626
5.29453, 621.873, 876.289
2.70603, 1.77465, 83.1285
5.46749, 541.115, 95.185
2.68674, -613.854, 769.777
4.53488, 106.494, 414.912
2.84243, -884.11, -844.81
7.38558, -709.596, -817.145
2.5956, -519.765, -264.198
6.60363, -173.448, -236.367
5.2195, -370.662, 748.386
5.72828, 719.875, -314.74
3.62934, -232.062, -60.033
2.733, 872.215, -674.257
3.63154, 235.93, -541.833
4.58371, -638.388, 123.28
6.40126, 236.235, -605.221
3.72852, -786.37, 325.147
4.81411, 584.509, 104.008
6.14756, 868.014, 265.368
5.35237, -355.012, 770.559
5.45997, 880.95, 887.458
4.98425, -809.529, 232.7
3.951, 424.372, 147.251
4.71107, 52.2243, -182.629
2.53669, 810.349, -434.452
7.41683, 470.647, -327.995
2.52822, -733.185, -206.719
4.8676, -93.2303, 682.59
5.86497, -309.801, -180.868
