6.27803, -702.635, -661.474
3.5948, 79.0272, -169.569
5.89648, 363.158, -734.051
5.09708, -260.937, 744.705
2.76731, -833.386, 645.551
2.53849, 289.954, -10.5318
4.58743, -667.95, -207.596
7.15218, 217.895, 342.802
2.95982, 30.1191, 565.872
6.00595, -185.629, 209.859
3.81226, 602.471, 712.993
4.14117, 442.139, -723.021
7.45519, 344.693, 142.182
7.41275, -538.201, -260.821
5.75759, 349.33, 352.623
6.92354, 227.971, -675.093
6.33247, -146.568, -501.177
3.87453, -529.346, -117.43
4.93259, -512.408, -243.253
2.80282, 783.349, 795.452
5.08146, -79.6098, 609.434
4.96988, 723.976, -466.914
7.23882, -629.07, -484.408
4.42071, -5.35898, -618.636
5.14874, 791.401, -401.809
2.75042, 673.822, 35.4742
6.63909, 447.575, 459.959
5.94228, -695.341, -564.468
6.18112, 251.602, 670.026
6.94286, 791.289, 450.044
4.25508, -344.803, -445.493
6.72991, 203.976, -17.4455
3.84659, 511.797, -138.035
4.83959, 32.4922, -195.753
3.2686, -637.137, -500.714
2.66527, 499.721, 125.6
7.2768, 47.4466, 81.8097
6.95369, 139.714, 392.589
3.29884, 479.685, 105.246
3.15214, 384.486, -530.405
2.515, -421.369, -694.009
6.0491, -648.405, -205.635
3.40448, -456.497, 665.292
5.76029, 690.376, -291.491
4.42907, 384.71, -614.075
3.23766, 82.1381, -187.28
5.45054, 579.638, 13.8533
3.24076, 99.1503, 695.558
3.2091, -147.507, 749.981
4.94257, -407.303, 50.6568
3.13015, 697.756, -17.757
5.64635, -279.692, -464.897
5.60817, 223.629, -538.361
4.88216, -493.954, 546.866
2.64188, -380.408, -135.825
3.21011, 21.8995, 638.729
3.15594, -219.413, 758.117
3.31099, -762.942, 664.75
3.76529, -181.819, -636.605
4.77654, 490.349, -702.381
6.54472, -49.7304, -241.342
3.57624, 262.302, 663.152
3.75063, 662.785, 348.738
5.02978, -32.408, 625.423
6.27922, 535.218, 117.415
5.66369, 683.763, -38.1648
5.9449, 511.323, -120.391
7.27207, 777.434, 432.115
5.18713, -461.74, 557.7
4.57014, -573.8, -105.758
4.70019, 536.225, 119.401
6.07821, 617.956, 416.973
6.20858, 318.501, 427.133
5.12494, 690.511, -836.043
6.06711, -672.981, -128.064
5.91025, 350.999, 2.96295
6.82941, 773.747, -494.258
3.19597, -69.1657, 634.266
3.57766, 739.572, -222.421
5.0733, -273.306, -157.48
4.83766, 25.3222, 565.779
3.55759, -256.407, 602.459
5.65244, -619.464, 793.731
2.5044, -710.026, 193.436
4.09589, 298.153, 430.203
5.90281, 282.774, 15.4696
6.0446, 562.152, -477.731
2.90869, -700.02, 529.344
3.56926, 299.984, 408.763
4.44412, -716.422, -591.548
4.44927, 737.794, 741.545
3.92018, 304.315, -468.365
4.6123, 460.069, 467.721
2.55658, -662.353, -536.974
3.72027, 824.762, -642.981
4.49072, -657.769, 578.947
6.64177, -755.478, 267.768
3.78584, 768.605, -694.175
3.59705, -644.195, -479.525
6.47385, 286.639, 347.859
5.8476, 382.937, 353.269
5.49108, -725.26, 207.847
5.99917, -301.106, -486.542
5.13062, 466.914, -656.309
4.14833, 280.38, 91.9813
3.30844, -821.525, 236.86
6.56633, 566.932, 36.5651
4.08004, 329.181, 196.992
4.05369, -66.1899, -676.932
4.65424, 39.2135, 72.3385
4.46509, -204.751, -511.832
4.43916, 100.618, -170.908
4.34871, -588.395, -416.4
5.88118, 315.175, -461.957
6.10384, 265.482, -48.0736
7.20082, 4.37208, 741.887
5.08573, -115.07, -411.781
5.5282, -143.838, 254.594
5.85049, -582.135, 777.241
5.11404, 46.8467, -94.4568
3.87105, -745.69, 579.396
7.08924, 192.027, 316.549
3.73367, 733.796, -482.272
4.77876, 304.723, 392.176
3.30374, -776.165, 603.224
4.68319, 198.51, 251.263
7.45767, 328.286, 156.328
6.26931, -351.721, 377.675
4.97846, -693.062, -578.932
7.01651, -613.726, -636.608
4.68213, 493.229, 440.805
5.09239, 86.9927, -715.625
4.44866, 128.02, -541.836
5.63431, -103.303, -409.391
5.19331, 354.984, 193.16
4.35955, 530.887, -453.243
2.54674, -256.471, 263.234
6.3794, 9.0451, -629.827
2.85317, -715.943, -526.328
3.98511, 384.949, -649.911
4.78581, -41.8979, -627.204
3.25156, -95.1011, -14.9566
5.97819, 549.921, -383.437
4.15587, 324.137, 166.992
5.21197, 785.371, -744.506
2.64678, 671.49, -843.735
5.38086, 14.3877, -137.68
5.18133, 216.139, 411.73
7.36678, -677.518, -733.188
5.57063, -255.942, -470.387
5.26431, -706.735, 227.191
6.69051, -236.596, 721.128
3.75764, -466.938, 650.223
6.98957, 508.251, -134.266
5.97428, 505.112, -419.026
5.82752, -430.504, -101.403
3.06838, -638.757, -474.447
3.37987, -727.167, 211.632
2.91253, -96.1305, 115.858
6.68103, -118.1, 274.137
2.64818, 759.086, -641.988
6.34719, -28.3211, -635.681
4.29829, -436.622, 692.835
6.24626, 67.1822, 492.61
6.28385, 308.045, 149.545
3.60834, -464.477, -694.702
5.58305, 229.512, 122.411
3.66846, -383.557, -222.206
6.22052, -687.592, 202.934
5.80997, -686.856, -550.303
4.9209, 799.094, -591.661
2.58972, 751.424, 96.6711
4.98291, 330.376, 180.136
5.09587, 10.318, -665.214
4.71395, -728.674, 400.438
4.14528, -65.4663, 744.324
3.52671, 416.413, -62.6751
7.19863, -72.0249, -405.616
2.85168, -536.042, 674.238
3.30042, 90.8453, -655.199
6.70788, -583.462, -95.2508
4.13614, -188.051, -189.951
6.85942, 236.264, 321.777
5.99896, 574.584, 500.806
5.52801, 751.587, -142.572
4.77536, 40.0467, -196.966
2.91543, -436.58, -174.17
3.94883, 104.703, -175.313
6.51009, -645.15, -589.247
6.81821, 280.005, -17.461
3.81831, 309.865, -487.35
4.79881, -662.861, -238.615
4.95672, 476.037, -423.045
5.82344, -441.884, -732.377
7.31738, -549.209, -182.05
7.23022, 480.3, -648.913
2.81902, 250.792, -521.01
5.04829, -560.822, -280.022
6.13222, 709.198, 521.451
5.65882, 438.493, -219.336
3.26658, -796.255, -818.034
5.09652, -732.118, 400.042
3.52281, -432.466, 633.416
6.03231, 370.309, -735.237
6.05786, -415.077, -93.7922
3.66304, -407.936, -249.23
6.80594, 103.43, -176.833
2.67122, 7.80169, 731.27
6.26587, -708.466, 221.937
4.14789, 516.328, 124.432
4.65309, -46.8512, -393.444
7.33455, 670.97, -127.54
4.05803, 671.003, 575.048
5.69762, 801.847, -731.866
5.95386, 701.671, -20.5815
5.36403, 50.0881, 572.243
6.60667, 794.971, -591.993
4.21807, -670.802, -550.828
5.09387, -687.731, -548.881
6.78438, 94.9384, -700.312
6.18587, 287.27, -22.2188
3.45992, -684.756, 201.963
2.83145, -299.374, 289.873
3.60828, 760.873, -685.813
3.33656, -138.827, -134.231
6.31172, 354.19, -709.601
5.44905, -726.838, 269.574
4.65223, 797.145, 775.749
7.09618, 570.179, -2.69277
5.09668, 334.494, 206.455
7.38058, -588.691, -89.0479
5.15714, -381.566, 27.2907
2.98716, 300.358, 162.947
5.83983, 286.932, 94.4909
5.44444, 227.542, 10.6448
5.01137, -583.157, -69.8347
2.75808, -719.166, 201.762
2.6753, -185.681, -129.56
4.41484, -660.127, -543.057
5.55555, 260.117, 119.655
5.06574, 588.587, 737.756
5.98498, 292.706, 9.38289
4.89891, 22.8254, -142.818
3.88323, 80.0135, 407.623
6.01685, -396.032, 123.537
3.67701, 673.024, -47.4064
6.41501, 33.6327, -159.6
6.60589, 219.734, 647.952
3.21842, -456.024, -20.1104
5.75757, -439.397, 694.419
3.87677, 846.53, -733.772
7.26215, -468.758, 614.356
4.58238, -579.636, -99.0153
3.03869, -127.926, 279.099
4.70633, -732.056, 488.736
6.28811, -381.399, -194.759
2.77803, -434.917, -254.1
3.51241, -16.6764, 54.7839
6.82305, 777.686, -641.964
6.52456, -226.242, -38.0183
2.78861, -666.406, -455.71
4.40304, 13.0203, -635.41
4.56124, 22.9213, 618.756
2.80071, -290.829, 301.951
7.09746, 678.803, 564.35
3.35398, 552.488, 766.955
6.51634, -737.72, 213.565
3.88599, 572.55, 0.667641
4.44586, 134.732, 732.287
7.19936, 26.6129, 610.944
6.24573, 96.7083, -190.23
3.44774, -375.579, 692.056
6.89581, 309.48, 444.616
6.8953, 336.862, -667.745
3.30515, -674.244, -189.859
5.87346, -625.363, -249.07
6.89096, 587.5, 124.004
6.98262, 296.441, 416.261
3.06535, -68.1634, 615.084
5.93789, -164.138, -235.609
3.21651, -674.118, -544.331
3.6901, 266.426, 1.6296
5.64383, 752.555, -161.295
4.312, 662.369, 350.227
4.64437, 640.979, 570.259
4.91936, -4.58491, -622.652
6.20379, 88.1082, -162.986
3.23098, -441.473, 603.771
7.36238, -663.348, -579.674
7.3158, -511.457, -216.116
3.14741, -398.223, 547.031
5.3784, -215.706, -460.226
4.66439, 63.1379, -182.141
5.50066, -273.66, -208.016
5.85098, -586.022, -86.8767
4.5137, 421.787, 824.95
6.46691, 662.994, 571.518
4.89889, -695.719, -203.723
5.72449, 307.224, 261.676
4.28836, -251.641, 608.226
5.96794, -260.295, -212.911
5.83428, -433.491, -583.509
3.22071, -480.766, 575.901
7.10415, -704.493, 248.92
4.22228, 89.4459, -193.312
6.66824, -338.696, -451.229
2.74349, 307.381, -569.349
3.27936, -215.089, -4.74712
2.55765, 282.971, 396.814
3.94327, 52.1605, 545.34
5.07295, -294.067, -159.54
3.65948, 633.824, 425.98
2.75022, -227.938, -15.2649
5.33091, -598.753, -645.669
6.69774, -20.704, 676.649
4.28763, -659.907, -555.137
4.3452, 157.093, 760.73
7.22226, 327.718, 7.05564
4.72425, -690.804, -200.418
6.82086, 316.028, 197.914
5.82654, -679.889, -512.165
5.79297, 125.77, 574.558
7.10736, -833.046, 829.232
5.11536, 805.153, -733.985
5.45229, 368.811, -423.897
5.79944, 690.81, 560.459
4.24765, 292.272, 410.758
4.11714, 264.503, -29.2545
7.08984, -22.7939, 638.282
3.08619, 704.248, -471.101
7.31268, 557.487, -122.382
5.17978, 79.0401, -187.975
5.81447, 692.872, 562.496
5.48362, 740.89, -445.981
6.93363, -518.584, -628.548
6.67999, -635.461, -536.122
6.69339, 281.402, 126.344
6.85642, -142.101, 244.943
2.5002, -785.179, 266.462
4.77274, 386.889, 193.913
4.25696, -734.749, 213.021
5.80713, -228.915, 622.506
6.22234, -707.214, 195.087
3.3821, -176.854, -420.419
7.4621, 845.596, -615.498
5.95466, -740.841, 216.08
6.97862, 262.881, -0.468673
3.51579, 275.821, -14.1734
7.2356, -452.434, -181.585
4.88476, 761.873, -442.7
6.78578, 751.05, -616.115
6.41237, -648.146, -568.472
5.70687, 798.698, -740.7
3.14521, -695.756, 264.984
5.77944, -79.882, 620.128
3.09199, 73.2777, -51.59
3.88793, 241.278, 682.441
6.65548, -251.761, -220.407
6.14153, -601.788, -501.687
6.74348, -644.813, 253.993
3.43989, -670.939, -732.691
6.09602, 444.93, -303.447
4.25586, 198.222, 254.484
3.34555, -425.74, -579.745
4.52383, 247.58, -591.83
4.20924, 136.315, 666.376
6.67141, 288.59, 6.61212
3.9111, 673.287, 574.031
5.16766, -646.71, -498.139
6.25085, 780.02, -782.35
4.62554, -621.303, -591.165
4.66964, -427.34, 672.944
3.03022, 767.486, -856.809
6.4639, -87.3779, -413.63
3.91232, -685.578, -537.596
7.14264, -458.692, -221.625
5.37926, 316.225, 427.298
3.4895, 660.369, -320.047
5.99081, 460.337, -622.057
3.07265, 321.429, -678.399
4.22945, 250.788, 676.664
4.15646, -462.64, -219.952
6.42735, 815.953, -734.352
6.65775, 406.273, -144.985
4.21712, -682.953, 684.061
4.2603, -229.093, 738.641
6.38197, 38.2068, -601.704
6.58658, -24.5447, 672.208
4.26157, -240.639, 214.346
7.09559, -430.41, -187.557
3.2877, 401.354, 144.472
5.56029, -416.1, 592.525
5.54222, -479.412, 574.892
3.16647, -193.392, -570.438
3.51409, -622.908, -486.616
4.79457, -693.194, 543.507
3.48759, -458.642, 668.709
6.77118, -780.801, 273.654
6.54562, -708.461, -557.305
2.80131, -779.507, 650.113
6.50584, -674.606, 564.325
5.49597, -168.348, -421.47
7.43182, -725.284, 207.671
2.65919, -59.2534, 637.477
6.8356, 766.337, -667.453
3.69109, 543.151, 250.231
3.6127, 196.069, 335.787
4.73907, -641.628, -583.977
2.61231, 774.005, -85.1473
6.79755, -230.412, -61.5477
4.15902, 252.503, 349.962
5.72195, 325.171, 242.968
7.43521, -643.626, -599.332
5.30162, 289.379, -479.701
4.74553, -668.867, -185.913
5.213, 72.8071, -663.37
2.90797, 711.412, -50.1603
3.99606, -671.048, -163.916
6.63964, 671.835, 567.028
6.48936, 478.495, 759.835
5.71048, -60.8466, 706.01
4.84105, 511.491, 221.962
7.15326, -151.14, -418.668
5.08798, -251.555, -13.9632
7.42924, 788.745, -414.886
5.94567, -18.2606, -567.313
6.19966, -155.136, -437.84
3.46323, -452.881, -744.889
6.08881, -493.982, 550.103
6.11146, 556.029, -48.5011
6.49298, 250.723, 119.944
4.23216, 235.642, -788.573
5.1481, 88.0519, -288.694
3.19001, 661.911, -283.561
6.73218, -253.884, -231.371
6.32766, -34.3057, -633.753
7.5, 735.311, -453.236
4.24891, 482.678, 833.071
5.50367, -447.643, 647.216
3.50808, -430.129, -4.54804
6.2385, 44.4923, 62.8331
6.49225, 740.084, 198.504
3.03505, -646.433, 111.18
5.35813, -418.355, 0.644677
2.84683, 292.291, -313.19
4.16036, 731.284, 570.818
5.80945, 340.213, -618.368
5.27726, -10.5098, -137.779
7.12415, 211.305, 4.02043
2.69832, -395.136, 73.0571
2.62083, -214.551, 96.34
4.61923, 228.687, -529.955
4.36987, 326.482, 203.913
2.93303, -249.62, -231.857
3.05403, -66.2014, 161.76
5.31992, 313.346, -378.038
7.37269, -13.2002, 661.084
3.05066, -28.1795, -642.213
5.99352, 149.608, 711.984
2.79674, -17.7196, -568.657
4.69755, 676.782, -46.8788
5.24651, 815.344, 645.444
3.45129, 585.573, -653.399
7.36597, 333.377, 234.868
3.19593, -590.732, -65.728
5.48978, 765.669, -439.133
7.12812, -774.033, 683.658
3.91116, 7.49696, 741.005
6.8307, -122.423, -116.86
6.29598, -108.678, -409.516
6.10793, 307.363, 407.214
3.34241, -266.089, 294.904
3.32882, 736.811, 362.164
3.39076, -659.312, -748.363
5.87226, 253.904, -478.191
4.83484, -167.677, -148.49
6.85219, -666.444, -363.346
5.76023, -609.943, -42.6589
5.80464, 771.388, 745.626
2.58037, -562.951, -497.471
4.30596, -674.776, -520.674
3.72747, 704.065, 106.826
6.93086, -800.876, -772.892
5.23701, 761.078, 799.779
6.57209, -44.2861, -631.254
5.24453, 133.432, 710.388
4.16156, 402.809, -46.4358
4.40213, -69.2412, -581.835
2.52389, 720.349, 522.45
6.95226, -149.69, -444.046
6.16955, -419.618, 621.646
6.04239, -62.2094, 615.609
5.1278, 33.652, -171.414
6.41065, -43.7449, -630.466
3.42484, -385.155, -399.74
5.72673, 231.068, 405.083
3.42178, -529.53, -248.367
3.31214, 21.6613, -128.773
2.65594, -230.62, 761.534
7.42716, 71.7828, -656.925
4.04559, -256.082, -503.761
4.11075, -526.186, -238.408
5.51155, 249.667, -112.281
2.89107, -280.038, -744.841
3.93936, 34.075, 66.7105
5.79307, -175.136, -424.994
7.36348, -740.589, -361.873
7.27758, -362.872, -626.324
7.42745, -536.095, -258.485
7.30478, -690.888, -518.924
3.0073, -403.759, 644.083
3.71505, -153.295, -432.41
6.91151, 121.138, -216.81
5.28805, 303.861, 419.64
6.7669, 646.449, 580.221
7.49145, -433.409, 587.316
3.99751, -204.543, -600.979
6.33157, 793.505, 458.02
4.81901, 223.024, -121.34
6.8168, -614.854, -643.9
6.99018, 752.666, -142.165
7.377, 220.053, -380.749
2.77405, 489.758, 94.6274
6.32605, 787.85, -692.539
5.09219, -772.695, 633.822
3.46574, 782.184, -129.064
6.98252, 273.177, -545.538
6.38492, -771.158, 173.143
2.75968, 323.866, 489.75
7.47331, -756.457, 656.951
5.93659, -109, -433.009
5.94854, 780.71, 468.404
6.57666, -482.585, 690.401
7.05426, -136.576, -430.597
3.34218, -139.146, 246.047
5.24183, -490.008, 660.723
6.53351, -398.86, -207.1
4.17803, 312.328, -459.415
5.53435, -97.7337, -25.978
6.59602, -648.663, 224.788
7.3485, 46.5692, -192.997
6.29349, 595.373, 491.739
3.72113, -116.444, -114.403
5.80589, -572.383, 313.826
4.21574, -514.768, -228.565
7.27146, 297.399, -330.034
2.60828, 679.286, 585.277
4.54979, -840.881, 813.304
2.55789, 487.069, -672.749
3.04964, 744.588, 235.896
5.28259, -769.315, 170.559
4.45466, 63.5064, -126.941
7.20539, -14.7311, -127.704
2.55572, 180.161, 373.421
6.22897, -172.887, -431.076
3.84293, 271.911, 104.42
4.27153, -601.006, -536.026
3.45835, -398.667, 637.368
5.14832, 260.76, 16.4908
4.39478, -48.4877, -622.351
3.16407, -110.219, -678.176
4.26563, -170.516, -430.204
4.2497, 758.857, 794.116
7.41084, 508.724, -47.0586
5.25961, 97.0905, -246.545
4.99918, 20.3296, -620.576
3.58531, -705.399, 250.119
4.37311, -77.0813, -418.946
6.78251, -645.097, -500.294
6.45578, 765.744, -471.575
3.9204, -535.875, 676.799
5.07645, 271.693, 200.604
6.79238, -238.691, -6.23812
7.07844, -687.756, -240.345
7.48941, 107.349, 696.514
6.53177, 36.2353, -167.261
5.22718, -733.597, -216.434
7.3461, 64.7932, -661.206
5.31931, -547.348, 348.228
4.03031, -416.749, 636.855
5.41853, 707.678, 725.171
2.91197, 103.069, -172.588
5.47382, 310.602, 472.014
3.31968, -695.45, -526.789
6.46527, -662.022, -543.541
2.95373, 613.015, 576.472
6.3072, -511.797, -631.642
6.83996, -220.938, -59.0513
6.40105, 109.522, -217.257
6.61399, 738.458, 737.57
6.70974, 266.216, 494.678
4.48328, 309.501, 133.507
6.508, -97.4475, 118.169
6.56811, 317.655, 36.7108
5.43493, -392.422, 38.1374
4.64621, 693.232, -74.3094
2.5002, -139.445, -369.509
5.31153, -769.856, 269.14
6.22632, 349.043, 201.09
3.89846, 741.919, 229.5
2.93406, -762.869, 495.769
3.5733, 803.503, -721.305
3.93296, -398.381, 664.742
4.86595, -392.201, 438.819
6.95893, 761.11, 746.157
5.91955, 469.023, -424.418
3.54376, 25.8845, -219.262
6.67533, 779.085, -33.3163
7.09218, 809.97, 819.346
4.48244, -508.485, -652.824
6.37858, 443.802, 423.28
5.68161, -73.7535, -84.6824
6.64746, 322.797, 124.476
3.40204, 491.031, -428.217
7.45927, 486.493, -640.296
6.70558, -88.1747, -645.625
4.65177, 773.435, 195.192
4.38589, 497.726, 778.75
2.70802, 486.138, -428.391
6.80715, -584.67, -453.523
6.62116, 779.241, -770.312
6.25052, -62.2492, 617.281
3.55801, -202.001, 726.558
4.31029, -714.765, -238.227
4.43545, -706.866, -529.704
7.32918, 601.144, 555.803
6.5872, -54.2874, 624.092
4.5755, -18.3296, 394.799
5.83759, 272.026, 121.209
2.52101, 485.065, 819.882
6.98048, -702.006, 213.786
3.68416, -273.987, 293.016
3.79415, 281.984, -219.284
5.4939, 345.046, -610.561
6.89823, -707.026, 262.952
6.16299, -654.208, -444.404
6.0773, 655.226, 521.801
3.57724, -488.978, 531.907
6.30413, 705.429, -807.858
3.85351, -218.281, -499.902
2.75246, 480.855, 202.579
4.78866, 332.791, 271.553
2.58759, 443.768, -589.879
3.01129, 10.7537, -136.441
2.639, -240.675, 215.87
5.65921, -340.645, -470.182
6.34425, 43.3731, -199.796
2.74132, 447.586, -605.861
6.6924, -36.1492, -627.838
6.76899, -195.518, -171.68
6.57649, -485.512, 545.286
6.85188, 734.33, 347.027
5.27222, -525.341, -194.155
6.12646, -222.837, -33.0707
3.20424, -475.869, 645.966
6.6115, 467.8, -458.348
5.51185, 526.125, -104.811
4.93856, 443.585, -734.309
6.14942, -170.826, 681.723
4.05164, 773.122, -608.121
3.93925, -737.641, 246.269
5.45857, -749.185, 670.822
5.34055, 531.223, 695.875
5.41059, -676.711, -530.405
2.84132, -756.836, 182.096
4.34304, 93.6454, -223.889
6.28475, -658.306, -567.986
6.35297, -441.679, -727.505
4.27217, -394.472, -204.113
5.98913, 130.15, 716.111
5.08005, -523.674, -254.544
5.94494, 246.038, 110.799
6.18066, -55.4819, 707.459
2.56231, -277.578, -527.678
7.16549, 508.731, -47.4112
5.37826, 259.62, 119.387
3.05587, 492.891, 745.28
4.87388, -103.712, -14.1905
3.24247, 313.509, 150.891
4.22594, 189.446, 378.623
7.04476, -734.554, 202.669
4.54571, 55.8969, 480.626
5.96642, -617.162, -70.89
3.35865, 396.638, -659.054
6.21715, 745.147, -408.174
4.16319, -416.169, 631.92
4.62157, 503.394, 244.554
2.79523, -233.1, 33.0205
5.09005, 212.686, -120.014
5.94425, 357.928, -489.277
5.01149, -225.284, -68.4584
6.56617, -146.617, -636.508
3.07974, 131.303, -743.33
5.24841, 314.136, 419.222
5.06046, 271.199, -25.2777
6.02649, 771.23, 430.349
5.65083, -253.479, 732.039
4.0207, -45.9147, -676.112
6.74719, 353.712, 186.56
3.39619, 545.729, -17.5867
2.61737, -435.631, -106.04
4.19467, 562.537, 3.25296
3.43818, 272.751, -18.4558
6.60467, -225.87, 92.7233
6.72507, -693.055, -195.295
6.78031, 762.336, -672.975
7.37454, -772.962, 603.693
2.99587, 382.816, -422.325
2.56182, 588.078, 538.833
2.58614, 244.918, 350.315
2.64527, 276.718, 127.272
4.1031, 97.8388, -243.987
6.17815, 537.733, 263.777
3.14876, 228.292, 409.634
2.5161, -341.189, 395.258
6.91905, 70.5896, -640.589
3.70482, 275.121, -529.995
4.38481, -770.839, 677.232
4.44879, 537.826, 129.651
2.81534, 553.819, 268.42
7.30792, 160.962, 659.49
3.75349, 691.521, -255.745
6.85376, -610.833, -49.6184
2.85991, -719.83, 292.352
2.70653, -400.08, 509.258
3.46378, 255.17, -474.102
3.86708, -279.736, 296.058
7.4007, -771.817, -338.959
3.60607, 306.769, -455.406
6.43119, -777.538, 704.205
4.42306, 193.951, -340.761
3.78593, 346.603, -610.453
3.91087, -700.925, 236.64
7.33834, 695.652, -40.7023
4.22841, 553.52, 109.736
3.45922, -686.585, 612.395
5.05037, -532.061, -281.264
5.21857, -433.252, 624.888
5.72333, -624.842, -535.187
3.89738, -71.1314, 626.232
3.41887, -283.164, -530.924
2.71579, -712.804, 263.666
3.98408, -468.28, -269.334
4.25548, -224.91, 127.353
7.09372, -445.928, 571.484
5.81225, 462.491, -274.76
5.08041, 667.559, 580.965
4.03763, 443.886, 440.88
3.0007, -195.258, 130.423
3.47502, 317.663, -723.581
4.11407, 75.9923, -269.734
5.56182, 736.28, 105.097
5.13511, 813.217, -794.159
3.45653, 347.89, 184.307
4.7178, -602.957, -444.259
4.48693, -492.487, 664.399
6.28051, -595.543, 700.522
6.6213, 669.782, 573.14
5.51573, 70.4786, -317.619
3.04573, 447.448, -619.905
4.11797, 388.29, -189.216
5.03403, 90.7211, 263.2
4.76521, -492.301, 674.149
4.77315, -155.825, -439.666
4.91125, 807.08, 829.132
5.07896, 350.367, -611.304
4.50207, 131.604, 704.044
4.22945, 673.009, 323.635
6.64533, 756.682, -164.271
3.02204, -646.275, -625.447
6.40057, 450.246, 452.886
3.19919, -262.701, -206.647
2.62171, -655.467, -550.954
6.0664, 372.934, -567.488
7.15538, 85.1834, -653.746
7.47667, 296.734, 80.7686
3.86264, -709.024, 181.195
3.6923, -446.92, -229.963
3.87328, 649.126, 541.746
5.70836, -691.674, -562.868
5.17637, 283.346, 113.393
6.8967, 669.163, -333.009
6.75968, -618.039, -643.565
2.98004, 677.605, -2.61062
4.66818, -694.206, 206.574
3.17045, -66.2104, -656.398
5.86802, -166.967, 243.205
5.34964, -140.417, -383.506
3.66474, -391.768, 681.617
5.50306, 253.835, -527.184
2.6551, -534.408, -26.1928
7.08512, 437.357, -290.498
3.82958, 772.229, -86.6482
6.50016, -164.892, -475.819
5.46389, 77.4867, -628.817
5.0822, 305.327, 469.718
5.2567, 323.02, 471.686
3.47225, 410.815, -183.801
5.36152, 116.341, -697.548
3.81992, 181.189, 318.976
4.41648, -752.062, 496.8
2.73626, -606.003, -794.28
4.22823, 488.548, -676.044
3.61594, 547.899, -394.552
3.81264, -46.7441, -638.724
3.05141, -347.665, -474.377
7.40088, -652.258, -81.4944
5.93794, 685.982, 561.22
5.82158, -532.127, -288.244
5.99501, -608.099, -573.242
2.68746, -665.77, -579.267
3.6706, -605.562, -543.674
3.95397, 729.559, 547.703
3.50543, -9.247, -120.302
2.7177, 331.818, 201.452
2.56571, -400.473, 683.256
6.07297, -491.332, 704.843
6.88348, -670.417, -571.974
5.35088, -725.474, 370.092
6.92743, 800.471, 753.278
5.20042, -403.499, -202.412
3.31357, 806.392, -698.253
3.30492, 871.438, 450.615
7.19182, 318.706, 267.709
3.45628, 521.163, -661.082
3.15761, 43.5254, -211.552
4.41122, -231.276, -64.3076
6.12674, 240.728, -109.334
2.50651, 588.484, 736.782
4.60222, -63.7634, 642.547
5.18984, 259.04, -85.5318
4.86596, -180.937, 220.573
6.33003, 584.105, 739.586
2.9396, 487.881, -416.847
7.04284, 210.365, 259.805
3.20818, -637.618, -457.569
2.54782, 309.301, 38.9444
2.82267, 304.707, 403.401
4.96742, 293.95, 199.181
5.40914, 501.281, 801.304
4.03373, -746.615, 532.22
4.57091, 690.961, -24.5393
4.33401, -626.873, -514.091
3.42687, 136.07, 575.486
2.76788, 485.98, 132.036
4.47222, 435.925, -71.0358
3.98388, -302.207, -211.109
5.05388, -372.561, 666.257
3.75392, -677.051, 228.366
5.01589, 815.757, 790.301
2.51168, -71.6127, 620.083
7.01807, 717.912, -455.444
2.79181, -792.402, -774.565
5.17506, -487.868, 684.825
3.95754, -366.261, 683.907
7.3023, -669.612, -171.877
4.73406, 240.882, -29.8905
5.08479, 728.518, 197.436
5.93861, -217.311, 3.26872
2.72187, -141.677, -29.7165
7.2946, -700.218, 527.161
5.70852, 352.52, 147.378
2.80215, 319.84, -582.354
3.33964, 187.188, 275.024
5.76491, 393.626, -121.656
6.19864, -761.74, 292.328
3.57011, 736.369, 223.12
4.31441, 144.014, -614.136
6.56981, -588.792, 803.249
5.32057, 718.929, -400.55
7.45886, -36.6181, -634.766
6.5669, -749.124, 261.9
3.49157, -786.564, 2.95943
2.50003, -68.4809, -648.6
4.62608, 775.61, -661.444
4.07406, 748.07, 238.753
5.56218, 561.016, -773.901
3.83351, -124.714, -452.711
4.39881, -613.535, -55.8651
5.43397, 726.188, 228.583
5.95636, -173.973, -460.943
7.26736, -294.042, -513.822
4.89785, -320.904, -751.423
3.60319, 347.914, -606.531
5.33741, -557.694, -432.212
6.09873, 309.391, 154.38
4.4953, -494.338, 550.013
3.48326, -621.956, 790.194
6.66971, -607.583, -538.336
5.59561, -442.136, -720.906
7.26866, -222.393, 100.608
3.23222, 40.7552, -193.919
5.38953, -159.422, -457.492
7.26796, -443.144, 578.638
3.62331, 695.716, -818.15
7.25137, -464.192, 682.322
3.07874, 774.211, -468.15
2.58372, 86.5362, -295.061
3.90465, -293.89, -153.312
7.15042, 516.275, 122.671
3.04796, 739.574, 735.967
6.77266, 41.7398, 550.161
5.68532, -555.652, -606.388
5.63853, 345.929, -606.871
3.80589, 695.837, 547.248
5.13936, -730.68, 122.382
7.16608, -216.958, 740.529
3.98055, 713.414, 60.8286
4.78006, 204.901, 321.441
6.35659, -641.632, -538.084
4.17193, 293.074, 115.596
6.31775, 118.74, -710.973
6.65892, -96.0837, 730.981
2.64618, -740.482, 520.388
4.31315, 620.963, -223.468
4.16221, 285.597, 419.257
3.17675, -453.568, -150.534
3.00839, -218.339, 616.336
5.11327, -534.395, 745.138
3.52046, -3.95667, -428.712
5.00728, -676.078, -566.173
5.1371, -33.2341, 749.855
4.13422, -183.88, -159.64
4.75888, 279.745, -319.356
6.85263, -67.3515, 699.172
4.72884, 536.689, 693.802
6.03726, -523.589, -600.848
6.83171, 819.989, -655.96
6.5822, 741.738, 218.382
2.67504, 782.332, 781.087
3.8644, -509.135, -246.292
5.21858, -336.431, -470.492
3.19942, -682.035, -584.301
5.57408, -682.516, -732.269
3.29182, -620.794, -626.866
4.41129, 164.683, 197.424
5.94997, -124.693, 154.602
3.21128, -339.993, 398.652
5.65284, -772.054, 662.135
3.15973, 140.213, 722.462
7.13583, -695.079, 214.419
5.53465, -751.61, 680.793
5.50388, -728.424, 232.403
3.33635, 478.707, -426.477
3.301, -644.615, -440.752
5.91628, 558.823, 14.0811
5.1456, -592.775, -44.8332
3.65264, -30.1697, 623.806
6.55373, -434.482, -79.46
5.76477, -325.341, -453.673
4.08597, -665.584, -525.457
2.53953, -231.99, -648.417
3.49176, 653.483, 532.443
3.78831, 83.6515, 342.222
3.03825, 659.745, -83.5489
3.49545, 148.224, -319.24
6.75079, 809.068, -623.116
6.63912, -738.947, 258.783
6.76813, -696.119, -572.71
5.71027, 201.762, 611.346
3.6787, 701.57, -813.414
6.80638, -540.64, -606.831
5.4745, 103.866, -188.139
2.52745, 458.948, -48.6339
6.84925, -637.924, -501.793
7.37729, 495.901, 127.235
5.59653, 258.965, -21.5774
3.85574, -728.35, 156.349
7.46973, -68.7137, -385.242
4.60751, -650.804, -510.834
4.20537, -672.178, -562.219
4.80717, 292.005, -1.59982
4.44822, 189.191, -327.976
4.613, 92.3602, 536.93
2.84879, 180.788, 319.505
5.5153, 97.4352, -170.114
7.36114, -72.4562, 131.647
5.07406, -585.571, -502.838
7.45461, 681.874, -79.0709
5.84906, 509.285, -132.672
4.01716, -583.453, -13.8793
3.47371, 677.267, 525.001
4.0109, -666.328, -679.97
4.93946, -383.374, 469.042
4.72438, 488.815, 797.175
5.7844, 369.737, -655.615
3.74227, -675.813, -519.017
4.72007, 36.5062, 472.017
5.75894, -592.619, -66.7883
6.67472, -670.15, 170.997
6.03698, 141.538, 760.021
4.93928, -677.755, -530.08
6.72039, 349.277, -125.389
7.00296, -443.999, -213.218
6.33082, -659.313, -595.944
5.29453, 575.409, 827.622
2.70603, 49.8227, 79.671
5.46749, 512.852, 146.779
2.68674, -488.867, 661.024
4.53488, 149.226, 364.277
2.84243, -803.551, -829.482
7.38558, -657.295, -751.89
2.5956, -538.521, -258.042
6.60363, -196.233, -219.984
5.2195, -382.465, 689.588
5.72828, 683.497, -291.908
3.62934, -216.715, -124.833
2.733, 738.812, -644.418
3.63154, 257.6, -509.735
4.58371, -653.114, 112.85
6.40126, 214.917, -570.6
3.72852, -730.788, 284.898
4.81411, 482.72, 132.665
6.14756, 702.356, 170.589
5.35237, -368.761, 671.414
5.45997, 819.91, 793.535
4.98425, -711.394, 160.337
3.951, 342.186, 106.226
4.71107, 53.414, -209.455
2.53669, 760, -588.158
7.41683, 469.321, -275.274
2.52822, -757.696, -193.567
4.8676, -28.9631, 627.224
5.86497, -214.776, -238.299
