6.27803, -706.807, -677.188
3.5948, 68.178, -169.154
5.89648, 364.655, -741.003
5.09708, -260.476, 756.137
2.76731, -844.288, 646.748
2.53849, 293.569, -10.0963
4.58743, -680.424, -206.033
7.15218, 213.335, 344.747
2.95982, 26.903, 576.181
6.00595, -187.359, 216.078
3.81226, 604.169, 721.645
4.14117, 445.599, -737.186
7.45519, 349.313, 139.78
7.41275, -531.427, -267.264
5.75759, 358.948, 355.882
6.92354, 229.854, -685.433
6.33247, -153.413, -506.606
3.87453, -527.512, -113.876
4.93259, -521.491, -244.633
2.80282, 783.432, 801.233
5.08146, -80.7425, 618.85
4.96988, 742.443, -463.924
7.23882, -626.944, -478.905
4.42071, -11.7491, -634.621
5.14874, 794.556, -412.703
2.75042, 682.059, 33.0874
6.63909, 458.191, 461.239
5.94228, -696.044, -561.888
6.18112, 256.415, 673.797
6.94286, 802.216, 450.476
4.25508, -342.727, -457.746
6.72991, 198.204, -18.1909
3.84659, 515.328, -131.349
4.83959, 43.1759, -194.889
3.2686, -648.538, -501.387
2.66527, 503.394, 122.941
7.2768, 42.9381, 81.1518
6.95369, 135.187, 395.891
3.29884, 487.697, 110.996
3.15214, 390.331, -532.815
2.515, -422.809, -701.343
6.0491, -662.125, -207.352
3.40448, -456.453, 673.917
5.76029, 692.216, -291.109
4.42907, 388.39, -624.426
3.23766, 72.3473, -182.568
5.45054, 587.527, 23.6403
3.24076, 106.82, 708.652
3.2091, -148.151, 763.895
4.94257, -412.196, 57.0433
3.13015, 710.976, -19.2532
5.64635, -282.618, -472.92
5.60817, 229.279, -552.138
4.88216, -496.69, 553.639
2.64188, -383.314, -138.128
3.21011, 19.4606, 639.743
3.15594, -226.42, 762.675
3.31099, -758.044, 667.66
3.76529, -187.308, -648.319
4.77654, 500.613, -704.707
6.54472, -52.9459, -245.405
3.57624, 263.303, 674.427
3.75063, 669.471, 350.869
5.02978, -37.949, 632.523
6.27922, 535.653, 122.129
5.66369, 700.271, -33.889
5.9449, 515.722, -120.757
7.27207, 790.457, 427.73
5.18713, -465.454, 562.539
4.57014, -584.344, -96.994
4.70019, 555.057, 123.278
6.07821, 624.803, 419.424
6.20858, 320.777, 442.317
5.12494, 691.495, -844.111
6.06711, -685.277, -124.041
5.91025, 356.787, 1.79912
6.82941, 777.173, -501.979
3.19597, -57.9236, 642.393
3.57766, 750.181, -217.497
5.0733, -278.161, -154.136
4.83766, 14.516, 570.244
3.55759, -254.882, 607.28
5.65244, -625.186, 802.941
2.5044, -711.814, 194.304
4.09589, 305.459, 431.112
5.90281, 287.906, 7.9496
6.0446, 568.819, -484.318
2.90869, -699.779, 526.729
3.56926, 295.017, 404.415
4.44412, -728.64, -588.411
4.44927, 748.765, 746.046
3.92018, 316.162, -465.674
4.6123, 467.617, 471.269
2.55658, -663.451, -517.301
3.72027, 828.292, -651.004
4.49072, -659.753, 584.093
6.64177, -751.131, 267.328
3.78584, 768.992, -699.591
3.59705, -638.777, -485.991
6.47385, 289.277, 343.57
5.8476, 390.335, 357.814
5.49108, -744.95, 201.871
5.99917, -308.175, -491.659
5.13062, 472.678, -662.153
4.14833, 274.087, 100.378
3.30844, -823.216, 249.531
6.56633, 577.901, 33.6953
4.08004, 338.92, 194.473
4.05369, -56.0911, -686.953
4.65424, 48.1439, 78.0783
4.46509, -201.765, -519.078
4.43916, 95.2766, -168.175
4.34871, -597.755, -417.952
5.88118, 314.42, -467.499
6.10384, 273.734, -49.7785
7.20082, 2.9275, 752.345
5.08573, -103.651, -422.631
5.5282, -140.973, 259
5.85049, -585.934, 785.904
5.11404, 48.2637, -97.3396
3.87105, -756.047, 581.892
7.08924, 187.348, 313.691
3.73367, 739.058, -482.999
4.77876, 313.321, 414.073
3.30374, -784.842, 606.693
4.68319, 207.718, 252.626
7.45767, 341.415, 155.507
6.26931, -356.698, 377.572
4.97846, -703.278, -581.903
7.01651, -614.2, -650.499
4.68213, 496.873, 442.214
5.09239, 90.73, -734.839
4.44866, 127.205, -557.105
5.63431, -106.962, -412.995
5.19331, 349.473, 188.636
4.35955, 539.965, -454.188
2.54674, -262.19, 266.629
6.3794, 14.2728, -635.033
2.85317, -733.231, -521.295
3.98511, 389.029, -651.845
4.78581, -48.1219, -647.335
3.25156, -95.5084, -16.2005
5.97819, 557.144, -387.19
4.15587, 337.377, 160.48
5.21197, 792.427, -748.28
2.64678, 677.042, -852.534
5.38086, 8.92466, -141.82
5.18133, 222.134, 418.41
7.36678, -681.759, -745.941
5.57063, -259.068, -475.12
5.26431, -697.534, 225.655
6.69051, -236.014, 731.294
3.75764, -468.968, 664.042
6.98957, 518.938, -134.975
5.97428, 510.348, -429.061
5.82752, -432.95, -95.6735
3.06838, -647.221, -493.821
3.37987, -737.11, 195.391
2.91253, -98.2509, 121.435
6.68103, -121.659, 276.151
2.64818, 764.752, -650.613
6.34719, -36.4773, -647.94
4.29829, -443.779, 696.851
6.24626, 65.7665, 495.048
6.28385, 306.131, 160.103
3.60834, -469.259, -707.198
5.58305, 229.791, 123.106
3.66846, -392.622, -228.099
6.22052, -684.163, 204.329
5.80997, -695.484, -571.92
4.9209, 807.644, -597.123
2.58972, 763.25, 102.54
4.98291, 340.051, 173.692
5.09587, 11.499, -681.655
4.71395, -738.778, 403.844
4.14528, -66.8801, 755.854
3.52671, 424.09, -62.4416
7.19863, -73.9083, -409.34
2.85168, -539.164, 680.498
3.30042, 79.6087, -659.815
6.70788, -596.099, -88.009
4.13614, -186.9, -195.422
6.85942, 235.467, 328.104
5.99896, 577.524, 498.878
5.52801, 762.344, -147.252
4.77536, 40.9406, -191.627
2.91543, -444.955, -168.702
3.94883, 102.067, -174.246
6.51009, -646.584, -607.192
6.81821, 284.205, -6.13754
3.81831, 309.911, -483.041
4.79881, -666.445, -239.725
4.95672, 484.821, -432.058
5.82344, -442.186, -751.527
7.31738, -555.937, -179.148
7.23022, 487.261, -656.111
2.81902, 252.103, -529.077
5.04829, -566.973, -273.333
6.13222, 711.651, 529.633
5.65882, 445.239, -223.219
3.26658, -800.756, -827.249
5.09652, -736.813, 409.725
3.52281, -438.47, 655.735
6.03231, 370.462, -750.074
6.05786, -417.198, -95.0434
3.66304, -413.774, -254.442
6.80594, 106.691, -179.276
2.67122, 0.65766, 743.477
6.26587, -722.935, 205.809
4.14789, 528.706, 132.442
4.65309, -38.943, -400.001
7.33455, 681.626, -134.422
4.05803, 668.897, 588.695
5.69762, 812.777, -725.774
5.95386, 705.059, -19.8322
5.36403, 50.5388, 580.136
6.60667, 802.062, -592.345
4.21807, -700.239, -568.518
5.09387, -709.606, -561.663
6.78438, 95.8003, -715.664
6.18587, 285.165, -22.4817
3.45992, -699.188, 215.921
2.83145, -299.271, 291.376
3.60828, 767.064, -686.223
3.33656, -125.984, -141.424
6.31172, 353.91, -722.966
5.44905, -730.922, 282.009
4.65223, 803.128, 781.253
7.09618, 571.093, -5.615
5.09668, 340.854, 197.076
7.38058, -584.4, -89.4521
5.15714, -386.708, 30.1466
2.98716, 305.259, 173.492
5.83983, 283.561, 92.7169
5.44444, 224.215, 8.54784
5.01137, -591.303, -59.121
2.75808, -720.366, 214.987
2.6753, -187.159, -118.652
4.41484, -659.529, -539.268
5.55555, 247.279, 116.898
5.06574, 586.355, 745.094
5.98498, 306.7, 8.35601
4.89891, 35.9064, -142.173
3.88323, 75.8376, 409.574
6.01685, -399.512, 129.291
3.67701, 684.16, -41.1439
6.41501, 29.8601, -165.444
6.60589, 222.434, 659.081
3.21842, -460.784, -14.4571
5.75757, -444.954, 707.396
3.87677, 847.068, -744.53
7.26215, -470.438, 610.845
4.58238, -591.939, -87.0232
3.03869, -127.026, 289.932
4.70633, -735.47, 492.665
6.28811, -375.857, -198.849
2.77803, -430.237, -254.277
3.51241, -15.1052, 56.072
6.82305, 789.015, -647.768
6.52456, -219.011, -37.0293
2.78861, -660.576, -466.004
4.40304, 8.14851, -632.179
4.56124, 14.0779, 627.171
2.80071, -291.441, 303.346
7.09746, 692.098, 557.383
3.35398, 555.493, 770.485
6.51634, -748.731, 212.184
3.88599, 580.582, 3.6088
4.44586, 136.486, 727.922
7.19936, 28.987, 608.62
6.24573, 109.994, -195.274
3.44774, -379.618, 701.834
6.89581, 324.276, 450.232
6.8953, 341.514, -678.863
3.30515, -674.516, -183.856
5.87346, -639.339, -248.802
6.89096, 595.598, 126.753
6.98262, 291.879, 421.183
3.06535, -59.9633, 623.889
5.93789, -161.915, -235.12
3.21651, -684.555, -563.445
3.6901, 264.2, 3.13327
5.64383, 760.958, -168.491
4.312, 669.056, 351.458
4.64437, 634.216, 581.482
4.91936, -12.0242, -633.313
6.20379, 78.6487, -174.097
3.23098, -428.819, 618.255
7.36238, -669.109, -593.478
7.3158, -513.817, -216.077
3.14741, -408.401, 548.525
5.3784, -221.486, -469.927
4.66439, 51.1743, -184.568
5.50066, -269.85, -207.871
5.85098, -597.622, -85.6192
4.5137, 419.948, 834.116
6.46691, 655.869, 575.461
4.89889, -707.411, -199.528
5.72449, 306.863, 263.464
4.28836, -255.288, 603.651
5.96794, -267.287, -208.291
5.83428, -433.352, -591.546
3.22071, -476.611, 579.325
7.10415, -728.461, 242.693
4.22228, 90.0622, -191.957
6.66824, -346.13, -448.006
2.74349, 306.675, -578.677
3.27936, -225.981, -0.0413127
2.55765, 279.494, 408.203
3.94327, 57.3759, 546.441
5.07295, -296.735, -152.855
3.65948, 635.77, 425.3
2.75022, -236.716, -15.4725
5.33091, -604.209, -650.637
6.69774, -32.8879, 680.106
4.28763, -665.235, -550.181
4.3452, 157.811, 771.4
7.22226, 329.203, -4.88445
4.72425, -716.949, -197.731
6.82086, 326.088, 205.771
5.82654, -692.215, -535.064
5.79297, 126.923, 579.242
7.10736, -840.25, 838.178
5.11536, 806.557, -728.104
5.45229, 375.449, -424.072
5.79944, 690.855, 564.023
4.24765, 284.374, 419.673
4.11714, 277.719, -25.3763
7.08984, -35.872, 645.978
3.08619, 713.042, -473.65
7.31268, 560.839, -123.315
5.17978, 77.9044, -176.353
5.81447, 690.976, 576.483
5.48362, 748.035, -445.806
6.93363, -514.996, -637.205
6.67999, -634.212, -538.484
6.69339, 269.235, 130.349
6.85642, -147.272, 255.291
2.5002, -791.411, 270.321
4.77274, 388.027, 204.358
4.25696, -747.141, 211.183
5.80713, -230.425, 628.316
6.22234, -717.793, 191.478
3.3821, -173.657, -434.725
7.4621, 850.342, -622.443
5.95466, -744.621, 209.225
6.97862, 250.924, 0.980025
3.51579, 268.038, -20.0412
7.2356, -452.726, -174.99
4.88476, 767.889, -438.485
6.78578, 758.996, -614.889
6.41237, -665.839, -573.566
5.70687, 805.968, -751.733
3.14521, -694.92, 263.625
5.77944, -69.9818, 623.048
3.09199, 72.107, -47.1385
3.88793, 241.592, 688.143
6.65548, -253.061, -230.05
6.14153, -604.347, -504.343
6.74348, -639.533, 258.108
3.43989, -673.928, -753.383
6.09602, 449.621, -303.592
4.25586, 186.839, 254.619
3.34555, -422.294, -582.93
4.52383, 247.37, -594.11
4.20924, 137.069, 668.269
6.67141, 287.354, 4.07313
3.9111, 674.373, 587.094
5.16766, -645.157, -496.589
6.25085, 783.599, -792.995
4.62554, -622.281, -607.37
4.66964, -432.188, 665.94
3.03022, 771.981, -863.957
6.4639, -82.4438, -411.492
3.91232, -687.609, -530.98
7.14264, -462.092, -217.756
5.37926, 304.926, 432.224
3.4895, 667.692, -322.835
5.99081, 466.975, -624.543
3.07265, 330.08, -693.479
4.22945, 259.48, 680.663
4.15646, -461.491, -221.869
6.42735, 821.822, -750.824
6.65775, 410.384, -149.287
4.21712, -685.611, 689.425
4.2603, -226.926, 753.559
6.38197, 45.792, -607.137
6.58658, -17.2453, 675.52
4.26157, -238.773, 225.078
7.09559, -427.728, -192.62
3.2877, 411.517, 151.565
5.56029, -414.379, 599.056
5.54222, -476.319, 579.215
3.16647, -194.523, -581.829
3.51409, -624.359, -480.573
4.79457, -703.757, 541.064
3.48759, -457.539, 680.34
6.77118, -791.518, 279.909
6.54562, -719.314, -576.991
2.80131, -793.899, 664.221
6.50584, -676.737, 568.762
5.49597, -176.885, -433.595
7.43182, -752.152, 210.56
2.65919, -67.0797, 644.518
6.8356, 767.852, -669.605
3.69109, 546.565, 254.288
3.6127, 197.511, 341.471
4.73907, -666.129, -579.37
2.61231, 784.697, -94.832
6.79755, -237.377, -55.6385
4.15902, 256.195, 359.381
5.72195, 326.962, 252.221
7.43521, -663.163, -609.578
5.30162, 287.985, -484.308
4.74553, -677.652, -184.965
5.213, 77.9788, -663.793
2.90797, 727.27, -50.9557
3.99606, -679.23, -171.016
6.63964, 676.154, 560.112
6.48936, 486.046, 762.24
5.71048, -61.1466, 704.417
4.84105, 518.879, 228.617
7.15326, -154.59, -426.273
5.08798, -254.032, -4.10698
7.42924, 796.981, -420.775
5.94567, -16.0038, -574.734
6.19966, -162.567, -441.711
3.46323, -455.292, -753.262
6.08881, -493.96, 546.732
6.11146, 562.647, -52.6581
6.49298, 250.651, 121.685
4.23216, 236.715, -800.398
5.1481, 79.2896, -284.025
3.19001, 667.156, -289.63
6.73218, -255.086, -237.319
6.32766, -33.641, -646.464
7.5, 737.687, -457.259
4.24891, 484.45, 843.962
5.50367, -441.681, 645.633
3.50808, -431.113, -1.58682
6.2385, 36.0513, 69.5701
6.49225, 749.688, 207.889
3.03505, -649.725, 106.24
5.35813, -425.487, 4.36824
2.84683, 298.202, -317.572
4.16036, 727.287, 575.756
5.80945, 339.601, -623.609
5.27726, -3.94606, -146.777
7.12415, 207.854, 4.50701
2.69832, -397.655, 81.9499
2.62083, -218.19, 94.3891
4.61923, 229.461, -536.012
4.36987, 339.126, 210.76
2.93303, -246.589, -234.521
3.05403, -68.9524, 164.333
5.31992, 316.894, -378.092
7.37269, -6.23387, 669.888
3.05066, -33.8687, -644.85
5.99352, 143.937, 726.474
2.79674, -24.6961, -570.295
4.69755, 683.226, -41.7322
5.24651, 825.567, 649.064
3.45129, 591.799, -658.846
7.36597, 338.64, 246.201
3.19593, -607.367, -72.6826
5.48978, 764.423, -437.438
7.12812, -779.363, 692.889
3.91116, 6.42254, 757.158
6.8307, -121.562, -115.673
6.29598, -117.802, -425.107
6.10793, 311.527, 421.314
3.34241, -268.17, 298.303
3.32882, 743.751, 366.165
3.39076, -654.716, -764.617
5.87226, 256.658, -479.246
4.83484, -171.866, -138.819
6.85219, -675.082, -361.89
5.76023, -620.031, -37.4614
5.80464, 767.412, 746.524
2.58037, -563.348, -502.833
4.30596, -694.666, -527.322
3.72747, 715.265, 107.064
6.93086, -807.646, -779.918
5.23701, 770.183, 801.281
6.57209, -40.5756, -627.225
5.24453, 130.49, 729.597
4.16156, 407.105, -49.5
4.40213, -69.2364, -582.651
2.52389, 736.957, 526.787
6.95226, -141.679, -439.761
6.16955, -417.558, 621.467
6.04239, -63.5764, 626.344
5.1278, 36.9299, -164.272
6.41065, -58.8547, -640.248
3.42484, -388.148, -400.1
5.72673, 226.465, 414.863
3.42178, -533.895, -257.048
3.31214, 17.0525, -120.263
2.65594, -233.274, 773.977
7.42716, 73.6278, -670.68
4.04559, -259.968, -516.568
4.11075, -538.179, -236.43
5.51155, 253.653, -118.038
2.89107, -280.877, -756.092
3.93936, 35.594, 65.1313
5.79307, -177.86, -426.572
7.36348, -752.439, -362.315
7.27758, -362.491, -635.914
7.42745, -545.365, -259.188
7.30478, -705.424, -518.547
3.0073, -413.269, 640.878
3.71505, -155.831, -445.576
6.91151, 128.871, -231.383
5.28805, 311.225, 432.23
6.7669, 661.863, 588.22
7.49145, -442.43, 593.247
3.99751, -201.462, -596.785
6.33157, 806.767, 458.006
4.81901, 226.63, -127.07
6.8168, -619.79, -658.192
6.99018, 758.806, -136.084
7.377, 222.14, -384.302
2.77405, 501.111, 110.159
6.32605, 794.143, -697.496
5.09219, -780.558, 642.522
3.46574, 793.077, -131.182
6.98252, 266.851, -548.352
6.38492, -771.896, 162.898
2.75968, 324.082, 500.606
7.47331, -757.183, 658.351
5.93659, -102.584, -426.114
5.94854, 786.206, 472.552
6.57666, -494.568, 696.304
7.05426, -129.524, -428.593
3.34218, -147.507, 249.667
5.24183, -509.837, 669.175
6.53351, -407.438, -207.773
4.17803, 314.161, -463.989
5.53435, -95.4925, -22.2337
6.59602, -656.352, 236.547
7.3485, 41.4619, -191.662
6.29349, 594.623, 497.666
3.72113, -119.804, -112.284
5.80589, -572.697, 316.963
4.21574, -512.339, -229.227
7.27146, 302.019, -330.931
2.60828, 698.538, 580.581
4.54979, -843.904, 818.201
2.55789, 489.569, -681.592
3.04964, 755.532, 237.841
5.28259, -781.976, 163.832
4.45466, 69.6164, -127.122
7.20539, -9.86248, -130.809
2.55572, 179.017, 384.546
6.22897, -162.745, -438.094
3.84293, 273.974, 102.91
4.27153, -600.345, -553.929
3.45835, -402.745, 640.326
5.14832, 277.279, 12.3285
4.39478, -44.1188, -639.181
3.16407, -110.981, -693.136
4.26563, -170.825, -428.27
4.2497, 757.268, 806.83
7.41084, 512.871, -55.5832
5.25961, 102.915, -253.229
4.99918, 24.5457, -626.985
3.58531, -719.747, 261.842
4.37311, -90.3584, -422.752
6.78251, -642.04, -500.58
6.45578, 778.325, -470.93
3.9204, -538.655, 679.103
5.07645, 280.436, 202.232
6.79238, -238.783, -3.40205
7.07844, -693.983, -241.423
7.48941, 111.325, 706.545
6.53177, 26.5694, -167.741
5.22718, -747.834, -215.465
7.3461, 79.6702, -673.539
5.31931, -548.119, 351.588
4.03031, -411.121, 645.1
5.41853, 718.524, 730.811
2.91197, 106.487, -181.595
5.47382, 309.637, 482.1
3.31968, -685.692, -529.005
6.46527, -663.608, -525.929
2.95373, 608.569, 587.25
6.3072, -514.285, -633.876
6.83996, -228.208, -60.7655
6.40105, 112.187, -228.953
6.61399, 742.339, 750.532
6.70974, 270.467, 504.58
4.48328, 330.57, 141.328
6.508, -100.666, 121.601
6.56811, 321.464, 38.6392
5.43493, -391.17, 44.1621
4.64621, 706.625, -72.1288
2.5002, -133.299, -366.46
5.31153, -778.607, 276.413
6.22632, 348.072, 207.215
3.89846, 751.773, 220.286
2.93406, -775.558, 498.083
3.5733, 819.321, -731.396
3.93296, -397.805, 666.837
4.86595, -391.011, 440.155
6.95893, 774.07, 750.476
5.91955, 474.596, -426.406
3.54376, 34.9834, -214.844
6.67533, 779.415, -33.5961
7.09218, 821.195, 828.01
4.48244, -503.048, -656.356
6.37858, 451.482, 430.824
5.68161, -78.3645, -84.3943
6.64746, 328.002, 130.316
3.40204, 487.795, -428.369
7.45927, 493.41, -650.937
6.70558, -95.0383, -655.503
4.65177, 779.723, 194.989
4.38589, 501.704, 782.3
2.70802, 495.507, -427.437
6.80715, -586.828, -449.676
6.62116, 787.795, -778.32
6.25052, -52.549, 611.816
3.55801, -197.75, 739.554
4.31029, -721.957, -240.699
4.43545, -712.609, -555.103
7.32918, 608.475, 563.733
6.5872, -62.8724, 625.238
4.5755, -22.2117, 397.589
5.83759, 265.673, 124.37
2.52101, 484.543, 832.429
6.98048, -691.336, 218.164
3.68416, -286.392, 295.859
3.79415, 286.611, -217.42
5.4939, 351.471, -615.626
6.89823, -714.915, 270.356
6.16299, -652.83, -450.498
6.0773, 661.239, 527.464
3.57724, -496.52, 523.773
6.30413, 710.424, -819.19
3.85351, -210.771, -501.497
2.75246, 488.474, 207.93
4.78866, 334.08, 277.354
2.58759, 442.124, -595.365
3.01129, 13.5412, -149.444
2.639, -240.296, 219.194
5.65921, -349.228, -477.893
6.34425, 37.7318, -191.836
2.74132, 455.105, -618.975
6.6924, -42.2377, -624.537
6.76899, -198.793, -172.939
6.57649, -495.44, 545.94
6.85188, 738.907, 348.747
5.27222, -530.94, -191.484
6.12646, -224.081, -34.8794
3.20424, -471.953, 659.039
6.6115, 473.17, -458.674
5.51185, 538.978, -114.322
4.93856, 446.629, -744.12
6.14942, -174.551, 690.533
4.05164, 770.615, -613.971
3.93925, -734.372, 250.661
5.45857, -757.204, 679.479
5.34055, 535.369, 705.474
5.41059, -706.378, -526.792
2.84132, -753.157, 182.385
4.34304, 100.551, -228.655
6.28475, -676.645, -571.961
6.35297, -439.483, -736.111
4.27217, -389.517, -209.548
5.98913, 138.13, 730.552
5.08005, -534.872, -254.251
5.94494, 252.902, 124.516
6.18066, -59.8295, 709.612
2.56231, -285.074, -542.682
7.16549, 516.711, -52.2531
5.37826, 241.009, 110.711
3.05587, 490.349, 755.024
4.87388, -105.23, -7.46632
3.24247, 308.237, 141.623
4.22594, 181.089, 381.572
7.04476, -746.965, 214.743
4.54571, 51.0965, 484.646
5.96642, -616.776, -62.8128
3.35865, 397.454, -670.026
6.21715, 757.782, -406.248
4.16319, -417.005, 630.356
4.62157, 512.868, 251.474
2.79523, -235.127, 25.6976
5.09005, 213.517, -131.083
5.94425, 364.198, -493.903
5.01149, -231.862, -61.5166
6.56617, -150.821, -643.6
3.07974, 132.812, -757.6
5.24841, 320.836, 418.542
5.06046, 274.79, -28.6957
6.02649, 778.703, 433.663
5.65083, -259.432, 740.73
4.0207, -39.715, -676.423
6.74719, 345.474, 197.591
3.39619, 546.956, -18.9681
2.61737, -435.721, -101.137
4.19467, 575.755, 5.85935
3.43818, 280.908, -32.8735
6.60467, -227.914, 105.543
6.72507, -709.428, -199.552
6.78031, 771.336, -667.636
7.37454, -783.994, 604.011
2.99587, 383.736, -424.117
2.56182, 585.137, 545.116
2.58614, 248.885, 364.226
2.64527, 270.27, 120.253
4.1031, 106.036, -256.729
6.17815, 544.901, 266.344
3.14876, 234.135, 414.124
2.5161, -338.962, 402.072
6.91905, 74.9517, -645.686
3.70482, 271.589, -527.303
4.38481, -772.448, 677.221
4.44879, 542.856, 131.031
2.81534, 560.11, 276.98
7.30792, 159.687, 671.299
3.75349, 696.968, -264.735
6.85376, -612.65, -50.6104
2.85991, -722.57, 301.172
2.70653, -411.239, 512.311
3.46378, 262.451, -483.313
3.86708, -281.966, 301.04
7.4007, -785.288, -338.857
3.60607, 315.757, -455.699
6.43119, -784.497, 716.807
4.42306, 197.611, -346.115
3.78593, 360.714, -607.308
3.91087, -715.403, 227.873
7.33834, 707.722, -43.7659
4.22841, 564.564, 111.266
3.45922, -697.147, 624.436
5.05037, -533.305, -293.858
5.21857, -443.66, 619.688
5.72333, -623.243, -542.86
3.89738, -72.3199, 642.595
3.41887, -281.084, -540.076
2.71579, -712.792, 268.491
3.98408, -469.722, -271.396
4.25548, -231.455, 126.351
7.09372, -439.71, 581.483
5.81225, 467.94, -278.047
5.08041, 675.348, 573.719
4.03763, 446.111, 448.512
3.0007, -203.205, 133.377
3.47502, 317.1, -738.011
4.11407, 70.7126, -266.185
5.56182, 747.402, 104.652
5.13511, 822.74, -806.705
3.45653, 355.298, 192.752
4.7178, -616.227, -442.407
4.48693, -503.702, 675.916
6.28051, -598.758, 707.079
6.6213, 680.911, 579.139
5.51573, 73.9177, -325.133
3.04573, 458.025, -627.27
4.11797, 391.689, -190.625
5.03403, 85.3125, 265.94
4.76521, -496.52, 680.982
4.77315, -153.434, -444.574
4.91125, 814.983, 837.623
5.07896, 348.666, -626.358
4.50207, 141.835, 713.232
4.22945, 687.761, 326.131
6.64533, 766.943, -167.802
3.02204, -638.398, -638.209
6.40057, 452.7, 462.779
3.19919, -264.129, -212.418
2.62171, -660.837, -539.235
6.0664, 373.409, -571.164
7.15538, 90.4204, -659.579
7.47667, 290.727, 79.5893
3.86264, -716.965, 181.134
3.6923, -450.009, -227.399
3.87328, 671.807, 543.32
5.70836, -688.13, -566.646
5.17637, 287.045, 122.16
6.8967, 673.282, -330.491
6.75968, -612.977, -648.752
2.98004, 682.285, -1.9958
4.66818, -699.247, 206.931
3.17045, -81.1002, -666.807
5.86802, -166.855, 246.16
5.34964, -136.678, -383.373
3.66474, -395.73, 671.219
5.50306, 254.269, -533.851
2.6551, -545.996, -20.2039
7.08512, 448.142, -291.705
3.82958, 786.708, -92.8415
6.50016, -168.032, -480.737
5.46389, 83.1394, -631.516
5.0822, 311.448, 479.519
5.2567, 330.705, 478.51
3.47225, 417.093, -187.726
5.36152, 118.128, -699.332
3.81992, 178.244, 327.834
4.41648, -757.099, 496.642
2.73626, -609.438, -802.738
4.22823, 488.961, -678.647
3.61594, 554.135, -392.345
3.81264, -45.0942, -659.046
3.05141, -357.012, -468.26
7.40088, -659.782, -77.3531
5.93794, 693.785, 576.925
5.82158, -533.176, -295.102
5.99501, -608.249, -581.431
2.68746, -668.045, -592.844
3.6706, -599.084, -550.916
3.95397, 733.191, 547.803
3.50543, 2.48865, -130.788
2.7177, 329.368, 216.794
2.56571, -399.036, 675.904
6.07297, -492.038, 719.144
6.88348, -696.44, -569.034
5.35088, -737.882, 372.631
6.92743, 803.218, 759.933
5.20042, -399.428, -206.64
3.31357, 819.841, -700.081
3.30492, 879.956, 452.769
7.19182, 326.616, 275.158
3.45628, 520.997, -663.686
3.15761, 28.7905, -212.196
4.41122, -228.325, -67.729
6.12674, 244.456, -113.93
2.50651, 585.614, 746.225
4.60222, -72.6569, 640.316
5.18984, 258.397, -95.3391
4.86596, -181.005, 216.776
6.33003, 585.773, 747.15
2.9396, 486.832, -414.53
7.04284, 205.605, 263.996
3.20818, -653.132, -451.133
2.54782, 313.137, 33.3354
2.82267, 297.646, 406.634
4.96742, 298.906, 208.121
5.40914, 498.97, 809.717
4.03373, -759.569, 533.991
4.57091, 699.018, -26.3405
4.33401, -624.244, -520.74
3.42687, 142.212, 580.676
2.76788, 493.321, 131.942
4.47222, 438.748, -70.9234
3.98388, -306.504, -209.543
5.05388, -367.803, 684.352
3.75392, -681.646, 226.957
5.01589, 821.091, 798.768
2.51168, -57.2028, 619.769
7.01807, 724.207, -453.802
2.79181, -805.366, -786.366
5.17506, -494.693, 700.806
3.95754, -365.993, 694.658
7.3023, -677.229, -171.748
4.73406, 243.744, -39.8363
5.08479, 731.956, 194.947
5.93861, -219.697, 7.57029
2.72187, -143.063, -23.6981
7.2946, -704.968, 534.662
5.70852, 364.448, 148.516
2.80215, 335.218, -585.546
3.33964, 180.242, 273.708
5.76491, 398.795, -127.164
6.19864, -766.281, 304.281
3.57011, 749.955, 224.091
4.31441, 145.233, -619.754
6.56981, -594.759, 815.307
5.32057, 729.667, -404.789
7.45886, -25.1222, -652.833
6.5669, -759.529, 272.202
3.49157, -798.08, 1.54721
2.50003, -73.6266, -661.415
4.62608, 780.092, -672.833
4.07406, 751.735, 230.596
5.56218, 563.758, -782.997
3.83351, -137.2, -457.176
4.39881, -617.936, -66.2069
5.43397, 736.978, 227.555
5.95636, -179.357, -468.008
7.26736, -298.879, -516.407
4.89785, -320.457, -762.024
3.60319, 345.505, -603.457
5.33741, -562.143, -433.027
6.09873, 304.214, 164.983
4.4953, -502.539, 545.098
3.48326, -624.144, 802.28
6.66971, -600.322, -557.452
5.59561, -441.5, -730.78
7.26866, -225.382, 102.731
3.23222, 43.5619, -202.678
5.38953, -145.681, -448.378
7.26796, -443.033, 576.098
3.62331, 695.11, -823.461
7.25137, -463.15, 692.386
3.07874, 777.933, -471.345
2.58372, 89.3569, -285.074
3.90465, -295.788, -157.378
7.15042, 515.774, 122.804
3.04796, 733.615, 742.017
6.77266, 44.2968, 558.632
5.68532, -560.031, -619.229
5.63853, 353.867, -614.717
3.80589, 701.092, 551.148
5.13936, -741.918, 118.415
7.16608, -218.296, 747.594
3.98055, 725.991, 61.8977
4.78006, 200.847, 327.177
6.35659, -629.278, -541.265
4.17193, 293.289, 115.246
6.31775, 110.729, -721.209
6.65892, -92.075, 746.376
2.64618, -740.379, 525.003
4.31315, 626.15, -225.886
4.16221, 285.352, 414.39
3.17675, -461.277, -155.09
3.00839, -219.356, 614.326
5.11327, -542.003, 746.194
3.52046, 1.16172, -434.735
5.00728, -698.506, -569.24
5.1371, -34.9327, 761.852
4.13422, -181.713, -167.255
4.75888, 277.968, -323.357
6.85263, -68.7013, 714.846
4.72884, 536.026, 706.404
6.03726, -520.022, -619.337
6.83171, 827.92, -661.347
6.5822, 753.227, 225.18
2.67504, 782.749, 781.489
3.8644, -525.535, -251.042
5.21858, -341.514, -467.821
3.19942, -691.198, -581.287
5.57408, -686.37, -739.683
3.29182, -615.494, -628.535
4.41129, 159.434, 198.437
5.94997, -125.965, 155.055
3.21128, -343.939, 401.708
5.65284, -783.866, 665.95
3.15973, 144.281, 727.63
7.13583, -689.17, 206.945
5.53465, -766.198, 683.602
5.50388, -735.143, 247.256
3.33635, 481.573, -438.813
3.301, -659.072, -433.249
5.91628, 561.766, 12.4018
5.1456, -600.053, -48.4258
3.65264, -34.5287, 627.951
6.55373, -439.122, -74.4058
5.76477, -328.032, -459.099
4.08597, -662.709, -536.058
2.53953, -234.927, -659.801
3.49176, 658.802, 529.614
3.78831, 77.7659, 344.257
3.03825, 673.989, -78.1694
3.49545, 146.289, -326.059
6.75079, 809.367, -633.34
6.63912, -753.573, 253.392
6.76813, -709.82, -569.932
5.71027, 211.171, 621.557
3.6787, 694.845, -820.827
6.80638, -533.05, -614.467
5.4745, 89.8786, -194.456
2.52745, 464.227, -48.2247
6.84925, -639.291, -499.438
7.37729, 505.302, 119.528
5.59653, 272.913, -22.9571
3.85574, -727.982, 166.89
7.46973, -78.0408, -394.594
4.60751, -645.836, -496.31
4.20537, -700.693, -557.133
4.80717, 286.247, -12.4703
4.44822, 191.944, -330.53
4.613, 89.2857, 534.24
2.84879, 174.218, 317.609
5.5153, 104.638, -164.206
7.36114, -69.463, 136.727
5.07406, -597.112, -495.811
7.45461, 695.318, -84.6672
5.84906, 513.906, -139.949
4.01716, -584.129, -6.04086
3.47371, 692.514, 532.874
4.0109, -676.428, -694.791
4.93946, -383.291, 468.791
4.72438, 489.897, 808.505
5.7844, 368.762, -667.812
3.74227, -692.315, -528.896
4.72007, 33.6357, 472.634
5.75894, -589.007, -68.9166
6.67472, -669.017, 172.369
6.03698, 143.816, 767.708
4.93928, -691.375, -533.282
6.72039, 351.795, -131.821
7.00296, -447.844, -218.023
6.33082, -659.67, -590.496
5.29453, 580.356, 834.005
2.70603, 41.7573, 87.0612
5.46749, 520.769, 148.413
2.68674, -504.71, 676.342
4.53488, 144.945, 371.636
2.84243, -812.397, -833.795
7.38558, -666.698, -761.261
2.5956, -535.598, -267.181
6.60363, -195.7, -222.335
5.2195, -377.82, 695.197
5.72828, 696.288, -292.459
3.62934, -218.571, -120.458
2.733, 748.67, -643.746
3.63154, 253.914, -509.899
4.58371, -651.284, 115.143
6.40126, 214.215, -576.466
3.72852, -730.799, 297.652
4.81411, 495.663, 132.692
6.14756, 716.638, 180.399
5.35237, -364.798, 676.925
5.45997, 827.824, 802.3
4.98425, -728.202, 160.189
3.951, 351.486, 105.153
4.71107, 55.0097, -202.143
2.53669, 767.594, -574.95
7.41683, 468.274, -282.888
2.52822, -759.914, -193.263
4.8676, -31.8121, 622.691
5.86497, -222.28, -234.118
