6.27803, -722.943, -880.473
3.5948, -12.1652, -141.925
5.89648, 364.672, -846.849
5.09708, -252.726, 849.855
2.76731, -938.709, 655.104
2.53849, 339.5, 22.7889
4.58743, -758.859, -227.553
7.15218, 164.585, 390.585
2.95982, -9.73982, 705.702
6.00595, -153.508, 278.133
3.81226, 548.466, 807.573
4.14117, 474.696, -858.466
7.45519, 436.933, 228.471
7.41275, -507.271, -244.099
5.75759, 460.541, 409.67
6.92354, 249.675, -788.304
6.33247, -202.624, -482.682
3.87453, -496.363, -81.0202
4.93259, -635.972, -297.565
2.80282, 791.132, 763.48
5.08146, 16.9701, 682.833
4.96988, 888.156, -385.035
7.23882, -742.405, -483.855
4.42071, -53.577, -799.832
5.14874, 776.583, -486.103
2.75042, 776.201, -49.1266
6.63909, 540.899, 518.366
5.94228, -827.693, -695.366
6.18112, 265.838, 722.275
6.94286, 906.852, 429.448
4.25508, -358.955, -535.481
6.72991, 187.16, 13.5938
3.84659, 569.501, -113.366
4.83959, 47.2164, -225.884
3.2686, -633.866, -448.687
2.66527, 613.161, 166.134
7.2768, -1.13328, 76.1087
6.95369, 123.412, 449.731
3.29884, 608.366, 204.304
3.15214, 433.313, -552.789
2.515, -460.751, -790.229
6.0491, -822.062, -185.178
3.40448, -498.845, 808.526
5.76029, 757.647, -309.78
4.42907, 411.128, -715.294
3.23766, 29.0567, -193.104
5.45054, 605.317, 80.0943
3.24076, 183.384, 857.651
3.2091, -156.871, 901.337
4.94257, -444.648, 105.481
3.13015, 814.274, -42.2887
5.64635, -306.736, -550.925
5.60817, 268.297, -676.806
4.88216, -503.06, 572.815
2.64188, -431.422, -189.339
3.21011, -104.45, 673.752
3.15594, -204.628, 816.284
3.31099, -786.469, 730.671
3.76529, -238.875, -763.622
4.77654, 541.899, -687.512
6.54472, -80.0783, -281.332
3.57624, 293.59, 763.703
3.75063, 751.124, 367.058
5.02978, -98.2381, 694.016
6.27922, 605.354, 142.802
5.66369, 811.565, -49.2159
5.9449, 583.163, -124.121
7.27207, 914.495, 452.744
5.18713, -398.611, 664.776
4.57014, -693.673, 5.97541
4.70019, 706.219, 154.794
6.07821, 696.911, 444.329
6.20858, 353.502, 569.842
5.12494, 738.206, -914.846
6.06711, -799.793, -90.6322
5.91025, 333.787, -17.8291
6.82941, 809.386, -565.547
3.19597, -2.48826, 686.758
3.57766, 878.691, -145.459
5.0733, -320.519, -149.682
4.83766, -97.5501, 697.582
3.55759, -235.338, 604.56
5.65244, -661.417, 926.41
2.5044, -880.179, 157.323
4.09589, 414.006, 500.966
5.90281, 322.433, -90.7288
6.0446, 632.404, -548.274
2.90869, -766.71, 606.564
3.56926, 257.458, 433.373
4.44412, -780.361, -552.22
4.44927, 854.119, 848.024
3.92018, 356.293, -456.191
4.6123, 530.466, 506.418
2.55658, -619.117, -477.288
3.72027, 880.232, -643.138
4.49072, -704.599, 609.588
6.64177, -690.697, 200.88
3.78584, 829.285, -695.637
3.59705, -728.786, -507.134
6.47385, 343.235, 266.924
5.8476, 449.46, 380.257
5.49108, -861.626, 262.288
5.99917, -339.791, -515.749
5.13062, 539.683, -702.845
4.14833, 207.965, 112.216
3.30844, -739.14, 342.292
6.56633, 677.704, -8.35115
4.08004, 418.023, 173.42
4.05369, 18.2989, -713.788
4.65424, 42.4749, 135.403
4.46509, -149.639, -501.889
4.43916, 7.61243, -158.965
4.34871, -723.406, -515.441
5.88118, 324.614, -502.482
6.10384, 367.223, 30.6606
7.20082, -55.4442, 854.312
5.08573, -81.928, -392.782
5.5282, -161.077, 280.682
5.85049, -640.861, 887.004
5.11404, 62.7936, -247.836
3.87105, -891.095, 634.61
7.08924, 148.132, 291.307
3.73367, 870.88, -441.797
4.77876, 333.575, 607.637
3.30374, -874.047, 616.939
4.68319, 345.423, 290.926
7.45767, 433.541, 140.834
6.26931, -407.015, 383.751
4.97846, -876.309, -612.343
7.01651, -604.318, -712.7
4.68213, 487.722, 495.738
5.09239, 144.096, -893.279
4.44866, 98.8225, -766.72
5.63431, -170.156, -554.78
5.19331, 335.487, 303.973
4.35955, 620.341, -449.443
2.54674, -325.602, 324.024
6.3794, 25.8695, -691.935
2.85317, -833.802, -576.228
3.98511, 384.635, -688.521
4.78581, -38.1985, -772.867
3.25156, -107.703, 17.3491
5.97819, 625.6, -412.52
4.15587, 369.62, 141.034
5.21197, 914.618, -804.943
2.64678, 721.044, -889.882
5.38086, 33.3662, -186.008
5.18133, 322.592, 453.898
7.36678, -730.727, -861.849
5.57063, -309.754, -553.843
5.26431, -729.35, 201.725
6.69051, -267.037, 848.624
3.75764, -460.067, 841.929
6.98957, 578.044, -134.568
5.97428, 520.01, -469.011
5.82752, -455.193, -66.03
3.06838, -639.456, -736.2
3.37987, -874.785, 95.0868
2.91253, -136.623, 159.668
6.68103, -198.489, 308.219
2.64818, 866.422, -677.718
6.34719, -60.4729, -797.634
4.29829, -499.603, 792.539
6.24626, 35.0283, 511.86
6.28385, 335.536, 297.25
3.60834, -513.91, -840.086
5.58305, 285.827, 128.422
3.66846, -519.364, -220.677
6.22052, -707.38, 251.432
5.80997, -841.702, -664.677
4.9209, 878, -693.699
2.58972, 843.691, 161.31
4.98291, 428.223, 139.354
5.09587, 9.8039, -822.694
4.71395, -815.243, 469.625
4.14528, -62.5664, 886.101
3.52671, 457.664, -86.8257
7.19863, -197.281, -525.886
2.85168, -529.637, 820.915
3.30042, 43.8303, -738.861
6.70788, -693.967, 6.78801
4.13614, -182.516, -251.872
6.85942, 186.665, 389.556
5.99896, 634.329, 504.997
5.52801, 834.637, -188.293
4.77536, 45.6719, -191.513
2.91543, -518.02, -206.408
3.94883, 21.1487, -153.051
6.51009, -639.722, -744.952
6.81821, 336.32, 15.9457
3.81831, 384.321, -482.114
4.79881, -744.737, -256.742
4.95672, 546.204, -477.526
5.82344, -456.911, -902.851
7.31738, -600.893, -166.287
7.23022, 543.343, -701.71
2.81902, 238.766, -630.722
5.04829, -525.541, -227.777
6.13222, 671.623, 640.009
5.65882, 518.428, -274.834
3.26658, -866.378, -908.378
5.09652, -814.909, 473.856
3.52281, -495.448, 797.953
6.03231, 380.505, -809.616
6.05786, -484.316, -74.5735
3.66304, -526.318, -212.9
6.80594, 21.2795, -157.688
2.67122, -66.6738, 859.939
6.26587, -865.277, 101.335
4.14789, 563.923, 134.527
4.65309, 22.0006, -479.684
7.33455, 814.673, -203.04
4.05803, 708.656, 631.636
5.69762, 842.906, -694.008
5.95386, 808.256, -43.1426
5.36403, 34.6859, 613.639
6.60667, 873.346, -700.871
4.21807, -836.837, -661.788
5.09387, -786.254, -675.263
6.78438, 105.691, -858.325
6.18587, 360.354, -7.475
3.45992, -797.27, 361.437
2.83145, -286.727, 312.823
3.60828, 894.623, -704.56
3.33656, 74.3509, -188.605
6.31172, 353.442, -852.891
5.44905, -819.817, 328.803
4.65223, 810.9, 825.763
7.09618, 617.933, 11.6362
5.09668, 430.64, 143.577
7.38058, -664.579, -53.3991
5.15714, -446.828, 95.6673
2.98716, 320.793, 294.95
5.83983, 188.435, 135.238
5.44444, 159.719, -19.0652
5.01137, -651.124, -86.2659
2.75808, -841.429, 388.848
2.6753, -262.087, -11.6236
4.41484, -723.787, -499.158
5.55555, 214.186, 108.646
5.06574, 552.57, 815.749
5.98498, 356.971, -2.89869
4.89891, 45.9351, -219.801
3.88323, 42.3793, 427.92
6.01685, -430.634, 175.361
3.67701, 801.142, -11.647
6.41501, 122.946, -179.665
6.60589, 296.948, 758.609
3.21842, -478.037, 46.0472
5.75757, -481.69, 750.118
3.87677, 825.73, -883.042
7.26215, -439.247, 658.255
4.58238, -718.91, 11.1368
3.03869, -122.267, 365.423
4.70633, -758.677, 530.182
6.28811, -371.176, -262.532
2.77803, -357.939, -252.883
3.51241, 6.28434, 105.803
6.82305, 868.77, -699.138
6.52456, -248.98, -44.0114
2.78861, -639.266, -611.765
4.40304, -41.1364, -653.263
4.56124, -113.767, 681.248
2.80071, -340.094, 306.768
7.09746, 783.513, 593.219
3.35398, 581.869, 820.709
6.51634, -876.853, 207.649
3.88599, 661.057, 35.689
4.44586, 165.914, 737.997
7.19936, 64.4315, 604.106
6.24573, 178.747, -207.902
3.44774, -353.537, 727.624
6.89581, 398.463, 464.72
6.8953, 392.227, -768.083
3.30515, -759.154, -236.271
5.87346, -771.297, -205.051
6.89096, 621.424, 155.722
6.98262, 268.719, 464.283
3.06535, 22.3429, 695.918
5.93789, -170.886, -216.111
3.21651, -753.267, -688.878
3.6901, 318.88, -25.4682
5.64383, 869.91, -185.616
4.312, 751.435, 366.825
4.64437, 587.225, 681.179
4.91936, -53.9912, -797.252
6.20379, -17.8715, -139.353
3.23098, -344.746, 793.648
7.36238, -755.673, -690.879
7.3158, -508.323, -248.888
3.14741, -544.305, 620.232
5.3784, -268.46, -568.978
4.66439, 84.8509, -160.81
5.50066, -249.787, -266.856
5.85098, -677.102, -45.3222
4.5137, 404.459, 927.26
6.46691, 649.3, 634.305
4.89889, -883.345, -230.677
5.72449, 305.511, 244.145
4.28836, -269.23, 608.836
5.96794, -304.172, -212.144
5.83428, -421.762, -659.915
3.22071, -435.357, 645.424
7.10415, -844.344, 177.722
4.22228, 15.7883, -187.368
6.66824, -390.922, -458.419
2.74349, 304.5, -679.941
3.27936, -263.619, -4.9314
2.55765, 335.862, 454.515
3.94327, 100.265, 569.765
5.07295, -324.884, -143.285
3.65948, 655.888, 427.177
2.75022, -263.529, -4.06796
5.33091, -617.859, -712.589
6.69774, -139.928, 643.782
4.28763, -677.268, -496.432
4.3452, 164.013, 813.325
7.22226, 273.716, -62.1629
4.72425, -870.519, -191.771
6.82086, 415.755, 174.52
5.82654, -777.743, -713.046
5.79297, 156.982, 630.995
7.10736, -914.414, 916.258
5.11536, 873.644, -645.535
5.45229, 432.288, -437.456
5.79944, 680.085, 660.959
4.24765, 260.962, 449.434
4.11714, 343.059, 24.0954
7.08984, -84.4691, 704.398
3.08619, 888.73, -439.162
7.31268, 574.349, -102.645
5.17978, 49.2035, -222.596
5.81447, 717.379, 639.812
5.48362, 829.579, -466.93
6.93363, -508.847, -692.33
6.67999, -635.48, -567.784
6.69339, 248.052, 153.15
6.85642, -161.908, 289.596
2.5002, -774.888, 329.678
4.77274, 298.658, 304.627
4.25696, -869.365, 198.64
5.80713, -247.027, 678.432
6.22234, -879.101, 168.469
3.3821, -154.591, -513.719
7.4621, 816.347, -725.909
5.95466, -873.643, 207.11
6.97862, 167.568, -8.19896
3.51579, 305.945, -94.5182
7.2356, -471.521, -93.4644
4.88476, 836.894, -468.769
6.78578, 870.739, -691.557
6.41237, -864.168, -544.375
5.70687, 863.178, -854.08
3.14521, -702.562, 221.199
5.77944, 11.9569, 713.383
3.09199, 60.0077, -10.3537
3.88793, 284.473, 733.197
6.65548, -244.061, -258.152
6.14153, -726.995, -501.921
6.74348, -609.062, 285.277
3.43989, -742.196, -858.527
6.09602, 545.65, -311.157
4.25586, 132.584, 278.138
3.34555, -415.292, -644.559
4.52383, 292.906, -554.564
4.20924, 154.825, 708.212
6.67141, 331.978, -85.9322
3.9111, 716.242, 607.778
5.16766, -621.425, -457.253
6.25085, 888.973, -837.119
4.62554, -624.732, -760.105
4.66964, -477.081, 585.875
3.03022, 819.24, -917.295
6.4639, -69.4315, -435.162
3.91232, -662.677, -458.014
7.14264, -484.924, -234.124
5.37926, 271.602, 468.694
3.4895, 762.878, -300.231
5.99081, 552.754, -717.004
3.07265, 443.866, -836.875
4.22945, 264.412, 719.46
4.15646, -472.934, -231.404
6.42735, 831.209, -890.042
6.65775, 450.237, -194.19
4.21712, -716.609, 735.361
4.2603, -262.427, 833.753
6.38197, 131.528, -742.994
6.58658, 15.5131, 690.004
4.26157, -186.034, 306.587
7.09559, -385.92, -259.651
3.2877, 480.155, 223.928
5.56029, -443.141, 630.571
5.54222, -435.622, 645.012
3.16647, -230.58, -681.84
3.51409, -708.921, -491.014
4.79457, -805.254, 528.708
3.48759, -465.683, 833.841
6.77118, -813.323, 336.411
6.54562, -742.66, -631.186
2.80131, -853.127, 796.073
6.50584, -692.722, 628.502
5.49597, -159.767, -475.623
7.43182, -862.083, 266.734
2.65919, -105.917, 684.244
6.8356, 877.967, -701.345
3.69109, 587.284, 278.141
3.6127, 213.082, 365.71
4.73907, -861.644, -541.209
2.61231, 857.919, -186.911
6.79755, -234.91, -18.2637
4.15902, 236.121, 511.943
5.72195, 350.773, 302.582
7.43521, -865.55, -551.933
5.30162, 295.312, -556.496
4.74553, -776.835, -218.273
5.213, 128.927, -726.952
2.90797, 786.448, -20.3749
3.99606, -742.756, -228.275
6.63964, 770.217, 596.912
6.48936, 594.873, 827.847
5.71048, -91.0928, 662.559
4.84105, 605.476, 336.413
7.15326, -164.887, -525.369
5.08798, -244.929, -8.09901
7.42924, 799.063, -484.005
5.94567, -35.0951, -675.034
6.19966, -168.469, -496.061
3.46323, -408.439, -852.271
6.08881, -508.599, 568.103
6.11146, 602.11, -104.521
6.49298, 291.739, 148.947
4.23216, 247.728, -919.481
5.1481, 26.7371, -144.077
3.19001, 729.469, -342.989
6.73218, -248.993, -260.059
6.32766, -21.8436, -785.104
7.5, 858.118, -440.033
4.24891, 499.163, 921.257
5.50367, -506.131, 566.496
3.50808, -491.939, 37.043
6.2385, 38.0338, 129.591
6.49225, 883.327, 225.865
3.03505, -686.18, 102.742
5.35813, -479.61, 30.8302
2.84683, 351.512, -379.823
4.16036, 644.301, 636.006
5.80945, 440.815, -676.689
5.27726, 111.929, -181.09
7.12415, 225.538, -7.46229
2.69832, -435.061, 181.879
2.62083, -267.449, 194.09
4.61923, 243.715, -626.429
4.36987, 402.374, 173.577
2.93303, -245.018, -251.782
3.05403, -109.79, 157.963
5.31992, 345.253, -353.918
7.37269, 12.4412, 706.729
3.05066, -36.8625, -775.644
5.99352, 103.649, 887.173
2.79674, -66.6962, -653.507
4.69755, 803.382, -33.801
5.24651, 927.367, 688.212
3.45129, 653.378, -714.528
7.36597, 368.983, 324.688
3.19593, -637.844, -104.698
5.48978, 837.482, -476.019
7.12812, -829.213, 702.79
3.91116, -57.2178, 850.972
6.8307, -137.19, -85.1095
6.29598, -213.392, -543.692
6.10793, 330.998, 596.842
3.34241, -325.501, 332.979
3.32882, 770.682, 371.287
3.39076, -648.976, -910.281
5.87226, 296.787, -542.999
4.83484, -271.566, -6.92027
6.85219, -759.613, -354.987
5.76023, -646.951, -74.5434
5.80464, 747.244, 823.146
2.58037, -652.559, -570.421
4.30596, -732.626, -682.676
3.72747, 865.456, 101.794
6.93086, -880.403, -872.96
5.23701, 815.145, 790.702
6.57209, -22.7109, -636.476
5.24453, 162.076, 823.588
4.16156, 477.363, -68.1852
4.40213, -39.6373, -621.328
2.52389, 869.075, 594.608
6.95226, -70.5096, -408.826
6.16955, -424.604, 660.646
6.04239, -93.2995, 687.153
5.1278, 76.908, -204.91
6.41065, -143.658, -765.577
3.42484, -410.675, -410.894
5.72673, 260.261, 484.515
3.42178, -614.699, -251.516
3.31214, -21.635, -93.2896
2.65594, -200.531, 828.182
7.42716, 150.244, -686.833
4.04559, -289.834, -649.753
4.11075, -639.629, -302.335
5.51155, 266.677, -174.13
2.89107, -313.188, -867.41
3.93936, 1.24483, 66.6728
5.79307, -175.235, -477.976
7.36348, -876.882, -364.107
7.27758, -361.293, -733.084
7.42745, -618.37, -277.314
7.30478, -827.149, -650.688
3.0073, -478.559, 573.992
3.71505, -177.448, -479.112
6.91151, 124.202, -357.059
5.28805, 329.461, 583.575
6.7669, 772.398, 542.069
7.49145, -527.721, 561.215
3.99751, -157.59, -498.361
6.33157, 891.513, 451.943
4.81901, 289.422, -166.091
6.8168, -629.103, -720.031
6.99018, 818.417, -87.2085
7.377, 244.099, -408.659
2.77405, 618.344, 144.389
6.32605, 876.18, -647.586
5.09219, -880.214, 736.567
3.46574, 911.959, -168.34
6.98252, 232.012, -545.673
6.38492, -797.744, 108.187
2.75968, 375.075, 517.172
7.47331, -779.057, 726.833
5.93659, -87.91, -433.34
5.94854, 848.485, 492.154
6.57666, -619.497, 778.025
7.05426, -71.4818, -403.424
3.34218, -198.614, 302.28
5.24183, -607.667, 759.088
6.53351, -514.559, -231.805
4.17803, 326.862, -507.848
5.53435, -96.9573, 14.5809
6.59602, -833.966, 345.038
7.3485, 52.064, -200.794
6.29349, 561.38, 539.999
3.72113, -128.159, -102.272
5.80589, -576.102, 353.82
4.21574, -512.042, -255.235
7.27146, 344.938, -353.079
2.60828, 765.479, 517.942
4.54979, -871.928, 890.511
2.55789, 541.752, -710.007
3.04964, 837.177, 226.181
5.28259, -814.244, 112.868
4.45466, 48.7262, -246.235
7.20539, 128.193, -162.35
2.55572, 184.733, 403.628
6.22897, -145.806, -510.162
3.84293, 203.58, 112.858
4.27153, -624.149, -745.246
3.45835, -456.664, 626.147
5.14832, 312.384, -122.48
4.39478, -26.2896, -761.135
3.16407, -89.2735, -816.253
4.26563, -197.983, -473.122
4.2497, 769.846, 919.491
7.41084, 604.425, -148.059
5.25961, 158.573, -316.017
4.99918, 22.7677, -704.141
3.58531, -810.378, 335.419
4.37311, -227.463, -557.728
6.78251, -627.294, -454.218
6.45578, 800.298, -479.557
3.9204, -531.496, 819.727
5.07645, 429.164, 166.415
6.79238, -244.228, 47.0056
7.07844, -788.343, -185.529
7.48941, 158.785, 846.194
6.53177, 119.657, -186.965
5.22718, -859.631, -180.608
7.3461, 118.703, -719.866
5.31931, -563.439, 376.888
4.03031, -449.441, 646.676
5.41853, 842.208, 861.105
2.91197, 52.7034, -192.74
5.47382, 342.083, 540.034
3.31968, -582.606, -559.637
6.46527, -623.317, -472.354
2.95373, 603.52, 664.478
6.3072, -481.251, -674.042
6.83996, -248.295, -8.33821
6.40105, 121.971, -320.886
6.61399, 870.977, 820.546
6.70974, 352.764, 549.495
4.48328, 483.984, 225.382
6.508, -140.727, 161.231
6.56811, 350.317, -21.7374
5.43493, -394.461, 80.954
4.64621, 766.843, -5.68415
2.5002, -58.1646, -423.083
5.31153, -778.669, 333.558
6.22632, 333.428, 299.026
3.89846, 858.052, 268.251
2.93406, -885.759, 538.922
3.5733, 868.983, -856.037
3.93296, -455.198, 618.004
4.86595, -383.081, 468.352
6.95893, 852.179, 818.679
5.91955, 498.92, -467.698
3.54376, 11.0765, -118.819
6.67533, 752.347, -31.7716
7.09218, 882.536, 891.351
4.48244, -514.052, -663.746
6.37858, 532.159, 522.454
5.68161, -127.561, -109.164
6.64746, 423.71, 222.956
3.40204, 502.077, -473.888
7.45927, 538.908, -721.472
6.70558, -131.442, -765.76
4.65177, 830.662, 220.137
4.38589, 568.444, 798.634
2.70802, 565.822, -495.396
6.80715, -668.067, -481.129
6.62116, 880.864, -843.594
6.25052, -3.94211, 711.057
3.55801, -179.968, 880.839
4.31029, -744.469, -197.001
4.43545, -627.604, -719.848
7.32918, 746.345, 613.286
6.5872, -106.409, 689.868
4.5755, -59.7866, 428.111
5.83759, 219.022, 121.45
2.52101, 489.172, 919.76
6.98048, -701.599, 214.791
3.68416, -350.309, 349.565
3.79415, 333.508, -170.647
5.4939, 402.589, -671.477
6.89823, -816.915, 350.102
6.16299, -614.407, -577.08
6.0773, 800.219, 582.868
3.57724, -566.342, 488.817
6.30413, 708.365, -930.359
3.85351, -166.757, -464.152
2.75246, 580.431, 266.399
4.78866, 354.418, 316.901
2.58759, 400.609, -690.257
3.01129, 30.3696, -236.376
2.639, -190.773, 311.256
5.65921, -366.277, -524.477
6.34425, 55.829, -198.896
2.74132, 535.419, -778.179
6.6924, -31.5921, -630.861
6.76899, -225.271, -211.115
6.57649, -502.103, 579.12
6.85188, 790.206, 374.999
5.27222, -601.463, -171.145
6.12646, -249.008, -60.2641
3.20424, -471.357, 841.545
6.6115, 574.276, -486.695
5.51185, 663.548, -173.784
4.93856, 472.271, -849.833
6.14942, -220.877, 799.985
4.05164, 753.345, -645.022
3.93925, -709.604, 310.869
5.45857, -888.09, 713.529
5.34055, 578.766, 823.538
5.41059, -864.636, -526.818
2.84132, -679.268, 273.651
4.34304, 141.046, -310.712
6.28475, -869.096, -534.536
6.35297, -446.418, -834.082
4.27217, -410.46, -268.244
5.98913, 161.495, 839.796
5.08005, -613.804, -274.493
5.94494, 329.252, 139.701
6.18066, -82.9096, 642.712
2.56231, -309.417, -634.022
7.16549, 599.892, -152.02
5.37826, 137.141, 112.137
3.05587, 518.112, 903.795
4.87388, -96.1147, 18.1403
3.24247, 208.83, 88.4571
4.22594, 76.6399, 426.225
7.04476, -852.195, 209.472
4.54571, 27.3758, 518.316
5.96642, -635.065, -88.5691
3.35865, 366.604, -790.545
6.21715, 848.199, -456.124
4.16319, -434.176, 686.516
4.62157, 600.078, 298.418
2.79523, -208.352, -77.0073
5.09005, 259.604, -218.327
5.94425, 424.57, -547.218
5.01149, -238.625, -13.9567
6.56617, -182.139, -710.603
3.07974, 120.447, -876.952
5.24841, 262.366, 468.81
5.06046, 330.976, 48.9942
6.02649, 907.032, 439.143
5.65083, -251.076, 849.133
4.0207, -67.198, -628.998
6.74719, 328.184, 300.305
3.39619, 595.752, -22.6907
2.61737, -465.443, -63.2729
4.19467, 679.135, 37.388
3.43818, 327.564, -82.6186
6.60467, -261.899, 168.278
6.72507, -863.199, -186.821
6.78031, 890.71, -705.312
7.37454, -876.393, 620.216
2.99587, 403.737, -429.394
2.56182, 569.903, 612.423
2.58614, 238.366, 508.09
2.64527, 195.612, 132.199
4.1031, 162.578, -314.179
6.17815, 605.9, 292.21
3.14876, 310.088, 450.986
2.5161, -377.131, 451.941
6.91905, 129.079, -725.147
3.70482, 213.764, -516.43
4.38481, -814.024, 709.805
4.44879, 574.676, 140.644
2.81534, 601.947, 321.213
7.30792, 168.205, 852.265
3.75349, 706.46, -343.858
6.85376, -677.498, -47.6829
2.85991, -818.338, 320.035
2.70653, -563.08, 570.44
3.46378, 322.839, -487.015
3.86708, -301.037, 302.271
7.4007, -910.9, -344.347
3.60607, 331.841, -511.457
6.43119, -848.561, 814.534
4.42306, 228.143, -375.885
3.78593, 436.629, -616.948
3.91087, -866.39, 109.117
7.33834, 841.878, -41.764
4.22841, 678.718, 145.574
3.45922, -863.717, 720.545
5.05037, -543.119, -350.179
5.21857, -500.518, 566.579
5.72333, -637.656, -553.412
3.89738, 18.7269, 683.634
3.41887, -315.181, -638.533
2.71579, -815.148, 347.207
3.98408, -503.719, -233.673
4.25548, -229.28, 122.075
7.09372, -391.364, 690.732
5.81225, 481.176, -337.214
5.08041, 831.493, 551.128
4.03763, 536.97, 507.342
3.0007, -304.88, 132.749
3.47502, 336.888, -876.314
4.11407, 22.0882, -147.523
5.56182, 850.705, 102.304
5.13511, 910.321, -919.614
3.45653, 323.496, 238.871
4.7178, -705.319, -506.887
4.48693, -613.903, 762.433
6.28051, -584.34, 762.96
6.6213, 710.752, 604.325
5.51573, 122.517, -382.246
3.04573, 553.739, -738.217
4.11797, 450.979, -169.677
5.03403, 35.7931, 296.055
4.76521, -631.077, 766.908
4.77315, -162.836, -494.376
4.91125, 890.958, 891.937
5.07896, 354.815, -658.646
4.50207, 168.707, 797.078
4.22945, 850.516, 385.309
6.64533, 872.686, -186.492
3.02204, -637.773, -709.691
6.40057, 507.778, 481.654
3.19919, -282.328, -224.642
2.62171, -730.11, -494.818
6.0664, 357.712, -644.287
7.15538, 117.885, -745.754
7.47667, 241.257, 144.337
3.86264, -879.189, 172.147
3.6923, -472.706, -232.549
3.87328, 864.599, 598.693
5.70836, -841.664, -667.691
5.17637, 287.456, 147.659
6.8967, 768.249, -301.467
6.75968, -657.931, -712.277
2.98004, 790.905, -41.5661
4.66818, -695.431, 204.919
3.17045, -147.217, -711.408
5.86802, -196.761, 324.086
5.34964, -58.8566, -453.739
3.66474, -507.34, 569.797
5.50306, 233.946, -621.839
2.6551, -708.317, 8.85053
7.08512, 523.466, -287.22
3.82958, 852.412, -186.866
6.50016, -156.238, -485.197
5.46389, 135.297, -722.261
5.0822, 347.836, 536.604
5.2567, 350.976, 560.048
3.47225, 468.546, -209.306
5.36152, 116.908, -674.131
3.81992, 196.221, 394.927
4.41648, -782.887, 508.486
2.73626, -668.912, -872.197
4.22823, 540.091, -708.224
3.61594, 611.993, -408.871
3.81264, 32.5589, -719.726
3.05141, -383.905, -462.124
7.40088, -674.377, -17.3922
5.93794, 744.177, 619.704
5.82158, -542.742, -357.061
5.99501, -587.911, -648.147
2.68746, -757.711, -691.222
3.6706, -639.414, -720.496
3.95397, 717.019, 637.846
3.50543, 51.2461, -259.678
2.7177, 309.858, 243.103
2.56571, -480.091, 556.125
6.07297, -479.3, 780.871
6.88348, -831.499, -572.875
5.35088, -864.228, 371.71
6.92743, 830.146, 820.536
5.20042, -399.675, -258.374
3.31357, 861.325, -667.027
3.30492, 946.102, 472.792
7.19182, 308.75, 277.288
3.45628, 505.826, -771.301
3.15761, -7.33354, -129.433
4.41122, -239.423, -7.09647
6.12674, 265.088, -168.616
2.50651, 550.956, 815.27
4.60222, 2.42002, 698.786
5.18984, 246.945, -203.251
4.86596, -220.301, 228.449
6.33003, 553.972, 813.125
2.9396, 492.184, -481.82
7.04284, 154.145, 316.6
3.20818, -795.889, -403.389
2.54782, 315.038, -25.3814
2.82267, 270.922, 472.069
4.96742, 363.873, 221.011
5.40914, 488.337, 907.928
4.03373, -887.759, 538.822
4.57091, 814.881, -34.4443
4.33401, -618.087, -620.609
3.42687, 161.318, 631.535
2.76788, 600.234, 106.194
4.47222, 479.513, -48.48
3.98388, -325.17, -180.023
5.05388, -381.301, 807.935
3.75392, -673.111, 200.985
5.01589, 903.685, 891.422
2.51168, -11.6441, 755.861
7.01807, 861.495, -440.505
2.79181, -894.582, -886.366
5.17506, -569.275, 751.101
3.95754, -378.538, 767.743
7.3023, -763.8, -229.45
4.73406, 337.659, -71.2389
5.08479, 800.035, 204.378
5.93861, -301.876, -0.0373569
2.72187, -154.852, 38.2307
7.2946, -760.505, 580.559
5.70852, 376.345, 142.706
2.80215, 499.426, -672.769
3.33964, 100.268, 257.953
5.76491, 443.98, -206.277
6.19864, -782.398, 351.518
3.57011, 829.752, 222.709
4.31441, 120.622, -702.775
6.56981, -646.751, 891.919
5.32057, 803.852, -493.225
7.45886, -29.2499, -805.15
6.5669, -788.509, 327.537
3.49157, -915.692, -13.1601
2.50003, -140.634, -754.249
4.62608, 846.072, -706.644
4.07406, 798.406, 194.947
5.56218, 590.634, -874.447
3.83351, -159.686, -494.561
4.39881, -590.739, -87.1177
5.43397, 861.182, 267.558
5.95636, -122.469, -462.06
7.26736, -384.208, -523.317
4.89785, -302.177, -871.716
3.60319, 383.031, -650.193
5.33741, -653.932, -462.847
6.09873, 332.742, 295.101
4.4953, -500.37, 570.529
3.48326, -659.796, 925.386
6.66971, -620.726, -742.407
5.59561, -448.082, -828.849
7.26866, -269.81, 146.017
3.23222, 36.2721, -194.858
5.38953, -11.5091, -428.099
7.26796, -429.937, 651.218
3.62331, 688.785, -910.106
7.25137, -496.062, 745.343
3.07874, 792.895, -471.381
2.58372, 12.885, -172.381
3.90465, -304.897, -130.106
7.15042, 582.151, 128.686
3.04796, 736.828, 821.243
6.77266, 9.8788, 691.845
5.68532, -672.275, -707.902
5.63853, 402.771, -674.036
3.80589, 722.06, 644.268
5.13936, -861.076, 153.729
7.16608, -252.88, 853.584
3.98055, 856.751, 83.6006
4.78006, 183.262, 361.877
6.35659, -625.917, -568.256
4.17193, 192.241, 120.112
6.31775, -12.5993, -805.146
6.65892, -10.169, 868.793
2.64618, -721.206, 553.194
4.31315, 679.514, -250.697
4.16221, 252.905, 481.826
3.17675, -459.69, -241.07
3.00839, -273.124, 608.632
5.11327, -583.716, 752.917
3.52046, 40.7694, -493.457
5.00728, -836.744, -571.702
5.1371, -33.0522, 861.824
4.13422, -228.991, -247.841
4.75888, 266.064, -373.887
6.85263, -39.5412, 876.79
4.72884, 573.722, 822.421
6.03726, -465.507, -779.326
6.83171, 886.063, -685.23
6.5822, 809.378, 188.554
2.67504, 816.376, 783.86
3.8644, -611.536, -274.622
5.21858, -391.153, -428.598
3.19942, -870.078, -536.688
5.57408, -727.015, -859.505
3.29182, -614.502, -636.981
4.41129, 117.612, 210.393
5.94997, -105.238, 172.513
3.21128, -374.055, 461.206
5.65284, -803.81, 729.655
3.15973, 155.729, 843.214
7.13583, -693.015, 200.744
5.53465, -883.382, 750.083
5.50388, -818.546, 321.227
3.33635, 574.582, -484.747
3.301, -783.089, -416.551
5.91628, 589.745, -23.2582
5.1456, -669.032, -57.267
3.65264, -98.3908, 680.851
6.55373, -451.311, -58.7799
5.76477, -410.559, -536.333
4.08597, -596.968, -585.87
2.53953, -253.912, -771.852
3.49176, 740.52, 632.119
3.78831, 23.2492, 365.974
3.03825, 822.785, 22.9608
3.49545, 107.623, -391.244
6.75079, 792.813, -755.299
6.63912, -851.156, 179.75
6.76813, -826.306, -587.071
5.71027, 293.709, 762.977
3.6787, 689.092, -916.075
6.80638, -505.382, -739.623
5.4745, -36.3773, -140.659
2.52745, 513.474, -52.8295
6.84925, -624.187, -457.332
7.37729, 606.941, 170.156
5.59653, 335.367, 47.0408
3.85574, -838.838, 353.628
7.46973, -197.561, -523.368
4.60751, -652.809, -454.916
4.20537, -770.569, -588.022
4.80717, 323.662, -101.654
4.44822, 239.721, -392.175
4.613, 4.63901, 506.707
2.84879, 149.108, 299.447
5.5153, 19.2826, -160.183
7.36114, -52.4684, 193.797
5.07406, -702.866, -505.749
7.45461, 857.072, -114.951
5.84906, 578.873, -139.224
4.01716, -594.2, 47.4645
3.47371, 801.144, 562.4
4.0109, -753.661, -826.535
4.93946, -357.969, 446.341
4.72438, 490.627, 927.082
5.7844, 370.938, -836.382
3.74227, -733.168, -680.797
4.72007, 38.3968, 525.834
5.75894, -664.839, -62.2804
6.67472, -697.51, 255.41
6.03698, 166.423, 779.932
4.93928, -819.161, -614.635
6.72039, 380.378, -197.016
7.00296, -485.645, -223.21
6.33082, -703.161, -472.758
5.29453, 631.026, 881.555
2.70603, -10.2729, 92.2112
5.46749, 544.103, 86.9136
2.68674, -627.171, 792.335
4.53488, 97.6275, 416.898
2.84243, -906.005, -850.925
7.38558, -721.566, -840.088
2.5956, -507.572, -242.556
6.60363, -167.315, -245.254
5.2195, -376.273, 778.014
5.72828, 725.926, -325.076
3.62934, -259.209, -46.8787
2.733, 874.085, -705.667
3.63154, 216.913, -549.503
4.58371, -636.717, 125.541
6.40126, 245.16, -603.513
3.72852, -811.015, 320.524
4.81411, 599.958, 108.336
6.14756, 893.383, 273.902
5.35237, -348.532, 777.985
5.45997, 899.306, 891.436
4.98425, -825.686, 244.488
3.951, 448.426, 160.848
4.71107, 27.1999, -194.433
2.53669, 816.483, -420.836
7.41683, 480.936, -336.932
2.52822, -746.386, -201.262
4.8676, -81.9657, 694.119
5.86497, -328.078, -165.477
