6.27803, -331.192, -421.769
3.5948, -32.359, -84.1255
5.89648, 174.014, -257.545
5.09708, -109.9, 473.999
2.76731, -373.528, 351.975
2.53849, 111.853, -27.3055
4.58743, -473.775, -75.6166
7.15218, 33.4088, 297.401
2.95982, -68.0227, 280.996
6.00595, -3.56482, 124.438
3.81226, 170.465, 306.456
4.14117, 50.7988, -309.703
7.45519, 215.35, 127.48
7.41275, -236.224, -70.5464
5.75759, 293.842, 157.82
6.92354, 136.948, -260.69
6.33247, 32.6398, -91.9851
3.87453, -216.432, -102.268
4.93259, -235.404, -93.8574
2.80282, 334.045, 312.734
5.08146, -27.0115, 345.186
4.96988, 328.387, -253.196
7.23882, -265.116, -177.325
4.42071, 54.5581, -326.671
5.14874, 329.831, -79.3312
2.75042, 455.037, -39.0425
6.63909, 245.514, 148.094
5.94228, -402.823, -323.987
6.18112, 65.2706, 315.46
6.94286, 374.341, 112.502
4.25508, -167.107, -265.549
6.72991, 91.1134, 13.2737
3.84659, 341.511, -87.9192
4.83959, 37.3036, -84.6051
3.2686, -321.672, -212.787
2.66527, 302.406, 71.6553
7.2768, -1.51967, 34.4497
6.95369, 54.584, 248.292
3.29884, 342.039, 124.849
3.15214, 214.71, -287.249
2.515, -225.412, -409.009
6.0491, -473.123, -85.707
3.40448, -260.089, 437.897
5.76029, 386.991, -182.461
4.42907, 181.346, -349.665
3.23766, -0.258851, -112.274
5.45054, 345.575, 87.1871
3.24076, 56.146, 455.408
3.2091, -91.2333, 483.304
4.94257, -247.873, 64.8985
3.13015, 461.094, -35.9694
5.64635, -180.751, -300.242
5.60817, 151.254, -373.288
4.88216, -252.158, 303.073
2.64188, -296.749, -110.686
3.21011, -73.5025, 401.674
3.15594, -89.6877, 447.486
3.31099, -407.826, 385.648
3.76529, -134.661, -428.936
4.77654, 283.153, -364.891
6.54472, -47.6997, -150.476
3.57624, 151.646, 431.674
3.75063, 408.922, 179.592
5.02978, -28.7374, 360.86
