6.27803, -361.689, -485.311
3.5948, 37.4931, -87.9657
5.89648, 148.162, -363.281
5.09708, -80.4498, 495.489
2.76731, -447.52, 331.876
2.53849, 152.812, 34.9872
4.58743, -438.318, -103.365
7.15218, 80.8241, 200.761
2.95982, -18.9586, 366.492
6.00595, -68.7383, 148.349
3.81226, 245.145, 389.364
4.14117, 171.375, -407.117
7.45519, 263.374, 136.691
7.41275, -287.064, -128.44
5.75759, 258.052, 246.274
6.92354, 182.437, -413.315
6.33247, -61.0388, -201.767
3.87453, -252.452, -31.4136
4.93259, -282.742, -127.902
2.80282, 394.718, 382.031
5.08146, -12.4623, 356.092
4.96988, 449.859, -176.742
7.23882, -386.29, -217.708
4.42071, 8.71972, -409.645
5.14874, 365.872, -160.558
2.75042, 441.739, -37.1589
6.63909, 247.673, 203.585
5.94228, -468.676, -364.469
6.18112, 117.685, 361.894
6.94286, 475.06, 215.621
4.25508, -182.615, -329.028
6.72991, 73.4241, 10.8819
3.84659, 341.511, -87.9192
4.83959, 37.3036, -84.6051
3.2686, -321.672, -212.787
2.66527, 302.406, 71.6553
7.2768, -1.51967, 34.4497
6.95369, 54.584, 248.292
3.29884, 342.039, 124.849
3.15214, 214.71, -287.249
2.515, -225.412, -409.009
6.0491, -473.123, -85.707
3.40448, -260.089, 437.897
5.76029, 386.991, -182.461
4.42907, 181.346, -349.665
3.23766, -0.258851, -112.274
5.45054, 345.575, 87.1871
3.24076, 56.146, 455.408
3.2091, -91.2333, 483.304
4.94257, -247.873, 64.8985
3.13015, 461.094, -35.9694
5.64635, -180.751, -300.242
5.60817, 151.254, -373.288
4.88216, -252.158, 303.073
2.64188, -296.749, -110.686
3.21011, -73.5025, 401.674
3.15594, -89.6877, 447.486
3.31099, -407.826, 385.648
3.76529, -134.661, -428.936
4.77654, 283.153, -364.891
6.54472, -47.6997, -150.476
3.57624, 151.646, 431.674
3.75063, 408.922, 179.592
5.02978, -28.7374, 360.86
