6.27803, -687.655, -804.37
3.5948, -73.9885, -150.453
5.89648, 400.441, -702.766
5.09708, -261.37, 904.521
2.76731, -963.399, 666.245
2.53849, 370.243, -10.1163
4.58743, -818.956, -270.754
7.15218, 234.952, 388.268
2.95982, 2.16544, 680.933
6.00595, -147.843, 315.5
3.81226, 551.021, 795.62
4.14117, 439.073, -785.805
7.45519, 438.227, 228.843
7.41275, -510.917, -273.932
5.75759, 401.954, 351.017
6.92354, 222.008, -731.409
6.33247, -179.907, -480.027
3.87453, -523.158, -114.395
4.93259, -686.281, -298.861
2.80282, 781.004, 745.617
5.08146, -13.5582, 802.437
4.96988, 818.54, -427.2
7.23882, -691.878, -515.91
4.42071, 34.3072, -723.581
5.14874, 746.754, -507.887
2.75042, 867.786, -56.0647
6.63909, 474.844, 477.842
5.94228, -719.494, -705.769
6.18112, 248.033, 704.026
6.94286, 853.279, 433.486
4.25508, -332.273, -520.447
6.72991, 178.102, -15.0236
3.84659, 606.159, -114.631
4.83959, 77.4352, -171.849
3.2686, -634.401, -427.616
2.66527, 680.092, 204.924
7.2768, -34.8804, 104.134
6.95369, 169.485, 409.235
3.29884, 615.636, 136.942
3.15214, 387.391, -510.752
2.515, -504.263, -758.917
6.0491, -883.967, -160.938
3.40448, -520.299, 713.648
5.76029, 721.928, -342.113
4.42907, 394.822, -732.856
3.23766, -3.23867, -172.479
5.45054, 599.146, 42.9307
3.24076, 152.494, 844.459
3.2091, -196.399, 832.58
4.94257, -400.524, 97.0002
3.13015, 924.058, -66.6956
5.64635, -280.06, -512.867
5.60817, 229.351, -602.507
4.88216, -529.583, 513.703
2.64188, -355.147, -193.218
3.21011, -25.7321, 742.282
3.15594, -190.722, 788.096
3.31099, -828.271, 740.407
3.76529, -289.882, -692.301
4.77654, 574.916, -764.802
6.54472, -39.2006, -261.59
3.57624, 206.39, 709.642
3.75063, 745.728, 418.165
5.02978, 2.12725, 710.28
6.27922, 656.027, 111.153
5.66369, 829.97, -12.5171
5.9449, 621.881, -99.4936
7.27207, 857.139, 529.706
5.18713, -425.245, 733.039
4.57014, -651.955, 23.2627
4.70019, 671.156, 166.023
6.07821, 661.233, 423.947
6.20858, 347.424, 555.26
5.12494, 727.538, -891.575
6.06711, -744.17, -98.3784
5.91025, 353.11, -11.9251
6.82941, 783.46, -523.602
3.19597, -94.4232, 696.992
3.57766, 797.274, -125.387
5.0733, -375.144, -235.745
4.83766, -1.71229, 724.089
3.55759, -222.848, 606.901
5.65244, -692.886, 990.254
2.5044, -803.563, 216.694
4.09589, 358.057, 476.09
5.90281, 314.606, -103.301
6.0446, 576.229, -498.423
2.90869, -785.378, 540.123
3.56926, 249.891, 375.488
4.44412, -773.442, -492.732
4.44927, 937.957, 916.662
3.92018, 340.433, -445.58
4.6123, 480.228, 482.123
2.55658, -607.715, -443.179
3.72027, 951.566, -627.848
4.49072, -672.761, 597.037
6.64177, -728.434, 188.926
3.78584, 844.18, -762.049
3.59705, -779.894, -502.11
6.47385, 310.752, 308.293
5.8476, 404.038, 317.505
5.49108, -881.097, 287.254
5.99917, -270.617, -527.007
5.13062, 559.119, -757.452
4.14833, 156.188, 69.4679
3.30844, -742.56, 302.905
6.56633, 621.548, 4.60441
4.08004, 391.563, 120.691
4.05369, -50.4692, -627.425
4.65424, 65.9353, 113.8
4.46509, -139.085, -531.836
4.43916, -2.26021, -143.694
4.34871, -705.027, -553.025
5.88118, 256.357, -517.346
6.10384, 303.201, -1.36768
7.20082, -41.9732, 799.85
5.08573, -57.5679, -414.212
5.5282, -123.227, 323.302
5.85049, -690.127, 1000.1
5.11404, 95.156, -170.453
3.87105, -961.276, 636.085
7.08924, 149.983, 332.957
3.73367, 801.932, -434.987
4.77876, 338.817, 490.872
3.30374, -955.56, 646.53
4.68319, 312.26, 257.296
7.45767, 411.226, 111.751
6.26931, -380.456, 377.26
4.97846, -780.83, -556.204
7.01651, -661.145, -803.034
4.68213, 537.767, 515.363
5.09239, 125.822, -798.677
4.44866, 112.68, -712.756
5.63431, -98.761, -509.117
5.19331, 324.647, 278.683
4.35955, 642.441, -427.892
2.54674, -342.053, 357.812
6.3794, -31.7651, -663.027
2.85317, -819.564, -621.088
3.98511, 414.435, -773.851
4.78581, -33.4645, -905.349
3.25156, -101.3, 38.7183
5.97819, 682.123, -428.387
4.15587, 381.564, 149.901
5.21197, 877.07, -688.768
2.64678, 595.15, -936.336
5.38086, -3.47373, -226.992
5.18133, 375.99, 451.874
7.36678, -807.523, -747.961
5.57063, -276.536, -506.826
5.26431, -719.647, 215.167
6.69051, -262.107, 894.003
3.75764, -536.908, 904.908
6.98957, 606.991, -118.428
5.97428, 405.869, -424.471
5.82752, -460.325, -53.5464
3.06838, -707.336, -760.143
3.37987, -832.297, 108.634
2.91253, -176.407, 170.43
6.68103, -110.856, 295.629
2.64818, 847.024, -710.312
6.34719, 49.5066, -736.688
4.29829, -427.016, 763.29
6.24626, 77.8665, 434.23
6.28385, 305.348, 333.476
3.60834, -476.432, -772.782
5.58305, 329.884, 164.732
3.66846, -517.638, -236.648
6.22052, -735.01, 236.239
5.80997, -852.69, -555.704
4.9209, 919.658, -766.24
2.58972, 813.021, 150.381
4.98291, 362.42, 132.041
5.09587, 18.7256, -718.087
4.71395, -793.735, 411.887
4.14528, 25.9405, 829.194
3.52671, 425.145, -64.5816
7.19863, -104.892, -581.455
2.85168, -474.68, 911.791
3.30042, -38.5319, -660.48
6.70788, -672.967, 27.895
4.13614, -171.993, -284.381
6.85942, 218.399, 410.003
5.99896, 590.903, 493.164
5.52801, 856.982, -175.707
4.77536, 133.14, -152.63
2.91543, -492.358, -167.795
3.94883, -37.0956, -146.63
6.51009, -641.714, -753.006
6.81821, 365.511, -16.8
3.81831, 350.001, -454.611
4.79881, -802.362, -321.716
4.95672, 617.318, -517.19
5.82344, -420.156, -786.927
7.31738, -616.072, -153.953
7.23022, 534.856, -710.538
2.81902, 255.384, -613.997
5.04829, -536.19, -248.673
6.13222, 675.317, 632.929
5.65882, 461.358, -250.463
3.26658, -773.375, -862.897
5.09652, -788.767, 411.033
3.52281, -410.765, 738.568
6.03231, 343.869, -777.757
6.05786, -489.733, -108.243
3.66304, -458.263, -268.305
6.80594, -38.9382, -146.599
2.67122, -39.2557, 763.384
6.26587, -899.198, 190.232
4.14789, 658.169, 1.32816
4.65309, -17.669, -447.478
7.33455, 803.923, -263.878
4.05803, 688.357, 731.229
5.69762, 829.125, -714.968
5.95386, 763.193, 37.0703
5.36403, 46.3179, 587.92
6.60667, 878.082, -700.906
4.21807, -881.003, -593.449
5.09387, -833.311, -770.108
6.78438, 131.677, -801.857
6.18587, 356.931, -4.31495
3.45992, -841.757, 209.376
2.83145, -327.237, 277.424
3.60828, 889.068, -689.498
3.33656, 104.681, -162.505
6.31172, 396.094, -707.954
5.44905, -839.297, 353.351
4.65223, 855.356, 856.873
7.09618, 586.43, 0.174248
5.09668, 392.752, 162.244
7.38058, -598.349, -103.837
5.15714, -408.16, 54.9088
2.98716, 285.353, 310.285
5.83983, 167.395, 81.2881
5.44444, 190.971, 11.2688
5.01137, -590.961, -101.854
2.75808, -804.7, 298.818
2.6753, -261.953, 20.2198
4.41484, -789.262, -572.317
5.55555, 157.456, 85.0109
5.06574, 545.576, 873.907
5.98498, 389.157, 19.7091
4.89891, -66.2683, -258.741
3.88323, 12.2991, 448.174
6.01685, -410.8, 150.312
3.67701, 860.956, -56.8793
6.41501, 174.13, -205.235
6.60589, 220.099, 719.421
3.21842, -476.178, 13.2138
5.75757, -469.816, 812.359
3.87677, 828.871, -828.936
7.26215, -402.928, 740.684
4.58238, -611.259, 59.8427
3.03869, -122.33, 295.039
4.70633, -772.628, 560.726
6.28811, -376.342, -224.385
2.77803, -404.399, -197.278
3.51241, -51.3351, 74.3496
6.82305, 946.084, -784.9
6.52456, -212.733, -6.8035
2.78861, -648.331, -512.474
4.40304, -62.907, -587.944
4.56124, 46.2837, 689.101
2.80071, -286.625, 307.965
7.09746, 695.169, 564.518
3.35398, 550.826, 793.989
6.51634, -867.626, 159.321
3.88599, 746.801, 50.9539
4.44586, 168.008, 707.754
7.19936, 41.7934, 582.413
6.24573, 159.88, -215.157
3.44774, -440.732, 661.014
6.89581, 337.562, 472.805
6.8953, 401.147, -700.614
3.30515, -722.864, -263.433
5.87346, -741.902, -255.333
6.89096, 646.159, 163.551
6.98262, 282.487, 455.331
3.06535, -21.6196, 725.835
5.93789, -142.945, -195.658
3.21651, -805.373, -782.487
3.6901, 281.523, -59.0005
5.64383, 813.941, -273.686
4.312, 744.952, 420.582
4.64437, 587.162, 660.508
4.91936, 15.5672, -721.423
6.20379, -58.9078, -124.84
3.23098, -382.488, 851.721
7.36238, -827.912, -771.686
7.3158, -491.479, -170.775
3.14741, -454.685, 607.32
5.3784, -289.043, -515.686
4.66439, 177.009, -211.274
5.50066, -250.78, -252.453
5.85098, -676.591, -65.5909
4.5137, 415.442, 907.707
6.46691, 631.419, 589.072
4.89889, -828.213, -187.813
5.72449, 376.153, 273.328
4.28836, -243.64, 604.942
5.96794, -353.443, -186.315
5.83428, -426.934, -626.662
3.22071, -410.112, 710.581
7.10415, -984.294, 209.947
4.22228, 8.75, -153.459
6.66824, -371.21, -449.305
2.74349, 254.82, -621.957
3.27936, -252.502, 10.7404
2.55765, 293.445, 439.122
3.94327, 70.3288, 552.348
5.07295, -312.403, -185.103
3.65948, 638.647, 412.043
2.75022, -282.822, -3.07188
5.33091, -549.156, -679.999
6.69774, -174.224, 614.406
4.28763, -660.225, -448.951
4.3452, 225.47, 769.596
7.22226, 300.202, -61.5673
4.72425, -883.848, -165.681
6.82086, 372.184, 149.983
5.82654, -730.672, -645.648
5.79297, 171.07, 661.488
7.10736, -867.499, 880.682
5.11536, 906.371, -679.914
5.45229, 436.173, -434.266
5.79944, 672.138, 618.231
4.24765, 326.149, 431.686
4.11714, 372.696, -9.09089
7.08984, -1.67452, 718.753
3.08619, 856.422, -432.273
7.31268, 579.656, -9.7721
5.17978, 44.5711, -334.952
5.81447, 803.569, 641.336
5.48362, 784.968, -410.289
6.93363, -520.474, -629.274
6.67999, -599.015, -599.014
6.69339, 254.612, 150.412
6.85642, -152.181, 299.715
2.5002, -770.235, 344.513
4.77274, 354.787, 247.758
4.25696, -871.616, 160.686
5.80713, -236.996, 647.25
6.22234, -888.527, 170.475
3.3821, -118.023, -487.168
7.4621, 886.56, -697.487
5.95466, -850.332, 155.697
6.97862, 193.392, 12.0753
3.51579, 324.663, -110.781
7.2356, -492.46, -122.896
4.88476, 826.205, -422.623
6.78578, 930.658, -655.081
6.41237, -781.386, -624.083
5.70687, 893.641, -906.89
3.14521, -758.272, 188.903
5.77944, -20.4994, 728.057
3.09199, 70.0394, -23.8713
3.88793, 283.619, 774.036
6.65548, -256.584, -272.675
6.14153, -642.477, -532.89
6.74348, -614.891, 276.487
3.43989, -777.663, -881.918
6.09602, 556.891, -324.811
4.25586, 144.334, 294.034
3.34555, -413.233, -609.004
4.52383, 339.041, -523.523
4.20924, 182.468, 654.567
6.67141, 204.398, -191.309
3.9111, 685.828, 602.353
5.16766, -674.831, -481.326
6.25085, 853.345, -768.341
4.62554, -683.468, -750.886
4.66964, -478.341, 590.525
3.03022, 795.88, -872.084
6.4639, -52.6197, -472.855
3.91232, -606.44, -397.1
7.14264, -440.978, -241.466
5.37926, 169.133, 330.021
3.4895, 839.194, -293.447
5.99081, 575.748, -776.897
3.07265, 526.141, -780.489
4.22945, 285.264, 765.331
4.15646, -460.217, -264.902
6.42735, 857.906, -826.623
6.65775, 433.056, -197.214
4.21712, -684.454, 726.075
4.2603, -287.511, 854.331
6.38197, 131.625, -766.494
6.58658, 3.29957, 681.473
4.26157, -130.722, 286.515
7.09559, -384.747, -217.464
3.2877, 503.624, 235.409
5.56029, -484.378, 545.268
5.54222, -411.684, 711.6
3.16647, -240.37, -620.978
3.51409, -698.324, -553.382
4.79457, -750.618, 510.088
3.48759, -491.057, 919.895
6.77118, -793.509, 358.752
6.54562, -783.554, -664.624
2.80131, -776.993, 780.899
6.50584, -680.462, 586.753
5.49597, -124.494, -479.496
7.43182, -846.305, 273.454
2.65919, -93.2551, 616.978
6.8356, 907.728, -769.487
3.69109, 662.242, 347.56
3.6127, 240.447, 413.014
4.73907, -990.475, -537.168
2.61231, 839.975, -150.506
6.79755, -261.353, 16.2882
4.15902, 214.817, 600.414
5.72195, 371.422, 292.563
7.43521, -805.641, -559.01
5.30162, 330.2, -504.463
4.74553, -743.93, -296.674
5.213, 176.804, -716.554
2.90797, 789.853, -35.0374
3.99606, -669.61, -249.68
6.63964, 805.358, 613.851
6.48936, 542.341, 783.305
5.71048, -108.068, 660.279
4.84105, 605.536, 300.078
7.15326, -149.13, -512.686
5.08798, -258.572, 25.7925
7.42924, 850.161, -437.923
5.94567, -16.3087, -644.613
6.19966, -193.148, -546.816
3.46323, -451.072, -819.858
6.08881, -484.764, 560.951
6.11146, 676.065, -113.49
6.49298, 365.559, 158.539
4.23216, 242.57, -854.211
5.1481, 0.928455, -186.16
3.19001, 780.96, -281.586
6.73218, -251.988, -254.833
6.32766, 6.13772, -729.188
7.5, 806.479, -447.552
4.24891, 398.633, 872.925
5.50367, -505.376, 511.211
3.50808, -449.26, 33.1236
6.2385, 39.4604, 106.379
6.49225, 800.687, 215.235
3.03505, -672.362, 63.357
5.35813, -447.649, 11.744
2.84683, 325.369, -334.059
4.16036, 713.947, 686.963
5.80945, 388.496, -675.559
5.27726, 146.835, -163.57
7.12415, 211.486, -3.6412
2.69832, -405.103, 116.292
2.62083, -320.047, 124.086
4.61923, 248.262, -616.342
4.36987, 372.144, 158.007
2.93303, -273.921, -261.716
3.05403, -155.299, 169.14
5.31992, 326.682, -358.927
7.37269, -58.8045, 681.686
3.05066, -23.3345, -823.673
5.99352, 155.918, 840.424
2.79674, -67.0107, -593.502
4.69755, 772.742, -19.7313
5.24651, 874.677, 657.287
3.45129, 614.234, -693.222
7.36597, 310.72, 296.652
3.19593, -672.954, -90.7801
5.48978, 902.578, -515.358
7.12812, -797.332, 704.226
3.91116, -41.4561, 784.021
6.8307, -173.655, -76.8166
6.29598, -109.768, -497.406
6.10793, 312.285, 560.201
3.34241, -276.852, 400.92
3.32882, 715.741, 375.099
3.39076, -659.691, -824.991
5.87226, 297.926, -526.607
4.83484, -210.843, -19.5058
6.85219, -709.245, -340.96
5.76023, -557.101, -54.053
5.80464, 650.916, 876.615
2.58037, -634.029, -618.957
4.30596, -787.673, -677.159
3.72747, 910.176, 98.8539
6.93086, -819.961, -864.434
5.23701, 767.393, 745.796
6.57209, -69.6872, -632.993
5.24453, 227.048, 766.871
4.16156, 510.507, -45.7102
4.40213, -45.1838, -635.771
2.52389, 807.636, 546.969
6.95226, -80.5521, -388.076
6.16955, -406.781, 610.485
6.04239, -172.555, 639.819
5.1278, 34.0865, -196.304
6.41065, -192.662, -678.952
3.42484, -450.781, -402.489
5.72673, 170.227, 333.156
3.42178, -760.936, -211.943
3.31214, -47.2878, -147.95
2.65594, -195.867, 807.759
7.42716, 153.676, -687.597
4.04559, -288.58, -606.694
4.11075, -644.402, -292.873
5.51155, 285.159, -237.989
2.89107, -322.179, -811.047
3.93936, -38.8167, 148.044
5.79307, -199.391, -495.72
7.36348, -894.023, -465.689
7.27758, -350.815, -677.71
7.42745, -694.47, -308.968
7.30478, -879.218, -613.949
3.0073, -471.849, 571.803
3.71505, -124.949, -490.905
6.91151, 98.4573, -434.812
5.28805, 340.936, 703.297
6.7669, 803.992, 515.667
7.49145, -532.101, 519.397
3.99751, -249.925, -477.438
6.33157, 983.667, 491.043
4.81901, 283.331, -142.781
6.8168, -636.239, -795.062
6.99018, 861.949, 6.71404
7.377, 258.282, -417.667
2.77405, 661.337, 88.0908
6.32605, 950.586, -620.754
5.09219, -935.321, 739.755
3.46574, 939.329, -249.122
6.98252, 193.896, -542.858
6.38492, -830.455, 98.9564
2.75968, 416.796, 542.179
7.47331, -856.725, 767.128
5.93659, -0.455238, -460.165
5.94854, 889.294, 496.87
6.57666, -657.545, 823.544
7.05426, -36.2458, -434.346
3.34218, -201.384, 406.365
5.24183, -579.872, 804.987
6.53351, -473.699, -254.445
4.17803, 317.826, -528.335
5.53435, -94.2377, 44.2593
6.59602, -956.466, 334.209
7.3485, 83.6142, -245.381
6.29349, 586.571, 492.568
3.72113, -186.498, -93.5431
5.80589, -572.361, 404.559
4.21574, -447.214, -185.902
7.27146, 376.801, -397.074
2.60828, 804.607, 556.363
4.54979, -892.496, 948.479
2.55789, 592.044, -672.88
3.04964, 842.935, 204.01
5.28259, -853.921, 90.0317
4.45466, -37.1364, -233.24
7.20539, 118.217, -182.655
2.55572, 179.272, 398.058
6.22897, -225.233, -434.476
3.84293, 108.619, 131.378
4.27153, -676.765, -765.665
3.45835, -468.53, 616.62
5.14832, 296.308, -171.101
4.39478, -60.1072, -854.291
3.16407, -13.49, -802.286
4.26563, -123.42, -567.508
4.2497, 784.298, 987.61
7.41084, 603.279, -121.693
5.25961, 153.273, -397.556
4.99918, 13.0901, -713.512
3.58531, -834.805, 459.281
4.37311, -229.564, -654.144
6.78251, -670.613, -471.289
6.45578, 786.732, -509.147
3.9204, -498.501, 928.393
5.07645, 437.795, 99.628
6.79238, -296.261, -27.0289
7.07844, -959.185, -175.577
7.48941, 137.264, 919.028
6.53177, 175.304, -198.939
5.22718, -913.181, -183.549
7.3461, 149.399, -739.8
5.31931, -585.582, 362.671
4.03031, -414.256, 661.366
5.41853, 969.842, 955.967
2.91197, 43.1592, -334.261
5.47382, 363.306, 615.493
3.31968, -599.195, -591.694
6.46527, -605.08, -438.421
2.95373, 578.401, 743.651
6.3072, -505.948, -679.985
6.83996, -216.416, 34.1384
6.40105, 193.404, -334.611
6.61399, 908.707, 973.456
6.70974, 372.861, 554.077
4.48328, 536.785, 255.997
6.508, -159.909, 170.501
6.56811, 381.544, -44.4824
5.43493, -410.414, 101.837
4.64621, 797.278, -51.359
2.5002, -71.9317, -480.161
5.31153, -816.318, 316.13
6.22632, 335.247, 358.083
3.89846, 963.977, 304.926
2.93406, -989.635, 565.539
3.5733, 853.539, -881.605
3.93296, -492.676, 562.706
4.86595, -408.284, 476.324
6.95893, 846.122, 819.947
5.91955, 504.813, -498.692
3.54376, -52.1548, -63.7874
6.67533, 795.541, 12.7796
7.09218, 946.2, 917.412
4.48244, -474.22, -702.592
6.37858, 541.236, 542.898
5.68161, -162.653, -91.0428
6.64746, 484.004, 294.19
3.40204, 560.441, -455.731
7.45927, 575.417, -760.009
6.70558, -150.135, -845.49
4.65177, 889.62, 267.084
4.38589, 597.117, 891.924
2.70802, 657.408, -506.416
6.80715, -811.997, -542.796
6.62116, 909.304, -913.014
6.25052, 23.9444, 738.025
3.55801, -165.085, 996.597
4.31029, -782.19, -192.585
4.43545, -592.147, -806.245
7.32918, 798.418, 647.154
6.5872, -166.323, 634.129
4.5755, -82.9513, 449.926
5.83759, 206.719, 185.41
2.52101, 478.194, 974.861
6.98048, -739.656, 250.941
3.68416, -343.341, 355.664
3.79415, 361.486, -97.0802
5.4939, 407.716, -708.042
6.89823, -852.571, 381.931
6.16299, -566.521, -594.071
6.0773, 916.428, 571.245
3.57724, -609.541, 480.954
6.30413, 678.32, -959.083
3.85351, -159.604, -562.75
2.75246, 671.688, 353.696
4.78866, 267.385, 245.628
2.58759, 450.468, -780.956
3.01129, 76.338, -174.297
2.639, -128.462, 280.745
5.65921, -340.2, -515.044
6.34425, 89.2535, -248.449
2.74132, 525.442, -842.117
6.6924, -59.3389, -630.812
6.76899, -263.3, -323.094
6.57649, -442.875, 573.426
6.85188, 795.783, 406.663
5.27222, -636.037, -174.368
6.12646, -298.062, 61.8598
3.20424, -529.345, 943.976
6.6115, 603.119, -524.511
5.51185, 735.776, -197.969
4.93856, 510.261, -922.679
6.14942, -289.494, 957.2
4.05164, 757.757, -669.913
3.93925, -699.258, 355.167
5.45857, -955.661, 813.412
5.34055, 658.661, 889.19
5.41059, -939.228, -577.318
2.84132, -689.883, 283.293
4.34304, 148.618, -384.948
6.28475, -930.068, -579.929
6.35297, -449.299, -869.559
4.27217, -394.258, -251.586
5.98913, 244.564, 934.505
5.08005, -691.133, -306.816
5.94494, 392.834, 130.922
6.18066, -82.3184, 615.334
2.56231, -344.319, -676.404
7.16549, 610.968, -118.733
5.37826, 134.119, 126.979
3.05587, 456.908, 975.572
4.87388, -111.027, 21.6535
3.24247, 170.366, 89.9758
4.22594, 50.9128, 451.243
7.04476, -934.085, 175.591
4.54571, 15.9346, 515.144
5.96642, -674.937, -73.5817
3.35865, 385.513, -930.663
6.21715, 894.06, -498.552
4.16319, -422.583, 640.185
4.62157, 670.067, 311.101
2.79523, -137.138, -117.22
5.09005, 288.564, -233.704
5.94425, 475.657, -582.229
5.01149, -265.955, 26.6367
6.56617, -168.821, -752.553
3.07974, 81.1114, -941.744
5.24841, 264.065, 465.774
5.06046, 413.637, 21.5631
6.02649, 951.296, 441.896
5.65083, -235.602, 892.945
4.0207, -22.5152, -631.288
6.74719, 400.47, 373.676
3.39619, 601.022, -19.4806
2.61737, -531.977, -100.347
4.19467, 743.597, 55.3773
3.43818, 349.223, -82.5655
6.60467, -285.677, 193.471
6.72507, -896.252, -153.801
6.78031, 848.011, -722.616
7.37454, -955.498, 640.255
2.99587, 471.897, -448.832
2.56182, 564.35, 658.092
2.58614, 210.694, 594.759
2.64527, 253.647, 94.381
4.1031, 154.076, -376.032
6.17815, 628.575, 303.244
3.14876, 373.129, 474.111
2.5161, -367.644, 508.456
6.91905, 138.798, -791.804
3.70482, 232.253, -576.411
4.38481, -822.647, 756.423
4.44879, 607.593, 187.338
2.81534, 595.652, 295.745
7.30792, 183.788, 961.87
3.75349, 727.524, -337.436
6.85376, -682.289, -54.5443
2.85991, -920.5, 429.527
2.70653, -628.243, 580.314
3.46378, 365.286, -524.283
3.86708, -311.206, 302.832
7.4007, -954.544, -365.975
3.60607, 324.356, -543.323
6.43119, -876.505, 857.804
4.42306, 302.478, -423.019
3.78593, 481.317, -637.681
3.91087, -951.413, 67.0575
7.33834, 869.692, -32.5548
4.22841, 770.968, 174.139
3.45922, -986.886, 738.562
5.05037, -548.458, -376.09
5.21857, -559.166, 635.891
5.72333, -633.888, -616.209
3.89738, -10.141, 787.291
3.41887, -296.462, -721.858
2.71579, -835.306, 386.451
3.98408, -511.947, -278.951
4.25548, -231.707, 141.355
7.09372, -421.441, 733.356
5.81225, 494.225, -358.514
5.08041, 867.854, 587.663
4.03763, 618.171, 590.028
3.0007, -354.185, 155.985
3.47502, 380.638, -881.633
4.11407, 31.7512, -133.275
5.56182, 967.822, 86.4502
5.13511, 962.577, -986.078
3.45653, 254.74, 286.443
4.7178, -656.633, -429.622
4.48693, -711.738, 857.575
6.28051, -608.168, 744.891
6.6213, 737.588, 602.65
5.51573, 141.858, -343.658
3.04573, 611.483, -831.52
4.11797, 488.227, -165.497
5.03403, 7.61712, 319.391
4.76521, -648.426, 797.011
4.77315, -182.191, -463.982
4.91125, 917.83, 908.725
5.07896, 370.085, -651.611
4.50207, 193.243, 813.128
4.22945, 960.892, 486.282
6.64533, 925.845, -239.369
3.02204, -734.502, -800.899
6.40057, 588.477, 570.986
3.19919, -297.895, -239.799
2.62171, -806.265, -513.288
6.0664, 407.712, -757.991
7.15538, 159.149, -822.386
7.47667, 179.272, 175.294
3.86264, -870.75, 152.86
3.6923, -486.491, -248.263
3.87328, 965.76, 620.87
5.70836, -910.674, -731.773
5.17637, 311.303, 157.571
6.8967, 839.217, -297.802
6.75968, -656.831, -844.922
2.98004, 913.14, -33.1479
4.66818, -753.858, 195.353
3.17045, -206.742, -759.1
5.86802, -156.821, 322.353
5.34964, -53.184, -484.322
3.66474, -625.841, 560.921
5.50306, 267.281, -691.243
2.6551, -805.671, -28.845
7.08512, 569.931, -313.406
3.82958, 862.592, -173.694
6.50016, -185.839, -509.085
5.46389, 173.506, -716.133
5.0822, 360.922, 623.676
5.2567, 317.732, 646.534
3.47225, 509.512, -233.087
5.36152, 119.246, -744.444
3.81992, 215.119, 403.535
4.41648, -765.052, 540.205
2.73626, -753.55, -897.647
4.22823, 587.969, -670.411
3.61594, 683.726, -439.774
3.81264, 16.275, -739.927
3.05141, -430.938, -401.526
7.40088, -706.672, 21.3767
5.93794, 812.889, 644.779
5.82158, -547.731, -382.947
5.99501, -602.582, -673.921
2.68746, -835.347, -778.549
3.6706, -628.461, -745.679
3.95397, 715.393, 694.396
3.50543, -42.6346, -262.748
2.7177, 379.309, 330.482
2.56571, -544.587, 527.245
6.07297, -528.801, 765.721
6.88348, -873.852, -631.581
5.35088, -891.404, 280.184
6.92743, 866.589, 873.852
5.20042, -356.157, -280.618
3.31357, 930.643, -648.84
3.30492, 971.576, 439.875
7.19182, 321.226, 287.994
3.45628, 555.445, -854.728
3.15761, -7.06326, -114.354
4.41122, -318.331, -4.42254
6.12674, 257.42, -267.372
2.50651, 546.328, 871.095
4.60222, 11.0627, 732.078
5.18984, 310.468, -213.94
4.86596, -239.189, 247.858
6.33003, 539.579, 878.222
2.9396, 555.196, -472.506
7.04284, 132.257, 324.515
3.20818, -880.982, -394.532
2.54782, 439.28, -52.6892
2.82267, 246.388, 504.458
4.96742, 382.221, 222.668
5.40914, 535.38, 992.114
4.03373, -950.459, 545.192
4.57091, 923.64, -67.3236
4.33401, -573.587, -690.46
3.42687, 187.74, 670.207
2.76788, 634.923, 159.14
4.47222, 542.736, -65.6545
3.98388, -348.331, -131.752
5.05388, -396.619, 821.657
3.75392, -698.549, 230.814
5.01589, 967.928, 884.214
2.51168, -19.4533, 802.161
7.01807, 999.748, -448.563
2.79181, -905.628, -950.014
5.17506, -691.134, 804.505
3.95754, -387.718, 878.418
7.3023, -816.508, -266.964
4.73406, 319.028, -109.34
5.08479, 896.889, 167.365
5.93861, -256.181, 9.15097
2.72187, -160.702, 76.9815
7.2946, -799.135, 607.556
5.70852, 369.973, 160.544
2.80215, 632.421, -782.611
3.33964, 47.4416, 268.462
5.76491, 487.672, -251.174
6.19864, -769.529, 340.033
3.57011, 863.057, 198.661
4.31441, 158.25, -877.718
6.56981, -648.383, 936.118
5.32057, 807.885, -470.708
7.45886, -38.5108, -903.422
6.5669, -763.811, 398.954
3.49157, -995.929, -23.2637
2.50003, -165.583, -858.815
4.62608, 944.971, -789.347
4.07406, 831.895, 192.352
5.56218, 607.26, -935.287
3.83351, -192.102, -544.784
4.39881, -595.361, -60.6059
5.43397, 972.221, 291.605
5.95636, -141.704, -518.005
7.26736, -460.586, -572.764
4.89785, -292.738, -956.641
3.60319, 374.693, -732.885
5.33741, -726.355, -445.811
6.09873, 435.676, 364.992
4.4953, -481.007, 569.136
3.48326, -689.539, 994.336
6.66971, -687.759, -763.294
5.59561, -446.473, -877.5
7.26866, -296.25, 170.627
3.23222, -14.4408, -282.738
5.38953, 41.7767, -460.876
7.26796, -391.569, 725.981
3.62331, 720.143, -975.98
7.25137, -487.483, 814.509
3.07874, 803.664, -519.021
2.58372, 29.3352, -264.886
3.90465, -345.005, -174.589
7.15042, 652.514, 166.043
3.04796, 744.764, 871.824
6.77266, 31.5757, 832.986
5.68532, -727.537, -733.189
5.63853, 410.421, -712.27
3.80589, 733.115, 740.569
5.13936, -951.267, 221.873
7.16608, -265.673, 917.694
3.98055, 924.589, 99.8955
4.78006, 155.169, 459.339
6.35659, -657.074, -625.727
4.17193, 96.9656, 114.126
6.31775, -39.476, -948.176
6.65892, -29.9481, 944.128
2.64618, -725.349, 568.767
4.31315, 716.232, -268.06
4.16221, 294.726, 460.303
3.17675, -520.421, -307.876
3.00839, -307.3, 624.007
5.11327, -610.695, 817.122
3.52046, 30.6662, -535.726
5.00728, -867.884, -633.585
5.1371, 4.88068, 962.337
4.13422, -270.74, -293.227
4.75888, 225.853, -446.704
6.85263, -7.57167, 989.584
4.72884, 647.223, 865.749
6.03726, -459.307, -922.379
6.83171, 917.398, -699.535
6.5822, 873.005, 222.934
2.67504, 898.378, 837.205
3.8644, -655.586, -235.775
5.21858, -423.27, -431.036
3.19942, -996.055, -537.355
5.57408, -781.92, -936.679
3.29182, -697.841, -606.217
4.41129, 98.6357, 221.461
5.94997, -94.224, 189.796
3.21128, -388.215, 459.905
5.65284, -785.371, 796.287
3.15973, 200.824, 936.883
7.13583, -743.912, 257.567
5.53465, -940.309, 785.331
5.50388, -922.342, 369.316
3.33635, 613.864, -534.26
3.301, -863.371, -401.788
5.91628, 625.712, -30.4258
5.1456, -717.315, -14.56
3.65264, -130.574, 814.769
6.55373, -502.492, -58.5767
5.76477, -420.996, -561.695
4.08597, -548.605, -582.648
2.53953, -263.163, -817.293
3.49176, 723.594, 750.202
3.78831, -9.3101, 382.459
3.03825, 894.34, 38.8464
3.49545, 133.717, -437.427
6.75079, 803.754, -772.606
6.63912, -986.216, 221.035
6.76813, -960.748, -550.543
5.71027, 284.78, 780.643
3.6787, 731.804, -992.278
6.80638, -502.605, -811.595
5.4745, 37.2574, -101.385
2.52745, 508.181, -28.5304
6.84925, -667.298, -478.983
7.37729, 651.57, 107.136
5.59653, 380.331, 12.9939
3.85574, -947.367, 379.191
7.46973, -158.209, -636.885
4.60751, -724.706, -531.368
4.20537, -795.52, -615.981
4.80717, 360.561, -138.492
4.44822, 265.114, -378.518
4.613, -51.4154, 515.734
2.84879, 132.393, 286.556
5.5153, -68.8759, -134.345
7.36114, -49.685, 231.804
5.07406, -696.732, -537.198
7.45461, 957.634, -137.862
5.84906, 634.022, -148.951
4.01716, -606.08, 71.1244
3.47371, 876.74, 564.58
4.0109, -709.014, -939.411
4.93946, -334.505, 461.811
4.72438, 529.535, 976.294
5.7844, 319.172, -943.753
3.74227, -780.554, -665.532
4.72007, 55.0893, 556.438
5.75894, -691.718, 55.6484
6.67472, -713.235, 187.975
6.03698, 204.461, 825.141
4.93928, -872.851, -600.874
6.72039, 400.35, -240.113
7.00296, -495.938, -181.86
6.33082, -650.293, -527.913
5.29453, 628.198, 847.78
2.70603, -27.4203, 97.692
5.46749, 564.894, 65.1259
2.68674, -683.459, 831.039
4.53488, 21.4099, 437.081
2.84243, -977.976, -882.904
7.38558, -779.974, -882.655
2.5956, -518.412, -232.673
6.60363, -162.631, -276.796
5.2195, -370.795, 880.918
5.72828, 793.138, -332.433
3.62934, -260.757, 60.9085
2.733, 826.984, -693.591
3.63154, 215.71, -556.778
4.58371, -633.555, 135.501
6.40126, 266.47, -632.815
3.72852, -922.622, 392.517
4.81411, 662.812, 78.7048
6.14756, 929.521, 291.719
5.35237, -330.211, 817.02
5.45997, 927.482, 930.14
4.98425, -946.39, 281.493
3.951, 498.098, 107.605
4.71107, -4.97572, -225.496
2.53669, 855.774, -395.618
7.41683, 506.626, -363.506
2.52822, -811.862, -142.729
4.8676, -94.4906, 736.235
5.86497, -309.97, -121.754
