6.27803, -354.705, -469.568
3.5948, 16.7641, -39.5081
5.89648, 216.07, -350.996
5.09708, -1.24197, 386.101
2.76731, -426.499, 333.403
2.53849, 132.156, 39.9999
4.58743, -427.643, -101.726
7.15218, 68.236, 238.186
2.95982, -65.0416, 384.457
6.00595, -51.5136, 143.587
3.81226, 226.685, 365.52
4.14117, 144.775, -367.998
7.45519, 284.059, 119.823
7.41275, -299.288, -140.662
5.75759, 244.415, 214.515
6.92354, 136.982, -399.782
6.33247, -56.4632, -171.761
3.87453, -246.479, -49.8767
4.93259, -252.35, -172.676
2.80282, 378.185, 365.167
5.08146, 19.2786, 362.166
4.96988, 407.372, -192.174
7.23882, -360.594, -196.495
4.42071, 19.1122, -391.743
5.14874, 377.904, -157.255
2.75042, 417.556, -40.656
6.63909, 243.955, 182.807
5.94228, -452.197, -353.589
6.18112, 117.747, 364.203
6.94286, 449.704, 206.051
4.25508, -180.901, -243.671
6.72991, 32.4202, 4.52251
3.84659, 341.288, -87.0989
4.83959, 1.4969, -69.7744
3.2686, -303.426, -125.582
2.66527, 280.428, 142.5
7.2768, 54.7396, 5.48448
6.95369, 84.0359, 191.443
3.29884, 274.695, 123.825
3.15214, 196.998, -352.273
2.515, -198.839, -366.895
6.0491, -384.312, -130.379
3.40448, -227.786, 407.799
5.76029, 401.812, -173.366
4.42907, 199.146, -326.575
3.23766, 26.6178, -57.0354
5.45054, 277.072, 143.463
3.24076, 3.42139, 354.928
3.2091, -32.9343, 389.773
4.94257, -225.892, 31.9914
3.13015, 397.646, -40.2521
5.64635, -171.417, -267.878
5.60817, 162.646, -408.54
4.88216, -222.809, 298.158
2.64188, -281.085, -129.622
3.21011, -62.6244, 392.696
3.15594, -72.476, 396.188
3.31099, -391.726, 360.422
3.76529, -133.951, -384.438
4.77654, 193.605, -362.016
6.54472, -29.8793, -145.122
3.57624, 84.0815, 333.737
3.75063, 353.447, 157.756
5.02978, -6.33221, 373.733
