6.27803, -0.000230769, -0.000157118
3.5948, -0.000553142, -0.000598087
5.89648, -0.000143262, -9.82759e-05
5.09708, 1.74035e-05, 0.000528258
2.76731, 0.00071374, -0.000149627
2.53849, -0.000636006, 1.40913e-07
4.58743, -0.000212198, 0.000506736
7.15218, -3.97566e-05, 0.000382927
2.95982, -0.000690831, -0.000236092
6.00595, -0.000112705, -0.000455491
3.81226, -0.00196114, -0.00160527
4.14117, 0.000186911, 0.000190491
7.45519, 0.000119095, 4.26345e-05
7.41275, 3.60747e-05, -1.06385e-05
5.75759, -0.000402259, 0.000540501
6.92354, -0.000554737, -0.00012824
6.33247, -0.000377183, 0.000101525
3.87453, 0.000662597, 0.000751562
4.93259, -0.000661598, 0.000268315
2.80282, 0.000178891, -0.000188527
5.08146, -0.00093573, -5.20616e-05
4.96988, -0.000115712, 0.0003041
7.23882, -0.000769367, 0.000182277
4.42071, -0.000323162, 0.000147969
5.14874, -3.97116e-06, -0.000171345
2.75042, -0.000830968, -0.000238318
6.63909, -0.000558247, -0.00033882
5.94228, -0.000914152, 0.000783861
6.18112, 7.24867e-05, 6.0648e-05
6.94286, 0.000615257, 0.000660286
4.25508, -0.000824098, 0.000483833
6.72991, -0.00059976, 0.000226324
3.84659, -0.00191878, -0.00154552
4.83959, 0.000236956, -6.78443e-05
3.2686, -0.000102187, -0.000177268
2.66527, -0.000184892, 0.000412613
7.2768, -0.000532206, -5.97981e-05
6.95369, 0.000145622, 0.000447683
3.29884, -0.000151377, 0.000232158
3.15214, -0.000899464, -0.000556667
2.515, -0.000200185, 0.000221124
6.0491, -0.000843212, 0.0002873
3.40448, -0.000486426, -0.000247156
5.76029, -0.000331902, -0.000403856
4.42907, -0.00108769, -0.000646682
3.23766, -0.000207308, -0.000518955
5.45054, -0.000397495, -0.000612913
3.24076, 1.97272e-05, 0.000128458
3.2091, -6.30389e-06, -0.00066259
4.94257, -0.000378666, 0.000399997
3.13015, -0.00149662, -5.35871e-05
5.64635, -0.000136153, -3.23728e-05
5.60817, 0.000414887, -0.000857552
4.88216, -0.00104964, 0.000288302
2.64188, -0.000157767, -0.00057862
3.21011, 2.53216e-06, -0.000380628
3.15594, -0.000632895, -0.000222833
3.31099, 9.50775e-05, 0.000297397
3.76529, -0.000187072, -0.000143528
4.77654, -0.00043574, 0.000116443
6.54472, -0.000324319, 0.0003091
3.57624, -0.000204873, -0.000336284
3.75063, 0.000133561, 0.000386777
5.02978, -0.000721076, 0.00021262
