6.27803, -352.542, -465.936
3.5948, 36.8469, -117.951
5.89648, 132.266, -324.578
5.09708, -99.9219, 493.811
2.76731, -423.716, 334.984
2.53849, 120.023, 35.7412
4.58743, -472.174, -83.2956
7.15218, 65.0638, 228.932
2.95982, -62.5017, 315.171
6.00595, -48.432, 141.366
3.81226, 222.452, 362.757
4.14117, 100.148, -331.003
7.45519, 269.376, 147.868
7.41275, -285.174, -100.03
5.75759, 241.68, 204.785
6.92354, 174.433, -367.952
6.33247, -45.6097, -143.714
3.87453, -243.125, -44.6716
4.93259, -255.238, -90.5314
2.80282, 375.918, 361.238
5.08146, -32.7209, 390.124
4.96988, 388.582, -171.77
7.23882, -352.263, -197.081
4.42071, 19.8572, -387.227
5.14874, 340.435, -134.769
2.75042, 439.956, -38.1802
6.63909, 243.781, 183.283
5.94228, -448.436, -351.575
6.18112, 102.829, 351.268
6.94286, 439.694, 200.525
4.25508, -175.928, -282.682
6.72991, 91.1134, 13.2737
3.84659, 341.511, -87.9192
4.83959, 37.3036, -84.6051
3.2686, -321.672, -212.787
2.66527, 302.406, 71.6553
7.2768, -1.51967, 34.4497
6.95369, 54.584, 248.292
3.29884, 342.039, 124.849
3.15214, 214.71, -287.249
2.515, -225.412, -409.009
6.0491, -473.123, -85.707
3.40448, -260.089, 437.897
5.76029, 386.991, -182.461
4.42907, 181.346, -349.665
3.23766, -0.258851, -112.274
5.45054, 345.575, 87.1871
3.24076, 56.146, 455.408
3.2091, -91.2333, 483.304
4.94257, -247.873, 64.8985
3.13015, 461.094, -35.9694
5.64635, -180.751, -300.242
5.60817, 151.254, -373.288
4.88216, -252.158, 303.073
2.64188, -296.749, -110.686
3.21011, -73.5025, 401.674
3.15594, -89.6877, 447.486
3.31099, -407.826, 385.648
3.76529, -134.661, -428.936
4.77654, 283.153, -364.891
6.54472, -47.6997, -150.476
3.57624, 151.646, 431.674
3.75063, 408.922, 179.592
5.02978, -28.7374, 360.86
