6.27803, -736.702, -998.457
3.5948, 65.2394, -90.1955
5.89648, 358.289, -905.209
5.09708, -233.468, 870.693
2.76731, -931.323, 660.788
2.53849, 336.023, 54.1226
4.58743, -864.302, -232.918
7.15218, 178.08, 374
2.95982, 53.2548, 692.237
6.00595, -166.556, 310.16
3.81226, 525.192, 819.905
4.14117, 472.039, -904.187
7.45519, 512.072, 264.349
7.41275, -508.45, -273.497
5.75759, 506.078, 444.86
6.92354, 263.066, -853.686
6.33247, -126.157, -454.239
3.87453, -522.492, -45.6744
4.93259, -669.775, -290.174
2.80282, 818.985, 794.011
5.08146, 8.74323, 808.098
4.96988, 972.056, -362.177
7.23882, -817.612, -467.956
4.42071, -2.6363, -848.266
5.14874, 826.779, -446.496
2.75042, 881.031, -69.7335
6.63909, 540.523, 525.667
5.94228, -966.524, -748.513
6.18112, 259.042, 736.141
6.94286, 996.415, 450.646
4.25508, -386.081, -533.9
6.72991, 182.279, 26.4247
3.84659, 673.619, -168.961
4.83959, 74.5677, -171.639
3.2686, -644.33, -423.89
2.66527, 606.391, 143.002
7.2768, -3.75407, 69.8129
6.95369, 109.396, 495.938
3.29884, 682.966, 249.142
3.15214, 429.251, -574.026
2.515, -451.144, -817.548
6.0491, -952.249, -174.313
3.40448, -518.64, 874.412
5.76029, 773.573, -364.138
4.42907, 363.318, -699.081
3.23766, -1.47991, -225.433
5.45054, 689.018, 173.861
3.24076, 114.079, 910.394
3.2091, -182.221, 965.636
4.94257, -495.061, 129.206
3.13015, 918.664, -71.5434
5.64635, -360.719, -599.643
5.60817, 302.068, -745.628
4.88216, -503.233, 605.245
2.64188, -590.77, -225.698
3.21011, -145.405, 802.627
3.15594, -179.743, 893.843
3.31099, -816.605, 768.41
3.76529, -269.046, -856.604
4.77654, 567.936, -730.898
6.54472, -95.1528, -300.675
3.57624, 303.069, 862.141
3.75063, 817.586, 359.691
5.02978, -57.6586, 721.417
6.27922, 635.039, 197.67
5.66369, 902.835, -73.9282
5.9449, 646.77, -122.889
7.27207, 973.181, 405.481
5.18713, -421.779, 704.326
4.57014, -787.92, 36.2074
4.70019, 752.619, 153.945
6.07821, 737.942, 459.264
6.20858, 412.008, 600.546
5.12494, 771.699, -961.223
6.06711, -868.614, -73.587
5.91025, 335.069, -21.9897
6.82941, 832.882, -600.385
3.19597, 87.2207, 778.824
3.57766, 976.809, -99.7185
5.0733, -367.58, -108.821
4.83766, -120.235, 760.463
3.55759, -269.088, 612.881
5.65244, -692.139, 994.927
2.5044, -993.698, 228.522
4.09589, 454.181, 546.096
5.90281, 364.478, -162.41
6.0446, 672.263, -588.891
2.90869, -810.305, 656.757
3.56926, 260.137, 529.024
4.44412, -836.994, -572.482
4.44927, 896.358, 903.851
3.92018, 383.903, -461.417
4.6123, 566.96, 553.115
2.55658, -603.157, -439.259
3.72027, 960.417, -617.466
4.49072, -725.838, 640.927
6.64177, -646.599, 201.838
3.78584, 974.985, -685.151
3.59705, -798.433, -532.613
6.47385, 391.487, 269.249
5.8476, 505.049, 392.264
5.49108, -888.551, 272.925
5.99917, -362.737, -545.094
5.13062, 525.549, -764.156
4.14833, 178.3, 105.956
3.30844, -714.113, 405.162
6.56633, 719.849, -29.0627
4.08004, 477.974, 114.22
4.05369, 56.4365, -729.898
4.65424, 35.9604, 174.556
4.46509, -251.587, -478.542
4.43916, -48.5102, -108.333
4.34871, -842.028, -441.883
5.88118, 343.428, -492.486
6.10384, 456.09, 27.9441
7.20082, -75.7414, 890.875
5.08573, -79.225, -357.08
5.5282, -195.712, 322.788
5.85049, -697.845, 974.233
5.11404, 82.7561, -311.375
3.87105, -967.139, 655.956
7.08924, 92.8891, 285.726
3.73367, 938.712, -465.758
4.77876, 387.131, 686.797
3.30374, -954.984, 640.723
4.68319, 415.006, 412.681
7.45767, 502.003, 165.863
6.26931, -440.481, 391.238
4.97846, -989.947, -657.06
7.01651, -669.494, -839.716
4.68213, 493.125, 564.857
5.09239, 169.242, -985.984
4.44866, 88.0923, -864.998
5.63431, -227.158, -568.252
5.19331, 417.68, 318.107
4.35955, 632.002, -439.131
2.54674, -371.9, 366.734
6.3794, 41.6798, -791.354
2.85317, -888.787, -559.242
3.98511, 446.855, -679.498
4.78581, -37.9769, -901.921
3.25156, -101.608, 39.7895
5.97819, 667.608, -428.868
4.15587, 370.803, 160.564
5.21197, 972.891, -883.927
2.64678, 713.986, -994.01
5.38086, -20.8426, -242.734
5.18133, 360.635, 476.909
7.36678, -755.672, -927.68
5.57063, -297.495, -622.365
5.26431, -747.374, 214.456
6.69051, -283.174, 907.295
3.75764, -483.218, 945.429
6.98957, 632.649, -147.338
5.97428, 519.124, -508.897
5.82752, -472.849, -96.0648
3.06838, -580.553, -767.68
3.37987, -986.057, 94.2019
2.91253, -136.171, 197.727
6.68103, -248.687, 373.901
2.64818, 944.197, -755.941
6.34719, -8.08077, -843.323
4.29829, -500.564, 867.387
6.24626, 0.734848, 537.245
6.28385, 363.073, 343.119
3.60834, -538.542, -926.036
5.58305, 305.19, 125.859
3.66846, -550.143, -255.883
6.22052, -668.494, 305.327
5.80997, -906.126, -681.605
4.9209, 900.039, -748.994
2.58972, 828.049, 241.105
4.98291, 444.454, 189.811
5.09587, -115.179, -890.972
4.71395, -873.326, 536.354
4.14528, -63.6846, 952.8
3.52671, 486.084, -107.871
7.19863, -253.723, -655.81
2.85168, -499.213, 927.764
3.30042, 52.3806, -750.823
6.70788, -791.188, 30.085
4.13614, -154.565, -265.777
6.85942, 154.889, 427.182
5.99896, 672.648, 516.325
5.52801, 870.063, -221.416
4.77536, 79.1491, -273.545
2.91543, -520.306, -188.058
3.94883, -55.1551, -154.583
6.51009, -568.27, -789.095
6.81821, 338.869, 57.2526
3.81831, 422.596, -512.063
4.79881, -837.37, -234.821
4.95672, 595.46, -530.595
5.82344, -467.614, -992.237
7.31738, -626.484, -150.827
7.23022, 589.263, -732.698
2.81902, 222.474, -656.745
5.04829, -407.913, -309.363
6.13222, 668.559, 653.271
5.65882, 603.117, -340.52
3.26658, -916.576, -909.098
5.09652, -870.982, 539.457
3.52281, -558.228, 857.246
6.03231, 399.572, -821.639
6.05786, -475.854, -12.0672
3.66304, -592.163, -240.595
6.80594, -66.1158, -133.199
2.67122, -110.49, 953.198
6.26587, -936.302, 48.8055
4.14789, 644.7, 180.546
4.65309, 72.5184, -535.164
7.33455, 972.665, -193.098
4.05803, 734.421, 699.358
5.69762, 992.95, -702.514
5.95386, 864.916, -63.2092
5.36403, 81.9625, 630.158
6.60667, 890.881, -682.214
4.21807, -913.01, -686.495
5.09387, -807.733, -778.54
6.78438, 122.809, -953.922
6.18587, 348.157, 35.6993
3.45992, -951.392, 394.393
2.83145, -308.216, 341.504
3.60828, 849.367, -722.858
3.33656, 171.52, -238.279
6.31172, 382.137, -943.717
5.44905, -844.737, 426.416
4.65223, 859.421, 851.517
7.09618, 661.867, 12.0087
5.09668, 446.869, 199.746
7.38058, -677.654, -19.289
5.15714, -453.338, 148.19
2.98716, 334.123, 395.767
5.83983, 220.488, 97.8465
5.44444, 142.193, -14.3364
5.01137, -702.937, -110.526
2.75808, -935.344, 461.79
2.6753, -352.476, 34.9238
4.41484, -785.595, -510.75
5.55555, 193.057, 103.615
5.06574, 539.765, 876.869
5.98498, 300.963, -26.5626
4.89891, -25.9524, -185.102
3.88323, 68.383, 421.184
6.01685, -439.598, 210.532
3.67701, 875.986, 60.0838
6.41501, 192.761, -173.901
6.60589, 362.258, 839.364
3.21842, -538.253, 54.3701
5.75757, -495.088, 801.419
3.87677, 871.195, -989.055
7.26215, -439.152, 717.088
4.58238, -753.35, 13.7656
3.03869, -126.905, 404.422
4.70633, -799.658, 532.101
6.28811, -414.029, -305.466
2.77803, -338.522, -322.045
3.51241, -28.9699, 145.867
6.82305, 946.7, -780.31
6.52456, -265.292, -14.9428
2.78861, -680.364, -674.787
4.40304, -63.9399, -701.443
4.56124, -150.055, 766.701
2.80071, -382.776, 302.559
7.09746, 797.032, 633.782
3.35398, 539.455, 802.916
6.51634, -935.133, 148.569
3.88599, 723.34, 44.8839
4.44586, 173.419, 738.754
7.19936, 51.8497, 623.725
6.24573, 160.071, -161.215
3.44774, -324.213, 761.019
6.89581, 437.29, 485.886
6.8953, 419.462, -853.087
3.30515, -816.294, -273.505
5.87346, -806.269, -166.379
6.89096, 626.594, 125.648
6.98262, 267.393, 535.366
3.06535, -26.4798, 756.133
5.93789, -234.079, -246.73
3.21651, -844.415, -758.244
3.6901, 416.292, -44.6826
5.64383, 950.332, -218.027
4.312, 817.134, 362.824
4.64437, 588.537, 718.162
4.91936, -5.05315, -848.809
6.20379, -1.15509, -100.736
3.23098, -397.475, 866.161
7.36238, -837.235, -777.816
7.3158, -520.336, -187.792
3.14741, -603.05, 666.342
5.3784, -321.014, -607.196
4.66439, 171.066, -120.496
5.50066, -238.166, -261.69
5.85098, -701.289, -138.641
4.5137, 396.252, 989.867
6.46691, 639.369, 697.411
4.89889, -979.441, -251.25
5.72449, 294.17, 277.647
4.28836, -245.58, 598.433
5.96794, -331.093, -220.915
5.83428, -416.963, -708.612
3.22071, -372.74, 709.422
7.10415, -985.979, 209.312
4.22228, 32.7334, -235.974
6.66824, -417.222, -471.192
2.74349, 269.671, -750.087
3.27936, -246.579, -79.0789
2.55765, 331.741, 510.856
3.94327, 121.561, 589.456
5.07295, -355.232, -169.903
3.65948, 683.646, 438.115
2.75022, -243.353, -67.0968
5.33091, -595.282, -850.492
6.69774, -154.406, 666.413
4.28763, -639.569, -418.836
4.3452, 173.027, 869.522
7.22226, 255.841, -73.7213
4.72425, -902.446, -186.182
6.82086, 495.876, 190.341
5.82654, -790.258, -737.402
5.79297, 163.199, 666.319
7.10736, -961.486, 963.379
5.11536, 937.765, -612.906
5.45229, 439.451, -442.295
5.79944, 668.974, 672.112
4.24765, 292.982, 460.411
4.11714, 331.782, 65.1475
7.08984, -113.529, 738.631
3.08619, 903.554, -446.462
7.31268, 675.342, -170.311
5.17978, 46.7233, -333.162
5.81447, 858.068, 635.664
5.48362, 885.426, -510.485
6.93363, -506.103, -747.199
6.67999, -672.363, -607.603
6.69339, 246.572, 204.353
6.85642, -215.947, 342.304
2.5002, -769.18, 337.322
4.77274, 257.88, 351.588
4.25696, -935.247, 148.199
5.80713, -258.183, 709.71
6.22234, -873.288, 152.844
3.3821, -116.722, -443.59
7.4621, 794.493, -815.235
5.95466, -933.514, 178.304
6.97862, 139.913, -21.9586
3.51579, 375.868, -131.266
7.2356, -455.803, -36.5112
4.88476, 901.539, -508.528
6.78578, 922.336, -746.205
6.41237, -983.792, -562.734
5.70687, 917.252, -901.451
3.14521, -725.259, 147.301
5.77944, 3.90389, 649.485
3.09199, 52.999, 9.83298
3.88793, 336.958, 805.356
6.65548, -218.619, -226.839
6.14153, -752.689, -513.774
6.74348, -597.703, 296.026
3.43989, -786.753, -951.111
6.09602, 558.87, -278.46
4.25586, 161.223, 332.649
3.34555, -415.849, -686.572
4.52383, 340.961, -551.079
4.20924, 158.887, 772.201
6.67141, 396.843, -125.531
3.9111, 698.071, 584.034
5.16766, -672.872, -477.14
6.25085, 996.015, -853.259
4.62554, -679.35, -762.01
4.66964, -571.548, 546.762
3.03022, 858.293, -933.232
6.4639, -36.9255, -466.928
3.91232, -572.667, -484.359
7.14264, -581.908, -237.634
5.37926, 236.718, 524.162
3.4895, 816.412, -288.11
5.99081, 577.281, -762.278
3.07265, 495.692, -961.926
4.22945, 308.148, 788.962
4.15646, -576.431, -236.949
6.42735, 828.587, -963.457
6.65775, 459.798, -212.973
4.21712, -740.398, 755.348
4.2603, -275.091, 885.663
6.38197, 145.059, -835.789
6.58658, -13.1073, 688.244
4.26157, -129.73, 285.094
7.09559, -434.597, -301.417
3.2877, 490.001, 252.812
5.56029, -491.554, 561.351
5.54222, -372.885, 709.811
3.16647, -252.368, -747.181
3.51409, -747.034, -476.871
4.79457, -857.59, 501.097
3.48759, -529.199, 926.892
6.77118, -838.73, 370.7
6.54562, -759.627, -694.017
2.80131, -908.065, 887.447
6.50584, -717.882, 657.67
5.49597, -193.877, -544.256
7.43182, -891.872, 309.229
2.65919, -165.552, 635.18
6.8356, 945.667, -779.581
3.69109, 668.822, 345.13
3.6127, 177.971, 432.897
4.73907, -993.272, -540.363
2.61231, 861.518, -172.567
6.79755, -250.195, 24.464
4.15902, 214.871, 590.348
5.72195, 307.125, 249.007
7.43521, -946.92, -482.215
5.30162, 284.621, -584.185
4.74553, -758.376, -246.181
5.213, 172.149, -716.262
2.90797, 773.139, -32.8033
3.99606, -801.579, -273.402
6.63964, 824.621, 681.536
6.48936, 626.133, 939.184
5.71048, -102.815, 679.669
4.84105, 631.174, 387.248
7.15326, -197.41, -611.648
5.08798, -248.272, -69.2598
7.42924, 798.298, -542.733
5.94567, -82.1641, -724.855
6.19966, -181.207, -443.934
3.46323, -392.303, -936.285
6.08881, -450.867, 625.678
6.11146, 570.082, -182.046
6.49298, 266.131, 153.985
4.23216, 255.473, -998.284
5.1481, -15.6853, -57.6736
3.19001, 715.872, -362.09
6.73218, -225.722, -203.835
6.32766, -85.4277, -886.525
7.5, 923.615, -416.176
4.24891, 483.151, 996.145
5.50367, -601.525, 592.252
3.50808, -496.416, 85.0794
6.2385, 27.9597, 151.796
6.49225, 977.949, 216.133
3.03505, -706.368, 109.433
5.35813, -507.293, 47.4499
2.84683, 358.047, -332.486
4.16036, 750.677, 689.328
5.80945, 487.566, -708.718
5.27726, 175.038, -197.698
7.12415, 228.973, -11.7444
2.69832, -486.612, 227.293
2.62083, -312.389, 240.856
4.61923, 215.266, -657.137
4.36987, 460.774, 136.495
2.93303, -240.917, -264.42
3.05403, -160.568, 169.254
5.31992, 369.488, -348.913
7.37269, 62.7099, 743.081
3.05066, -48.4891, -880.888
5.99352, 99.038, 982.985
2.79674, -50.171, -744.309
4.69755, 835.725, -109.113
5.24651, 993.388, 716.594
3.45129, 692.093, -750.907
7.36597, 313.19, 328.051
3.19593, -677.987, -77.6271
5.48978, 943.688, -433.044
7.12812, -873.65, 704.288
3.91116, -71.4105, 894.337
6.8307, -139.333, -80.5497
6.29598, -229.326, -601.833
6.10793, 349.732, 625.637
3.34241, -376.709, 370.149
3.32882, 839.691, 375.254
3.39076, -647.393, -991.196
5.87226, 336.073, -603.14
4.83484, -355.16, 39.3553
6.85219, -811.953, -358.26
5.76023, -697.576, -116.541
5.80464, 763.728, 882.654
2.58037, -660.308, -594.618
4.30596, -780.829, -669.195
3.72747, 926.424, 120.969
6.93086, -938.795, -951.296
5.23701, 825.691, 773.181
6.57209, -26.1401, -653.205
5.24453, 170.675, 870.62
4.16156, 506.506, -56.1512
4.40213, 25.2196, -654.921
2.52389, 933.046, 655.593
6.95226, -90.719, -397.274
6.16955, -498.443, 686.548
6.04239, -153.715, 673.603
5.1278, 53.6802, -187.745
6.41065, -192.034, -816.063
3.42484, -384.958, -470.443
5.72673, 244.226, 510.881
3.42178, -690.54, -344.268
3.31214, 64.5248, -83.5045
2.65594, -181.91, 851.016
7.42716, 130.247, -665.536
4.04559, -332.366, -718.456
4.11075, -668.336, -298.514
5.51155, 287.922, -233.515
2.89107, -329.653, -923.751
3.93936, -18.2789, 88.3146
5.79307, -123.066, -493.211
7.36348, -995.025, -348.954
7.27758, -363.21, -797.312
7.42745, -671.663, -292.593
7.30478, -915.09, -765.45
3.0073, -558.94, 569.476
3.71505, -124.437, -491.852
6.91151, 98.7349, -434.126
5.28805, 340.754, 702.121
6.7669, 803.455, 515.827
7.49145, -533.635, 521.401
3.99751, -256.841, -481.205
6.33157, 981.336, 489.574
4.81901, 283.824, -143.163
6.8168, -636.248, -794.121
6.99018, 861.296, 5.84894
7.377, 258.105, -417.148
2.77405, 661.531, 79.6588
6.32605, 949.397, -619.212
5.09219, -934.504, 739.562
3.46574, 935.052, -245.381
6.98252, 194.783, -543.044
6.38492, -831.125, 98.543
2.75968, 416.366, 541.745
7.47331, -855.495, 766.329
5.93659, -1.64312, -459.673
5.94854, 888.714, 496.819
6.57666, -657.399, 821.844
7.05426, -36.4581, -435.435
3.34218, -201.384, 405.321
5.24183, -580.028, 804.531
6.53351, -478.127, -253.166
4.17803, 319.337, -530.317
5.53435, -98.1625, 41.9138
6.59602, -954.584, 334.135
7.3485, 87.8156, -248.242
6.29349, 585.672, 492.804
3.72113, -184.685, -93.224
5.80589, -572.275, 404.044
4.21574, -447.686, -186.293
7.27146, 376.402, -396.688
2.60828, 804.119, 556.059
4.54979, -892.194, 947.623
2.55789, 590.754, -672.619
3.04964, 842.271, 202.172
5.28259, -851.808, 90.9025
4.45466, -33.8714, -234.408
7.20539, 118.054, -182.676
2.55572, 179.288, 396.812
6.22897, -224.278, -435.073
3.84293, 109.411, 129.737
4.27153, -682.4, -759.672
3.45835, -466.651, 616.867
5.14832, 296.064, -170.491
4.39478, -59.205, -854.831
3.16407, -13.0933, -802.556
4.26563, -124.414, -566.377
4.2497, 784.071, 986.641
7.41084, 611.64, -119.836
5.25961, 151.692, -391.005
4.99918, 13.3214, -713.85
3.58531, -834.718, 458.193
4.37311, -230.896, -652.782
6.78251, -662.289, -475.001
6.45578, 788.1, -509.891
3.9204, -491.864, 929.113
5.07645, 437.595, 100.187
6.79238, -294.928, -26.0255
7.07844, -950.18, -173.532
7.48941, 136.882, 917.746
6.53177, 170.812, -194.037
5.22718, -908.774, -183.963
7.3461, 149.611, -738.492
5.31931, -585.395, 362.651
4.03031, -415.102, 660.714
5.41853, 968.241, 954.507
2.91197, 54.435, -333.024
5.47382, 357.717, 623.81
3.31968, -598.912, -591.685
6.46527, -610.068, -436.574
2.95373, 578.724, 742.133
6.3072, -505.665, -679.872
6.83996, -218.301, 33.2682
6.40105, 192.611, -334.522
6.61399, 908.649, 971.747
6.70974, 372.698, 553.674
4.48328, 534.131, 256.143
6.508, -160.792, 169.006
6.56811, 381.102, -44.2913
5.43493, -410.136, 101.524
4.64621, 796.638, -50.7557
2.5002, -69.8081, -479.66
5.31153, -815.814, 316.418
6.22632, 335.698, 356.588
3.89846, 964.416, 301.05
2.93406, -988.232, 565.294
3.5733, 853.498, -881.172
3.93296, -493.778, 555.309
4.86595, -407.488, 475.789
6.95893, 845.698, 819.913
5.91955, 506.396, -499.614
3.54376, -51.3172, -64.9092
6.67533, 794.883, 12.3845
7.09218, 943.197, 917.495
4.48244, -474.565, -701.892
6.37858, 541.593, 539.973
5.68161, -162.005, -90.7821
6.64746, 483.734, 292.993
3.40204, 559.451, -457.238
7.45927, 578.598, -764.179
6.70558, -150.57, -845.144
4.65177, 888.98, 266.547
4.38589, 596.915, 890.895
2.70802, 656.404, -506.054
6.80715, -809.533, -541.086
6.62116, 910.738, -909.625
6.25052, 19.6437, 735.463
3.55801, -165.141, 994.972
4.31029, -782.006, -192.408
4.43545, -591.729, -804.6
7.32918, 803.434, 642.731
6.5872, -168.133, 631.437
4.5755, -82.6276, 449.606
5.83759, 206.243, 184.597
2.52101, 477.721, 975.191
6.98048, -743.37, 256.72
3.68416, -343.404, 355.435
3.79415, 360.299, -96.5129
5.4939, 408.776, -710.361
6.89823, -848.554, 380.19
6.16299, -565.974, -593.002
6.0773, 914.89, 570.941
3.57724, -608.918, 481.011
6.30413, 678.481, -958.514
3.85351, -160.105, -561.49
2.75246, 669.363, 347.523
4.78866, 268.179, 245.65
2.58759, 449.727, -779.961
3.01129, 74.9487, -172.725
2.639, -129.137, 281.529
5.65921, -340.562, -515.383
6.34425, 82.9007, -245.545
2.74132, 525.53, -841.305
6.6924, -58.5961, -630.721
6.76899, -263.171, -321.656
6.57649, -443.968, 573.779
6.85188, 795.393, 406.116
5.27222, -634.914, -173.1
6.12646, -296.947, 60.6278
3.20424, -528.297, 940.494
6.6115, 601.973, -528.23
5.51185, 734.716, -197.643
4.93856, 509.562, -921.662
6.14942, -288.932, 955.042
4.05164, 757.666, -669.544
3.93925, -699.315, 354.56
5.45857, -954.324, 811.984
5.34055, 657.391, 887.363
5.41059, -929.169, -579.206
2.84132, -689.638, 283.237
4.34304, 152.934, -381.051
6.28475, -937.494, -576.814
6.35297, -446.755, -876.19
4.27217, -394.149, -252.017
5.98913, 243.723, 933.452
5.08005, -686.693, -304.921
5.94494, 392.052, 131.474
6.18066, -82.2242, 615.557
2.56231, -343.899, -675.711
7.16549, 603.945, -122.775
5.37826, 133.839, 126.697
3.05587, 458.219, 975.053
4.87388, -109.957, 23.6931
3.24247, 172.305, 92.5585
4.22594, 50.951, 450.44
7.04476, -933.41, 182.375
4.54571, 15.6176, 515.879
5.96642, -677.646, -75.2379
3.35865, 384.055, -932.667
6.21715, 893.583, -502.134
4.16319, -423.288, 640.898
4.62157, 668.788, 311.323
2.79523, -137.208, -116.066
5.09005, 282.541, -240.098
5.94425, 475.055, -581.791
5.01149, -261.133, 24
6.56617, -168.986, -751.929
3.07974, 81.4861, -940.511
5.24841, 265.659, 465.631
5.06046, 412.492, 21.4273
6.02649, 952.533, 441.756
5.65083, -236.415, 891.123
4.0207, -23.5104, -632.864
6.74719, 400.261, 372.729
3.39619, 601.762, -20.016
2.61737, -531.236, -100.307
4.19467, 741.732, 54.6206
3.43818, 350.063, -83.9105
6.60467, -286.078, 191.517
6.72507, -895.91, -155.338
6.78031, 844.316, -719.325
7.37454, -955.032, 638.444
2.99587, 470.923, -448.597
2.56182, 564.422, 657.441
2.58614, 217.682, 587.955
2.64527, 252.872, 94.7807
4.1031, 150.221, -385.838
6.17815, 628.079, 302.889
3.14876, 368.7, 474.763
2.5161, -367.858, 507.863
6.91905, 138.972, -791.319
3.70482, 231.798, -575.413
4.38481, -821.966, 758.14
4.44879, 608.977, 186.67
2.81534, 595.797, 295.379
7.30792, 183.733, 959.985
3.75349, 727.128, -337.863
6.85376, -681.179, -56.7588
2.85991, -919.594, 428.318
2.70653, -626.329, 578.902
3.46378, 363.988, -523.937
3.86708, -310.838, 302.846
7.4007, -953.83, -365.778
3.60607, 324.739, -541.31
6.43119, -876.136, 857.058
4.42306, 301.727, -422.599
3.78593, 480.673, -637.339
3.91087, -949.404, 66.3584
7.33834, 869.014, -33.4057
4.22841, 769.596, 173.259
3.45922, -985.456, 738.17
5.05037, -547.678, -382.464
5.21857, -558.55, 635.184
5.72333, -635.742, -615.892
3.89738, -10.1691, 787.647
3.41887, -296.524, -720.829
2.71579, -839.055, 381.821
3.98408, -504.931, -267.845
4.25548, -231.618, 141.039
7.09372, -421.322, 730.383
5.81225, 502.616, -361.699
5.08041, 867.303, 586.874
4.03763, 617.131, 589.094
3.0007, -353.538, 155.611
3.47502, 380.323, -881.264
4.11407, 31.6074, -132.626
5.56182, 966.153, 86.5627
5.13511, 961.843, -985.145
3.45653, 255.982, 285.719
4.7178, -652.423, -429.202
4.48693, -710.682, 856.262
6.28051, -607.627, 744.847
6.6213, 737.221, 602.633
5.51573, 141.939, -344.09
3.04573, 610.755, -830.336
4.11797, 487.677, -165.444
5.03403, 7.99527, 319.029
4.76521, -648.3, 797.958
4.77315, -181.625, -462.411
4.91125, 917.833, 909.607
5.07896, 369.771, -651.44
4.50207, 195.614, 815.443
4.22945, 961.867, 485.518
6.64533, 927.188, -239.716
3.02204, -733.603, -799.709
6.40057, 587.409, 569.794
3.19919, -297.752, -239.614
2.62171, -803.329, -514.826
6.0664, 407.353, -756.532
7.15538, 156.931, -822.32
7.47667, 180.57, 174.993
3.86264, -881.675, 152.865
3.6923, -481.715, -251.905
3.87328, 964.433, 620.468
5.70836, -909.779, -731.375
5.17637, 310.983, 156.674
6.8967, 837.612, -297.385
6.75968, -660.31, -842.206
2.98004, 911.087, -34.5556
4.66818, -752.042, 197.53
3.17045, -206.068, -758.289
5.86802, -159.185, 319.2
5.34964, -53.3305, -481.923
3.66474, -624.726, 562.195
5.50306, 266.941, -690.417
2.6551, -804.532, -28.4849
7.08512, 569.353, -312.785
3.82958, 864.832, -179.202
6.50016, -185.27, -509.316
5.46389, 170.18, -724.497
5.0822, 360.585, 615.894
5.2567, 318.827, 645.175
3.47225, 508.104, -233.354
5.36152, 120.572, -743.841
3.81992, 214.386, 403.102
4.41648, -765.224, 539.945
2.73626, -754.257, -897.597
4.22823, 587.74, -670.794
3.61594, 681.004, -438.121
3.81264, 16.707, -738.5
3.05141, -430.485, -401.993
7.40088, -706.227, 20.6802
5.93794, 803.174, 643.969
5.82158, -548.268, -376.766
5.99501, -602.198, -673.463
2.68746, -836.219, -777.434
3.6706, -628.778, -745.715
3.95397, 716.656, 694.146
3.50543, -40.8118, -260.997
2.7177, 377.305, 331.763
2.56571, -538.684, 524.516
6.07297, -528.108, 765.626
6.88348, -869.183, -631.716
5.35088, -889.211, 275.489
6.92743, 866.229, 872.102
5.20042, -356.37, -280.309
3.31357, 930.266, -648.182
3.30492, 969.427, 440.125
7.19182, 320.072, 287.685
3.45628, 554.754, -853.553
3.15761, -5.7107, -111.256
4.41122, -316.489, -4.94971
6.12674, 257.663, -266.157
2.50651, 541.755, 876.152
4.60222, 16.9351, 734.279
5.18984, 309.026, -213.991
4.86596, -238.954, 247.543
6.33003, 545.123, 869.378
2.9396, 555.063, -470.971
7.04284, 133.125, 324.127
3.20818, -878.51, -395.185
2.54782, 437.451, -52.1344
2.82267, 241.077, 516.512
4.96742, 382, 222.557
5.40914, 533.852, 988.264
4.03373, -949.475, 544.992
4.57091, 919.717, -68.0622
4.33401, -574.167, -689.589
3.42687, 186.21, 669.466
2.76788, 637.338, 160.692
4.47222, 541.958, -65.5391
3.98388, -348.113, -131.934
5.05388, -396.43, 821.155
3.75392, -699.37, 230.517
5.01589, 966.175, 884.736
2.51168, -17.2777, 799.396
7.01807, 998.071, -448.344
2.79181, -905.894, -948.986
5.17506, -689.549, 804.774
3.95754, -385.731, 876.459
7.3023, -815.093, -270.051
4.73406, 319.471, -109.268
5.08479, 895.684, 167.572
5.93861, -256.244, 12.3262
2.72187, -160.66, 76.4358
7.2946, -798.573, 607.156
5.70852, 363.738, 155.975
2.80215, 631.12, -781.655
3.33964, 48.1396, 268.289
5.76491, 487.623, -250.099
6.19864, -769.355, 338.587
3.57011, 861.353, 199.968
4.31441, 157.684, -875.794
6.56981, -648.225, 935.339
5.32057, 807.834, -470.65
7.45886, -43.4887, -897.472
6.5669, -763.721, 398.088
3.49157, -994.759, -23.1197
2.50003, -163.186, -855.831
4.62608, 947.182, -774.588
4.07406, 833.338, 194.009
5.56218, 607.036, -934.405
3.83351, -202.005, -544.527
4.39881, -595.186, -60.9612
5.43397, 969.045, 293.855
5.95636, -141.604, -516.423
7.26736, -459.792, -572.207
4.89785, -292.815, -955.439
3.60319, 375.478, -731.466
5.33741, -725.382, -446.604
6.09873, 434.079, 364.526
4.4953, -485.08, 566.159
3.48326, -690.569, 993.162
6.66971, -676.907, -761.381
5.59561, -449.576, -868.234
7.26866, -295.204, 171.709
3.23222, -14.3948, -280.958
5.38953, 41.0717, -460.328
7.26796, -392.054, 724.089
3.62331, 720.336, -976.995
7.25137, -489.004, 811.225
3.07874, 800.808, -518.603
2.58372, 29.5325, -263.301
3.90465, -348.617, -172.857
7.15042, 649.512, 167.266
3.04796, 745.862, 871.902
6.77266, 30.833, 831.264
5.68532, -726.91, -732.637
5.63853, 408.175, -709.419
3.80589, 730.21, 741.6
5.13936, -951.059, 220.691
7.16608, -267.29, 915.054
3.98055, 923.844, 100.792
4.78006, 155.586, 457.577
6.35659, -656.767, -623.056
4.17193, 98.5812, 115.371
6.31775, -39.5164, -945.708
6.65892, -30.0255, 943.531
2.64618, -725.244, 568.501
4.31315, 715.724, -267.8
4.16221, 284.942, 461.022
3.17675, -519.661, -305.918
3.00839, -306.921, 623.808
5.11327, -610.268, 815.994
3.52046, 30.6588, -534.936
5.00728, -872.649, -630.52
5.1371, 3.67761, 961.969
4.13422, -269.732, -293.049
4.75888, 226.04, -445.781
6.85263, -7.48285, 987.196
4.72884, 646.295, 865.476
6.03726, -459.066, -920.767
6.83171, 916.093, -699.371
6.5822, 871.517, 221.897
2.67504, 896.792, 837.5
3.8644, -654.67, -236.185
5.21858, -422.98, -430.92
3.19942, -993.809, -547.328
5.57408, -780.261, -936.241
3.29182, -694.838, -605.822
4.41129, 98.8731, 221.276
5.94997, -94.298, 189.626
3.21128, -388.746, 460.45
5.65284, -785.186, 795.181
3.15973, 199.976, 936.54
7.13583, -739.179, 250.17
5.53465, -939.744, 785.043
5.50388, -922.166, 370.113
3.33635, 606.681, -529.638
3.301, -863.44, -401.518
5.91628, 624.685, -30.0827
5.1456, -715.83, -14.166
3.65264, -131.449, 812.741
6.55373, -502.38, -58.3817
5.76477, -420.668, -561.17
4.08597, -550.687, -583.565
2.53953, -262.814, -816.501
3.49176, 726.109, 746.027
3.78831, -8.86365, 382.211
3.03825, 892.577, 38.7484
3.49545, 132.974, -436.127
6.75079, 803.759, -772.244
6.63912, -985.49, 216.915
6.76813, -960.465, -551.574
5.71027, 285.32, 780.083
3.6787, 729.724, -990.172
6.80638, -502.629, -810.568
5.4745, 37.0135, -102.016
2.52745, 507.619, -29.4208
6.84925, -664.592, -469.267
7.37729, 650.659, 106.783
5.59653, 379.68, 13.3525
3.85574, -944.848, 379.68
7.46973, -158.808, -635.605
4.60751, -723.908, -530.562
4.20537, -795.108, -615.651
4.80717, 362.108, -138.036
4.44822, 264.681, -378.976
4.613, -50.7279, 515.555
2.84879, 132.097, 287.095
5.5153, -59.5536, -127.744
7.36114, -49.7011, 231.273
5.07406, -696.772, -536.348
7.45461, 956.453, -137.757
5.84906, 624.734, -149.686
4.01716, -605.888, 70.816
3.47371, 875.819, 565.658
4.0109, -709.515, -938.208
4.93946, -334.736, 461.52
4.72438, 530.211, 978.505
5.7844, 319.531, -942.457
3.74227, -779.564, -665.595
4.72007, 54.9786, 556.104
5.75894, -691.816, 54.5007
6.67472, -713.58, 188.475
6.03698, 201.933, 822.374
4.93928, -871.959, -601.879
6.72039, 400.044, -239.492
7.00296, -497.684, -182.947
6.33082, -650.724, -527.084
5.29453, 628.554, 848.312
2.70603, -24.0981, 94.4167
5.46749, 564.516, 65.3761
2.68674, -681.865, 828.967
4.53488, 22.4233, 437.038
2.84243, -976.97, -882.387
7.38558, -778.752, -882.54
2.5956, -517.753, -233.211
6.60363, -161.268, -274.526
5.2195, -373.188, 879.189
5.72828, 792.405, -332.508
3.62934, -260.756, 58.5129
2.733, 827.857, -694.438
3.63154, 215.046, -556.283
4.58371, -633.569, 135.332
6.40126, 266.187, -632.268
3.72852, -922.476, 390.189
4.81411, 660.324, 86.3743
6.14756, 929.139, 291.432
5.35237, -330.354, 816.394
5.45997, 927.961, 926.919
4.98425, -944.82, 281.212
3.951, 495.739, 108.602
4.71107, -5.47985, -226.272
2.53669, 855.13, -395.842
7.41683, 499.485, -360.428
2.52822, -810.748, -144.625
4.8676, -96.9978, 735.988
5.86497, -310.221, -121.908
