6.27803, -362.498, -486.957
3.5948, 6.34139, -63.6629
5.89648, 164.861, -371.703
5.09708, -75.3065, 416.336
2.76731, -449.351, 331.678
2.53849, 154.7, 34.7207
4.58743, -450.574, -95.7324
7.15218, 79.9417, 203.62
2.95982, -6.93189, 376.526
6.00595, -70.2172, 149.456
3.81226, 247.193, 391.368
4.14117, 181.254, -416.872
7.45519, 265.52, 134.464
7.41275, -283.695, -142.193
5.75759, 259.138, 247.981
6.92354, 164.933, -411.188
6.33247, -61.9474, -204.714
3.87453, -254.843, -33.0968
4.93259, -285.124, -138.503
2.80282, 395.936, 383.883
5.08146, -16.4122, 362.229
4.96988, 453.359, -178.348
7.23882, -389.094, -217.874
4.42071, 8.95996, -411.301
5.14874, 381.747, -175.485
2.75042, 424.039, -35.8253
6.63909, 248.628, 205.812
5.94228, -472.527, -363.199
6.18112, 120.411, 365.775
6.94286, 478.335, 217.154
4.25508, -174.268, -292.474
6.72991, 74.877, 11.168
3.84659, 340.709, -87.1116
4.83959, 32.2823, -65.4578
3.2686, -316.564, -185.641
2.66527, 332.58, 120.132
7.2768, 15.2501, 22.9986
6.95369, 67.1262, 229.643
3.29884, 300.209, 108.696
3.15214, 202.412, -307.09
2.515, -214.445, -391.21
6.0491, -421.432, -114.696
3.40448, -246.225, 425.213
5.76029, 409.931, -206.996
4.42907, 181.641, -418.29
3.23766, 12.0016, -85.8503
5.45054, 309.723, 101.078
3.24076, 44.1032, 416.675
3.2091, -70.0861, 395.672
4.94257, -238.415, 51.0352
3.13015, 443.858, -36.7513
5.64635, -186.266, -259.115
5.60817, 161.389, -379.449
4.88216, -239.772, 300.971
2.64188, -279.065, -118.1
3.21011, -82.0666, 437.413
3.15594, -74.0048, 430.657
3.31099, -400.331, 375.241
3.76529, -134.111, -410.098
4.77654, 254.32, -360.547
6.54472, -37.832, -147.169
3.57624, 132.299, 391.117
3.75063, 387.327, 171.29
5.02978, 9.94364, 379.993
