6.27803, -734.53, -983.008
3.5948, 52.946, -97.6045
5.89648, 364.66, -898.915
5.09708, -248.744, 888.095
2.76731, -945.387, 645.59
2.53849, 341.422, 45.4756
4.58743, -841.161, -232.221
7.15218, 179.833, 383.702
2.95982, 46.8304, 691.785
6.00595, -162.137, 316.863
3.81226, 535.264, 806.156
4.14117, 471.049, -895.597
7.45519, 505.439, 256.378
7.41275, -489.759, -253.801
5.75759, 499.727, 440.185
6.92354, 261.053, -844.306
6.33247, -120.231, -453.066
3.87453, -493.375, -60.7026
4.93259, -659.712, -285.946
2.80282, 818.86, 771.337
5.08146, 3.2245, 794.004
4.96988, 959.872, -364.741
7.23882, -808.548, -470.325
4.42071, -10.4872, -836.073
5.14874, 817.561, -454.646
2.75042, 865.576, -44.9161
6.63909, 547.657, 542.521
5.94228, -948.751, -740.857
6.18112, 258.67, 732.681
6.94286, 967.055, 446.875
4.25508, -363.522, -537.493
6.72991, 182.926, 25.1816
3.84659, 663.839, -164.472
4.83959, 63.0102, -185.823
3.2686, -643.174, -445.617
2.66527, 626.608, 138.524
7.2768, -14.9496, 84.7599
6.95369, 111.613, 489.492
3.29884, 671.952, 243.443
3.15214, 427.722, -569.408
2.515, -454.37, -812.951
6.0491, -922.717, -174.642
3.40448, -498.774, 856.386
5.76029, 769.807, -355.727
4.42907, 370.986, -697.519
3.23766, -15.663, -238.238
5.45054, 665.695, 168.776
3.24076, 142.898, 907.792
3.2091, -179.568, 956.297
4.94257, -488.171, 123.394
3.13015, 885.553, -63.0338
5.64635, -353.033, -591.313
5.60817, 297.15, -736.277
4.88216, -492.079, 594.625
2.64188, -550.09, -257.691
3.21011, -129.332, 800.472
3.15594, -183.604, 882.61
3.31099, -828.514, 753.621
3.76529, -266.249, -843.9
4.77654, 566.135, -750.466
6.54472, -92.8286, -297.958
3.57624, 300.901, 849.972
3.75063, 818.572, 368.93
5.02978, -59.3471, 718.305
6.27922, 636.709, 160.186
5.66369, 896.812, -63.8594
5.9449, 605.538, -129.082
7.27207, 962.02, 418.907
5.18713, -415.064, 725.436
4.57014, -779.287, 27.466
4.70019, 752.327, 162.695
6.07821, 732.096, 456.991
6.20858, 401.202, 591.687
5.12494, 767.894, -955.261
6.06711, -858.695, -75.898
5.91025, 331.208, -20.9694
6.82941, 829.16, -595.381
3.19597, 79.9645, 766.698
3.57766, 957.701, -104.302
5.0733, -357.121, -118.636
4.83766, -105.501, 730.017
3.55759, -261.205, 607.844
5.65244, -689.696, 967.288
2.5044, -964.925, 194.4
4.09589, 449.223, 539.966
5.90281, 366.599, -131.215
6.0446, 666.526, -583.067
2.90869, -804.296, 650.137
3.56926, 253.344, 507.676
4.44412, -828.365, -568.779
4.44927, 915.454, 908.109
3.92018, 379.599, -460.065
4.6123, 557.808, 545.082
2.55658, -621.263, -434.155
3.72027, 925.389, -622.794
4.49072, -712.207, 657.047
6.64177, -650.375, 200.117
3.78584, 972.584, -697.941
3.59705, -797.191, -533.449
6.47385, 386.075, 267.456
5.8476, 496.801, 390.131
5.49108, -885.318, 290.282
5.99917, -371.674, -535.032
5.13062, 530.753, -754.218
4.14833, 189.154, 110.07
3.30844, -716.327, 396.904
6.56633, 713.851, -26.1998
4.08004, 481.072, 116.245
4.05369, 47.68, -741.224
4.65424, 29.7879, 149.793
4.46509, -248.84, -480.023
4.43916, -55.6729, -145.073
4.34871, -827.279, -447.391
5.88118, 342.143, -497.028
6.10384, 444.74, 28.6456
7.20082, -70.3946, 887.128
5.08573, -80.1236, -359.401
5.5282, -190.012, 323.604
5.85049, -687.18, 987.751
5.11404, 75.6219, -302.201
3.87105, -934.316, 628.656
7.08924, 99.3077, 283.581
3.73367, 923.332, -453.627
4.77876, 377.716, 675.104
3.30374, -947.403, 651.298
4.68319, 408.484, 399.726
7.45767, 485.747, 183.441
6.26931, -435.568, 390.062
4.97846, -974.452, -651.189
7.01651, -652.952, -826.558
4.68213, 490.994, 553.787
5.09239, 165.89, -972.714
4.44866, 88.6252, -851.939
5.63431, -213.973, -568.168
5.19331, 407.912, 318.658
4.35955, 634.289, -436.229
2.54674, -371.528, 366.871
6.3794, 39.2829, -780.866
2.85317, -882.834, -565.119
3.98511, 439.917, -680.149
4.78581, -42.1, -884.714
3.25156, -110.375, 38.0844
5.97819, 670.124, -434.318
4.15587, 370.953, 153.928
5.21197, 964.604, -872.326
2.64678, 728.212, -958.131
5.38086, -9.84837, -237.209
5.18133, 363.436, 471.22
7.36678, -768.047, -922.216
5.57063, -301.605, -610.216
5.26431, -737.143, 204.345
6.69051, -266.314, 891.469
3.75764, -507.819, 917.173
6.98957, 614.269, -127.702
5.97428, 501.839, -493.545
5.82752, -473.977, -93.3575
3.06838, -579.009, -788.481
3.37987, -968.427, 96.7688
2.91253, -136.902, 187.215
6.68103, -241.653, 364.747
2.64818, 924.707, -766.527
6.34719, -9.11334, -839.935
4.29829, -512.979, 864.315
6.24626, 13.073, 522.148
6.28385, 362.839, 336.856
3.60834, -535.378, -913.801
5.58305, 304.928, 135.295
3.66846, -550.467, -244.89
6.22052, -672.578, 297.854
5.80997, -901.113, -682.758
4.9209, 928.941, -754.297
2.58972, 829.186, 230.019
4.98291, 447.395, 197.313
5.09587, -97.6409, -874.973
4.71395, -859.395, 534.017
4.14528, -53.8893, 937.427
3.52671, 481.535, -105.186
7.19863, -235.981, -638.959
2.85168, -490.648, 919.919
3.30042, 50.2436, -728.284
6.70788, -776.693, 32.3323
4.13614, -166.127, -275.982
6.85942, 171.34, 429.075
5.99896, 667.172, 514.666
5.52801, 866.035, -216.457
4.77536, 79.68, -237.534
2.91543, -495.169, -205.484
3.94883, -45.3878, -122.513
6.51009, -581.862, -777.051
6.81821, 346.138, 49.1315
3.81831, 417.272, -507.704
4.79881, -833.299, -238.244
4.95672, 611.27, -524.155
5.82344, -466.15, -979.268
7.31738, -627.977, -168.856
7.23022, 576.053, -751.315
2.81902, 214.524, -653.37
5.04829, -438.455, -292.47
6.13222, 665.463, 671.049
5.65882, 592.463, -334.152
3.26658, -910.985, -907.527
5.09652, -865.379, 524.319
3.52281, -550.73, 846.68
6.03231, 401.837, -819.1
6.05786, -467.254, -30.1106
3.66304, -561.417, -231.971
6.80594, -52.8876, -130.07
2.67122, -105.692, 940.377
6.26587, -934.658, 65.9347
4.14789, 633.607, 163.764
4.65309, 66.9477, -528.39
7.33455, 952.431, -196.493
4.05803, 734.118, 689.949
5.69762, 965.758, -691.367
5.95386, 881.202, -57.6171
5.36403, 66.2087, 623.28
6.60667, 898.857, -692.827
4.21807, -891.477, -673.834
5.09387, -827.687, -762.21
6.78438, 121.124, -941.288
6.18587, 332.996, 60.3328
3.45992, -903.755, 372.173
2.83145, -307.792, 336.511
3.60828, 842.26, -709.879
3.33656, 166.361, -222.522
6.31172, 376.883, -916.494
5.44905, -838.862, 416.254
4.65223, 865.882, 864.016
7.09618, 655.372, 12.5219
5.09668, 444.036, 182.98
7.38058, -682.886, -27.6354
5.15714, -451.854, 142.813
2.98716, 334.789, 381.81
5.83983, 206.057, 100.367
5.44444, 141.508, -24.3866
5.01137, -690.516, -120.153
2.75808, -921.974, 452.331
2.6753, -348.488, 39.0319
4.41484, -792.542, -529.29
5.55555, 182.895, 98.8778
5.06574, 544.446, 864.022
5.98498, 309.243, -25.4465
4.89891, -21.8258, -187.511
3.88323, 67.4375, 424.608
6.01685, -437.725, 205.129
3.67701, 871.454, 49.3267
6.41501, 161.375, -186.312
6.60589, 354.88, 827.994
3.21842, -524.616, 49.6448
5.75757, -486.25, 807.264
3.87677, 864.309, -975.81
7.26215, -401.129, 712.704
4.58238, -746.17, 15.1642
3.03869, -125.869, 399.188
4.70633, -793.17, 529.849
6.28811, -411.099, -299.171
2.77803, -339.04, -312.563
3.51241, -24.2625, 141.031
6.82305, 927.369, -760.938
6.52456, -262.55, 5.8645
2.78861, -675.607, -666.574
4.40304, -67.1444, -703.947
4.56124, -132.166, 758.113
2.80071, -377.064, 302.374
7.09746, 810.297, 653.496
3.35398, 530.687, 815.667
6.51634, -926.391, 181.176
3.88599, 730.907, 51.133
4.44586, 170.268, 736.876
7.19936, 60.3756, 623.44
6.24573, 173.359, -184.448
3.44774, -328.113, 755.715
6.89581, 431.813, 482.339
6.8953, 411.516, -840.558
3.30515, -802.242, -269.805
5.87346, -799.224, -162.178
6.89096, 630.523, 130.609
6.98262, 238.759, 514.559
3.06535, -20.2395, 749.361
5.93789, -238.753, -250.267
3.21651, -809.801, -769.273
3.6901, 409.388, -44.8166
5.64383, 934.066, -220.155
4.312, 819.338, 368.281
4.64437, 587.234, 717.498
4.91936, -13.3183, -837.41
6.20379, -3.91965, -113.687
3.23098, -365.729, 868.932
7.36238, -821.957, -761.842
7.3158, -506.152, -187.886
3.14741, -595.143, 660.228
5.3784, -310.659, -606.51
4.66439, 168.197, -131.549
5.50066, -224.582, -236.907
5.85098, -689.165, -103.614
4.5137, 397.431, 980.632
6.46691, 643.128, 685.357
4.89889, -965.992, -248.704
5.72449, 310.491, 278.583
4.28836, -250.335, 602.796
5.96794, -328.044, -220.118
5.83428, -416.183, -688.078
3.22071, -410.176, 712.452
7.10415, -959.956, 212.528
4.22228, 29.3247, -237.387
6.66824, -408.45, -465.938
2.74349, 275.002, -738.729
3.27936, -245.329, -62.649
2.55765, 329.591, 502.135
3.94327, 118.814, 586.4
5.07295, -344.227, -171.331
3.65948, 679.312, 436.235
2.75022, -247.775, -79.2068
5.33091, -597.204, -832.128
6.69774, -148.883, 665.889
4.28763, -649.095, -444.778
4.3452, 171.982, 861.168
7.22226, 257.72, -72.0812
4.72425, -898.44, -172.574
6.82086, 489.728, 166.964
5.82654, -785.057, -732.009
5.79297, 174.987, 662.725
7.10736, -954.7, 956.562
5.11536, 957.569, -624.227
5.45229, 438.66, -441.315
5.79944, 666.67, 650.573
4.24765, 273.851, 464.284
4.11714, 342.785, 34.8715
7.08984, -107.672, 735.326
3.08619, 907.054, -442.93
7.31268, 655.621, -158.46
5.17978, 53.6937, -321.794
5.81447, 840.218, 630.695
5.48362, 904.485, -499.604
6.93363, -506.603, -739.833
6.67999, -649.732, -610.743
6.69339, 247.551, 199.528
6.85642, -204.237, 331.206
2.5002, -769.895, 338.852
4.77274, 261.795, 346.042
4.25696, -927.869, 177.933
5.80713, -256.702, 705.173
6.22234, -874.746, 153.163
3.3821, -130.952, -468.847
7.4621, 794.749, -803.258
5.95466, -923.942, 167.143
6.97862, 145.321, -13.5731
3.51579, 362.255, -144.656
7.2356, -465.771, -32.7494
4.88476, 878.337, -498.737
6.78578, 915.198, -745.601
6.41237, -963.366, -550.944
5.70687, 902.789, -904.357
3.14521, -719.943, 152.789
5.77944, 5.73085, 652.217
3.09199, 53.9549, 6.95271
3.88793, 328.621, 797.897
6.65548, -227.04, -225.962
6.14153, -748.33, -511.588
6.74348, -599.093, 294.744
3.43989, -751.384, -911.482
6.09602, 554.927, -283.572
4.25586, 151.029, 329.253
3.34555, -417.902, -703.592
4.52383, 322.28, -526.651
4.20924, 160.606, 763.684
6.67141, 365.334, -133.36
3.9111, 697.716, 584.897
5.16766, -664.696, -472.542
6.25085, 981.25, -850.1
4.62554, -692.325, -753.755
4.66964, -556.387, 554.653
3.03022, 854.635, -927.249
6.4639, -55.2739, -465.381
3.91232, -578.054, -478.466
7.14264, -580.051, -233.559
5.37926, 256.693, 524.668
3.4895, 832.422, -297.723
5.99081, 574.652, -738.473
3.07265, 493.233, -945.968
4.22945, 288.984, 774.443
4.15646, -586.649, -233.006
6.42735, 827.355, -953.775
6.65775, 458.501, -211.922
4.21712, -736.687, 752.861
4.2603, -275.186, 910.955
6.38197, 151.009, -803.433
6.58658, -9.76818, 686.681
4.26157, -135.841, 286.365
7.09559, -413.612, -299.595
3.2877, 513.221, 257.204
5.56029, -488.022, 571.128
5.54222, -410.324, 712.247
3.16647, -249.299, -737.51
3.51409, -737.982, -483.453
4.79457, -852.993, 502.786
3.48759, -513.278, 926.732
6.77118, -851.635, 383.623
6.54562, -760.852, -683.423
2.80131, -899.064, 877.898
6.50584, -721.121, 639.052
5.49597, -190.74, -538.738
7.43182, -885.444, 289.983
2.65919, -160.313, 641.244
6.8356, 934.136, -765.257
3.69109, 659.247, 335.457
3.6127, 154.719, 428.708
4.73907, -953.735, -559.689
2.61231, 857.004, -173.324
6.79755, -257.165, 3.6749
4.15902, 220.462, 576.734
5.72195, 300.987, 263.774
7.43521, -936.185, -487.073
5.30162, 284.541, -581.009
4.74553, -756.398, -246.624
5.213, 152.73, -725.315
2.90797, 773.783, -33.2585
3.99606, -821.591, -269.746
6.63964, 809.357, 658.867
6.48936, 621.795, 924.859
5.71048, -105.737, 680.352
4.84105, 627.721, 381.078
7.15326, -205.053, -599.189
5.08798, -246.108, -62.6921
7.42924, 794.432, -516.74
5.94567, -71.7037, -711.516
6.19966, -176.719, -465.012
3.46323, -394.075, -924.288
6.08881, -459.075, 614.582
6.11146, 569.931, -174.682
6.49298, 268.994, 152.525
4.23216, 254.32, -986.725
5.1481, -16.8475, -72.275
3.19001, 717.454, -351.893
6.73218, -230.034, -239.234
6.32766, -75.8047, -874.614
7.5, 925.4, -434.24
4.24891, 473.175, 973.706
5.50367, -598.345, 581.404
3.50808, -494.587, 79.1009
6.2385, 35.3786, 163.156
6.49225, 964.749, 217.11
3.03505, -703.492, 108.277
5.35813, -507.069, 46.6413
2.84683, 367.12, -352.893
4.16036, 718.29, 689.481
5.80945, 481.662, -703.957
5.27726, 166.259, -173.318
7.12415, 228.638, -11.4479
2.69832, -480.323, 221.657
2.62083, -306.162, 235.018
4.61923, 222.508, -652.497
4.36987, 462.6, 131.543
2.93303, -226.681, -235.124
3.05403, -154.157, 171.537
5.31992, 359.684, -338.998
7.37269, 51.6534, 736.345
3.05066, -45.5303, -879.161
5.99352, 99.1983, 969.284
2.79674, -52.219, -731.269
4.69755, 833.666, -102.227
5.24651, 983.794, 712.349
3.45129, 686.53, -745.684
7.36597, 320.18, 321.719
3.19593, -676.112, -65.4273
5.48978, 914.826, -424.035
7.12812, -867.841, 703.15
3.91116, -75.7436, 882.423
6.8307, -159.358, -91.5876
6.29598, -215.091, -593.123
6.10793, 357.045, 613.119
3.34241, -363.814, 362.056
3.32882, 807.269, 361.642
3.39076, -647.47, -979.59
5.87226, 331.13, -595.503
4.83484, -342.117, 30.0109
6.85219, -804.419, -357.417
5.76023, -688.439, -126.787
5.80464, 750.035, 868.088
2.58037, -653.151, -617.165
4.30596, -769.193, -669.862
3.72747, 915.818, 101.022
6.93086, -926.7, -941.228
5.23701, 821.108, 783.531
6.57209, -32.1961, -633.203
5.24453, 168.789, 862.504
4.16156, 504.971, -51.4931
4.40213, 17.9545, -653.235
2.52389, 922.833, 648.166
6.95226, -89.129, -397.791
6.16955, -489.84, 681.179
6.04239, -155.155, 649.113
5.1278, 73.6238, -177.215
6.41065, -185.931, -807.496
3.42484, -394.014, -470.03
5.72673, 262.853, 510.565
3.42178, -680.057, -332.367
3.31214, 53.22, -97.9626
2.65594, -182.171, 846.1
7.42716, 131.561, -667.045
4.04559, -327.19, -708.188
4.11075, -677.516, -306.748
5.51155, 286.65, -225.273
2.89107, -328.175, -915.03
3.93936, -8.02866, 75.9877
5.79307, -134.639, -489.749
7.36348, -978.174, -350.291
7.27758, -362.844, -787.906
7.42745, -669.567, -300.888
7.30478, -903.696, -747.391
3.0073, -558.162, 551.407
3.71505, -133.513, -491.328
6.91151, 102.351, -426.898
5.28805, 339.226, 690.138
6.7669, 798.178, 517.643
7.49145, -532.977, 531.501
3.99751, -239.268, -475.141
6.33157, 956.107, 472.469
4.81901, 289.441, -148.891
6.8168, -636.808, -784.43
6.99018, 854.923, -3.12692
7.377, 256.434, -411.628
2.77405, 638.761, 110.486
6.32605, 924.9, -618.45
5.09219, -926.489, 737.715
3.46574, 917.988, -224.687
6.98252, 208.115, -549.341
6.38492, -843.076, 94.6341
2.75968, 411.905, 537.484
7.47331, -841.374, 758.349
5.93659, -15.6855, -454.53
5.94854, 882.932, 496.316
6.57666, -651.841, 803.096
7.05426, -39.9674, -451.282
3.34218, -201.399, 394.64
5.24183, -582.53, 800.079
6.53351, -502.483, -264.493
4.17803, 338.611, -543.833
5.53435, -104.868, 24.7662
6.59602, -935.549, 333.871
7.3485, 75.3549, -251.593
6.29349, 576.485, 495.795
3.72113, -157.799, -89.8522
5.80589, -571.514, 398.686
4.21574, -452.621, -190.513
7.27146, 372.373, -392.776
2.60828, 799.356, 552.797
4.54979, -889.195, 939.126
2.55789, 584.125, -674.013
3.04964, 837.62, 200.368
5.28259, -824.658, 99.5476
4.45466, -9.77748, -223.622
7.20539, 116.864, -183.133
2.55572, 179.243, 372.492
6.22897, -214.253, -441.746
3.84293, 109.736, 119.587
4.27153, -661.864, -755.997
3.45835, -445.39, 626.278
5.14832, 293.03, -162.52
4.39478, -49.8303, -863.718
3.16407, -9.42716, -806.713
4.26563, -134.943, -554.689
4.2497, 781.836, 976.99
7.41084, 629.479, -138.316
5.25961, 150.727, -367.463
4.99918, 19.3909, -723.302
3.58531, -833.595, 446.688
4.37311, -252.215, -643.094
6.78251, -661.041, -463.279
6.45578, 795.935, -529.962
3.9204, -491.425, 925.058
5.07645, 436.062, 106.124
6.79238, -281.268, -12.6878
7.07844, -933.488, -177.207
7.48941, 128.622, 904.279
6.53177, 171.998, -177.786
5.22718, -897.23, -170.474
7.3461, 160.432, -718.828
5.31931, -583.459, 362.685
4.03031, -428.565, 647.842
5.41853, 951.274, 939.343
2.91197, 55.5533, -321.801
5.47382, 356.451, 610.716
3.31968, -595.48, -590.779
6.46527, -622.783, -433.417
2.95373, 583.631, 723.755
6.3072, -502.428, -679.081
6.83996, -242.408, 23.8932
6.40105, 184.311, -333.978
6.61399, 908.368, 953.879
6.70974, 371.134, 549.824
4.48328, 493.653, 257.314
6.508, -157.752, 167.465
6.56811, 376.974, -42.4549
5.43493, -407.442, 98.4337
4.64621, 789.745, -44.2084
2.5002, -38.8136, -448.685
5.31153, -810.735, 319.476
6.22632, 342.987, 340.708
3.89846, 954.132, 287.811
2.93406, -974.223, 562.81
3.5733, 853.288, -876.936
3.93296, -484.973, 567.28
4.86595, -395.005, 466.814
6.95893, 841.857, 819.45
5.91955, 518.616, -504.87
3.54376, -42.0576, -76.407
6.67533, 788.398, 8.16731
7.09218, 909.024, 903.703
4.48244, -478.632, -694.659
6.37858, 541.797, 522.615
5.68161, -147.522, -89.3227
6.64746, 482.033, 279.932
3.40204, 548.435, -472.254
7.45927, 572.593, -733.26
6.70558, -155.081, -840.401
4.65177, 882.493, 261.304
4.38589, 595.346, 880.514
2.70802, 646.168, -502.475
6.80715, -780.442, -517.562
6.62116, 912.882, -892.487
6.25052, 18.8345, 729.753
3.55801, -165.933, 978.476
4.31029, -780.637, -190.154
4.43545, -582.818, -783.39
7.32918, 792.498, 632.279
6.5872, -154.367, 651.953
4.5755, -79.3871, 446.437
5.83759, 192.807, 172.125
2.52101, 478.263, 972.132
6.98048, -735.329, 243.565
3.68416, -344.907, 353.525
3.79415, 349.653, -87.9118
5.4939, 402.216, -709.036
6.89823, -827.091, 364.558
6.16299, -558.166, -583.411
6.0773, 898.981, 568.242
3.57724, -602.723, 481.649
6.30413, 680.361, -953.004
3.85351, -166.305, -548.365
2.75246, 659.516, 336.102
4.78866, 277.324, 247.253
2.58759, 442.253, -769.914
3.01129, 63.3295, -182.3
2.639, -135.106, 282.68
5.65921, -345.345, -519.543
6.34425, 82.074, -254.828
2.74132, 527.01, -833.408
6.6924, -48.7187, -631.182
6.76899, -261.795, -304.962
6.57649, -455.858, 577.618
6.85188, 791.911, 400.211
5.27222, -623.537, -151.705
6.12646, -284.796, 47.0385
3.20424, -513.354, 910.672
6.6115, 588.523, -524.746
5.51185, 724.302, -194.4
4.93856, 502.368, -911.581
6.14942, -282.929, 932.484
4.05164, 756.767, -665.897
3.93925, -700.018, 348.469
5.45857, -939.997, 795.532
5.34055, 639.357, 863.357
5.41059, -925.061, -570.703
2.84132, -686.252, 283.6
4.34304, 142.587, -383.683
6.28475, -931.88, -568.435
6.35297, -448.11, -867.769
4.27217, -393.369, -256.931
5.98913, 235.144, 923.034
5.08005, -663.624, -284.904
5.94494, 382.737, 138.319
6.18066, -81.436, 617.971
2.56231, -339.606, -668.839
7.16549, 629.498, -136.527
5.37826, 124.591, 123.018
3.05587, 480.692, 978.163
4.87388, -94.35, 36.8496
3.24247, 211.496, 99.129
4.22594, 50.5655, 441.531
7.04476, -922.948, 159.112
4.54571, 6.82776, 530.761
5.96642, -675.694, -59.9631
3.35865, 375.927, -933.874
6.21715, 873.62, -505.356
4.16319, -424.389, 654.16
4.62157, 656.002, 314.766
2.79523, -140.904, -100.952
5.09005, 281.849, -230.923
5.94425, 468.969, -577.402
5.01149, -265.515, -2.46338
6.56617, -170.978, -745.865
3.07974, 85.4572, -928.342
5.24841, 288.97, 459.212
5.06046, 400.181, 20.1365
6.02649, 969.263, 443.228
5.65083, -238.835, 871.527
4.0207, -31.0984, -652.644
6.74719, 399.46, 362.825
3.39619, 618.508, -28.4294
2.61737, -523.596, -99.596
4.19467, 717.179, 45.4671
3.43818, 357.049, -102.773
6.60467, -291.674, 167.624
6.72507, -897.495, -178.527
6.78031, 848.003, -714.065
7.37454, -948.306, 647.256
2.99587, 460.223, -445.948
2.56182, 565.153, 650.939
2.58614, 213.666, 583.305
2.64527, 244.951, 98.7929
4.1031, 148.876, -383.828
6.17815, 623.168, 299.572
3.14876, 351.992, 474.488
2.5161, -370.146, 501.672
6.91905, 140.978, -788.679
3.70482, 226.276, -565.041
4.38481, -816.563, 764.663
4.44879, 636.914, 177.341
2.81534, 598.159, 292.192
7.30792, 185.204, 938.836
3.75349, 722.433, -343.854
6.85376, -680.167, -79.4309
2.85991, -910.514, 415.624
2.70653, -612.784, 563.051
3.46378, 348.93, -520.589
3.86708, -307.214, 303.185
7.4007, -947.241, -363.57
3.60607, 327.201, -538.214
6.43119, -872.525, 849.672
4.42306, 293.75, -418.216
3.78593, 474.273, -633.981
3.91087, -925.354, 52.1518
7.33834, 865.531, -47.8931
4.22841, 750.349, 160.24
3.45922, -971.015, 734.407
5.05037, -547.615, -372.268
5.21857, -552.335, 628.036
5.72333, -668.108, -596.9
3.89738, -3.45124, 792.167
3.41887, -297.532, -710.524
2.71579, -831.199, 369.269
3.98408, -495.628, -257.159
4.25548, -230.84, 137.997
7.09372, -424.215, 697.408
5.81225, 491.386, -355.209
5.08041, 866.64, 574.1
4.03763, 606.704, 579.599
3.0007, -347.081, 151.988
3.47502, 376.549, -878.829
4.11407, 29.9126, -123.553
5.56182, 949.243, 87.9322
5.13511, 954.513, -975.826
3.45653, 269.449, 278.081
4.7178, -623.549, -424.512
4.48693, -700.003, 843.035
6.28051, -602.24, 744.629
6.6213, 733.551, 602.591
5.51573, 143.427, -350.003
3.04573, 603.487, -818.445
4.11797, 482.191, -165.076
5.03403, 11.8022, 315.46
4.76521, -661.226, 810.558
4.77315, -178.316, -445.191
4.91125, 932.625, 915.984
5.07896, 366.874, -650.017
4.50207, 199.781, 819.625
4.22945, 975.198, 476.534
6.64533, 929.459, -231.321
3.02204, -724.301, -787.608
6.40057, 575.115, 556.775
3.19919, -296.116, -237.589
2.62171, -796.64, -526.504
6.0664, 403.536, -740.561
7.15538, 140.576, -822.681
7.47667, 200.298, 175.087
3.86264, -881.485, 153.426
3.6923, -495.419, -256.983
3.87328, 951.135, 616.509
5.70836, -901.103, -729.224
5.17637, 306.939, 145.256
6.8967, 817.001, -292.403
6.75968, -666.863, -823.219
2.98004, 887.349, -54.411
4.66818, -734.424, 223.523
3.17045, -198.548, -750.178
5.86802, -174.393, 305.629
5.34964, -45.6237, -459.86
3.66474, -606.338, 578.671
5.50306, 263.527, -682.1
2.6551, -792.986, -24.7236
7.08512, 563.307, -305.84
3.82958, 860.156, -180.338
6.50016, -179.513, -512.365
5.46389, 145.969, -731.382
5.0822, 338.426, 624.808
5.2567, 332.295, 630.054
3.47225, 486.086, -240.361
5.36152, 136.607, -735.992
3.81992, 206.067, 398.385
4.41648, -767.545, 537.181
2.73626, -763.76, -896.627
4.22823, 581.57, -672.435
3.61594, 652.579, -425.271
3.81264, 17.4689, -717.345
3.05141, -425.731, -407.685
7.40088, -701.888, 12.9787
5.93794, 788.63, 634.346
5.82158, -546.951, -379.132
5.99501, -597.555, -669.582
2.68746, -823.782, -761.959
3.6706, -632.769, -746.967
3.95397, 738.076, 685.326
3.50543, -12.1661, -236.337
2.7177, 343.598, 343.454
2.56571, -527.476, 528.336
6.07297, -521.042, 764.94
6.88348, -863.768, -613.017
5.35088, -885.594, 283.375
6.92743, 858.652, 849.012
5.20042, -358.732, -277.099
3.31357, 927.607, -638.552
3.30492, 949.115, 442.137
7.19182, 304.65, 276.786
3.45628, 547.382, -841.622
3.15761, 4.78224, -99.216
4.41122, -293.302, -10.9466
6.12674, 260.706, -253.304
2.50651, 544.191, 866.184
4.60222, 19.4577, 729.749
5.18984, 291.828, -218.068
4.86596, -236.521, 244.486
6.33003, 543.576, 865.98
2.9396, 554.789, -456.141
7.04284, 143.312, 321.424
3.20818, -851.763, -403.99
2.54782, 414.979, -45.6153
2.82267, 257.282, 520.192
4.96742, 379.783, 221.556
5.40914, 524.251, 966.742
4.03373, -939.747, 543.046
4.57091, 880.746, -63.2506
4.33401, -581.252, -680.131
3.42687, 161.61, 660.971
2.76788, 614.501, 172.761
4.47222, 533.738, -64.1009
3.98388, -346.427, -133.003
5.05388, -394.232, 816.368
3.75392, -709.73, 227.375
5.01589, 947.115, 890.734
2.51168, 0.83389, 775.357
7.01807, 981.191, -446.149
2.79181, -910.652, -938.759
5.17506, -663.484, 808.616
3.95754, -382.921, 864.577
7.3023, -796.131, -261.484
4.73406, 325.118, -108.45
5.08479, 883.414, 170.006
5.93861, -247.291, 33.1663
2.72187, -160.102, 71.0298
7.2946, -792.991, 603.185
5.70852, 364.534, 150.106
2.80215, 617.628, -771.74
3.33964, 55.2048, 266.608
5.76491, 491.453, -236.477
6.19864, -769.246, 334.208
3.57011, 849.421, 204.42
4.31441, 152.118, -856.057
6.56981, -646.702, 927.742
5.32057, 808.38, -469.02
7.45886, -49.0524, -872.59
6.5669, -762.987, 389.271
3.49157, -983.147, -21.6792
2.50003, -138.995, -828.849
4.62608, 923.986, -748.863
4.07406, 854.63, 214.123
5.56218, 604.781, -925.646
3.83351, -193.426, -538.822
4.39881, -593.598, -64.5528
5.43397, 946.167, 297.483
5.95636, -137.628, -495.805
7.26736, -451.505, -566.542
4.89785, -293.627, -943.463
3.60319, 385.557, -715.851
5.33741, -715.324, -454.818
6.09873, 415.888, 360.184
4.4953, -490.787, 556.979
3.48326, -689.537, 970.82
6.66971, -666.981, -757.325
5.59561, -450.309, -861.069
7.26866, -283.27, 186.483
3.23222, -13.7471, -259.871
5.38953, 33.9898, -455.01
7.26796, -389.867, 710.136
3.62331, 715.47, -983.106
7.25137, -495.093, 792.563
3.07874, 788.469, -507.677
2.58372, 31.0418, -244.042
3.90465, -352.959, -166.075
7.15042, 628.411, 179.534
3.04796, 764.686, 875.641
6.77266, 22.681, 813.155
5.68532, -720.478, -727.441
5.63853, 400.485, -706.333
3.80589, 722.79, 732.101
5.13936, -956.555, 209.551
7.16608, -265.579, 889.464
3.98055, 915.33, 115.901
4.78006, 162.271, 433.46
6.35659, -661.871, -606.322
4.17193, 130.141, 123.368
6.31775, -40.2253, -920.335
6.65892, -30.8177, 938.407
2.64618, -724.249, 565.891
4.31315, 710.649, -265.236
4.16221, 267.461, 467.142
3.17675, -511.099, -284.454
3.00839, -303.164, 621.8
5.11327, -605.46, 804.819
3.52046, 30.7155, -527.063
5.00728, -864.099, -613.904
5.1371, -9.78134, 966.98
4.13422, -260.359, -294.928
4.75888, 228.277, -436.306
6.85263, -6.55624, 955.888
4.72884, 638.109, 863.496
6.03726, -456.603, -904.169
6.83171, 899.229, -694.452
6.5822, 848.814, 206.556
2.67504, 879.425, 841.653
3.8644, -645.773, -240.202
5.21858, -420.007, -429.601
3.19942, -944.065, -555.983
5.57408, -764.878, -922.33
3.29182, -650.24, -605.195
4.41129, 101.301, 219.495
5.94997, -95.1713, 187.859
3.21128, -400.735, 471.526
5.65284, -783.575, 784.176
3.15973, 186.778, 938.122
7.13583, -735.288, 243.04
5.53465, -935.056, 784.221
5.50388, -929.522, 377.814
3.33635, 586.16, -518.931
3.301, -866.137, -396.425
5.91628, 609.23, -24.8596
5.1456, -700.159, -9.94262
3.65264, -139.896, 787.177
6.55373, -506.037, -53.9683
5.76477, -417.544, -556.122
4.08597, -575.842, -591.461
2.53953, -259.39, -808.772
3.49176, 727.827, 724.528
3.78831, -4.38612, 379.748
3.03825, 874.309, 39.5016
3.49545, 124.358, -423.31
6.75079, 803.755, -769.07
6.63912, -960.411, 218.693
6.76813, -968.787, -551.607
5.71027, 296.663, 778.242
3.6787, 716.825, -979.723
6.80638, -502.876, -800.359
5.4745, 34.7338, -109.273
2.52745, 502.593, -40.8094
6.84925, -657.382, -471.187
7.37729, 647.737, 96.9657
5.59653, 373.914, 17.154
3.85574, -918.638, 371.894
7.46973, -165.133, -622.55
4.60751, -714.522, -523.012
4.20537, -791.102, -612.213
4.80717, 377.762, -125.218
4.44822, 260.347, -384.617
4.613, -43.6927, 513.782
2.84879, 129.236, 292.951
5.5153, -47.7648, -125.05
7.36114, -49.891, 225.954
5.07406, -698.497, -527.169
7.45461, 944.601, -136.588
5.84906, 614.606, -130.137
4.01716, -604.013, 67.7159
3.47371, 860.202, 583.118
4.0109, -714.947, -926.282
4.93946, -337.116, 458.71
4.72438, 529.99, 981.25
5.7844, 323.476, -929.441
3.74227, -769.48, -670.179
4.72007, 53.675, 552.7
5.75894, -693.021, 42.0435
6.67472, -718.351, 195.378
6.03698, 191.208, 809.17
4.93928, -862.561, -625.58
6.72039, 397.076, -233.316
7.00296, -516.024, -195.367
6.33082, -655.09, -518.201
5.29453, 635.879, 859.247
2.70603, -2.66222, 67.7547
5.46749, 560.924, 67.9139
2.68674, -669.702, 804.921
4.53488, 34.0007, 436.927
2.84243, -966.924, -877.314
7.38558, -765.659, -884.099
2.5956, -508.821, -241.514
6.60363, -155.482, -263.51
5.2195, -390.063, 857.047
5.72828, 784.734, -333.823
3.62934, -256.042, 28.9004
2.733, 840.903, -707.869
3.63154, 200.908, -543.501
4.58371, -633.759, 133.698
6.40126, 263.385, -626.932
3.72852, -924.878, 376.867
4.81411, 639.57, 110.919
6.14756, 927.001, 288.978
5.35237, -331.968, 810.22
5.45997, 922.131, 909.976
4.98425, -928.419, 278.662
3.951, 466.335, 124.543
4.71107, -18.7635, -240.444
2.53669, 848.794, -398.156
7.41683, 502.723, -359.672
2.52822, -795.462, -174.003
4.8676, -118.247, 748.641
5.86497, -313.285, -123.746
