6.27803, -730.924, -963.845
3.5948, 26.1103, -115.958
5.89648, 371.714, -901.484
5.09708, -274.93, 881.969
2.76731, -962.294, 652.614
2.53849, 340.524, 37.179
4.58743, -814.657, -247.628
7.15218, 183.82, 390.298
2.95982, 37.805, 693.127
6.00595, -183.047, 308.473
3.81226, 538.975, 799.681
4.14117, 471.516, -886.016
7.45519, 481.926, 260.75
7.41275, -497.651, -251.343
5.75759, 491.25, 434.365
6.92354, 258.613, -833.013
6.33247, -126.899, -466.245
3.87453, -475.826, -65.4479
4.93259, -654.723, -279.115
2.80282, 809.964, 764.466
5.08146, -1.86457, 777.099
4.96988, 944.142, -368.174
7.23882, -796.736, -472.951
4.42071, -13.0798, -833.711
5.14874, 805.196, -473.916
2.75042, 866.459, -49.9609
6.63909, 561.8, 540.382
5.94228, -926.903, -731.17
6.18112, 257.759, 728.682
6.94286, 948.757, 434.796
4.25508, -350.011, -523.372
6.72991, 183.434, 23.5206
3.84659, 634.279, -140.949
4.83959, 59.6439, -191.886
3.2686, -654.955, -467.784
2.66527, 630.11, 119.947
7.2768, -16.6668, 88.4757
6.95369, 113.951, 481.684
3.29884, 660.109, 236.226
3.15214, 426.772, -564.063
2.515, -458.215, -807.632
6.0491, -890.533, -178.572
3.40448, -494.393, 842.378
5.76029, 768.872, -342.316
4.42907, 390.279, -703.853
3.23766, -8.14024, -225.004
5.45054, 622.243, 156.641
3.24076, 155.068, 896.487
3.2091, -175.271, 946.718
4.94257, -479.621, 116.687
3.13015, 864.525, -38.0756
5.64635, -343.156, -581.386
5.60817, 287.812, -725.165
4.88216, -482.174, 569.832
2.64188, -508.209, -239.968
3.21011, -125.459, 783.643
3.15594, -188.659, 869.136
3.31099, -835.263, 757.187
3.76529, -262.361, -828.265
4.77654, 538.308, -744.161
6.54472, -90.1571, -294.695
3.57624, 298.261, 834.899
3.75063, 813.118, 373.012
5.02978, -61.7324, 714.547
6.27922, 619.92, 146.534
5.66369, 850.313, -49.4441
5.9449, 602.86, -132.967
7.27207, 947.087, 451.584
5.18713, -391.704, 695.745
4.57014, -762.322, 28.6687
4.70019, 749.959, 163.926
6.07821, 725.902, 454.212
6.20858, 387.734, 581.321
5.12494, 764.734, -947.697
6.06711, -845.549, -78.6697
5.91025, 319.374, -22.7857
6.82941, 823.611, -589.283
3.19597, 69.7687, 752.022
3.57766, 933.832, -111.545
5.0733, -340.378, -138.1
4.83766, -104.141, 736.325
3.55759, -244.771, 602.597
5.65244, -682.336, 961.163
2.5044, -930.835, 205.784
4.09589, 443.044, 532.409
5.90281, 373.785, -108.803
6.0446, 660.23, -576.017
2.90869, -797.636, 641.974
3.56926, 265.714, 487.126
4.44412, -816.736, -564.312
4.44927, 931.561, 899.969
3.92018, 373.907, -458.868
4.6123, 545.479, 532.117
2.55658, -629.295, -429.454
3.72027, 915.745, -631.159
4.49072, -706.042, 651.647
6.64177, -655.052, 198.339
3.78584, 956.842, -703.73
3.59705, -775.789, -514.696
6.47385, 378.967, 264.957
5.8476, 487.122, 387.747
5.49108, -881.604, 272.178
5.99917, -371.633, -529.568
5.13062, 542.22, -743.021
4.14833, 199.282, 96.9967
3.30844, -718.504, 386.713
6.56633, 707.904, -22.8001
4.08004, 458.743, 123.941
4.05369, 37.9774, -739.282
4.65424, 28.4189, 139.502
4.46509, -226.614, -472.909
4.43916, -48.9647, -158.417
4.34871, -807.284, -456.626
5.88118, 338.99, -507.605
6.10384, 430.723, 29.4003
7.20082, -73.6102, 874.146
5.08573, -81.0849, -363.143
5.5282, -191.255, 319.441
5.85049, -683.039, 966.919
5.11404, 64.904, -294.135
3.87105, -918.423, 622.598
7.08924, 107.624, 281.661
3.73367, 912.077, -431.203
4.77876, 366.233, 660.456
3.30374, -931.048, 646.744
4.68319, 399.996, 381.992
7.45767, 468.809, 185.653
6.26931, -430.351, 388.7
4.97846, -955.193, -643.762
7.01651, -659.974, -802.43
4.68213, 489.569, 540.983
5.09239, 162.539, -957.349
4.44866, 89.7175, -835.92
5.63431, -199.631, -574.377
5.19331, 395.279, 321.193
4.35955, 642.067, -427.295
2.54674, -349.405, 353.028
6.3794, 36.6367, -767.467
2.85317, -875.567, -571.881
3.98511, 430.605, -681.467
4.78581, -56.1994, -845.698
3.25156, -110.055, 28.5162
5.97819, 656.786, -431.553
4.15587, 374.137, 143.415
5.21197, 959.234, -852.684
2.64678, 715.325, -947.339
5.38086, -14.6125, -239.734
5.18133, 348.127, 469.887
7.36678, -761.846, -910.614
5.57063, -312.074, -597.437
5.26431, -716.461, 208.686
6.69051, -252.764, 870.781
3.75764, -511.825, 899.588
6.98957, 592.142, -121.348
5.97428, 501.022, -489.772
5.82752, -475.658, -88.3394
3.06838, -595.016, -776.077
3.37987, -947.558, 99.9025
2.91253, -144.351, 170.684
6.68103, -232.426, 353.961
2.64818, 914.064, -753.392
6.34719, -23.7375, -820.616
4.29829, -511.941, 855.044
6.24626, 21.1295, 514.565
6.28385, 343.354, 332.568
3.60834, -532.403, -898.995
5.58305, 305.377, 149.973
3.66846, -559.959, -238.743
6.22052, -680.708, 285.17
5.80997, -878.74, -668.1
4.9209, 910.816, -764.684
2.58972, 835.519, 211.236
4.98291, 445.728, 176.784
5.09587, -66.6353, -857.13
4.71395, -849.993, 509.537
4.14528, -35.177, 922.584
3.52671, 475.43, -101.833
7.19863, -228.572, -619.544
2.85168, -507.205, 899.375
3.30042, 40.694, -718.754
6.70788, -763.653, 26.1912
4.13614, -156.402, -259.523
6.85942, 161.662, 423.505
5.99896, 660.476, 512.712
5.52801, 863.108, -209.51
4.77536, 69.9079, -233.687
2.91543, -483.724, -235.796
3.94883, -46.0994, -130.034
6.51009, -585.854, -782.251
6.81821, 346.79, 41.2291
3.81831, 410.628, -502.438
4.79881, -822.035, -229.957
4.95672, 601.398, -518.53
5.82344, -464.481, -963.708
7.31738, -622.804, -174.559
7.23022, 579.021, -742.698
2.81902, 225.095, -646.961
5.04829, -448.886, -281.768
6.13222, 656.13, 671.149
5.65882, 579.745, -325.845
3.26658, -904.017, -907.743
5.09652, -847.766, 518.213
3.52281, -542.827, 833.96
6.03231, 405.468, -825.811
6.05786, -462.379, -52.0468
3.66304, -569.047, -226.791
6.80594, -35.8785, -124.726
2.67122, -99.4258, 924.684
6.26587, -923.394, 74.7076
4.14789, 643.5, 175.811
4.65309, 59.5777, -520.19
7.33455, 925.256, -204.701
4.05803, 712.887, 691.445
5.69762, 940.163, -685.588
5.95386, 862.503, -57.9188
5.36403, 46.9119, 620.021
6.60667, 901.907, -707.349
4.21807, -887.361, -679.923
5.09387, -826.846, -736.152
6.78438, 118.541, -925.907
6.18587, 328.111, 56.6523
3.45992, -875.944, 361.13
2.83145, -307.561, 329.759
3.60828, 846.116, -705.227
3.33656, 160.465, -199.134
6.31172, 368.839, -891.281
5.44905, -832.851, 402.509
4.65223, 866.63, 853.038
7.09618, 648.355, 12.7563
5.09668, 448.359, 190.019
7.38058, -688.412, -34.8921
5.15714, -450.771, 135.957
2.98716, 337.052, 363.278
5.83983, 185.974, 104.847
5.44444, 150.719, -9.35257
5.01137, -678.166, -121.355
2.75808, -906.779, 440.738
2.6753, -327.288, 22.7557
4.41484, -793.358, -527.286
5.55555, 198.031, 104.808
5.06574, 543.043, 858.799
5.98498, 328.459, -20.3699
4.89891, -15.5721, -192.101
3.88323, 61.4584, 430.94
6.01685, -435.448, 198.633
3.67701, 858.273, 30.1977
6.41501, 156.36, -167.383
6.60589, 345.606, 814.206
3.21842, -498.081, 45.2373
5.75757, -494.809, 783.28
3.87677, 856.433, -959.467
7.26215, -391.936, 703.866
4.58238, -737.896, 16.8902
3.03869, -124.847, 392.65
4.70633, -781.893, 528.355
6.28811, -410.88, -289.071
2.77803, -340.858, -300.549
3.51241, -18.2964, 135.043
6.82305, 917.599, -732.156
6.52456, -250.515, 12.5269
2.78861, -670.574, -656.194
4.40304, -68.421, -712.573
4.56124, -103.789, 737.436
2.80071, -369.328, 302.475
7.09746, 793.659, 646.021
3.35398, 530.983, 821.424
6.51634, -918.087, 187.158
3.88599, 724.385, 50.9765
4.44586, 166.36, 737.347
7.19936, 70.7369, 619.7
6.24573, 185.527, -198.862
3.44774, -332.776, 749.7
6.89581, 424.807, 478.281
6.8953, 402.351, -817.328
3.30515, -783.759, -252.942
5.87346, -787.689, -167.632
6.89096, 633.485, 142.457
6.98262, 247.02, 507.118
3.06535, -10.9611, 741.164
5.93789, -211.916, -231.053
3.21651, -798.995, -743.05
3.6901, 401.034, -41.6067
5.64383, 909.901, -218.485
4.312, 812.448, 372.789
4.64437, 583.119, 717.089
4.91936, -14.0812, -832.622
6.20379, 3.08589, -112.704
3.23098, -354.91, 856.116
7.36238, -806.618, -757.714
7.3158, -513.301, -204.074
3.14741, -586.105, 652.675
5.3784, -292.347, -603.331
4.66439, 163.994, -147.775
5.50066, -232.107, -224.312
5.85098, -677.737, -76.6436
4.5137, 398.047, 969.723
6.46691, 654.664, 668.675
4.89889, -948.439, -245.489
5.72449, 298.89, 277.778
4.28836, -262.028, 607.413
5.96794, -323.855, -219.214
5.83428, -416.465, -677.083
3.22071, -430.435, 703.695
7.10415, -926.726, 200.884
4.22228, 30.3721, -238.275
6.66824, -396.811, -466.391
2.74349, 289.583, -724.743
3.27936, -246.828, -69.1765
2.55765, 326.43, 490.799
3.94327, 115.521, 582.712
5.07295, -348.117, -161.313
3.65948, 674.462, 434.106
2.75022, -243.511, -58.425
5.33091, -600.18, -808.606
6.69774, -156.204, 641.28
4.28763, -650.266, -466.678
4.3452, 173.333, 848.12
7.22226, 259.83, -70.0677
4.72425, -876.649, -171.654
6.82086, 475.527, 158.55
5.82654, -781.247, -726.29
5.79297, 176.954, 656.798
7.10736, -947.089, 948.362
5.11536, 948.355, -629.087
5.45229, 441.675, -441.16
5.79944, 663.054, 649.974
4.24765, 262.476, 474.62
4.11714, 354.493, 40.0076
7.08984, -112.388, 719.493
3.08619, 925.96, -445.141
7.31268, 633.471, -137.326
5.17978, 63.7293, -304.535
5.81447, 815.856, 627.15
5.48362, 900.377, -492.592
6.93363, -507.225, -731.178
6.67999, -651.332, -602.53
6.69339, 248.54, 192.787
6.85642, -175.997, 314.356
2.5002, -771.902, 333.007
4.77274, 267.71, 338.888
4.25696, -917.286, 183.369
5.80713, -254.916, 699.717
6.22234, -883.447, 155.487
3.3821, -144.408, -491.342
7.4621, 795.537, -787.294
5.95466, -923.383, 196.441
6.97862, 144.47, -24.1175
3.51579, 347.5, -117.977
7.2356, -475.865, -30.5042
4.88476, 864.222, -492.039
6.78578, 926.747, -754.139
6.41237, -940.575, -566.094
5.70687, 906.794, -883.292
3.14521, -715.296, 160.524
5.77944, 7.56349, 656.795
3.09199, 55.1734, 3.42748
3.88793, 318.097, 788.479
6.65548, -234.863, -250.643
6.14153, -741.83, -508.012
6.74348, -600.208, 293.085
3.43989, -746.419, -888.3
6.09602, 554.363, -297.527
4.25586, 143.297, 308.905
3.34555, -418.96, -700.249
4.52383, 329.123, -513.637
4.20924, 163.252, 751.811
6.67141, 348.978, -141.254
3.9111, 698.573, 586.525
5.16766, -648.644, -459.106
6.25085, 959.469, -851.274
4.62554, -675.729, -743.898
4.66964, -539.379, 556.232
3.03022, 848.799, -920.523
6.4639, -48.103, -458.543
3.91232, -586.982, -471.6
7.14264, -565.033, -234.757
5.37926, 252.548, 524.176
3.4895, 829.525, -298.439
5.99081, 563.526, -742.25
3.07265, 489.586, -925.651
4.22945, 280.959, 760.726
4.15646, -558.361, -240.914
6.42735, 825.002, -942.043
6.65775, 458.389, -211.482
4.21712, -733.937, 749.679
4.2603, -278.233, 913.555
6.38197, 135.948, -778.276
6.58658, -4.76375, 685.06
4.26157, -144.184, 288.277
7.09559, -405.26, -291.209
3.2877, 516.744, 245.391
5.56029, -483.172, 575.964
5.54222, -430.403, 703.591
3.16647, -245.184, -725.942
3.51409, -728.968, -494.416
4.79457, -850.333, 513.648
3.48759, -494.003, 905.169
6.77118, -847.771, 380.338
6.54562, -763.366, -660.979
2.80131, -887.536, 865.918
6.50584, -717.298, 633.883
5.49597, -180.195, -531.515
7.43182, -882.312, 280.149
2.65919, -133.65, 674.015
6.8356, 909.951, -732.768
3.69109, 638.175, 313.11
3.6127, 170.68, 424.071
4.73907, -921.472, -565.497
2.61231, 855.129, -184.103
6.79755, -270.815, -2.30736
4.15902, 219.12, 568.277
5.72195, 311.175, 288.281
7.43521, -924.295, -493.946
5.30162, 284.705, -577.235
4.74553, -755.93, -247.238
5.213, 130.035, -732.804
2.90797, 783.98, -37.1181
3.99606, -811.26, -260.277
6.63964, 789.644, 627.737
6.48936, 617.482, 906.752
5.71048, -110.171, 681.037
4.84105, 622.409, 373.217
7.15326, -212.934, -573.624
5.08798, -247.771, -54.1696
7.42924, 789.815, -497.778
5.94567, -59.1621, -693.298
6.19966, -169.63, -471.73
3.46323, -396.096, -909.759
6.08881, -458.818, 606.509
6.11146, 571.177, -164.789
6.49298, 273.01, 150.281
4.23216, 253.163, -972.859
5.1481, -20.1781, -92.8893
3.19001, 725.146, -338.525
6.73218, -234.091, -248.017
6.32766, -53.4788, -858.642
7.5, 904.591, -445.167
4.24891, 471.444, 958.555
5.50367, -599.201, 567.177
3.50808, -493.122, 70.6291
6.2385, 39.5372, 162.16
6.49225, 947.816, 218.462
3.03505, -699.188, 107.01
5.35813, -511.626, 45.688
2.84683, 365.412, -358.906
4.16036, 709.13, 685.994
5.80945, 475.054, -698.377
5.27726, 144.454, -175.997
7.12415, 228.394, -10.9721
2.69832, -473.154, 214.662
2.62083, -298.81, 227.637
4.61923, 219.831, -647.908
4.36987, 465.918, 123.294
2.93303, -238.448, -236.918
3.05403, -146.732, 172.486
5.31992, 355.734, -337.791
7.37269, 31.8699, 726.998
3.05066, -57.1994, -861.519
5.99352, 99.5222, 952.685
2.79674, -57.8502, -711.449
4.69755, 831.001, -92.975
5.24651, 972.321, 707.285
3.45129, 680.15, -739.398
7.36597, 331.108, 318.739
3.19593, -674.084, -58.9311
5.48978, 899.846, -430.814
7.12812, -860.758, 702.108
3.91116, -62.3933, 884.648
6.8307, -163.043, -90.7631
6.29598, -196.959, -587.382
6.10793, 340.388, 616.946
3.34241, -360.258, 359.339
3.32882, 787.807, 357.736
3.39076, -647.951, -965.598
5.87226, 324.102, -585.759
4.83484, -334.113, 30.2441
6.85219, -795.603, -356.83
5.76023, -671.63, -117.848
5.80464, 746.058, 857.285
2.58037, -637.261, -582.317
4.30596, -755.661, -680.823
3.72747, 907.755, 94.5956
6.93086, -909.106, -926.28
5.23701, 820.649, 785.76
6.57209, -48.4369, -631.052
5.24453, 164.17, 855.586
4.16156, 496.939, -45.0874
4.40213, 8.83791, -651.131
2.52389, 911.293, 638.935
6.95226, -86.9343, -398.567
6.16955, -479.256, 674.235
6.04239, -146.694, 650.748
5.1278, 81.1169, -176.801
6.41065, -178.347, -797.35
3.42484, -408.517, -455.459
5.72673, 260.087, 479.198
3.42178, -665.128, -310.914
3.31214, 28.7324, -115.448
2.65594, -182.764, 840.861
7.42716, 133.381, -669.971
4.04559, -319.266, -695.744
4.11075, -663.208, -298.215
5.51155, 279.04, -218.452
2.89107, -326.435, -904.656
3.93936, 1.5271, 61.0349
5.79307, -142.276, -487.92
7.36348, -956.591, -352.968
7.27758, -362.552, -776.684
7.42745, -658.582, -295.015
7.30478, -888.823, -718.716
3.0073, -542.641, 537.187
3.71505, -146.097, -485.15
6.91151, 111.112, -414.114
5.28805, 338.78, 675.055
6.7669, 792.008, 520.472
7.49145, -525.773, 541.296
3.99751, -236.054, -477.998
6.33157, 949.136, 446.214
4.81901, 293.081, -163.373
6.8168, -638.427, -771.974
6.99018, 848.433, -15.3275
7.377, 254.45, -402.35
2.77405, 621.915, 142.346
6.32605, 914.211, -628.737
5.09219, -917.352, 735.707
3.46574, 936.501, -213.781
6.98252, 220.216, -554.924
6.38492, -839.658, 97.7078
2.75968, 406.866, 532.471
7.47331, -818.069, 753.516
5.93659, -43.8681, -442.306
5.94854, 877.013, 495.607
6.57666, -657.436, 811.832
7.05426, -55.9265, -461.843
3.34218, -201.384, 380.93
5.24183, -594.325, 793.967
6.53351, -500.902, -259.357
4.17803, 331.42, -537.298
5.53435, -93.3861, 31.2747
6.59602, -912.747, 334.947
7.3485, 71.2783, -245.981
6.29349, 564.712, 501.389
3.72113, -131.666, -101.185
5.80589, -569.658, 391.654
4.21574, -459.691, -196.651
7.27146, 367.512, -387.534
2.60828, 794.591, 548.152
4.54979, -886.371, 928.948
2.55789, 576.56, -677.098
3.04964, 849.732, 218.33
5.28259, -814.14, 100.911
4.45466, -6.91952, -241.61
7.20539, 116.385, -184.005
2.55572, 181.237, 366.063
6.22897, -200.983, -451.326
3.84293, 132.035, 121.225
4.27153, -657.546, -751.478
3.45835, -442.538, 627.286
5.14832, 292.292, -145.298
4.39478, -43.3445, -876.997
3.16407, -8.89161, -818.81
4.26563, -149.399, -539.305
4.2497, 777.829, 965.363
7.41084, 645.685, -151.636
5.25961, 143.328, -365.772
4.99918, 32.542, -725.119
3.58531, -831.821, 431.015
4.37311, -252.677, -628.329
6.78251, -647.269, -460.613
6.45578, 792.279, -528.894
3.9204, -504.001, 903.128
5.07645, 436.67, 115.023
6.79238, -251.826, 9.4718
7.07844, -893.31, -177.685
7.48941, 129.393, 891.516
6.53177, 150.906, -180
5.22718, -909.603, -184
7.3461, 153.149, -716.449
5.31931, -580.129, 363.262
4.03031, -441.889, 642.725
5.41853, 927.545, 916.84
2.91197, 57.8301, -305.909
5.47382, 344.501, 609.003
3.31968, -582.101, -588.72
6.46527, -634.502, -425.716
2.95373, 594.464, 700.739
6.3072, -496.393, -679.469
6.83996, -269.652, 12.3491
6.40105, 172.924, -334.555
6.61399, 909.207, 928.538
6.70974, 368.861, 546.044
4.48328, 480.533, 259.772
6.508, -150.917, 168.361
6.56811, 373.552, -40.2024
5.43493, -405.141, 94.7837
4.64621, 777.591, -33.5539
2.5002, -31.3384, -451.341
5.31153, -803.568, 324.383
6.22632, 358.177, 332.236
3.89846, 920.602, 284.208
2.93406, -957.666, 559.697
3.5733, 853.617, -872.04
3.93296, -480.301, 568.723
4.86595, -386.487, 461.657
6.95893, 840.106, 820.663
5.91955, 513.782, -496.056
3.54376, -25.9597, -92.4686
6.67533, 781.244, 2.15446
7.09218, 912.841, 891.872
4.48244, -485.947, -684.661
6.37858, 547.283, 532.849
5.68161, -141.235, -96.8768
6.64746, 484.387, 255.451
3.40204, 542.191, -469.744
7.45927, 567.026, -718.624
6.70558, -151.014, -826.207
4.65177, 875.104, 255.113
4.38589, 595.008, 867.65
2.70802, 631.705, -498.72
6.80715, -760.81, -513.854
6.62116, 897.398, -892.699
6.25052, 30.5992, 726.559
3.55801, -168.124, 957.096
4.31029, -783.362, -184.497
4.43545, -580.584, -756.126
7.32918, 794.043, 639.641
6.5872, -139.471, 664.366
4.5755, -75.379, 442.732
5.83759, 190.531, 160.103
2.52101, 471.678, 954.573
6.98048, -723.437, 226.156
3.68416, -352.099, 354.215
3.79415, 346.423, -93.538
5.4939, 387.7, -706.031
6.89823, -820.008, 359.955
6.16299, -564.693, -580.601
6.0773, 876.944, 566.053
3.57724, -595.682, 482.615
6.30413, 683.461, -946.558
3.85351, -185.096, -528.654
2.75246, 645, 321.943
4.78866, 292.096, 255.893
2.58759, 433.874, -757.516
3.01129, 60.6104, -193.473
2.639, -143.243, 285.521
5.65921, -353.489, -531.745
6.34425, 73.8473, -245.514
2.74132, 531.692, -824.986
6.6924, -28.6094, -629.574
6.76899, -253.451, -281.356
6.57649, -476.258, 582.044
6.85188, 787.455, 392.222
5.27222, -618.849, -147.723
6.12646, -266.671, 22.8418
3.20424, -483.407, 907.451
6.6115, 584.947, -515.437
5.51185, 712.526, -190.474
4.93856, 492.667, -899.436
6.14942, -266.588, 901.463
4.05164, 755.757, -661.512
3.93925, -700.914, 340.967
5.45857, -923.161, 769.187
5.34055, 614.083, 838.721
5.41059, -936.587, -554.26
2.84132, -674.492, 291.387
4.34304, 143.954, -355.665
6.28475, -928.49, -558.228
6.35297, -449.737, -858.262
4.27217, -392.11, -264.345
5.98913, 223.962, 910.578
5.08005, -660.117, -304.462
5.94494, 359.584, 149.786
6.18066, -80.6661, 621.355
2.56231, -334.592, -660.564
7.16549, 642.593, -150.856
5.37826, 114.647, 119.114
3.05587, 503.595, 976.279
4.87388, -105.396, 26.7747
3.24247, 222.116, 110.691
4.22594, 44.2165, 434.382
7.04476, -903.382, 150.247
4.54571, 5.57619, 534.682
5.96642, -673.312, -73.5566
3.35865, 370.154, -896.022
6.21715, 860.638, -498.211
4.16319, -427.31, 659.648
4.62157, 646.426, 326.005
2.79523, -163.064, -77.4461
5.09005, 284.986, -210.328
5.94425, 460.712, -572.084
5.01149, -275.002, -4.27333
6.56617, -174.657, -738.905
3.07974, 90.7872, -914.011
5.24841, 290.284, 458.852
5.06046, 381.653, 18.995
6.02649, 956.405, 458.16
5.65083, -252.329, 872.635
4.0207, -38.423, -645.61
6.74719, 404.103, 351.897
3.39619, 622.803, -30.2517
2.61737, -513.868, -98.006
4.19467, 701.675, 41.5121
3.43818, 358.731, -121.209
6.60467, -287.232, 161.1
6.72507, -908.236, -173.422
6.78031, 846.745, -704.655
7.37454, -931.201, 642.183
2.99587, 440.67, -441.061
2.56182, 565.803, 643.052
2.58614, 223.202, 563.848
2.64527, 233.881, 104.076
4.1031, 146.244, -356.708
6.17815, 618.309, 296.401
3.14876, 360.926, 465.924
2.5161, -373.238, 493.417
6.91905, 147.15, -793.65
3.70482, 210.765, -548.168
4.38481, -826.038, 748.074
4.44879, 637.656, 159.371
2.81534, 604.777, 289.941
7.30792, 187.636, 916.277
3.75349, 712.399, -351.619
6.85376, -680.07, -85.0452
2.85991, -898.047, 398.366
2.70653, -597.524, 576.176
3.46378, 325.013, -514.687
3.86708, -302.823, 304.14
7.4007, -942.716, -359.794
3.60607, 338.122, -534.677
6.43119, -867.864, 840.89
4.42306, 281.79, -412.123
3.78593, 466.684, -630.061
3.91087, -909.679, 54.9219
7.33834, 884.708, -61.9894
4.22841, 729.952, 154.338
3.45922, -953.73, 730.222
5.05037, -546.864, -368.51
5.21857, -544.916, 619.087
5.72333, -668.747, -582.114
3.89738, 15.4977, 786.334
3.41887, -299.626, -697.864
2.71579, -820.228, 365.203
3.98408, -486.486, -249.663
4.25548, -230.437, 134.426
7.09372, -409.105, 694.767
5.81225, 498.225, -355.435
5.08041, 864.776, 569.147
4.03763, 595.671, 568.219
3.0007, -339.412, 147.714
3.47502, 370.708, -882.864
4.11407, 42.1977, -108.616
5.56182, 928.103, 90.1053
5.13511, 946.921, -964.576
3.45653, 292.378, 266.592
4.7178, -631.133, -455.451
4.48693, -686.113, 827.362
6.28051, -596.637, 745.084
6.6213, 729.729, 602.838
5.51573, 142.174, -373.714
3.04573, 595.78, -803.76
4.11797, 474.852, -165.096
5.03403, 16.5139, 311.241
4.76521, -662.879, 790.605
4.77315, -174.57, -452.066
4.91125, 919.518, 903.753
5.07896, 364.601, -648.979
4.50207, 184.352, 800.071
4.22945, 955.767, 450.786
6.64533, 916.251, -212.524
3.02204, -710.815, -772.287
6.40057, 548.914, 533.552
3.19919, -293.997, -234.828
2.62171, -789.499, -539.961
6.0664, 396.915, -713.58
7.15538, 136.817, -803.293
7.47667, 213.311, 171.928
3.86264, -875.297, 154.489
3.6923, -519.701, -241.273
3.87328, 935.276, 611.931
5.70836, -892.237, -735.306
5.17637, 299.537, 129.122
6.8967, 804.764, -292.114
6.75968, -644.112, -805.755
2.98004, 853.468, -49.8114
4.66818, -730.483, 238.407
3.17045, -186.531, -740.186
5.86802, -172.841, 314.388
5.34964, -30.9445, -438.826
3.66474, -577.685, 576.929
5.50306, 259.945, -671.835
2.6551, -779.921, -19.8448
7.08512, 552.134, -291.508
3.82958, 854.076, -176.306
6.50016, -174.089, -519.596
5.46389, 139.647, -731.568
5.0822, 364.625, 597.913
5.2567, 355.912, 599.02
3.47225, 467.262, -235.768
5.36152, 159.34, -709.707
3.81992, 190.596, 391.429
4.41648, -772.771, 532.781
2.73626, -749.409, -891.347
4.22823, 572.688, -674.964
3.61594, 637.101, -432.348
3.81264, 15.2315, -707.598
3.05141, -418.094, -420.293
7.40088, -693.5, 1.50132
5.93794, 796.733, 636.751
5.82158, -546.387, -374.3
5.99501, -586.285, -670.417
2.68746, -805.581, -757.081
3.6706, -640.758, -751.409
3.95397, 753.737, 668.59
3.50543, 29.0951, -226.78
2.7177, 326.825, 310.75
2.56571, -540.899, 549.162
6.07297, -510.471, 765.614
6.88348, -855.602, -600.809
5.35088, -880.685, 314.297
6.92743, 857.136, 838.208
5.20042, -361.821, -273.221
3.31357, 904.565, -619.711
3.30492, 956.06, 430.925
7.19182, 295.164, 258.518
3.45628, 535.664, -826.119
3.15761, -1.53602, -118.25
4.41122, -253.216, 15.7617
6.12674, 268.436, -233.454
2.50651, 542.781, 856.351
4.60222, 13.9526, 721.585
5.18984, 269.148, -233.688
4.86596, -233.376, 240.906
6.33003, 549.579, 852.416
2.9396, 544.899, -463.133
7.04284, 151.851, 327.171
3.20818, -837.623, -406.738
2.54782, 382.342, -41.7626
2.82267, 251.9, 528.415
4.96742, 376.744, 220.691
5.40914, 521.614, 966.556
4.03373, -927.834, 540.809
4.57091, 869.906, -62.3062
4.33401, -597.212, -661.168
3.42687, 152.084, 653.639
2.76788, 613.72, 144.095
4.47222, 520.845, -61.3063
3.98388, -346.901, -126.662
5.05388, -390.9, 811.658
3.75392, -733.768, 231.613
5.01589, 915.897, 908.911
2.51168, 9.26645, 776.012
7.01807, 961.248, -443.598
2.79181, -923.831, -930.955
5.17506, -631.415, 790.81
3.95754, -390.609, 837.232
7.3023, -793.977, -257.729
4.73406, 336.45, -107.854
5.08479, 869.155, 173.84
5.93861, -264.509, -5.30894
2.72187, -159.323, 64.4962
7.2946, -786.729, 598.396
5.70852, 376.512, 141.622
2.80215, 601.093, -758.911
3.33964, 63.8879, 264.704
5.76491, 489.039, -226.612
6.19864, -771.716, 332.781
3.57011, 848.979, 216.117
4.31441, 144.316, -830.296
6.56981, -645.07, 918.845
5.32057, 811.494, -459.658
7.45886, -53.2715, -861.186
6.5669, -763.936, 378.048
3.49157, -969.101, -19.9334
2.50003, -135.72, -817.258
4.62608, 907.346, -739.453
4.07406, 849.926, 206.338
5.56218, 602.573, -915.143
3.83351, -177.122, -529.86
4.39881, -590.814, -68.9939
5.43397, 921.377, 287.863
5.95636, -131.177, -462.545
7.26736, -439.586, -559.151
4.89785, -294.699, -929.024
3.60319, 410.17, -700.616
5.33741, -703.058, -465.288
6.09873, 385.41, 353.269
4.4953, -480.312, 583.915
3.48326, -680.586, 961.566
6.66971, -662.931, -754.122
5.59561, -451.184, -853.929
7.26866, -278.445, 184.156
3.23222, -11.2086, -222.731
5.38953, 25.2883, -448.916
7.26796, -412.741, 712.499
3.62331, 714.721, -966.29
7.25137, -488.866, 793.829
3.07874, 803.117, -515.219
2.58372, 17.5491, -226.05
3.90465, -336.716, -170.613
7.15042, 633.905, 155.27
3.04796, 766.717, 867.316
6.77266, 10.5686, 784.678
5.68532, -711.521, -722.11
5.63853, 385.874, -702.68
3.80589, 722.74, 701.396
5.13936, -944.392, 218.528
7.16608, -248.938, 879.863
3.98055, 902.667, 116.812
4.78006, 181.126, 412.293
6.35659, -657.621, -607.956
4.17193, 147.787, 119.651
6.31775, -42.3022, -885.424
6.65892, -31.5111, 932.113
2.64618, -723.021, 562.899
4.31315, 705.576, -262.223
4.16221, 267.124, 467.777
3.17675, -490.625, -244.262
3.00839, -298.362, 619.265
5.11327, -592.054, 792.4
3.52046, 31.236, -517.623
5.00728, -855.587, -601.906
5.1371, -16.9754, 955.522
4.13422, -260.123, -301.148
4.75888, 232.119, -423.856
6.85263, -17.2032, 928.672
4.72884, 636.676, 864.247
6.03726, -453.143, -882.068
6.83171, 884.429, -689.274
6.5822, 823.193, 196.648
2.67504, 846.565, 843.037
3.8644, -635.711, -245.567
5.21858, -416.606, -425.864
3.19942, -910.805, -560.306
5.57408, -754.514, -883.001
3.29182, -633.56, -621.69
4.41129, 104.894, 217.534
5.94997, -96.5092, 185.401
3.21128, -404.34, 476.668
5.65284, -783.355, 770.846
3.15973, 169.941, 931.581
7.13583, -719.131, 218.829
5.53465, -929.137, 789.302
5.50388, -907.576, 373.319
3.33635, 578.786, -512.055
3.301, -853.683, -397.623
5.91628, 599.946, -23.2676
5.1456, -682.768, -4.55319
3.65264, -133.433, 764.686
6.55373, -498.461, -55.4621
5.76477, -413.715, -550.301
4.08597, -590.996, -589.145
2.53953, -255.914, -799.987
3.49176, 717.5, 714.331
3.78831, 1.09601, 376.81
3.03825, 862.668, 46.8704
3.49545, 106.411, -414.206
6.75079, 803.223, -766.878
6.63912, -938.935, 192.922
6.76813, -937.795, -544.133
5.71027, 300.342, 773.966
3.6787, 716.413, -967.903
6.80638, -503.089, -788.082
5.4745, 29.3816, -115.49
2.52745, 508.267, -57.7556
6.84925, -642.876, -457.715
7.37729, 638.008, 105.701
5.59653, 367.698, 22.7023
3.85574, -909.695, 353.47
7.46973, -173.955, -605.677
4.60751, -693.331, -517.6
4.20537, -785.817, -607.7
4.80717, 351.991, -113.279
4.44822, 254.745, -397.626
4.613, -34.8509, 511.844
2.84879, 127.089, 300.166
5.5153, -33.353, -113.499
7.36114, -50.1674, 219.484
5.07406, -708.873, -511.29
7.45461, 930.509, -134.491
5.84906, 590.741, -124.943
4.01716, -600.58, 63.8519
3.47371, 847.193, 587.267
4.0109, -725.108, -911.041
4.93946, -340.489, 455.544
4.72438, 516.254, 955.485
5.7844, 328.477, -913.501
3.74227, -754.445, -681.601
4.72007, 51.6918, 548.386
5.75894, -695.734, 20.8363
6.67472, -726.766, 216.012
6.03698, 192.762, 812.195
4.93928, -852.117, -631.656
6.72039, 394.178, -225.897
7.00296, -504.469, -194.572
6.33082, -660.949, -505.488
5.29453, 638.073, 866.493
2.70603, -4.57627, 74.4429
5.46749, 556.019, 71.1491
2.68674, -652.303, 804.744
4.53488, 57.9321, 431.604
2.84243, -955.351, -871.363
7.38558, -754.943, -899.148
2.5956, -496.87, -266.808
6.60363, -164.49, -267.989
5.2195, -386.264, 848.892
5.72828, 773.622, -338.642
3.62934, -256.273, 10.0736
2.733, 864.265, -717.328
3.63154, 201.155, -536.987
4.58371, -633.602, 131.869
6.40126, 259.493, -620.886
3.72852, -922.653, 373.064
4.81411, 627.14, 137.844
6.14756, 934.005, 290.028
5.35237, -333.563, 802.927
5.45997, 902.373, 910.944
4.98425, -907.203, 276.395
3.951, 453.653, 143.816
4.71107, -4.67482, -225.289
2.53669, 841.758, -401.173
7.41683, 490.579, -352.334
2.52822, -772.784, -191.644
4.8676, -117.495, 748.313
5.86497, -318.259, -126.79
