6.27803, -555.642, -327.043
3.5948, -17.6862, -122.782
5.89648, 314.255, -488.671
5.09708, -187.54, 576.467
2.76731, -630.939, 645.276
2.53849, 251.161, 58.6827
4.58743, -484.839, -234.513
7.15218, 271.785, 289.711
2.95982, 82.0551, 406.183
6.00595, -128.061, 155.741
3.81226, 566.498, 626.543
4.14117, 407.441, -520.662
7.45519, 199.647, 165.534
7.41275, -481.893, -182.693
5.75759, 245.988, 350.028
6.92354, 206.554, -504.235
6.33247, -71.0762, -309.016
3.87453, -519.521, -102.218
4.93259, -344.834, -196.357
2.80282, 669.58, 706.016
5.08146, 22.4002, 613.268
4.96988, 573.365, -517.009
7.23882, -539.304, -582.717
4.42071, 27.3621, -505.705
5.14874, 682.935, -440.073
2.75042, 592.324, 9.15483
6.63909, 346.299, 338.454
5.94228, -584.576, -525.05
6.18112, 167.07, 556.426
6.94286, 586.752, 442.992
4.25508, -218.938, -415.168
6.72991, 341.666, 43.6661
3.84659, 418.195, -22.3135
4.83959, 46.5416, -163.713
3.2686, -534.079, -459.703
2.66527, 327.914, 55.4997
7.2768, 105.329, 16.9173
6.95369, 249.59, 283.9
3.29884, 338.569, 88.283
3.15214, 314.547, -522.503
2.515, -493.299, -518.623
6.0491, -469.794, -178.77
3.40448, -411.038, 546.327
5.76029, 581.7, -272.487
4.42907, 296.148, -532.694
3.23766, 144.321, -200.302
5.45054, 408.192, -34.2872
3.24076, 83.9788, 556.908
3.2091, -101.054, 523.37
4.94257, -368.138, -56.3494
3.13015, 512.773, -100.53
5.64635, -181.97, -393.471
5.60817, 297.011, -397.063
4.88216, -394.291, 550.367
2.64188, -352.907, -152.505
3.21011, 167.288, 548.524
3.15594, -176.854, 608.385
3.31099, -668.999, 593.125
3.76529, -121.668, -430.483
4.77654, 338.556, -536.594
6.54472, -11.5613, -119.468
3.57624, 169.947, 565.602
3.75063, 558.697, 317.03
5.02978, 1.96686, 580.334
6.27922, 420.391, 104.866
5.66369, 547.591, -68.6394
5.9449, 475.419, -58.7426
7.27207, 617.485, 449.447
5.18713, -374.487, 557.214
4.57014, -461.961, -229.764
4.70019, 342.197, 111.127
6.07821, 538.043, 399.063
6.20858, 258.19, 277.132
5.12494, 714.869, -652.379
6.06711, -507.415, -186.73
5.91025, 211.817, 39.6528
6.82941, 653.83, -374.333
3.19597, -107.795, 501.647
3.57766, 646.436, -139.401
5.0733, -180.923, -190.462
4.83766, 118.643, 476.3
3.55759, -223.2, 622.474
5.65244, -514.491, 614.349
2.5044, -608.645, 272.168
4.09589, 286.449, 289.271
5.90281, 248.666, 84.7526
6.0446, 417.887, -356.446
2.90869, -628.778, 485.136
3.56926, 224.381, 229.537
4.44412, -510.661, -496.086
4.44927, 649.375, 667.445
3.92018, 246.81, -513.149
4.6123, 360.743, 388.319
2.55658, -497.859, -418.845
3.72027, 686.713, -660.084
4.49072, -621.457, 466.116
6.64177, -647.916, 183.757
3.78584, 693.576, -621.072
3.59705, -595.719, -431.546
6.47385, 246.415, 316.5
5.8476, 199.988, 294.909
5.49108, -610.653, 157.282
5.99917, -235.173, -426.415
5.13062, 375.098, -570.525
4.14833, 252.089, 92.2932
3.30844, -798.566, 193.023
6.56633, 415.222, -86.4484
4.08004, 226.253, 105.255
4.05369, -108.88, -392.182
4.65424, -9.95656, 22.5687
4.46509, -126.924, -555.541
4.43916, 56.1499, -157.722
4.34871, -539.821, -466.257
5.88118, 250.914, -437.407
6.10384, 159.572, 6.41991
7.20082, -37.0687, 541.679
5.08573, -219.924, -380.162
5.5282, -132.966, 145.644
5.85049, -516.172, 631.301
5.11404, 100.468, -174.644
3.87105, -606.212, 575.479
7.08924, 261.037, 303.987
3.73367, 632.692, -373.683
4.77876, 281.346, 317.234
3.30374, -634.375, 601.972
4.68319, 155.05, 238.794
7.45767, 289.706, 86.2281
6.26931, -297.347, 389.526
4.97846, -508.062, -484.81
7.01651, -662.338, -474.089
4.68213, 401.025, 403.678
5.09239, 87.3804, -436.327
4.44866, 155.146, -416.28
5.63431, -157.97, -247.302
5.19331, 242.705, 59.8708
4.35955, 398.602, -384.283
2.54674, -274.604, 234.938
6.3794, 29.212, -532.003
2.85317, -531.235, -427.934
3.98511, 306.244, -502.134
4.78581, 25.9322, -528.733
3.25156, -98.263, -74.7839
5.97819, 437.743, -369.335
4.15587, 276.857, 69.4099
5.21197, 693.693, -654.817
2.64678, 620.736, -706.156
5.38086, 17.5994, -153.757
5.18133, 247.601, 249.84
7.36678, -596.734, -527.888
5.57063, -215.767, -403.539
5.26431, -639.343, 232.57
6.69051, -215.22, 558.403
3.75764, -396.842, 533.093
6.98957, 415.18, -22.3867
5.97428, 458.365, -372.882
5.82752, -397.333, -158.271
3.06838, -615.781, -455.695
3.37987, -618.65, 161.47
2.91253, -84.555, 80.9932
6.68103, -78.157, 229.391
2.64818, 751.983, -597.663
6.34719, 25.9903, -509.132
4.29829, -438.134, 484.649
6.24626, 88.9397, 468.049
6.28385, 258.475, 119.691
3.60834, -447.595, -555.272
5.58305, 358.204, 83.9042
3.66846, -281.24, -140.106
6.22052, -684.715, 200.009
5.80997, -518.067, -456.814
4.9209, 699.664, -601.535
2.58972, 559.295, 49.1808
4.98291, 287.658, 85.0025
5.09587, 95.0644, -480.674
4.71395, -599.473, 263.479
4.14528, 19.2963, 539.285
3.52671, 313.045, -56.7132
7.19863, -141.068, -379.249
2.85168, -422.555, 574.73
3.30042, 86.6974, -458.734
6.70788, -515.324, -130.204
4.13614, -266.533, -159.314
6.85942, 260.029, 297.587
5.99896, 611.588, 481.667
5.52801, 567.078, -82.5065
4.77536, 102.626, -172.859
2.91543, -348.561, -192.697
3.94883, 80.9734, -210.908
6.51009, -456.51, -452.249
6.81821, 250.044, 69.5024
3.81831, 223.801, -506.215
4.79881, -513.201, -141.259
4.95672, 438.374, -371.41
5.82344, -455.76, -477.365
7.31738, -456.698, -267.376
7.23022, 370.66, -560.376
2.81902, 247.138, -454.332
5.04829, -489.521, -187.399
6.13222, 687.642, 368.568
5.65882, 339.136, -131.297
3.26658, -702.33, -675.899
5.09652, -604.109, 266.276
3.52281, -385.333, 496.422
6.03231, 408.724, -559.436
6.05786, -367.427, -193.496
3.66304, -373.86, -165.922
6.80594, 73.5848, -136.184
2.67122, -32.4189, 540.777
6.26587, -573.731, 108.496
4.14789, 369.934, 102.932
4.65309, -145.226, -397.543
7.33455, 529.788, -8.83827
4.05803, 555.083, 434.723
5.69762, 596.856, -414.355
5.95386, 528.02, -85.7399
5.36403, 32.2953, 532.38
6.60667, 728.317, -711.662
4.21807, -546.263, -498.745
5.09387, -563.021, -417.135
6.78438, -38.7836, -491.072
6.18587, 300.66, 153.434
3.45992, -665.594, 208.145
2.83145, -202.258, 253.059
3.60828, 696.546, -572.499
3.33656, 74.1543, -139.661
6.31172, 293.539, -453.899
5.44905, -604.916, 189.848
4.65223, 702.881, 714.57
7.09618, 490.247, 10.9253
5.09668, 242.74, 29.1915
7.38058, -527.181, -99.6401
5.15714, -356.296, -76.2667
2.98716, 333.34, 30.7539
5.83983, 259.553, 132.142
5.44444, 294.153, 73.8005
5.01137, -457.508, -202.749
2.75808, -653.404, 100.232
2.6753, -33.827, -252.622
4.41484, -537.666, -604.016
5.55555, 351.685, 87.1779
5.06574, 563.233, 600.425
5.98498, 175.085, -22.71
4.89891, 66.9193, -136.405
3.88323, 154.256, 369.661
6.01685, -341.286, 24.4158
3.67701, 556.072, -72.0162
6.41501, -84.3888, -221.553
6.60589, 157.633, 509.073
3.21842, -377.618, -118.188
5.75757, -424.536, 531.483
3.87677, 757.965, -566.027
7.26215, -424.737, 581.846
4.58238, -514.284, -141.755
3.03869, -130.073, 100.43
4.70633, -640.882, 500.257
6.28811, -500.41, -183.286
2.77803, -462.823, -133.149
3.51241, 6.73808, 22.6119
6.82305, 689.89, -638.306
6.52456, -184.522, -60.5788
2.78861, -471.531, -552.174
4.40304, -72.364, -475.559
4.56124, 27.3984, 526.502
2.80071, -217.659, 171.55
7.09746, 518.701, 468.254
3.35398, 558.164, 675.487
6.51634, -595.085, 212.599
3.88599, 484.368, 36.8736
4.44586, 105.959, 596.047
7.19936, -27.1236, 621.371
6.24573, 71.8105, -169.29
3.44774, -488.129, 574.464
6.89581, 246.423, 254.056
6.8953, 284.957, -517.75
3.30515, -499.838, -234.813
5.87346, -426.854, -193.526
6.89096, 371.023, 102.559
6.98262, 250.461, 272.25
3.06535, 1.05313, 588.061
5.93789, -214.395, -263.849
3.21651, -532.231, -483.376
3.6901, 246.135, 81.1414
5.64383, 517.876, -46.6722
4.312, 559.345, 315.034
4.64437, 651.128, 488.27
4.91936, 22.8507, -505.416
6.20379, 42.0164, -149.561
3.23098, -544.429, 510.342
7.36238, -545.305, -460.135
7.3158, -477.166, -180.953
3.14741, -323.225, 652.587
5.3784, -89.8364, -337.394
4.66439, 24.6909, -124.258
5.50066, -226.569, -173.368
5.85098, -524.478, -174.647
4.5137, 449.367, 665.154
6.46691, 626.831, 454.006
4.89889, -452.143, -210.114
5.72449, 276.444, 169.284
4.28836, -214.763, 603.539
5.96794, -207.021, -171.923
5.83428, -464.826, -485.863
3.22071, -394.436, 578.258
7.10415, -617.923, 212.532
4.22228, 120.461, -143.682
6.66824, -220.605, -403.886
2.74349, 301.542, -443.604
3.27936, -196.197, -50.8421
2.55765, 240.654, 301.289
3.94327, -8.45144, 521.932
5.07295, -203.098, -175.268
3.65948, 584.478, 448.774
2.75022, -192.993, -224.757
5.33091, -580.42, -356.349
6.69774, 78.0579, 540.715
4.28763, -568.185, -542.103
4.3452, 102.346, 567.484
7.22226, 252.405, 59.2942
4.72425, -451.581, -183.966
6.82086, 228.108, 218.336
5.82654, -491.453, -448.172
5.79297, 89.8588, 484.906
7.10736, -756.98, 698.872
5.11536, 608.987, -753.439
5.45229, 289.544, -417.434
5.79944, 561.681, 476.487
4.24765, 341.815, 316.353
4.11714, 249.933, 59.437
7.08984, -7.22787, 577.152
3.08619, 608.856, -547.449
7.31268, 390.103, -39.6108
5.17978, 42.9841, -227.837
5.81447, 554.046, 487.452
5.48362, 639.988, -414.331
6.93363, -593.499, -480.906
6.67999, -526.977, -489.554
6.69339, 352.176, 88.5298
6.85642, -132.649, 154.438
2.5002, -576.189, 110.808
4.77274, 335.127, 68.8126
4.25696, -591.094, 206.47
5.80713, -214.697, 580.395
6.22234, -607.855, 273.448
3.3821, -92.9295, -354.25
7.4621, 689.664, -617.288
5.95466, -605.59, 170.834
6.97862, 358.556, 22.3135
3.51579, 298.635, 181.557
7.2356, -418.331, -195.217
4.88476, 650.744, -409.239
6.78578, 648.753, -545.965
6.41237, -541.095, -459.661
5.70687, 708.182, -582.74
3.14521, -637.865, 91.6337
5.77944, -118.177, 507.309
3.09199, 63.9981, -181.132
3.88793, 154.067, 576.957
6.65548, -212.164, -142.529
6.14153, -529.313, -531.932
6.74348, -779.108, 207.561
3.43989, -552.009, -518.159
6.09602, 392.62, -256.055
4.25586, 345.697, 214.337
3.34555, -500.512, -474.553
4.52383, 99.2197, -546.701
4.20924, 133.846, 626.145
6.67141, 249.719, 73.0229
3.9111, 633.405, 447.712
5.16766, -507.172, -420.351
6.25085, 667.028, -573.745
4.62554, -657.056, -433.06
4.66964, -426.446, 569.653
3.03022, 687.452, -711.597
6.4639, -188.671, -438.726
3.91232, -516.994, -540.491
7.14264, -282.277, -127.676
5.37926, 269.297, 307.704
3.4895, 588.638, -268.818
5.99081, 260.142, -513.38
3.07265, 302.795, -474.413
4.22945, 159.148, 560.489
4.15646, -479.421, -177.116
6.42735, 626.371, -590.912
6.65775, 326.562, -29.0152
4.21712, -679.668, 579.751
4.2603, -216.772, 579.936
6.38197, -10.4326, -506.019
6.58658, -75.8538, 509.468
4.26157, -232.203, 98.4992
7.09559, -372.021, -157.447
3.2877, 233.964, 24.2506
5.56029, -465.159, 589.14
5.54222, -393.466, 578.061
3.16647, -110.37, -409.066
3.51409, -584.857, -465.975
4.79457, -606.491, 563.222
3.48759, -419.989, 567.077
6.77118, -595.104, 197.558
6.54562, -436.229, -465.067
2.80131, -608.135, 518.159
6.50584, -650.916, 495.333
5.49597, -150.889, -374.141
7.43182, -547.385, 245.36
2.65919, -13.2748, 625.06
6.8356, 701.449, -594.326
3.69109, 436.098, 158.663
3.6127, 305.026, 256.061
4.73907, -542.24, -474.009
2.61231, 552.785, -14.9873
6.79755, -207.469, -97.846
4.15902, 297.266, 198.796
5.72195, 227.128, 22.9861
7.43521, -516.849, -438.321
5.30162, 256.034, -443.208
4.74553, -464.323, -197.324
5.213, 14.1927, -461.397
2.90797, 548.271, -2.40698
3.99606, -486.549, -234.848
6.63964, 511.742, 560.842
6.48936, 434.909, 728.298
5.71048, 12.3152, 559.663
4.84105, 368.961, 93.1524
7.15326, -114.388, -346.95
5.08798, -193.766, -69.4798
7.42924, 633.581, -389.974
5.94567, -33.1813, -522.143
6.19966, -93.7963, -344.721
3.46323, -470.686, -547.716
6.08881, -395.665, 608.352
6.11146, 474.159, -54.9548
6.49298, 282.786, 142.533
4.23216, 221.133, -595.069
5.1481, 36.8374, -170.658
3.19001, 538.603, -122.342
6.73218, -204.828, -175.376
6.32766, 11.0978, -523.845
7.5, 595.688, -562.48
4.24891, 485.299, 633.394
5.50367, -480.396, 658.586
3.50808, -330.721, -43.6159
6.2385, 107.239, 23.719
6.49225, 553.901, 85.0976
3.03505, -653.76, 228.287
5.35813, -368.581, -55.5398
2.84683, 236.112, -240.685
4.16036, 693.254, 488.284
5.80945, 344.124, -543.822
5.27726, -87.4635, -232.455
7.12415, 306.643, 66.4266
2.69832, -336.074, -84.4213
2.62083, -196.46, 22.0111
4.61923, 280.291, -402.422
4.36987, 263.355, 39.6494
2.93303, -199.942, -168.923
3.05403, -52.4044, 94.3386
5.31992, 251.443, -388.938
7.37269, -74.2804, 525.524
3.05066, 2.72078, -520.2
5.99352, 94.776, 488.538
2.79674, 9.48081, -509.075
4.69755, 538.83, -77.1557
5.24651, 650.43, 592.426
3.45129, 478.158, -551.509
7.36597, 280.903, 81.0574
3.19593, -517.293, -131.309
5.48978, 648.268, -410.004
7.12812, -641.619, 542.047
3.91116, -32.1781, 523.79
6.8307, -126.34, -137.434
6.29598, -114.776, -340.091
6.10793, 242.177, 274.32
3.34241, -193.892, 254.614
3.32882, 645.855, 311.344
3.39076, -687.969, -574.147
5.87226, 251.847, -445.186
4.83484, -33.5156, -253.8
6.85219, -537.641, -417.543
5.76023, -479.227, -188.2
5.80464, 742.897, 708.729
2.58037, -657.963, -529.16
4.30596, -435.827, -474.972
3.72747, 543.802, 129.068
6.93086, -666.096, -640.688
5.23701, 705.797, 686.405
6.57209, 17.6863, -531.626
5.24453, 100.669, 478.639
4.16156, 370.142, -19.3992
4.40213, -39.0638, -556.297
2.52389, 524.152, 516.241
6.95226, -162.214, -422.97
6.16955, -427.274, 517.581
6.04239, -1.43688, 591.907
5.1278, 157.915, -153.511
6.41065, 0.532995, -515.534
3.42484, -332.512, -381.036
5.72673, 260.622, 263.374
3.42178, -488.262, -177.793
3.31214, 96.239, -213.616
2.65594, -206.956, 557.076
7.42716, -61.1266, -519.608
4.04559, -257.205, -364.829
4.11075, -401.014, -176.08
5.51155, 194.048, 4.69254
2.89107, -267.598, -567.948
3.93936, 96.9872, 28.5836
5.79307, -160.756, -355.498
7.36348, -550.12, -352.675
7.27758, -377.37, -474.008
7.42745, -475.393, -184.769
7.30478, -512.822, -559.986
3.0073, -432.857, 530.791
3.71505, -86.5093, -347.427
6.91151, 39.1973, -108.931
5.28805, 211.479, 275.726
6.7669, 585.323, 480.854
7.49145, -443.511, 560.693
3.99751, -123.698, -554.828
6.33157, 604.842, 431.699
4.81901, 192.742, 23.4234
6.8168, -563.746, -498.112
6.99018, 554.703, -73.5878
7.377, 171.586, -281.531
2.77405, 438.859, 123.634
6.32605, 699.27, -607.264
5.09219, -607.484, 560.794
3.46574, 611.241, -71.5533
6.98252, 345.305, -516.797
6.38492, -596.892, 298.687
2.75968, 315.69, 361.922
7.47331, -665.883, 594.174
5.93659, -204.006, -426.05
5.94854, 603.192, 455.832
6.57666, -333.659, 514.211
7.05426, -85.9309, -402.088
3.34218, -135.916, 147.179
5.24183, -373.089, 544.213
6.53351, -302.592, -192.006
4.17803, 249.513, -410.443
5.53435, -93.3937, -75.1734
6.59602, -618.182, 144.055
7.3485, 75.0107, -183.594
6.29349, 605.968, 441.617
3.72113, -121.265, -140.38
5.80589, -582.843, 249.13
4.21574, -452.501, -188.686
7.27146, 239.574, -284.553
2.60828, 446.522, 461.344
4.54979, -731.881, 724.005
2.55789, 417.718, -519.183
3.04964, 594.002, 224.833
5.28259, -499.842, 257.506
4.45466, 68.0191, -174.697
7.20539, -25.7759, -165.086
2.55572, 291.247, 290.422
6.22897, -114.88, -352.94
3.84293, 377.947, 84.29
4.27153, -523.65, -442.236
3.45835, -447.828, 569.226
5.14832, 296.659, 232.437
4.39478, 11.4555, -532.663
3.16407, -67.8338, -453.953
4.26563, -69.9556, -348.325
4.2497, 744.99, 640.644
7.41084, 418.128, -8.80724
5.25961, 88.3606, -79.1333
4.99918, -10.733, -515.039
3.58531, -562.529, 222.465
4.37311, -64.8376, -309.161
6.78251, -539.348, -461.591
6.45578, 626.58, -391.259
3.9204, -424.352, 572.447
5.07645, 244.929, 219.794
6.79238, -206.858, -95.6954
7.07844, -472.941, -262.99
7.48941, 47.168, 525.448
6.53177, -83.3491, -214.064
5.22718, -464.132, -190.551
7.3461, -60.7719, -493.981
5.31931, -550.842, 280.557
4.03031, -418.887, 541.021
5.41853, 675.809, 632.495
2.91197, 79.8379, -180.751
5.47382, 207.205, 241.105
3.31968, -491.735, -461
6.46527, -516.456, -463.613
2.95373, 676.588, 477.581
6.3072, -579.805, -479.912
6.83996, -184.462, -87.6596
6.40105, 16.6995, -356.757
6.61399, 599.214, 581.345
6.70974, 257.534, 281.384
4.48328, 98.1635, 30.4783
6.508, -81.9546, 78.6099
6.56811, 246.282, 64.3474
5.43493, -333.047, -44.6763
4.64621, 577.399, -122.559
2.5002, -227.089, -342.263
5.31153, -555.143, 92.676
6.22632, 235.054, 38.1625
3.89846, 600.635, 156.912
2.93406, -560.807, 517.659
3.5733, 667.45, -583.366
3.93296, -404.214, 485.738
4.86595, -393.102, 437.046
6.95893, 661.384, 668.78
5.91955, 357.153, -357.854
3.54376, 51.3763, -179.15
6.67533, 599.807, -37.3675
7.09218, 689.519, 651.432
4.48244, -567.703, -476.605
6.37858, 352.755, 346.576
5.68161, -8.43579, -101.142
6.64746, 201.408, 170.877
3.40204, 421.482, -368.212
7.45927, 376.539, -555.726
6.70558, 62.6633, -483.657
4.65177, 589.288, 160.889
4.38589, 431.121, 688.641
2.70802, 396.818, -358.73
6.80715, -532.024, -503.548
6.62116, 701.45, -573.02
6.25052, -151.34, 605.352
3.55801, -283.886, 607.163
4.31029, -507.405, -127.718
4.43545, -497.455, -434.159
7.32918, 625.947, 484.433
6.5872, 22.3642, 580.135
4.5755, 46.1459, 354.776
5.83759, 369.803, 85.2264
2.52101, 486.775, 617.651
6.98048, -668.506, 174.51
3.68416, -194.157, 253.513
3.79415, 208.499, -239.738
5.4939, 321.298, -514.969
6.89823, -567.831, 164.243
6.16299, -657.965, -413.333
6.0773, 623.774, 488.818
3.57724, -415.707, 613.396
6.30413, 689.524, -710.005
3.85351, -174.315, -407.352
2.75246, 367.619, 79.5971
4.78866, 282.125, 89.9164
2.58759, 417.571, -529.225
3.01129, 41.1166, -118.527
2.639, -228.471, 102.03
5.65921, -174.461, -426.731
6.34425, 100.493, -229.294
2.74132, 399.642, -511.385
6.6924, -26.3904, -544.158
6.76899, -261.793, -163.354
6.57649, -396.907, 599.952
6.85188, 630.621, 324.842
5.27222, -487.605, -177.418
6.12646, -171.399, -74.3711
3.20424, -361.589, 483.084
6.6115, 382.274, -369.106
5.51185, 349.038, -12.7962
4.93856, 398.918, -555.519
6.14942, -108.783, 561.684
4.05164, 740.05, -590.068
3.93925, -639.484, 100.286
5.45857, -657.547, 548.629
5.34055, 524.995, 534.424
5.41059, -460.57, -593.439
2.84132, -713.557, 248.68
4.34304, 86.4146, -78.509
6.28475, -564.823, -509.117
6.35297, -442.168, -544.603
4.27217, -440.565, -196.53
5.98913, 2.95971, 542.339
5.08005, -512.833, -178.142
5.94494, 292.031, 144.567
6.18066, 4.48156, 563.138
2.56231, -263.555, -350.811
7.16549, 421.48, -4.91962
5.37826, 380.568, 96.8413
3.05587, 512.748, 623.586
4.87388, -131.809, -126.302
3.24247, 400.075, 106.179
4.22594, 277.026, 240.29
7.04476, -652.95, 276.894
4.54571, 76.4135, 474.766
5.96642, -538.866, -169.452
3.35865, 245.664, -402.439
6.21715, 593.274, -471.182
4.16319, -399.527, 511.077
4.62157, 373.126, 114.009
2.79523, -235.859, 0.663658
5.09005, 239.234, 48.2177
5.94425, 256.079, -424.331
5.01149, -165.064, -87.4467
6.56617, -25.0878, -496.033
3.07974, 40.4233, -491.869
5.24841, 190.943, 323.896
5.06046, 250.432, 59.8069
6.02649, 599.813, 459.357
5.65083, -212.835, 578.475
4.0207, -3.28769, -507.756
6.74719, 232.964, 36.7536
3.39619, 490.697, 38.3922
2.61737, -400.971, -171.62
4.19467, 406.013, -45.6303
3.43818, 180.105, 4.91639
6.60467, -173.592, 10.6575
6.72507, -476.673, -189.444
6.78031, 679.811, -632.82
7.37454, -636.969, 602.488
2.99587, 243.175, -449.987
2.56182, 648.719, 493.775
2.58614, 349.938, 258.581
2.64527, 256.665, 141.576
4.1031, -19.5634, -71.3762
6.17815, 430.477, 178.479
3.14876, 243.103, 194.782
2.5161, -310.384, 316.182
6.91905, -55.765, -497.41
3.70482, 288.593, -383.837
4.38481, -673.228, 590.381
4.44879, 446.055, 35.5755
2.81534, 402.745, 141.8
7.30792, 150.462, 514.038
3.75349, 625.997, -264.375
6.85376, -502.695, -136.76
2.85991, -586.651, 132.779
2.70653, -412.986, 584.376
3.46378, 270.481, -422.505
3.86708, -213.642, 243.48
7.4007, -538.261, -378.501
3.60607, 271.955, -433.488
6.43119, -641.872, 465.496
4.42306, 161.27, -305.419
3.78593, 314.456, -463.265
3.91087, -596.633, 213.496
7.33834, 531.04, -100.813
4.22841, 320.871, 127.444
3.45922, -576.886, 444.518
5.05037, -448.575, -198.064
5.21857, -421.885, 660.552
5.72333, -540.816, -587.893
3.89738, 5.15691, 610.207
3.41887, -265.854, -350.783
2.71579, -527.385, 143.496
3.98408, -589.297, -229.769
4.25548, -133.033, 107.962
7.09372, -398.845, 587.016
5.81225, 397.78, -231.696
5.08041, 581.352, 469.039
4.03763, 322.48, 308.171
3.0007, -88.8042, 72.1651
3.47502, 309.708, -521.798
4.11407, 54.9206, -148.538
5.56182, 532.258, 108.241
5.13511, 703.459, -571.359
3.45653, 309.589, 194.586
4.7178, -630.222, -551.135
4.48693, -335.186, 508.925
6.28051, -523.15, 603.721
6.6213, 610.023, 465.081
5.51573, -50.8056, -240.265
3.04573, 260.328, -524
4.11797, 313.209, -130.14
5.03403, 201.636, 229.711
4.76521, -334.861, 501.364
4.77315, -116.697, -317.452
4.91125, 688.118, 652.33
5.07896, 293.94, -512.728
4.50207, 63.5705, 559.106
4.22945, 476.303, 316.496
6.64533, 520.804, -51.1186
3.02204, -614.518, -408.064
6.40057, 329.241, 339.735
3.19919, -230.34, -168.033
2.62171, -541.445, -623.739
6.0664, 320.303, -556.455
7.15538, -58.8778, -507.315
7.47667, 270.266, 111.832
3.86264, -605.517, 271.674
3.6923, -362.38, -190.665
3.87328, 501.11, 565.003
5.70836, -490.422, -401.302
5.17637, 289.176, 72.7892
6.8967, 591.366, -304.567
6.75968, -626.56, -459.21
2.98004, 552.167, -132.605
4.66818, -688.385, 245.802
3.17045, 139.466, -451.695
5.86802, -138.514, 163.316
5.34964, -149.605, -383.885
3.66474, -485.043, 663.568
5.50306, 228.458, -474.345
2.6551, -385.457, -144.867
7.08512, 331.333, -218.334
3.82958, 575.227, -74.049
6.50016, -138.326, -324.531
5.46389, -27.9765, -488.925
5.0822, 201.982, 235.996
5.2567, 261.529, 279.375
3.47225, 324.661, -138.203
5.36152, 114.677, -571.286
3.81992, 255.572, 341.662
4.41648, -656.094, 463.074
2.73626, -590.377, -519.657
4.22823, 418.822, -521.007
3.61594, 433.391, -399.224
3.81264, -100.554, -373.752
3.05141, -301.45, -460.413
7.40088, -474.96, -121.939
5.93794, 560.812, 482.647
5.82158, -458.392, -210.954
5.99501, -695.241, -443.733
2.68746, -492.656, -448.145
3.6706, -641.361, -444.258
3.95397, 564.921, 493.828
3.50543, 48.6256, -87.8119
2.7177, 245.159, 86.3537
2.56571, -279.711, 724.245
6.07297, -352.394, 510.148
6.88348, -528.985, -471.997
5.35088, -585.784, 315.049
6.92743, 677.034, 694.17
5.20042, -442.49, -198.555
3.31357, 741.554, -677.541
3.30492, 719.004, 414.695
7.19182, 294.279, 58.7768
3.45628, 491.222, -560.275
3.15761, 34.9546, -151.755
4.41122, -178.864, -73.5138
6.12674, 222.057, 34.3886
2.50651, 567.275, 598.068
4.60222, 23.8337, 567.074
5.18984, 201.82, 11.6027
4.86596, -116.767, 205.374
6.33003, 567.613, 598.654
2.9396, 463.338, -430.825
7.04284, 276.323, 210.076
3.20818, -637.265, -624.135
2.54782, 253.469, 138.304
2.82267, 278.938, 324.546
4.96742, 252.583, 38.0721
5.40914, 485.865, 658.408
4.03373, -580.985, 515.598
4.57091, 548.176, -58.9464
4.33401, -461.253, -473.723
3.42687, 87.7788, 496.682
2.76788, 369.527, 129.486
4.47222, 369.918, -41.194
3.98388, -257.903, -201.283
5.05388, -456.066, 522.925
3.75392, -627.764, 226.421
5.01589, 698.244, 666.117
2.51168, -115.969, 614.666
7.01807, 719.064, -355.799
2.79181, -663.668, -627.092
5.17506, -337.714, 513.808
3.95754, -458.945, 496.602
7.3023, -479.659, -231.618
4.73406, 254.944, 88.1299
5.08479, 596.783, 248.185
5.93861, -183.423, -90.243
2.72187, -123.033, -98.8482
7.2946, -636.258, 499.76
5.70852, 261.603, 76.1154
2.80215, 206.023, -577.728
3.33964, 247.11, 319.939
5.76491, 342.299, -43.1695
6.19864, -577.779, 110.514
3.57011, 602.625, 243.772
4.31441, -46.5871, -447.594
6.56981, -530.556, 617.778
5.32057, 633.446, -324.853
7.45886, 14.7185, -517.113
6.5669, -605.261, 196.603
3.49157, -606.675, 26.281
2.50003, 16.3689, -514.583
4.62608, 630.497, -564.389
4.07406, 573.2, 184.421
5.56218, 517.203, -628.144
3.83351, -108.322, -305.211
4.39881, -505.879, -25.9973
5.43397, 581.737, 163.468
5.95636, -271.585, -398.34
7.26736, -181.404, -356.734
4.89785, -328.769, -580.609
3.60319, 301.336, -488.405
5.33741, -710.635, -591.543
6.09873, 246.143, 118.113
4.4953, -401.957, 603.022
3.48326, -516.51, 610.284
6.66971, -591.766, -470.231
5.59561, -445.034, -546.361
7.26866, -163.076, 8.7035
3.23222, 55.7566, -159.409
5.38953, -179.135, -399.849
7.26796, -392.463, 551.249
3.62331, 700.587, -648.757
7.25137, -399.072, 491.61
3.07874, 693.249, -410.55
2.58372, 7.3117, -301.55
3.90465, -202.482, -158.068
7.15042, 420.115, 100.047
3.04796, 711.788, 721.16
6.77266, 41.6461, 523.038
5.68532, -513.618, -499.565
5.63853, 315.796, -494.812
3.80589, 543.601, 493.708
5.13936, -593.729, 243.661
7.16608, -208.635, 550.717
3.98055, 516.157, 10.7823
4.78006, 266.255, 281.138
6.35659, -497.133, -448.456
4.17193, 263.672, 136.074
6.31775, 130.825, -478.929
6.65892, -69.0733, 509.663
2.64618, -659.516, 451.307
4.31315, 527.422, -188.976
4.16221, 280.977, 287.395
3.17675, -479.14, -232.053
3.00839, -218.768, 619.507
5.11327, -407.01, 663.072
3.52046, -138.053, -335.891
5.00728, -530.119, -467.423
5.1371, 12.2044, 526.61
4.13422, -252.766, -188.793
4.75888, 230.56, -312.302
6.85263, 13.9026, 524.378
4.72884, 523.944, 532.824
6.03726, -692.602, -459.732
6.83171, 692.187, -620.059
6.5822, 639.127, 272.132
2.67504, 720.29, 628.725
3.8644, -427.045, -173.191
5.21858, -194.367, -391.782
3.19942, -397.284, -491.859
5.57408, -543.844, -483.224
3.29182, -543.624, -382.447
4.41129, 289.497, 156.652
5.94997, -107.776, 135.214
3.21128, -313.598, 319.012
5.65284, -661.146, 600.053
3.15973, 111.102, 617.267
7.13583, -692.325, 273.596
5.53465, -617.757, 550.694
5.50388, -570.478, 198.926
3.33635, 378.94, -373.293
3.301, -509.836, -634.335
5.91628, 482.982, -0.864328
5.1456, -524.186, -151.165
3.65264, 2.84681, 592.265
6.55373, -402.633, -173.295
5.76477, -252.52, -407.326
4.08597, -533.239, -504.841
2.53953, -173.584, -457.423
3.49176, 565.438, 542.04
3.78831, 204.126, 306.349
3.03825, 537.867, -47.3284
3.49545, 88.6789, -67.158
6.75079, 805.768, -549.866
6.63912, -604.933, 178.569
6.76813, -441.531, -450.53
5.71027, 57.3506, 492.983
3.6787, 698.861, -652.222
6.80638, -690.518, -425.34
5.4745, 209.928, -124.649
2.52745, 378.029, -82.0228
6.84925, -533.482, -455.238
7.37729, 364.495, 124.418
5.59653, 165.692, -11.7257
3.85574, -666.4, 76.8131
7.46973, -97.1891, -357.6
4.60751, -522.976, -481.918
4.20537, -586.331, -454.767
4.80717, 218.642, -35.6159
4.44822, 164.555, -325.014
4.613, 121.922, 572.454
2.84879, 293.496, 345.013
5.5153, 67.9228, -164.228
7.36114, -81.889, 38.6396
5.07406, -555.082, -521.634
7.45461, 543.401, -51.7239
5.84906, 417.08, 6.57627
4.01716, -506.134, -201.826
3.47371, 561.198, 495.904
4.0109, -537.164, -448.629
4.93946, -397.584, 495.426
4.72438, 482.323, 652.569
5.7844, 302.538, -504.484
3.74227, -435.73, -477.198
4.72007, 108.445, 468.532
5.75894, -498.462, -112.398
6.67472, -680.595, 269.997
6.03698, 107.405, 572.064
4.93928, -490.94, -442.183
6.72039, 339.9, -32.2417
7.00296, -451.924, -227.755
6.33082, -594.242, -460.962
5.29453, 499.327, 704.236
2.70603, 87.5024, 7.57884
5.46749, 415.159, 87.523
2.68674, -344.248, 495.315
4.53488, 251.111, 297.352
2.84243, -651.859, -738.346
7.38558, -584.471, -516.83
2.5956, -504.085, -231.823
6.60363, -257.149, -176.026
5.2195, -458.489, 506.087
5.72828, 595.156, -302.424
3.62934, -164.663, -71.7524
2.733, 688.875, -611.507
3.63154, 282.052, -439.065
4.58371, -634.531, 153.223
6.40126, 257.655, -453.352
3.72852, -584.191, 146.97
4.81411, 334.381, 96.7113
6.14756, 537.098, 75.7496
5.35237, -461.254, 510.498
5.45997, 673.318, 677.578
4.98425, -551.048, 196.199
3.951, 259.759, 65.4337
4.71107, 49.674, -194.74
2.53669, 693.005, -626.953
7.41683, 391.008, -233.196
2.52822, -658.967, -109.075
4.8676, -1.1785, 577.801
5.86497, -156.48, -260.127
