6.27803, -705.935, -820.804
3.5948, 27.2464, -166.791
5.89648, 359.375, -828.114
5.09708, -232.166, 826.046
2.76731, -921.51, 654.193
2.53849, 334.275, 16.9556
4.58743, -742.422, -223.148
7.15218, 164.531, 376.516
2.95982, -10.3012, 672.228
6.00595, -161.194, 254.525
3.81226, 579.909, 811.689
4.14117, 466.723, -824.681
7.45519, 413.155, 215.043
7.41275, -513.364, -261.04
5.75759, 444.219, 395.929
6.92354, 245.366, -766.723
6.33247, -205.552, -502.708
3.87453, -509.905, -88.1025
4.93259, -630.104, -295.44
2.80282, 785.975, 766.61
5.08146, -8.20805, 675.947
4.96988, 859.752, -395.932
7.23882, -693.096, -503.458
4.42071, -56.0099, -762.973
5.14874, 797.85, -486.215
2.75042, 754.127, -12.2958
6.63909, 511.904, 516.572
5.94228, -789.204, -669.829
6.18112, 279.237, 719.914
6.94286, 884.287, 448.697
4.25508, -349.49, -535.562
6.72991, 187.653, 4.84969
3.84659, 551.685, -119.614
4.83959, 65.3428, -221.853
3.2686, -635.931, -470.865
2.66527, 587.379, 157.318
7.2768, 3.52425, 69.0976
6.95369, 127.367, 432.948
3.29884, 584.556, 183.242
3.15214, 428.712, -551.59
2.515, -449.221, -771.315
6.0491, -791.299, -191.067
3.40448, -483.496, 778.464
5.76029, 750.313, -294.332
4.42907, 409.752, -703.922
3.23766, 54.4855, -175.756
5.45054, 604.781, 57.611
3.24076, 176.792, 834.772
3.2091, -154.013, 872.883
4.94257, -440.367, 99.9281
3.13015, 802.927, -34.1344
5.64635, -302.711, -543.181
5.60817, 262.756, -653.048
4.88216, -523.438, 563.88
2.64188, -423.854, -174.549
3.21011, -55.6318, 647.998
3.15594, -211.099, 796.338
3.31099, -764.058, 709.352
3.76529, -227.347, -739.697
4.77654, 554.81, -687.958
6.54472, -74.9648, -274.788
3.57624, 287.864, 719.74
3.75063, 729.829, 364.369
5.02978, -112.407, 670.587
6.27922, 566.63, 145.777
5.66369, 799.321, -73.574
5.9449, 591.354, -110.432
7.27207, 882.722, 431.972
5.18713, -425.266, 656.365
4.57014, -669.509, -3.86311
4.70019, 681.582, 148.353
6.07821, 683.213, 439.651
6.20858, 351.347, 551.443
5.12494, 723.116, -898.343
6.06711, -776.749, -97.0355
5.91025, 355.452, -11.4676
6.82941, 802.14, -553.897
3.19597, -16.8725, 680.417
3.57766, 851.567, -151.085
5.0733, -318.365, -143.539
4.83766, -71.7928, 644.912
3.55759, -235.976, 606.193
5.65244, -648.967, 900.618
2.5044, -862.745, 176.143
4.09589, 397.597, 484.941
5.90281, 316.749, -72.0115
6.0446, 619.209, -534.962
2.90869, -750.906, 584.896
3.56926, 264.543, 434.345
4.44412, -763.675, -548.964
4.44927, 814.907, 815.643
3.92018, 347.975, -457.108
4.6123, 510.749, 489.211
2.55658, -609.136, -469.312
3.72027, 848.195, -672.261
4.49072, -696.713, 602.708
6.64177, -709.856, 226.426
3.78584, 804.724, -667.62
3.59705, -695.581, -498.987
6.47385, 316.041, 291.274
5.8476, 432.758, 378.507
5.49108, -844.144, 262.012
5.99917, -337.913, -516.205
5.13062, 527.648, -699.503
4.14833, 223.663, 127.705
3.30844, -755.384, 319.799
6.56633, 662.819, -0.672843
4.08004, 413.839, 192.68
4.05369, -0.611137, -706.974
4.65424, 51.6638, 128.541
4.46509, -138.642, -528.34
4.43916, 56.2951, -167.467
4.34871, -694.156, -515.768
5.88118, 319.745, -487.247
6.10384, 324.872, 19.4867
7.20082, -44.2548, 841.44
5.08573, -71.9205, -424.677
5.5282, -159.054, 290.493
5.85049, -624.177, 861.529
5.11404, 53.9913, -207.041
3.87105, -860.364, 619.269
7.08924, 160.964, 307.836
3.73367, 813.71, -442.874
4.77876, 320.886, 565.934
3.30374, -856.995, 614.277
4.68319, 291.301, 286.798
7.45767, 421.15, 131.211
6.26931, -396.258, 381.705
4.97846, -832.872, -595.341
7.01651, -609.341, -690.034
4.68213, 496.31, 472.904
5.09239, 133.573, -861.484
4.44866, 108.22, -722.797
5.63431, -165.856, -515.806
5.19331, 319.819, 258.582
4.35955, 606.473, -452.91
2.54674, -319.503, 323.622
6.3794, 29.0601, -682.3
2.85317, -817.603, -552.065
3.98511, 374.941, -673.297
4.78581, -29.8519, -754.175
3.25156, -94.6876, 2.75206
5.97819, 610.623, -404.635
4.15587, 376.883, 142.473
5.21197, 887.774, -789.177
2.64678, 717.776, -876.155
5.38086, 44.1879, -170.759
5.18133, 297.423, 443.834
7.36678, -707.129, -835.211
5.57063, -295.766, -525.419
5.26431, -711.213, 195.589
6.69051, -252.09, 832.277
3.75764, -459.057, 806.617
6.98957, 583.05, -137.499
5.97428, 516.934, -464.502
5.82752, -443.048, -59.0184
3.06838, -627.713, -679.568
3.37987, -853.047, 111.323
2.91253, -130.11, 156.271
6.68103, -188.15, 292.765
2.64818, 863.761, -669.913
6.34719, -62.482, -764.808
4.29829, -483.013, 758.435
6.24626, 34.05, 518.982
6.28385, 323.936, 275.366
3.60834, -507.362, -812.473
5.58305, 281.861, 119.768
3.66846, -474.68, -228.44
6.22052, -716.759, 247.376
5.80997, -815.212, -654.017
4.9209, 855.97, -651.574
2.58972, 833.023, 150.067
4.98291, 429.199, 130.555
5.09587, 16.2411, -783.336
4.71395, -799.613, 455.302
4.14528, -74.4158, 859.575
3.52671, 451.877, -77.045
7.19863, -176.416, -471.299
2.85168, -530.367, 780.96
3.30042, 50.3596, -727.888
6.70788, -673.766, -9.22751
4.13614, -189.731, -239.969
6.85942, 204.421, 382.291
5.99896, 621.803, 501.469
5.52801, 834.92, -185.532
4.77536, 25.0371, -178.557
2.91543, -512.125, -193.398
3.94883, 58.0161, -202.368
6.51009, -664.332, -732.509
6.81821, 338.839, 24.5933
3.81831, 370.213, -472.538
4.79881, -718.789, -257.783
4.95672, 525.56, -461.375
5.82344, -454.783, -873.375
7.31738, -596.877, -164.33
7.23022, 514.692, -695.547
2.81902, 229.958, -597.105
5.04829, -546.255, -225.061
6.13222, 681.646, 638.363
5.65882, 500.222, -258.609
3.26658, -852.696, -896.508
5.09652, -796.974, 458.92
3.52281, -493.323, 790.13
6.03231, 363.228, -800.936
6.05786, -470.865, -85.7775
3.66304, -468.403, -234.982
6.80594, 18.0177, -172.751
2.67122, -31.3904, 839.783
6.26587, -842.601, 112.383
4.14789, 579.402, 152.85
4.65309, 10.5559, -460.355
7.33455, 780.941, -186.444
4.05803, 713.607, 606.692
5.69762, 825.915, -697.408
5.95386, 783.214, -28.132
5.36403, 34.9105, 611.491
6.60667, 853.589, -646.222
4.21807, -825.299, -656.059
5.09387, -732.418, -664.864
6.78438, 104.661, -827.57
6.18587, 330.21, -25.5405
3.45992, -774.844, 348.762
2.83145, -281.805, 314.568
3.60828, 898.515, -711.042
3.33656, 51.7341, -228.85
6.31172, 366.514, -825.143
5.44905, -769.304, 322.122
4.65223, 806.747, 820.362
7.09618, 604.09, 10.277
5.09668, 401.608, 147.633
7.38058, -645.944, -78.1
5.15714, -433.09, 76.4395
2.98716, 338.183, 285.03
5.83983, 210.3, 120.809
5.44444, 179.934, -2.71243
5.01137, -650.651, -64.9924
2.75808, -809.686, 355.311
2.6753, -214.771, -36.4009
4.41484, -682.109, -481.447
5.55555, 202.864, 130.746
5.06574, 564.717, 796.356
5.98498, 364.961, -3.10602
4.89891, 80.8768, -189.632
3.88323, 47.0626, 424.163
6.01685, -427.033, 170.004
3.67701, 784.176, -43.5497
6.41501, 104.554, -174.662
6.60589, 268.18, 746.215
3.21842, -484.513, 32.6097
5.75757, -473.629, 734.002
3.87677, 829.505, -865.573
7.26215, -429.357, 620.549
4.58238, -682.732, -4.86883
3.03869, -121.901, 351.434
4.70633, -754.762, 527.698
6.28811, -363.205, -249.242
2.77803, -378.742, -242.134
3.51241, 14.856, 87.077
6.82305, 852.007, -700.414
6.52456, -220.246, -62.6493
2.78861, -618.861, -589.694
4.40304, -23.8057, -630.664
4.56124, -94.7202, 682.921
2.80071, -321.749, 313.907
7.09746, 763.625, 580.053
3.35398, 597.419, 803.754
6.51634, -832.994, 199.41
3.88599, 638.005, 30.706
4.44586, 165.247, 732.279
7.19936, 56.9013, 598.104
6.24573, 167.494, -207.184
3.44774, -364.751, 718.311
6.89581, 385.335, 459.601
6.8953, 386.512, -750.483
3.30515, -742.963, -214.237
5.87346, -764.13, -219.762
6.89096, 611.623, 135.672
6.98262, 261.944, 449.386
3.06535, -13.7272, 667.699
5.93789, -161.665, -223.572
3.21651, -746.267, -648.201
3.6901, 295.086, -12.7249
5.64383, 839.357, -186.572
4.312, 730.739, 362.2
4.64437, 592.948, 660.802
4.91936, -57.1363, -761.376
6.20379, -8.3925, -163.911
3.23098, -355.486, 756.91
7.36238, -745.153, -657.769
7.3158, -519.217, -241.43
3.14741, -520.894, 601.561
5.3784, -259.046, -549.497
4.66439, 56.3572, -156.252
5.50066, -231.929, -256.962
5.85098, -685.34, -33.1073
4.5137, 407.338, 907.304
6.46691, 640.349, 623.846
4.89889, -849.819, -220.574
5.72449, 330.232, 243.331
4.28836, -273.837, 606.609
5.96794, -291.035, -215.242
5.83428, -425.003, -647.176
3.22071, -452.148, 620.519
7.10415, -846.852, 180.406
4.22228, 55.0045, -188.149
6.66824, -389.596, -456.02
2.74349, 304.691, -658.048
3.27936, -249.257, 0.473481
2.55765, 331.35, 449.213
3.94327, 92.1795, 564.374
5.07295, -317.472, -148.197
3.65948, 648.149, 424.616
2.75022, -251.259, -4.14787
5.33091, -636.598, -701.495
6.69774, -122.5, 652.132
4.28763, -678.283, -489.609
4.3452, 158.943, 795.713
7.22226, 284.837, -58.467
4.72425, -842.821, -189.511
6.82086, 402.545, 183.357
5.82654, -764.142, -695.75
5.79297, 145.98, 619.007
7.10736, -898.911, 900.673
5.11536, 840.33, -655.761
5.45229, 425.134, -435.297
5.79944, 685.417, 639.113
4.24765, 267.556, 456.411
4.11714, 330.886, 17.6895
7.08984, -91.6017, 663.89
3.08619, 847.835, -429.109
7.31268, 555.134, -117.966
5.17978, 31.4048, -154.044
5.81447, 691.351, 624.013
5.48362, 817.671, -471.186
6.93363, -508.743, -670.864
6.67999, -623.273, -548.88
6.69339, 242.716, 120.193
6.85642, -156.783, 284.203
2.5002, -796.652, 318.635
4.77274, 335.726, 276.97
4.25696, -836.26, 205.082
5.80713, -243.269, 668.249
6.22234, -847.062, 189.633
3.3821, -160.046, -492.652
7.4621, 830.058, -700.265
5.95466, -827.254, 198.176
6.97862, 171.29, -12.8147
3.51579, 297.383, -52.5976
7.2356, -465.968, -114.616
4.88476, 795.844, -458.375
6.78578, 852.667, -656.693
6.41237, -829.297, -539.31
5.70687, 854.808, -833.532
3.14521, -708.299, 227.322
5.77944, -0.757357, 707.07
3.09199, 62.3303, -17.3351
3.88793, 266.41, 713.764
6.65548, -252.525, -266.579
6.14153, -707.109, -495.863
6.74348, -613.736, 280.689
3.43989, -757.575, -813.087
6.09602, 531.011, -307.021
4.25586, 135.628, 272.364
3.34555, -413.815, -626.347
4.52383, 269.627, -569.897
4.20924, 150.555, 697.218
6.67141, 317.896, -66.0392
3.9111, 725.03, 623.953
5.16766, -636.28, -466.655
6.25085, 850.1, -837.333
4.62554, -627.283, -742.624
4.66964, -470.205, 579.406
3.03022, 808.281, -910.406
6.4639, -79.793, -417.04
3.91232, -671.584, -484.838
7.14264, -447.23, -224.412
5.37926, 260.746, 445.398
3.4895, 742.854, -316.727
5.99081, 523.328, -694.863
3.07265, 419.436, -804.566
4.22945, 256.543, 710.632
4.15646, -499.785, -228.256
6.42735, 824.297, -854.05
6.65775, 435.472, -173.899
4.21712, -709.426, 727.055
4.2603, -241.469, 823.945
6.38197, 120.084, -691.803
6.58658, 22.041, 709.549
4.26157, -212.141, 294.887
7.09559, -386.222, -255.538
3.2877, 473.928, 214.51
5.56029, -427.446, 656.259
5.54222, -452.832, 619.784
3.16647, -223.15, -661.037
3.51409, -709.714, -503.503
4.79457, -782.08, 525.308
3.48759, -453.026, 795.513
6.77118, -808.31, 315.261
6.54562, -733.85, -621.883
2.80131, -846.857, 769.867
6.50584, -686.7, 616.972
5.49597, -186.891, -482.822
7.43182, -841.431, 255.288
2.65919, -76.018, 688.74
6.8356, 872.6, -684.699
3.69109, 581.452, 272.094
3.6127, 216.101, 355.635
4.73907, -832.902, -532.95
2.61231, 864.389, -182.988
6.79755, -246.869, -23.0225
4.15902, 250.052, 479.729
5.72195, 349.823, 309.699
7.43521, -817.79, -578.854
5.30162, 293.129, -526.185
4.74553, -753.313, -182.365
5.213, 101.103, -720.879
2.90797, 789.022, -33.6666
3.99606, -746.109, -215.409
6.63964, 765.725, 573.292
6.48936, 567.499, 787.457
5.71048, -76.8107, 673.689
4.84105, 590.578, 311.946
7.15326, -157.399, -488.727
5.08798, -261.03, -2.55577
7.42924, 787.108, -486.121
5.94567, -23.3883, -656.072
6.19966, -166.761, -507.313
3.46323, -416.789, -823.957
6.08881, -511.359, 564.472
6.11146, 598.176, -89.6465
6.49298, 279.97, 147.011
4.23216, 245.29, -894.163
5.1481, 38.6735, -180.597
3.19001, 722.723, -343.931
6.73218, -243.91, -259.561
6.32766, -28.9533, -752.716
7.5, 836.581, -448.571
4.24891, 496.928, 913.986
5.50367, -456.504, 587.327
3.50808, -474.428, 38.9411
6.2385, 33.3659, 115.766
6.49225, 849.515, 230.935
3.03505, -679.149, 101.144
5.35813, -465.357, 19.2179
2.84683, 340.946, -371.578
4.16036, 654.771, 609.965
5.80945, 419.949, -666.557
5.27726, 90.4624, -183.396
7.12415, 223.513, -5.00023
2.69832, -420.137, 152.354
2.62083, -252.166, 171.952
4.61923, 257.684, -608.557
4.36987, 389.305, 170.63
2.93303, -238.16, -273.01
3.05403, -93.7747, 160.893
5.31992, 340.768, -367.159
7.37269, 21.9417, 698.396
3.05066, -48.0421, -763.288
5.99352, 107.094, 855.138
2.79674, -55.3421, -626.486
4.69755, 785.671, -31.6262
5.24651, 905.916, 679.471
3.45129, 640.544, -702.611
7.36597, 361.967, 315.258
3.19593, -629.054, -88.1461
5.48978, 799.577, -456.695
7.12812, -804.755, 706.476
3.91116, -38.6314, 848.942
6.8307, -122.884, -98.0981
6.29598, -209.015, -519.912
6.10793, 330.271, 579.743
3.34241, -320.055, 314.22
3.32882, 775.052, 369.151
3.39076, -650.817, -882.91
5.87226, 295.312, -540.409
4.83484, -223.506, -31.0763
6.85219, -741.974, -355.197
5.76023, -651.832, -69.4233
5.80464, 748.885, 804.853
2.58037, -614.605, -560.642
4.30596, -731.408, -676.7
3.72747, 821.449, 104.853
6.93086, -868.976, -855.55
5.23701, 821.105, 790.92
6.57209, -38.3876, -635.953
5.24453, 159.306, 826.302
4.16156, 461.53, -75.4458
4.40213, -48.1699, -600.214
2.52389, 847.728, 576.399
6.95226, -67.9418, -412.885
6.16955, -433.193, 654.941
6.04239, -82.7372, 689.964
5.1278, 53.1268, -200.936
6.41065, -122.054, -738.496
3.42484, -407.834, -404.431
5.72673, 240.778, 488.629
3.42178, -591.002, -247.735
3.31214, -15.9587, -92.1569
2.65594, -220.939, 814.506
7.42716, 151.836, -690.218
4.04559, -283.645, -625.084
4.11075, -613.285, -293.912
5.51155, 261.232, -148.199
2.89107, -296.266, -847.433
3.93936, 0.365606, 91.8263
5.79307, -160.734, -482.166
7.36348, -848.984, -364.545
7.27758, -361.079, -712.236
7.42745, -593.516, -269.086
7.30478, -798.832, -632.302
3.0073, -469.246, 583.828
3.71505, -162.948, -482.891
6.91151, 122.748, -337.283
5.28805, 341.414, 540.086
6.7669, 764.678, 553.341
7.49145, -502.819, 577.851
3.99751, -135.697, -526.825
6.33157, 871.163, 449.302
4.81901, 274.839, -166.068
6.8168, -605.533, -688.489
6.99018, 801.846, -69.615
7.377, 228.481, -408.26
2.77405, 613.263, 148.131
6.32605, 853.125, -676.29
5.09219, -860.861, 732.655
3.46574, 885.753, -151.445
6.98252, 227.141, -539.924
6.38492, -786.003, 112.537
2.75968, 354.347, 514.051
7.47331, -772.969, 706.786
5.93659, -79.1627, -412.527
5.94854, 834.96, 489.895
6.57666, -600.294, 748.624
7.05426, -79.5213, -410.697
3.34218, -174.543, 283.642
5.24183, -608.046, 759.566
6.53351, -484.762, -217.7
4.17803, 319.11, -488.771
5.53435, -98.8879, 20.0245
6.59602, -776.916, 322.987
7.3485, 34.1834, -188.768
6.29349, 571.989, 533.328
3.72113, -125.881, -94.4478
5.80589, -575.924, 344.184
4.21574, -519.417, -237.062
7.27146, 334.098, -340.263
2.60828, 753.299, 518.807
4.54979, -865.646, 873.033
2.55789, 534.494, -719.34
3.04964, 813.835, 210.708
5.28259, -809.5, 123.804
4.45466, 64.6139, -207.511
7.20539, 101.076, -176.846
2.55572, 183.646, 411.893
6.22897, -148.808, -510.367
3.84293, 232.985, 118.494
4.27153, -612.648, -702.87
3.45835, -448.985, 631.669
5.14832, 320.016, -103.158
4.39478, -11.5788, -730.145
3.16407, -100.124, -798.743
4.26563, -157.672, -480.693
4.2497, 765.962, 897.043
7.41084, 569.277, -127.505
5.25961, 145.245, -295.279
4.99918, 26.421, -675.245
3.58531, -789.091, 297.309
4.37311, -202.175, -507.198
6.78251, -639.396, -462.894
6.45578, 806.125, -453.935
3.9204, -528.998, 780.436
5.07645, 388.435, 191.807
6.79238, -238.515, 47.8873
7.07844, -748.63, -200.252
7.48941, 173.599, 817.178
6.53177, 104.262, -186.302
5.22718, -825.994, -184.05
7.3461, 133.338, -712.976
5.31931, -558.459, 373.757
4.03031, -418.603, 643.795
5.41853, 824.838, 834.702
2.91197, 26.1953, -176.786
5.47382, 341.59, 523.91
3.31968, -599.302, -552.425
6.46527, -610.13, -468.685
2.95373, 605.15, 651.103
6.3072, -484.408, -669.095
6.83996, -264.509, -22.7553
6.40105, 104.158, -372.4
6.61399, 835.481, 799.182
6.70974, 329.413, 557.82
4.48328, 457.78, 203.984
6.508, -134.168, 157.849
6.56811, 330.991, -4.01992
5.43493, -390.927, 74.2238
4.64621, 768.939, -10.4529
2.5002, -78.5954, -395.187
5.31153, -800.917, 324.056
6.22632, 315.614, 255.564
3.89846, 843.553, 251.424
2.93406, -863.443, 522.915
3.5733, 878.842, -833.319
3.93296, -432.928, 638.672
4.86595, -383.548, 467.173
6.95893, 850.363, 802.195
5.91955, 503.435, -473.42
3.54376, 10.1644, -114.801
6.67533, 747.424, -40.5407
7.09218, 887.863, 878.027
4.48244, -516.602, -662.801
6.37858, 517.073, 509.996
5.68161, -127.859, -103.012
6.64746, 404.285, 199.438
3.40204, 485.311, -456.708
7.45927, 539.992, -695.691
6.70558, -136.566, -742.531
4.65177, 807.919, 215.016
4.38589, 536.986, 792.216
2.70802, 554.764, -481.996
6.80715, -630.175, -461.693
6.62116, 867.906, -822.674
6.25052, 2.87372, 676.749
3.55801, -181.703, 850.153
4.31029, -746.289, -227.164
4.43545, -661.731, -696.594
7.32918, 721.371, 611.252
6.5872, -75.2504, 684.357
4.5755, -52.0541, 421.203
5.83759, 213.63, 109.286
2.52101, 490.815, 914.236
6.98048, -679.366, 198.062
3.68416, -336.753, 337.796
3.79415, 323.685, -189.258
5.4939, 398.103, -665.977
6.89823, -813.139, 317.54
6.16299, -637.676, -555.438
6.0773, 758.645, 586.332
3.57724, -552.268, 492.897
6.30413, 715.324, -914.788
3.85351, -121.907, -463.935
2.75246, 556.367, 250.972
4.78866, 367.391, 317.451
2.58759, 410.493, -651.83
3.01129, 47.4749, -261.247
2.639, -210.409, 289.16
5.65921, -376.515, -511.006
6.34425, 33.6566, -184.818
2.74132, 526.421, -749.158
6.6924, -32.8236, -639.288
6.76899, -234.456, -197.1
6.57649, -516.546, 561.345
6.85188, 776.606, 372.303
5.27222, -581.307, -179.505
6.12646, -241.215, -47.3048
3.20424, -461.9, 812.988
6.6115, 553.539, -479.364
5.51185, 639.367, -164.99
4.93856, 470.527, -836.323
6.14942, -208.463, 770.806
4.05164, 753.337, -637.596
3.93925, -715.573, 295.27
5.45857, -870.251, 705.704
5.34055, 560.878, 810.087
5.41059, -838.698, -511.608
2.84132, -690.444, 254.541
4.34304, 153.503, -299.86
6.28475, -821.281, -537.563
6.35297, -444.53, -812.915
4.27217, -397.044, -248.32
5.98913, 150.107, 813.315
5.08005, -589.549, -265.01
5.94494, 314.151, 137.111
6.18066, -83.3688, 671.531
2.56231, -308.231, -624.431
7.16549, 567.811, -132.404
5.37826, 154.038, 109.257
3.05587, 509.805, 866.31
4.87388, -100.533, 3.4936
3.24247, 216.692, 90.3229
4.22594, 90.9021, 420.758
7.04476, -840.077, 224.011
4.54571, 43.177, 514.917
5.96642, -612.74, -68.5682
3.35865, 375.464, -774.388
6.21715, 845.592, -436.459
4.16319, -432.55, 680.376
4.62157, 596.29, 281.817
2.79523, -225.018, -72.5335
5.09005, 245.356, -206.652
5.94425, 410.078, -533.468
5.01149, -262.628, -14.6232
6.56617, -177.595, -696.61
3.07974, 124.32, -856.942
5.24841, 292.716, 466.144
5.06046, 334.458, 33.1899
6.02649, 889.828, 442.831
5.65083, -275.438, 827.626
4.0207, -61.6379, -631.963
6.74719, 318.478, 254.91
3.39619, 574.206, -23.1571
2.61737, -442.066, -62.4262
4.19467, 659.981, 31.3164
3.43818, 319.263, -51.5897
6.60467, -253.822, 162.424
6.72507, -842.868, -197.492
6.78031, 853.602, -682.301
7.37454, -856.854, 617.276
2.99587, 390.632, -426.028
2.56182, 571.976, 597.821
2.58614, 257.355, 473.871
2.64527, 185.609, 134.58
4.1031, 147.594, -296.374
6.17815, 581.89, 290.501
3.14876, 300.879, 445.082
2.5161, -358.827, 440.654
6.91905, 123.452, -717.69
3.70482, 223.326, -513.016
4.38481, -814.725, 704.394
4.44879, 587.065, 162.143
2.81534, 589.272, 324.321
7.30792, 144.409, 802.37
3.75349, 708.809, -335.33
6.85376, -661.768, -52.9287
2.85991, -783.369, 325.615
2.70653, -532.848, 564.988
3.46378, 328.413, -508.045
3.86708, -298.412, 295.169
7.4007, -886.233, -341.93
3.60607, 318.262, -499.928
6.43119, -834.541, 797.226
4.42306, 217.532, -369.356
3.78593, 421.076, -612.142
3.91087, -824.135, 135.013
7.33834, 777.97, -32.7071
4.22841, 655.323, 142.687
3.45922, -822.818, 713.633
5.05037, -541.016, -344.874
5.21857, -482.185, 558.361
5.72333, -618.251, -565.406
3.89738, -4.57058, 682.224
3.41887, -304.143, -608.657
2.71579, -807.419, 320.87
3.98408, -488.667, -258.306
4.25548, -230.071, 116.628
7.09372, -397.859, 676.221
5.81225, 481.93, -330.111
5.08041, 804.443, 547.284
4.03763, 527.965, 495.627
3.0007, -285.787, 126.684
3.47502, 324.719, -855.778
4.11407, 18.5681, -195.982
5.56182, 836.339, 103.615
5.13511, 892.747, -897.293
3.45653, 317.05, 243.984
4.7178, -718.091, -481.778
4.48693, -577.269, 743.051
6.28051, -594.496, 759.65
6.6213, 714.44, 618.031
5.51573, 67.8957, -373.451
3.04573, 526.958, -689.053
4.11797, 434.336, -182.32
5.03403, 45.5886, 289.064
4.76521, -587, 757.158
4.77315, -177.796, -484.007
4.91125, 874.723, 872.548
5.07896, 346.376, -658.339
4.50207, 157.475, 800.351
4.22945, 815.322, 366.415
6.64533, 843.391, -183.679
3.02204, -597.409, -709.44
6.40057, 494.787, 473.854
3.19919, -280.72, -219.746
2.62171, -685.004, -494.88
6.0664, 362.1, -627.103
7.15538, 108.52, -713.732
7.47667, 254.403, 135.11
3.86264, -847.387, 180.556
3.6923, -451.349, -221.515
3.87328, 829.533, 589.586
5.70836, -796.649, -623.738
5.17637, 297.412, 156.411
6.8967, 747.704, -299.842
6.75968, -648.593, -704.345
2.98004, 782.862, -12.4148
4.66818, -685.328, 205.819
3.17045, -139.832, -699.636
5.86802, -175.424, 315.103
5.34964, -82.5443, -437.18
3.66474, -455.251, 591.931
5.50306, 235.187, -603.64
2.6551, -665.839, 16.8071
7.08512, 509.934, -288.788
3.82958, 849.169, -166.147
6.50016, -176.745, -466.208
5.46389, 116.013, -715.433
5.0822, 339.875, 523.996
5.2567, 337.232, 522.334
3.47225, 464.343, -209.092
5.36152, 103.231, -686.029
3.81992, 194.903, 373.979
4.41648, -781.521, 502.435
2.73626, -717.461, -859.169
4.22823, 537.283, -721.223
3.61594, 601.472, -405.355
3.81264, 21.2221, -719.105
3.05141, -366.923, -454.984
7.40088, -678.641, -37.4704
5.93794, 702.299, 613.248
5.82158, -540.941, -343.779
5.99501, -595.415, -635.138
2.68746, -747.262, -658.192
3.6706, -632.856, -693.888
3.95397, 710.682, 604.53
3.50543, 29.6298, -245.072
2.7177, 300.476, 238.456
2.56571, -468.238, 594.397
6.07297, -483.835, 778.75
6.88348, -826.855, -572.049
5.35088, -840.432, 379.742
6.92743, 817.294, 816.971
5.20042, -398.111, -247.745
3.31357, 875.807, -698.054
3.30492, 937.438, 467.801
7.19182, 335.493, 289.387
3.45628, 500.79, -745.356
3.15761, -14.0029, -155.122
4.41122, -239.163, -37.5937
6.12674, 265.646, -154.854
2.50651, 565.624, 797.039
4.60222, -31.5792, 664.796
5.18984, 249.669, -186.987
4.86596, -213.304, 223.164
6.33003, 562.839, 798.792
2.9396, 482.36, -464.818
7.04284, 157.684, 299.33
3.20818, -767.451, -408.285
2.54782, 310.109, -17.0542
2.82267, 259.127, 449.211
4.96742, 356.283, 222.678
5.40914, 490.737, 885.691
4.03373, -860.221, 542.674
4.57091, 793.699, -76.0977
4.33401, -628.628, -604.677
3.42687, 166.761, 621.369
2.76788, 591.982, 98.4655
4.47222, 470.164, -48.3148
3.98388, -328.81, -191.034
5.05388, -377.322, 791.489
3.75392, -678.524, 182.085
5.01589, 872.133, 872.981
2.51168, -20.0796, 727.729
7.01807, 821.561, -454.329
2.79181, -868.814, -858.331
5.17506, -550.223, 748.536
3.95754, -365.851, 752.667
7.3023, -736.771, -215.984
4.73406, 324.388, -83.9545
5.08479, 773.154, 197.186
5.93861, -290.678, 5.58399
2.72187, -152.669, 25.3278
7.2946, -748.625, 573.394
5.70852, 374.249, 146.375
2.80215, 467.216, -651.923
3.33964, 119.196, 255.688
5.76491, 441.156, -194.955
6.19864, -784.017, 359.732
3.57011, 824.656, 210.864
4.31441, 106.4, -663.562
6.56981, -647.293, 879.976
5.32057, 808.723, -488.594
7.45886, -36.6936, -779.405
6.5669, -820.103, 316.988
3.49157, -890.461, -9.96504
2.50003, -111.963, -735.651
4.62608, 836.78, -732.665
4.07406, 794.605, 211.282
5.56218, 585.115, -854.944
3.83351, -179.947, -462.948
4.39881, -594.195, -95.198
5.43397, 830.922, 259.727
5.95636, -134.918, -475.14
7.26736, -356.709, -513.978
4.89785, -311.941, -845.927
3.60319, 368.714, -624.79
5.33741, -655.398, -443.851
6.09873, 321.877, 282.421
4.4953, -521.349, 560.025
3.48326, -647.71, 898.815
6.66971, -609.808, -702.372
5.59561, -445.596, -813.698
7.26866, -261.599, 136.961
3.23222, 48.806, -179.92
5.38953, -33.8497, -418.438
7.26796, -443.79, 633.077
3.62331, 683.268, -891.625
7.25137, -491.898, 735.97
3.07874, 815.09, -457.595
2.58372, 46.4853, -157.486
3.90465, -297.306, -130.263
7.15042, 545.423, 137.084
3.04796, 726.684, 804.017
6.77266, 34.2936, 656.737
5.68532, -633.725, -704.722
5.63853, 395.681, -666.447
3.80589, 708.212, 593.267
5.13936, -835.054, 131.378
7.16608, -258.045, 829.019
3.98055, 827.3, 73.458
4.78006, 183.039, 356.876
6.35659, -629.25, -553.09
4.17193, 238.108, 116.446
6.31775, 23.9069, -791.374
6.65892, -20.5719, 843.686
2.64618, -721.961, 549.557
4.31315, 669.91, -244.951
4.16221, 270.758, 441.592
3.17675, -459.034, -233.537
3.00839, -254.179, 607.74
5.11327, -583.235, 733.003
3.52046, 34.4162, -481.479
5.00728, -831.013, -572.073
5.1371, -48.6667, 838.4
4.13422, -236.846, -213.939
4.75888, 267.855, -356.684
6.85263, -44.4352, 826.65
4.72884, 555.69, 809.258
6.03726, -477.99, -748.248
6.83171, 859.498, -700.255
6.5822, 802.011, 193.892
2.67504, 797.571, 780.1
3.8644, -619.557, -282.618
5.21858, -378.268, -434.547
3.19942, -847.866, -548.568
5.57408, -696.74, -867.776
3.29182, -601.608, -628.44
4.41129, 125.055, 207.422
5.94997, -111.711, 160.059
3.21128, -362.462, 441.484
5.65284, -810.487, 712.564
3.15973, 165.252, 788.187
7.13583, -685.439, 215.089
5.53465, -857.681, 717.575
5.50388, -776.32, 328.587
3.33635, 562.334, -461.443
3.301, -757.877, -419.964
5.91628, 591.138, -20.2869
5.1456, -631.008, -76.9963
3.65264, -115.966, 679.786
6.55373, -456.13, -62.8998
5.76477, -395.278, -525.067
4.08597, -614.818, -584.878
2.53953, -253.261, -748.265
3.49176, 741.684, 604.124
3.78831, 34.2726, 361.103
3.03825, 802.466, 11.4131
3.49545, 106.874, -348.246
6.75079, 794.876, -737.495
6.63912, -829.914, 173.461
6.76813, -784.053, -583.503
5.71027, 288.235, 735.366
3.6787, 687.061, -888.065
6.80638, -506.483, -715.7
5.4745, -36.1656, -153.196
2.52745, 505.341, -50.2596
6.84925, -638.94, -466.596
7.37729, 580.746, 151.987
5.59653, 326.59, 39.313
3.85574, -797.993, 324.431
7.46973, -190.042, -494.528
4.60751, -623.385, -453.504
4.20537, -764.969, -577.796
4.80717, 295.156, -112.199
4.44822, 240.396, -380.072
4.613, 32.5836, 507.009
2.84879, 161.125, 288.686
5.5153, 43.7398, -174.72
7.36114, -54.1807, 181.394
5.07406, -707.823, -496.666
7.45461, 821.588, -127.077
5.84906, 576.62, -139.477
4.01716, -591.062, 38.6775
3.47371, 766.577, 557.494
4.0109, -737.231, -796.547
4.93946, -372.762, 450.453
4.72438, 486.139, 893.373
5.7844, 370.946, -785.096
3.74227, -733.341, -677.747
4.72007, 28.2622, 498.356
5.75894, -650.656, -68.0322
6.67472, -686.172, 238.104
6.03698, 158.025, 778.977
4.93928, -805.561, -600.813
6.72039, 374.471, -182.992
7.00296, -504.791, -219.626
6.33082, -715.423, -498.217
5.29453, 620.353, 875.186
2.70603, 3.47216, 80.3583
5.46749, 540.882, 95.8063
2.68674, -610.962, 765.414
4.53488, 109.664, 413.955
2.84243, -880.634, -843.651
7.38558, -706.449, -846.782
2.5956, -522.793, -259.027
6.60363, -174.729, -234.562
5.2195, -369.872, 744.473
5.72828, 715.903, -312.684
3.62934, -238.945, -61.5578
2.733, 878.867, -689.492
3.63154, 232.26, -539.441
4.58371, -638.654, 122.938
6.40126, 234.025, -606.624
3.72852, -780.835, 328.772
4.81411, 590.717, 101.023
6.14756, 864.532, 263.725
5.35237, -355.552, 768.632
5.45997, 880.999, 886.965
4.98425, -807.477, 230.666
3.951, 418.972, 144.979
4.71107, 46.7335, -177.18
2.53669, 810.46, -434.349
7.41683, 470.624, -327.034
2.52822, -731.438, -210.433
4.8676, -94.9141, 680.403
5.86497, -308.278, -183.333
