6.27803, -601.705, -515.625
3.5948, 63.0331, -109.553
5.89648, 360.332, -542.424
5.09708, -191.375, 649.389
2.76731, -768.653, 642.85
2.53849, 205.711, 24.4368
4.58743, -598.782, -217.956
7.15218, 230.312, 310.5
2.95982, -25.0305, 571.584
6.00595, -142.164, 202.368
3.81226, 556.834, 783.43
4.14117, 400.469, -636.314
7.45519, 283.598, 126.368
7.41275, -426.924, -181.551
5.75759, 260.602, 323.797
6.92354, 212.01, -584.842
6.33247, -81.7756, -399.693
3.87453, -503.162, -224.155
4.93259, -431.182, -217.83
2.80282, 776.183, 818.014
5.08146, -53.9631, 570.421
4.96988, 645.377, -543.009
7.23882, -634.283, -543.221
4.42071, 21.8433, -542.002
5.14874, 682.509, -383.386
2.75042, 635.865, -40.7116
6.63909, 406.822, 391.121
5.94228, -542.137, -497.694
6.18112, 199.692, 607.667
6.94286, 673.476, 500.468
4.25508, -316.027, -416.657
6.72991, 259.477, 1.79709
3.84659, 422.655, -108.056
4.83959, -67.192, -159.85
3.2686, -596.19, -577.43
2.66527, 488.836, 173.889
7.2768, 61.1598, 41.7924
6.95369, 196.164, 349.466
3.29884, 551.062, 64.1542
3.15214, 334.131, -526.256
2.515, -444.972, -656.713
6.0491, -607.768, -232.99
3.40448, -390.643, 497.128
5.76029, 632.262, -301.531
4.42907, 340.904, -575.563
3.23766, 81.4481, -190.062
5.45054, 460.676, 107.184
3.24076, 105.659, 611.021
3.2091, -153.364, 631.235
4.94257, -376.113, -27.3957
3.13015, 609.322, -47.4486
5.64635, -194.945, -429.497
5.60817, 314.734, -460.414
4.88216, -473.729, 643.2
2.64188, -424.146, -149.468
3.21011, 155.233, 488.677
3.15594, -214.858, 671.336
3.31099, -727.623, 628.589
3.76529, -126.217, -531.611
4.77654, 411.982, -648.019
6.54472, -5.88348, -195.317
3.57624, 179.955, 643.426
3.75063, 630.259, 347.433
5.02978, -25.1729, 604.73
6.27922, 461.046, 100.868
5.66369, 642.188, -47.233
5.9449, 464.906, -94.9737
7.27207, 684.884, 455.527
5.18713, -415.899, 584.267
4.57014, -529.947, -111.95
4.70019, 439.315, 106.832
6.07821, 574.605, 405.041
6.20858, 283.554, 366.937
5.12494, 689.25, -718.905
6.06711, -577.377, -168.934
5.91025, 276.155, 13.7197
6.82941, 670.205, -443.364
3.19597, -46.9303, 552.402
3.57766, 695.192, -113.445
5.0733, -247.884, -180.605
4.83766, -37.7852, 578.345
3.55759, -225.056, 602.676
5.65244, -590.415, 708.316
2.5044, -611.679, 236.614
4.09589, 295.919, 380.143
5.90281, 232.014, -24.0728
6.0446, 507.31, -423.608
2.90869, -690.98, 500.35
3.56926, 240.537, 245.194
4.44412, -548.315, -500.517
4.44927, 784.998, 671.365
3.92018, 229.028, -451.95
4.6123, 416.716, 386.211
2.55658, -628.42, -513.404
3.72027, 731.261, -641.187
4.49072, -658.464, 530.519
6.64177, -629.974, 178.975
3.78584, 685.795, -640.082
3.59705, -664.946, -541.76
6.47385, 312.381, 182.428
5.8476, 308.794, 321.346
5.49108, -678.042, 263.492
5.99917, -289.093, -442.343
5.13062, 446.719, -585.557
4.14833, 324.946, 120.354
3.30844, -728.566, 111.944
6.56633, 479.022, -19.3635
4.08004, 285.376, 100.619
4.05369, 69.201, -592.367
4.65424, 16.5302, 37.0869
4.46509, -140.614, -322.656
4.43916, -26.7578, -167.321
4.34871, -523.534, -396.267
5.88118, 272.927, -476.439
6.10384, 196.236, -142.016
7.20082, 22.2844, 603.01
5.08573, -154.24, -435.153
5.5282, -161.083, 201.625
5.85049, -530.117, 709.856
5.11404, 152.753, 6.52169
3.87105, -678.329, 591.93
7.08924, 252.56, 333.943
3.73367, 666.39, -461.197
4.77876, 293.468, 339.679
3.30374, -680.126, 591.203
4.68319, 354.636, 133.737
7.45767, 268.637, 197.805
6.26931, -331.273, 387.155
4.97846, -526.552, -529.312
7.01651, -625.317, -427.832
4.68213, 403.116, 379.977
5.09239, 66.0409, -574.399
4.44866, 206.349, -561.826
5.63431, -59.2847, -365.969
5.19331, 287.763, 133.296
4.35955, 502.37, -401.187
2.54674, -235.761, 270.822
6.3794, 18.4204, -537.316
2.85317, -534.02, -489.655
3.98511, 301.3, -594.066
4.78581, 13.9007, -541.337
3.25156, -134.837, -33.1027
5.97819, 451.471, -408.951
4.15587, 292.434, 177.181
5.21197, 732.343, -645.747
2.64678, 648.278, -773.429
5.38086, 70.0348, -172.212
5.18133, 189.63, 347.055
7.36678, -626.362, -638.092
5.57063, -209.982, -399.324
5.26431, -656.492, 178.937
6.69051, -181.971, 654.908
3.75764, -421.207, 560.486
6.98957, 473.696, -77.4328
5.97428, 476.6, -398.205
5.82752, -420.213, -121.655
3.06838, -678.062, -333.042
3.37987, -624.901, 273.782
2.91253, -98.0407, 99.8396
6.68103, -105.588, 233.651
2.64818, 719.689, -677.361
6.34719, -173.611, -474.023
4.29829, -417.675, 557.23
6.24626, 112.037, 498.265
6.28385, 270.018, 220.099
3.60834, -447.319, -588.154
5.58305, 328.525, 102.577
3.66846, -448.363, -171.212
6.22052, -643.364, 261.389
5.80997, -603.724, -524.024
4.9209, 741.113, -546.97
2.58972, 629.081, 134.808
4.98291, 277.221, 87.5013
5.09587, 53.0071, -528.949
4.71395, -669.665, 417.094
4.14528, -38.8392, 574.062
3.52671, 352.805, -70.9344
7.19863, -124.55, -390.543
2.85168, -427.151, 557.79
3.30042, 39.65, -511.614
6.70788, -547.075, -115.094
4.13614, -217.921, -147.025
6.85942, 229.619, 315.464
5.99896, 544.211, 492.183
5.52801, 637.624, -142.506
4.77536, 78.6169, -207.508
2.91543, -289.654, -266.894
3.94883, 72.3667, -206.506
6.51009, -585.588, -478.998
6.81821, 230.532, 11.9424
3.81831, 222.81, -489.638
4.79881, -599.129, -219.198
4.95672, 441.082, -366.863
5.82344, -440.184, -592.946
7.31738, -472.277, -212.399
7.23022, 406.581, -576.194
2.81902, 290.503, -454.83
5.04829, -516.663, -202.083
6.13222, 632.099, 481.64
5.65882, 366.146, -185.362
3.26658, -745.892, -735.767
5.09652, -676.61, 418.508
3.52281, -382.484, 544.338
6.03231, 381.843, -710.865
6.05786, -417.895, -118.861
3.66304, -371.406, -195.001
6.80594, 71.427, -184.311
2.67122, 27.4238, 608.128
6.26587, -668.581, 172.749
4.14789, 476.133, 42.2299
4.65309, -122.11, -369.081
7.33455, 660.85, -65.6477
4.05803, 611.809, 490.916
5.69762, 741.366, -655.623
5.95386, 632.597, -43.3036
5.36403, -30.3329, 606.785
6.60667, 731.907, -636.577
4.21807, -564.736, -525.258
5.09387, -547.471, -446.338
6.78438, 58.4581, -583.699
6.18587, 211.079, -75.0927
3.45992, -708.584, 138.82
2.83145, -223.425, 263.329
3.60828, 697.991, -626.241
3.33656, -24.2685, -160.833
6.31172, 361.862, -527.099
5.44905, -663.929, 198.483
4.65223, 754.365, 776.342
7.09618, 488.638, 12.6784
5.09668, 271.328, 227.843
7.38058, -527.803, -90.7772
5.15714, -376.342, 1.53894
2.98716, 322.974, 78.738
5.83983, 311.096, 121.584
5.44444, 283.641, 24.5031
5.01137, -600.431, -81.6671
2.75808, -642.435, 154.361
2.6753, -229.093, -95.36
4.41484, -587.405, -531.965
5.55555, 275.781, 70.518
5.06574, 558.34, 698.617
5.98498, 231.745, 26.2223
4.89891, 5.31304, -38.2688
3.88323, 131.955, 384.94
6.01685, -369.753, 72.5033
3.67701, 631.023, -34.0805
6.41501, -99.8852, -187.73
6.60589, 209.514, 577.402
3.21842, -411.315, -66.7083
5.75757, -451.458, 589.415
3.87677, 790.246, -676.197
7.26215, -495.686, 609.95
4.58238, -577.411, -109.323
3.03869, -115.579, 181.367
4.70633, -654.206, 503.152
6.28811, -449.544, -210.071
2.77803, -392.131, -200.797
3.51241, 37.9405, 64.5037
6.82305, 741.13, -653.362
6.52456, -224.734, -99.8584
2.78861, -634.856, -509.654
4.40304, -29.26, -562.909
4.56124, -41.2072, 598.617
2.80071, -283.461, 252.662
7.09746, 610.378, 551.458
3.35398, 493.038, 699.666
6.51634, -622.978, 214.502
3.88599, 490.255, 18.8837
4.44586, 122.932, 709.916
7.19936, -17.0065, 611.341
6.24573, 59.7674, -139.129
3.44774, -421.706, 580.818
6.89581, 276.291, 427.389
6.8953, 350.874, -547.931
3.30515, -603.587, -244.017
5.87346, -574.783, -156.623
6.89096, 517.688, 108.899
6.98262, 319.852, 391.903
3.06535, -29.6575, 607.732
5.93789, -193.252, -243.289
3.21651, -544.276, -507.031
3.6901, 278.191, 42.0599
5.64383, 656.073, -142.359
4.312, 630.511, 347.368
4.64437, 665.915, 504.714
4.91936, 86.9034, -539.865
6.20379, 77.9868, -188.538
3.23098, -496.512, 518.345
7.36238, -571.478, -509.899
7.3158, -454.072, -214.367
3.14741, -412.959, 620.634
5.3784, -196.408, -432.388
4.66439, 18.3049, -208.798
5.50066, -236.248, -172.615
5.85098, -513.018, -110.065
4.5137, 452.367, 747.765
6.46691, 699.18, 482.273
4.89889, -543.596, -225.071
5.72449, 274.75, 203.526
4.28836, -241.077, 618.375
5.96794, -237.451, -207.305
5.83428, -442.09, -530.141
3.22071, -439.044, 607.727
7.10415, -661.992, 240.774
4.22228, 49.714, -233.261
6.66824, -251.964, -460.326
2.74349, 301.497, -499.964
3.27936, -151.383, -119.677
2.55765, 273.048, 290.456
3.94327, 23.8022, 528.581
5.07295, -241.769, -171.282
3.65948, 609.79, 420.239
2.75022, -183.222, 101.386
5.33091, -679.836, -515.801
6.69774, 30.1392, 629.304
4.28763, -553.657, -547.456
4.3452, 109.458, 638.202
7.22226, 284.447, 54.3751
4.72425, -550.04, -235.766
6.82086, 266.043, 245.088
5.82654, -550.888, -526.365
5.79297, 104.028, 533.329
7.10736, -792.776, 753.283
5.11536, 729.668, -607.281
5.45229, 327.87, -424.155
5.79944, 679.038, 508.99
4.24765, 304.96, 362.456
4.11714, 229.161, 16.88
7.08984, -32.6217, 599.112
3.08619, 655.32, -380.929
7.31268, 493.384, -106.139
5.17978, 69.5113, -216.492
5.81447, 664.044, 512.803
5.48362, 683.392, -452.751
6.93363, -544.09, -552.834
6.67999, -642.441, -548.836
6.69339, 299.884, 101.335
6.85642, -130.298, 190.618
2.5002, -726.074, 244.205
4.77274, 255.257, -2.16122
4.25696, -610.661, 217.541
5.80713, -220.584, 583.695
6.22234, -610.119, 314.009
3.3821, -139.737, -383.325
7.4621, 867.037, -563.344
5.95466, -621.242, 216.309
6.97862, 269.784, 40.5778
3.51579, 248.996, 95.9053
7.2356, -432.826, -275.607
4.88476, 726.644, -365.651
6.78578, 731.575, -664.722
6.41237, -566.278, -480.2
5.70687, 748.387, -658.497
3.14521, -633.546, 296.492
5.77944, -51.131, 592.276
3.09199, 87.0852, -103.135
3.88793, 213.959, 620.978
6.65548, -254.917, -202.833
6.14153, -638.064, -549.02
6.74348, -711.895, 224.872
3.43989, -533.231, -704.568
6.09602, 427.322, -287.949
4.25586, 306.821, 215.671
3.34555, -467.53, -534.322
4.52383, 173.069, -471.1
4.20924, 146.799, 657.26
6.67141, 272.033, 47.2667
3.9111, 657.214, 485.788
5.16766, -592.753, -557.685
6.25085, 738.5, -729.923
4.62554, -500.849, -520.629
4.66964, -490.556, 646.622
3.03022, 684.409, -759.602
6.4639, -188.365, -433.911
3.91232, -569.638, -557.031
7.14264, -446.204, -204.194
5.37926, 292.76, 376.577
3.4895, 613.088, -264.213
5.99081, 450.005, -591.22
3.07265, 296.735, -612.668
4.22945, 179.675, 644.051
4.15646, -418.72, -210.202
6.42735, 783.658, -684.562
6.65775, 340.092, -92.7931
4.21712, -688.265, 640.725
4.2603, -175.089, 650.542
6.38197, -35.9118, -597.663
6.58658, -75.304, 583.622
4.26157, -249.579, 135.591
7.09559, -445.025, -204.301
3.2877, 240.78, 106.52
5.56029, -471.68, 608.972
5.54222, -446.888, 593.651
3.16647, -141.676, -489.606
3.51409, -619.921, -559.982
4.79457, -667.255, 352.59
3.48759, -405.456, 548.178
6.77118, -687.88, 188.148
6.54562, -576.069, -487.27
2.80131, -680.911, 585.071
6.50584, -644.751, 535.689
5.49597, -125.129, -357.751
7.43182, -665.452, 207.643
2.65919, 56.5396, 618.363
6.8356, 741.623, -677.221
3.69109, 472.267, 169.514
3.6127, 246.547, 293.108
4.73907, -539.253, -527.818
2.61231, 634.113, -60.1848
6.79755, -220.759, -121.874
4.15902, 304.35, 245.226
5.72195, 304.097, 150.738
7.43521, -553.217, -500.371
5.30162, 276.822, -429.061
4.74553, -590.243, -127.044
5.213, -22.4008, -562.37
2.90797, 572.855, -93.2182
3.99606, -581.932, -230.779
6.63964, 552.894, 548.241
6.48936, 508.772, 652.167
5.71048, 31.1146, 665.974
4.84105, 485.689, 159.532
7.15326, -154.161, -431.608
5.08798, -162.002, -65.8707
7.42924, 697.284, -379.731
5.94567, 31.8901, -607.645
6.19966, -218.244, -424.783
3.46323, -433.565, -634.743
6.08881, -402.302, 621.18
6.11146, 532.724, 65.3103
6.49298, 296.822, 98.7583
4.23216, 234.796, -691.081
5.1481, 32.0906, -134.279
3.19001, 626.536, -219.916
6.73218, -231.595, -183.197
6.32766, 18.4303, -551.106
7.5, 661.997, -445.849
4.24891, 439.421, 746.606
5.50367, -480.702, 634.783
3.50808, -392.809, -25.7182
6.2385, 69.0217, 47.7455
6.49225, 643.456, 163.454
3.03505, -669.751, 156.115
5.35813, -376.04, -34.2113
2.84683, 262.529, -269.255
4.16036, 615.287, 489.486
5.80945, 361.132, -572.927
5.27726, 13.4773, -193.147
7.12415, 246.616, 19.036
2.69832, -380.068, -15.3451
2.62083, -174.089, 114.755
4.61923, 260.864, -476.712
4.36987, 277.269, 114.479
2.93303, -218.057, -160.381
3.05403, -74.2292, 95.2125
5.31992, 280.109, -381.311
7.37269, -31.1374, 569.951
3.05066, 20.4224, -538.999
5.99352, 191.009, 595.194
2.79674, -74.923, -526.596
4.69755, 633.282, -44.8551
5.24651, 730.555, 617.961
3.45129, 534.306, -607.147
7.36597, 274.101, 217.302
3.19593, -642.912, -79.8665
5.48978, 733.58, -505.683
7.12812, -735.493, 645.424
3.91116, 23.722, 606.91
6.8307, -90.5862, -94.2885
6.29598, -49.3345, -372.036
6.10793, 274.857, 391.075
3.34241, -254.461, 259.508
3.32882, 640.76, 331.231
3.39076, -656.732, -622.689
5.87226, 253.289, -476.895
4.83484, -89.4071, -123.089
6.85219, -596.603, -396.754
5.76023, -586.473, -95.7986
5.80464, 761.621, 730.705
2.58037, -601.511, -475.527
4.30596, -552.333, -509.879
3.72747, 614.13, 101.854
6.93086, -727.84, -723.2
5.23701, 688.93, 692.605
6.57209, -4.07036, -585.422
5.24453, 130.518, 611.761
4.16156, 385.814, -34.8576
4.40213, -7.2234, -615.735
2.52389, 608.168, 567.492
6.95226, -157.923, -424.636
6.16955, -455.209, 573.097
6.04239, 15.6611, 559.96
5.1278, 77.0973, -174.159
6.41065, 26.474, -562.982
3.42484, -355.642, -352.677
5.72673, 302.837, 363.459
3.42178, -432.923, -217.459
3.31214, 187.324, -223.813
2.65594, -310.348, 713.253
7.42716, 4.29596, -559.299
4.04559, -181.942, -398.486
4.11075, -410.815, -161.109
5.51155, 260.111, -35.5142
2.89107, -274.685, -649.46
3.93936, 62.7187, 49.6915
5.79307, -62.6392, -340.137
7.36348, -643.482, -360.415
7.27758, -369.325, -546.544
7.42745, -474.564, -193.469
7.30478, -576.51, -539.124
3.0073, -427.742, 583.181
3.71505, -81.2439, -395.54
6.91151, 33.0929, -130.953
5.28805, 262.756, 319.67
6.7669, 596.492, 503.793
7.49145, -422.918, 571.908
3.99751, -210.023, -412.502
6.33157, 705.089, 438.283
4.81901, 206.806, -43.4195
6.8168, -687.052, -472.406
6.99018, 669.636, -128.4
7.377, 187.313, -323.299
2.77405, 448.645, 115.086
6.32605, 693.195, -603.091
5.09219, -671.696, 537.564
3.46574, 555.829, -89.7741
6.98252, 253.283, -556.659
6.38492, -682.643, 273.386
2.75968, 277.913, 328.564
7.47331, -721.397, 638.972
5.93659, -190.504, -435.074
5.94854, 720.825, 450.243
6.57666, -460.976, 632.393
7.05426, -155.249, -439.045
3.34218, -126.88, 230.028
5.24183, -444.319, 648.697
6.53351, -444.73, -249.66
4.17803, 271.31, -467.815
5.53435, -131.831, -38.0097
6.59602, -675.841, 252.594
7.3485, 76.8994, -204.504
6.29349, 633.508, 527.62
3.72113, -84.126, -114.59
5.80589, -569.314, 288.945
4.21574, -620.834, -267.33
7.27146, 262.012, -306.577
2.60828, 581.998, 516.557
4.54979, -788.293, 776.333
2.55789, 459.061, -576.664
3.04964, 695.169, 105.013
5.28259, -623.374, 178.607
4.45466, 2.34349, -33.3247
7.20539, 6.15382, -207.73
2.55572, 246.772, 367.501
6.22897, -209.444, -413.824
3.84293, 320.757, 128.72
4.27153, -566.109, -502.705
3.45835, -426.264, 559.72
5.14832, 264.175, 50.303
4.39478, 48.616, -548.18
3.16407, -48.1914, -588.046
4.26563, -80.9434, -548.196
4.2497, 738.657, 646.394
7.41084, 438.999, -61.6187
5.25961, 75.9334, -223.497
4.99918, 27.2476, -528.095
3.58531, -646.039, 163.98
4.37311, 34.7152, -345.809
6.78251, -566.129, -507.583
6.45578, 739.044, -434.633
3.9204, -427.61, 526.856
5.07645, 223.812, 238.892
6.79238, -176.869, 42.6005
7.07844, -593.029, -211.151
7.48941, 56.358, 589.46
6.53177, 74.4918, -175.175
5.22718, -551.025, -214.82
7.3461, -2.23493, -553.55
5.31931, -544.254, 311.295
4.03031, -450.959, 526.298
5.41853, 702.733, 730.604
2.91197, 79.4121, -206.009
5.47382, 298.908, 358.498
3.31968, -650.273, -438.872
6.46527, -601.705, -565.47
2.95373, 713.401, 521.177
6.3072, -554.537, -563.681
6.83996, -229.018, -81.9902
6.40105, 65.8524, -170.577
6.61399, 738.957, 693.255
6.70974, 292.853, 387.717
4.48328, 198.38, 75.8195
6.508, -83.0268, 105.848
6.56811, 221.639, 21.4763
5.43493, -370.305, -3.23901
4.64621, 677.778, -42.5715
2.5002, -130.957, -412.133
5.31153, -735.802, 245.796
6.22632, 337.825, 126.052
3.89846, 603.633, 147.276
2.93406, -659.76, 491.817
3.5733, 717.523, -595.197
3.93296, -421.496, 594.77
4.86595, -350.659, 433.498
6.95893, 703.575, 721.587
5.91955, 446.18, -376.573
3.54376, 73.8897, -211.592
6.67533, 676.416, -1.11285
7.09218, 712.716, 698.3
4.48244, -554.628, -583.189
6.37858, 409.556, 371.681
5.68161, -87.1468, -113.37
6.64746, 266.996, 180.261
3.40204, 455.158, -410.483
7.45927, 420.677, -613.486
6.70558, -68.5362, -580.395
4.65177, 690.901, 207.063
4.38589, 449.551, 679.156
2.70802, 444.22, -399.146
6.80715, -580.028, -526.123
6.62116, 711.992, -603.53
6.25052, -116.914, 636.167
3.55801, -256.865, 640.639
4.31029, -574.94, -166.925
4.43545, -599.303, -422.215
7.32918, 605.621, 501.798
6.5872, -23.2899, 608.139
4.5755, 13.7715, 373.412
5.83759, 293.532, 100.203
2.52101, 433.702, 752.224
6.98048, -735.656, 213.482
3.68416, -228.077, 257.123
3.79415, 300.525, -114.868
5.4939, 344.318, -568.529
6.89823, -645.79, 173.437
6.16299, -630.177, -500.348
6.0773, 629.912, 548.519
3.57724, -417.036, 571.639
6.30413, 702.633, -765.507
3.85351, -149.374, -397.298
2.75246, 465.86, 177.181
4.78866, 264.846, 218.243
2.58759, 358.484, -472.217
3.01129, 91.0177, -81.4512
2.639, -251.837, 137.369
5.65921, -321.052, -411.094
6.34425, 73.8336, -197.202
2.74132, 414.659, -603.602
6.6924, -8.07789, -586.653
6.76899, -195.076, -176.709
6.57649, -362.961, 660.047
6.85188, 665.408, 336.192
5.27222, -483.448, -204.972
6.12646, -268.187, -99.3178
3.20424, -416.758, 568.8
6.6115, 433.974, -380.269
5.51185, 483.138, -51.2145
4.93856, 404.941, -620.685
6.14942, -197.282, 617.249
4.05164, 779.226, -662.464
3.93925, -645.414, 178.953
5.45857, -705.599, 598.735
5.34055, 558.411, 666.44
5.41059, -522.9, -536.217
2.84132, -656.758, 175.111
4.34304, 70.5043, -192.687
6.28475, -611.271, -499.645
6.35297, -452.072, -638.977
4.27217, -422.352, -195.757
5.98913, 133.248, 639.188
5.08005, -426.926, -214.573
5.94494, 287.459, 88.3718
6.18066, 20.856, 631.291
2.56231, -257.514, -408.591
7.16549, 439.031, -60.0605
5.37826, 352.379, 156.633
3.05587, 527.16, 651.446
4.87388, -60.8533, -93.5331
3.24247, 315.584, 92.4681
4.22594, 225.167, 274.869
7.04476, -621.648, 217.591
4.54571, 51.2071, 466.908
5.96642, -590.343, -90.4717
3.35865, 321.099, -534.12
6.21715, 717.263, -415.828
4.16319, -411.747, 572.146
4.62157, 450.916, 231.114
2.79523, -222.193, -97.4981
5.09005, 217.962, -37.8187
5.94425, 286.696, -456.383
5.01149, -240.075, -123.358
6.56617, -86.1214, -563.621
3.07974, 111.389, -632.247
5.24841, 284.503, 394.785
5.06046, 231.975, 41.7721
6.02649, 726.39, 454.011
5.65083, -185.375, 649.393
4.0207, 64.0608, -650.454
6.74719, 282.415, 91.7367
3.39619, 528.428, 33.3603
2.61737, -322.09, -113.645
4.19467, 480.002, 8.78308
3.43818, 275.832, 29.7488
6.60467, -186.542, 39.082
6.72507, -541.658, -219.663
6.78031, 739.605, -680.796
7.37454, -669.576, 585.335
2.99587, 348.116, -410.4
2.56182, 600.741, 477.235
2.58614, 314.552, 384.183
2.64527, 318.81, 164.837
4.1031, 74.5829, -224.718
6.17815, 441.178, 203.927
3.14876, 199.615, 346.345
2.5161, -398.371, 462.697
6.91905, 0.115235, -554.282
3.70482, 266.17, -541.902
4.38481, -684.334, 601.379
4.44879, 453.375, 88.0435
2.81534, 465.717, 213.009
7.30792, 116.343, 621.51
3.75349, 629.774, -242.606
6.85376, -522.164, -105.281
2.85991, -545.016, 254.139
2.70653, -210.369, 667.245
3.46378, 281.536, -471.663
3.86708, -246.576, 276.448
7.4007, -655.591, -345.679
3.60607, 268.442, -474.089
6.43119, -742.755, 582.837
4.42306, 154.591, -336.252
3.78593, 348.614, -612.388
3.91087, -671.772, 280.483
7.33834, 566.083, -23.1266
4.22841, 440.023, 87.0166
3.45922, -592.839, 661.722
5.05037, -516.411, -217.923
5.21857, -460.349, 622.764
5.72333, -620.779, -528.967
3.89738, -22.5579, 634.185
3.41887, -274.431, -446.055
2.71579, -685.634, 185.934
3.98408, -423.189, -187.637
4.25548, -174.062, 113.869
7.09372, -419.941, 589.674
5.81225, 431.936, -255.028
5.08041, 607.167, 536.598
4.03763, 419.046, 391.085
3.0007, -150.753, 91.2888
3.47502, 238.643, -704.337
4.11407, 97.0771, -375.831
5.56182, 629.588, 96.2685
5.13511, 737.468, -671.675
3.45653, 273.3, 221.322
4.7178, -580.289, -525.739
4.48693, -384.947, 537.276
6.28051, -432.6, 583.987
6.6213, 621.885, 518.924
5.51573, -25.2816, -261.173
3.04573, 396.437, -623.219
4.11797, 371.039, -204.576
5.03403, 140.217, 239.977
4.76521, -463.533, 639.282
4.77315, -216.582, -400.634
4.91125, 709.471, 733.54
5.07896, 356.96, -555.706
4.50207, 122.393, 613.073
4.22945, 574.83, 197.285
6.64533, 655.142, -146.038
3.02204, -500.509, -515.959
6.40057, 378.293, 446.659
3.19919, -248.416, -236.522
2.62171, -578.124, -526.364
6.0664, 315.907, -597.008
7.15538, -27.3926, -554.145
7.47667, 320.669, 121.957
3.86264, -674.266, 143.43
3.6923, -422.936, -180.95
3.87328, 571.807, 528.797
5.70836, -512.799, -522.138
5.17637, 247.757, 39.1944
6.8967, 640.279, -302.049
6.75968, -636.315, -443.94
2.98004, 581.546, -56.5678
4.66818, -706.889, 212.467
3.17045, -0.491539, -582.202
5.86802, -146.231, 199.997
5.34964, -160.404, -329.894
3.66474, -442.366, 602.263
5.50306, 273.101, -469.787
2.6551, -443.062, -142.963
7.08512, 385.497, -232.89
3.82958, 638.061, -61.1959
6.50016, -139.909, -390.763
5.46389, 28.0237, -517.144
5.0822, 249.848, 378.618
5.2567, 259.24, 317.85
3.47225, 350.098, -86.383
5.36152, 65.8808, -688.73
3.81992, 277.918, 215.733
4.41648, -684.974, 558.13
2.73626, -587.628, -655.763
4.22823, 414.875, -586.15
3.61594, 433.504, -399.089
3.81264, -88.7445, -572.441
3.05141, -279.204, -438.961
7.40088, -473.219, -126.897
5.93794, 610.264, 504.445
5.82158, -514.731, -211.783
5.99501, -618.629, -428.404
2.68746, -574.378, -481.294
3.6706, -627.992, -430.735
3.95397, 646.409, 510.33
3.50543, 105.42, -255.549
2.7177, 301.903, 109.766
2.56571, -481.715, 593.409
6.07297, -485.721, 589.281
6.88348, -571.914, -498.292
5.35088, -667.841, 164.725
6.92743, 732.339, 702.024
5.20042, -470.345, -157.208
3.31357, 789.909, -645.146
3.30492, 728.217, 389.655
7.19182, 310.562, 204.492
3.45628, 443.637, -574.838
3.15761, 139.735, -129.526
4.41122, -231.486, -80.3451
6.12674, 229.386, -37.9323
2.50651, 559.469, 700.122
4.60222, -31.6108, 557.004
5.18984, 255.707, -39.7866
4.86596, -134.509, 223.3
6.33003, 557.22, 700.321
2.9396, 430.918, -446.545
7.04284, 247.195, 238.997
3.20818, -579.638, -545.679
2.54782, 225.956, -6.70887
2.82267, 197.497, 352.02
4.96742, 274.338, 197.486
5.40914, 503.534, 722.563
4.03373, -643.881, 501.892
4.57091, 617.421, -54.9052
4.33401, -631.462, -504.529
3.42687, 89.7958, 529.051
2.76788, 472.711, 100.021
4.47222, 388.509, -62.4657
3.98388, -239.568, -195.712
5.05388, -411.924, 574.611
3.75392, -746.112, 202.785
5.01589, 699.975, 724.877
2.51168, -16.7287, 574.883
7.01807, 676.373, -502.932
2.79181, -765.597, -706.358
5.17506, -428.27, 616.731
3.95754, -379.101, 598.526
7.3023, -629.274, -225.94
4.73406, 278.028, 31.0328
5.08479, 678.592, 261.309
5.93861, -145.001, -70.602
2.72187, -128.085, -62.7694
7.2946, -678.354, 496.128
5.70852, 278.254, 180.085
2.80215, 207.246, -512.924
3.33964, 259.509, 222.721
5.76491, 355.195, -94.7401
6.19864, -734.888, 241.839
3.57011, 672.198, 203.18
4.31441, 145.246, -623.517
6.56981, -538.555, 683.387
5.32057, 706.979, -376.196
7.45886, 0.878846, -569.353
6.5669, -696.467, 245.76
3.49157, -689.663, 15.4214
2.50003, -69.0903, -575.903
4.62608, 691.815, -611.867
4.07406, 652.145, 208.394
5.56218, 540.854, -697.422
3.83351, -150.293, -463.538
4.39881, -521.908, -52.9243
5.43397, 647.518, 223.888
5.95636, -232.712, -429.634
7.26736, -227.184, -468.489
4.89785, -325.113, -662.034
3.60319, 273.287, -468.303
5.33741, -620.777, -563.594
6.09873, 280.246, 47.6644
4.4953, -440.765, 634.053
3.48326, -591.805, 708.34
6.66971, -563.212, -491.219
5.59561, -454.434, -636.778
7.26866, -176.297, 32.734
3.23222, 64.8369, -186.798
5.38953, -156.228, -429.935
7.26796, -440.132, 609.484
3.62331, 692.393, -747.632
7.25137, -438.967, 545.173
3.07874, 674.148, -460.929
2.58372, 84.2002, -356.94
3.90465, -256.458, -185.308
7.15042, 516.092, 11.9862
3.04796, 767.295, 724.16
6.77266, -33.2979, 581.903
5.68532, -687.224, -518.128
5.63853, 336.679, -571.619
3.80589, 665.318, 543.358
5.13936, -611.955, 156.397
7.16608, -233.036, 626.356
3.98055, 606.323, 46.8484
4.78006, 220.38, 324.528
6.35659, -644.558, -534.33
4.17193, 421.48, 166.519
6.31775, -0.2551, -564.884
6.65892, -145.276, 656.135
2.64618, -678.24, 487.72
4.31315, 588.919, -199.638
4.16221, 282.226, 352.307
3.17675, -449.656, -169.366
3.00839, -224.494, 619.633
5.11327, -450.129, 642.669
3.52046, -63.5131, -363.432
5.00728, -583.993, -513.082
5.1371, 8.63416, 623.358
4.13422, -203.335, -147.301
4.75888, 286.667, -286.919
6.85263, -30.0103, 585.317
4.72884, 573.989, 704.926
6.03726, -612.536, -488.227
6.83171, 667.679, -593.157
6.5822, 663.989, 223.477
2.67504, 755.722, 709.991
3.8644, -473.816, -266.296
5.21858, -251.518, -452.131
3.19942, -580.399, -501.835
5.57408, -621.607, -646.297
3.29182, -668.997, -541.357
4.41129, 228.885, 192.289
5.94997, -75.7513, 98.4637
3.21128, -365.973, 336.028
5.65284, -711.793, 603.976
3.15973, 23.0923, 611.21
7.13583, -709.412, 167.863
5.53465, -677.262, 587.657
5.50388, -655.092, 152.871
3.33635, 441.955, -400.585
3.301, -552.73, -529.036
5.91628, 493.848, 3.23567
5.1456, -532.237, -92.2147
3.65264, 85.0468, 614.294
6.55373, -426.969, -113.127
5.76477, -280.582, -446.071
4.08597, -605.871, -518.979
2.53953, -205.246, -556.007
3.49176, 581.453, 526.879
3.78831, 139.719, 324.989
3.03825, 602.559, -68.2096
3.49545, 71.7296, -178.681
6.75079, 782.098, -651.533
6.63912, -639.419, 205.659
6.76813, -556.076, -493.5
5.71027, 157.433, 500.724
3.6787, 689.835, -748.147
6.80638, -615.304, -487.227
5.4745, 67.6281, -212.323
2.52745, 410.72, -57.1639
6.84925, -592.892, -558.652
7.37729, 249.6, 150.951
5.59653, 244.65, 47.3528
3.85574, -790.461, 179.661
7.46973, -133.881, -380.773
4.60751, -657.862, -413.867
4.20537, -600.192, -614.915
4.80717, 361.413, 99.5785
4.44822, 158.635, -341.623
4.613, 103.731, 519.106
2.84879, 219.041, 331.643
5.5153, 86.9032, -185.429
7.36114, -101.925, 115.247
5.07406, -593.607, -585.881
7.45461, 591.368, -135.743
5.84906, 476.136, -82.5763
4.01716, -561.377, -92.4551
3.47371, 579.318, 509.912
4.0109, -639.498, -491.873
4.93946, -359.044, 428.22
4.72438, 491.244, 722.422
5.7844, 358.672, -549.318
3.74227, -551.992, -508.502
4.72007, 67.0067, 461.933
5.75894, -563.359, -112.523
6.67472, -679.36, 289.705
6.03698, 108.467, 642.696
4.93928, -554.429, -524.348
6.72039, 344.42, -76.679
7.00296, -445.61, -212.019
6.33082, -661.106, -518.589
5.29453, 518.589, 604.794
2.70603, 57.5213, 20.9715
5.46749, 528.894, 94.4762
2.68674, -459.948, 667.364
4.53488, 191.146, 307.148
2.84243, -701.695, -743.669
7.38558, -637.911, -664.887
2.5956, -395.19, -167.904
6.60363, -226.994, -169.756
5.2195, -402.92, 607.439
5.72828, 642.326, -303.648
3.62934, -249.363, -104.918
2.733, 698.484, -613.718
3.63154, 287.842, -489.552
4.58371, -643.774, 116.408
6.40126, 250.837, -482.584
3.72852, -652.81, 151.575
4.81411, 493.265, 95.9924
6.14756, 635.818, 140.302
5.35237, -413.383, 585.232
5.45997, 704.716, 743.686
4.98425, -621.499, 213.039
3.951, 283.731, 124.744
4.71107, 66.5607, -185.484
2.53669, 703.649, -425.161
7.41683, 420.454, -254.536
2.52822, -638.862, -188.831
4.8676, -8.37529, 566.912
5.86497, -202.497, -258.324
