6.27803, -0.00684885, 0.272251
3.5948, -0.00669396, 0.267866
5.89648, -0.0066339, 0.271538
5.09708, -0.00563316, 0.270591
2.76731, -0.00703645, 0.266703
2.53849, -0.00629324, 0.266481
4.58743, -0.00646849, 0.26874
7.15218, -0.00621223, 0.275535
2.95982, -0.00642694, 0.267031
6.00595, -0.00652507, 0.271223
3.81226, -0.00659063, 0.268036
4.14117, -0.00611441, 0.268059
7.45519, -0.00732132, 0.27606
7.41275, -0.00712242, 0.275774
5.75759, -0.00615607, 0.271026
6.92354, -0.00723386, 0.273732
6.33247, -0.00659492, 0.272233
3.87453, -0.00653875, 0.26841
4.93259, -0.0054349, 0.269543
2.80282, -0.00620543, 0.266798
5.08146, -0.0080537, 0.269266
4.96988, -0.00674384, 0.269613
7.23882, -0.00691526, 0.275301
4.42071, -0.00645983, 0.26805
5.14874, -0.00711035, 0.270589
2.75042, -0.00562682, 0.266674
6.63909, -0.00650669, 0.273323
5.94228, -0.00682582, 0.272077
6.18112, -0.00666927, 0.272109
6.94286, -0.00547321, 0.274801
4.25508, -0.00664847, 0.269248
6.72991, 0, 0
3.84659, 341.511, -87.9192
4.83959, 37.3036, -84.6051
3.2686, -321.672, -212.787
2.66527, 302.406, 71.6553
7.2768, -1.51967, 34.4497
6.95369, 54.584, 248.292
3.29884, 342.039, 124.849
3.15214, 214.71, -287.249
2.515, -225.412, -409.009
6.0491, -473.123, -85.707
3.40448, -260.089, 437.897
5.76029, 386.991, -182.461
4.42907, 181.346, -349.665
3.23766, -0.258851, -112.274
5.45054, 345.575, 87.1871
3.24076, 56.146, 455.408
3.2091, -91.2333, 483.304
4.94257, -247.873, 64.8985
3.13015, 461.094, -35.9694
5.64635, -180.751, -300.242
5.60817, 151.254, -373.288
4.88216, -252.158, 303.073
2.64188, -296.749, -110.686
3.21011, -73.5025, 401.674
3.15594, -89.6877, 447.486
3.31099, -407.826, 385.648
3.76529, -134.661, -428.936
4.77654, 283.153, -364.891
6.54472, -47.6997, -150.476
3.57624, 151.646, 431.674
3.75063, 408.922, 179.592
5.02978, -28.7374, 360.86
