6.27803, -734.877, -990.01
3.5948, 58.8885, -95.3223
5.89648, 361.464, -901.56
5.09708, -240.223, 884.226
2.76731, -936.465, 653.246
2.53849, 339.446, 56.6036
4.58743, -851.641, -232.013
7.15218, 179.074, 377.736
2.95982, 49.8129, 691.895
6.00595, -159.633, 318.952
3.81226, 530.178, 814.887
4.14117, 471.781, -899.422
7.45519, 509.277, 258.363
7.41275, -500.174, -262.512
5.75759, 502.195, 442.301
6.92354, 261.933, -848.537
6.33247, -120.006, -450.387
3.87453, -508.982, -53.501
4.93259, -673.442, -293.411
2.80282, 822.323, 783.828
5.08146, 6.47134, 800.877
4.96988, 964.736, -363.568
7.23882, -811.955, -469.313
4.42071, -12.3967, -837.269
5.14874, 822.04, -450.566
2.75042, 867.631, -57.5322
6.63909, 543.315, 540.975
5.94228, -957.325, -744.346
6.18112, 258.446, 734.219
6.94286, 981.569, 449.642
4.25508, -377.183, -536.039
6.72991, 182.469, 25.7546
3.84659, 661.685, -162.123
4.83959, 69.5866, -175.914
3.2686, -650.768, -436.759
2.66527, 615.5, 141.052
7.2768, -9.74528, 77.572
6.95369, 110.533, 492.394
3.29884, 677.609, 246.041
3.15214, 428.592, -571.472
2.515, -452.871, -815.001
6.0491, -943.799, -176.052
3.40448, -504.229, 863.727
5.76029, 771.872, -359.656
4.42907, 367.334, -697.992
3.23766, -12.6759, -233.805
5.45054, 676.727, 171.105
3.24076, 127.87, 909.09
3.2091, -180.732, 960.414
4.94257, -491.285, 125.985
3.13015, 892.572, -69.3919
5.64635, -356.07, -595.054
5.60817, 299.827, -740.457
4.88216, -497.073, 599.824
2.64188, -563.418, -250.864
3.21011, -133.179, 803.462
3.15594, -181.929, 887.645
3.31099, -825.357, 753.819
3.76529, -267.283, -849.62
4.77654, 582.714, -742.114
6.54472, -93.8388, -299.174
3.57624, 301.769, 855.479
3.75063, 816.946, 366.211
5.02978, -58.544, 719.712
6.27922, 637.092, 175.456
5.66369, 908.219, -67.3912
5.9449, 623.782, -136.856
7.27207, 967.134, 412.17
5.18713, -424.391, 723.105
4.57014, -781.76, 35.1155
4.70019, 750.193, 157.138
6.07821, 735.168, 457.982
6.20858, 406.531, 595.644
5.12494, 770.437, -957.942
6.06711, -862.517, -74.8527
5.91025, 333.452, -21.3611
6.82941, 830.173, -597.619
3.19597, 83.3605, 772.157
3.57766, 965.926, -102.147
5.0733, -361.971, -113.921
4.83766, -114.811, 742.247
3.55759, -265.238, 610.343
5.65244, -693.055, 977.497
2.5044, -972.742, 199.052
4.09589, 451.575, 542.747
5.90281, 362.863, -148.266
6.0446, 669.448, -585.691
2.90869, -807.371, 653.132
3.56926, 260.753, 526.845
4.44412, -831.627, -570.273
4.44927, 905.701, 902.987
3.92018, 381.212, -460.654
4.6123, 563.135, 549.262
2.55658, -611.607, -436.814
3.72027, 933.292, -615.234
4.49072, -715.355, 654.899
6.64177, -648.427, 200.863
3.78584, 971.935, -690.006
3.59705, -805.118, -537.992
6.47385, 388.608, 268.085
5.8476, 500.614, 391.074
5.49108, -889.026, 285.563
5.99917, -365.781, -539.631
5.13062, 527.423, -758.781
4.14833, 188.067, 106.073
3.30844, -714.801, 400.655
6.56633, 717.185, -27.512
4.08004, 482.399, 115.02
4.05369, 52.1044, -735.11
4.65424, 33.6435, 162.35
4.46509, -250.778, -479.702
4.43916, -52.7558, -126.024
4.34871, -833.55, -444.727
5.88118, 342.873, -494.698
6.10384, 449.895, 28.3259
7.20082, -69.1317, 891.746
5.08573, -79.7216, -358.294
5.5282, -192.142, 323.31
5.85049, -689.258, 988.581
5.11404, 79.0348, -306.155
3.87105, -944.282, 633.782
7.08924, 96.3092, 284.499
3.73367, 931.171, -459.605
4.77876, 382.312, 680.4
3.30374, -954.376, 645.112
4.68319, 411.363, 405.858
7.45767, 493.176, 175.291
6.26931, -438.109, 390.588
4.97846, -981.256, -653.815
7.01651, -653.505, -834.369
4.68213, 492.171, 558.691
5.09239, 167.707, -978.858
4.44866, 88.3483, -857.846
5.63431, -219.939, -567.948
5.19331, 412.497, 318.276
4.35955, 632.645, -437.601
2.54674, -373.389, 367.889
6.3794, 40.4082, -785.592
2.85317, -885.005, -562.532
3.98511, 443.074, -679.81
4.78581, -41.6906, -887.189
3.25156, -100.889, 36.6048
5.97819, 672.036, -434.108
4.15587, 362.449, 152.112
5.21197, 968.999, -877.551
2.64678, 725.293, -970.951
5.38086, -23.1552, -232.877
5.18133, 366.572, 472.572
7.36678, -760.284, -922.152
5.57063, -298.824, -616.087
5.26431, -744.07, 204.647
6.69051, -264.537, 903.198
3.75764, -497.293, 923.175
6.98957, 625.611, -132.859
5.97428, 504.725, -497.136
5.82752, -473.221, -94.6773
3.06838, -577.141, -775.482
3.37987, -976.667, 95.6135
2.91253, -136.355, 191.969
6.68103, -244.645, 368.833
2.64818, 937.58, -777.815
6.34719, -2.16225, -849.086
4.29829, -509.761, 866.255
6.24626, 6.03358, 530.783
6.28385, 364.69, 337.973
3.60834, -537.278, -919.3
5.58305, 304.666, 130.161
3.66846, -549.256, -249.546
6.22052, -670.223, 301.392
5.80997, -907.13, -685.127
4.9209, 913.332, -744.543
2.58972, 828.144, 235.349
4.98291, 447.08, 200.261
5.09587, -106.018, -882.074
4.71395, -867.227, 531.694
4.14528, -58.6556, 944.275
3.52671, 483.164, -106.383
7.19863, -243.396, -647.1
2.85168, -489.151, 932.155
3.30042, 51.1266, -739.9
6.70788, -785.059, 28.9434
4.13614, -165.648, -277.74
6.85942, 165.127, 428.531
5.99896, 669.633, 515.422
5.52801, 868.436, -218.784
4.77536, 80.949, -255.013
2.91543, -507.583, -188.873
3.94883, -56.6423, -134.774
6.51009, -575.479, -782.97
6.81821, 335.813, 53.3047
3.81831, 419.573, -509.671
4.79881, -834.004, -237.145
4.95672, 612.913, -524.975
5.82344, -466.864, -985.098
7.31738, -628.148, -161.47
7.23022, 570.724, -741.699
2.81902, 213.786, -655.125
5.04829, -426.3, -298.417
6.13222, 667.271, 668.001
5.65882, 597.604, -337.089
3.26658, -912.814, -908.05
5.09652, -865.891, 534.457
3.52281, -554.874, 851.402
6.03231, 401.038, -819.917
6.05786, -472.192, -20.249
3.66304, -567.687, -232.69
6.80594, -51.2428, -126.928
2.67122, -107.773, 946.154
6.26587, -935.628, 58.7103
4.14789, 637.812, 161.099
4.65309, 69.507, -531.436
7.33455, 961.491, -194.803
4.05803, 732.856, 689.39
5.69762, 979.506, -697.764
5.95386, 874.378, -60.4818
5.36403, 74.9976, 626.483
6.60667, 893.001, -686.435
4.21807, -895.079, -675.316
5.09387, -813.783, -770.239
6.78438, 121.824, -946.969
6.18587, 341.189, 52.7635
3.45992, -923.506, 376.54
2.83145, -308.256, 338.809
3.60828, 850.241, -719.153
3.33656, 168.863, -229.813
6.31172, 380.214, -924.928
5.44905, -841.351, 420.954
4.65223, 862.38, 859.775
7.09618, 658.667, 12.2974
5.09668, 443.422, 184.53
7.38058, -680.303, -24.0845
5.15714, -452.693, 145.24
2.98716, 334.474, 388.263
5.83983, 214.615, 100.027
5.44444, 139.512, -27.2454
5.01137, -692.76, -124.784
2.75808, -928.497, 456.639
2.6753, -349.788, 36.6631
4.41484, -789.795, -520.091
5.55555, 179.996, 98.8103
5.06574, 541.965, 869.776
5.98498, 305.451, -26.016
4.89891, -23.8044, -186.299
3.88323, 68.0887, 422.93
6.01685, -438.456, 207.551
3.67701, 873.241, 54.7735
6.41501, 176.966, -181.281
6.60589, 358.293, 833.107
3.21842, -531.053, 51.8189
5.75757, -486.481, 811.035
3.87677, 867.871, -981.836
7.26215, -414.553, 714.855
4.58238, -749.052, 14.466
3.03869, -126.347, 401.551
4.70633, -795.627, 530.822
6.28811, -422.802, -300.78
2.77803, -339.061, -316.859
3.51241, -26.3843, 143.189
6.82305, 938.724, -764.755
6.52456, -266.147, -6.49581
2.78861, -678.199, -670.331
4.40304, -65.1339, -701.83
4.56124, -140.305, 762.401
2.80071, -379.266, 302.433
7.09746, 809.393, 650.389
3.35398, 535.67, 806.878
6.51634, -928.869, 164.229
3.88599, 728.447, 49.4681
4.44586, 171.743, 737.791
7.19936, 55.303, 623.47
6.24573, 163.476, -170.192
3.44774, -326.237, 758.066
6.89581, 434.104, 483.915
6.8953, 415.515, -846.409
3.30515, -804.212, -273.554
5.87346, -801.189, -165.123
6.89096, 628.438, 128.055
6.98262, 244.567, 517.855
3.06535, -23.1809, 752.407
5.93789, -238.42, -256.963
3.21651, -824.713, -774.956
3.6901, 411.605, -44.5637
5.64383, 942.198, -218.272
4.312, 817.339, 363.085
4.64437, 588.353, 717.157
4.91936, -12.789, -836.43
6.20379, -4.3024, -111.56
3.23098, -375.723, 871.988
7.36238, -832.478, -765.551
7.3158, -505.588, -188.883
3.14741, -599.042, 662.996
5.3784, -316.191, -606.439
4.66439, 169.47, -126.394
5.50066, -229.127, -248.478
5.85098, -693.362, -117.063
4.5137, 396.516, 984.799
6.46691, 641.258, 690.932
4.89889, -971.486, -249.851
5.72449, 302.539, 275.364
4.28836, -247.768, 600.637
5.96794, -329.378, -220.465
5.83428, -416.816, -696.877
3.22071, -391.169, 714.633
7.10415, -976.929, 221.523
4.22228, 30.857, -235.945
6.66824, -413.03, -468.229
2.74349, 272.403, -743.863
3.27936, -249.984, -59.7811
2.55765, 330.305, 506.089
3.94327, 120.156, 587.782
5.07295, -344.445, -172.957
3.65948, 681.399, 437.068
2.75022, -248.445, -78.7869
5.33091, -596.305, -840.465
6.69774, -150.754, 672.568
4.28763, -644.719, -435.847
4.3452, 164.884, 868.555
7.22226, 256.72, -72.8253
4.72425, -909.149, -176.892
6.82086, 492.629, 177.783
5.82654, -787.763, -734.468
5.79297, 168.255, 664.172
7.10736, -958.073, 959.623
5.11536, 956.668, -621.887
5.45229, 438.745, -441.71
5.79944, 667.148, 654.864
4.24765, 272.968, 464.415
4.11714, 345.532, 38.1719
7.08984, -102.7, 736.897
3.08619, 904.491, -445.029
7.31268, 668.049, -166.385
5.17978, 55.3426, -326.84
5.81447, 848.966, 632.725
5.48362, 904.33, -500.588
6.93363, -506.537, -743.254
6.67999, -654.957, -609.204
6.69339, 246.985, 201.747
6.85642, -210.064, 336.523
2.5002, -769.262, 332.929
4.77274, 260.319, 348.565
4.25696, -927.583, 166.274
5.80713, -257.473, 707.219
6.22234, -880.213, 153.071
3.3821, -129.26, -462.484
7.4621, 794.49, -808.736
5.95466, -929.023, 164.235
6.97862, 144.677, -11.5985
3.51579, 365.351, -139.229
7.2356, -460.404, -35.6703
4.88476, 883.925, -507.394
6.78578, 918.216, -749.122
6.41237, -976.512, -546.366
5.70687, 904.762, -908.575
3.14521, -722.953, 150.2
5.77944, 4.93727, 650.896
3.09199, 53.527, 8.24809
3.88793, 332.261, 801.214
6.65548, -227.152, -226.432
6.14153, -749.564, -512.538
6.74348, -598.145, 295.333
3.43989, -766.935, -925.393
6.09602, 556.222, -280.938
4.25586, 156.329, 331.562
3.34555, -416.686, -696.672
4.52383, 327.834, -538.634
4.20924, 159.834, 767.589
6.67141, 381.103, -126.812
3.9111, 698.136, 584.466
5.16766, -658.097, -467.354
6.25085, 987.172, -851.445
4.62554, -692.698, -757.744
4.66964, -563.441, 549.265
3.03022, 855.752, -929.909
6.4639, -44.9311, -464.93
3.91232, -576.075, -481.204
7.14264, -588.19, -234.299
5.37926, 255.892, 510.94
3.4895, 825.135, -293.997
5.99081, 575.198, -740.936
3.07265, 494.008, -953.212
4.22945, 300.701, 782.926
4.15646, -579.939, -234.96
6.42735, 827.299, -958.124
6.65775, 459.186, -212.369
4.21712, -739.125, 753.981
4.2603, -274.139, 902.914
6.38197, 152.952, -813.858
6.58658, -11.3432, 687.386
4.26157, -132.759, 284.82
7.09559, -413.01, -302.639
3.2877, 497.489, 256.733
5.56029, -490.063, 567.328
5.54222, -390.849, 714.497
3.16647, -250.485, -741.854
3.51409, -742.765, -480.392
4.79457, -854.693, 501.714
3.48759, -520.021, 932.034
6.77118, -850.911, 383.106
6.54562, -759.819, -688.755
2.80131, -902.911, 882.296
6.50584, -721.314, 643.917
5.49597, -198.417, -541.795
7.43182, -888.874, 301.6
2.65919, -161.275, 642.255
6.8356, 933.936, -766.411
3.69109, 664.035, 345.333
3.6127, 164.129, 427.461
4.73907, -968.706, -553.078
2.61231, 862.332, -180.857
6.79755, -256.588, 8.26822
4.15902, 215.257, 585.568
5.72195, 303.464, 255.721
7.43521, -941.607, -484.815
5.30162, 284.509, -582.44
4.74553, -757.368, -246.4
5.213, 159.644, -725.964
2.90797, 773.34, -32.9122
3.99606, -822.01, -270.943
6.63964, 816.253, 670.835
6.48936, 624.31, 931.35
5.71048, -104.41, 680.063
4.84105, 628.706, 383.886
7.15326, -200.68, -605.331
5.08798, -243.107, -69.7406
7.42924, 795.956, -531.035
5.94567, -77.0097, -718.196
6.19966, -179.209, -459.854
3.46323, -393.073, -929.68
6.08881, -458.154, 618.559
6.11146, 570.146, -178.09
6.49298, 267.408, 153.22
4.23216, 254.956, -991.911
5.1481, -16.3173, -65.513
3.19001, 716.099, -357.157
6.73218, -223.708, -219.386
6.32766, -80.4792, -879.972
7.5, 924.888, -424.884
4.24891, 481.96, 983.536
5.50367, -599.935, 586.769
3.50808, -495.458, 81.8427
6.2385, 31.2554, 156.999
6.49225, 970.253, 216.653
3.03505, -704.188, 108.791
5.35813, -506.641, 46.9124
2.84683, 365.037, -344.829
4.16036, 734.552, 690.883
5.80945, 484.695, -706.113
5.27726, 174.954, -188.862
7.12415, 228.905, -11.6023
2.69832, -483.435, 224.204
2.62083, -309.099, 237.677
4.61923, 221.858, -654.468
4.36987, 461.262, 134.184
2.93303, -233.799, -239.339
3.05403, -160.603, 166.538
5.31992, 363.5, -342.837
7.37269, 56.9087, 739.411
3.05066, -40.2179, -894.657
5.99352, 99.0749, 975.447
2.79674, -51.1392, -737.371
4.69755, 833.751, -105.386
5.24651, 988.133, 714.25
3.45129, 689.244, -748.038
7.36597, 317.233, 324.535
3.19593, -682.834, -57.9441
5.48978, 928.049, -428.981
7.12812, -870.539, 703.623
3.91116, -80.6479, 882.274
6.8307, -146.676, -87.0833
6.29598, -222.408, -596.862
6.10793, 355.099, 615.397
3.34241, -369.179, 365.04
3.32882, 825.463, 369.348
3.39076, -647.388, -984.803
5.87226, 333.008, -598.959
4.83484, -348.457, 34.5415
6.85219, -807.931, -357.853
5.76023, -695.786, -116.956
5.80464, 755.543, 873.71
2.58037, -663.574, -617.857
4.30596, -773.77, -666.701
3.72747, 919.552, 109.331
6.93086, -932.871, -945.851
5.23701, 821.571, 777.567
6.57209, -28.1545, -639.262
5.24453, 175.858, 863.107
4.16156, 505.384, -53.972
4.40213, 21.232, -654.007
2.52389, 927.793, 651.526
6.95226, -89.8347, -397.549
6.16955, -493.99, 683.641
6.04239, -153.198, 655.882
5.1278, 61.8201, -183.516
6.41065, -188.796, -811.345
3.42484, -388.963, -470.435
5.72673, 249.868, 524.945
3.42178, -684.362, -338.003
3.31214, 58.6514, -89.7743
2.65594, -182.069, 848.245
7.42716, 130.955, -666.26
4.04559, -329.219, -712.824
4.11075, -669.005, -296.401
5.51155, 281.431, -235.61
2.89107, -328.982, -918.931
3.93936, -17.31, 87.1703
5.79307, -127.472, -492.044
7.36348, -986.372, -349.626
7.27758, -363.239, -792.145
7.42745, -674.941, -300.881
7.30478, -909.057, -755.948
3.0073, -556.797, 562.502
3.71505, -130.742, -488.62
6.91151, 100.422, -430.249
5.28805, 340.069, 695.597
6.7669, 800.539, 516.774
7.49145, -536.132, 528.516
3.99751, -246.53, -477.496
6.33157, 964.136, 480.079
4.81901, 286.62, -145.745
6.8168, -636.239, -788.929
6.99018, 858.09, 0.975475
7.377, 256.821, -414.216
2.77405, 648.962, 101.566
6.32605, 934.602, -618.995
5.09219, -930.149, 738.524
3.46574, 917.563, -229.184
6.98252, 200.544, -544.827
6.38492, -839.127, 95.2856
2.75968, 414.288, 539.368
7.47331, -848.006, 761.998
5.93659, -8.78319, -456.893
5.94854, 886.075, 496.544
6.57666, -657.248, 811.246
7.05426, -37.8298, -442.554
3.34218, -201.384, 399.483
5.24183, -581.7, 802.101
6.53351, -493.137, -255.723
4.17803, 334.873, -544.069
5.53435, -106.996, 25.9189
6.59602, -944.685, 333.855
7.3485, 83.7822, -251.436
6.29349, 580.774, 494.295
3.72113, -172.947, -91.3311
5.80589, -571.033, 401.167
4.21574, -450.276, -188.543
7.27146, 374.231, -394.55
2.60828, 802.029, 554.312
4.54979, -890.933, 942.935
2.55789, 586.466, -673.095
3.04964, 834.044, 196.985
5.28259, -835.109, 96.951
4.45466, -8.24357, -234.119
7.20539, 117.203, -182.881
2.55572, 179.479, 387.303
6.22897, -218.94, -438.611
3.84293, 107.758, 119.534
4.27153, -672.874, -758.311
3.45835, -450.303, 623.935
5.14832, 294.503, -166.659
4.39478, -54.6453, -858.918
3.16407, -10.8943, -804.455
4.26563, -129.942, -560.042
4.2497, 782.11, 981.329
7.41084, 617.341, -128.965
5.25961, 151.722, -370.522
4.99918, 15.012, -716.855
3.58531, -834.227, 452.007
4.37311, -243.72, -646.608
6.78251, -662.691, -476.547
6.45578, 795.638, -520.329
3.9204, -493.337, 927.138
5.07645, 436.865, 103.382
6.79238, -287.284, -19.5714
7.07844, -935.388, -174.339
7.48941, 133.213, 910.275
6.53177, 170.163, -184.61
5.22718, -895.353, -181.43
7.3461, 152.891, -729.749
5.31931, -583.941, 362.576
4.03031, -420.623, 655.852
5.41853, 959.748, 946.319
2.91197, 46.2871, -327.421
5.47382, 361.345, 613.817
3.31968, -597.226, -591.577
6.46527, -616.018, -435.228
2.95373, 581.135, 733.045
6.3072, -503.885, -679.356
6.83996, -229.854, 27.9711
6.40105, 188.115, -334.139
6.61399, 908.332, 962.165
6.70974, 371.548, 551.544
4.48328, 514.504, 258.022
6.508, -157.632, 169.929
6.56811, 378.88, -43.2742
5.43493, -409.016, 99.8161
4.64621, 793.497, -47.3128
2.5002, -48.4024, -467.487
5.31153, -812.802, 318.044
6.22632, 338.677, 347.942
3.89846, 962.243, 287.521
2.93406, -980.776, 563.947
3.5733, 853.539, -878.818
3.93296, -482.348, 569.177
4.86595, -402.229, 472.23
6.95893, 843.935, 819.706
5.91955, 518.11, -505.855
3.54376, -46.4644, -71.1671
6.67533, 791.51, 10.1081
7.09218, 918.669, 914.268
4.48244, -476.361, -697.978
6.37858, 540.642, 523.632
5.68161, -156.59, -88.9516
6.64746, 482.504, 286.089
3.40204, 552.441, -469.394
7.45927, 577.292, -754.498
6.70558, -155.155, -844.481
4.65177, 885.761, 263.66
4.38589, 596.008, 885.194
2.70802, 650.189, -504.065
6.80715, -795.013, -525.201
6.62116, 916.163, -895.429
6.25052, 13.439, 729.791
3.55801, -165.62, 985.959
4.31029, -780.784, -191.274
4.43545, -588.35, -794.63
7.32918, 789.168, 633.232
6.5872, -163.135, 638.539
4.5755, -80.7872, 447.885
5.83759, 201.723, 179.317
2.52101, 475.303, 978.447
6.98048, -739.672, 250.165
3.68416, -344.036, 354.258
3.79415, 351.517, -88.2706
5.4939, 404.474, -707.566
6.89823, -833.93, 369.543
6.16299, -558.287, -585.332
6.0773, 906.1, 569.376
3.57724, -605.697, 481.343
6.30413, 679.336, -955.443
3.85351, -163.249, -554.428
2.75246, 662.532, 334.552
4.78866, 272.744, 246.142
2.58759, 445.945, -774.475
3.01129, 71.1329, -180.94
2.639, -132.446, 283.621
5.65921, -342.989, -517.48
6.34425, 78.3961, -248.312
2.74132, 525.848, -836.901
6.6924, -53.7432, -630.68
6.76899, -262.402, -313.224
6.57649, -449.789, 575.815
6.85188, 792.752, 403.015
5.27222, -627.178, -160.433
6.12646, -290.898, 53.508
3.20424, -521.064, 918.316
6.6115, 588.51, -527.576
5.51185, 729.26, -195.855
4.93856, 505.566, -916.082
6.14942, -285.525, 942.855
4.05164, 757.132, -667.528
3.93925, -699.383, 351.204
5.45857, -946.442, 803.519
5.34055, 649.224, 876.256
5.41059, -935.134, -571.858
2.84132, -688.086, 283.123
4.34304, 151.286, -389.947
6.28475, -926.334, -574.779
6.35297, -448.572, -867.837
4.27217, -393.18, -254.572
5.98913, 238.99, 927.701
5.08005, -660.93, -288.224
5.94494, 387.568, 134.843
6.18066, -81.6563, 616.845
2.56231, -341.835, -671.915
7.16549, 615.437, -130.714
5.37826, 131.111, 124.873
3.05587, 467.064, 973.018
4.87388, -99.3141, 39.8628
3.24247, 197.725, 101.567
4.22594, 50.9968, 445.764
7.04476, -930.366, 177.149
4.54571, 12.7679, 521.5
5.96642, -677.078, -65.9066
3.35865, 378.099, -941.194
6.21715, 878.607, -504.036
4.16319, -426.278, 646.025
4.62157, 661.38, 312.823
2.79523, -138.193, -108.772
5.09005, 287.048, -228.979
5.94425, 471.415, -579.38
5.01149, -257.822, 9.80087
6.56617, -169.887, -748.528
3.07974, 83.5196, -933.781
5.24841, 280.924, 462.216
5.06046, 405.996, 20.6929
6.02649, 964.718, 440.932
5.65083, -238.211, 876.071
4.0207, -28.794, -649.017
6.74719, 399.197, 367.392
3.39619, 607.319, -23.5795
2.61737, -527.164, -99.9765
4.19467, 726.925, 48.5395
3.43818, 356.887, -97.5324
6.60467, -290.911, 174.19
6.72507, -894.361, -165.44
6.78031, 844.542, -715.203
7.37454, -953.279, 647.366
2.99587, 465.577, -447.216
2.56182, 564.428, 653.868
2.58614, 219.975, 581.197
2.64527, 248.635, 97.003
4.1031, 144.83, -387.197
6.17815, 625.934, 301.024
3.14876, 352.074, 476.478
2.5161, -369.019, 504.524
6.91905, 139.81, -789.384
3.70482, 229.108, -569.815
4.38481, -816.913, 766.521
4.44879, 620.624, 181.729
2.81534, 597.199, 293.504
7.30792, 183.913, 949.197
3.75349, 724.868, -340.597
6.85376, -678.023, -76.0241
2.85991, -913.875, 421.492
2.70653, -618.54, 565.55
3.46378, 356.255, -522.047
3.86708, -308.729, 302.992
7.4007, -950.56, -364.623
3.60607, 324.028, -531.503
6.43119, -873.849, 852.976
4.42306, 297.158, -420.191
3.78593, 477.2, -635.48
3.91087, -934.819, 57.7403
7.33834, 865.692, -39.4219
4.22841, 761.999, 167.873
3.45922, -977.886, 736.068
5.05037, -547.364, -381.055
5.21857, -555.354, 631.281
5.72333, -653.966, -612.003
3.89738, -9.75306, 792.935
3.41887, -296.728, -715.165
2.71579, -828.978, 366.891
3.98408, -502.127, -265.998
4.25548, -231.34, 139.329
7.09372, -426.113, 707.331
5.81225, 501.694, -360.261
5.08041, 865.432, 581.049
4.03763, 612.14, 583.96
3.0007, -350.154, 153.593
3.47502, 378.529, -879.557
4.11407, 30.6716, -128.332
5.56182, 957.088, 87.2611
5.13511, 958.483, -980.021
3.45653, 263.043, 281.622
4.7178, -631.586, -421.522
4.48693, -704.597, 849.199
6.28051, -605.074, 744.679
6.6213, 735.401, 602.589
5.51573, 142.553, -346.799
3.04573, 607.42, -823.827
4.11797, 484.282, -165.222
5.03403, 10.0887, 317.047
4.76521, -649.239, 805.127
4.77315, -179.429, -447.125
4.91125, 926.361, 917.678
5.07896, 368.429, -650.608
4.50207, 202.739, 823.222
4.22945, 973.798, 481.965
6.64533, 931.017, -238.6
3.02204, -727.955, -793.09
6.40057, 581.086, 562.862
3.19919, -296.965, -238.532
2.62171, -788.296, -524.314
6.0664, 405.142, -748.059
7.15538, 143.868, -826.71
7.47667, 189.112, 173.873
3.86264, -870.766, 152.746
3.6923, -478.585, -258.016
3.87328, 957.323, 618.28
5.70836, -904.377, -729.638
5.17637, 309.233, 151.224
6.8967, 827.045, -294.304
6.75968, -670.393, -829.975
2.98004, 899.812, -43.6685
4.66818, -741.217, 216.084
3.17045, -202.34, -753.835
5.86802, -171.426, 306.093
5.34964, -54.9184, -470.908
3.66474, -616.482, 574.052
5.50306, 265.429, -685.858
2.6551, -798.937, -26.4704
7.08512, 566.197, -309.201
3.82958, 860.279, -174.37
6.50016, -182.257, -510.833
5.46389, 162.881, -720.394
5.0822, 344.906, 625.733
5.2567, 325.294, 637.548
3.47225, 499.254, -235.439
5.36152, 128.812, -740.065
3.81992, 210.021, 400.598
4.41648, -766.068, 538.466
2.73626, -758.425, -897.407
4.22823, 584.297, -671.888
3.61594, 660.007, -427.227
3.81264, 18.9425, -729.459
3.05141, -427.594, -404.92
7.40088, -703.016, 16.7259
5.93794, 799.108, 634.561
5.82158, -547.981, -374.362
5.99501, -599.379, -671.164
2.68746, -828.722, -764.523
3.6706, -630.695, -746.155
3.95397, 727.768, 692.315
3.50543, -29.0854, -249.535
2.7177, 357.45, 342.367
2.56571, -523.946, 521.369
6.07297, -523.895, 765.165
6.88348, -865.664, -623.915
5.35088, -885.795, 272.489
6.92743, 862.573, 858.591
5.20042, -357.282, -278.548
3.31357, 928.174, -643.811
3.30492, 951.951, 441.834
7.19182, 312.953, 285.017
3.45628, 550.82, -847.057
3.15761, 3.2242, -97.149
4.41122, -305.089, -8.10105
6.12674, 259.404, -259.216
2.50651, 542.922, 871.437
4.60222, 25.8222, 735.066
5.18984, 300.827, -214.985
4.86596, -237.595, 245.836
6.33003, 544.454, 867.232
2.9396, 555.805, -458.124
7.04284, 138.421, 322.252
3.20818, -860.513, -401.388
2.54782, 426.819, -48.8971
2.82267, 254.107, 518.755
4.96742, 380.627, 221.968
5.40914, 526.068, 970.917
4.03373, -943.912, 543.903
4.57091, 895.734, -68.1126
4.33401, -577.853, -684.553
3.42687, 174.885, 665.039
2.76788, 634.298, 185.795
4.47222, 536.861, -64.7935
3.98388, -346.917, -132.779
5.05388, -395.049, 818.474
3.75392, -703.846, 228.789
5.01589, 955.928, 887.826
2.51168, -4.28459, 780.526
7.01807, 989.42, -447.143
2.79181, -907.284, -943.315
5.17506, -679.556, 807.24
3.95754, -378.546, 870.553
7.3023, -801.586, -264.961
4.73406, 322.348, -108.819
5.08479, 889.639, 168.789
5.93861, -250.075, 31.9365
2.72187, -160.46, 73.4426
7.2946, -795.76, 604.965
5.70852, 369.879, 156.681
2.80215, 624.546, -776.31
3.33964, 51.968, 267.363
5.76491, 487.367, -243.701
6.19864, -770.045, 338.221
3.57011, 850.979, 207.013
4.31441, 154.449, -865.045
6.56981, -647.43, 931.126
5.32057, 807.963, -470.09
7.45886, -47.8038, -881.995
6.5669, -763.811, 393.293
3.49157, -988.304, -22.3261
2.50003, -144.142, -835.913
4.62608, 939.237, -769.786
4.07406, 848.004, 201.842
5.56218, 606.073, -929.58
3.83351, -188.907, -540.616
4.39881, -593.564, -62.9265
5.43397, 953.784, 300.532
5.95636, -140.274, -506.656
7.26736, -454.922, -569.076
4.89785, -293.199, -948.845
3.60319, 380.545, -723.305
5.33741, -720.339, -451.045
6.09873, 424.754, 362.033
4.4953, -493.89, 553.366
3.48326, -691.086, 972.888
6.66971, -667.181, -758.321
5.59561, -448.496, -868.375
7.26866, -286.766, 183.648
3.23222, -14.2125, -270.182
5.38953, 37.1683, -457.37
7.26796, -390.053, 711.909
3.62331, 721.377, -989.015
7.25137, -495.538, 795.893
3.07874, 787.633, -507.714
2.58372, 30.5759, -253.804
3.90465, -357.755, -166.363
7.15042, 637.248, 174.885
3.04796, 758.811, 875.712
6.77266, 26.5015, 821.513
5.68532, -723.209, -729.702
5.63853, 405.585, -709.307
3.80589, 721.896, 740.367
5.13936, -950.501, 213.967
7.16608, -276.337, 894.976
3.98055, 920.042, 109.838
4.78006, 158.333, 446.405
6.35659, -658.996, -604.139
4.17193, 114.593, 123.732
6.31775, -39.8315, -931.949
6.65892, -30.452, 940.522
2.64618, -724.396, 567.041
4.31315, 713.466, -266.392
4.16221, 282.57, 461.949
3.17675, -515.874, -294.688
3.00839, -304.745, 622.684
5.11327, -607.726, 809.783
3.52046, 30.6555, -530.596
5.00728, -868.556, -622.726
5.1371, -3.75278, 961.664
4.13422, -264.607, -292.948
4.75888, 227.138, -440.614
6.85263, -6.70106, 972.511
4.72884, 640.676, 863.989
6.03726, -457.565, -911.752
6.83171, 908.242, -698.091
6.5822, 861.802, 214.846
2.67504, 887.159, 839.478
3.8644, -649.82, -238.339
5.21858, -421.395, -430.227
3.19942, -967.227, -558.492
5.57408, -775.139, -935.203
3.29182, -676.341, -604.311
4.41129, 100.349, 220.307
5.94997, -94.7748, 188.66
3.21128, -392.793, 464.406
5.65284, -784.574, 789.11
3.15973, 194.719, 935.534
7.13583, -737.115, 246.398
5.53465, -937.293, 784.064
5.50388, -925.701, 380.206
3.33635, 594.067, -524.451
3.301, -868.887, -397.398
5.91628, 618.228, -27.8384
5.1456, -706.784, -11.9453
3.65264, -139.344, 796.833
6.55373, -503.687, -56.237
5.76477, -418.676, -558.304
4.08597, -569.355, -591.448
2.53953, -261.202, -812.209
3.49176, 730.703, 730.247
3.78831, -6.40041, 380.853
3.03825, 883.137, 38.5352
3.49545, 128.541, -429.039
6.75079, 803.754, -770.391
6.63912, -970.982, 211.607
6.76813, -964.592, -556.161
5.71027, 289.741, 777.617
3.6787, 716.304, -978.291
6.80638, -502.605, -804.944
5.4745, 35.7008, -105.772
2.52745, 504.392, -34.9437
6.84925, -666.22, -468.446
7.37729, 647.601, 102.211
5.59653, 376.276, 15.353
3.85574, -932.883, 383.378
7.46973, -162.209, -628.481
4.60751, -718.237, -526.088
4.20537, -792.567, -613.794
4.80717, 374.67, -131.473
4.44822, 262.364, -381.809
4.613, -46.9037, 514.602
2.84879, 130.549, 290.26
5.5153, -57.6147, -135.665
7.36114, -49.7866, 228.355
5.07406, -697.951, -531.423
7.45461, 950.118, -137.14
5.84906, 623.647, -132.961
4.01716, -604.158, 69.1108
3.47371, 869.662, 573.63
4.0109, -713.108, -931.614
4.93946, -336.146, 459.951
4.72438, 532.269, 986.319
5.7844, 321.25, -935.316
3.74227, -775.085, -670.296
4.72007, 54.308, 554.252
5.75894, -693.187, 47.3891
6.67472, -715.126, 191.72
6.03698, 192.164, 810.977
4.93928, -867.085, -610.128
6.72039, 398.663, -236.09
7.00296, -513.892, -191.983
6.33082, -653.512, -522.323
5.29453, 631.589, 852.472
2.70603, -6.0029, 72.6973
5.46749, 562.035, 66.7628
2.68674, -671.912, 815.358
4.53488, 28.3884, 436.895
2.84243, -971.585, -879.574
7.38558, -771.505, -882.574
2.5956, -513.381, -236.89
6.60363, -155.135, -264.522
5.2195, -389.826, 863.937
5.72828, 788.794, -333.08
3.62934, -260.413, 43.8776
2.733, 834.375, -700.262
3.63154, 210.026, -552.325
4.58371, -633.555, 134.428
6.40126, 264.361, -629.307
3.72852, -924.7, 371.34
4.81411, 652.156, 94.4222
6.14756, 927.271, 289.91
5.35237, -330.852, 812.976
5.45997, 933.576, 910.112
4.98425, -936.687, 279.727
3.951, 477.168, 116.951
4.71107, -10.4214, -233.775
2.53669, 851.743, -397.101
7.41683, 496.993, -358.354
2.52822, -803.299, -158.007
4.8676, -116.657, 743.945
5.86497, -311.509, -122.836
