6.27803, -341.903, -440.429
3.5948, -12.5448, 4.95279
5.89648, 190.828, -280.359
5.09708, 23.7422, 367.102
2.76731, -369.592, 334.656
2.53849, 91.9677, 43.6133
4.58743, -363.296, -126.695
7.15218, 69.2498, 249.839
2.95982, -18.8073, 395.344
6.00595, -19.0446, 134.982
3.81226, 191.149, 321.833
4.14117, 123.473, -370.65
7.45519, 234.837, 171.142
7.41275, -293.378, -144.38
5.75759, 271.588, 135.651
6.92354, 168.044, -346.623
6.33247, -20.9809, -142.731
3.87453, -236.673, -80.5189
4.93259, -251.729, -180.701
2.80282, 348.492, 333.077
5.08146, 3.9767, 349.614
4.96988, 370.095, -168.423
7.23882, -320.757, -144.305
4.42071, 40.9896, -359.38
5.14874, 387.446, -180.124
2.75042, 353.548, -52.1277
6.63909, 234.166, 135.646
5.94228, -421.722, -334.211
6.18112, 87.1964, 330.554
6.94286, 400.383, 187.616
4.25508, -173.726, -217.922
6.72991, 20.7361, -41.6094
3.84659, 348.019, -92.8786
4.83959, 8.12789, -27.2758
3.2686, -329.549, -95.946
2.66527, 221.967, 168.486
7.2768, 70.6999, -11.6835
6.95369, 89.9297, 180.854
3.29884, 240.903, 168.925
3.15214, 202.955, -443.794
2.515, -169.736, -325.442
6.0491, -304.584, -149.48
3.40448, -197.144, 377.413
5.76029, 341.709, -107.835
4.42907, 199.805, -301.246
3.23766, 8.52776, -43.1443
5.45054, 282.514, 134.722
3.24076, -63.1681, 306.608
3.2091, 56.8139, 320.177
4.94257, -206.192, -1.09263
3.13015, 369.855, -50.2223
5.64635, -164.92, -237.908
5.60817, 135.146, -368.125
4.88216, -193.66, 293.923
2.64188, -258.473, -155.492
3.21011, -26.2253, 313.089
3.15594, -33.6596, 330.735
3.31099, -393.857, 337.272
3.76529, -137.189, -340.003
4.77654, 130.116, -363.174
6.54472, -43.8057, -112.562
3.57624, 28.0846, 297.438
3.75063, 261.712, 155.952
5.02978, 33.5096, 342.372
