6.27803, -9.64741e-06, 0.000311959
3.5948, -0.000605768, -0.000419896
5.89648, -0.000225407, 0.000325694
5.09708, 0.00058178, 0.000706372
2.76731, -0.00141777, -0.00010185
2.53849, -0.000705524, 6.25207e-05
4.58743, -0.000327207, -0.00044371
7.15218, -0.000517747, -0.000300187
2.95982, -0.000435875, -0.000238502
6.00595, -0.000167658, 3.52736e-05
3.81226, -0.00190461, -0.00125269
4.14117, -0.000781553, 0.000426239
7.45519, -0.000545019, -1.56308e-05
7.41275, -0.000761936, 3.99777e-05
5.75759, -7.20907e-05, -0.000382271
6.92354, -0.000232712, -4.7159e-05
6.33247, -8.48573e-05, 0.000474903
3.87453, -8.62716e-05, 0.000883034
4.93259, -0.00053991, -2.78997e-05
2.80282, -0.000634044, -2.21104e-05
5.08146, -0.000766066, 0.000113609
4.96988, -7.61176e-05, -0.00037329
7.23882, 8.78945e-05, -6.20878e-05
4.42071, 0.000217363, -1.32495e-05
5.14874, 0.00054049, -0.000472365
2.75042, 0.000194805, -2.3137e-06
6.63909, -0.00073045, -0.000807769
5.94228, -0.000504316, 0.000591493
6.18112, 0.000257072, 0.000274184
6.94286, -0.000898685, -0.00055416
4.25508, 0.00020904, -1.60879e-05
6.72991, -0.000170123, -0.000436257
3.84659, -0.00180789, -0.00111838
4.83959, 0.000234483, -0.000311518
3.2686, -0.000191414, -5.45327e-06
2.66527, -0.000320505, -0.000628476
7.2768, -9.63081e-05, -0.000119778
6.95369, -0.00082289, -0.000313123
3.29884, -0.000102098, -0.000285336
3.15214, -0.00011989, -0.000116572
2.515, -0.000261255, 0.000299644
6.0491, -0.000517181, 0.00041538
3.40448, 0.000108911, 6.06622e-05
5.76029, -0.000135349, 0.000305967
4.42907, -0.000457643, -0.000521199
3.23766, 8.52028e-05, 0.000655765
5.45054, -0.000443205, 0.000486363
3.24076, -0.000104329, 0.000135384
3.2091, 6.32251e-05, 0.000909275
4.94257, -0.00080222, 3.82769e-05
3.13015, -0.00153437, 0.000485322
5.64635, -0.00036036, 0.000357645
5.60817, -0.000170018, 8.39237e-05
4.88216, -0.000900569, 8.8623e-06
2.64188, -0.000338606, 0.000289164
3.21011, -5.90685e-05, -0.000634442
3.15594, 0.000113275, 0.000166709
3.31099, -0.000546055, -0.000540638
3.76529, 4.01302e-05, 0.000590391
4.77654, -0.000159083, -6.29984e-05
6.54472, 0.000184187, 0.000549568
3.57624, 3.94465e-05, -3.48e-06
3.75063, 0.000303304, 0.00104338
5.02978, 0.00018966, -4.06564e-05
