6.27803, -0.000759489, 6.05716e-05
3.5948, -0.00135314, -0.000872556
5.89648, -0.000573056, 0.0002289
5.09708, 9.51604e-05, 0.000505843
2.76731, -0.00147574, -0.00020827
2.53849, -0.000684192, 7.56743e-05
4.58743, -9.53785e-05, 0.000303849
7.15218, -0.000425065, 9.80319e-05
2.95982, -0.000860851, -0.000430621
6.00595, -0.00019207, -4.15834e-05
3.81226, -0.00514563, -0.00318044
4.14117, 5.07579e-05, 0.000449766
7.45519, -0.000541099, 2.15649e-05
7.41275, -0.000734849, 3.52316e-05
5.75759, -0.000701416, -9.26519e-05
6.92354, 2.72127e-06, 0.000280691
6.33247, -0.000578347, -0.000100509
3.87453, 0.00375262, 0.00418504
4.93259, -0.000135088, 0.000502523
2.80282, -0.000611285, -0.000135846
5.08146, -0.00104809, -4.04168e-05
4.96988, 0.000108777, 0.000171013
7.23882, -0.000653684, 0.000196779
4.42071, 0.000103747, 5.03582e-05
5.14874, -5.58087e-05, -0.000118551
2.75042, 4.41401e-05, -0.000105953
6.63909, -0.000580886, 0.000200478
5.94228, -0.000168092, -0.000202488
6.18112, -0.00100958, 0.000322405
6.94286, -0.000439767, -0.000183442
4.25508, -0.000309673, 0.000551031
6.72991, -0.000630029, -0.000376147
3.84659, -0.00486951, -0.00279421
4.83959, 0.000341544, -4.53163e-05
3.2686, -0.000650761, -0.000486108
2.66527, -0.000389175, -0.000323607
7.2768, -0.000476023, -0.000370064
6.95369, -0.000773913, 0.000216726
3.29884, -0.000444123, 0.000143205
3.15214, 0.000343682, 5.47953e-05
2.515, -0.000769581, -5.6364e-05
6.0491, -0.000873196, 0.000480247
3.40448, -0.000159867, -3.87417e-05
5.76029, -0.000804754, 0.000813585
4.42907, -0.0012374, -0.00106048
3.23766, -0.000494916, 0.000117718
5.45054, -0.000227241, 0.000226892
3.24076, -0.00075862, -0.000636143
3.2091, -0.000721519, -0.000584886
4.94257, -0.000884823, 0.000256842
3.13015, -0.000798162, 0.000153154
5.64635, -0.00026226, -0.000659301
5.60817, -0.00102197, 0.000440118
4.88216, -0.000604545, 0.000350181
2.64188, -0.000393343, -0.000482884
3.21011, -0.000609202, 0.000762653
3.15594, 0.000111749, -0.000153546
3.31099, -0.000758078, -0.000266585
3.76529, -0.000383331, -0.000115316
4.77654, -0.000259091, 0.000185394
6.54472, -0.000651501, -6.98889e-05
3.57624, -0.00028995, -0.000236366
3.75063, -0.000455604, -0.000109653
5.02978, -0.000977419, -0.000217054
