6.27803, -368.352, -499.752
3.5948, 32.8298, -41.7277
5.89648, 178.53, -452.088
5.09708, -114.996, 434.878
2.76731, -465.138, 330.971
2.53849, 170.849, 29.7976
4.58743, -433.184, -116.377
7.15218, 88.8489, 186.996
2.95982, 26.5905, 346.367
6.00595, -83.7518, 153.832
3.81226, 261.925, 409.973
4.14117, 235.303, -452.035
7.45519, 256.518, 132.691
7.41275, -253.304, -134.576
5.75759, 253.605, 223.17
6.92354, 132.347, -426.819
6.33247, -63.5797, -226.899
3.87453, -262.087, -22.4655
4.93259, -332.928, -140.688
2.80282, 408.963, 397.404
5.08146, 4.30258, 404.007
4.96988, 486.081, -180.913
7.23882, -408.901, -233.595
4.42071, 0.846215, -425.979
5.14874, 413.372, -222.154
2.75042, 442.828, -35.6198
6.63909, 269.675, 260.471
5.94228, -483.88, -374.465
6.18112, 129.363, 368.152
6.94286, 499.071, 225.26
4.25508, -193.17, -267.661
6.72991, 90.843, 13.2355
3.84659, 341.493, -87.9057
4.83959, 36.8366, -84.1702
3.2686, -321.604, -212.345
2.66527, 302.788, 72.3506
7.2768, -1.22281, 34.2556
6.95369, 54.7738, 248.034
3.29884, 341.629, 123.86
3.15214, 214.49, -287.577
2.515, -225.21, -408.683
6.0491, -472.399, -86.1087
3.40448, -259.832, 437.665
5.76029, 387.198, -182.748
4.42907, 180.547, -350.375
3.23766, -0.0968358, -111.979
5.45054, 344.87, 87.8294
3.24076, 55.9485, 454.721
3.2091, -91.1843, 481.767
4.94257, -247.694, 64.647
3.13015, 458.814, -35.9536
5.64635, -180.97, -299.211
5.60817, 151.821, -373.319
4.88216, -251.93, 303.033
2.64188, -296.397, -111.449
3.21011, -73.3326, 401.921
3.15594, -90.7033, 446.74
3.31099, -407.681, 385.46
3.76529, -134.644, -428.589
4.77654, 282.67, -364.784
6.54472, -47.4881, -150.407
3.57624, 151.338, 431.01
3.75063, 408.536, 179.428
5.02978, -28.3244, 361.22
