6.27803, -695.726, -638.853
3.5948, 99.9737, -174.372
5.89648, 366.807, -721.734
5.09708, -259.682, 727.088
2.76731, -817.482, 643.785
2.53849, 277.462, -10.5408
4.58743, -651.47, -207.948
7.15218, 224.068, 338.971
2.95982, 32.5344, 554.563
6.00595, -181.739, 203.434
3.81226, 599.474, 701.659
4.14117, 437.558, -705.351
7.45519, 337.529, 148.472
7.41275, -542.693, -246.909
5.75759, 335.713, 348.207
6.92354, 225.378, -660.432
6.33247, -137.739, -492.018
3.87453, -532.178, -122.385
4.93259, -497.388, -243.344
2.80282, 782.873, 785.536
5.08146, -72.6233, 603.286
4.96988, 699.41, -466.965
7.23882, -631.021, -498.279
4.42071, 4.45762, -606.596
5.14874, 785.61, -390.094
2.75042, 662.23, 38.2168
6.63909, 434.887, 452.912
5.94228, -681.714, -567.302
6.18112, 242.52, 669.667
6.94286, 775.307, 455.035
4.25508, -342.647, -431.295
6.72991, 213.608, -15.3318
3.84659, 496.778, -133.884
4.83959, 32.2817, -194.765
3.2686, -631.06, -499.299
2.66527, 485.236, 134.888
7.2768, 54.4243, 76.6109
6.95369, 146.545, 387.374
3.29884, 470.178, 98.4416
3.15214, 375.96, -527.225
2.515, -420.095, -684.071
6.0491, -631.178, -202.991
3.40448, -461.3, 655.482
5.76029, 681.917, -292.59
4.42907, 378.374, -599.957
3.23766, 95.3473, -190.604
5.45054, 564.526, -1.84943
3.24076, 97.2529, 678.968
3.2091, -146.519, 730.294
4.94257, -399.493, 40.9076
3.13015, 680.6, -26.7202
5.64635, -275.379, -454.465
5.60817, 219.14, -517.64
4.88216, -484.424, 544.871
2.64188, -376.758, -133.128
3.21011, 24.1658, 635.881
3.15594, -211.198, 749.15
3.31099, -767.372, 657.596
3.76529, -173.836, -619.955
4.77654, 475.84, -697.843
6.54472, -44.9889, -235.487
3.57624, 257.509, 649.367
3.75063, 653.052, 347.898
5.02978, -19.8674, 619.913
6.27922, 532.852, 114.782
5.66369, 662.83, -46.5999
5.9449, 504.56, -125.492
7.27207, 756.572, 436.386
5.18713, -457.004, 553.411
4.57014, -564.123, -111.247
4.70019, 508.26, 115.002
6.07821, 609.063, 414.028
6.20858, 305.02, 404.345
5.12494, 689.353, -823.463
6.06711, -655.37, -134.19
5.91025, 341.072, 5.12056
6.82941, 767.911, -482.218
3.19597, -81.3652, 618.568
3.57766, 724.606, -228.785
5.0733, -267.603, -162.483
4.83766, 43.5728, 557.477
3.55759, -253.977, 598.925
5.65244, -614.437, 776.3
2.5044, -704.446, 201.512
4.09589, 292.655, 421.939
5.90281, 278.409, 17.4259
6.0446, 552.543, -468.341
2.90869, -700.851, 530.203
3.56926, 304.68, 417.394
4.44412, -695.789, -592.675
4.44927, 724.539, 728.14
3.92018, 291.161, -469.553
4.6123, 447.188, 459.942
2.55658, -654.93, -571.978
3.72027, 817.761, -633.417
4.49072, -655.777, 571.216
6.64177, -760.303, 264.235
3.78584, 768.281, -683.801
3.59705, -648.444, -474.623
6.47385, 282.677, 354.024
5.8476, 371.905, 346.91
5.49108, -700.847, 220.323
5.99917, -291.163, -479.19
5.13062, 461.182, -646.537
4.14833, 293.699, 86.8882
3.30844, -817.5, 219.686
6.56633, 551.624, 38.7894
4.08004, 315.502, 203.412
4.05369, -78.6233, -660.742
4.65424, 28.9461, 63.6972
4.46509, -209.02, -500.47
4.43916, 102.805, -181.664
4.34871, -575.856, -415.624
5.88118, 308.426, -452.579
6.10384, 254.515, -42.0054
7.20082, 8.9476, 723.473
5.08573, -127.685, -396.521
5.5282, -146.637, 242.767
5.85049, -577.048, 765.479
5.11404, 44.8616, -91.8483
3.87105, -731.442, 576.134
7.08924, 197.416, 322.161
3.73367, 726.482, -478.852
4.77876, 291.392, 367.836
3.30374, -757.222, 601.117
4.68319, 188.176, 254.356
7.45767, 307.055, 157.983
6.26931, -344.478, 378.489
4.97846, -675.972, -563.545
7.01651, -616.334, -624.438
4.68213, 487.379, 438.807
5.09239, 83.0022, -686.722
4.44866, 129.063, -521.1
5.63431, -103.087, -404.688
5.19331, 352.922, 195.327
4.35955, 517.92, -451.451
2.54674, -248.672, 258.743
6.3794, 1.78692, -623.663
2.85317, -684.456, -534.254
3.98511, 377.98, -646.949
4.78581, -32.7763, -614.399
3.25156, -99.1069, -17.4494
5.97819, 539.187, -380.238
4.15587, 307.29, 172.563
5.21197, 778.905, -737.833
2.64678, 664.923, -830.705
5.38086, 21.5226, -135.361
5.18133, 211.132, 400.792
7.36678, -671.544, -713.961
5.57063, -251.854, -463.948
5.26431, -718.684, 221.809
6.69051, -237.213, 708.975
3.75764, -464.7, 632.184
6.98957, 498.651, -133.042
5.97428, 495.52, -406.155
5.82752, -429.532, -110.505
3.06838, -626.045, -453.909
3.37987, -717.191, 225.329
2.91253, -94.5549, 113.852
6.68103, -115.123, 270.905
2.64818, 753.21, -631.036
6.34719, -31.6769, -617.471
4.29829, -431.707, 684.639
6.24626, 68.2752, 488.595
6.28385, 316.03, 141.001
3.60834, -457.722, -677.612
5.58305, 232.934, 120.548
3.66846, -372.939, -212.21
6.22052, -700.451, 208.144
5.80997, -667.504, -521.421
4.9209, 782.067, -587.352
2.58972, 733.6, 89.2183
4.98291, 316.661, 189.959
5.09587, 8.35785, -640.393
4.71395, -720.655, 393.907
4.14528, -63.2077, 726.913
3.52671, 405.914, -62.6462
7.19863, -71.9959, -401.484
2.85168, -530.661, 670.875
3.30042, 99.0328, -647.39
6.70788, -564.533, -102.365
4.13614, -190.202, -181.391
6.85942, 236.68, 313.851
5.99896, 571.505, 503.249
5.52801, 738.325, -137.897
4.77536, 50.1498, -202.746
2.91543, -427.474, -186.591
3.94883, 93.9818, -173.651
6.51009, -645.988, -559.143
6.81821, 271.989, -29.3244
3.81831, 308.828, -491.43
4.79881, -658.194, -235.965
4.95672, 466.215, -417.039
5.82344, -442.914, -702.077
7.31738, -539.092, -186.661
7.23022, 471.733, -635.947
2.81902, 253.653, -516.938
5.04829, -550.289, -287.767
6.13222, 705.477, 513.054
5.65882, 429.064, -213.868
3.26658, -790.25, -805.565
5.09652, -719.703, 387.271
3.52281, -422.035, 602.945
6.03231, 363.887, -715.21
6.05786, -414.087, -92.7583
3.66304, -400.586, -240.916
6.80594, 93.2568, -170.652
2.67122, 14.7523, 719.625
6.26587, -689.315, 242.892
4.14789, 500.797, 112.424
4.65309, -60.024, -384.28
7.33455, 656.274, -117.511
4.05803, 668.982, 553.122
5.69762, 791.032, -741.98
5.95386, 690.105, -21.2642
5.36403, 47.8355, 560.244
6.60667, 788.1, -591.065
4.21807, -633.808, -528.019
5.09387, -651.265, -532.69
6.78438, 93.7465, -679.082
6.18587, 281.876, -15.1697
3.45992, -673.239, 187.107
2.83145, -297.702, 288.505
3.60828, 755.318, -681.363
3.33656, -156.09, -124.116
6.31172, 354.76, -691.179
5.44905, -723.134, 250.447
4.65223, 788.15, 768.371
7.09618, 567.386, 5.90198
5.09668, 321.562, 213.908
7.38058, -591.468, -89.8654
5.15714, -375.785, 24.1581
2.98716, 298.233, 144.622
5.83983, 288.102, 97.2944
5.44444, 232.776, 12.2784
5.01137, -577.613, -87.3603
2.75808, -718.671, 194
2.6753, -183.606, -145.392
4.41484, -665.064, -552.672
5.55555, 278.3, 124.201
5.06574, 585.031, 728.492
5.98498, 270.405, 6.96317
4.89891, 4.65434, -141.478
3.88323, 86.0509, 404.814
6.01685, -391.128, 115.286
3.67701, 668.173, -52.0922
6.41501, 41.4352, -160.009
6.60589, 215.957, 632.737
3.21842, -449.015, -28.0377
5.75757, -428.633, 674.188
3.87677, 843.927, -718.689
7.26215, -465.04, 619.539
4.58238, -568.48, -104.09
3.03869, -126.887, 262.174
4.70633, -727.693, 484.057
6.28811, -391.553, -191.331
2.77803, -441.659, -252.328
3.51241, -18.455, 52.9308
6.82305, 761.46, -635.192
6.52456, -231.952, -35.0697
2.78861, -671.454, -442.991
4.40304, 16.6227, -633.459
4.56124, 33.5229, 604.522
2.80071, -288.098, 298.066
7.09746, 657.018, 577.885
3.35398, 548.363, 761.509
6.51634, -712.673, 214.493
3.88599, 558.158, -2.72523
4.44586, 132.836, 732.946
7.19936, 23.1835, 616.024
6.24573, 76.6252, -182.319
3.44774, -374.408, 672.617
6.89581, 289.137, 432.515
6.8953, 330.643, -651.976
3.30515, -670.737, -195.676
5.87346, -606.187, -248.942
6.89096, 575.238, 119.969
6.98262, 307.336, 405.118
3.06535, -68.8495, 617.847
5.93789, -167.727, -235.786
3.21651, -659.044, -520.616
3.6901, 270.206, -5.33032
5.64383, 744.351, -152.448
4.312, 653.59, 346.135
4.64437, 653.906, 556.641
4.91936, 3.92015, -603.201
6.20379, 101.531, -154.705
3.23098, -457.674, 583.695
7.36238, -653.816, -551.248
7.3158, -508.876, -218.793
3.14741, -385.204, 545.656
5.3784, -206.707, -446.771
4.66439, 80.7233, -180.789
5.50066, -274.093, -209.28
5.85098, -569.24, -95.8686
4.5137, 424.514, 811.992
6.46691, 680.995, 565.537
4.89889, -673.547, -199.114
5.72449, 311.744, 259.088
4.28836, -249.56, 612.357
5.96794, -249.367, -218.399
5.83428, -430.86, -571.99
3.22071, -482.247, 567.902
7.10415, -675.76, 255.425
4.22228, 89.534, -185.282
6.66824, -328.19, -457.764
2.74349, 308.485, -556.797
3.27936, -203.434, -8.60715
2.55765, 291.124, 384.005
3.94327, 40.4356, 544.922
5.07295, -288.77, -164.305
3.65948, 629.977, 426.447
2.75022, -216.542, -14.6953
5.33091, -595.834, -636.044
6.69774, -5.91939, 666.366
4.28763, -656.016, -561.188
4.3452, 153.983, 744.797
7.22226, 323.885, 23.7429
4.72425, -655.956, -201.648
6.82086, 307.459, 186.695
5.82654, -657.13, -491.803
5.79297, 126.697, 568.221
7.10736, -823.443, 815.932
5.11536, 796.308, -737.952
5.45229, 360.35, -423.657
5.79944, 681.707, 556.813
4.24765, 311.168, 408.606
4.11714, 250.993, -26.5884
7.08984, -7.91527, 625.714
3.08619, 695.077, -466.283
7.31268, 551.812, -120.655
5.17978, 86.8847, -201.316
5.81447, 681.975, 541.065
5.48362, 728.699, -450.632
6.93363, -518.854, -618.111
6.67999, -642.869, -534.284
6.69339, 292.211, 116.204
6.85642, -132.814, 236.121
2.5002, -768.035, 265.079
4.77274, 382.853, 179.127
4.25696, -717.707, 214.649
5.80713, -225.914, 613.948
6.22234, -696.064, 206.037
3.3821, -169.653, -408.948
7.4621, 837.602, -606.421
5.95466, -717.448, 216.772
6.97862, 282.533, -2.25896
3.51579, 288.014, -13.9313
7.2356, -450.397, -191.435
4.88476, 759.294, -443.634
6.78578, 741.495, -618.295
6.41237, -634.297, -561.559
5.70687, 792.173, -722.772
3.14521, -702.042, 261.024
5.77944, -83.0038, 616.706
3.09199, 74.8348, -58.2089
3.88793, 243.605, 669.696
6.65548, -253.75, -210.251
6.14153, -600.505, -499.19
6.74348, -653.655, 247.194
3.43989, -675.759, -709.635
6.09602, 437.725, -300.936
4.25586, 216.99, 252.856
3.34555, -435.9, -575.688
4.52383, 247.868, -587.827
4.20924, 135.497, 664.207
6.67141, 289.671, 9.88697
3.9111, 663.793, 557.536
5.16766, -640.068, -507.785
6.25085, 774.57, -763.504
4.62554, -624.298, -567.7
4.66964, -422.395, 681.737
3.03022, 761.105, -846.356
6.4639, -94.8273, -416.073
3.91232, -674.372, -544.054
7.14264, -456.352, -223.845
5.37926, 326.344, 414.382
3.4895, 651.484, -317.174
5.99081, 450.174, -618.822
3.07265, 311.104, -656.597
4.22945, 240.654, 665.022
4.15646, -455.078, -221.256
6.42735, 802.9, -711.661
6.65775, 400.2, -138.553
4.21712, -679.375, 676.298
4.2603, -230.32, 717.563
6.38197, 26.811, -595.505
6.58658, -32.3655, 668.57
4.26157, -242.971, 201.906
7.09559, -434.27, -180.336
3.2877, 386.186, 135.067
5.56029, -422.079, 583.689
5.54222, -483.862, 569.083
3.16647, -191.725, -554.441
3.51409, -634.217, -496.079
4.79457, -679.276, 545.177
3.48759, -457.583, 649.958
6.77118, -761.472, 261.848
6.54562, -684.841, -530.34
2.80131, -756.858, 632.186
6.50584, -671.679, 558.048
5.49597, -160.605, -414.16
7.43182, -691.124, 208.882
2.65919, -52.4868, 623.231
6.8356, 763.371, -667.944
3.69109, 537.315, 246.313
3.6127, 195.352, 324.505
4.73907, -615.708, -589.826
2.61231, 753.261, -77.0265
6.79755, -216.317, -71.3357
4.15902, 244.221, 336.173
5.72195, 324.461, 226.594
7.43521, -617.686, -577.167
5.30162, 292.581, -472.127
4.74553, -660.757, -189.6
5.213, 60.8454, -655.368
2.90797, 686.69, -47.896
3.99606, -657.891, -163.015
6.63964, 664.922, 577.86
6.48936, 469.089, 756.435
5.71048, -55.5208, 706.776
4.84105, 500.87, 213.007
7.15326, -148.326, -413.731
5.08798, -244.988, -27.2863
7.42924, 776.508, -405.781
5.94567, -21.1621, -559.502
6.19966, -145.001, -430.129
3.46323, -448.136, -730.55
6.08881, -487.646, 549.023
6.11146, 546.332, -42.1954
6.49298, 257.709, 111.767
4.23216, 234.126, -771.854
5.1481, 99.4389, -296.067
3.19001, 655.563, -275.787
6.73218, -250.541, -218.402
6.32766, -37.7147, -614.851
7.5, 732.976, -446.027
4.24891, 480.57, 816.348
5.50367, -456.325, 650.047
3.50808, -426.834, -8.04801
6.2385, 53.5601, 57.2075
6.49225, 724.418, 188.44
3.03505, -646.527, 119.23
5.35813, -409.595, -5.0833
2.84683, 282.699, -310.225
4.16036, 734.62, 563.002
5.80945, 346.018, -600.565
5.27726, -19.0711, -121.215
7.12415, 218.26, 2.83001
2.69832, -391.732, 59.8997
2.62083, -218.141, 98.9024
4.61923, 226.142, -523.601
4.36987, 316.027, 189.114
2.93303, -258.449, -220.539
3.05403, -62.7545, 157.452
5.31992, 308.287, -377.868
7.37269, -24.8893, 649.493
3.05066, -32.1674, -619.353
5.99352, 152.82, 692.96
2.79674, -9.10363, -564.521
4.69755, 664.53, -52.1967
5.24651, 800.861, 640.4
3.45129, 576.743, -645.723
7.36597, 323.679, 219.466
3.19593, -568.281, -59.6634
5.48978, 759.361, -446.928
7.12812, -763.655, 667.384
3.91116, 4.37308, 719.886
6.8307, -118.655, -117.267
6.29598, -93.9487, -392.903
6.10793, 297.824, 394.641
3.34241, -267.609, 289.722
3.32882, 726.654, 354.729
3.39076, -666.099, -728.385
5.87226, 252.316, -472.252
4.83484, -162.846, -161.809
6.85219, -654.222, -365.668
5.76023, -599.35, -57.0047
5.80464, 773.308, 745.944
2.58037, -564.647, -490.629
4.30596, -653.838, -519.065
3.72747, 688.705, 106.385
6.93086, -789.119, -763.524
5.23701, 747.883, 793.54
6.57209, -38.4174, -632.1
5.24453, 135.529, 688.046
4.16156, 396.954, -42.5254
4.40213, -68.3854, -581.412
2.52389, 693.89, 514.365
6.95226, -165.638, -442.516
6.16955, -424.202, 627.621
6.04239, -65.59, 605.753
5.1278, 30.7294, -176.833
6.41065, -17.893, -619.101
3.42484, -380.769, -399.309
5.72673, 235.92, 395.791
3.42178, -519.362, -241.722
3.31214, 24.0356, -144.062
2.65594, -225.578, 741.884
7.42716, 70.0778, -641.194
4.04559, -250.87, -485.529
4.11075, -508.55, -244.566
5.51155, 238.599, -102.303
2.89107, -279.029, -729.018
3.93936, 37.7578, 71.8848
5.79307, -163.916, -429.142
7.36348, -723.921, -361.248
7.27758, -363.484, -612.794
7.42745, -522.586, -257.345
7.30478, -662.247, -525.865
3.0073, -393.267, 646.209
3.71505, -153.724, -428.474
6.91151, 104.42, -196.207
5.28805, 296.572, 399.132
6.7669, 629.07, 565.393
7.49145, -422.66, 579.21
3.99751, -208.322, -605.975
6.33157, 772.305, 452.815
4.81901, 216.141, -111.317
6.8168, -611.315, -617.416
6.99018, 742.708, -153.145
7.377, 217.155, -375.63
2.77405, 474.12, 75.6323
6.32605, 778.253, -685.407
5.09219, -761.224, 623.246
3.46574, 765.748, -126.436
6.98252, 281.167, -539.548
6.38492, -765.986, 185.875
2.75968, 322.192, 471.881
7.47331, -758.424, 659.003
5.93659, -119.529, -440.033
5.94854, 774.332, 459.343
6.57666, -468.805, 676.91
7.05426, -151.647, -433.404
3.34218, -135.91, 239.244
5.24183, -465.119, 653.304
6.53351, -388.259, -199.006
4.17803, 310.776, -456.767
5.53435, -101.188, -27.1319
6.59602, -640.429, 208.925
7.3485, 44.7183, -203.725
6.29349, 595.94, 484.192
3.72113, -121.539, -120.218
5.80589, -572.035, 309.42
4.21574, -517.714, -228.74
7.27146, 290.191, -327.862
2.60828, 650.188, 578.749
4.54979, -835.73, 807.553
2.55789, 486.112, -668.765
3.04964, 727.422, 229.361
5.28259, -751.71, 185.559
4.45466, 54.6716, -128.33
7.20539, -17.4819, -125.493
2.55572, 184.918, 358.245
6.22897, -177.296, -416.831
3.84293, 273.003, 109.574
4.27153, -616.082, -516.443
3.45835, -397.396, 635.234
5.14832, 240.464, 18.8143
4.39478, -40.9262, -612.147
3.16407, -108.252, -656.575
4.26563, -172.702, -424.753
4.2497, 763.853, 779.575
7.41084, 502.552, -36.2513
5.25961, 88.4771, -230.476
4.99918, 11.3506, -613.527
3.58531, -685.018, 232.464
4.37311, -62.2536, -409.226
6.78251, -642.611, -503.873
6.45578, 750.016, -470.786
3.9204, -530.3, 669.203
5.07645, 261.727, 197.487
6.79238, -237.474, -12.2349
7.07844, -678.337, -237.665
7.48941, 99.9843, 682.482
6.53177, 48.5554, -165.308
5.22718, -712.498, -217.735
7.3461, 52.7112, -639.229
5.31931, -546.428, 343.337
4.03031, -424.125, 621.053
5.41853, 693.678, 717.553
2.91197, 93.6921, -175.215
5.47382, 306.178, 454.504
3.31968, -701.051, -524.819
6.46527, -656.315, -567.389
2.95373, 620.566, 560.539
6.3072, -515.25, -625.37
6.83996, -218.53, -61.1411
6.40105, 102.955, -199.631
6.61399, 735.3, 722.695
6.70974, 260.901, 480.069
4.48328, 279.883, 122.569
6.508, -91.801, 111.442
6.56811, 309.499, 33.8914
5.43493, -393.814, 29.354
4.64621, 671.072, -76.449
2.5002, -147.556, -376.994
5.31153, -755.519, 260.703
6.22632, 349.328, 187.733
3.89846, 729.79, 238.562
2.93406, -741.351, 495.015
3.5733, 779.394, -712.265
3.93296, -399.306, 662.074
4.86595, -393.624, 437.339
6.95893, 744.617, 738.601
5.91955, 469.669, -419.304
3.54376, 16.2339, -221.563
6.67533, 777.657, -33.158
7.09218, 793.75, 809.436
4.48244, -516.621, -645.736
6.37858, 433.201, 414.333
5.68161, -67.4611, -85.3748
6.64746, 313.738, 119.139
3.40204, 488.848, -423.846
7.45927, 473.431, -629.765
6.70558, -76.571, -631.639
4.65177, 763.248, 195.858
4.38589, 491.725, 774.631
2.70802, 472.661, -427.508
6.80715, -583.267, -459.059
6.62116, 768.853, -760.784
6.25052, -80.8208, 624.589
3.55801, -209.189, 709.368
4.31029, -703.405, -233.934
4.43545, -692.427, -498.298
7.32918, 592.132, 544.641
6.5872, -48.1386, 619.976
4.5755, -12.8058, 390.931
5.83759, 283.977, 118.398
2.52101, 485.977, 802.555
6.98048, -714.529, 208.384
3.68416, -258.254, 292.077
3.79415, 275.492, -221.529
5.4939, 343.664, -602.511
6.89823, -700.577, 249.008
6.16299, -653.985, -438.416
6.0773, 647.341, 517.995
3.57724, -479.474, 551.254
6.30413, 697.066, -796.326
3.85351, -227.655, -497.176
2.75246, 470.335, 194.919
4.78866, 327.958, 261.391
2.58759, 445.619, -583.721
3.01129, 14.5587, -119.715
2.639, -240.303, 207.601
5.65921, -325.876, -459.357
6.34425, 48.8791, -200.271
2.74132, 437.636, -589.105
6.6924, -36.2196, -635.145
6.76899, -190.231, -170
6.57649, -481.1, 549.297
6.85188, 727.693, 345.652
5.27222, -517.39, -199.004
6.12646, -225.97, -36.7798
3.20424, -477.879, 631.141
6.6115, 460.654, -456.634
5.51185, 507.739, -92.7557
4.93856, 438.959, -718.048
6.14942, -165.634, 669.581
4.05164, 776.484, -600.584
3.93925, -739.508, 240.64
5.45857, -742.549, 659.532
5.34055, 533.1, 679.547
5.41059, -633.48, -536.171
2.84132, -760.583, 180.491
4.34304, 84.6789, -215.707
6.28475, -638.884, -562.726
6.35297, -444.435, -710.962
4.27217, -406.857, -200.088
5.98913, 122.339, 690.015
5.08005, -513.905, -252.34
5.94494, 243.452, 95.7339
6.18066, -57.7831, 701.834
2.56231, -272.383, -507.218
7.16549, 498.456, -39.9026
5.37826, 286.928, 131.018
3.05587, 495.829, 732.861
4.87388, -98.3656, -25.9756
3.24247, 314.775, 162.128
4.22594, 199.83, 373.511
7.04476, -709.366, 196.813
4.54571, 62.9302, 476.179
5.96642, -614.656, -79.6379
3.35865, 393.735, -642.852
6.21715, 727.624, -411.817
4.16319, -420.761, 632.398
4.62157, 490.572, 234.328
2.79523, -229.974, 41.9148
5.09005, 215.107, -105.433
5.94425, 348.725, -482.797
5.01149, -220.349, -67.3104
6.56617, -140.503, -626.278
3.07974, 128.728, -722.529
5.24841, 301.898, 419.319
5.06046, 267.867, -14.0082
6.02649, 765.211, 430.291
5.65083, -244.165, 720.481
4.0207, -54.4902, -672.79
6.74719, 360.944, 173.157
3.39619, 544.704, -14.9616
2.61737, -427.424, -107.578
4.19467, 549.042, -0.787574
3.43818, 264.222, 2.89599
6.60467, -219.51, 80.0241
6.72507, -668.771, -197.436
6.78031, 754.602, -677.12
7.37454, -760.137, 602.919
2.99587, 379.533, -420.105
2.56182, 593.211, 530.903
2.58614, 243.613, 331.68
2.64527, 288.577, 130.441
4.1031, 85.9111, -230.869
6.17815, 528.363, 258.901
3.14876, 220.261, 395.818
2.5161, -341.203, 392.559
6.91905, 66.1059, -636.326
3.70482, 278.686, -535.305
4.38481, -767.964, 677.552
4.44879, 527.968, 122.43
2.81534, 543.069, 255.578
7.30792, 162.021, 643.553
3.75349, 683.604, -243.995
6.85376, -604.409, -48.8457
2.85991, -717.469, 276.004
2.70653, -385.149, 505.506
3.46378, 243.274, -470.568
3.86708, -273.501, 286.635
7.4007, -752.524, -339.311
3.60607, 299.574, -461.326
6.43119, -766.952, 684.13
4.42306, 188.252, -331.646
3.78593, 331.047, -610.479
3.91087, -686.873, 245.435
7.33834, 676.061, -35.092
4.22841, 535.304, 109.385
3.45922, -672.147, 595.557
5.05037, -530.446, -269.14
5.21857, -415.658, 630.568
5.72333, -633.215, -525.154
3.89738, -64.097, 601.51
3.41887, -283.185, -514.935
2.71579, -702.13, 251.63
3.98408, -466.669, -265.291
4.25548, -215.486, 127.468
7.09372, -453.783, 562.641
5.81225, 462.759, -270.328
5.08041, 664.12, 578.401
4.03763, 441.816, 432.214
3.0007, -184.846, 125.865
3.47502, 318.975, -703.01
4.11407, 83.7185, -273.83
5.56182, 720.736, 105.42
5.13511, 799.287, -775.809
3.45653, 338.715, 181.267
4.7178, -584.647, -448.744
4.48693, -466.02, 644.758
6.28051, -590.607, 691.253
6.6213, 663.253, 564.591
5.51573, 66.104, -306.28
3.04573, 435.049, -609.426
4.11797, 384.032, -186.708
5.03403, 98.5345, 259.391
4.76521, -482.532, 662.742
4.77315, -152.842, -426.392
4.91125, 796.524, 811.182
5.07896, 337.208, -590.559
4.50207, 120.501, 698.089
4.22945, 652.54, 320.765
6.64533, 738.639, -153.111
3.02204, -655.853, -604.606
6.40057, 445.408, 443.037
3.19919, -260.693, -206.605
2.62171, -660.366, -565.348
6.0664, 371.658, -562.868
7.15538, 72.9357, -646.19
7.47667, 302.853, 85.0203
3.86264, -698.718, 187.9
3.6923, -444.821, -229.867
3.87328, 620.309, 539.637
5.70836, -694.002, -559.225
5.17637, 277.468, 104.677
6.8967, 662.916, -335.288
6.75968, -618.906, -629.027
2.98004, 671.607, -5.0945
4.66818, -689.769, 208.497
3.17045, -44.301, -637.884
5.86802, -165.879, 238.707
5.34964, -145.184, -384.849
3.66474, -384.969, 693.422
5.50306, 251.951, -513.624
2.6551, -518.965, -34.9883
7.08512, 423.979, -289.725
3.82958, 755.274, -74.9032
6.50016, -160.871, -464.989
5.46389, 67.7839, -629.498
5.0822, 307.195, 457.376
5.2567, 307.574, 459.764
3.47225, 401.689, -178.103
5.36152, 113.213, -695.994
3.81992, 188.759, 308.067
4.41648, -746.055, 495.752
2.73626, -601.384, -781.911
4.22823, 485.172, -665.41
3.61594, 539.407, -394.649
3.81264, -37.8314, -603.3
3.05141, -328.46, -477.886
7.40088, -640.46, -87.2446
5.93794, 680.104, 541.885
5.82158, -530.581, -268.823
5.99501, -611.319, -561.056
2.68746, -651.99, -550.572
3.6706, -619.607, -524.148
3.95397, 722.435, 547.716
3.50543, -25.8241, -111.775
2.7177, 332.24, 178.094
2.56571, -399.244, 690.394
6.07297, -488.466, 681.573
6.88348, -637.188, -564.943
5.35088, -708.483, 366.604
6.92743, 795.347, 745.077
5.20042, -402.597, -201.263
3.31357, 786.011, -695.89
3.30492, 859.13, 447.616
7.19182, 306.885, 255.316
3.45628, 520.075, -657.143
3.15761, 64.6344, -206.007
4.41122, -225.414, -56.3283
6.12674, 239.579, -103.763
2.50651, 584.999, 728.356
4.60222, -48.8318, 638.013
5.18984, 259.412, -71.6659
4.86596, -181.599, 223.769
6.33003, 589.667, 725.701
2.9396, 488.152, -424.713
7.04284, 214.093, 252.399
3.20818, -618.889, -468.65
2.54782, 307.371, 44.09
2.82267, 306.888, 409.373
4.96742, 289.388, 185.828
5.40914, 502.32, 788.459
4.03373, -728.045, 528.801
4.57091, 683.921, -22.741
4.33401, -635.342, -504.426
3.42687, 122.669, 567.842
2.76788, 470.756, 131.215
4.47222, 431.456, -70.7104
3.98388, -295.2, -212.909
5.05388, -376.346, 645.565
3.75392, -675.201, 228.792
5.01589, 810.243, 781.85
2.51168, -85.2638, 618.357
7.01807, 711.87, -459.165
2.79181, -779.477, -756.97
5.17506, -473.47, 662.538
3.95754, -371.271, 667.094
7.3023, -659.873, -171.13
4.73406, 240.458, -14.9778
5.08479, 726.573, 201.381
5.93861, -214.414, -6.57976
2.72187, -139.629, -38.1047
7.2946, -692.986, 519.51
5.70852, 330.338, 144.458
2.80215, 299.351, -577.965
3.33964, 197.97, 276.24
5.76491, 386.52, -114.343
6.19864, -754.344, 272.148
3.57011, 724.623, 218.064
4.31441, 141.887, -606.343
6.56981, -580.758, 785.577
5.32057, 704.835, -395.509
7.45886, -49.4821, -605.45
6.5669, -731.895, 247.974
3.49157, -770.34, 4.94438
2.50003, -58.9175, -631.484
4.62608, 766.003, -647.085
4.07406, 736.112, 245.124
5.56218, 557.119, -761.048
3.83351, -110.011, -443.273
4.39881, -601.381, -40.8773
5.43397, 715.509, 228.061
5.95636, -162.535, -450.698
7.26736, -286.498, -509.764
4.89785, -321.45, -736.44
3.60319, 340.538, -615.271
5.33741, -552.709, -431.695
6.09873, 317.419, 135.751
4.4953, -477.09, 550.217
3.48326, -612.362, 780.384
6.66971, -614.377, -513.549
5.59561, -443.068, -716.067
7.26866, -217.985, 93.4924
3.23222, 39.685, -184.752
5.38953, -178.771, -463.87
7.26796, -443.316, 581.098
3.62331, 700.364, -806.507
7.25137, -466.478, 665.909
3.07874, 762.448, -465.249
2.58372, 82.2315, -302.999
3.90465, -291.115, -154.383
7.15042, 516.187, 122.908
3.04796, 744.681, 733.855
6.77266, 40.4247, 540.068
5.68532, -547.594, -589.86
5.63853, 341.785, -607.14
3.80589, 682.734, 547.965
5.13936, -714.835, 129.301
7.16608, -217.24, 730.215
3.98055, 695.704, 59.3228
4.78006, 208.155, 314.243
6.35659, -657.095, -532.313
4.17193, 286.397, 119.199
6.31775, 127.535, -694.466
6.65892, -100.627, 709.072
2.64618, -740.336, 514.625
4.31315, 613.659, -220.038
4.16221, 296.238, 423.692
3.17675, -442.624, -145.516
3.00839, -219.761, 619.705
5.11327, -523.698, 742.79
3.52046, -11.5435, -420.215
5.00728, -637.313, -559.401
5.1371, -30.918, 732.082
4.13422, -187.246, -149.986
4.75888, 283.932, -313.565
6.85263, -60.947, 679.031
4.72884, 529.308, 680.175
6.03726, -530.393, -576.594
6.83171, 808.183, -647.21
6.5822, 721.624, 214.996
2.67504, 782.459, 780.666
3.8644, -498.122, -236.434
5.21858, -334.042, -470.571
3.19942, -667.221, -579.289
5.57408, -668.713, -720.796
3.29182, -624.732, -626.973
4.41129, 172.488, 196.027
5.94997, -122.734, 153.642
3.21128, -337.734, 387.922
5.65284, -751.981, 658.664
3.15973, 131.328, 711.38
7.13583, -713.018, 219.293
5.53465, -733.461, 672.339
5.50388, -716.973, 208.316
3.33635, 467.773, -406.164
3.301, -626.012, -455.256
5.91628, 556.862, 13.5946
5.1456, -585.242, -43.0345
3.65264, -27.5813, 628.454
6.55373, -427.395, -88.029
5.76477, -325.136, -447.921
4.08597, -668.576, -514.909
2.53953, -227.666, -632.23
3.49176, 647.75, 535.644
3.78831, 92.1606, 339.36
3.03825, 641.399, -90.015
3.49545, 150.721, -309.542
6.75079, 807.749, -609.605
6.63912, -717.84, 264.498
6.76813, -670.91, -569.999
5.71027, 188.784, 597.549
3.6787, 709.025, -801.061
6.80638, -552.459, -594.782
5.4745, 115.63, -176.177
2.52745, 451.547, -49.3167
6.84925, -645.931, -503.992
7.37729, 486.337, 136.003
5.59653, 246.62, -20.2412
3.85574, -726.748, 143.971
7.46973, -56.7119, -374.969
4.60751, -653.627, -529.879
4.20537, -637.331, -571.566
4.80717, 291.292, 15.9385
4.44822, 185.85, -325.942
4.613, 96.0699, 540.611
2.84879, 197.375, 320.53
5.5153, 95.4526, -183.422
7.36114, -77.1971, 124.348
5.07406, -573.382, -512.935
7.45461, 664.952, -69.8678
5.84906, 504.732, -123.249
4.01716, -582.752, -26.2331
3.47371, 655.382, 516.529
4.0109, -652.141, -658.489
4.93946, -383.638, 469.321
4.72438, 489.491, 781.309
5.7844, 371.722, -638.099
3.74227, -653.56, -520.846
4.72007, 41.4096, 471.671
5.75894, -595.29, -63.4688
6.67472, -673.371, 170.95
6.03698, 139.199, 747.819
4.93928, -657.373, -525.155
6.72039, 345.836, -116.239
7.00296, -440.432, -207.452
6.33082, -657.494, -596.806
5.29453, 568.448, 818.296
2.70603, 53.3407, 72.9599
5.46749, 501.269, 141.545
2.68674, -470.337, 649.315
4.53488, 155.895, 354.306
2.84243, -790.644, -822.13
7.38558, -645.535, -735.185
2.5956, -536.874, -250.353
6.60363, -197.362, -216.614
5.2195, -388.401, 681.14
5.72828, 670.556, -290.429
3.62934, -213.82, -130.945
2.733, 727.217, -645.267
3.63154, 261.724, -511.451
4.58371, -652.856, 109.726
6.40126, 216.376, -561.826
3.72852, -729.395, 262.75
4.81411, 473.964, 130.745
6.14756, 682.978, 157.574
5.35237, -379.936, 663.093
5.45997, 804.439, 778.339
4.98425, -689.427, 163.823
3.951, 327.463, 109.364
4.71107, 47.7591, -211.87
2.53669, 750.252, -607.338
7.41683, 463.244, -265.222
2.52822, -753.292, -194.291
4.8676, -29.8457, 626.204
5.86497, -204.742, -242.897
