6.27803, -670.655, -753.332
3.5948, -76.8341, -140.062
5.89648, 409.903, -658.701
5.09708, -260.915, 901.837
2.76731, -945.171, 652.825
2.53849, 372.024, -30.5037
4.58743, -812.976, -264.327
7.15218, 244.588, 365.16
2.95982, -7.36715, 693.072
6.00595, -160.343, 324.645
3.81226, 561.304, 794.678
4.14117, 429.383, -748.552
7.45519, 418.448, 221.177
7.41275, -512.362, -283.044
5.75759, 369.438, 320.745
6.92354, 206.84, -700.772
6.33247, -194.542, -454.332
3.87453, -537.487, -135.517
4.93259, -693.622, -310.417
2.80282, 769.642, 728.356
5.08146, -18.0902, 801.027
4.96988, 789.534, -464.948
7.23882, -657.517, -537.337
4.42071, 63.4251, -695.816
5.14874, 744.805, -500.358
2.75042, 853.844, -48.0023
6.63909, 465.482, 465.832
5.94228, -672.994, -697.614
6.18112, 239.507, 701.333
6.94286, 829.379, 438.43
4.25508, -315.537, -523.066
6.72991, 185.737, -19.0619
3.84659, 637.838, -120.425
4.83959, 75.5907, -170.989
3.2686, -628.821, -431.208
2.66527, 674.924, 199.736
7.2768, -28.3229, 98.87
6.95369, 193.172, 384.061
3.29884, 630.193, 108.02
3.15214, 368.177, -495.859
2.515, -514.798, -746.456
6.0491, -874.433, -149
3.40448, -524.821, 694.705
5.76029, 720.272, -352.806
4.42907, 413.611, -724.814
3.23766, 16.0836, -157.783
5.45054, 593.448, 13.8781
3.24076, 161.623, 810.004
3.2091, -202.387, 798.715
4.94257, -387.178, 109.705
3.13015, 925.836, -63.9613
5.64635, -266.809, -488.734
5.60817, 233.469, -564.631
4.88216, -546.362, 529.041
2.64188, -333.655, -149.77
3.21011, -0.607174, 709.573
3.15594, -184.829, 773.371
3.31099, -832.082, 742.987
3.76529, -299.218, -658.135
4.77654, 567.934, -759.984
6.54472, -18.9296, -264.426
3.57624, 185.235, 695.716
3.75063, 729.596, 429.024
5.02978, -2.15757, 699.885
6.27922, 641.484, 101.456
5.66369, 821.052, -13.8779
5.9449, 603.139, -79.9023
7.27207, 829.595, 538.672
5.18713, -416.185, 737.459
4.57014, -645.292, 18.2236
4.70019, 629.928, 170.605
6.07821, 639.175, 411.967
6.20858, 347.699, 536.119
5.12494, 717.851, -874.295
6.06711, -712.72, -102.628
5.91025, 382.074, 9.73739
6.82941, 786.787, -489.646
3.19597, -138.068, 687.236
3.57766, 763.757, -126.563
5.0733, -394.002, -231.314
4.83766, 29.2076, 725.43
3.55759, -223.325, 609.673
5.65244, -686.61, 996.308
2.5044, -783.017, 234.437
4.09589, 322.602, 449.577
5.90281, 323.852, -110.619
6.0446, 563.175, -477.758
2.90869, -772.326, 518.793
3.56926, 238.621, 372.877
4.44412, -760.928, -507.229
4.44927, 914.07, 908.142
3.92018, 337.12, -446.908
4.6123, 462.021, 458.959
2.55658, -599.237, -432.543
3.72027, 950.881, -610.609
4.49072, -657.367, 585.074
6.64177, -756.705, 196.858
3.78584, 862.073, -771.754
3.59705, -762.108, -498.006
6.47385, 307.162, 301.502
5.8476, 383.491, 294.936
5.49108, -885.236, 286.826
5.99917, -229.152, -510.943
5.13062, 587.221, -756.475
4.14833, 166.619, 72.1994
3.30844, -751.153, 278.941
6.56633, 588.109, 10.7829
4.08004, 399.067, 109.68
4.05369, -68.4732, -587.573
4.65424, 73.9969, 99.9869
4.46509, -109.226, -539.164
4.43916, 24.2946, -153.803
4.34871, -679.998, -559.779
5.88118, 236.799, -501.484
6.10384, 288.638, -1.38541
7.20082, -23.2998, 763.202
5.08573, -46.6607, -426.948
5.5282, -134.245, 307.201
5.85049, -691.21, 974.375
5.11404, 109.328, -148.785
3.87105, -955.66, 645.029
7.08924, 150.158, 342.477
3.73367, 777.615, -452.171
4.77876, 328.897, 446.8
3.30374, -944.313, 629.504
4.68319, 282.087, 254.925
7.45767, 390.427, 115.467
6.26931, -364.634, 373.018
4.97846, -761.841, -525.791
7.01651, -657.049, -785.77
4.68213, 546.956, 516.338
5.09239, 125.705, -752.325
4.44866, 128.903, -685.592
5.63431, -93.9709, -500.697
5.19331, 349.274, 283.404
4.35955, 645.123, -427.494
2.54674, -343.427, 360.163
6.3794, -51.296, -621.899
2.85317, -794.745, -614.612
3.98511, 407.072, -784.406
4.78581, -41.5338, -902.055
3.25156, -89.562, 52.2759
5.97819, 678.17, -427.14
4.15587, 362.397, 122.708
5.21197, 886.186, -669.7
2.64678, 577.894, -944.795
5.38086, -6.6455, -223.982
5.18133, 371.358, 446.929
7.36678, -808.609, -715.243
5.57063, -278.785, -503.377
5.26431, -712.701, 221.257
6.69051, -257.932, 913.294
3.75764, -533.933, 889.762
6.98957, 607.286, -118.108
5.97428, 385.674, -412.999
5.82752, -465.442, -56.3704
3.06838, -714.804, -762.295
3.37987, -804.734, 126.429
2.91253, -160.273, 171.748
6.68103, -83.977, 295.304
2.64818, 809.278, -698.654
6.34719, 65.8099, -695.04
4.29829, -400.163, 731.102
6.24626, 91.2477, 427.855
6.28385, 293.613, 321.412
3.60834, -456.533, -742.868
5.58305, 334.896, 172.25
3.66846, -515.893, -229.147
6.22052, -709.652, 221.628
5.80997, -846.193, -531.749
4.9209, 919.22, -768.452
2.58972, 801.174, 146.608
4.98291, 331.042, 153.034
5.09587, 8.64927, -694.098
4.71395, -773.979, 383.74
4.14528, 54.0003, 807.349
3.52671, 407.061, -47.4924
7.19863, -79.5814, -559.983
2.85168, -469.101, 907.828
3.30042, -46.1352, -620.374
6.70788, -663.455, 37.1627
4.13614, -153.813, -270.253
6.85942, 238.636, 390.995
5.99896, 561.159, 487.905
5.52801, 852.198, -174.49
4.77536, 134.29, -169.564
2.91543, -496.758, -198.205
3.94883, -29.0932, -149.47
6.51009, -657.008, -741.262
6.81821, 377.6, -30.7614
3.81831, 324.848, -436.162
4.79881, -793.135, -326.894
4.95672, 596.181, -513.699
5.82344, -413.067, -744.586
7.31738, -606.324, -144.655
7.23022, 536.145, -704.354
2.81902, 246.815, -618.436
5.04829, -530.927, -244.714
6.13222, 678.595, 619.805
5.65882, 440.217, -229.857
3.26658, -736.237, -851.618
5.09652, -776.549, 377.339
3.52281, -374.768, 715.008
6.03231, 332.394, -749.19
6.05786, -490.061, -117.276
3.66304, -441.485, -298.039
6.80594, -28.1392, -155.538
2.67122, -17.2691, 721.943
6.26587, -888.461, 202.238
4.14789, 655.614, -27.5185
4.65309, -49.4055, -425.048
7.33455, 775.285, -285.787
4.05803, 690.273, 728.133
5.69762, 823.83, -686.462
5.95386, 735.003, 64.4235
5.36403, 35.9112, 562.202
6.60667, 868.931, -721.761
4.21807, -858.54, -606.409
5.09387, -818.544, -774.173
6.78438, 151.317, -750.212
6.18587, 360.152, -25.1274
3.45992, -824.51, 178.402
2.83145, -326.315, 274.865
3.60828, 907, -657.017
3.33656, 74.2431, -171.79
6.31172, 411.579, -653.611
5.44905, -825.324, 356.202
4.65223, 860.375, 860.284
7.09618, 569.874, -9.73643
5.09668, 343.998, 156.698
7.38058, -572.613, -101.965
5.15714, -389.91, 39.9984
2.98716, 300.921, 318.67
5.83983, 157.645, 65.8632
5.44444, 207.399, 1.64745
5.01137, -583.553, -98.8566
2.75808, -771.214, 276.967
2.6753, -263.73, 61.6147
4.41484, -769.447, -566.768
5.55555, 171.44, 90.1725
5.06574, 546.293, 873.914
5.98498, 373.573, 4.8272
4.89891, -75.7075, -243.068
3.88323, 8.96803, 432.653
6.01685, -396.965, 131.131
3.67701, 859.166, -53.0448
6.41501, 172.504, -188.93
6.60589, 181.1, 689.22
3.21842, -463.669, -4.23435
5.75757, -477.018, 813.289
3.87677, 838.343, -797.665
7.26215, -420.587, 749.556
4.58238, -589.191, 86.2565
3.03869, -122.057, 255.651
4.70633, -778.325, 556.002
6.28811, -377.067, -232.063
2.77803, -394.37, -171.26
3.51241, -56.9818, 74.3392
6.82305, 942.537, -793.533
6.52456, -191.198, -6.46829
2.78861, -648.863, -477.136
4.40304, -74.0886, -569.894
4.56124, 66.0965, 704.693
2.80071, -268.284, 311.715
7.09746, 666.899, 560.386
3.35398, 541.591, 787.941
6.51634, -836.795, 150.97
3.88599, 745.63, 53.8725
4.44586, 174.698, 689.964
7.19936, 46.1689, 575.935
6.24573, 183.879, -186.443
3.44774, -450.105, 626.915
6.89581, 328.627, 480.775
6.8953, 384.614, -694.243
3.30515, -688.168, -267.774
5.87346, -724.697, -280.291
6.89096, 657.367, 164.6
6.98262, 281.879, 465.962
3.06535, -29.6888, 717.351
5.93789, -127.901, -190.034
3.21651, -821.928, -773.933
3.6901, 270.324, -52.5217
5.64383, 779.098, -275.326
4.312, 730.005, 430.521
4.64437, 584.586, 641.875
4.91936, 4.06602, -699
6.20379, -82.3558, -146.68
3.23098, -384.274, 841.835
7.36238, -833.693, -765.466
7.3158, -484.569, -175.451
3.14741, -420.263, 598.641
5.3784, -283.702, -492.782
4.66439, 175.85, -195.739
5.50066, -259.385, -270.903
5.85098, -673.927, -78.5445
4.5137, 412.936, 894.085
6.46691, 618.624, 571.173
4.89889, -796.869, -171.972
5.72449, 368.847, 279.608
4.28836, -227.702, 606.618
5.96794, -355.317, -182.305
5.83428, -426.641, -602.793
3.22071, -421.988, 718.212
7.10415, -983.373, 204.65
4.22228, 5.49042, -143.097
6.66824, -363.838, -444.097
2.74349, 233.715, -585.333
3.27936, -282.39, 27.4453
2.55765, 293.721, 435.831
3.94327, 45.5567, 557.234
5.07295, -320.51, -180.243
3.65948, 634.981, 408.306
2.75022, -295.814, 11.9279
5.33091, -546.366, -646.012
6.69774, -181.679, 628.147
4.28763, -655.486, -463.447
4.3452, 248.03, 744.663
7.22226, 313.886, -64.0318
4.72425, -889.302, -139.311
6.82086, 339.067, 165.344
5.82654, -723.636, -623.172
5.79297, 175.477, 650.646
7.10736, -847.333, 856.387
5.11536, 898.749, -708.986
5.45229, 432.705, -424.922
5.79944, 676.403, 598.239
4.24765, 331.378, 423.187
4.11714, 382.97, -19.0332
7.08984, 21.8618, 730.805
3.08619, 836.649, -430.986
7.31268, 590.545, 19.8535
5.17978, 39.0997, -325.642
5.81447, 826.587, 650.393
5.48362, 763.644, -415.954
6.93363, -529.224, -608.443
6.67999, -599.194, -575.266
6.69339, 257.973, 141.215
6.85642, -125.829, 288.787
2.5002, -769.614, 340.002
4.77274, 374.627, 217.66
4.25696, -838.979, 151.893
5.80713, -229.319, 628.672
6.22234, -876.932, 190.679
3.3821, -135.701, -481.782
7.4621, 878.852, -683.053
5.95466, -867.272, 154.05
6.97862, 205.761, 20.6011
3.51579, 288.695, -106.442
7.2356, -500.706, -137.423
4.88476, 807.655, -403.901
6.78578, 927.799, -633.855
6.41237, -742.67, -638.998
5.70687, 894.605, -916.176
3.14521, -736.59, 198.196
5.77944, -12.8609, 746.753
3.09199, 74.4738, -32.2447
3.88793, 284.04, 782.467
6.65548, -259.371, -261.641
6.14153, -656.362, -542.497
6.74348, -619.591, 271.015
3.43989, -766.097, -866.752
6.09602, 550.975, -317.813
4.25586, 161.032, 291.227
3.34555, -418.806, -595.053
4.52383, 340.668, -509.219
4.20924, 199.028, 647.657
6.67141, 165.739, -202.086
3.9111, 672.382, 609.19
5.16766, -660.667, -469.49
6.25085, 825.074, -739.458
4.62554, -688.451, -748.182
4.66964, -468.363, 595.483
3.03022, 784.727, -848.306
6.4639, -63.2992, -465.259
3.91232, -606.67, -394.164
7.14264, -427.866, -234.327
5.37926, 150.448, 302.914
3.4895, 846.578, -282.392
5.99081, 576.142, -744.99
3.07265, 537.605, -741.889
4.22945, 298.742, 772.064
4.15646, -443.242, -298.213
6.42735, 861.197, -794.241
6.65775, 424.543, -194.044
4.21712, -669.641, 719.786
4.2603, -286.338, 827.212
6.38197, 112.397, -754.337
6.58658, -0.593872, 687.767
4.26157, -130.788, 289.684
7.09559, -368.848, -210.759
3.2877, 494.805, 233.491
5.56029, -489.142, 559.221
5.54222, -424.168, 719.503
3.16647, -251.955, -593.47
3.51409, -707.225, -561.302
4.79457, -724.867, 507.7
3.48759, -498.734, 927.86
6.77118, -782.657, 343.321
6.54562, -771.566, -663.482
2.80131, -767.79, 750.068
6.50584, -672.134, 568.518
5.49597, -126.793, -487.358
7.43182, -841.104, 269.519
2.65919, -67.329, 619.116
6.8356, 900.974, -757.025
3.69109, 664.378, 347.722
3.6127, 233.76, 408.104
4.73907, -998.3, -535.431
2.61231, 834.442, -133.331
6.79755, -251.071, 3.02219
4.15902, 214.217, 597.889
5.72195, 372.382, 270.175
7.43521, -762.225, -575.818
5.30162, 341.938, -508.478
4.74553, -736.673, -309.643
5.213, 163.738, -714.846
2.90797, 794.343, -44.4763
3.99606, -640.039, -250.577
6.63964, 797.925, 622.578
6.48936, 529.089, 754.468
5.71048, -102.128, 650.164
4.84105, 597.268, 276.761
7.15326, -142.164, -518.662
5.08798, -273.521, 22.905
7.42924, 841.657, -425.52
5.94567, -29.4623, -622.699
6.19966, -190.422, -536.418
3.46323, -463.544, -802.406
6.08881, -504.718, 561.576
6.11146, 697.92, -118.725
6.49298, 397.585, 156.612
4.23216, 237.778, -818.864
5.1481, -4.54472, -197.584
3.19001, 797.158, -275.711
6.73218, -262.976, -272.176
6.32766, 29.9168, -689.38
7.5, 775.872, -442.093
4.24891, 392.856, 843.626
5.50367, -482.58, 511.656
3.50808, -429.324, 18.042
6.2385, 46.3972, 97.066
6.49225, 766.637, 205.222
3.03505, -667.98, 37.2575
5.35813, -435.573, 7.57886
2.84683, 315.674, -337.165
4.16036, 710.947, 701.437
5.80945, 368.36, -683.396
5.27726, 125.05, -163.662
7.12415, 196.12, 9.15632
2.69832, -395.122, 79.8914
2.62083, -325.065, 105.43
4.61923, 257.992, -618.634
4.36987, 373.288, 158.997
2.93303, -277.057, -253.344
3.05403, -166.424, 177.1
5.31992, 316.223, -359.924
7.37269, -56.7335, 665.653
3.05066, -16.1271, -795.005
5.99352, 174.401, 816.232
2.79674, -83.4934, -563.968
4.69755, 754.894, -1.20554
5.24651, 843.431, 640.153
3.45129, 589.725, -677.673
7.36597, 304.372, 315.86
3.19593, -686.458, -89.0223
5.48978, 901.966, -507.312
7.12812, -780.74, 705.643
3.91116, -18.3185, 754.959
6.8307, -166.616, -69.1593
6.29598, -78.2013, -509.505
6.10793, 311.299, 550.83
3.34241, -263.541, 406.953
3.32882, 696.539, 381.496
3.39076, -659.719, -768.863
5.87226, 310.46, -520.36
4.83484, -192.997, 0.920795
6.85219, -681.025, -328.48
5.76023, -529.845, -43.2373
5.80464, 623.151, 867.56
2.58037, -640.846, -616.58
4.30596, -782.15, -658.115
3.72747, 896.154, 95.5371
6.93086, -788.236, -845.652
5.23701, 746.56, 734.47
6.57209, -73.7281, -613.099
5.24453, 242.954, 753.437
4.16156, 505.855, -46.1944
4.40213, -49.7891, -629.902
2.52389, 779.614, 524.416
6.95226, -77.4359, -394.766
6.16955, -392.926, 599.927
6.04239, -162.252, 628.539
5.1278, 20.8968, -198.754
6.41065, -201.228, -647.331
3.42484, -449.755, -394.418
5.72673, 150.769, 306.981
3.42178, -766.049, -197.364
3.31214, -53.701, -142.774
2.65594, -201.765, 792.931
7.42716, 160.234, -699.441
4.04559, -277.917, -580.816
4.11075, -630.819, -295.883
5.51155, 285.639, -238.178
2.89107, -320.767, -782.532
3.93936, -36.8842, 151.869
5.79307, -213.962, -480.472
7.36348, -872.225, -486.407
7.27758, -334.875, -650.195
7.42745, -685.156, -303.438
7.30478, -855.579, -579.325
3.0073, -433.916, 569.113
3.71505, -124.949, -490.905
6.91151, 98.4573, -434.812
5.28805, 340.936, 703.297
6.7669, 803.992, 515.667
7.49145, -532.101, 519.397
3.99751, -249.925, -477.438
6.33157, 983.667, 491.043
4.81901, 283.331, -142.781
6.8168, -636.239, -795.062
6.99018, 861.949, 6.71404
7.377, 258.282, -417.667
2.77405, 661.337, 88.0908
6.32605, 950.586, -620.754
5.09219, -935.321, 739.755
3.46574, 939.329, -249.122
6.98252, 193.896, -542.858
6.38492, -830.455, 98.9564
2.75968, 416.796, 542.179
7.47331, -856.725, 767.128
5.93659, -0.455238, -460.165
5.94854, 889.294, 496.87
6.57666, -657.545, 823.544
7.05426, -36.2458, -434.346
3.34218, -201.384, 406.365
5.24183, -579.872, 804.987
6.53351, -473.699, -254.445
4.17803, 317.826, -528.335
5.53435, -94.2377, 44.2593
6.59602, -956.466, 334.209
7.3485, 83.6142, -245.381
6.29349, 586.571, 492.568
3.72113, -186.498, -93.5431
5.80589, -572.361, 404.559
4.21574, -447.214, -185.902
7.27146, 376.801, -397.074
2.60828, 804.607, 556.363
4.54979, -892.496, 948.479
2.55789, 592.044, -672.88
3.04964, 842.935, 204.01
5.28259, -853.921, 90.0317
4.45466, -37.1364, -233.24
7.20539, 118.217, -182.655
2.55572, 179.272, 398.058
6.22897, -225.233, -434.476
3.84293, 108.619, 131.378
4.27153, -676.765, -765.665
3.45835, -468.53, 616.62
5.14832, 296.308, -171.101
4.39478, -60.1072, -854.291
3.16407, -13.49, -802.286
4.26563, -123.42, -567.508
4.2497, 784.298, 987.61
7.41084, 603.279, -121.693
5.25961, 153.273, -397.556
4.99918, 13.0901, -713.512
3.58531, -834.805, 459.281
4.37311, -229.564, -654.144
6.78251, -670.613, -471.289
6.45578, 786.732, -509.147
3.9204, -498.501, 928.393
5.07645, 437.795, 99.628
6.79238, -296.261, -27.0289
7.07844, -959.185, -175.577
7.48941, 137.264, 919.028
6.53177, 175.304, -198.939
5.22718, -913.181, -183.549
7.3461, 149.399, -739.8
5.31931, -585.582, 362.671
4.03031, -414.256, 661.366
5.41853, 969.842, 955.967
2.91197, 43.1592, -334.261
5.47382, 363.306, 615.493
3.31968, -599.195, -591.694
6.46527, -605.08, -438.421
2.95373, 578.401, 743.651
6.3072, -505.948, -679.985
6.83996, -216.416, 34.1384
6.40105, 193.404, -334.611
6.61399, 908.707, 973.456
6.70974, 372.861, 554.077
4.48328, 536.785, 255.997
6.508, -159.909, 170.501
6.56811, 381.544, -44.4824
5.43493, -410.414, 101.837
4.64621, 797.278, -51.359
2.5002, -71.9317, -480.161
5.31153, -816.318, 316.13
6.22632, 335.247, 358.083
3.89846, 963.977, 304.926
2.93406, -989.635, 565.539
3.5733, 853.539, -881.605
3.93296, -492.676, 562.706
4.86595, -408.284, 476.324
6.95893, 846.122, 819.947
5.91955, 504.813, -498.692
3.54376, -52.1548, -63.7874
6.67533, 795.541, 12.7796
7.09218, 946.2, 917.412
4.48244, -474.22, -702.592
6.37858, 541.236, 542.898
5.68161, -162.653, -91.0428
6.64746, 484.004, 294.19
3.40204, 560.441, -455.731
7.45927, 575.417, -760.009
6.70558, -150.135, -845.49
4.65177, 889.62, 267.084
4.38589, 597.117, 891.924
2.70802, 657.408, -506.416
6.80715, -811.997, -542.796
6.62116, 909.304, -913.014
6.25052, 23.9444, 738.025
3.55801, -165.085, 996.597
4.31029, -782.19, -192.585
4.43545, -592.147, -806.245
7.32918, 798.418, 647.154
6.5872, -166.323, 634.129
4.5755, -82.9513, 449.926
5.83759, 206.719, 185.41
2.52101, 478.194, 974.861
6.98048, -739.656, 250.941
3.68416, -343.341, 355.664
3.79415, 361.486, -97.0802
5.4939, 407.716, -708.042
6.89823, -852.571, 381.931
6.16299, -566.521, -594.071
6.0773, 916.428, 571.245
3.57724, -609.541, 480.954
6.30413, 678.32, -959.083
3.85351, -159.604, -562.75
2.75246, 671.688, 353.696
4.78866, 267.385, 245.628
2.58759, 450.468, -780.956
3.01129, 76.338, -174.297
2.639, -128.462, 280.745
5.65921, -340.2, -515.044
6.34425, 89.2535, -248.449
2.74132, 525.442, -842.117
6.6924, -59.3389, -630.812
6.76899, -263.3, -323.094
6.57649, -442.875, 573.426
6.85188, 795.783, 406.663
5.27222, -636.037, -174.368
6.12646, -298.062, 61.8598
3.20424, -529.345, 943.976
6.6115, 603.119, -524.511
5.51185, 735.776, -197.969
4.93856, 510.261, -922.679
6.14942, -289.494, 957.2
4.05164, 757.757, -669.913
3.93925, -699.258, 355.167
5.45857, -955.661, 813.412
5.34055, 658.661, 889.19
5.41059, -939.228, -577.318
2.84132, -689.883, 283.293
4.34304, 148.618, -384.948
6.28475, -930.068, -579.929
6.35297, -449.299, -869.559
4.27217, -394.258, -251.586
5.98913, 244.564, 934.505
5.08005, -691.133, -306.816
5.94494, 392.834, 130.922
6.18066, -82.3184, 615.334
2.56231, -344.319, -676.404
7.16549, 610.968, -118.733
5.37826, 134.119, 126.979
3.05587, 456.908, 975.572
4.87388, -111.027, 21.6535
3.24247, 170.366, 89.9758
4.22594, 50.9128, 451.243
7.04476, -934.085, 175.591
4.54571, 15.9346, 515.144
5.96642, -674.937, -73.5817
3.35865, 385.513, -930.663
6.21715, 894.06, -498.552
4.16319, -422.583, 640.185
4.62157, 670.067, 311.101
2.79523, -137.138, -117.22
5.09005, 288.564, -233.704
5.94425, 475.657, -582.229
5.01149, -265.955, 26.6367
6.56617, -168.821, -752.553
3.07974, 81.1114, -941.744
5.24841, 264.065, 465.774
5.06046, 413.637, 21.5631
6.02649, 951.296, 441.896
5.65083, -235.602, 892.945
4.0207, -22.5152, -631.288
6.74719, 400.47, 373.676
3.39619, 601.022, -19.4806
2.61737, -531.977, -100.347
4.19467, 743.597, 55.3773
3.43818, 349.223, -82.5655
6.60467, -285.677, 193.471
6.72507, -896.252, -153.801
6.78031, 848.011, -722.616
7.37454, -955.498, 640.255
2.99587, 471.897, -448.832
2.56182, 564.35, 658.092
2.58614, 210.694, 594.759
2.64527, 253.647, 94.381
4.1031, 154.076, -376.032
6.17815, 628.575, 303.244
3.14876, 373.129, 474.111
2.5161, -367.644, 508.456
6.91905, 138.798, -791.804
3.70482, 232.253, -576.411
4.38481, -822.647, 756.423
4.44879, 607.593, 187.338
2.81534, 595.652, 295.745
7.30792, 183.788, 961.87
3.75349, 727.524, -337.436
6.85376, -682.289, -54.5443
2.85991, -920.5, 429.527
2.70653, -628.243, 580.314
3.46378, 365.286, -524.283
3.86708, -311.206, 302.832
7.4007, -954.544, -365.975
3.60607, 324.356, -543.323
6.43119, -876.505, 857.804
4.42306, 302.478, -423.019
3.78593, 481.317, -637.681
3.91087, -951.413, 67.0575
7.33834, 869.692, -32.5548
4.22841, 770.968, 174.139
3.45922, -986.886, 738.562
5.05037, -548.458, -376.09
5.21857, -559.166, 635.891
5.72333, -633.888, -616.209
3.89738, -10.141, 787.291
3.41887, -296.462, -721.858
2.71579, -835.306, 386.451
3.98408, -511.947, -278.951
4.25548, -231.707, 141.355
7.09372, -421.441, 733.356
5.81225, 494.225, -358.514
5.08041, 867.854, 587.663
4.03763, 618.171, 590.028
3.0007, -354.185, 155.985
3.47502, 380.638, -881.633
4.11407, 31.7512, -133.275
5.56182, 967.822, 86.4502
5.13511, 962.577, -986.078
3.45653, 254.74, 286.443
4.7178, -656.633, -429.622
4.48693, -711.738, 857.575
6.28051, -608.168, 744.891
6.6213, 737.588, 602.65
5.51573, 141.858, -343.658
3.04573, 611.483, -831.52
4.11797, 488.227, -165.497
5.03403, 7.61712, 319.391
4.76521, -648.426, 797.011
4.77315, -182.191, -463.982
4.91125, 917.83, 908.725
5.07896, 370.085, -651.611
4.50207, 193.243, 813.128
4.22945, 960.892, 486.282
6.64533, 925.845, -239.369
3.02204, -734.502, -800.899
6.40057, 588.477, 570.986
3.19919, -297.895, -239.799
2.62171, -806.265, -513.288
6.0664, 407.712, -757.991
7.15538, 159.149, -822.386
7.47667, 179.272, 175.294
3.86264, -870.75, 152.86
3.6923, -486.491, -248.263
3.87328, 965.76, 620.87
5.70836, -910.674, -731.773
5.17637, 311.303, 157.571
6.8967, 839.217, -297.802
6.75968, -656.831, -844.922
2.98004, 913.14, -33.1479
4.66818, -753.858, 195.353
3.17045, -206.742, -759.1
5.86802, -156.821, 322.353
5.34964, -53.184, -484.322
3.66474, -625.841, 560.921
5.50306, 267.281, -691.243
2.6551, -805.671, -28.845
7.08512, 569.931, -313.406
3.82958, 862.592, -173.694
6.50016, -185.839, -509.085
5.46389, 173.506, -716.133
5.0822, 360.922, 623.676
5.2567, 317.732, 646.534
3.47225, 509.512, -233.087
5.36152, 119.246, -744.444
3.81992, 215.119, 403.535
4.41648, -765.052, 540.205
2.73626, -753.55, -897.647
4.22823, 587.969, -670.411
3.61594, 683.726, -439.774
3.81264, 16.275, -739.927
3.05141, -430.938, -401.526
7.40088, -706.672, 21.3767
5.93794, 812.889, 644.779
5.82158, -547.731, -382.947
5.99501, -602.582, -673.921
2.68746, -835.347, -778.549
3.6706, -628.461, -745.679
3.95397, 715.393, 694.396
3.50543, -42.6346, -262.748
2.7177, 379.309, 330.482
2.56571, -544.587, 527.245
6.07297, -528.801, 765.721
6.88348, -873.852, -631.581
5.35088, -891.404, 280.184
6.92743, 866.589, 873.852
5.20042, -356.157, -280.618
3.31357, 930.643, -648.84
3.30492, 971.576, 439.875
7.19182, 321.226, 287.994
3.45628, 555.445, -854.728
3.15761, -7.06326, -114.354
4.41122, -318.331, -4.42254
6.12674, 257.42, -267.372
2.50651, 546.328, 871.095
4.60222, 11.0627, 732.078
5.18984, 310.468, -213.94
4.86596, -239.189, 247.858
6.33003, 539.579, 878.222
2.9396, 555.196, -472.506
7.04284, 132.257, 324.515
3.20818, -880.982, -394.532
2.54782, 439.28, -52.6892
2.82267, 246.388, 504.458
4.96742, 382.221, 222.668
5.40914, 535.38, 992.114
4.03373, -950.459, 545.192
4.57091, 923.64, -67.3236
4.33401, -573.587, -690.46
3.42687, 187.74, 670.207
2.76788, 634.923, 159.14
4.47222, 542.736, -65.6545
3.98388, -348.331, -131.752
5.05388, -396.619, 821.657
3.75392, -698.549, 230.814
5.01589, 967.928, 884.214
2.51168, -19.4533, 802.161
7.01807, 999.748, -448.563
2.79181, -905.628, -950.014
5.17506, -691.134, 804.505
3.95754, -387.718, 878.418
7.3023, -816.508, -266.964
4.73406, 319.028, -109.34
5.08479, 896.889, 167.365
5.93861, -256.181, 9.15097
2.72187, -160.702, 76.9815
7.2946, -799.135, 607.556
5.70852, 369.973, 160.544
2.80215, 632.421, -782.611
3.33964, 47.4416, 268.462
5.76491, 487.672, -251.174
6.19864, -769.529, 340.033
3.57011, 863.057, 198.661
4.31441, 158.25, -877.718
6.56981, -648.383, 936.118
5.32057, 807.885, -470.708
7.45886, -38.5108, -903.422
6.5669, -763.811, 398.954
3.49157, -995.929, -23.2637
2.50003, -165.583, -858.815
4.62608, 944.971, -789.347
4.07406, 831.895, 192.352
5.56218, 607.26, -935.287
3.83351, -192.102, -544.784
4.39881, -595.361, -60.6059
5.43397, 972.221, 291.605
5.95636, -141.704, -518.005
7.26736, -460.586, -572.764
4.89785, -292.738, -956.641
3.60319, 374.693, -732.885
5.33741, -726.355, -445.811
6.09873, 435.676, 364.992
4.4953, -481.007, 569.136
3.48326, -689.539, 994.336
6.66971, -687.759, -763.294
5.59561, -446.473, -877.5
7.26866, -296.25, 170.627
3.23222, -14.4408, -282.738
5.38953, 41.7767, -460.876
7.26796, -391.569, 725.981
3.62331, 720.143, -975.98
7.25137, -487.483, 814.509
3.07874, 803.664, -519.021
2.58372, 29.3352, -264.886
3.90465, -345.005, -174.589
7.15042, 652.514, 166.043
3.04796, 744.764, 871.824
6.77266, 31.5757, 832.986
5.68532, -727.537, -733.189
5.63853, 410.421, -712.27
3.80589, 733.115, 740.569
5.13936, -951.267, 221.873
7.16608, -265.673, 917.694
3.98055, 924.589, 99.8955
4.78006, 155.169, 459.339
6.35659, -657.074, -625.727
4.17193, 96.9656, 114.126
6.31775, -39.476, -948.176
6.65892, -29.9481, 944.128
2.64618, -725.349, 568.767
4.31315, 716.232, -268.06
4.16221, 294.726, 460.303
3.17675, -520.421, -307.876
3.00839, -307.3, 624.007
5.11327, -610.695, 817.122
3.52046, 30.6662, -535.726
5.00728, -867.884, -633.585
5.1371, 4.88068, 962.337
4.13422, -270.74, -293.227
4.75888, 225.853, -446.704
6.85263, -7.57167, 989.584
4.72884, 647.223, 865.749
6.03726, -459.307, -922.379
6.83171, 917.398, -699.535
6.5822, 873.005, 222.934
2.67504, 898.378, 837.205
3.8644, -655.586, -235.775
5.21858, -423.27, -431.036
3.19942, -996.055, -537.355
5.57408, -781.92, -936.679
3.29182, -697.841, -606.217
4.41129, 98.6357, 221.461
5.94997, -94.224, 189.796
3.21128, -388.215, 459.905
5.65284, -785.371, 796.287
3.15973, 200.824, 936.883
7.13583, -743.912, 257.567
5.53465, -940.309, 785.331
5.50388, -922.342, 369.316
3.33635, 613.864, -534.26
3.301, -863.371, -401.788
5.91628, 625.712, -30.4258
5.1456, -717.315, -14.56
3.65264, -130.574, 814.769
6.55373, -502.492, -58.5767
5.76477, -420.996, -561.695
4.08597, -548.605, -582.648
2.53953, -263.163, -817.293
3.49176, 723.594, 750.202
3.78831, -9.3101, 382.459
3.03825, 894.34, 38.8464
3.49545, 133.717, -437.427
6.75079, 803.754, -772.606
6.63912, -986.216, 221.035
6.76813, -960.748, -550.543
5.71027, 284.78, 780.643
3.6787, 731.804, -992.278
6.80638, -502.605, -811.595
5.4745, 37.2574, -101.385
2.52745, 508.181, -28.5304
6.84925, -667.298, -478.983
7.37729, 651.57, 107.136
5.59653, 380.331, 12.9939
3.85574, -947.367, 379.191
7.46973, -158.209, -636.885
4.60751, -724.706, -531.368
4.20537, -795.52, -615.981
4.80717, 360.561, -138.492
4.44822, 265.114, -378.518
4.613, -51.4154, 515.734
2.84879, 132.393, 286.556
5.5153, -68.8759, -134.345
7.36114, -49.685, 231.804
5.07406, -696.732, -537.198
7.45461, 957.634, -137.862
5.84906, 634.022, -148.951
4.01716, -606.08, 71.1244
3.47371, 876.74, 564.58
4.0109, -709.014, -939.411
4.93946, -334.505, 461.811
4.72438, 529.535, 976.294
5.7844, 319.172, -943.753
3.74227, -780.554, -665.532
4.72007, 55.0893, 556.438
5.75894, -691.718, 55.6484
6.67472, -713.235, 187.975
6.03698, 204.461, 825.141
4.93928, -872.851, -600.874
6.72039, 400.35, -240.113
7.00296, -495.938, -181.86
6.33082, -650.293, -527.913
5.29453, 628.198, 847.78
2.70603, -27.4203, 97.692
5.46749, 564.894, 65.1259
2.68674, -683.459, 831.039
4.53488, 21.4099, 437.081
2.84243, -977.976, -882.904
7.38558, -779.974, -882.655
2.5956, -518.412, -232.673
6.60363, -162.631, -276.796
5.2195, -370.795, 880.918
5.72828, 793.138, -332.433
3.62934, -260.757, 60.9085
2.733, 826.984, -693.591
3.63154, 215.71, -556.778
4.58371, -633.555, 135.501
6.40126, 266.47, -632.815
3.72852, -922.622, 392.517
4.81411, 662.812, 78.7048
6.14756, 929.521, 291.719
5.35237, -330.211, 817.02
5.45997, 927.482, 930.14
4.98425, -946.39, 281.493
3.951, 498.098, 107.605
4.71107, -4.97572, -225.496
2.53669, 855.774, -395.618
7.41683, 506.626, -363.506
2.52822, -811.862, -142.729
4.8676, -94.4906, 736.235
5.86497, -309.97, -121.754
