6.27803, -365.331, -493.16
3.5948, 32.0425, -59.2289
5.89648, 163.922, -421.933
5.09708, -91.8974, 445.653
2.76731, -457.088, 331.274
2.53849, 162.577, 32.4253
4.58743, -439.541, -106.347
7.15218, 84.9445, 194.121
2.95982, 14.7385, 354.986
6.00595, -76.822, 151.549
3.81226, 254.382, 400.427
4.14117, 211.992, -436.775
7.45519, 260.333, 133.809
7.41275, -266.38, -131.655
5.75759, 262.383, 250.147
6.92354, 158.763, -414.75
6.33247, -62.9494, -215.718
3.87453, -258.285, -27.8131
4.93259, -314.552, -138.867
2.80282, 402.252, 390.461
5.08146, -5.18672, 381.689
4.96988, 469.978, -179.457
7.23882, -398.812, -225.639
4.42071, 5.00291, -418.422
5.14874, 392.27, -189.923
2.75042, 440.721, -35.9758
6.63909, 253.519, 220.412
5.94228, -478.05, -368.63
6.18112, 124.52, 366.1
6.94286, 488.424, 221.087
4.25508, -177.348, -296.596
6.72991, 83.0732, 12.1874
3.84659, 341.027, -87.4955
4.83959, 25.1595, -68.1576
3.2686, -319.565, -199.438
2.66527, 324.514, 96.5799
7.2768, 6.97461, 28.7357
6.95369, 60.3929, 240.077
3.29884, 317.402, 87.1805
3.15214, 208.231, -297.182
2.515, -219.719, -399.718
6.0491, -448.215, -100.293
3.40448, -252.815, 431.283
5.76029, 402.627, -202.882
4.42907, 157.333, -390.339
3.23766, 5.22563, -101.585
5.45054, 326.63, 111.44
3.24076, 50.2424, 435.541
3.2091, -76.198, 425.927
4.94257, -242.885, 57.6888
3.13015, 444.453, -36.0422
5.64635, -188.207, -266.401
5.60817, 167.705, -363.973
4.88216, -245.687, 301.96
2.64188, -282.142, -134.31
3.21011, -72.068, 413.086
3.15594, -98.0264, 425.622
3.31099, -403.808, 380.25
3.76529, -134.307, -419.089
4.77654, 268.734, -362.411
6.54472, -42.1557, -148.615
3.57624, 142.316, 411.881
3.75063, 397.843, 175.268
5.02978, -12.5817, 374.842
