6.27803, -0.00258027, 0.094967
3.5948, -0.00238816, 0.0928477
5.89648, -0.00210914, 0.094441
5.09708, -0.00327192, 0.0932883
2.76731, -0.00264871, 0.0922312
2.53849, -0.0027807, 0.0923799
4.58743, -0.0022708, 0.0935051
7.15218, -0.00328567, 0.0949094
2.95982, -0.00302041, 0.0926258
6.00595, -0.00218599, 0.0943145
3.81226, -0.00216091, 0.0930234
4.14117, -0.00316042, 0.0939701
7.45519, -0.00294292, 0.0954441
7.41275, -0.00203189, 0.0953445
5.75759, -0.00290027, 0.0942479
6.92354, -0.0035736, 0.0935956
6.33247, -0.00221132, 0.094999
3.87453, -0.00258648, 0.0925057
4.93259, -0.00239485, 0.0935188
2.80282, -0.00148624, 0.0924584
5.08146, -0.00218822, 0.0939822
4.96988, -0.00185424, 0.0935393
7.23882, -0.00280552, 0.0950957
4.42071, -0.00224513, 0.0927897
5.14874, -0.00309673, 0.0940243
2.75042, -0.00295108, 0.0922953
6.63909, -0.0028747, 0.0937979
5.94228, -0.00240124, 0.094938
6.18112, -0.00262813, 0.0947397
6.94286, -0.00285706, 0.0940017
4.25508, -0.0020743, 0.0934296
6.72991, 0, 0
3.84659, 341.511, -87.9192
4.83959, 37.3036, -84.6051
3.2686, -321.672, -212.787
2.66527, 302.406, 71.6553
7.2768, -1.51967, 34.4497
6.95369, 54.584, 248.292
3.29884, 342.039, 124.849
3.15214, 214.71, -287.249
2.515, -225.412, -409.009
6.0491, -473.123, -85.707
3.40448, -260.089, 437.897
5.76029, 386.991, -182.461
4.42907, 181.346, -349.665
3.23766, -0.258851, -112.274
5.45054, 345.575, 87.1871
3.24076, 56.146, 455.408
3.2091, -91.2333, 483.304
4.94257, -247.873, 64.8985
3.13015, 461.094, -35.9694
5.64635, -180.751, -300.242
5.60817, 151.254, -373.288
4.88216, -252.158, 303.073
2.64188, -296.749, -110.686
3.21011, -73.5025, 401.674
3.15594, -89.6877, 447.486
3.31099, -407.826, 385.648
3.76529, -134.661, -428.936
4.77654, 283.153, -364.891
6.54472, -47.6997, -150.476
3.57624, 151.646, 431.674
3.75063, 408.922, 179.592
5.02978, -28.7374, 360.86
