6.27803, -363.446, -489.082
3.5948, 35.3955, -65.5876
5.89648, 156.452, -391.098
5.09708, -87.2624, 493.481
2.76731, -452.134, 331.54
2.53849, 157.502, 33.7721
4.58743, -436.246, -106.93
7.15218, 83.1101, 196.791
2.95982, 5.19386, 362.578
6.00595, -72.6858, 149.78
3.81226, 249.55, 394.679
4.14117, 195.002, -425.829
7.45519, 261.635, 135.39
7.41275, -272.947, -129.893
5.75759, 260.644, 250.014
6.92354, 172.609, -416.769
6.33247, -62.0342, -208.803
3.87453, -254.771, -28.9577
4.93259, -302.548, -134.905
2.80282, 398.418, 386.05
5.08146, -8.87508, 369.132
4.96988, 459.723, -178.093
7.23882, -392.346, -221.833
4.42071, 6.68947, -413.912
5.14874, 376.755, -170.718
2.75042, 449.954, -36.5791
6.63909, 249.925, 210.238
5.94228, -472.637, -367.044
6.18112, 120.715, 363.661
6.94286, 481.457, 218.227
4.25508, -181.377, -326.746
6.72991, 77.984, 11.5273
3.84659, 341.511, -87.9192
4.83959, 37.3036, -84.6051
3.2686, -321.672, -212.787
2.66527, 302.406, 71.6553
7.2768, -1.51967, 34.4497
6.95369, 54.584, 248.292
3.29884, 342.039, 124.849
3.15214, 214.71, -287.249
2.515, -225.412, -409.009
6.0491, -473.123, -85.707
3.40448, -260.089, 437.897
5.76029, 386.991, -182.461
4.42907, 181.346, -349.665
3.23766, -0.258851, -112.274
5.45054, 345.575, 87.1871
3.24076, 56.146, 455.408
3.2091, -91.2333, 483.304
4.94257, -247.873, 64.8985
3.13015, 461.094, -35.9694
5.64635, -180.751, -300.242
5.60817, 151.254, -373.288
4.88216, -252.158, 303.073
2.64188, -296.749, -110.686
3.21011, -73.5025, 401.674
3.15594, -89.6877, 447.486
3.31099, -407.826, 385.648
3.76529, -134.661, -428.936
4.77654, 283.153, -364.891
6.54472, -47.6997, -150.476
3.57624, 151.646, 431.674
3.75063, 408.922, 179.592
5.02978, -28.7374, 360.86
