6.27803, 0.000350478, 0.133496
3.5948, -0.000349638, 0.130735
5.89648, -0.000308951, 0.132961
5.09708, 0.00135407, 0.132135
2.76731, -0.00104257, 0.129953
2.53849, 0.00017496, 0.12977
4.58743, -4.53356e-05, 0.130722
7.15218, -8.19769e-05, 0.133097
2.95982, -0.000444631, 0.130107
6.00595, 0.000185277, 0.132357
3.81226, -0.000394384, 0.130729
4.14117, -0.000367098, 0.131112
7.45519, -0.000635346, 0.133857
7.41275, -0.000815512, 0.133676
5.75759, -0.000222589, 0.132078
6.92354, 0.000489615, 0.133195
6.33247, 0.000340598, 0.133593
3.87453, -0.000213237, 0.131149
4.93259, -0.000839499, 0.131316
2.80282, -0.000293731, 0.129972
5.08146, -0.00131556, 0.130712
4.96988, 0.000530943, 0.131338
7.23882, -0.000238381, 0.1333
4.42071, -9.18551e-05, 0.13036
5.14874, -0.000602073, 0.13229
2.75042, 0.000793788, 0.129919
6.63909, -0.000317187, 0.132214
5.94228, 0.000508748, 0.131714
6.18112, 0.000345163, 0.132866
6.94286, -0.00165152, 0.132119
4.25508, 1.23451e-05, 0.131418
6.72991, 0, 0
3.84659, 341.511, -87.9192
4.83959, 37.3036, -84.6051
3.2686, -321.672, -212.787
2.66527, 302.406, 71.6553
7.2768, -1.51967, 34.4497
6.95369, 54.584, 248.292
3.29884, 342.039, 124.849
3.15214, 214.71, -287.249
2.515, -225.412, -409.009
6.0491, -473.123, -85.707
3.40448, -260.089, 437.897
5.76029, 386.991, -182.461
4.42907, 181.346, -349.665
3.23766, -0.258851, -112.274
5.45054, 345.575, 87.1871
3.24076, 56.146, 455.408
3.2091, -91.2333, 483.304
4.94257, -247.873, 64.8985
3.13015, 461.094, -35.9694
5.64635, -180.751, -300.242
5.60817, 151.254, -373.288
4.88216, -252.158, 303.073
2.64188, -296.749, -110.686
3.21011, -73.5025, 401.674
3.15594, -89.6877, 447.486
3.31099, -407.826, 385.648
3.76529, -134.661, -428.936
4.77654, 283.153, -364.891
6.54472, -47.6997, -150.476
3.57624, 151.646, 431.674
3.75063, 408.922, 179.592
5.02978, -28.7374, 360.86
