6.27803, -736.679, -998.298
3.5948, 65.1114, -90.1848
5.89648, 358.347, -905.137
5.09708, -233.521, 870.838
2.76731, -931.376, 660.667
2.53849, 336.581, 54.8073
4.58743, -864.09, -232.893
7.15218, 178.093, 374.05
2.95982, 53.1916, 692.228
6.00595, -166.366, 310.449
3.81226, 525.276, 819.826
4.14117, 472.026, -904.095
7.45519, 511.995, 264.251
7.41275, -508.546, -273.656
5.75759, 506.012, 444.812
6.92354, 263.045, -853.588
6.33247, -126.04, -454.19
3.87453, -522.283, -45.7953
4.93259, -670.171, -291.485
2.80282, 819.044, 793.871
5.08146, 8.71017, 807.971
4.96988, 971.929, -362.202
7.23882, -817.516, -467.981
4.42071, -2.69501, -847.651
5.14874, 826.689, -446.565
2.75042, 880.923, -69.5836
6.63909, 540.541, 525.981
5.94228, -966.343, -748.434
6.18112, 259.038, 736.104
6.94286, 996.153, 450.627
4.25508, -385.945, -533.931
6.72991, 182.285, 26.4121
3.84659, 672.57, -168.199
4.83959, 74.3304, -171.211
3.2686, -644.374, -423.666
2.66527, 606.558, 142.969
7.2768, -3.83038, 69.9103
6.95369, 109.42, 495.871
3.29884, 682.851, 249.084
3.15214, 429.233, -573.978
2.515, -451.178, -817.499
6.0491, -952.903, -174.607
3.40448, -518.474, 874.265
5.76029, 773.531, -364.056
4.42907, 363.384, -699.056
3.23766, -1.34416, -225.469
5.45054, 688.795, 173.809
3.24076, 114.271, 910.352
3.2091, -182.195, 965.535
4.94257, -494.989, 129.144
3.13015, 918.106, -71.9659
5.64635, -360.638, -599.556
5.60817, 302.022, -745.53
4.88216, -503.121, 605.149
2.64188, -590.445, -226.212
3.21011, -145.232, 802.557
3.15594, -179.782, 893.725
3.31099, -816.728, 768.073
3.76529, -269.017, -856.473
4.77654, 568.119, -731.018
6.54472, -95.1274, -300.647
3.57624, 303.046, 862.016
3.75063, 817.554, 359.78
5.02978, -57.6773, 721.385
6.27922, 635.031, 197.337
5.66369, 902.871, -73.7585
5.9449, 646.489, -123.056
7.27207, 973.066, 405.594
5.18713, -421.829, 704.529
4.57014, -787.936, 35.9275
4.70019, 752.567, 154
6.07821, 737.881, 459.241
6.20858, 411.898, 600.453
5.12494, 771.661, -961.162
6.06711, -868.511, -73.6111
5.91025, 335.038, -21.977
6.82941, 832.843, -600.333
3.19597, 87.1501, 778.698
3.57766, 976.61, -99.7619
5.0733, -367.481, -108.912
4.83766, -120.197, 760.192
3.55759, -269.024, 612.837
5.65244, -692.411, 994.988
2.5044, -993.147, 228.035
4.09589, 454.13, 546.033
5.90281, 364.427, -162.182
6.0446, 672.203, -588.83
2.90869, -810.243, 656.689
3.56926, 260.32, 529.195
4.44412, -836.903, -572.439
4.44927, 896.494, 903.807
3.92018, 383.858, -461.401
4.6123, 566.88, 553.049
2.55658, -603.399, -439.173
3.72027, 959.705, -617.586
4.49072, -725.701, 641.095
6.64177, -646.637, 201.819
3.78584, 974.895, -685.217
3.59705, -798.638, -532.614
6.47385, 391.432, 269.23
5.8476, 504.962, 392.241
5.49108, -888.783, 273.863
5.99917, -362.769, -545
5.13062, 525.593, -764.056
4.14833, 178.559, 105.746
3.30844, -714.135, 405.077
6.56633, 719.786, -29.0329
4.08004, 477.978, 114.276
4.05369, 56.3664, -729.96
4.65424, 35.9369, 174.376
4.46509, -251.102, -478.323
4.43916, -48.5453, -108.553
4.34871, -841.878, -441.932
5.88118, 343.413, -492.521
6.10384, 455.973, 27.9515
7.20082, -75.2896, 891.142
5.08573, -79.2346, -357.102
5.5282, -195.647, 322.797
5.85049, -697.699, 974.376
5.11404, 82.6868, -311.273
3.87105, -966.818, 655.678
7.08924, 92.9533, 285.702
3.73367, 938.56, -465.651
4.77876, 387.036, 686.677
3.30374, -954.982, 639.883
4.68319, 414.938, 412.554
7.45767, 501.854, 165.975
6.26931, -440.429, 391.225
4.97846, -989.786, -656.999
7.01651, -668.924, -839.701
4.68213, 493.101, 564.74
5.09239, 169.208, -985.846
4.44866, 88.0972, -864.862
5.63431, -227.023, -568.243
5.19331, 417.581, 318.107
4.35955, 632.017, -439.101
2.54674, -371.492, 366.456
6.3794, 41.6548, -791.245
2.85317, -888.72, -559.305
3.98511, 446.785, -679.503
4.78581, -38.2727, -901.497
3.25156, -100.676, 39.995
5.97819, 667.644, -428.953
4.15587, 370.96, 160.607
5.21197, 972.801, -883.811
2.64678, 714.169, -993.72
5.38086, -20.8695, -242.496
5.18133, 360.911, 476.785
7.36678, -755.747, -927.563
5.57063, -297.51, -622.251
5.26431, -747.297, 214.365
6.69051, -282.842, 907.222
3.75764, -483.356, 945.101
6.98957, 632.529, -147.161
5.97428, 518.883, -508.681
5.82752, -472.858, -96.0403
3.06838, -580.517, -767.77
3.37987, -985.872, 94.2281
2.91253, -136.171, 197.623
6.68103, -248.615, 373.804
2.64818, 943.94, -756.28
6.34719, -7.52116, -844.013
4.29829, -500.66, 867.32
6.24626, 0.822031, 537.141
6.28385, 363.049, 343.044
3.60834, -538.509, -925.908
5.58305, 305.185, 125.929
3.66846, -550.119, -255.762
6.22052, -668.531, 305.254
5.80997, -906.351, -681.78
4.9209, 900.227, -748.88
2.58972, 828.049, 241.002
4.98291, 444.546, 190.166
5.09587, -115.016, -890.802
4.71395, -873.667, 535.659
4.14528, -63.5971, 952.639
3.52671, 486.036, -107.843
7.19863, -253.59, -655.66
2.85168, -499.419, 927.668
3.30042, 52.3503, -750.665
6.70788, -790.969, 30.2411
4.13614, -154.859, -266.142
6.85942, 155.031, 427.193
5.99896, 672.591, 516.308
5.52801, 870.019, -221.368
4.77536, 79.1649, -273.298
2.91543, -520.515, -186.815
3.94883, -55.149, -154.336
6.51009, -568.381, -788.994
6.81821, 338.507, 57.0905
3.81831, 422.541, -512.018
4.79881, -837.307, -234.869
4.95672, 596.225, -530.129
5.82344, -467.599, -992.102
7.31738, -626.5, -150.957
7.23022, 589.001, -732.784
2.81902, 222.851, -656.679
5.04829, -407.664, -309.469
6.13222, 668.546, 653.451
5.65882, 603.008, -340.456
3.26658, -916.516, -909.075
5.09652, -870.479, 539.928
3.52281, -558.151, 857.136
6.03231, 399.592, -821.601
6.05786, -475.791, -12.2074
3.66304, -591.369, -240.271
6.80594, -66.1564, -133.372
2.67122, -110.441, 953.065
6.26587, -936.261, 48.9402
4.14789, 644.597, 180.233
4.65309, 72.4623, -535.093
7.33455, 972.459, -193.126
4.05803, 734.357, 699.178
5.69762, 992.715, -702.439
5.95386, 865.035, -63.142
5.36403, 81.8452, 630.09
6.60667, 890.923, -682.283
4.21807, -912.4, -686.137
5.09387, -807.822, -778.391
6.78438, 122.792, -953.79
6.18587, 348.059, 35.9029
3.45992, -951.071, 394.118
2.83145, -308.212, 341.454
3.60828, 849.008, -722.534
3.33656, 171.466, -238.124
6.31172, 382.13, -943.304
5.44905, -844.673, 426.315
4.65223, 859.427, 851.578
7.09618, 661.8, 12.0157
5.09668, 446.768, 199.308
7.38058, -677.705, -19.3839
5.15714, -453.321, 148.135
2.98716, 334.126, 395.627
5.83983, 220.384, 97.8851
5.44444, 142.037, -14.9909
5.01137, -703.006, -110.314
2.75808, -935.204, 461.693
2.6753, -352.037, 34.3329
4.41484, -785.599, -510.86
5.55555, 192.9, 103.61
5.06574, 540.026, 876.79
5.98498, 301.037, -26.5545
4.89891, -25.9154, -185.121
3.88323, 68.3809, 421.214
6.01685, -439.578, 210.476
3.67701, 875.932, 59.9898
6.41501, 192.528, -173.997
6.60589, 362.183, 839.245
3.21842, -538.127, 54.3226
5.75757, -494.831, 801.737
3.87677, 871.125, -988.919
7.26215, -438.823, 717.042
4.58238, -753.272, 13.7787
3.03869, -126.894, 404.368
4.70633, -799.594, 532.075
6.28811, -414.49, -305.18
2.77803, -338.526, -321.948
3.51241, -28.9222, 145.815
6.82305, 946.509, -781.177
6.52456, -265.302, -14.7988
2.78861, -680.315, -674.704
4.40304, -63.9558, -701.439
4.56124, -149.879, 766.626
2.80071, -382.717, 302.556
7.09746, 797.319, 634.44
3.35398, 539.387, 802.969
6.51634, -935.154, 148.437
3.88599, 723.355, 44.9333
4.44586, 173.388, 738.73
7.19936, 51.9042, 623.718
6.24573, 160.109, -161.353
3.44774, -324.253, 760.962
6.89581, 437.233, 485.848
6.8953, 419.383, -852.964
3.30515, -815.708, -272.27
5.87346, -806.179, -166.375
6.89096, 626.646, 125.692
6.98262, 267.026, 534.974
3.06535, -26.4194, 756.062
5.93789, -234.027, -246.933
3.21651, -844.204, -758.439
3.6901, 416.201, -44.6791
5.64383, 950.182, -218.025
4.312, 817.116, 362.839
4.64437, 588.534, 718.136
4.91936, -5.88331, -848.185
6.20379, -1.21784, -100.996
3.23098, -397.223, 866.217
7.36238, -837.348, -777.704
7.3158, -519.991, -188.36
3.14741, -602.968, 666.279
5.3784, -320.935, -607.177
4.66439, 171.036, -120.604
5.50066, -238.628, -261.646
5.85098, -701.172, -138.381
4.5137, 396.264, 989.77
6.46691, 639.402, 697.292
4.89889, -979.301, -251.224
5.72449, 294.296, 277.599
4.28836, -245.613, 598.472
5.96794, -331.062, -220.906
5.83428, -416.964, -708.443
3.22071, -372.953, 709.455
7.10415, -985.674, 210.011
4.22228, 32.6991, -235.964
6.66824, -417.14, -471.136
2.74349, 269.717, -749.97
3.27936, -246.598, -78.4632
2.55765, 331.72, 510.767
3.94327, 121.533, 589.425
5.07295, -354.75, -170.061
3.65948, 683.601, 438.095
2.75022, -242.77, -66.9402
5.33091, -595.301, -850.304
6.69774, -154.333, 666.959
4.28763, -639.875, -419.443
4.3452, 172.071, 869.817
7.22226, 255.86, -73.7045
4.72425, -902.986, -185.88
6.82086, 495.799, 190.178
5.82654, -790.198, -737.345
5.79297, 163.267, 666.275
7.10736, -961.415, 963.308
5.11536, 938.055, -613.162
5.45229, 439.437, -442.283
5.79944, 668.932, 671.885
4.24765, 292.998, 460.406
4.11714, 332.217, 64.5729
7.08984, -113.336, 738.658
3.08619, 903.561, -446.44
7.31268, 675.648, -170.577
5.17978, 46.6094, -333.057
5.81447, 857.891, 635.606
5.48362, 885.77, -510.116
6.93363, -506.108, -747.123
6.67999, -672.173, -607.598
6.69339, 246.581, 204.305
6.85642, -215.847, 342.2
2.5002, -769.045, 336.331
4.77274, 257.919, 351.532
4.25696, -934.867, 148.943
5.80713, -258.168, 709.663
6.22234, -873.145, 152.84
3.3821, -116.95, -443.886
7.4621, 794.494, -815.114
5.95466, -933.45, 177.403
6.97862, 140.083, -21.4438
3.51579, 375.719, -131.303
7.2356, -455.877, -36.5049
4.88476, 900.915, -508.175
6.78578, 922.276, -746.248
6.41237, -983.566, -562.468
5.70687, 916.895, -901.757
3.14521, -725.202, 147.353
5.77944, 3.92418, 649.51
3.09199, 53.0084, 9.80334
3.88793, 336.87, 805.277
6.65548, -218.786, -226.864
6.14153, -752.645, -513.751
6.74348, -597.717, 296.013
3.43989, -786.522, -950.702
6.09602, 558.824, -278.502
4.25586, 161.146, 332.64
3.34555, -415.853, -686.669
4.52383, 340.775, -550.914
4.20924, 158.904, 772.115
6.67141, 396.586, -125.534
3.9111, 698.065, 584.042
5.16766, -673.046, -477.263
6.25085, 995.863, -853.221
4.62554, -680.76, -762.583
4.66964, -571.411, 546.801
3.03022, 858.256, -933.168
6.4639, -37.0362, -466.877
3.91232, -572.72, -484.297
7.14264, -581.562, -237.495
5.37926, 237.138, 523.687
3.4895, 816.493, -288.194
5.99081, 576.774, -761.261
3.07265, 495.667, -961.762
4.22945, 308.029, 788.86
4.15646, -577.498, -237.171
6.42735, 828.572, -963.356
6.65775, 459.781, -212.96
4.21712, -740.359, 755.323
4.2603, -275.035, 885.834
6.38197, 145.204, -835.47
6.58658, -13.0757, 688.227
4.26157, -129.834, 285.356
7.09559, -434.346, -301.393
3.2877, 490.094, 252.868
5.56029, -491.066, 561.903
5.54222, -373.122, 709.902
3.16647, -252.336, -747.08
3.51409, -746.941, -476.934
4.79457, -857.537, 501.103
3.48759, -529.046, 926.953
6.77118, -838.914, 371.065
6.54562, -759.625, -693.926
2.80131, -907.973, 887.35
6.50584, -717.911, 657.476
5.49597, -193.639, -544.182
7.43182, -891.801, 309.106
2.65919, -164.981, 636.028
6.8356, 945.885, -778.284
3.69109, 668.917, 345.814
3.6127, 177.813, 432.795
4.73907, -992.975, -540.631
2.61231, 861.441, -172.516
6.79755, -250.616, 24.1562
4.15902, 214.532, 590.555
5.72195, 307.06, 249.114
7.43521, -946.808, -482.262
5.30162, 284.618, -584.152
4.74553, -758.351, -246.186
5.213, 172.031, -716.222
2.90797, 773.134, -32.8042
3.99606, -801.985, -273.246
6.63964, 824.476, 681.348
6.48936, 626.089, 939.037
5.71048, -102.842, 679.677
4.84105, 631.138, 387.185
7.15326, -197.465, -611.534
5.08798, -248.568, -69.6374
7.42924, 798.272, -542.546
5.94567, -82.0723, -724.734
6.19966, -181.182, -444.15
3.46323, -392.321, -936.16
6.08881, -450.936, 625.602
6.11146, 570.075, -181.972
6.49298, 266.158, 153.971
4.23216, 255.46, -998.164
5.1481, -15.696, -57.8181
3.19001, 715.875, -362.004
6.73218, -225.675, -204.062
6.32766, -85.3418, -886.4
7.5, 923.594, -416.3
4.24891, 483.141, 995.931
5.50367, -601.476, 592.156
3.50808, -496.395, 85.02
6.2385, 28.0069, 151.856
6.49225, 977.812, 216.142
3.03505, -706.338, 109.42
5.35813, -507.283, 47.4378
2.84683, 358.116, -332.618
4.16036, 750.478, 689.336
5.80945, 487.505, -708.669
5.27726, 174.627, -197.236
7.12415, 228.97, -11.7419
2.69832, -486.547, 227.235
2.62083, -312.323, 240.796
4.61923, 215.058, -657.11
4.36987, 460.778, 136.455
2.93303, -239.878, -263.62
3.05403, -161.176, 168.513
5.31992, 369.398, -348.852
7.37269, 62.6051, 743.013
3.05066, -48.3943, -881.058
5.99352, 99.0389, 982.843
2.79674, -50.1861, -744.182
4.69755, 835.702, -109.043
5.24651, 993.288, 716.549
3.45129, 692.035, -750.853
7.36597, 313.258, 327.984
3.19593, -677.527, -76.3927
5.48978, 943.452, -433.011
7.12812, -873.59, 704.274
3.91116, -72.1875, 893.646
6.8307, -139.439, -80.6606
6.29598, -229.205, -601.739
6.10793, 350.328, 625.286
3.34241, -376.892, 370.284
3.32882, 839.46, 375.166
3.39076, -647.393, -991.075
5.87226, 336.023, -603.062
4.83484, -355.248, 39.6095
6.85219, -811.875, -358.251
5.76023, -697.289, -116.82
5.80464, 763.624, 882.517
2.58037, -660.422, -594.894
4.30596, -780.706, -669.159
3.72747, 926.294, 120.829
6.93086, -938.678, -951.193
5.23701, 825.612, 773.233
6.57209, -26.1648, -653.027
5.24453, 171.439, 870.218
4.16156, 506.489, -56.1149
4.40213, 25.1459, -654.904
2.52389, 932.939, 655.517
6.95226, -90.7034, -397.279
6.16955, -498.355, 686.494
6.04239, -153.701, 672.814
5.1278, 53.7965, -187.69
6.41065, -191.972, -815.973
3.42484, -385.03, -470.445
5.72673, 244.345, 510.932
3.42178, -690.436, -344.153
3.31214, 64.4373, -83.7296
2.65594, -181.913, 850.962
7.42716, 130.26, -665.548
4.04559, -332.315, -718.349
4.11075, -668.238, -298.634
5.51155, 288.002, -233.318
2.89107, -329.639, -923.66
3.93936, -18.3709, 88.3822
5.79307, -122.834, -493.493
7.36348, -994.854, -348.966
7.27758, -363.206, -797.214
7.42745, -671.585, -291.77
7.30478, -914.971, -765.276
3.0073, -558.912, 569.361
3.71505, -125.02, -491.299
6.91151, 98.7643, -434.055
5.28805, 340.735, 701.998
6.7669, 803.4, 515.844
7.49145, -533.899, 521.673
3.99751, -257.178, -481.404
6.33157, 981.086, 489.418
4.81901, 283.876, -143.204
6.8168, -636.249, -794.023
6.99018, 861.228, 5.75868
7.377, 258.086, -417.094
2.77405, 661.471, 79.4607
6.32605, 949.282, -619.033
5.09219, -934.419, 739.542
3.46574, 934.518, -244.925
6.98252, 194.877, -543.065
6.38492, -831.201, 98.4981
2.75968, 416.321, 541.7
7.47331, -855.365, 766.246
5.93659, -1.7683, -459.621
5.94854, 888.654, 496.814
6.57666, -657.384, 821.664
7.05426, -36.4803, -435.551
3.34218, -201.384, 405.212
5.24183, -580.045, 804.484
6.53351, -478.821, -252.951
4.17803, 319.51, -530.55
5.53435, -98.7998, 41.5272
6.59602, -954.388, 334.127
7.3485, 87.4674, -248.118
6.29349, 585.578, 492.829
3.72113, -184.492, -93.1905
5.80589, -572.266, 403.99
4.21574, -447.735, -186.334
7.27146, 376.361, -396.647
2.60828, 804.069, 556.027
4.54979, -892.163, 947.535
2.55789, 591.074, -672.87
3.04964, 842.182, 201.965
5.28259, -851.581, 90.9956
4.45466, -33.5063, -234.542
7.20539, 118.038, -182.679
2.55572, 179.289, 396.677
6.22897, -224.179, -435.136
3.84293, 109.49, 129.56
4.27153, -681.998, -759.571
3.45835, -466.444, 616.901
5.14832, 296.039, -170.426
4.39478, -59.111, -854.889
3.16407, -13.0515, -802.584
4.26563, -124.518, -566.26
4.2497, 784.048, 986.54
7.41084, 611.669, -119.982
5.25961, 151.51, -390.05
4.99918, 13.3464, -713.888
3.58531, -834.708, 458.079
4.37311, -231.042, -652.641
6.78251, -662.363, -474.507
6.45578, 788.253, -509.98
3.9204, -491.709, 929.119
5.07645, 437.575, 100.245
6.79238, -294.789, -25.9188
7.07844, -949.218, -173.324
7.48941, 136.84, 917.612
6.53177, 171.097, -194.166
5.22718, -908.146, -184.063
7.3461, 149.636, -738.353
5.31931, -585.375, 362.649
4.03031, -415.192, 660.644
5.41853, 968.074, 954.355
2.91197, 54.7687, -332.9
5.47382, 357.178, 623.94
3.31968, -598.883, -591.683
6.46527, -610.129, -436.562
2.95373, 578.758, 741.973
6.3072, -505.635, -679.86
6.83996, -218.498, 33.1762
6.40105, 192.529, -334.513
6.61399, 908.643, 971.569
6.70974, 372.682, 553.632
4.48328, 533.847, 256.16
6.508, -160.448, 169.345
6.56811, 381.057, -44.2716
5.43493, -410.107, 101.491
4.64621, 796.571, -50.6926
2.5002, -69.5696, -479.605
5.31153, -815.761, 316.448
6.22632, 335.746, 356.432
3.89846, 964.528, 300.546
2.93406, -988.086, 565.269
3.5733, 853.494, -881.127
3.93296, -493.797, 555.136
4.86595, -407.404, 475.733
6.95893, 845.654, 819.909
5.91955, 506.583, -499.725
3.54376, -51.2294, -65.026
6.67533, 794.815, 12.3431
7.09218, 942.865, 917.511
4.48244, -474.601, -701.819
6.37858, 541.626, 539.63
5.68161, -161.935, -90.7541
6.64746, 483.707, 292.868
3.40204, 559.344, -457.407
7.45927, 578.918, -764.628
6.70558, -150.622, -845.114
4.65177, 888.913, 266.491
4.38589, 596.894, 890.788
2.70802, 656.3, -506.017
6.80715, -809.259, -540.89
6.62116, 910.939, -909.209
6.25052, 18.9431, 735.085
3.55801, -165.147, 994.803
4.31029, -781.987, -192.389
4.43545, -591.684, -804.427
7.32918, 804.021, 642.254
6.5872, -168.246, 631.257
4.5755, -82.5939, 449.573
5.83759, 206.19, 184.511
2.52101, 477.67, 975.229
6.98048, -743.23, 256.508
3.68416, -343.411, 355.411
3.79415, 360.169, -96.4464
5.4939, 408.402, -709.847
6.89823, -848.051, 379.98
6.16299, -565.908, -592.886
6.0773, 914.729, 570.91
3.57724, -608.854, 481.017
6.30413, 678.498, -958.455
3.85351, -160.158, -561.359
2.75246, 669.006, 346.38
4.78866, 268.263, 245.654
2.58759, 449.649, -779.858
3.01129, 75.1712, -173.657
2.639, -129.121, 281.131
5.65921, -340.601, -515.419
6.34425, 83.1474, -245.737
2.74132, 525.54, -841.221
6.6924, -58.517, -630.713
6.76899, -263.158, -321.505
6.57649, -444.082, 573.816
6.85188, 795.353, 406.059
5.27222, -634.795, -172.961
6.12646, -296.831, 60.499
3.20424, -528.187, 940.113
6.6115, 601.888, -528.747
5.51185, 734.607, -197.609
4.93856, 509.489, -921.556
6.14942, -288.873, 954.816
4.05164, 757.657, -669.506
3.93925, -699.322, 354.497
5.45857, -954.184, 811.834
5.34055, 657.257, 887.17
5.41059, -928.91, -579.186
2.84132, -689.612, 283.231
4.34304, 153.025, -380.99
6.28475, -937.592, -576.676
6.35297, -446.768, -876.106
4.27217, -394.138, -252.062
5.98913, 243.636, 933.343
5.08005, -686.201, -304.692
5.94494, 391.969, 131.533
6.18066, -82.2146, 615.581
2.56231, -343.855, -675.639
7.16549, 604.094, -122.853
5.37826, 133.806, 126.667
3.05587, 458.36, 975
4.87388, -109.832, 23.9171
3.24247, 172.526, 92.848
4.22594, 50.9544, 450.356
7.04476, -933.351, 182.96
4.54571, 15.5824, 515.959
5.96642, -677.983, -75.6496
3.35865, 383.893, -932.947
6.21715, 893.549, -502.595
4.16319, -423.359, 640.974
4.62157, 668.655, 311.346
2.79523, -137.216, -115.944
5.09005, 282.41, -240.152
5.94425, 474.993, -581.745
5.01149, -260.522, 23.6758
6.56617, -169.004, -751.864
3.07974, 81.5252, -940.383
5.24841, 265.834, 465.614
5.06046, 412.373, 21.4133
6.02649, 952.673, 441.74
5.65083, -236.5, 890.926
4.0207, -23.616, -633.039
6.74719, 400.24, 372.63
3.39619, 601.843, -20.073
2.61737, -531.158, -100.302
4.19467, 741.533, 54.5399
3.43818, 350.156, -84.0604
6.60467, -286.124, 191.304
6.72507, -895.877, -155.502
6.78031, 844.516, -719.391
7.37454, -954.951, 638.944
2.99587, 470.821, -448.572
2.56182, 564.43, 657.374
2.58614, 218.275, 587.351
2.64527, 252.791, 94.8223
4.1031, 150.223, -386.844
6.17815, 628.027, 302.852
3.14876, 368.122, 474.862
2.5161, -367.88, 507.802
6.91905, 138.99, -791.271
3.70482, 231.749, -575.309
4.38481, -821.88, 758.347
4.44879, 609.127, 186.599
2.81534, 595.813, 295.342
7.30792, 183.728, 959.788
3.75349, 727.086, -337.908
6.85376, -681.067, -57.0105
2.85991, -919.5, 428.192
2.70653, -626.128, 578.747
3.46378, 363.851, -523.901
3.86708, -310.8, 302.848
7.4007, -953.756, -365.758
3.60607, 324.767, -541.076
6.43119, -876.097, 856.981
4.42306, 301.649, -422.556
3.78593, 480.606, -637.304
3.91087, -949.191, 66.2796
7.33834, 868.945, -33.4974
4.22841, 769.451, 173.166
3.45922, -985.307, 738.129
5.05037, -547.72, -381.971
5.21857, -558.486, 635.111
5.72333, -635.947, -615.859
3.89738, -10.177, 787.698
3.41887, -296.531, -720.722
2.71579, -839.56, 381.233
3.98408, -504.504, -267.196
4.25548, -231.608, 141.006
7.09372, -421.317, 730.061
5.81225, 503.418, -362
5.08041, 867.247, 586.789
4.03763, 617.023, 588.997
3.0007, -353.471, 155.572
3.47502, 380.289, -881.226
4.11407, 31.5919, -132.556
5.56182, 965.98, 86.5746
5.13511, 961.767, -985.048
3.45653, 256.111, 285.644
4.7178, -651.93, -429.107
4.48693, -710.572, 856.126
6.28051, -607.571, 744.842
6.6213, 737.183, 602.632
5.51573, 141.947, -344.135
3.04573, 610.68, -830.213
4.11797, 487.62, -165.438
5.03403, 8.0346, 318.991
4.76521, -648.29, 798.061
4.77315, -181.566, -462.233
4.91125, 917.845, 909.706
5.07896, 369.738, -651.422
4.50207, 195.934, 815.767
4.22945, 961.981, 485.439
6.64533, 927.377, -239.784
3.02204, -733.51, -799.585
6.40057, 587.296, 569.669
3.19919, -297.737, -239.594
2.62171, -803.018, -514.997
6.0664, 407.316, -756.379
7.15538, 156.689, -822.327
7.47667, 180.708, 174.963
3.86264, -881.907, 152.87
3.6923, -480.815, -252.429
3.87328, 964.295, 620.426
5.70836, -909.685, -731.335
5.17637, 310.949, 156.579
6.8967, 837.442, -297.34
6.75968, -660.794, -841.89
2.98004, 910.872, -34.7054
4.66818, -751.848, 197.77
3.17045, -205.997, -758.204
5.86802, -159.475, 318.823
5.34964, -53.3467, -481.671
3.66474, -624.609, 562.336
5.50306, 266.906, -690.331
2.6551, -804.414, -28.4473
7.08512, 569.293, -312.72
3.82958, 864.8, -179.25
6.50016, -185.211, -509.341
5.46389, 169.994, -724.587
5.0822, 360.319, 615.947
5.2567, 318.94, 645.034
3.47225, 507.955, -233.384
5.36152, 120.713, -743.777
3.81992, 214.309, 403.056
4.41648, -765.243, 539.918
2.73626, -754.333, -897.593
4.22823, 587.441, -670.666
3.61594, 680.703, -437.938
3.81264, 16.7519, -738.349
3.05141, -430.438, -402.043
7.40088, -706.182, 20.6073
5.93794, 801.954, 643.737
5.82158, -548.217, -377.126
5.99501, -602.157, -673.416
2.68746, -835.402, -776.996
3.6706, -628.81, -745.719
3.95397, 716.796, 694.122
3.50543, -40.6181, -260.81
2.7177, 377.085, 331.904
2.56571, -537.765, 524.045
6.07297, -528.036, 765.616
6.88348, -869.575, -631.434
5.35088, -888.899, 274.686
6.92743, 866.189, 871.915
5.20042, -356.393, -280.277
3.31357, 930.228, -648.111
3.30492, 969.188, 440.152
7.19182, 319.949, 287.651
3.45628, 554.681, -853.431
3.15761, -5.54118, -110.874
4.41122, -316.294, -5.00539
6.12674, 257.689, -266.031
2.50651, 541.301, 875.889
4.60222, 17.8894, 734.66
5.18984, 308.875, -213.998
4.86596, -238.929, 247.511
6.33003, 545.125, 869.363
2.9396, 555.054, -470.797
7.04284, 133.216, 324.087
3.20818, -878.244, -395.257
2.54782, 437.258, -52.0761
2.82267, 240.83, 517.307
4.96742, 381.977, 222.545
5.40914, 533.67, 987.802
4.03373, -949.373, 544.972
4.57091, 919.405, -67.8277
4.33401, -574.228, -689.497
3.42687, 186.046, 669.389
2.76788, 637.629, 160.893
4.47222, 541.876, -65.5268
3.98388, -348.09, -131.953
5.05388, -396.41, 821.103
3.75392, -699.457, 230.486
5.01589, 965.992, 884.79
2.51168, -17.0384, 799.091
7.01807, 997.897, -448.321
2.79181, -905.923, -948.879
5.17506, -689.381, 804.804
3.95754, -385.497, 876.263
7.3023, -814.982, -270.573
4.73406, 319.518, -109.26
5.08479, 895.558, 167.594
5.93861, -256.241, 12.7509
2.72187, -160.655, 76.3792
7.2946, -798.514, 607.115
5.70852, 363.617, 155.846
2.80215, 630.984, -781.555
3.33964, 48.2123, 268.271
5.76491, 487.619, -249.986
6.19864, -769.408, 338.946
3.57011, 861.172, 200.105
4.31441, 157.626, -875.593
6.56981, -648.209, 935.259
5.32057, 807.829, -470.643
7.45886, -43.3948, -897.319
6.5669, -763.712, 397.998
3.49157, -994.638, -23.1047
2.50003, -162.92, -855.507
4.62608, 946.562, -774.431
4.07406, 833.511, 194.198
5.56218, 607.013, -934.314
3.83351, -202.229, -544.491
4.39881, -595.168, -60.9982
5.43397, 968.666, 294.162
5.95636, -141.592, -516.256
7.26736, -459.71, -572.149
4.89785, -292.823, -955.314
3.60319, 375.561, -731.318
5.33741, -725.28, -446.686
6.09873, 433.911, 364.478
4.4953, -485.608, 565.742
3.48326, -690.137, 992.36
6.66971, -676.049, -760.916
5.59561, -449.584, -868.15
7.26866, -295.091, 171.831
3.23222, -14.3902, -280.771
5.38953, 40.9984, -460.271
7.26796, -392.101, 723.888
3.62331, 720.361, -977.118
7.25137, -489.197, 810.828
3.07874, 800.492, -518.546
2.58372, 29.553, -263.134
3.90465, -349.14, -172.609
7.15042, 649.175, 167.407
3.04796, 745.983, 871.914
6.77266, 30.7551, 831.084
5.68532, -726.844, -732.58
5.63853, 408.412, -709.859
3.80589, 729.799, 741.827
5.13936, -951.042, 220.568
7.16608, -267.478, 914.766
3.98055, 923.768, 100.89
4.78006, 155.631, 457.39
6.35659, -656.736, -622.769
4.17193, 98.7568, 115.507
6.31775, -39.5209, -945.451
6.65892, -30.0334, 943.47
2.64618, -725.233, 568.473
4.31315, 715.671, -267.773
4.16221, 284.632, 461.055
3.17675, -519.581, -305.714
3.00839, -306.882, 623.788
5.11327, -610.223, 815.877
3.52046, 30.6581, -534.854
5.00728, -871.939, -630.602
5.1371, 3.55066, 961.934
4.13422, -269.628, -293.033
4.75888, 226.059, -445.685
6.85263, -7.47307, 986.945
4.72884, 646.198, 865.449
6.03726, -459.041, -920.599
6.83171, 915.956, -699.353
6.5822, 871.36, 221.786
2.67504, 896.626, 837.531
3.8644, -654.575, -236.227
5.21858, -422.95, -430.907
3.19942, -993.44, -547.362
5.57408, -780.091, -936.202
3.29182, -694.519, -605.782
4.41129, 98.8978, 221.257
5.94997, -94.3059, 189.609
3.21128, -388.804, 460.508
5.65284, -785.167, 795.066
3.15973, 199.885, 936.507
7.13583, -739.201, 250.194
5.53465, -939.686, 785.014
5.50388, -922.151, 370.205
3.33635, 605.464, -529.026
3.301, -863.455, -401.486
5.91628, 624.576, -30.0462
5.1456, -715.675, -14.1247
3.65264, -131.546, 812.524
6.55373, -502.371, -58.3596
5.76477, -420.634, -561.115
4.08597, -550.918, -583.668
2.53953, -262.778, -816.419
3.49176, 726.49, 745.462
3.78831, -8.81723, 382.185
3.03825, 892.393, 38.739
3.49545, 132.895, -435.993
6.75079, 803.76, -772.207
6.63912, -985.429, 216.293
6.76813, -960.443, -551.682
5.71027, 285.379, 780.026
3.6787, 729.491, -989.945
6.80638, -502.631, -810.462
5.4745, 36.9882, -102.083
2.52745, 507.561, -29.5149
6.84925, -664.25, -469.542
7.37729, 650.565, 106.745
5.59653, 379.613, 13.3899
3.85574, -944.584, 379.74
7.46973, -158.871, -635.472
4.60751, -723.824, -530.479
4.20537, -795.066, -615.617
4.80717, 362.281, -137.985
4.44822, 264.636, -379.025
4.613, -50.6563, 515.536
2.84879, 132.066, 287.151
5.5153, -59.1841, -127.538
7.36114, -49.7028, 231.218
5.07406, -696.778, -536.259
7.45461, 956.331, -137.746
5.84906, 624.72, -149.464
4.01716, -605.868, 70.7839
3.47371, 875.721, 565.773
4.0109, -709.567, -938.083
4.93946, -334.76, 461.489
4.72438, 530.308, 978.806
5.7844, 319.569, -942.322
3.74227, -779.484, -665.654
4.72007, 54.9669, 556.07
5.75894, -691.826, 54.3805
6.67472, -713.617, 188.529
6.03698, 201.615, 822.025
4.93928, -871.867, -601.989
6.72039, 400.013, -239.428
7.00296, -497.882, -183.065
6.33082, -650.769, -526.998
5.29453, 628.592, 848.37
2.70603, -23.6923, 94.01
5.46749, 564.477, 65.4021
2.68674, -681.696, 828.747
4.53488, 22.5296, 437.034
2.84243, -976.865, -882.334
7.38558, -778.624, -882.53
2.5956, -517.684, -233.269
6.60363, -161.095, -274.25
5.2195, -373.468, 878.999
5.72828, 792.329, -332.517
3.62934, -260.755, 58.2603
2.733, 827.95, -694.529
3.63154, 214.974, -556.229
4.58371, -633.571, 135.314
6.40126, 266.157, -632.211
3.72852, -922.466, 389.936
4.81411, 660.11, 86.7869
6.14756, 929.101, 291.402
5.35237, -330.369, 816.329
5.45997, 928.024, 926.566
4.98425, -944.657, 281.183
3.951, 495.486, 108.709
4.71107, -5.70301, -226.398
2.53669, 855.063, -395.866
7.41683, 498.799, -360.132
2.52822, -810.631, -144.827
4.8676, -97.2855, 735.971
5.86497, -310.247, -121.925
