6.27803, -735.166, -987.673
3.5948, 57.0072, -97.7409
5.89648, 362.532, -900.617
5.09708, -243.191, 886.1
2.76731, -937.937, 650.832
2.53849, 341.252, 51.8969
4.58743, -848.913, -231.863
7.15218, 179.194, 379.837
2.95982, 48.8281, 691.816
6.00595, -160.265, 318.539
3.81226, 532.544, 811.902
4.14117, 471.297, -898.116
7.45519, 509.502, 256.699
7.41275, -496.026, -257.874
5.75759, 501.628, 441.593
6.92354, 261.659, -847.104
6.33247, -119.913, -451.105
3.87453, -501.61, -57.2181
4.93259, -668.94, -290.301
2.80282, 821.996, 777.569
5.08146, 5.63068, 798.699
4.96988, 963.499, -363.95
7.23882, -811.233, -469.606
4.42071, -14.9928, -836.651
5.14874, 820.503, -451.806
2.75042, 866.102, -53.9787
6.63909, 545.017, 541.844
5.94228, -954.194, -743.122
6.18112, 258.768, 733.706
6.94286, 977.304, 449.334
4.25508, -373.819, -536.731
6.72991, 182.731, 25.5651
3.84659, 662.518, -162.792
4.83959, 67.6928, -179.776
3.2686, -650.163, -439.133
2.66527, 619.411, 140.455
7.2768, -11.6018, 80.1395
6.95369, 110.965, 491.418
3.29884, 675.231, 245.173
3.15214, 428.152, -570.77
2.515, -453.345, -814.267
6.0491, -936.028, -175.258
3.40448, -501.866, 860.935
5.76029, 770.866, -358.35
4.42907, 368.362, -697.77
3.23766, -14.9632, -238.914
5.45054, 673.136, 170.339
3.24076, 135.293, 909.459
3.2091, -180.401, 959.005
4.94257, -490.236, 125.114
3.13015, 890.77, -65.8736
5.64635, -355.285, -593.771
5.60817, 298.747, -739.048
4.88216, -495.536, 598.181
2.64188, -560.021, -255.114
3.21011, -131.379, 802.961
3.15594, -182.426, 885.95
3.31099, -826.546, 753.749
3.76529, -267.06, -847.694
4.77654, 579.961, -746.473
6.54472, -93.4978, -298.756
3.57624, 301.538, 853.631
3.75063, 818.181, 365.686
5.02978, -58.8362, 719.237
6.27922, 638.557, 169.345
5.66369, 905.228, -65.9147
5.9449, 614.937, -137.462
7.27207, 965.3, 414.249
5.18713, -421.644, 725.125
4.57014, -779.645, 34.4465
4.70019, 750.333, 158.632
6.07821, 733.843, 457.665
6.20858, 404.506, 594.313
5.12494, 769.073, -957.057
6.06711, -861.651, -75.2001
5.91025, 332.589, -21.2255
6.82941, 830.25, -596.87
3.19597, 82.2352, 770.324
3.57766, 963.392, -102.87
5.0733, -360.457, -115.42
4.83766, -112.74, 736.29
3.55759, -264.099, 609.591
5.65244, -690.673, 972.673
2.5044, -969.377, 196.605
4.09589, 450.726, 541.81
5.90281, 363.22, -142.505
6.0446, 668.239, -584.806
2.90869, -806.098, 652.128
3.56926, 255.632, 521.65
4.44412, -830.933, -569.774
4.44927, 907.793, 903.245
3.92018, 380.88, -460.435
4.6123, 561.302, 547.806
2.55658, -612.246, -437.014
3.72027, 934.146, -620.485
4.49072, -714.319, 656.382
6.64177, -649.21, 200.615
3.78584, 971.202, -692.009
3.59705, -802.813, -537.171
6.47385, 387.722, 267.977
5.8476, 499.254, 390.755
5.49108, -887.533, 286.742
5.99917, -366.686, -537.925
5.13062, 528.949, -757.253
4.14833, 188.703, 108.207
3.30844, -715.63, 399.395
6.56633, 715.642, -27.0534
4.08004, 483.002, 114.932
4.05369, 50.3029, -738.845
4.65424, 31.669, 156.172
4.46509, -251.163, -480.274
4.43916, -54.9338, -135.155
4.34871, -831.761, -445.56
5.88118, 342.535, -495.4
6.10384, 448.154, 28.4413
7.20082, -69.1925, 890.471
5.08573, -79.8547, -358.638
5.5282, -191.387, 323.427
5.85049, -688.39, 989.09
5.11404, 77.8753, -304.788
3.87105, -940.348, 631.862
7.08924, 97.3396, 284.186
3.73367, 928.134, -457.758
4.77876, 380.582, 678.625
3.30374, -952.101, 644.004
4.68319, 410.447, 403.759
7.45767, 490.275, 179.703
6.26931, -437.028, 390.412
4.97846, -979.121, -652.921
7.01651, -653.039, -831.797
4.68213, 491.592, 557.042
5.09239, 166.908, -976.672
4.44866, 88.4521, -855.85
5.63431, -217.923, -567.945
5.19331, 410.886, 318.378
4.35955, 633.386, -437.16
2.54674, -373.254, 368.008
6.3794, 40.0061, -784.006
2.85317, -884.521, -563.379
3.98511, 442.04, -679.918
4.78581, -42.3589, -886.949
3.25156, -105.504, 37.5092
5.97819, 671.832, -434.435
4.15587, 364.127, 152.246
5.21197, 966.997, -875.894
2.64678, 727.537, -965.783
5.38086, -19.4137, -232.132
5.18133, 365.808, 472.044
7.36678, -764.15, -920.824
5.57063, -299.526, -614.207
5.26431, -741.524, 204.002
6.69051, -264.129, 899.912
3.75764, -501.544, 920.819
6.98957, 625.206, -127.722
5.97428, 503.434, -495.5
5.82752, -473.588, -94.2406
3.06838, -576.527, -780.186
3.37987, -973.674, 96.0008
2.91253, -136.48, 190.498
6.68103, -243.773, 367.46
2.64818, 931.711, -776.905
6.34719, -3.73169, -846.854
4.29829, -511.507, 865.835
6.24626, 8.22217, 528.063
6.28385, 364.599, 337.384
3.60834, -536.161, -917.391
5.58305, 304.9, 131.662
3.66846, -549.505, -247.816
6.22052, -671.221, 300.217
5.80997, -905.713, -684.573
4.9209, 921.279, -747.419
2.58972, 828.559, 233.632
4.98291, 447.521, 199.669
5.09587, -103.316, -879.667
4.71395, -864.071, 533.636
4.14528, -57.1585, 941.956
3.52671, 482.883, -105.986
7.19863, -239.644, -644.143
2.85168, -491.013, 930.029
3.30042, 51.2751, -733.96
6.70788, -782.64, 28.7809
4.13614, -166.089, -277.461
6.85942, 168.489, 428.695
5.99896, 668.809, 515.161
5.52801, 867.191, -218.023
4.77536, 81.577, -245.67
2.91543, -502.444, -196.228
3.94883, -55.8414, -126.343
6.51009, -577.754, -780.259
6.81821, 340.14, 50.5727
3.81831, 418.865, -509.006
4.79881, -833.866, -237.614
4.95672, 612.547, -524.97
5.82344, -466.478, -983.127
7.31738, -628.58, -165.182
7.23022, 570.206, -746.573
2.81902, 212.895, -654.645
5.04829, -432.204, -295.975
6.13222, 666.662, 669.51
5.65882, 595.68, -336.105
3.26658, -912.776, -907.771
5.09652, -866.656, 530.055
3.52281, -552.996, 849.831
6.03231, 401.081, -819.57
6.05786, -470.88, -22.9962
3.66304, -563.797, -231.208
6.80594, -50.3122, -126.577
2.67122, -107.141, 944.217
6.26587, -936.298, 62.1727
4.14789, 635.739, 159.643
4.65309, 68.6595, -530.41
7.33455, 958.568, -195.321
4.05803, 730.055, 690.555
5.69762, 975.378, -696.023
5.95386, 876.963, -59.4267
5.36403, 72.5389, 625.431
6.60667, 894.923, -688.062
4.21807, -893.628, -674.486
5.09387, -818.065, -767.866
6.78438, 121.66, -945.06
6.18587, 337.445, 57.8999
3.45992, -915.134, 374.939
2.83145, -307.924, 338.051
3.60828, 848.389, -716.899
3.33656, 167.928, -227.432
6.31172, 379.139, -921.903
5.44905, -840.526, 419.396
4.65223, 864.272, 863.128
7.09618, 657.322, 12.4015
5.09668, 443.68, 183.647
7.38058, -681.246, -25.2948
5.15714, -452.273, 144.44
2.98716, 334.507, 386.086
5.83983, 212.397, 100.365
5.44444, 140.084, -26.808
5.01137, -693.71, -125.187
2.75808, -925.962, 455.182
2.6753, -350.031, 38.5882
4.41484, -790.955, -527.037
5.55555, 180.509, 98.4379
5.06574, 540.637, 871.245
5.98498, 306.483, -25.8588
4.89891, -23.1578, -186.672
3.88323, 67.9094, 423.46
6.01685, -438.271, 206.742
3.67701, 872.641, 53.0661
6.41501, 169.825, -185.726
6.60589, 357.115, 831.388
3.21842, -529.082, 51.1055
5.75757, -485.999, 810.114
3.87677, 866.396, -979.8
7.26215, -410.695, 714.276
4.58238, -748.248, 14.7275
3.03869, -126.162, 400.766
4.70633, -795.198, 530.475
6.28811, -419.365, -299.757
2.77803, -338.849, -315.426
3.51241, -25.6818, 142.471
6.82305, 935.603, -762.85
6.52456, -265.527, -3.14115
2.78861, -677.047, -669.088
4.40304, -65.6324, -702.272
4.56124, -137.742, 761.048
2.80071, -378.778, 302.416
7.09746, 809.644, 651.714
3.35398, 532.972, 809.865
6.51634, -927.789, 171.048
3.88599, 730.391, 50.5087
4.44586, 171.235, 737.335
7.19936, 56.6323, 623.434
6.24573, 165.183, -173.964
3.44774, -326.936, 757.265
6.89581, 433.454, 483.382
6.8953, 413.966, -844.502
3.30515, -803.78, -273.2
5.87346, -801.016, -163.355
6.89096, 629.686, 128.737
6.98262, 241.161, 516.561
3.06535, -22.2178, 751.384
5.93789, -238.838, -255.054
3.21651, -818.79, -775.084
3.6901, 410.746, -44.6238
5.64383, 939.395, -218.842
4.312, 817.757, 366.485
4.64437, 587.974, 717.068
4.91936, -10.9719, -835.83
6.20379, -4.28557, -112.445
3.23098, -371.072, 871.314
7.36238, -829.17, -763.031
7.3158, -505.184, -187.244
3.14741, -597.51, 662.069
5.3784, -314.614, -606.393
4.66439, 169.073, -128.092
5.50066, -226.049, -245.332
5.85098, -691.897, -110.709
4.5137, 397.083, 983.374
6.46691, 641.814, 689.088
4.89889, -970.025, -249.47
5.72449, 305.02, 275.201
4.28836, -248.453, 601.296
5.96794, -328.966, -220.01
5.83428, -416.48, -692.751
3.22071, -398.001, 714.162
7.10415, -972.919, 218.939
4.22228, 30.3695, -236.209
6.66824, -411.405, -467.555
2.74349, 273.18, -742.141
3.27936, -249.031, -59.4016
2.55765, 330.252, 504.796
3.94327, 119.649, 587.319
5.07295, -343.908, -172.546
3.65948, 680.595, 436.785
2.75022, -248.356, -79.7024
5.33091, -596.595, -837.687
6.69774, -149.97, 670.747
4.28763, -645.556, -439.922
4.3452, 166.092, 866.788
7.22226, 257.151, -72.5725
4.72425, -907.079, -175.18
6.82086, 492.118, 172.334
5.82654, -786.5, -733.618
5.79297, 171.841, 663.862
7.10736, -956.724, 958.594
5.11536, 957.41, -622.784
5.45229, 438.761, -441.571
5.79944, 667.19, 652.857
4.24765, 271.777, 465.618
4.11714, 344.919, 36.0163
7.08984, -103.13, 736.76
3.08619, 905.211, -444.391
7.31268, 664.044, -163.833
5.17978, 55.6801, -324.837
5.81447, 845.734, 632.016
5.48362, 904.633, -500.571
6.93363, -506.462, -742.057
6.67999, -651.045, -610.452
6.69339, 247.244, 201.024
6.85642, -208.292, 334.807
2.5002, -769.203, 335.361
4.77274, 260.592, 347.728
4.25696, -927.666, 174.122
5.80713, -257.154, 706.53
6.22234, -879.36, 153.173
3.3821, -130.049, -464.73
7.4621, 794.628, -806.914
5.95466, -926.696, 161.827
6.97862, 144.951, -11.8723
3.51579, 364.102, -142.684
7.2356, -461.746, -35.1224
4.88476, 882.78, -504.579
6.78578, 914.286, -747.375
6.41237, -972.806, -546.417
5.70687, 903.889, -907.561
3.14521, -721.486, 151.064
5.77944, 5.21352, 651.318
3.09199, 53.6732, 7.82513
3.88793, 331.083, 800.108
6.65548, -227.905, -224.481
6.14153, -749.665, -512.243
6.74348, -598.673, 295.142
3.43989, -759.249, -918.957
6.09602, 555.984, -281.774
4.25586, 154.923, 331.054
3.34555, -417.166, -701.092
4.52383, 324.351, -533.795
4.20924, 160.064, 766.293
6.67141, 375.753, -128.328
3.9111, 697.767, 584.602
5.16766, -662.323, -468.467
6.25085, 985.725, -850.918
4.62554, -693.353, -756.733
4.66964, -561.613, 550.413
3.03022, 855.742, -929.005
6.4639, -49.0707, -465.252
3.91232, -576.401, -480.244
7.14264, -586.794, -233.398
5.37926, 257.561, 514.785
3.4895, 829.764, -296.768
5.99081, 575.808, -736.98
3.07265, 493.971, -950.792
4.22945, 297.358, 780.732
4.15646, -581.701, -235.319
6.42735, 827.67, -956.663
6.65775, 458.813, -212.195
4.21712, -737.778, 753.615
4.2603, -275.266, 906.887
6.38197, 152.692, -810.096
6.58658, -10.8296, 687.132
4.26157, -133.333, 282.811
7.09559, -411.668, -302.323
3.2877, 501.373, 258.067
5.56029, -490.23, 569.244
5.54222, -397.78, 714.27
3.16647, -250.211, -740.406
3.51409, -740.7, -481.361
4.79457, -854.259, 502.011
3.48759, -518.526, 930.733
6.77118, -851.364, 383.655
6.54562, -760.119, -687.151
2.80131, -901.771, 880.792
6.50584, -721.493, 641.743
5.49597, -197.089, -541.083
7.43182, -887.25, 298.748
2.65919, -162.667, 639.181
6.8356, 934.453, -768.853
3.69109, 663.05, 343.005
3.6127, 158.69, 427.264
4.73907, -962.401, -554.18
2.61231, 858.406, -173.788
6.79755, -254.785, 6.87577
4.15902, 217.452, 582.202
5.72195, 302.544, 258.067
7.43521, -939.393, -485.557
5.30162, 284.532, -581.96
4.74553, -756.899, -246.477
5.213, 155.509, -724.855
2.90797, 773.31, -33.0178
3.99606, -822.201, -270.826
6.63964, 814.335, 667.517
6.48936, 623.105, 929.183
5.71048, -104.809, 680.166
4.84105, 628.757, 382.948
7.15326, -202.044, -603.418
5.08798, -243.496, -67.7627
7.42924, 795.599, -526.088
5.94567, -75.3186, -716.104
6.19966, -178.359, -462.098
3.46323, -393.529, -927.877
6.08881, -458.667, 616.964
6.11146, 569.874, -176.948
6.49298, 268.073, 152.998
4.23216, 254.665, -990.167
5.1481, -16.462, -67.7335
3.19001, 716.591, -355.556
6.73218, -224.705, -226.404
6.32766, -79.0254, -878.2
7.5, 925.429, -428.363
4.24891, 480.144, 979.364
5.50367, -598.732, 585.08
3.50808, -495.105, 80.9667
6.2385, 33.1553, 160.537
6.49225, 968.695, 216.805
3.03505, -704.356, 108.62
5.35813, -506.934, 46.8213
2.84683, 366.38, -348.981
4.16036, 727.767, 690.826
5.80945, 483.444, -705.373
5.27726, 172.995, -181.643
7.12415, 228.752, -11.5462
2.69832, -482.222, 223.363
2.62083, -308.015, 236.795
4.61923, 222.742, -653.751
4.36987, 461.602, 133.506
2.93303, -232.968, -238.017
3.05403, -160.124, 166.314
5.31992, 361.551, -340.759
7.37269, 55.2033, 738.393
3.05066, -39.5578, -890.879
5.99352, 99.1356, 973.378
2.79674, -51.4546, -735.38
4.69755, 834.233, -104.332
5.24651, 986.653, 713.61
3.45129, 688.194, -747.243
7.36597, 317.975, 323.551
3.19593, -682.657, -60.8
5.48978, 922.945, -426.704
7.12812, -869.589, 703.462
3.91116, -79.653, 881.792
6.8307, -150.8, -89.1954
6.29598, -220.147, -595.579
6.10793, 354.555, 615.711
3.34241, -366.636, 363.706
3.32882, 818.39, 366.267
3.39076, -647.443, -983.055
5.87226, 332.643, -597.811
4.83484, -345.909, 32.414
6.85219, -806.678, -357.656
5.76023, -692.441, -120.507
5.80464, 752.776, 871.502
2.58037, -661.361, -619.382
4.30596, -773.067, -669.192
3.72747, 918.215, 105.019
6.93086, -930.548, -944.304
5.23701, 820.844, 780.669
6.57209, -29.4159, -636.766
5.24453, 174.508, 862.301
4.16156, 505.441, -53.2464
4.40213, 20.1598, -653.76
2.52389, 925.875, 650.4
6.95226, -89.5682, -397.644
6.16955, -492.449, 682.824
6.04239, -153.327, 654.089
5.1278, 66.144, -181.129
6.41065, -187.778, -810.051
3.42484, -390.728, -470.486
5.72673, 255.531, 521.19
3.42178, -683.299, -336.2
3.31214, 56.9103, -90.6052
2.65594, -182.086, 847.515
7.42716, 131.164, -666.512
4.04559, -328.787, -711.282
4.11075, -672.074, -302.999
5.51155, 282.669, -232.905
2.89107, -328.631, -917.628
3.93936, -14.5369, 83.9731
5.79307, -130.63, -490.001
7.36348, -983.311, -349.842
7.27758, -362.953, -790.721
7.42745, -674.182, -300.744
7.30478, -907.112, -753.162
3.0073, -557.641, 559.945
3.71505, -129.636, -490.822
6.91151, 101.057, -429.163
5.28805, 339.63, 693.772
6.7669, 799.742, 517.061
7.49145, -535.324, 529.699
3.99751, -243.092, -476.165
6.33157, 960.699, 477.457
4.81901, 287.644, -146.598
6.8168, -636.575, -787.42
6.99018, 856.808, -0.380353
7.377, 257.246, -413.306
2.77405, 643.258, 107.732
6.32605, 928.58, -617.043
5.09219, -928.854, 738.255
3.46574, 917.656, -227.396
6.98252, 203.31, -546.338
6.38492, -842.013, 94.6192
2.75968, 413.275, 538.747
7.47331, -846.043, 760.795
5.93659, -11.8262, -456.299
5.94854, 884.657, 496.474
6.57666, -655.017, 807.074
7.05426, -38.7709, -444.98
3.34218, -201.398, 397.888
5.24183, -581.575, 801.399
6.53351, -496.649, -258.881
4.17803, 336.794, -544.633
5.53435, -106.408, 24.8731
6.59602, -941.288, 333.847
7.3485, 80.6548, -252.801
6.29349, 579.288, 494.786
3.72113, -168.883, -90.6707
5.80589, -571.726, 400.336
4.21574, -451.102, -189.186
7.27146, 373.691, -393.946
2.60828, 800.77, 553.818
4.54979, -890.089, 941.655
2.55789, 582.102, -671.112
3.04964, 834.873, 197.621
5.28259, -829.694, 98.3693
4.45466, -7.23434, -228.462
7.20539, 117.143, -182.814
2.55572, 179.318, 381.994
6.22897, -217.424, -439.634
3.84293, 107.637, 119.307
4.27153, -668.011, -759.919
3.45835, -447.861, 625.214
5.14832, 294.126, -165.351
4.39478, -52.7749, -859.763
3.16407, -10.4118, -805.146
4.26563, -131.785, -558.324
4.2497, 782.499, 979.869
7.41084, 624.322, -132.396
5.25961, 152.684, -368.087
4.99918, 15.747, -718.45
3.58531, -833.976, 450.252
4.37311, -248.725, -645.808
6.78251, -662.407, -473.469
6.45578, 795.81, -524.022
3.9204, -490.867, 925.338
5.07645, 436.422, 104.284
6.79238, -285.348, -17.4701
7.07844, -935.502, -175.584
7.48941, 130.594, 907.919
6.53177, 173.513, -181.944
5.22718, -895.073, -178.747
7.3461, 156.902, -725.388
5.31931, -584.057, 362.633
4.03031, -422.373, 653.777
5.41853, 956.547, 944.01
2.91197, 47.5167, -325.535
5.47382, 361.426, 611.195
3.31968, -596.735, -591.165
6.46527, -619.276, -434.427
2.95373, 581.629, 730.254
6.3072, -503.504, -679.252
6.83996, -233.613, 26.4703
6.40105, 187.18, -333.744
6.61399, 908.385, 959.416
6.70974, 371.587, 550.937
4.48328, 506.31, 258.514
6.508, -156.868, 169.988
6.56811, 378.174, -42.972
5.43493, -408.243, 99.3607
4.64621, 791.936, -46.273
2.5002, -43.9014, -460.183
5.31153, -812.267, 318.501
6.22632, 339.598, 345.504
3.89846, 960.265, 287.36
2.93406, -978.412, 563.565
3.5733, 853.329, -878.188
3.93296, -481.443, 568.167
4.86595, -400.451, 470.897
6.95893, 842.912, 819.577
5.91955, 518.565, -505.968
3.54376, -45.0473, -72.8568
6.67533, 790.328, 9.48781
7.09218, 914.452, 911.117
4.48244, -477.297, -696.883
6.37858, 541.284, 522.915
5.68161, -153.43, -88.2611
6.64746, 482.301, 284.089
3.40204, 550.742, -470.772
7.45927, 575.229, -747.331
6.70558, -155.35, -843.268
4.65177, 884.454, 262.855
4.38589, 595.718, 883.635
2.70802, 649.308, -503.516
6.80715, -789.195, -520.753
6.62116, 915.035, -894.108
6.25052, 14.3781, 729.457
3.55801, -165.646, 983.467
4.31029, -780.957, -190.936
4.43545, -587.232, -791.473
7.32918, 789.019, 631.419
6.5872, -160.126, 643.191
4.5755, -80.3578, 447.39
5.83759, 199.797, 177.479
2.52101, 474.552, 979.369
6.98048, -739.318, 250.07
3.68416, -344.265, 354.014
3.79415, 350.808, -87.8127
5.4939, 402.382, -706.026
6.89823, -830.953, 368.582
6.16299, -557.973, -584.63
6.0773, 903.842, 568.978
3.57724, -604.571, 481.449
6.30413, 679.756, -954.631
3.85351, -164.266, -552.466
2.75246, 661.354, 333.939
4.78866, 274.36, 246.473
2.58759, 444.52, -772.962
3.01129, 67.4714, -180.859
2.639, -134.235, 287.363
5.65921, -343.696, -518.152
6.34425, 79.1109, -251.083
2.74132, 526.45, -835.736
6.6924, -52.3532, -630.862
6.76899, -262.317, -310.629
6.57649, -452.037, 576.411
6.85188, 792.87, 402.072
5.27222, -625.485, -155.769
6.12646, -288.654, 51.4122
3.20424, -518.801, 915.232
6.6115, 588.17, -527.178
5.51185, 727.401, -195.359
4.93856, 504.574, -914.591
6.14942, -284.823, 939.437
4.05164, 757.05, -666.986
3.93925, -699.787, 350.299
5.45857, -944.55, 801.074
5.34055, 646.907, 872.647
5.41059, -932.835, -570.967
2.84132, -687.498, 283.265
4.34304, 150.916, -385.564
6.28475, -927.211, -573.073
6.35297, -447.783, -869.869
4.27217, -393.58, -255.335
5.98913, 237.742, 926.132
5.08005, -660.84, -285.33
5.94494, 385.913, 135.955
6.18066, -81.6419, 617.224
2.56231, -340.938, -670.899
7.16549, 617.821, -134.776
5.37826, 129.875, 124.301
3.05587, 471.204, 973.453
4.87388, -96.5079, 39.4021
3.24247, 201.791, 99.759
4.22594, 50.8903, 444.397
7.04476, -928.698, 170.484
4.54571, 11.0485, 524.347
5.96642, -675.157, -62.9658
3.35865, 377.467, -939.266
6.21715, 876.455, -504.213
4.16319, -426.361, 648.169
4.62157, 659.81, 313.415
2.79523, -138.885, -106.346
5.09005, 286.184, -228.874
5.94425, 470.851, -578.732
5.01149, -262.23, 6.26272
6.56617, -170.344, -747.681
3.07974, 84.2245, -931.98
5.24841, 285.624, 460.519
5.06046, 404.075, 20.5341
6.02649, 965.637, 441.017
5.65083, -238.053, 873.885
4.0207, -29.5422, -651.229
6.74719, 399.316, 365.883
3.39619, 610.727, -25.1826
2.61737, -525.94, -99.8597
4.19467, 722.876, 47.0621
3.43818, 357.235, -99.4421
6.60467, -291.613, 171.363
6.72507, -895.236, -169.222
6.78031, 845.222, -714.625
7.37454, -952.405, 648.802
2.99587, 463.708, -446.796
2.56182, 564.937, 652.888
2.58614, 216.957, 582.529
2.64527, 247.368, 97.6145
4.1031, 146.073, -386.617
6.17815, 624.636, 300.525
3.14876, 351.765, 475.934
2.5161, -369.433, 503.585
6.91905, 140.219, -789.053
3.70482, 228.298, -568.414
4.38481, -816.225, 765.86
4.44879, 624.923, 180.358
2.81534, 597.266, 293.058
7.30792, 183.952, 946.022
3.75349, 724.113, -341.553
6.85376, -678.695, -77.7644
2.85991, -913.248, 419.569
2.70653, -616.42, 563.99
3.46378, 353.932, -521.582
3.86708, -308.291, 303.056
7.4007, -949.099, -364.282
3.60607, 326.202, -534.262
6.43119, -873.59, 851.867
4.42306, 296.438, -419.55
3.78593, 476.217, -634.995
3.91087, -930.679, 54.2124
7.33834, 865.641, -41.5658
4.22841, 758.446, 165.781
3.45922, -975.36, 735.505
5.05037, -547.417, -377.91
5.21857, -554.208, 630.193
5.72333, -660.847, -607.401
3.89738, -8.13874, 792.785
3.41887, -297.18, -713.629
2.71579, -831.207, 364.91
3.98408, -502.114, -265.564
4.25548, -231.063, 138.906
7.09372, -426.164, 703.165
5.81225, 496.899, -357.973
5.08041, 865.353, 578.341
4.03763, 609.825, 582.467
3.0007, -349.025, 153.065
3.47502, 377.815, -879.267
4.11407, 30.3844, -126.793
5.56182, 954.35, 87.4804
5.13511, 956.709, -978.612
3.45653, 265.175, 280.467
4.7178, -629.001, -421.308
4.48693, -703.232, 847.009
6.28051, -603.845, 744.653
6.6213, 734.634, 602.584
5.51573, 143.183, -346.971
3.04573, 605.677, -822.026
4.11797, 483.861, -165.132
5.03403, 10.6579, 316.53
4.76521, -652.516, 808.901
4.77315, -179.032, -445.85
4.91125, 930.031, 918.781
5.07896, 367.747, -650.436
4.50207, 202.18, 822.348
4.22945, 975.485, 480.519
6.64533, 931.132, -236.426
3.02204, -727.155, -791.27
6.40057, 579.166, 560.911
3.19919, -296.637, -238.221
2.62171, -790.78, -522.422
6.0664, 404.722, -745.659
7.15538, 142.513, -825.702
7.47667, 192.079, 173.87
3.86264, -872.984, 152.798
3.6923, -482.516, -258.207
3.87328, 955.116, 617.69
5.70836, -903.609, -729.395
5.17637, 308.361, 149.448
6.8967, 821.484, -293.294
6.75968, -669.913, -827.443
2.98004, 895.443, -46.5816
4.66818, -738.758, 218.96
3.17045, -200.97, -752.607
5.86802, -172.823, 305.566
5.34964, -52.1419, -468.159
3.66474, -613.147, 575.925
5.50306, 264.542, -684.604
2.6551, -796.472, -25.8795
7.08512, 565.124, -308.105
3.82958, 860.705, -178.694
6.50016, -181.233, -511.331
5.46389, 157.219, -725.819
5.0822, 341.424, 626.533
5.2567, 327.232, 635.258
3.47225, 495.855, -236.687
5.36152, 131.133, -738.862
3.81992, 208.755, 399.88
4.41648, -766.724, 538.045
2.73626, -760.534, -897.482
4.22823, 585.847, -673.432
3.61594, 657.211, -426.146
3.81264, 19.3245, -726.206
3.05141, -427.211, -405.759
7.40088, -703.191, 15.4619
5.93794, 796.7, 635.321
5.82158, -547.547, -376.168
5.99501, -599.144, -670.577
2.68746, -829.13, -763.934
3.6706, -631.359, -746.394
3.95397, 736.156, 688.488
3.50543, -25.1697, -245.749
2.7177, 352.952, 343.416
2.56571, -524.276, 523.082
6.07297, -523.225, 765.06
6.88348, -867.244, -619.956
5.35088, -885.388, 275.135
6.92743, 860.624, 854.16
5.20042, -357.98, -278.07
3.31357, 928.316, -642.218
3.30492, 949.795, 441.934
7.19182, 310.001, 283.531
3.45628, 549.679, -845.244
3.15761, 3.95777, -97.4378
4.41122, -301.566, -9.04413
6.12674, 259.646, -257.299
2.50651, 542.318, 868.744
4.60222, 24.7888, 733.724
5.18984, 297.735, -215.808
4.86596, -237.266, 245.386
6.33003, 546.362, 864.463
2.9396, 556.062, -457.032
7.04284, 139.826, 321.837
3.20818, -856.775, -402.578
2.54782, 422.966, -47.8265
2.82267, 257.634, 517.489
4.96742, 380.439, 221.84
5.40914, 525.668, 969.169
4.03373, -942.635, 543.617
4.57091, 889.971, -68.6378
4.33401, -578.824, -683.148
3.42687, 168.324, 663.377
2.76788, 622.627, 181.242
4.47222, 536.237, -64.5695
3.98388, -346.787, -132.921
5.05388, -394.928, 817.745
3.75392, -706.096, 228.34
5.01589, 953.183, 888.713
2.51168, -2.39007, 778.328
7.01807, 986.321, -446.966
2.79181, -908.681, -941.788
5.17506, -675.655, 808.474
3.95754, -380.143, 868.733
7.3023, -799.357, -263.13
4.73406, 323.151, -108.698
5.08479, 887.125, 169.246
5.93861, -248.86, 32.9479
2.72187, -160.295, 72.6369
7.2946, -794.655, 604.368
5.70852, 368.801, 154.901
2.80215, 621.745, -774.793
3.33964, 53.0709, 267.105
5.76491, 488.412, -241.555
6.19864, -769.389, 336.687
3.57011, 847.275, 205.417
4.31441, 153.801, -862.059
6.56981, -647.145, 929.985
5.32057, 807.904, -469.929
7.45886, -48.7973, -878.155
6.5669, -763.174, 391.942
3.49157, -986.603, -22.1092
2.50003, -141.905, -833.22
4.62608, 934.808, -759.169
4.07406, 851.274, 206.233
5.56218, 605.451, -928.267
3.83351, -188.663, -539.641
4.39881, -594.047, -63.4716
5.43397, 951.182, 299.776
5.95636, -139.875, -503.591
7.26736, -454.054, -568.255
4.89785, -293.379, -947.035
3.60319, 381.939, -720.897
5.33741, -718.411, -452.312
6.09873, 421.885, 361.414
4.4953, -493.249, 553.933
3.48326, -692.772, 973.139
6.66971, -666.756, -756.257
5.59561, -449.997, -863.56
7.26866, -285.386, 185.168
3.23222, -14.0649, -267.079
5.38953, 36.1234, -456.577
7.26796, -387.621, 710.612
3.62331, 718.572, -987.78
7.25137, -495.489, 794.521
3.07874, 787.377, -507.195
2.58372, 30.7741, -250.849
3.90465, -356.384, -165.919
7.15042, 634.734, 178.943
3.04796, 761.587, 876.301
6.77266, 25.2641, 818.752
5.68532, -722.439, -728.912
5.63853, 405.076, -710.237
3.80589, 722.287, 738.094
5.13936, -952.376, 212.08
7.16608, -273.428, 891.825
3.98055, 918.46, 113.374
4.78006, 159.501, 442.585
6.35659, -658.902, -603.05
4.17193, 119.264, 123.832
6.31775, -39.9624, -928.097
6.65892, -30.5664, 939.777
2.64618, -724.535, 566.658
4.31315, 711.985, -266.02
4.16221, 276.182, 463.205
3.17675, -513.891, -291.313
3.00839, -304.282, 622.405
5.11327, -607.058, 808.127
3.52046, 30.6599, -529.415
5.00728, -863.696, -620.905
5.1371, -6.25098, 963.303
4.13422, -263.027, -293.319
4.75888, 227.515, -439.197
6.85263, -6.24398, 967.09
4.72884, 639.726, 863.872
6.03726, -457.353, -909.234
6.83171, 905.712, -697.374
6.5822, 858.747, 212.593
2.67504, 885.008, 840.138
3.8644, -648.401, -238.973
5.21858, -420.916, -430.037
3.19942, -956.616, -558.886
5.57408, -771.975, -931.87
3.29182, -668.399, -604.531
4.41129, 100.557, 220.02
5.94997, -94.8932, 188.407
3.21128, -394.599, 466.076
5.65284, -783.983, 787.461
3.15973, 192.614, 935.724
7.13583, -735.096, 243.417
5.53465, -936.188, 783.867
5.50388, -928.321, 380.272
3.33635, 592.053, -521.117
3.301, -868.217, -396.784
5.91628, 615.366, -26.806
5.1456, -704.988, -11.2334
3.65264, -139.92, 793.389
6.55373, -505.413, -54.7538
5.76477, -418.442, -557.589
4.08597, -571.919, -591.542
2.53953, -260.404, -811.045
3.49176, 730.26, 727.856
3.78831, -5.73205, 380.484
3.03825, 879.916, 38.8268
3.49545, 127.164, -427.177
6.75079, 803.762, -769.952
6.63912, -966.154, 214.236
6.76813, -967.138, -556.263
5.71027, 291.319, 777.322
3.6787, 716.485, -978.655
6.80638, -502.803, -803.399
5.4745, 35.3533, -106.892
2.52745, 503.886, -36.6944
6.84925, -662.594, -468.624
7.37729, 648.256, 98.9155
5.59653, 375.519, 15.9718
3.85574, -926.987, 380.673
7.46973, -163.183, -626.504
4.60751, -717.7, -525.149
4.20537, -792.277, -613.268
4.80717, 376.961, -129.325
4.44822, 261.632, -382.701
4.613, -45.8301, 514.311
2.84879, 130.042, 291.142
5.5153, -53.0493, -134.705
7.36114, -49.8354, 227.549
5.07406, -697.646, -530.067
7.45461, 948.342, -136.228
5.84906, 618.497, -129.745
4.01716, -604.566, 68.6467
3.47371, 866.901, 577.418
4.0109, -713.206, -929.821
4.93946, -336.395, 459.531
4.72438, 531.785, 985.01
5.7844, 322.224, -933.346
3.74227, -772.649, -668.305
4.72007, 54.0987, 553.736
5.75894, -692.62, 45.9723
6.67472, -716.642, 192.89
6.03698, 191.707, 810.117
4.93928, -865.779, -614.542
6.72039, 397.917, -235.156
7.00296, -516.079, -193.65
6.33082, -653.78, -520.981
5.29453, 632.38, 853.96
2.70603, -4.01856, 69.8794
5.46749, 561.936, 67.1701
2.68674, -669.869, 810.415
4.53488, 30.1695, 436.892
2.84243, -969.925, -878.813
7.38558, -769.723, -882.945
2.5956, -512.13, -238.21
6.60363, -155.001, -263.978
5.2195, -390.29, 861.28
5.72828, 786.858, -333.489
3.62934, -259.625, 39.1096
2.733, 835.527, -702.221
3.63154, 206.992, -549.923
4.58371, -633.696, 134.176
6.40126, 264.205, -628.505
3.72852, -924.849, 370.899
4.81411, 647.673, 100.451
6.14756, 927.272, 289.599
5.35237, -331.456, 812.049
5.45997, 929.505, 909.233
4.98425, -933.473, 279.361
3.951, 472.828, 119.776
4.71107, -11.6016, -237.246
2.53669, 850.547, -397.707
7.41683, 500.048, -359.261
2.52822, -800.852, -165.103
4.8676, -117.977, 746.659
5.86497, -312.266, -123.138
