6.27803, -342.542, -445.45
3.5948, 11.0808, -110.578
5.89648, 125.411, -288.251
5.09708, -106.018, 475.477
2.76731, -399.339, 341.069
2.53849, 85.3704, 1.86712
4.58743, -490.521, -104.014
7.15218, 36.4364, 282.329
2.95982, -96.1824, 313.273
6.00595, -26.6043, 135.032
3.81226, 198.788, 336.17
4.14117, 79.6737, -332.118
7.45519, 249.465, 163.531
7.41275, -244.644, -86.7504
5.75759, 269.804, 153.829
6.92354, 140.583, -306.864
6.33247, -8.06563, -100.576
3.87453, -277.007, -88.5316
4.93259, -244.511, -103.142
2.80282, 354.963, 339.405
5.08146, -39.9061, 394.327
4.96988, 352.574, -219.589
7.23882, -308.346, -185.05
4.42071, 35.9152, -361.46
5.14874, 324.656, -115.683
2.75042, 455.621, -37.3754
6.63909, 231.675, 163.799
5.94228, -427.406, -338.434
6.18112, 90.0766, 336.269
6.94286, 397.529, 161.959
4.25508, -164.887, -266.448
6.72991, 91.1134, 13.2737
3.84659, 341.511, -87.9192
4.83959, 37.3036, -84.6051
3.2686, -321.672, -212.787
2.66527, 302.406, 71.6553
7.2768, -1.51967, 34.4497
6.95369, 54.584, 248.292
3.29884, 342.039, 124.849
3.15214, 214.71, -287.249
2.515, -225.412, -409.009
6.0491, -473.123, -85.707
3.40448, -260.089, 437.897
5.76029, 386.991, -182.461
4.42907, 181.346, -349.665
3.23766, -0.258851, -112.274
5.45054, 345.575, 87.1871
3.24076, 56.146, 455.408
3.2091, -91.2333, 483.304
4.94257, -247.873, 64.8985
3.13015, 461.094, -35.9694
5.64635, -180.751, -300.242
5.60817, 151.254, -373.288
4.88216, -252.158, 303.073
2.64188, -296.749, -110.686
3.21011, -73.5025, 401.674
3.15594, -89.6877, 447.486
3.31099, -407.826, 385.648
3.76529, -134.661, -428.936
4.77654, 283.153, -364.891
6.54472, -47.6997, -150.476
3.57624, 151.646, 431.674
3.75063, 408.922, 179.592
5.02978, -28.7374, 360.86
