6.27803, -355.073, -470.628
3.5948, 25.5259, -45.4462
5.89648, 213.954, -357.463
5.09708, -0.929221, 376.526
2.76731, -427.841, 333.552
2.53849, 133.648, 40.0527
4.58743, -431.298, -100.33
7.15218, 67.8682, 237.629
2.95982, -62.3, 393.819
6.00595, -52.4147, 144.256
3.81226, 227.947, 367.092
4.14117, 167.282, -386.463
7.45519, 285.168, 123.348
7.41275, -301.038, -139.22
5.75759, 245.489, 217.062
6.92354, 155.632, -384.511
6.33247, -55.9534, -172.33
3.87453, -246.724, -48.0181
4.93259, -252.675, -170.734
2.80282, 379.258, 366.305
5.08146, 17.2024, 362.997
4.96988, 404.717, -191.372
7.23882, -362.504, -195.045
4.42071, 20.0709, -392.55
5.14874, 376.286, -159.199
2.75042, 422.961, -38.0366
6.63909, 244.363, 183.781
5.94228, -457.973, -348.998
6.18112, 118.3, 365.744
6.94286, 451.365, 206.78
4.25508, -179.769, -246.341
6.72991, 35.4542, 6.19624
3.84659, 340.78, -86.9027
4.83959, -4.71232, -64.8448
3.2686, -300.284, -130.03
2.66527, 274.13, 140.199
7.2768, 51.3882, 6.34157
6.95369, 83.8716, 192.923
3.29884, 278.453, 125.324
3.15214, 189.567, -348.574
2.515, -199.951, -368.461
6.0491, -385.042, -129.442
3.40448, -228.958, 408.906
5.76029, 413.134, -182.959
4.42907, 210.679, -348.473
3.23766, 24.1937, -61.0143
5.45054, 278.507, 144.058
3.24076, 6.75497, 357.784
3.2091, -39.0726, 391.219
4.94257, -226.912, 33.0517
3.13015, 404.371, -37.4612
5.64635, -171.883, -266.133
5.60817, 122.051, -397.131
4.88216, -223.967, 298.44
2.64188, -280.577, -125.02
3.21011, -66.9869, 400.09
3.15594, -71.8685, 401.548
3.31099, -392.29, 361.352
3.76529, -134.22, -386.096
4.77654, 194.669, -365.81
6.54472, -31.0691, -145.871
3.57624, 86.3269, 335.065
3.75063, 355.88, 160.231
5.02978, -6.61478, 374.693
