6.27803, -644.773, -563.654
3.5948, -66.091, -127.877
5.89648, 428.596, -461.647
5.09708, -320.779, 957.572
2.76731, -865.971, 553.86
2.53849, 363.057, -91.0045
4.58743, -822.434, -270.142
7.15218, 262.814, 270.534
2.95982, 34.3346, 727.415
6.00595, -161.423, 325.895
3.81226, 568.058, 754.141
4.14117, 286.97, -585.322
7.45519, 265.462, 172.121
7.41275, -512.279, -281.978
5.75759, 244.864, 226.924
6.92354, 115.865, -568.13
6.33247, -246.243, -429.8
3.87453, -526.452, -219.991
4.93259, -651.022, -291.29
2.80282, 630.012, 670.756
5.08146, -3.43931, 783.864
4.96988, 652.371, -587.912
7.23882, -528.766, -614.755
4.42071, 137.902, -533.477
5.14874, 750.102, -426.206
2.75042, 841.801, 17.2405
6.63909, 375.524, 358.925
5.94228, -491.209, -636.879
6.18112, 175.422, 660.725
6.94286, 692.48, 451.511
4.25508, -184.289, -461.131
6.72991, 207.765, 34.5669
3.84659, 622.234, -133.328
4.83959, 77.3738, -167.835
3.2686, -604.969, -450.587
2.66527, 654.243, 91.884
7.2768, -29.1612, 101.911
6.95369, 334.915, 266.285
3.29884, 660.032, 82.812
3.15214, 257.547, -489.002
2.515, -567.338, -639.023
6.0491, -882.336, -108.839
3.40448, -524.22, 588.246
5.76029, 724.354, -350.6
4.42907, 310.55, -696.455
3.23766, 117.029, -135.3
5.45054, 425.425, -71.5075
3.24076, 270.433, 679.965
3.2091, -194.595, 626.513
4.94257, -388.137, 100.756
3.13015, 923.456, -67.0391
5.64635, -180.532, -466.267
5.60817, 220.894, -397.207
4.88216, -462.577, 543.047
2.64188, -195.491, -70.1232
3.21011, -0.432739, 595.046
3.15594, -173.041, 690.643
3.31099, -796.502, 748.074
3.76529, -338.539, -513.503
4.77654, 600.86, -707.346
6.54472, 54.9577, -243.57
3.57624, 62.7661, 555.852
3.75063, 643.716, 465.859
5.02978, 53.8251, 746.378
6.27922, 671.372, 57.7448
5.66369, 764.855, -13.441
5.9449, 511.645, -12.8082
7.27207, 686.808, 588.831
5.18713, -392.65, 702.973
4.57014, -650.79, 12.9919
4.70019, 511.193, 214.67
6.07821, 548.873, 344.122
6.20858, 312.63, 418.883
5.12494, 664.641, -771.356
6.06711, -533.233, -80.6602
5.91025, 393.786, 74.1102
6.82941, 800.877, -334.794
3.19597, -292.761, 592.786
3.57766, 577.156, -113.618
5.0733, -416.345, -243.639
4.83766, 53.8539, 675.912
3.55759, -162.692, 650.841
5.65244, -686.803, 995.023
2.5044, -618.892, 224.206
4.09589, 230.452, 204.408
5.90281, 314.509, -110.524
6.0446, 467.959, -407.48
2.90869, -685.514, 440.9
3.56926, 302.302, 330.185
4.44412, -659.225, -595.596
4.44927, 886.272, 881.3
3.92018, 288.535, -383.463
4.6123, 395.135, 355.887
2.55658, -609.615, -435.288
3.72027, 892.896, -616.025
4.49072, -587.741, 506.82
6.64177, -795.825, 245.536
3.78584, 863.172, -705.885
3.59705, -649.227, -575.036
6.47385, 317.616, 263.435
5.8476, 190.449, 303.615
5.49108, -893.505, 272.942
5.99917, -8.59744, -451.748
5.13062, 586.017, -706.327
4.14833, 169.708, 91.5878
3.30844, -708.407, 195.107
6.56633, 493.753, 61.7808
4.08004, 324.813, 130.451
4.05369, -65.5726, -396.401
4.65424, 104.375, 66.6741
4.46509, -34.4817, -509.4
4.43916, 78.6999, -177.79
4.34871, -581.31, -539.754
5.88118, 163.203, -422.572
6.10384, 212.693, -7.89655
7.20082, 149.889, 632.162
5.08573, 2.73482, -471.575
5.5282, -112.206, 195.866
5.85049, -654.582, 908.28
5.11404, 159.149, -158.971
3.87105, -954.758, 637.285
7.08924, 123.198, 316.946
3.73367, 660.927, -442.101
4.77876, 234.012, 299.283
3.30374, -944.732, 640.044
4.68319, 192.159, 186.366
7.45767, 317.505, 205.866
6.26931, -323.629, 310.959
4.97846, -641.075, -434.547
7.01651, -701.888, -646.286
4.68213, 586.6, 531.382
5.09239, 103.82, -515.334
4.44866, 237.342, -594.403
5.63431, -115.81, -497.934
5.19331, 322.133, 215.613
4.35955, 689.422, -464.981
2.54674, -304.049, 295.649
6.3794, -117.517, -476.803
2.85317, -656.115, -622.104
3.98511, 393.203, -717.364
4.78581, -40.7159, -902.346
3.25156, -94.5166, 47.0023
5.97819, 692.74, -451.104
4.15587, 307.679, 76.4888
5.21197, 884.196, -626.099
2.64678, 511.027, -933.74
5.38086, -7.7311, -226.998
5.18133, 298.707, 410.201
7.36678, -726.433, -542.666
5.57063, -165.323, -409.226
5.26431, -717.696, 222.445
6.69051, -264.573, 916.349
3.75764, -488.757, 787.96
6.98957, 604.088, -125.357
5.97428, 357.879, -309.151
5.82752, -506.762, -45.7972
3.06838, -676, -783.42
3.37987, -725.969, 230.111
2.91253, -159.829, 157.038
6.68103, 7.83667, 267.532
2.64818, 785.03, -635.758
6.34719, 134.736, -535.989
4.29829, -297.641, 623.075
6.24626, 159.351, 381.758
6.28385, 294.946, 281.725
3.60834, -369.712, -559.801
5.58305, 290.938, 193
3.66846, -482.835, -177.339
6.22052, -727.181, 188.122
5.80997, -769.291, -500.603
4.9209, 826.204, -754.397
2.58972, 708.986, 137.514
4.98291, 292.02, 189.88
5.09587, -2.92909, -618.019
4.71395, -735.979, 207.461
4.14528, 122.43, 677.738
3.52671, 269.859, -18.2644
7.19863, -94.5994, -532.429
2.85168, -456.453, 857.99
3.30042, -115.126, -473.062
6.70788, -666.719, 31.6644
4.13614, -177.731, -282.461
6.85942, 250.983, 270.226
5.99896, 462.773, 482.275
5.52801, 865.499, -176.036
4.77536, 33.013, -190.204
2.91543, -491.023, -177.74
3.94883, 27.9408, -187.053
6.51009, -735.944, -690.655
6.81821, 355.371, -94.535
3.81831, 207.554, -426.871
4.79881, -700.936, -337.789
4.95672, 539.202, -540.655
5.82344, -401.214, -538.349
7.31738, -520.153, -95.2722
7.23022, 565.251, -670.601
2.81902, 271.639, -633.686
5.04829, -492.272, -178.002
6.13222, 681.196, 525.97
5.65882, 346.184, -114.241
3.26658, -599.299, -730.429
5.09652, -723.607, 178.325
3.52281, -285.038, 670.249
6.03231, 300.788, -584.434
6.05786, -492.789, -222.2
3.66304, -374.226, -400.472
6.80594, 25.3674, -190.832
2.67122, -9.18701, 531.395
6.26587, -782.461, 246.747
4.14789, 591.998, -163.689
4.65309, -151.085, -376.246
7.33455, 634.78, -328.364
4.05803, 713.044, 683.803
5.69762, 851.926, -588.318
5.95386, 604.618, 193.391
5.36403, 93.9089, 523.916
6.60667, 849.294, -716.734
4.21807, -727.908, -620.781
5.09387, -803.84, -748.084
6.78438, 183.592, -494.196
6.18587, 355.527, -91.4179
3.45992, -771.687, 70.6719
2.83145, -295.794, 267.862
3.60828, 967.841, -589.469
3.33656, 33.5549, -221.137
6.31172, 427.841, -457.034
5.44905, -714.134, 318.499
4.65223, 866.908, 856.674
7.09618, 497.266, -33.3864
5.09668, 155.776, 253.102
7.38058, -489.886, -110.378
5.15714, -289.902, -19.1881
2.98716, 265.04, 227.993
5.83983, 209.066, 50.915
5.44444, 239.617, -2.69389
5.01137, -455.172, -111.178
2.75808, -629.494, 126.698
2.6753, -199.96, 118.965
4.41484, -593.222, -521.634
5.55555, 170.901, 71.8125
5.06574, 544.173, 871.356
5.98498, 411.545, -86.9615
4.89891, -65.9561, -147.27
3.88323, 58.5453, 393.564
6.01685, -270.333, 23.2029
3.67701, 847.634, 21.4139
6.41501, 169.432, -194.445
6.60589, 52.9826, 553.894
3.21842, -392.138, -86.3724
5.75757, -474.25, 814.312
3.87677, 868.225, -593.06
7.26215, -363.132, 711.611
4.58238, -529.848, 182.559
3.03869, -134.176, 118.419
4.70633, -729.63, 558.543
6.28811, -417.466, -209.876
2.77803, -297.387, -119.457
3.51241, -78.1338, 64.9445
6.82305, 945.7, -788.179
6.52456, -119.946, 37.6202
2.78861, -745.652, -465.526
4.40304, -60.839, -394.472
4.56124, 104.436, 756.402
2.80071, -177.578, 306.668
7.09746, 518.845, 544.037
3.35398, 534.221, 743.839
6.51634, -693.234, 137.504
3.88599, 743.18, 58.642
4.44586, 203.647, 604.498
7.19936, 94.3396, 517.852
6.24573, 239.344, -150.881
3.44774, -544.635, 513.401
6.89581, 275.211, 426.938
6.8953, 335.703, -674.337
3.30515, -559.577, -340.355
5.87346, -592.239, -317.792
6.89096, 650.781, 166.891
6.98262, 309.756, 440.774
3.06535, 51.0429, 752.397
5.93789, -46.6283, -139.253
3.21651, -815.828, -767.37
3.6901, 216.362, 0.220587
5.64383, 626.089, -319.299
4.312, 644.665, 464.244
4.64437, 578.156, 501.82
4.91936, 2.31136, -615.024
6.20379, -124.664, -170.403
3.23098, -437.437, 827.551
7.36238, -820.363, -754.007
7.3158, -495.515, -194.928
3.14741, -308.927, 564.861
5.3784, -177.448, -462.171
4.66439, 177.983, -194.512
5.50066, -277.986, -316.248
5.85098, -672.111, -73.3386
4.5137, 396.482, 802.686
6.46691, 539.325, 564.726
4.89889, -628.19, -123.419
5.72449, 348.128, 248.533
4.28836, -168.122, 599.734
5.96794, -356.914, -167.155
5.83428, -421.224, -480.495
3.22071, -412.553, 738.791
7.10415, -972.58, 213.935
4.22228, 45.0472, -189.529
6.66824, -316.385, -414.443
2.74349, 221.062, -401.705
3.27936, -273.897, 30.0859
2.55765, 301.847, 456.866
3.94327, 9.78614, 615.269
5.07295, -372.801, -179.396
3.65948, 592.663, 384.843
2.75022, -247.224, 42.7799
5.33091, -633.781, -473.32
6.69774, -155.893, 641.348
4.28763, -680.477, -481.82
4.3452, 317.547, 643.414
7.22226, 385.911, -111.631
4.72425, -881.943, -130.451
6.82086, 293.207, 187.467
5.82654, -663.197, -477.971
5.79297, 252.66, 614.412
7.10736, -754.191, 719.443
5.11536, 858.573, -749.493
5.45229, 378.888, -375.269
5.79944, 636.139, 553.865
4.24765, 295.734, 429.059
4.11714, 358.326, -88.1868
7.08984, 48.9915, 678.035
3.08619, 738.331, -406.579
7.31268, 639.37, 46.0919
5.17978, 44.7318, -334.824
5.81447, 761.213, 669.764
5.48362, 663.271, -459.609
6.93363, -612.587, -571.955
6.67999, -640.888, -513.456
6.69339, 290.212, 114.574
6.85642, -110.662, 218.769
2.5002, -746.874, 325.809
4.77274, 438.532, 120.799
4.25696, -693.852, 138.46
5.80713, -166.997, 560.01
6.22234, -774.218, 259.397
3.3821, -134.808, -512.854
7.4621, 875.815, -639.11
5.95466, -854.283, 155.758
6.97862, 241.12, -13.6946
3.51579, 182.883, -122.825
7.2356, -494.605, -238.139
4.88476, 708.391, -332.883
6.78578, 957.751, -620.188
6.41237, -542.308, -632.942
5.70687, 898.046, -898.645
3.14521, -657.699, 239.344
5.77944, 32.4487, 724.643
3.09199, 94.2957, -88.1088
3.88793, 242.095, 755.197
6.65548, -275.1, -316.023
6.14153, -638.515, -531.656
6.74348, -668.136, 235.211
3.43989, -708.564, -779.887
6.09602, 567.688, -324.725
4.25586, 196.189, 318.193
3.34555, -452.319, -489.317
4.52383, 333.852, -452.981
4.20924, 204.508, 596.236
6.67141, -15.9244, -192.463
3.9111, 624.802, 541.805
5.16766, -661.712, -485.172
6.25085, 696.893, -633.79
4.62554, -676.084, -733.962
4.66964, -460.132, 551.158
3.03022, 740.561, -708.38
6.4639, -103.063, -518.951
3.91232, -601.328, -417.6
7.14264, -354.094, -236.092
5.37926, 63.0372, 233.81
3.4895, 837.025, -318.261
5.99081, 578.016, -714.927
3.07265, 571.535, -548.303
4.22945, 285.449, 780.214
4.15646, -371.366, -403.16
6.42735, 867.243, -632.751
6.65775, 333.307, -186.138
4.21712, -582.632, 690.693
4.2603, -290.815, 689.74
6.38197, 214.477, -706.343
6.58658, 43.9363, 718.046
4.26157, -106.618, 231.167
7.09559, -322.61, -180.167
3.2877, 421.594, 219.383
5.56029, -455.459, 559.565
5.54222, -414.019, 738.076
3.16647, -239.598, -403.314
3.51409, -672.667, -546.732
4.79457, -594.032, 499.56
3.48759, -499.559, 934.431
6.77118, -741.827, 327.188
6.54562, -764.989, -596.484
2.80131, -734.302, 608.226
6.50584, -571.091, 504.518
5.49597, -130.446, -518.501
7.43182, -797.135, 238.904
2.65919, -38.897, 669.667
6.8356, 772.693, -693.171
3.69109, 670.778, 342.067
3.6127, 205.847, 293.136
4.73907, -987.948, -540.648
2.61231, 787.422, -40.5872
6.79755, -258.419, 32.7999
4.15902, 203.947, 591.694
5.72195, 328.173, 250.279
7.43521, -563.609, -638.554
5.30162, 338.961, -553.125
4.74553, -649.944, -271.432
5.213, 178.492, -693.835
2.90797, 786.168, -21.9231
3.99606, -498.459, -248.145
6.63964, 801.904, 634.763
6.48936, 478.335, 618.783
5.71048, -76.369, 571.005
4.84105, 531.178, 184.168
7.15326, -130.632, -512.464
5.08798, -264.629, 27.7179
7.42924, 741.418, -398.262
5.94567, -180.846, -463.2
6.19966, -192.47, -541.316
3.46323, -532.743, -692.511
6.08881, -451.168, 542.056
6.11146, 749.442, -151.736
6.49298, 383.703, 125.251
4.23216, 183.562, -621.425
5.1481, 2.66094, -218.099
3.19001, 857.793, -328.469
6.73218, -266.364, -321.174
6.32766, 89.941, -497.939
7.5, 675.615, -439.353
4.24891, 353.037, 689.938
5.50367, -396.767, 555.062
3.50808, -348.193, -32.2729
6.2385, 127.876, 57.9394
6.49225, 575.05, 160.552
3.03505, -561.087, -47.8145
5.35813, -345.914, -44.4434
2.84683, 234.79, -379.466
4.16036, 716.685, 681.356
5.80945, 348.898, -656.683
5.27726, 45.904, -233.391
7.12415, 205.8, 69.98
2.69832, -319.472, -80.4067
2.62083, -308.334, 0.703097
4.61923, 288.609, -657.408
4.36987, 371.502, 159.921
2.93303, -282.002, -311.618
3.05403, -157.497, 174.716
5.31992, 251.151, -367.02
7.37269, -39.6002, 584.395
3.05066, -1.94698, -628.766
5.99352, 258.246, 676.983
2.79674, -106.584, -440.965
4.69755, 645.937, 94.1876
5.24651, 646.268, 621.564
3.45129, 565.187, -555.74
7.36597, 320.755, 259.988
3.19593, -650.356, -47.5208
5.48978, 825.894, -469.09
7.12812, -690.694, 707.135
3.91116, 31.5701, 736.878
6.8307, -161.272, -102.515
6.29598, -25.1884, -479.052
6.10793, 313.934, 444.894
3.34241, -191.824, 403.096
3.32882, 571.471, 383.341
3.39076, -638.515, -489.673
5.87226, 371.727, -527.401
4.83484, -105.983, 36.6693
6.85219, -567.835, -229.181
5.76023, -387.444, -70.6165
5.80464, 530.482, 788.285
2.58037, -631.021, -610.608
4.30596, -766.828, -625.678
3.72747, 814.031, 72.0189
6.93086, -640.588, -699.944
5.23701, 655.312, 650.689
6.57209, -91.7995, -448.291
5.24453, 318.883, 638.21
4.16156, 526.932, -15.8815
4.40213, -90.599, -587.099
2.52389, 662.558, 422.447
6.95226, -17.8734, -456.708
6.16955, -381.886, 554.434
6.04239, -145.218, 635.284
5.1278, -60.7389, -251.958
6.41065, -203.472, -450.399
3.42484, -401.84, -367.6
5.72673, 61.2983, 234.651
3.42178, -806.778, -164.515
3.31214, -51.6153, -162.834
2.65594, -219.562, 684.662
7.42716, 171.686, -711.638
4.04559, -224.2, -476.715
4.11075, -564.179, -278.556
5.51155, 285.397, -236.518
2.89107, -302.038, -618.339
3.93936, -29.2858, 148.915
5.79307, -228.019, -421.288
7.36348, -703.122, -596.887
7.27758, -239.011, -483.937
7.42745, -691.137, -298.084
7.30478, -718.882, -458.128
3.0073, -301.213, 616.01
3.71505, -124.949, -490.905
6.91151, 98.4573, -434.812
5.28805, 340.936, 703.297
6.7669, 803.992, 515.667
7.49145, -532.101, 519.397
3.99751, -249.925, -477.438
6.33157, 983.667, 491.043
4.81901, 283.331, -142.781
6.8168, -636.239, -795.062
6.99018, 861.949, 6.71404
7.377, 258.282, -417.667
2.77405, 661.337, 88.0908
6.32605, 950.586, -620.754
5.09219, -935.321, 739.755
3.46574, 939.329, -249.122
6.98252, 193.896, -542.858
6.38492, -830.455, 98.9564
2.75968, 416.796, 542.179
7.47331, -856.725, 767.128
5.93659, -0.455238, -460.165
5.94854, 889.294, 496.87
6.57666, -657.545, 823.544
7.05426, -36.2458, -434.346
3.34218, -201.384, 406.365
5.24183, -579.872, 804.987
6.53351, -473.699, -254.445
4.17803, 317.826, -528.335
5.53435, -94.2377, 44.2593
6.59602, -956.466, 334.209
7.3485, 83.6142, -245.381
6.29349, 586.571, 492.568
3.72113, -186.498, -93.5431
5.80589, -572.361, 404.559
4.21574, -447.214, -185.902
7.27146, 376.801, -397.074
2.60828, 804.607, 556.363
4.54979, -892.496, 948.479
2.55789, 592.044, -672.88
3.04964, 842.935, 204.01
5.28259, -853.921, 90.0317
4.45466, -37.1364, -233.24
7.20539, 118.217, -182.655
2.55572, 179.272, 398.058
6.22897, -225.233, -434.476
3.84293, 108.619, 131.378
4.27153, -676.765, -765.665
3.45835, -468.53, 616.62
5.14832, 296.308, -171.101
4.39478, -60.1072, -854.291
3.16407, -13.49, -802.286
4.26563, -123.42, -567.508
4.2497, 784.298, 987.61
7.41084, 603.279, -121.693
5.25961, 153.273, -397.556
4.99918, 13.0901, -713.512
3.58531, -834.805, 459.281
4.37311, -229.564, -654.144
6.78251, -670.613, -471.289
6.45578, 786.732, -509.147
3.9204, -498.501, 928.393
5.07645, 437.795, 99.628
6.79238, -296.261, -27.0289
7.07844, -959.185, -175.577
7.48941, 137.264, 919.028
6.53177, 175.304, -198.939
5.22718, -913.181, -183.549
7.3461, 149.399, -739.8
5.31931, -585.582, 362.671
4.03031, -414.256, 661.366
5.41853, 969.842, 955.967
2.91197, 43.1592, -334.261
5.47382, 363.306, 615.493
3.31968, -599.195, -591.694
6.46527, -605.08, -438.421
2.95373, 578.401, 743.651
6.3072, -505.948, -679.985
6.83996, -216.416, 34.1384
6.40105, 193.404, -334.611
6.61399, 908.707, 973.456
6.70974, 372.861, 554.077
4.48328, 536.785, 255.997
6.508, -159.909, 170.501
6.56811, 381.544, -44.4824
5.43493, -410.414, 101.837
4.64621, 797.278, -51.359
2.5002, -71.9317, -480.161
5.31153, -816.318, 316.13
6.22632, 335.247, 358.083
3.89846, 963.977, 304.926
2.93406, -989.635, 565.539
3.5733, 853.539, -881.605
3.93296, -492.676, 562.706
4.86595, -408.284, 476.324
6.95893, 846.122, 819.947
5.91955, 504.813, -498.692
3.54376, -52.1548, -63.7874
6.67533, 795.541, 12.7796
7.09218, 946.2, 917.412
4.48244, -474.22, -702.592
6.37858, 541.236, 542.898
5.68161, -162.653, -91.0428
6.64746, 484.004, 294.19
3.40204, 560.441, -455.731
7.45927, 575.417, -760.009
6.70558, -150.135, -845.49
4.65177, 889.62, 267.084
4.38589, 597.117, 891.924
2.70802, 657.408, -506.416
6.80715, -811.997, -542.796
6.62116, 909.304, -913.014
6.25052, 23.9444, 738.025
3.55801, -165.085, 996.597
4.31029, -782.19, -192.585
4.43545, -592.147, -806.245
7.32918, 798.418, 647.154
6.5872, -166.323, 634.129
4.5755, -82.9513, 449.926
5.83759, 206.719, 185.41
2.52101, 478.194, 974.861
6.98048, -739.656, 250.941
3.68416, -343.341, 355.664
3.79415, 361.486, -97.0802
5.4939, 407.716, -708.042
6.89823, -852.571, 381.931
6.16299, -566.521, -594.071
6.0773, 916.428, 571.245
3.57724, -609.541, 480.954
6.30413, 678.32, -959.083
3.85351, -159.604, -562.75
2.75246, 671.688, 353.696
4.78866, 267.385, 245.628
2.58759, 450.468, -780.956
3.01129, 76.338, -174.297
2.639, -128.462, 280.745
5.65921, -340.2, -515.044
6.34425, 89.2535, -248.449
2.74132, 525.442, -842.117
6.6924, -59.3389, -630.812
6.76899, -263.3, -323.094
6.57649, -442.875, 573.426
6.85188, 795.783, 406.663
5.27222, -636.037, -174.368
6.12646, -298.062, 61.8598
3.20424, -529.345, 943.976
6.6115, 603.119, -524.511
5.51185, 735.776, -197.969
4.93856, 510.261, -922.679
6.14942, -289.494, 957.2
4.05164, 757.757, -669.913
3.93925, -699.258, 355.167
5.45857, -955.661, 813.412
5.34055, 658.661, 889.19
5.41059, -939.228, -577.318
2.84132, -689.883, 283.293
4.34304, 148.618, -384.948
6.28475, -930.068, -579.929
6.35297, -449.299, -869.559
4.27217, -394.258, -251.586
5.98913, 244.564, 934.505
5.08005, -691.133, -306.816
5.94494, 392.834, 130.922
6.18066, -82.3184, 615.334
2.56231, -344.319, -676.404
7.16549, 610.968, -118.733
5.37826, 134.119, 126.979
3.05587, 456.908, 975.572
4.87388, -111.027, 21.6535
3.24247, 170.366, 89.9758
4.22594, 50.9128, 451.243
7.04476, -934.085, 175.591
4.54571, 15.9346, 515.144
5.96642, -674.937, -73.5817
3.35865, 385.513, -930.663
6.21715, 894.06, -498.552
4.16319, -422.583, 640.185
4.62157, 670.067, 311.101
2.79523, -137.138, -117.22
5.09005, 288.564, -233.704
5.94425, 475.657, -582.229
5.01149, -265.955, 26.6367
6.56617, -168.821, -752.553
3.07974, 81.1114, -941.744
5.24841, 264.065, 465.774
5.06046, 413.637, 21.5631
6.02649, 951.296, 441.896
5.65083, -235.602, 892.945
4.0207, -22.5152, -631.288
6.74719, 400.47, 373.676
3.39619, 601.022, -19.4806
2.61737, -531.977, -100.347
4.19467, 743.597, 55.3773
3.43818, 349.223, -82.5655
6.60467, -285.677, 193.471
6.72507, -896.252, -153.801
6.78031, 848.011, -722.616
7.37454, -955.498, 640.255
2.99587, 471.897, -448.832
2.56182, 564.35, 658.092
2.58614, 210.694, 594.759
2.64527, 253.647, 94.381
4.1031, 154.076, -376.032
6.17815, 628.575, 303.244
3.14876, 373.129, 474.111
2.5161, -367.644, 508.456
6.91905, 138.798, -791.804
3.70482, 232.253, -576.411
4.38481, -822.647, 756.423
4.44879, 607.593, 187.338
2.81534, 595.652, 295.745
7.30792, 183.788, 961.87
3.75349, 727.524, -337.436
6.85376, -682.289, -54.5443
2.85991, -920.5, 429.527
2.70653, -628.243, 580.314
3.46378, 365.286, -524.283
3.86708, -311.206, 302.832
7.4007, -954.544, -365.975
3.60607, 324.356, -543.323
6.43119, -876.505, 857.804
4.42306, 302.478, -423.019
3.78593, 481.317, -637.681
3.91087, -951.413, 67.0575
7.33834, 869.692, -32.5548
4.22841, 770.968, 174.139
3.45922, -986.886, 738.562
5.05037, -548.458, -376.09
5.21857, -559.166, 635.891
5.72333, -633.888, -616.209
3.89738, -10.141, 787.291
3.41887, -296.462, -721.858
2.71579, -835.306, 386.451
3.98408, -511.947, -278.951
4.25548, -231.707, 141.355
7.09372, -421.441, 733.356
5.81225, 494.225, -358.514
5.08041, 867.854, 587.663
4.03763, 618.171, 590.028
3.0007, -354.185, 155.985
3.47502, 380.638, -881.633
4.11407, 31.7512, -133.275
5.56182, 967.822, 86.4502
5.13511, 962.577, -986.078
3.45653, 254.74, 286.443
4.7178, -656.633, -429.622
4.48693, -711.738, 857.575
6.28051, -608.168, 744.891
6.6213, 737.588, 602.65
5.51573, 141.858, -343.658
3.04573, 611.483, -831.52
4.11797, 488.227, -165.497
5.03403, 7.61712, 319.391
4.76521, -648.426, 797.011
4.77315, -182.191, -463.982
4.91125, 917.83, 908.725
5.07896, 370.085, -651.611
4.50207, 193.243, 813.128
4.22945, 960.892, 486.282
6.64533, 925.845, -239.369
3.02204, -734.502, -800.899
6.40057, 588.477, 570.986
3.19919, -297.895, -239.799
2.62171, -806.265, -513.288
6.0664, 407.712, -757.991
7.15538, 159.149, -822.386
7.47667, 179.272, 175.294
3.86264, -870.75, 152.86
3.6923, -486.491, -248.263
3.87328, 965.76, 620.87
5.70836, -910.674, -731.773
5.17637, 311.303, 157.571
6.8967, 839.217, -297.802
6.75968, -656.831, -844.922
2.98004, 913.14, -33.1479
4.66818, -753.858, 195.353
3.17045, -206.742, -759.1
5.86802, -156.821, 322.353
5.34964, -53.184, -484.322
3.66474, -625.841, 560.921
5.50306, 267.281, -691.243
2.6551, -805.671, -28.845
7.08512, 569.931, -313.406
3.82958, 862.592, -173.694
6.50016, -185.839, -509.085
5.46389, 173.506, -716.133
5.0822, 360.922, 623.676
5.2567, 317.732, 646.534
3.47225, 509.512, -233.087
5.36152, 119.246, -744.444
3.81992, 215.119, 403.535
4.41648, -765.052, 540.205
2.73626, -753.55, -897.647
4.22823, 587.969, -670.411
3.61594, 683.726, -439.774
3.81264, 16.275, -739.927
3.05141, -430.938, -401.526
7.40088, -706.672, 21.3767
5.93794, 812.889, 644.779
5.82158, -547.731, -382.947
5.99501, -602.582, -673.921
2.68746, -835.347, -778.549
3.6706, -628.461, -745.679
3.95397, 715.393, 694.396
3.50543, -42.6346, -262.748
2.7177, 379.309, 330.482
2.56571, -544.587, 527.245
6.07297, -528.801, 765.721
6.88348, -873.852, -631.581
5.35088, -891.404, 280.184
6.92743, 866.589, 873.852
5.20042, -356.157, -280.618
3.31357, 930.643, -648.84
3.30492, 971.576, 439.875
7.19182, 321.226, 287.994
3.45628, 555.445, -854.728
3.15761, -7.06326, -114.354
4.41122, -318.331, -4.42254
6.12674, 257.42, -267.372
2.50651, 546.328, 871.095
4.60222, 11.0627, 732.078
5.18984, 310.468, -213.94
4.86596, -239.189, 247.858
6.33003, 539.579, 878.222
2.9396, 555.196, -472.506
7.04284, 132.257, 324.515
3.20818, -880.982, -394.532
2.54782, 439.28, -52.6892
2.82267, 246.388, 504.458
4.96742, 382.221, 222.668
5.40914, 535.38, 992.114
4.03373, -950.459, 545.192
4.57091, 923.64, -67.3236
4.33401, -573.587, -690.46
3.42687, 187.74, 670.207
2.76788, 634.923, 159.14
4.47222, 542.736, -65.6545
3.98388, -348.331, -131.752
5.05388, -396.619, 821.657
3.75392, -698.549, 230.814
5.01589, 967.928, 884.214
2.51168, -19.4533, 802.161
7.01807, 999.748, -448.563
2.79181, -905.628, -950.014
5.17506, -691.134, 804.505
3.95754, -387.718, 878.418
7.3023, -816.508, -266.964
4.73406, 319.028, -109.34
5.08479, 896.889, 167.365
5.93861, -256.181, 9.15097
2.72187, -160.702, 76.9815
7.2946, -799.135, 607.556
5.70852, 369.973, 160.544
2.80215, 632.421, -782.611
3.33964, 47.4416, 268.462
5.76491, 487.672, -251.174
6.19864, -769.529, 340.033
3.57011, 863.057, 198.661
4.31441, 158.25, -877.718
6.56981, -648.383, 936.118
5.32057, 807.885, -470.708
7.45886, -38.5108, -903.422
6.5669, -763.811, 398.954
3.49157, -995.929, -23.2637
2.50003, -165.583, -858.815
4.62608, 944.971, -789.347
4.07406, 831.895, 192.352
5.56218, 607.26, -935.287
3.83351, -192.102, -544.784
4.39881, -595.361, -60.6059
5.43397, 972.221, 291.605
5.95636, -141.704, -518.005
7.26736, -460.586, -572.764
4.89785, -292.738, -956.641
3.60319, 374.693, -732.885
5.33741, -726.355, -445.811
6.09873, 435.676, 364.992
4.4953, -481.007, 569.136
3.48326, -689.539, 994.336
6.66971, -687.759, -763.294
5.59561, -446.473, -877.5
7.26866, -296.25, 170.627
3.23222, -14.4408, -282.738
5.38953, 41.7767, -460.876
7.26796, -391.569, 725.981
3.62331, 720.143, -975.98
7.25137, -487.483, 814.509
3.07874, 803.664, -519.021
2.58372, 29.3352, -264.886
3.90465, -345.005, -174.589
7.15042, 652.514, 166.043
3.04796, 744.764, 871.824
6.77266, 31.5757, 832.986
5.68532, -727.537, -733.189
5.63853, 410.421, -712.27
3.80589, 733.115, 740.569
5.13936, -951.267, 221.873
7.16608, -265.673, 917.694
3.98055, 924.589, 99.8955
4.78006, 155.169, 459.339
6.35659, -657.074, -625.727
4.17193, 96.9656, 114.126
6.31775, -39.476, -948.176
6.65892, -29.9481, 944.128
2.64618, -725.349, 568.767
4.31315, 716.232, -268.06
4.16221, 294.726, 460.303
3.17675, -520.421, -307.876
3.00839, -307.3, 624.007
5.11327, -610.695, 817.122
3.52046, 30.6662, -535.726
5.00728, -867.884, -633.585
5.1371, 4.88068, 962.337
4.13422, -270.74, -293.227
4.75888, 225.853, -446.704
6.85263, -7.57167, 989.584
4.72884, 647.223, 865.749
6.03726, -459.307, -922.379
6.83171, 917.398, -699.535
6.5822, 873.005, 222.934
2.67504, 898.378, 837.205
3.8644, -655.586, -235.775
5.21858, -423.27, -431.036
3.19942, -996.055, -537.355
5.57408, -781.92, -936.679
3.29182, -697.841, -606.217
4.41129, 98.6357, 221.461
5.94997, -94.224, 189.796
3.21128, -388.215, 459.905
5.65284, -785.371, 796.287
3.15973, 200.824, 936.883
7.13583, -743.912, 257.567
5.53465, -940.309, 785.331
5.50388, -922.342, 369.316
3.33635, 613.864, -534.26
3.301, -863.371, -401.788
5.91628, 625.712, -30.4258
5.1456, -717.315, -14.56
3.65264, -130.574, 814.769
6.55373, -502.492, -58.5767
5.76477, -420.996, -561.695
4.08597, -548.605, -582.648
2.53953, -263.163, -817.293
3.49176, 723.594, 750.202
3.78831, -9.3101, 382.459
3.03825, 894.34, 38.8464
3.49545, 133.717, -437.427
6.75079, 803.754, -772.606
6.63912, -986.216, 221.035
6.76813, -960.748, -550.543
5.71027, 284.78, 780.643
3.6787, 731.804, -992.278
6.80638, -502.605, -811.595
5.4745, 37.2574, -101.385
2.52745, 508.181, -28.5304
6.84925, -667.298, -478.983
7.37729, 651.57, 107.136
5.59653, 380.331, 12.9939
3.85574, -947.367, 379.191
7.46973, -158.209, -636.885
4.60751, -724.706, -531.368
4.20537, -795.52, -615.981
4.80717, 360.561, -138.492
4.44822, 265.114, -378.518
4.613, -51.4154, 515.734
2.84879, 132.393, 286.556
5.5153, -68.8759, -134.345
7.36114, -49.685, 231.804
5.07406, -696.732, -537.198
7.45461, 957.634, -137.862
5.84906, 634.022, -148.951
4.01716, -606.08, 71.1244
3.47371, 876.74, 564.58
4.0109, -709.014, -939.411
4.93946, -334.505, 461.811
4.72438, 529.535, 976.294
5.7844, 319.172, -943.753
3.74227, -780.554, -665.532
4.72007, 55.0893, 556.438
5.75894, -691.718, 55.6484
6.67472, -713.235, 187.975
6.03698, 204.461, 825.141
4.93928, -872.851, -600.874
6.72039, 400.35, -240.113
7.00296, -495.938, -181.86
6.33082, -650.293, -527.913
5.29453, 628.198, 847.78
2.70603, -27.4203, 97.692
5.46749, 564.894, 65.1259
2.68674, -683.459, 831.039
4.53488, 21.4099, 437.081
2.84243, -977.976, -882.904
7.38558, -779.974, -882.655
2.5956, -518.412, -232.673
6.60363, -162.631, -276.796
5.2195, -370.795, 880.918
5.72828, 793.138, -332.433
3.62934, -260.757, 60.9085
2.733, 826.984, -693.591
3.63154, 215.71, -556.778
4.58371, -633.555, 135.501
6.40126, 266.47, -632.815
3.72852, -922.622, 392.517
4.81411, 662.812, 78.7048
6.14756, 929.521, 291.719
5.35237, -330.211, 817.02
5.45997, 927.482, 930.14
4.98425, -946.39, 281.493
3.951, 498.098, 107.605
4.71107, -4.97572, -225.496
2.53669, 855.774, -395.618
7.41683, 506.626, -363.506
2.52822, -811.862, -142.729
4.8676, -94.4906, 736.235
5.86497, -309.97, -121.754
