6.27803, -359.382, -480.116
3.5948, 4.10354, -65.9482
5.89648, 188.359, -362.061
5.09708, -41.7258, 395.602
2.76731, -440.581, 332.292
2.53849, 145.942, 37.0739
4.58743, -444.975, -96.1568
7.15218, 70.4159, 225.973
2.95982, -26.9233, 395.303
6.00595, -62.8307, 147.223
3.81226, 239.184, 381.261
4.14117, 140.417, -395.999
7.45519, 273.954, 133.564
7.41275, -290.733, -130.348
5.75759, 253.718, 237.92
6.92354, 168.974, -407
6.33247, -60.1976, -191.879
3.87453, -251.272, -39.2038
4.93259, -261.973, -157.738
2.80282, 388.957, 376.566
5.08146, -8.3473, 362.491
4.96988, 432.888, -178.375
7.23882, -378.112, -208.816
4.42071, 13.4463, -403.439
5.14874, 377.25, -166.891
2.75042, 428.882, -36.9388
6.63909, 245.651, 195.101
5.94228, -466.432, -357.233
6.18112, 121.478, 371.504
6.94286, 467.111, 212.81
4.25508, -173.76, -279.978
6.72991, 64.0366, 10.0925
3.84659, 340.56, -86.8579
4.83959, 16.8638, -67.292
3.2686, -310.596, -168.049
2.66527, 315.995, 137.389
7.2768, 25.6178, 15.861
6.95369, 78.7248, 205.849
3.29884, 305.494, 116.934
3.15214, 195.814, -320.164
2.515, -208.48, -381.736
6.0491, -404.904, -121.688
3.40448, -238.982, 418.438
5.76029, 413.383, -203.48
4.42907, 201.718, -391.028
3.23766, 26.9249, -62.8092
5.45054, 284.515, 107.395
3.24076, 35.0303, 394.028
3.2091, -64.7017, 392.964
4.94257, -233.549, 43.5789
3.13015, 422.691, -36.7063
5.64635, -182.184, -257
5.60817, 146.531, -392.156
4.88216, -233.19, 299.897
2.64188, -296.155, -132.515
3.21011, -80.7273, 419.332
3.15594, -77.8222, 429.145
3.31099, -396.731, 369.569
3.76529, -134.044, -400.097
4.77654, 236.246, -359.014
6.54472, -34.0533, -146.06
3.57624, 110.543, 357.773
3.75063, 374.947, 166.738
5.02978, 10.7236, 369.471
