6.27803, -733.971, -984.069
3.5948, 53.787, -98.2058
5.89648, 364.066, -899.288
5.09708, -247.184, 887.891
2.76731, -944.559, 646.44
2.53849, 339.961, 46.1214
4.58743, -841.844, -232.219
7.15218, 179.871, 383.133
2.95982, 47.2943, 691.831
6.00595, -161.465, 317.265
3.81226, 535.209, 807.445
4.14117, 471.578, -896.19
7.45519, 506.527, 256.103
7.41275, -490.83, -253.685
5.75759, 499.656, 440.501
6.92354, 261.152, -844.959
6.33247, -119.994, -452.442
3.87453, -495.334, -60.0864
4.93259, -662.27, -287.351
2.80282, 819.589, 772.216
5.08146, 3.90205, 795.12
4.96988, 959.924, -364.581
7.23882, -808.361, -470.248
4.42071, -11.8647, -835.624
5.14874, 818.4, -454.004
2.75042, 865.209, -47.6769
6.63909, 545.925, 542.231
5.94228, -950.59, -741.406
6.18112, 258.243, 732.896
6.94286, 968.976, 447.403
4.25508, -364.949, -537.847
6.72991, 182.672, 25.2708
3.84659, 664.607, -164.757
4.83959, 63.8245, -185.716
3.2686, -643.971, -443.016
2.66527, 623.969, 138.975
7.2768, -14.4906, 84.0493
6.95369, 111.338, 489.931
3.29884, 673.594, 243.838
3.15214, 428.17, -569.724
2.515, -454.105, -813.262
6.0491, -925.283, -174.724
3.40448, -499.072, 857.219
5.76029, 770.653, -356.329
4.42907, 370.591, -697.577
3.23766, -14.401, -239.34
5.45054, 667.368, 169.161
3.24076, 141.69, 908.287
3.2091, -179.661, 956.922
4.94257, -488.629, 123.78
3.13015, 886.431, -64.3528
5.64635, -353.055, -591.888
5.60817, 297.944, -736.891
4.88216, -492.667, 595.452
2.64188, -548.433, -253.555
3.21011, -130.151, 801.057
3.15594, -183.46, 883.361
3.31099, -827.888, 752.789
3.76529, -266.158, -844.744
4.77654, 569.089, -750.293
6.54472, -92.9618, -298.141
3.57624, 300.933, 850.806
3.75063, 819.134, 367.582
5.02978, -59.1758, 718.524
6.27922, 636.514, 160.649
5.66369, 899.876, -64.7678
5.9449, 606.422, -130.027
7.27207, 962.946, 417.887
5.18713, -417.352, 725.439
4.57014, -780.01, 29.0286
4.70019, 750.397, 160.628
6.07821, 733.027, 457.102
6.20858, 402.429, 592.272
5.12494, 769.218, -955.63
6.06711, -858.549, -75.728
5.91025, 331.858, -20.9969
6.82941, 828.548, -595.701
3.19597, 80.4973, 767.514
3.57766, 958.536, -103.993
5.0733, -357.776, -117.905
4.83766, -107.297, 730.527
3.55759, -261.761, 608.207
5.65244, -689.571, 967.668
2.5044, -968.398, 195.387
4.09589, 449.692, 540.396
5.90281, 365.957, -133.669
6.0446, 667.323, -583.464
2.90869, -805.152, 650.594
3.56926, 252.318, 510.297
4.44412, -828.174, -568.843
4.44927, 915.045, 907.465
3.92018, 379.485, -460.181
4.6123, 559.682, 546.28
2.55658, -617.717, -435.183
3.72027, 929.401, -623.81
4.49072, -711.683, 656.637
6.64177, -649.849, 200.22
3.78584, 973.389, -697.699
3.59705, -798.946, -534.259
6.47385, 386.483, 267.314
5.8476, 497.489, 390.273
5.49108, -886.526, 289.238
5.99917, -371.664, -535.374
5.13062, 529.361, -754.934
4.14833, 188.258, 109.788
3.30844, -715.613, 397.492
6.56633, 715.06, -26.4305
4.08004, 481.306, 116.027
4.05369, 48.2519, -740.952
4.65424, 30.0327, 150.872
4.46509, -249.395, -480.222
4.43916, -55.7558, -143.464
4.34871, -827.722, -446.979
5.88118, 342.451, -496.673
6.10384, 445.527, 28.5865
7.20082, -70.0907, 887.947
5.08573, -80.0556, -359.247
5.5282, -190.153, 323.567
5.85049, -687.508, 988.184
5.11404, 76.2301, -302.765
3.87105, -935.845, 627.857
7.08924, 98.7974, 283.706
3.73367, 925.265, -454.592
4.77876, 378.749, 675.902
3.30374, -947.954, 650.275
4.68319, 408.816, 400.841
7.45767, 486.738, 182.874
6.26931, -436.328, 390.144
4.97846, -975.302, -651.538
7.01651, -652.536, -827.742
4.68213, 491.506, 554.483
5.09239, 166.539, -973.895
4.44866, 88.5788, -852.849
5.63431, -214.869, -568.084
5.19331, 408.747, 318.584
4.35955, 633.614, -436.466
2.54674, -372.733, 367.421
6.3794, 39.5107, -781.572
2.85317, -882.692, -564.739
3.98511, 440.363, -680.09
4.78581, -42.0305, -886.06
3.25156, -109.637, 37.9405
5.97819, 670.192, -434.204
4.15587, 370.082, 154.089
5.21197, 966.124, -872.895
2.64678, 723.918, -961.819
5.38086, -11.7815, -235.392
5.18133, 364.127, 471.338
7.36678, -766.268, -920.455
5.57063, -300.941, -611.175
5.26431, -739.211, 204.269
6.69051, -265.365, 893.858
3.75764, -506.637, 917.628
6.98957, 615.111, -126.515
5.97428, 501.827, -494.244
5.82752, -473.643, -93.5885
3.06838, -578.391, -787.898
3.37987, -970.026, 96.6168
2.91253, -136.8, 187.752
6.68103, -241.879, 365.348
2.64818, 926.439, -767.02
6.34719, -7.4716, -841.966
4.29829, -512.507, 864.844
6.24626, 12.2373, 523.081
6.28385, 363.073, 337.118
3.60834, -536.169, -914.621
5.58305, 304.611, 134.281
3.66846, -550.741, -245.989
6.22052, -671.77, 298.471
5.80997, -901.396, -682.857
4.9209, 926.222, -752.245
2.58972, 828.706, 230.871
4.98291, 446.908, 197.88
5.09587, -98.9107, -876.017
4.71395, -859.962, 534.573
4.14528, -54.6116, 938.433
3.52671, 481.328, -105.348
7.19863, -236.658, -640.114
2.85168, -491.573, 922.385
3.30042, 50.6149, -729.274
6.70788, -778.59, 31.6563
4.13614, -166.171, -276.46
6.85942, 170.94, 428.844
5.99896, 667.508, 514.795
5.52801, 867.202, -216.842
4.77536, 80.1872, -238.758
2.91543, -497.247, -204.866
3.94883, -47.4802, -121.913
6.51009, -580.667, -777.128
6.81821, 344.993, 49.6224
3.81831, 417.519, -508.005
4.79881, -832.91, -238.204
4.95672, 612.523, -523.912
5.82344, -466.285, -980.151
7.31738, -627.976, -168.24
7.23022, 575.442, -750.871
2.81902, 214.458, -653.625
5.04829, -436.394, -293.381
6.13222, 665.911, 670.843
5.65882, 593.573, -334.623
3.26658, -910.564, -907.53
5.09652, -865.313, 524.98
3.52281, -552.218, 847.331
6.03231, 402.062, -819.172
6.05786, -468.372, -28.0599
3.66304, -566.859, -234.313
6.80594, -52.858, -129.529
2.67122, -105.895, 941.239
6.26587, -934.738, 65.0129
4.14789, 634.125, 166.902
4.65309, 67.341, -528.847
7.33455, 953.616, -196.274
4.05803, 727.747, 691.696
5.69762, 967.491, -691.714
5.95386, 879.3, -57.5985
5.36403, 68.1167, 623.787
6.60667, 896.438, -690.944
4.21807, -892.017, -674.077
5.09387, -823.627, -764.828
6.78438, 121.133, -942.132
6.18587, 333.329, 60.1097
3.45992, -905.913, 371.971
2.83145, -308.139, 336.858
3.60828, 843.132, -710.889
3.33656, 166.914, -223.608
6.31172, 377.495, -917.774
5.44905, -839.164, 416.992
4.65223, 865.943, 863.683
7.09618, 656.323, 12.451
5.09668, 443.586, 183.127
7.38058, -682.443, -27.141
5.15714, -452.225, 143.157
2.98716, 334.857, 382.865
5.83983, 207.896, 100.981
5.44444, 141.008, -25.1557
5.01137, -691.338, -121.077
2.75808, -923.513, 453.024
2.6753, -349.21, 39.1122
4.41484, -792.889, -530.496
5.55555, 182.293, 98.7233
5.06574, 543.527, 865.896
5.98498, 308.936, -25.5045
4.89891, -22.135, -187.331
3.88323, 67.5809, 424.355
6.01685, -437.714, 205.485
3.67701, 871.616, 50.3651
6.41501, 162.688, -186.939
6.60589, 355.458, 828.76
3.21842, -525.506, 49.9837
5.75757, -486.466, 808.02
3.87677, 865.308, -976.769
7.26215, -402.334, 712.948
4.58238, -746.286, 14.9856
3.03869, -125.968, 399.533
4.70633, -792.924, 530.02
6.28811, -415.732, -298.255
2.77803, -339.358, -313.193
3.51241, -24.5606, 141.355
6.82305, 928.943, -762.158
6.52456, -264.03, 3.58138
2.78861, -676.481, -667.154
4.40304, -66.6964, -703.365
4.56124, -133.254, 758.829
2.80071, -376.985, 302.384
7.09746, 810.581, 651.584
3.35398, 531.014, 814.353
6.51634, -926.369, 179.631
3.88599, 731.088, 51.5031
4.44586, 170.582, 737.28
7.19936, 59.1946, 623.437
6.24573, 171.554, -182.692
3.44774, -327.722, 756.076
6.89581, 431.955, 482.575
6.8953, 412.499, -841.452
3.30515, -802.665, -271.009
5.87346, -798.939, -162.197
6.89096, 629.531, 130.297
6.98262, 238.754, 514.994
3.06535, -20.7005, 749.819
5.93789, -238.987, -251.496
3.21651, -810.807, -771.117
3.6901, 409.105, -44.6473
5.64383, 935.838, -219.181
4.312, 819.589, 368.641
4.64437, 587.697, 717.321
4.91936, -12.9569, -836.971
6.20379, -3.99489, -113.485
3.23098, -366.629, 869.672
7.36238, -823.915, -761.154
7.3158, -505.385, -187.329
3.14741, -596.089, 660.651
5.3784, -311.644, -606.421
4.66439, 168.365, -130.75
5.50066, -224.057, -239.479
5.85098, -689.815, -104.768
4.5137, 396.875, 981.3
6.46691, 642.852, 686.207
4.89889, -966.174, -248.865
5.72449, 310.18, 277.493
4.28836, -249.96, 602.48
5.96794, -328.167, -220.16
5.83428, -416.488, -688.954
3.22071, -408.029, 712.555
7.10415, -964.492, 214.436
4.22228, 29.5333, -236.976
6.66824, -409.616, -466.238
2.74349, 274.622, -739.51
3.27936, -246.562, -61.0337
2.55765, 329.415, 502.681
3.94327, 119.119, 586.612
5.07295, -344.351, -171.647
3.65948, 679.774, 436.359
2.75022, -248.015, -79.4765
5.33091, -597.118, -833.38
6.69774, -149.141, 667.12
4.28763, -647.469, -443.298
4.3452, 170.353, 862.679
7.22226, 257.392, -72.1949
4.72425, -902.431, -173.025
6.82086, 490.387, 167.858
5.82654, -786.091, -732.473
5.79297, 174.442, 663.01
7.10736, -955.526, 957.021
5.11536, 957.402, -623.691
5.45229, 438.542, -441.357
5.79944, 666.335, 650.975
4.24765, 273.82, 464.811
4.11714, 342.915, 34.905
7.08984, -106.405, 736.157
3.08619, 906.429, -443.42
7.31268, 656.658, -159.354
5.17978, 54.2478, -322.517
5.81447, 842.122, 630.929
5.48362, 905.767, -498.937
6.93363, -506.741, -740.494
6.67999, -649.91, -611.752
6.69339, 247.356, 199.847
6.85642, -205.142, 332.066
2.5002, -770.715, 339.466
4.77274, 261.937, 346.416
4.25696, -928.318, 177.357
5.80713, -256.895, 705.488
6.22234, -876.15, 153.221
3.3821, -130.846, -468.188
7.4621, 794.49, -804.085
5.95466, -924.414, 165.811
6.97862, 145.411, -12.9696
3.51579, 362.601, -144.512
7.2356, -464.857, -33.5594
4.88476, 877.3, -500.958
6.78578, 915.716, -746.517
6.41237, -965.403, -548.663
5.70687, 902.794, -905.16
3.14521, -721.109, 152.376
5.77944, 5.61122, 652.02
3.09199, 53.902, 7.13838
3.88793, 329.074, 798.357
6.65548, -227.226, -224.989
6.14153, -747.611, -511.656
6.74348, -598.551, 294.837
3.43989, -752.7, -913.564
6.09602, 554.597, -283.075
4.25586, 151.657, 329.632
3.34555, -417.639, -703.322
4.52383, 322.732, -527.96
4.20924, 160.534, 764.275
6.67141, 367.103, -132.624
3.9111, 698.136, 584.832
5.16766, -664.691, -472.189
6.25085, 981.266, -850.436
4.62554, -691.088, -753.67
4.66964, -556.879, 552.927
3.03022, 854.174, -927.653
6.4639, -54.4712, -465.648
3.91232, -578.341, -478.997
7.14264, -581.83, -232.738
5.37926, 256.869, 523.586
3.4895, 832.525, -297.265
5.99081, 575.182, -737.167
3.07265, 492.977, -947.056
4.22945, 290.545, 775.651
4.15646, -581.783, -234.634
6.42735, 826.502, -954.418
6.65775, 458.78, -212.028
4.21712, -737.906, 753.017
4.2603, -274.85, 910.653
6.38197, 151.335, -804.799
6.58658, -10.0055, 686.82
4.26157, -135.075, 285.408
7.09559, -411.564, -300.972
3.2877, 511.536, 258.126
5.56029, -489.227, 570.816
5.54222, -408.177, 712.493
3.16647, -249.258, -738.166
3.51409, -739.484, -483.088
4.79457, -853.068, 502.592
3.48759, -513.24, 927.73
6.77118, -851.896, 383.343
6.54562, -760.522, -684.256
2.80131, -899.396, 878.643
6.50584, -721.392, 639.873
5.49597, -192.929, -539.477
7.43182, -886.624, 292.493
2.65919, -161.299, 640.201
6.8356, 934.42, -766.51
3.69109, 659.488, 337.114
3.6127, 155.477, 428.288
4.73907, -953.909, -559.406
2.61231, 858.348, -173.399
6.79755, -255.778, 4.52909
4.15902, 220.269, 577.672
5.72195, 301.3, 262.398
7.43521, -937.654, -486.737
5.30162, 284.509, -581.228
4.74553, -756.555, -246.567
5.213, 152.734, -725.125
2.90797, 773.886, -33.1286
3.99606, -822.369, -269.754
6.63964, 810.128, 661.122
6.48936, 622.779, 925.826
5.71048, -105.595, 680.312
4.84105, 627.237, 381.501
7.15326, -204.004, -600.275
5.08798, -245.424, -64.3431
7.42924, 794.706, -518.254
5.94567, -72.6893, -712.788
6.19966, -177.283, -464.418
3.46323, -393.713, -925.092
6.08881, -459.263, 615.104
6.11146, 570.146, -175.215
6.49298, 268.494, 152.632
4.23216, 254.55, -987.499
5.1481, -16.7836, -71.2413
3.19001, 716.88, -352.892
6.73218, -229.165, -236.445
6.32766, -76.4792, -875.388
7.5, 926.013, -433.66
4.24891, 474.405, 974.684
5.50367, -599.326, 582.24
3.50808, -494.848, 79.4816
6.2385, 35.0108, 162.836
6.49225, 965.081, 217.037
3.03505, -702.969, 108.36
5.35813, -506.61, 46.6715
2.84683, 367.522, -352.052
4.16036, 722.318, 689.054
5.80945, 482.531, -704.318
5.27726, 167.208, -173.958
7.12415, 228.804, -11.4819
2.69832, -481.123, 222.038
2.62083, -306.763, 235.428
4.61923, 222.424, -652.776
4.36987, 462.238, 132.029
2.93303, -228.96, -235.59
3.05403, -155.064, 170.946
5.31992, 360.422, -339.387
7.37269, 52.4624, 736.806
3.05066, -43.9064, -881.107
5.99352, 99.1374, 970.204
2.79674, -52.0484, -732.218
4.69755, 832.938, -102.723
5.24651, 984.477, 712.632
3.45129, 687.134, -746.047
7.36597, 320.116, 322.181
3.19593, -678.944, -63.7368
5.48978, 916.252, -423.456
7.12812, -868.321, 703.212
3.91116, -76.7319, 882.168
6.8307, -157.372, -91.3714
6.29598, -216.455, -593.58
6.10793, 354.99, 615.747
3.34241, -364.656, 362.273
3.32882, 809.275, 362.149
3.39076, -647.388, -980.371
5.87226, 330.984, -596.004
4.83484, -342.879, 30.4812
6.85219, -805.087, -357.585
5.76023, -688.239, -125.96
5.80464, 751.183, 868.749
2.58037, -651.792, -617.347
4.30596, -770.27, -670.57
3.72747, 916.818, 101.76
6.93086, -928.277, -941.977
5.23701, 821.258, 783.146
6.57209, -31.4992, -633.895
5.24453, 170.236, 862.257
4.16156, 504.759, -51.9392
4.40213, 18.417, -653.349
2.52389, 924.011, 648.67
6.95226, -89.2058, -397.759
6.16955, -490.748, 681.551
6.04239, -154.366, 650.551
5.1278, 72.7048, -177.634
6.41065, -186.448, -808.09
3.42484, -392.681, -470.176
5.72673, 261.938, 512.418
3.42178, -680.175, -333.229
3.31214, 54.1602, -95.6485
2.65594, -182.17, 846.415
7.42716, 131.49, -666.912
4.04559, -327.102, -708.899
4.11075, -675.974, -306.766
5.51155, 285.712, -226.714
2.89107, -328.427, -915.606
3.93936, -9.08689, 77.2605
5.79307, -134.408, -489.171
7.36348, -979.982, -350.178
7.27758, -363.036, -788.567
7.42745, -669.722, -300.777
7.30478, -904.682, -748.794
3.0073, -556.891, 554.261
3.71505, -131.726, -492.183
6.91151, 101.936, -427.42
5.28805, 339.663, 690.983
6.7669, 798.555, 517.506
7.49145, -533.57, 531.068
3.99751, -239.984, -475.243
6.33157, 957.089, 473.766
4.81901, 288.878, -148.312
6.8168, -636.395, -785.205
6.99018, 855.777, -2.52653
7.377, 256.118, -412.057
2.77405, 638.899, 110.637
6.32605, 925.273, -617.216
5.09219, -927.118, 737.826
3.46574, 916.61, -225.296
6.98252, 207.189, -548.677
6.38492, -842.611, 94.9916
2.75968, 412.679, 537.741
7.47331, -842.178, 758.914
5.93659, -14.5776, -454.89
5.94854, 883.997, 496.347
6.57666, -653.295, 804.126
7.05426, -39.5065, -449.557
3.34218, -201.384, 395.341
5.24183, -583.075, 800.452
6.53351, -502.168, -264.166
4.17803, 338.701, -544.193
5.53435, -105.322, 24.6785
6.59602, -937.482, 333.833
7.3485, 75.9658, -251.92
6.29349, 577.227, 495.526
3.72113, -161.268, -89.8643
5.80589, -570.627, 399.098
4.21574, -452.206, -190.203
7.27146, 372.699, -393.04
2.60828, 800.341, 553.028
4.54979, -889.871, 939.691
2.55789, 582.419, -672.881
3.04964, 835.966, 199.94
5.28259, -826.077, 98.8349
4.45466, -8.87346, -224.212
7.20539, 116.797, -183.11
2.55572, 179.479, 373.707
6.22897, -215.049, -441.283
3.84293, 109.295, 119.696
4.27153, -663.593, -757.554
3.45835, -446.155, 626.033
5.14832, 293.214, -163.232
4.39478, -51.1726, -863.534
3.16407, -9.57643, -806.415
4.26563, -134.016, -555.505
4.2497, 781.064, 977.645
7.41084, 630.091, -138.328
5.25961, 150.925, -367.681
4.99918, 18.3487, -722.415
3.58531, -833.821, 447.492
4.37311, -251.607, -643.748
6.78251, -660.738, -464.876
6.45578, 795.654, -529.398
3.9204, -490.064, 925.415
5.07645, 436.459, 105.746
6.79238, -281.894, -13.7492
7.07844, -934.56, -176.947
7.48941, 128.912, 905.031
6.53177, 173.351, -178.676
5.22718, -895.4, -172.152
7.3461, 160.34, -719.876
5.31931, -583.129, 362.601
4.03031, -427.592, 648.566
5.41853, 953.279, 940.443
2.91197, 53.5781, -322.781
5.47382, 358.423, 609.74
3.31968, -595.758, -591.249
6.46527, -622.283, -433.552
2.95373, 583.401, 725.336
6.3072, -502.542, -679.113
6.83996, -240.287, 24.3577
6.40105, 184.845, -334
6.61399, 908.332, 955.176
6.70974, 370.916, 550.139
4.48328, 495.182, 257.624
6.508, -157.85, 167.765
6.56811, 377.38, -42.5724
5.43493, -408.109, 98.6417
4.64621, 790.934, -44.7476
2.5002, -39.6524, -451.476
5.31153, -810.724, 319.288
6.22632, 342.06, 341.541
3.89846, 954.727, 287.588
2.93406, -975.479, 562.997
3.5733, 853.539, -877.212
3.93296, -484.301, 567.082
4.86595, -395.8, 467.422
6.95893, 842.716, 819.577
5.91955, 519.001, -504.849
3.54376, -42.7632, -75.6154
6.67533, 789.119, 8.43153
7.09218, 910.028, 905.492
4.48244, -477.947, -695.168
6.37858, 540.877, 522.502
5.68161, -147.88, -88.7934
6.64746, 482.043, 280.893
3.40204, 549.597, -471.338
7.45927, 573.089, -735.979
6.70558, -155.096, -841.087
4.65177, 883.37, 261.7
4.38589, 595.601, 881.192
2.70802, 646.049, -502.742
6.80715, -782.81, -518.217
6.62116, 914.007, -892.753
6.25052, 17.463, 729.523
3.55801, -165.983, 979.587
4.31029, -780.378, -190.3
4.43545, -583.819, -785.33
7.32918, 790.856, 631.724
6.5872, -155.901, 649.952
4.5755, -79.5411, 446.691
5.83759, 193.571, 173.035
2.52101, 479.155, 975.765
6.98048, -736.859, 245.541
3.68416, -344.771, 353.571
3.79415, 349.595, -87.2723
5.4939, 402.474, -708.252
6.89823, -827.087, 365.493
6.16299, -558.052, -583.397
6.0773, 899.85, 568.415
3.57724, -603.4, 481.597
6.30413, 680.148, -953.355
3.85351, -165.881, -549.297
2.75246, 659.454, 335.643
4.78866, 276.385, 246.977
2.58759, 443.179, -770.626
3.01129, 63.2979, -180.738
2.639, -134.872, 284.042
5.65921, -345.075, -519.194
6.34425, 82.189, -254.512
2.74132, 526.395, -833.91
6.6924, -49.458, -631.143
6.76899, -261.862, -306.376
6.57649, -454.414, 577.362
6.85188, 791.33, 400.724
5.27222, -623.803, -152.37
6.12646, -286.179, 48.0859
3.20424, -514.579, 911.511
6.6115, 588.463, -524.432
5.51185, 725.37, -194.619
4.93856, 502.738, -912.222
6.14942, -283.111, 934.057
4.05164, 756.726, -666.134
3.93925, -699.789, 348.861
5.45857, -940.724, 796.628
5.34055, 641.427, 866.051
5.41059, -926.259, -570.97
2.84132, -686.664, 283.37
4.34304, 143.591, -384
6.28475, -930.943, -569.548
6.35297, -447.791, -868.732
4.27217, -392.774, -256.536
5.98913, 235.654, 923.734
5.08005, -662.649, -283.936
5.94494, 383.803, 137.693
6.18066, -81.3516, 617.799
2.56231, -340.241, -669.288
7.16549, 628.281, -137.286
5.37826, 125.821, 123.224
3.05587, 478.174, 975.83
4.87388, -94.5993, 37.5238
3.24247, 209.432, 98.7037
4.22594, 50.7077, 442.193
7.04476, -924.132, 160.986
4.54571, 7.34499, 529.9
5.96642, -675.265, -60.3768
3.35865, 376.036, -935.068
6.21715, 874.185, -505.027
4.16319, -424.817, 653.398
4.62157, 656.364, 314.391
2.79523, -140.275, -102.225
5.09005, 281.791, -231.392
5.94425, 468.985, -577.701
5.01149, -265.213, -0.948095
6.56617, -170.676, -746.22
3.07974, 85.0508, -929.148
5.24841, 288.424, 459.581
5.06046, 401.153, 20.201
6.02649, 969.499, 442.71
5.65083, -238.786, 871.806
4.0207, -30.7559, -652.488
6.74719, 399.025, 363.538
3.39619, 617.084, -27.8673
2.61737, -524.227, -99.6413
4.19467, 717.691, 45.376
3.43818, 357.153, -102.657
6.60467, -291.263, 168.189
6.72507, -895.815, -176.61
6.78031, 848.167, -714.418
7.37454, -949.154, 648.253
2.99587, 461.42, -446.174
2.56182, 564.834, 651.379
2.58614, 213.967, 583.685
2.64527, 245.596, 98.5633
4.1031, 148.681, -385.299
6.17815, 624.263, 299.825
3.14876, 351.301, 474.887
2.5161, -369.917, 502.105
6.91905, 140.653, -788.807
3.70482, 226.866, -565.792
4.38481, -817.069, 765.585
4.44879, 635.702, 176.693
2.81534, 598.308, 292.361
7.30792, 184.854, 940.679
3.75349, 722.915, -343.181
6.85376, -680.117, -79.611
2.85991, -910.234, 416.501
2.70653, -614.712, 563.645
3.46378, 350.153, -520.797
3.86708, -307.339, 303.156
7.4007, -948.263, -363.734
3.60607, 326.989, -537.485
6.43119, -872.396, 850.157
4.42306, 293.931, -418.455
3.78593, 474.77, -634.206
3.91087, -925.788, 52.716
7.33834, 864.989, -46.2259
4.22841, 754.406, 162.673
3.45922, -972.417, 734.653
5.05037, -547.786, -372.615
5.21857, -553.041, 628.54
5.72333, -667.857, -598.568
3.89738, -4.73383, 792.296
3.41887, -297.11, -711.217
2.71579, -832.056, 369.025
3.98408, -497.158, -258.614
4.25548, -231.137, 138.175
7.09372, -424.543, 698.979
5.81225, 491.905, -355.517
5.08041, 866.76, 574.346
4.03763, 608.39, 580.366
3.0007, -347.724, 152.22
3.47502, 377.021, -878.86
4.11407, 30.0002, -124.374
5.56182, 950.619, 87.828
5.13511, 955.858, -976.463
3.45653, 268.332, 278.627
4.7178, -624.508, -424.749
4.48693, -700.488, 844.228
6.28051, -603.152, 744.638
6.6213, 734.104, 602.601
5.51573, 143.323, -349.458
3.04573, 604.795, -819.274
4.11797, 482.079, -165.123
5.03403, 11.5531, 315.687
4.76521, -659.114, 810.232
4.77315, -178.386, -445.203
4.91125, 931.189, 917.172
5.07896, 367.437, -650.124
4.50207, 200.134, 820.341
4.22945, 975.126, 477.197
6.64533, 928.97, -232.987
3.02204, -724.174, -788.403
6.40057, 575.993, 557.617
3.19919, -296.34, -237.72
2.62171, -796.499, -523.163
6.0664, 403.634, -741.645
7.15538, 140.973, -823.528
7.47667, 198.987, 175.028
3.86264, -878.422, 153.163
3.6923, -491.069, -257.972
3.87328, 952.291, 616.782
5.70836, -900.987, -729.124
5.17637, 307.553, 146.403
6.8967, 818.717, -292.615
6.75968, -667.05, -824.203
2.98004, 890.406, -52.2476
4.66818, -735.467, 222.576
3.17045, -199.398, -750.733
5.86802, -173.786, 305.525
5.34964, -46.6098, -461.665
3.66474, -607.919, 577.913
5.50306, 264.219, -682.669
2.6551, -794.702, -25.0206
7.08512, 563.837, -306.438
3.82958, 860.201, -180.174
6.50016, -180.105, -512.107
5.46389, 148.088, -730.738
5.0822, 344.664, 620.651
5.2567, 330.724, 631.583
3.47225, 488.801, -239.161
5.36152, 135.539, -736.667
3.81992, 206.65, 398.714
4.41648, -767.021, 537.37
2.73626, -762.378, -896.978
4.22823, 582.735, -673.044
3.61594, 653.398, -425.684
3.81264, 18.1388, -719.022
3.05141, -425.657, -407.339
7.40088, -701.188, 13.7346
5.93794, 791.451, 636.359
5.82158, -547.169, -379.177
5.99501, -597.269, -669.862
2.68746, -827.566, -761.712
3.6706, -632.352, -746.779
3.95397, 740.831, 685.091
3.50543, -16.1513, -238.257
2.7177, 346.325, 343.589
2.56571, -526.665, 527.205
6.07297, -521.02, 764.992
6.88348, -865.118, -614.001
5.35088, -886.045, 280.95
6.92743, 859.026, 850.149
5.20042, -358.149, -277.297
3.31357, 927.237, -639.697
3.30492, 950.201, 442.118
7.19182, 305.968, 278.697
3.45628, 547.929, -842.475
3.15761, 4.6625, -98.6919
4.41122, -295.206, -10.5152
6.12674, 260.764, -254.116
2.50651, 542.75, 866.607
4.60222, 21.1728, 730.792
5.18984, 293.882, -217.017
4.86596, -236.642, 244.675
6.33003, 544.501, 865.501
2.9396, 554.024, -456.884
7.04284, 142.737, 321.528
3.20818, -853.216, -403.638
2.54782, 417.764, -46.3109
2.82267, 257.542, 519.301
4.96742, 379.737, 221.605
5.40914, 523.911, 967.238
4.03373, -940.162, 543.161
4.57091, 882.468, -64.3915
4.33401, -580.915, -680.715
3.42687, 162.584, 661.455
2.76788, 618.314, 179.218
4.47222, 533.439, -64.1688
3.98388, -346.362, -133.012
5.05388, -394.119, 816.702
3.75392, -707.94, 227.515
5.01589, 948.24, 890.385
2.51168, 0.142518, 775.906
7.01807, 983.107, -446.309
2.79181, -909.144, -939.382
5.17506, -667.196, 809.535
3.95754, -382.46, 865.893
7.3023, -796.711, -262.064
4.73406, 324.755, -108.486
5.08479, 885.061, 169.759
5.93861, -247.641, 33.4455
2.72187, -160.253, 71.3771
7.2946, -793.666, 603.447
5.70852, 364.989, 150.915
2.80215, 619.515, -772.48
3.33964, 54.6721, 266.735
5.76491, 489.852, -237.775
6.19864, -769.873, 334.189
3.57011, 850.432, 204.774
4.31441, 152.258, -857.396
6.56981, -647.008, 928.245
5.32057, 808.463, -469.25
7.45886, -49.1622, -873.66
6.5669, -763.811, 389.893
3.49157, -983.851, -21.7741
2.50003, -139.685, -829.728
4.62608, 926.159, -750.277
4.07406, 853.786, 213.252
5.56218, 605.26, -926.24
3.83351, -191.422, -538.716
4.39881, -592.752, -64.3076
5.43397, 947.127, 298.093
5.95636, -137.997, -497.609
7.26736, -451.57, -566.863
4.89785, -293.527, -944.271
3.60319, 384.896, -717.072
5.33741, -716.574, -454.217
6.09873, 417.418, 360.411
4.4953, -490.866, 556.501
3.48326, -690.883, 972.467
6.66971, -669.009, -757.034
5.59561, -450.215, -861.081
7.26866, -283.734, 186.453
3.23222, -13.9232, -261.316
5.38953, 34.4466, -455.363
7.26796, -389.514, 710.338
3.62331, 719.112, -987.98
7.25137, -495.35, 792.878
3.07874, 788.633, -507.365
2.58372, 31.0603, -245.775
3.90465, -354.193, -166.071
7.15042, 630.842, 177.544
3.04796, 764.733, 875.992
6.77266, 23.2481, 814.422
5.68532, -720.599, -727.804
5.63853, 401.843, -707.254
3.80589, 722.146, 733.164
5.13936, -953.33, 209.647
7.16608, -267.986, 889.156
3.98055, 915.698, 115.507
4.78006, 161.482, 435.802
6.35659, -661.59, -605.507
4.17193, 127.673, 123.399
6.31775, -40.1498, -922.089
6.65892, -30.7728, 938.707
2.64618, -723.99, 566.048
4.31315, 711.669, -265.422
4.16221, 269.374, 465.95
3.17675, -512.593, -286.236
3.00839, -303.261, 621.896
5.11327, -605.679, 805.499
3.52046, 30.7014, -527.586
5.00728, -863.228, -615.298
5.1371, -9.27454, 966.816
4.13422, -261.123, -294.367
4.75888, 228.06, -436.928
6.85263, -6.26417, 957.924
4.72884, 637.082, 862.452
6.03726, -456.588, -905.307
6.83171, 901.273, -695.924
6.5822, 850.599, 207.175
2.67504, 879.987, 841.349
3.8644, -646.461, -239.882
5.21858, -420.254, -429.67
3.19942, -948.258, -555.727
5.57408, -768.014, -926.754
3.29182, -655.638, -604.279
4.41129, 101.378, 219.649
5.94997, -95.1322, 187.96
3.21128, -399.817, 470.74
5.65284, -784.168, 784.89
3.15973, 188.894, 937.064
7.13583, -735.443, 242.756
5.53465, -935.715, 784.341
5.50388, -930.467, 378.904
3.33635, 585.614, -521.816
3.301, -867.324, -396.487
5.91628, 610.415, -25.2296
5.1456, -700.424, -10.3872
3.65264, -139.726, 788.103
6.55373, -506.547, -53.9713
5.76477, -417.379, -556.381
4.08597, -575.027, -591.901
2.53953, -259.968, -809.29
3.49176, 727.781, 725.64
3.78831, -4.68545, 379.914
3.03825, 876.121, 39.107
3.49545, 125.046, -424.149
6.75079, 803.754, -769.259
6.63912, -960.763, 217.411
6.76813, -970.373, -553.335
5.71027, 296.296, 778.241
3.6787, 716.538, -974.344
6.80638, -502.605, -801.046
5.4745, 34.8678, -108.712
2.52745, 502.564, -39.8109
6.84925, -656.907, -470.974
7.37729, 648.476, 97.1293
5.59653, 374.128, 16.8271
3.85574, -919.695, 373.405
7.46973, -164.686, -623.434
4.60751, -713.753, -523.302
4.20537, -790.942, -612.458
4.80717, 378.577, -125.41
4.44822, 260.7, -384.16
4.613, -44.1927, 513.942
2.84879, 129.514, 292.586
5.5153, -48.3706, -127.558
7.36114, -49.8608, 226.32
5.07406, -699.326, -527.667
7.45461, 945.65, -136.661
5.84906, 614.506, -129.237
4.01716, -603.346, 67.9168
3.47371, 861.584, 582.853
4.0109, -715.467, -927.047
4.93946, -337.099, 458.895
4.72438, 530.144, 982.177
5.7844, 322.703, -930.337
3.74227, -769.632, -668.716
4.72007, 53.7768, 552.937
5.75894, -693.796, 42.0714
6.67472, -716.907, 194.605
6.03698, 191.094, 809.309
4.93928, -863.382, -624.181
6.72039, 397.608, -233.731
7.00296, -515.579, -194.741
6.33082, -655.277, -518.789
5.29453, 635.542, 858.473
2.70603, -2.8784, 67.9887
5.46749, 560.535, 67.7419
2.68674, -667.646, 803.965
4.53488, 33.1001, 436.911
2.84243, -967.851, -877.645
7.38558, -766.286, -883.686
2.5956, -509.401, -240.77
6.60363, -155.455, -263.539
5.2195, -390.795, 857.588
5.72828, 785.935, -333.683
3.62934, -257.359, 31.2461
2.733, 840.515, -706.684
3.63154, 201.874, -544.773
4.58371, -633.555, 133.817
6.40126, 263.228, -627.295
3.72852, -925.731, 375.936
4.81411, 642.171, 107.973
6.14756, 926.646, 289.06
5.35237, -331.398, 810.627
5.45997, 925.451, 908.622
4.98425, -930.468, 278.791
3.951, 467.7, 123.266
4.71107, -18.1783, -240.636
2.53669, 849.415, -397.998
7.41683, 502.524, -359.834
2.52822, -795.768, -172.569
4.8676, -118.118, 748.428
5.86497, -312.697, -123.577
