6.27803, -728.644, -935.974
3.5948, 3.6571, -115.824
5.89648, 364.26, -883.068
5.09708, -281.341, 870.943
2.76731, -956.898, 654.014
2.53849, 355.351, 24.325
4.58743, -776.339, -241.635
7.15218, 186.777, 401.025
2.95982, 21.4496, 700.571
6.00595, -182.341, 311.811
3.81226, 539.757, 797.654
4.14117, 473.34, -875.411
7.45519, 453.173, 248.722
7.41275, -500.624, -238.044
5.75759, 481.093, 426.015
6.92354, 255.409, -817.22
6.33247, -161.152, -484.527
3.87453, -460.719, -61.1057
4.93259, -650.818, -301.758
2.80282, 801.722, 762.471
5.08146, 21.1345, 752.431
4.96988, 925.166, -373.338
7.23882, -783.705, -469.971
4.42071, -29.8162, -818.085
5.14874, 789.563, -490.059
2.75042, 838.252, -75.1822
6.63909, 549.455, 527.43
5.94228, -889.845, -716.276
6.18112, 258.64, 724.209
6.94286, 938.712, 442.203
4.25508, -361.268, -514.481
6.72991, 184.993, 20.7761
3.84659, 611.178, -105.412
4.83959, 61.3197, -201.686
3.2686, -640.411, -460.547
2.66527, 625.402, 130.255
7.2768, -12.5814, 86.2705
6.95369, 117.532, 470.675
3.29884, 640.714, 225.849
3.15214, 425.315, -557.048
2.515, -463.47, -800.666
6.0491, -863.872, -178.526
3.40448, -495.055, 826.365
5.76029, 769.371, -327.29
4.42907, 402.724, -719.415
3.23766, -1.79632, -209.659
5.45054, 600.675, 118.269
3.24076, 163.215, 879.464
3.2091, -164.275, 936.679
4.94257, -467.317, 108.31
3.13015, 833.648, -64.2707
5.64635, -331.07, -567.727
5.60817, 277.109, -708.086
4.88216, -483.412, 573.982
2.64188, -462.197, -226.348
3.21011, -119.514, 752.971
3.15594, -195.503, 850.336
3.31099, -812.751, 744.447
3.76529, -257.461, -805.955
4.77654, 527.125, -720.134
6.54472, -86.6326, -290.114
3.57624, 295.534, 812.979
3.75063, 793.952, 378.512
5.02978, -67.1595, 709.449
6.27922, 636.351, 149.433
5.66369, 826.578, -30.1427
5.9449, 585.752, -143.896
7.27207, 945.903, 464.666
5.18713, -381.603, 678.653
4.57014, -733.198, 21.1918
4.70019, 736.128, 162.471
6.07821, 715.126, 450.703
6.20858, 364.787, 568.22
5.12494, 754.831, -936.639
6.06711, -830.257, -82.7746
5.91025, 317.012, -24.8881
6.82941, 819.244, -580.971
3.19597, 52.0688, 731.633
3.57766, 906.25, -131.435
5.0733, -330.516, -157.484
4.83766, -117.292, 740.138
3.55759, -238.605, 602.822
5.65244, -674.97, 956.906
2.5044, -902.97, 174.08
4.09589, 433.473, 521.518
5.90281, 353.703, -96.426
6.0446, 649.999, -566.217
2.90869, -786.509, 630.157
3.56926, 253.677, 453.864
4.44412, -804.127, -559.906
4.44927, 906.008, 895.872
3.92018, 367.83, -457.383
4.6123, 557.233, 539.555
2.55658, -636.47, -438.065
3.72027, 903.116, -624.748
4.49072, -708.354, 631.957
6.64177, -663.971, 196.758
3.78584, 922.919, -703.605
3.59705, -762.912, -502.661
6.47385, 368.366, 263.818
5.8476, 473.413, 384.686
5.49108, -880.452, 267.303
5.99917, -355.512, -523.441
5.13062, 570.906, -731.332
4.14833, 206.953, 92.7742
3.30844, -724.944, 371.697
6.56633, 696.475, -17.8224
4.08004, 430.66, 127.325
4.05369, 28.4989, -719.307
4.65424, 30.1682, 133.602
4.46509, -213.639, -474.801
4.43916, -34.4279, -164.205
4.34871, -778.288, -482.714
5.88118, 330.307, -528.123
6.10384, 410.336, 30.4712
7.20082, -63.1676, 870.13
5.08573, -82.1924, -370.194
5.5282, -168.738, 304.768
5.85049, -669.069, 930.768
5.11404, 64.3772, -292.725
3.87105, -916.058, 639.576
7.08924, 120.41, 281.185
3.73367, 903.766, -423.58
4.77876, 346.589, 639.765
3.30374, -909.772, 632.254
4.68319, 387.186, 349.16
7.45767, 439.523, 178.745
6.26931, -421.649, 386.856
4.97846, -928.45, -633.313
7.01651, -645.632, -768.982
4.68213, 487.002, 524.482
5.09239, 155.742, -934.414
4.44866, 91.9151, -812.865
5.63431, -182.973, -586.07
5.19331, 373.383, 329.692
4.35955, 639.801, -432.755
2.54674, -343.012, 349.154
6.3794, 32.9298, -745.267
2.85317, -866.118, -581.169
3.98511, 413.705, -686.808
4.78581, -49.926, -841.706
3.25156, -91.1447, 25.1278
5.97819, 634.817, -420.096
4.15587, 375.765, 138.639
5.21197, 947.293, -830.46
2.64678, 726.367, -915.204
5.38086, 5.96257, -215.613
5.18133, 340.336, 464.865
7.36678, -732.819, -884.21
5.57063, -312.048, -585.128
5.26431, -732.042, 219.397
6.69051, -247.385, 876.802
3.75764, -492.435, 877.853
6.98957, 591.895, -125.456
5.97428, 513.019, -487.479
5.82752, -475.935, -72.6084
3.06838, -592.122, -776.811
3.37987, -915.557, 102.976
2.91253, -145.647, 165.041
6.68103, -219.608, 339.362
2.64818, 892.996, -709.941
6.34719, -18.6869, -824.937
4.29829, -507.56, 839.259
6.24626, 27.9342, 510.398
6.28385, 333.25, 309.694
3.60834, -525.985, -878.438
5.58305, 298.396, 154.125
3.66846, -556.405, -221.102
6.22052, -688.452, 271.943
5.80997, -861.336, -661.891
4.9209, 894.236, -753.689
2.58972, 853.241, 189.344
4.98291, 457.175, 169.623
5.09587, -16.9759, -851.755
4.71395, -839.869, 495.479
4.14528, -22.7386, 918.189
3.52671, 469.175, -97.0653
7.19863, -220.614, -592.381
2.85168, -524.26, 870.576
3.30042, 28.8585, -736.174
6.70788, -735.309, 18.2015
4.13614, -156.605, -253.278
6.85942, 166.499, 412.748
5.99896, 651.291, 509.917
5.52801, 856.56, -196.489
4.77536, 65.5481, -238.32
2.91543, -498.325, -257.292
3.94883, -9.08214, -112.5
6.51009, -605.173, -775.254
6.81821, 352.859, 29.2682
3.81831, 401.718, -495.153
4.79881, -793.927, -231.991
4.95672, 567.096, -499.652
5.82344, -462.032, -942.188
7.31738, -614.597, -175.816
7.23022, 551.717, -731.43
2.81902, 220.25, -641.572
5.04829, -467.837, -262.654
6.13222, 650.061, 651.747
5.65882, 557.907, -310.598
3.26658, -893.337, -919.195
5.09652, -834.657, 493.878
3.52281, -526.663, 817.77
6.03231, 397.128, -824.29
6.05786, -472.095, -76.1373
3.66304, -562.073, -223.848
6.80594, -14.1379, -114.818
2.67122, -90.4912, 902.587
6.26587, -906.165, 84.6667
4.14789, 625.785, 129.481
4.65309, 47.4207, -508.59
7.33455, 877.661, -215.134
4.05803, 733.397, 670.911
5.69762, 905.898, -687.983
5.95386, 842.09, -57.801
5.36403, 39.1847, 617.299
6.60667, 902.808, -726.532
4.21807, -866.31, -674.122
5.09387, -813.494, -712.169
6.78438, 114.29, -904.176
6.18587, 337.041, 41.6037
3.45992, -846.988, 352.549
2.83145, -305.298, 318.233
3.60828, 859.739, -704.905
3.33656, 135.316, -161.398
6.31172, 370.467, -868.783
5.44905, -830.275, 376.625
4.65223, 848.392, 828.068
7.09618, 636.91, 12.778
5.09668, 457.323, 170.099
7.38058, -689.476, -43.0734
5.15714, -449.062, 125.848
2.98716, 342.797, 329.531
5.83983, 183.005, 123.673
5.44444, 152.846, -16.5795
5.01137, -658.437, -108.297
2.75808, -883.455, 423.696
2.6753, -313.981, 20.8321
4.41484, -771.161, -525.059
5.55555, 207.313, 96.0121
5.06574, 548.5, 841.175
5.98498, 341.511, -13.2438
4.89891, -3.03332, -206.022
3.88323, 42.9348, 432.582
6.01685, -433.075, 189.844
3.67701, 835.957, 15.3205
6.41501, 131.049, -177.669
6.60589, 331.36, 794.873
3.21842, -481.493, 45.3045
5.75757, -501.586, 762.645
3.87677, 841.507, -934.218
7.26215, -419.78, 682.302
4.58238, -740.763, 22.6896
3.03869, -123.641, 383.346
4.70633, -767.404, 531.989
6.28811, -396.15, -274.863
2.77803, -343.935, -283.409
3.51241, -9.76576, 125.828
6.82305, 903.921, -711.208
6.52456, -272.436, -10.7715
2.78861, -660.509, -640.879
4.40304, -53.4001, -699.392
4.56124, -93.1936, 706.316
2.80071, -359.987, 303.191
7.09746, 793.075, 611.665
3.35398, 538.084, 827.018
6.51634, -921.86, 205.407
3.88599, 705.448, 44.9927
4.44586, 164.417, 743.837
7.19936, 70.9025, 613.815
6.24573, 186.295, -204.67
3.44774, -339.969, 741.603
6.89581, 415.777, 473.045
6.8953, 398.61, -795.544
3.30515, -799.758, -244.201
5.87346, -780.195, -185.956
6.89096, 612.784, 165.957
6.98262, 262.134, 504.236
3.06535, 6.92382, 729.28
5.93789, -192.647, -222.336
3.21651, -798.964, -739.568
3.6901, 371.228, -36.829
5.64383, 900.073, -203.493
4.312, 794.219, 379.341
4.64437, 582.952, 705.706
4.91936, -26.9788, -815.577
6.20379, 13.4277, -123.372
3.23098, -348.842, 835.234
7.36238, -786.113, -733.376
7.3158, -503.945, -213.188
3.14741, -571.623, 641.757
5.3784, -282.431, -592.119
4.66439, 142.589, -180.151
5.50066, -240.738, -251.789
5.85098, -669.686, -61.598
4.5137, 400.79, 954.504
6.46691, 662.923, 651.022
4.89889, -926.469, -240.878
5.72449, 290.867, 259.042
4.28836, -265.057, 607.813
5.96794, -317.689, -218.069
5.83428, -416.36, -667.379
3.22071, -423, 695.892
7.10415, -888.888, 182.556
4.22228, 27.6702, -219.897
6.66824, -391.248, -465.234
2.74349, 301.598, -709.047
3.27936, -240.312, -43.8166
2.55765, 323.694, 473.771
3.94327, 110.269, 577.817
5.07295, -329.703, -152.826
3.65948, 667.424, 431.404
2.75022, -252.285, -46.8057
5.33091, -601.314, -766.606
6.69774, -155.041, 638.309
4.28763, -676.657, -475.144
4.3452, 161.578, 845.005
7.22226, 264.095, -67.2548
4.72425, -878.251, -177.928
6.82086, 444.981, 155.889
5.82654, -776.27, -719.294
5.79297, 173.474, 647.926
7.10736, -935.173, 937.015
5.11536, 929.885, -636.679
5.45229, 442.439, -440.948
5.79944, 664.826, 665.236
4.24765, 260.443, 472.557
4.11714, 354.189, 35.6474
7.08984, -104.968, 714.391
3.08619, 917.544, -453.793
7.31268, 615.458, -120
5.17978, 60.0095, -275.596
5.81447, 765.428, 636.054
5.48362, 876.028, -484.788
6.93363, -507.935, -717.696
6.67999, -642.515, -597.83
6.69339, 249.735, 181.685
6.85642, -156.265, 291.661
2.5002, -774.078, 327.52
4.77274, 275.752, 328.084
4.25696, -915.691, 202.581
5.80713, -252.087, 692.136
6.22234, -888.005, 153.394
3.3821, -158.189, -469.119
7.4621, 803.651, -758.175
5.95466, -915.55, 197.121
6.97862, 152.347, -16.4649
3.51579, 353.061, -94.4296
7.2356, -481.915, -44.8514
4.88476, 851.906, -486.621
6.78578, 912.6, -748.738
6.41237, -899.095, -538.792
5.70687, 897.383, -869.583
3.14521, -707.085, 173.536
5.77944, 9.07912, 666.816
3.09199, 56.8123, -1.39971
3.88793, 300.232, 770.073
6.65548, -236.104, -244.061
6.14153, -742.95, -510.137
6.74348, -603.522, 290.531
3.43989, -761.98, -858.116
6.09602, 555.376, -307.663
4.25586, 143.342, 295.525
3.34555, -420.268, -686.26
4.52383, 330.475, -524.124
4.20924, 162.041, 728.274
6.67141, 341.887, -120.054
3.9111, 700.004, 590.046
5.16766, -628.145, -459.07
6.25085, 932.952, -849.549
4.62554, -660.689, -736.079
4.66964, -517.986, 551.88
3.03022, 842.047, -913.079
6.4639, -41.6149, -456.864
3.91232, -600.395, -461.665
7.14264, -537.038, -237.707
5.37926, 247.621, 504.638
3.4895, 812.816, -297.507
5.99081, 557.872, -726.304
3.07265, 484.914, -893.503
4.22945, 275.689, 746.313
4.15646, -536.559, -237.979
6.42735, 828.068, -925.927
6.65775, 459.16, -213.134
4.21712, -726.687, 745.067
4.2603, -279.605, 890.109
6.38197, 127.478, -764.911
6.58658, 4.54935, 682.948
4.26157, -160.693, 294.972
7.09559, -396.552, -274.292
3.2877, 509.046, 234.132
5.56029, -461.564, 598.379
5.54222, -422.772, 695.804
3.16647, -240.426, -710.049
3.51409, -714.511, -509.777
4.79457, -835.224, 527.388
3.48759, -470.147, 887.449
6.77118, -834.1, 375.461
6.54562, -756.417, -647.51
2.80131, -871.539, 846.672
6.50584, -706.824, 635.112
5.49597, -158.542, -509.046
7.43182, -880.315, 273.266
2.65919, -112.628, 681.851
6.8356, 890.053, -705.148
3.69109, 619.263, 301.182
3.6127, 192.366, 388.293
4.73907, -900.11, -551.316
2.61231, 850.348, -187.455
6.79755, -254.026, 4.33998
4.15902, 223.457, 550.234
5.72195, 318.489, 296.109
7.43521, -904.849, -505.884
5.30162, 286.173, -571.933
4.74553, -759.143, -247.771
5.213, 145.58, -722.841
2.90797, 787.369, -32.5706
3.99606, -778.824, -250.245
6.63964, 779.685, 634.409
6.48936, 609.556, 880.218
5.71048, -121.761, 678.8
4.84105, 617.366, 361.511
7.15326, -195.783, -549.846
5.08798, -248.25, -48.7381
7.42924, 793.896, -483.552
5.94567, -50.7477, -683.948
6.19966, -150.357, -480.46
3.46323, -400.145, -889.541
6.08881, -466.83, 590.178
6.11146, 576.897, -147.247
6.49298, 282.312, 146.698
4.23216, 251.066, -953.834
5.1481, -20.7409, -133.831
3.19001, 728.594, -332.668
6.73218, -243.266, -246.299
6.32766, -43.7421, -845.442
7.5, 880.744, -435.606
4.24891, 479.083, 939.175
5.50367, -572.852, 563.677
3.50808, -491.55, 55.6785
6.2385, 42.0546, 154.32
6.49225, 926.091, 220.71
3.03505, -695.181, 105.313
5.35813, -507.037, 42.6927
2.84683, 358.935, -366.06
4.16036, 678.745, 673.556
5.80945, 463.348, -690.429
5.27726, 137.399, -166.359
7.12415, 227.339, -9.97037
2.69832, -460.848, 204.429
2.62083, -287.686, 216.64
4.61923, 229.708, -639.448
4.36987, 452.096, 143.342
2.93303, -245.266, -266.258
3.05403, -152.041, 166.067
5.31992, 350.55, -339.634
7.37269, 4.31449, 712.003
3.05066, -46.0047, -834.063
5.99352, 100.548, 929.637
2.79674, -71.2027, -687.228
4.69755, 832.911, -75.157
5.24651, 956.328, 700.409
3.45129, 670.488, -730.589
7.36597, 339.517, 323.45
3.19593, -662.962, -85.7093
5.48978, 885.779, -457.314
7.12812, -850.364, 701.299
3.91116, -69.6005, 863.607
6.8307, -155.012, -86.0371
6.29598, -194.146, -565.857
6.10793, 332.802, 611.636
3.34241, -338.404, 340.672
3.32882, 771.179, 361.361
3.39076, -647.96, -946.187
5.87226, 315.363, -571.604
4.83484, -310.169, 17.3087
6.85219, -782.718, -355.69
5.76023, -659.275, -104.555
5.80464, 741.743, 844.259
2.58037, -655.433, -565.656
4.30596, -745.357, -683.909
3.72747, 903.035, 92.9595
6.93086, -894.949, -901.467
5.23701, 817.451, 786.276
6.57209, -43.2374, -632.8
5.24453, 169.843, 834.654
4.16156, 491.987, -48.3528
4.40213, -4.92562, -647.503
2.52389, 893.832, 625.544
6.95226, -83.4285, -400.031
6.16955, -461.095, 663.952
6.04239, -123.876, 665.161
5.1278, 83.8038, -184.538
6.41065, -166.591, -783.662
3.42484, -407.896, -432.734
5.72673, 272.303, 458.636
3.42178, -645.706, -269.111
3.31214, -14.372, -119.603
2.65594, -184.585, 835.29
7.42716, 136.426, -676.527
4.04559, -303.324, -679.799
4.11075, -637.363, -290.489
5.51155, 275.577, -206.996
2.89107, -322.851, -890.742
3.93936, 3.66936, 58.6697
5.79307, -158.868, -475.098
7.36348, -919.386, -360.729
7.27758, -361.923, -761.082
7.42745, -653.29, -296.662
7.30478, -872.75, -693.258
3.0073, -516.781, 553.137
3.71505, -158.616, -475.176
6.91151, 114.403, -388.777
5.28805, 339.004, 651.318
6.7669, 783.859, 526.392
7.49145, -532.863, 557.159
3.99751, -204.387, -470.312
6.33157, 939.88, 430.93
4.81901, 293.025, -166.43
6.8168, -653.16, -744.633
6.99018, 836.171, -40.7588
7.377, 251.736, -392.328
2.77405, 616.776, 159.324
6.32605, 899.875, -632.813
5.09219, -905.433, 735.257
3.46574, 937.444, -196.337
6.98252, 227.368, -552.427
6.38492, -828.768, 102.1
2.75968, 396.573, 526.153
7.47331, -807.632, 752.524
5.93659, -69.7229, -429.249
5.94854, 866.367, 494.52
6.57666, -641.615, 808.788
7.05426, -56.2792, -437.787
3.34218, -201.588, 360.422
5.24183, -602.98, 775.364
6.53351, -489.463, -244.706
4.17803, 330.251, -519.013
5.53435, -94.8658, 21.6887
6.59602, -881.976, 344.541
7.3485, 59.6063, -231.14
6.29349, 545.699, 518.677
3.72113, -133.389, -100.204
5.80589, -571.085, 379.133
4.21574, -472.484, -208.67
7.27146, 360.359, -378.197
2.60828, 785.675, 538.686
4.54979, -880.683, 915.076
2.55789, 561.653, -680.363
3.04964, 847.029, 220.986
5.28259, -808.072, 103.308
4.45466, 10.4891, -254.179
7.20539, 122.648, -182.106
2.55572, 183.304, 372.142
6.22897, -176.814, -468.406
3.84293, 156.145, 118.201
4.27153, -638.245, -758.542
3.45835, -449.537, 637.212
5.14832, 297.732, -136.787
4.39478, -42.7999, -838.348
3.16407, -49.0032, -829.657
4.26563, -181.459, -509.014
4.2497, 775.715, 949.195
7.41084, 634.338, -151.493
5.25961, 148.224, -338.611
4.99918, 40.1695, -719.029
3.58531, -828.616, 405.659
4.37311, -245.829, -604.842
6.78251, -630.144, -457.341
6.45578, 796.268, -513.645
3.9204, -522.812, 873.655
5.07645, 444.541, 128.062
6.79238, -242.791, 40.019
7.07844, -842.723, -178.178
7.48941, 135.728, 874.805
6.53177, 143.65, -171.134
5.22718, -899.477, -178.438
7.3461, 125.92, -726.075
5.31931, -576.316, 367.184
4.03031, -445.96, 633.514
5.41853, 881.534, 883.185
2.91197, 65.1709, -266.31
5.47382, 354.454, 589.181
3.31968, -569.686, -574.202
6.46527, -641.437, -436.165
2.95373, 598.816, 685.946
6.3072, -484.285, -680.269
6.83996, -248.128, -10.241
6.40105, 151.394, -340.201
6.61399, 902.452, 874.317
6.70974, 367.331, 542.316
4.48328, 491.314, 254.444
6.508, -137.581, 166.508
6.56811, 373.079, -37.5979
5.43493, -400.415, 89.802
4.64621, 766.241, -22.2176
2.5002, -50.3947, -460.035
5.31153, -794.284, 333.269
6.22632, 358.151, 325.208
3.89846, 901.647, 286.501
2.93406, -933.14, 554.732
3.5733, 854.863, -865.825
3.93296, -468.997, 605.266
4.86595, -380.65, 460.717
6.95893, 839.314, 827.299
5.91955, 496.642, -480.219
3.54376, -3.08161, -131.943
6.67533, 770.829, -8.56983
7.09218, 899.729, 912.773
4.48244, -504.449, -671.927
6.37858, 562.169, 525.477
5.68161, -129.925, -106.906
6.64746, 469.844, 243.328
3.40204, 531.057, -471.19
7.45927, 558.875, -724.229
6.70558, -140.119, -803.419
4.65177, 862.429, 245.125
4.38589, 595.835, 848.386
2.70802, 613.738, -493.412
6.80715, -722.11, -501.366
6.62116, 886.954, -879.445
6.25052, 23.2929, 718.325
3.55801, -175.917, 924.686
4.31029, -775.183, -176.093
4.43545, -589.439, -736.514
7.32918, 786.717, 630.128
6.5872, -125.733, 660.754
4.5755, -69.9654, 437.416
5.83759, 198.506, 147.304
2.52101, 477.074, 937.496
6.98048, -709.383, 202.314
3.68416, -358.055, 357.538
3.79415, 342.08, -133.745
5.4939, 393.63, -689.938
6.89823, -812.776, 355.255
6.16299, -581.639, -583.518
6.0773, 843.029, 569.832
3.57724, -585.027, 484.413
6.30413, 689.002, -938.856
3.85351, -189.954, -515.071
2.75246, 614.608, 298.935
4.78866, 314.385, 280.92
2.58759, 420.728, -739.16
3.01129, 57.7477, -205.197
2.639, -162.055, 298.599
5.65921, -356.489, -540.001
6.34425, 55.0033, -223.827
2.74132, 539.758, -811.074
6.6924, -23.0042, -629.126
6.76899, -238.67, -252.763
6.57649, -491.701, 569.603
6.85188, 789.834, 376.949
5.27222, -614.48, -150.625
6.12646, -249.738, -27.469
3.20424, -478.318, 882.381
6.6115, 584.443, -509.312
5.51185, 695.003, -184.829
4.93856, 477.884, -883.065
6.14942, -242.367, 855.492
4.05164, 754.518, -655.57
3.93925, -703.482, 330.532
5.45857, -905.694, 747.597
5.34055, 603.232, 832.254
5.41059, -916.954, -560.499
2.84132, -671.679, 290.182
4.34304, 150.432, -345.167
6.28475, -919.268, -554.644
6.35297, -451.324, -849.827
4.27217, -399.783, -284.096
5.98913, 206.249, 892.988
5.08005, -648.117, -290.16
5.94494, 344.447, 146.682
6.18066, -80.7248, 627.022
2.56231, -325.784, -649.564
7.16549, 629.928, -157.221
5.37826, 119.681, 116.127
3.05587, 512.599, 961.72
4.87388, -113.166, 27.4488
3.24247, 217.407, 108.309
4.22594, 58.1108, 432.057
7.04476, -874.897, 163.527
4.54571, 10.4303, 531.852
5.96642, -676.351, -93.4548
3.35865, 366.792, -847.059
6.21715, 854.525, -482.255
4.16319, -433.881, 664.653
4.62157, 632.086, 323.966
2.79523, -185.038, -75.9345
5.09005, 271.243, -219.081
5.94425, 450.163, -564.625
5.01149, -259.305, 10.2631
6.56617, -183.069, -729.287
3.07974, 101.032, -895.697
5.24841, 277.808, 463.329
5.06046, 347.472, 41.8697
6.02649, 924.019, 440.083
5.65083, -249.155, 876.431
4.0207, -56.2095, -628.414
6.74719, 391.149, 340.453
3.39619, 618.241, -29.3397
2.61737, -498.027, -94.275
4.19467, 690.871, 40.9636
3.43818, 335.04, -130.356
6.60467, -279.66, 160.462
6.72507, -901.968, -185.366
6.78031, 854.923, -699.227
7.37454, -907.282, 628.939
2.99587, 419.444, -434.527
2.56182, 567.335, 632.154
2.58614, 228.035, 544.03
2.64527, 219.553, 121.933
4.1031, 147.932, -343.375
6.17815, 607.875, 288.802
3.14876, 349.309, 461.513
2.5161, -378.642, 480.106
6.91905, 130.099, -783.574
3.70482, 204.444, -528.647
4.38481, -825.036, 728.328
4.44879, 602.224, 146.066
2.81534, 621.391, 302.872
7.30792, 184.278, 890.033
3.75349, 707.999, -351.179
6.85376, -668.393, -64.6182
2.85991, -883.039, 366.722
2.70653, -591.496, 577.336
3.46378, 316.423, -495.678
3.86708, -297.913, 307.155
7.4007, -938.944, -350.531
3.60607, 332.224, -507.4
6.43119, -863.048, 829.483
4.42306, 260.379, -402.135
3.78593, 455.976, -624.924
3.91087, -895.502, 65.7444
7.33834, 877.264, -50.99
4.22841, 710.361, 149.686
3.45922, -926.518, 725.606
5.05037, -545.289, -364.639
5.21857, -532.745, 605.239
5.72333, -659.271, -569.052
3.89738, 0.555646, 752.388
3.41887, -312.016, -677.951
2.71579, -817.333, 358.345
3.98408, -513.347, -244.069
4.25548, -229.401, 129.8
7.09372, -393.298, 699.669
5.81225, 491.09, -348.578
5.08041, 862.118, 560.403
4.03763, 575.054, 549.672
3.0007, -327.517, 142.068
3.47502, 359.66, -901.095
4.11407, 45.7836, -119.547
5.56182, 891.325, 93.3
5.13511, 933.248, -948.805
3.45653, 312.121, 244.356
4.7178, -673.505, -475.785
4.48693, -664.3, 802.977
6.28051, -587.47, 747.642
6.6213, 723.56, 603.427
5.51573, 122.295, -386.437
3.04573, 581.332, -782.272
4.11797, 466.591, -165.604
5.03403, 23.1609, 305.653
4.76521, -661.019, 777.06
4.77315, -166.468, -475.297
4.91125, 910.478, 895.229
5.07896, 361.225, -648.299
4.50207, 179.438, 793.368
4.22945, 905.121, 419.886
6.64533, 905.059, -198.652
3.02204, -692.666, -750.303
6.40057, 525.593, 506.697
3.19919, -290.225, -231.16
2.62171, -774.768, -533.286
6.0664, 369.965, -680.829
7.15538, 146.456, -776.568
7.47667, 223.869, 162.907
3.86264, -896.9, 151.873
3.6923, -524.32, -245.766
3.87328, 911.909, 605.876
5.70836, -878.174, -723.359
5.17637, 293.451, 125.885
6.8967, 790.264, -293.373
6.75968, -638.237, -770.344
2.98004, 852, -45.155
4.66818, -719.194, 214.371
3.17045, -161.734, -728.131
5.86802, -198.684, 312.518
5.34964, -38.4826, -444.474
3.66474, -553.888, 561.99
5.50306, 252.687, -656.78
2.6551, -756.77, -11.6992
7.08512, 538.974, -282.704
3.82958, 848.872, -183.177
6.50016, -168.724, -528.937
5.46389, 146.31, -722.34
5.0822, 357.612, 582.179
5.2567, 348.068, 592.222
3.47225, 454.164, -220.616
5.36152, 150.504, -686.596
3.81992, 166.862, 395.644
4.41648, -783.368, 520.663
2.73626, -714.82, -887.955
4.22823, 564.383, -682.215
3.61594, 641.783, -433.852
3.81264, 20.0828, -704.091
3.05141, -406.607, -443.976
7.40088, -674.728, -4.69083
5.93794, 786.213, 625.35
5.82158, -545.059, -366.556
5.99501, -584.298, -664.057
2.68746, -782.668, -732.602
3.6706, -656.624, -751.491
3.95397, 735.405, 675.464
3.50543, 65.88, -228.501
2.7177, 326.761, 275.541
2.56571, -517.812, 553.14
6.07297, -490.715, 773.248
6.88348, -844.765, -588.326
5.35088, -871.638, 337.076
6.92743, 855.193, 834.81
5.20042, -370.88, -269.184
3.31357, 878.001, -638.237
3.30492, 940.429, 460.775
7.19182, 292.135, 266.63
3.45628, 519.844, -805.48
3.15761, -5.20029, -121.556
4.41122, -238.043, 8.80211
6.12674, 275.542, -198.148
2.50651, 547.745, 842.068
4.60222, 34.481, 720.121
5.18984, 253.054, -229.115
4.86596, -228.972, 236.279
6.33003, 549.848, 840.191
2.9396, 532.803, -470.317
7.04284, 153.531, 325.835
3.20818, -827.042, -403.734
2.54782, 346.071, -32.6434
2.82267, 246.661, 507.964
4.96742, 372.849, 220.106
5.40914, 511.12, 951.917
4.03373, -912.774, 538.231
4.57091, 840.752, -46.0043
4.33401, -604.816, -644.812
3.42687, 149.974, 644.988
2.76788, 619.563, 136.889
4.47222, 500.507, -59.481
3.98388, -330.059, -135.031
5.05388, -386.412, 810.179
3.75392, -705.772, 230.015
5.01589, 903.614, 909.533
2.51168, 3.55471, 783.015
7.01807, 928.039, -440.463
2.79181, -919.527, -917.345
5.17506, -613.601, 776.733
3.95754, -385.455, 824.55
7.3023, -791.455, -248.909
4.73406, 349.884, -104.034
5.08479, 845.239, 182.804
5.93861, -296.295, -8.9951
2.72187, -157.71, 55.3981
7.2946, -777.036, 591.889
5.70852, 376.968, 142.795
2.80215, 566.427, -734.878
3.33964, 76.4986, 262.118
5.76491, 477.869, -215.036
6.19864, -774.697, 331.946
3.57011, 843.052, 224.359
4.31441, 133.27, -785.143
6.56981, -643.227, 907.143
5.32057, 805.861, -461.871
7.45886, -47.2294, -827.786
6.5669, -763.615, 361.004
3.49157, -950.115, -17.5299
2.50003, -147.468, -805.958
4.62608, 890.128, -712.342
4.07406, 826.88, 198.859
5.56218, 598.072, -900.64
3.83351, -166.711, -520.46
4.39881, -590.595, -75.3292
5.43397, 891.441, 275.699
5.95636, -120.743, -457.66
7.26736, -420.829, -547.632
4.89785, -296.622, -908.978
3.60319, 412.29, -694.167
5.33741, -678.682, -480.66
6.09873, 360.552, 335.368
4.4953, -484.909, 568.036
3.48326, -676.242, 953.184
6.66971, -640.759, -762.511
5.59561, -451.119, -854.204
7.26866, -274.513, 173.423
3.23222, 9.79751, -205.461
5.38953, 12.8426, -440.905
7.26796, -428.924, 691.229
3.62331, 701.317, -953.03
7.25137, -489.032, 780.771
3.07874, 798.69, -516.309
2.58372, -1.37495, -224.359
3.90465, -332.568, -156.42
7.15042, 629.499, 134.476
3.04796, 762.026, 852.438
6.77266, 2.20861, 752.822
5.68532, -699.743, -715.722
5.63853, 391.926, -687.37
3.80589, 719.911, 673.526
5.13936, -905.635, 204.922
7.16608, -256.026, 853.374
3.98055, 888.832, 110.431
4.78006, 186.696, 389.016
6.35659, -644.036, -589.619
4.17193, 158.776, 116.317
6.31775, -55.0557, -822.376
6.65892, -15.7484, 902.804
2.64618, -722.061, 559.204
4.31315, 696.139, -258.014
4.16221, 267.528, 486.293
3.17675, -466.503, -238.117
3.00839, -291.868, 615.905
5.11327, -582.476, 784.812
3.52046, 33.8857, -505.097
5.00728, -843.872, -589.66
5.1371, -27.3481, 922.04
4.13422, -257.629, -286.633
4.75888, 243.153, -404.316
6.85263, -40.9722, 913.835
4.72884, 601.559, 830.928
6.03726, -452.114, -837.163
6.83171, 876.479, -695.293
6.5822, 809.908, 192.645
2.67504, 825.292, 820.54
3.8644, -622.624, -254.108
5.21858, -412.37, -422.016
3.19942, -915.907, -562.74
5.57408, -746.324, -878.888
3.29182, -628.158, -635.006
4.41129, 108.78, 214.798
5.94997, -98.6892, 181.609
3.21128, -399.404, 475.874
5.65284, -783.7, 752.586
3.15973, 160.319, 907.268
7.13583, -716.472, 211.93
5.53465, -914.154, 778.667
5.50388, -884.657, 359.636
3.33635, 591.577, -504.738
3.301, -823.436, -406.158
5.91628, 593.37, -22.5634
5.1456, -692.941, -6.88662
3.65264, -113.104, 736.116
6.55373, -476.468, -59.9716
5.76477, -414.631, -544.517
4.08597, -598.435, -584.275
2.53953, -250.486, -789.139
3.49176, 717.343, 679.938
3.78831, 8.83657, 372.847
3.03825, 850.837, 41.1828
3.49545, 104.326, -412.403
6.75079, 797.189, -771.419
6.63912, -886.026, 197.844
6.76813, -891.12, -564.243
5.71027, 301.475, 768.462
3.6787, 709.182, -953.58
6.80638, -503.847, -771.096
5.4745, 0.05564, -125.363
2.52745, 519.664, -58.6993
6.84925, -626.861, -456.874
7.37729, 616.001, 136.055
5.59653, 353.273, 26.265
3.85574, -886.866, 336.593
7.46973, -193.979, -576.33
4.60751, -682.727, -501.547
4.20537, -780.496, -600.997
4.80717, 330.255, -96.7258
4.44822, 249.411, -415.524
4.613, -21.8866, 509.348
2.84879, 129.992, 306.329
5.5153, -18.9619, -117.387
7.36114, -50.767, 210.412
5.07406, -712.523, -496.013
7.45461, 908.032, -126.865
5.84906, 585.636, -127.742
4.01716, -598.981, 58.3456
3.47371, 832.672, 584.041
4.0109, -745.284, -882.306
4.93946, -345.294, 451.521
4.72438, 505.631, 939.016
5.7844, 340.163, -890.151
3.74227, -746.201, -682.367
4.72007, 48.2864, 541.85
5.75894, -689.415, -13.4699
6.67472, -716.75, 248.315
6.03698, 183.73, 802.539
4.93928, -838.901, -628.049
6.72039, 388.991, -215.688
7.00296, -510.932, -222.7
6.33082, -667.858, -482.988
5.29453, 643.199, 882.488
2.70603, -7.23583, 79.0295
5.46749, 551.763, 76.0807
2.68674, -633.221, 796.224
4.53488, 78.9042, 423.316
2.84243, -937.777, -863.597
7.38558, -747.175, -895.094
2.5956, -491.588, -242.044
6.60363, -169.515, -263.321
5.2195, -385.911, 814.978
5.72828, 750.323, -341.672
3.62934, -268.762, -1.58185
2.733, 874.665, -703.447
3.63154, 204.809, -544.61
4.58371, -634.773, 129.452
6.40126, 255.197, -613.197
3.72852, -887.144, 352.093
4.81411, 622.966, 136.453
6.14756, 926.333, 285.132
5.35237, -338.173, 793.315
5.45997, 916.345, 897.518
4.98425, -863.132, 267.342
3.951, 454.58, 160.042
4.71107, -3.74591, -210.091
2.53669, 831.955, -406.104
7.41683, 487.744, -347.496
2.52822, -756.526, -196.98
4.8676, -103.831, 727.486
5.86497, -334.31, -135.629
