6.27803, -688.644, -786.266
3.5948, 57.9934, -207.375
5.89648, 361.292, -801.439
5.09708, -235.225, 805.353
2.76731, -905.073, 652.882
2.53849, 327.262, 30.9199
4.58743, -730.221, -199.723
7.15218, 169.539, 363.899
2.95982, 9.5805, 652.125
6.00595, -168.393, 242.312
3.81226, 597.689, 787.528
4.14117, 462.984, -807.205
7.45519, 389.491, 191.286
7.41275, -517.898, -258.199
5.75759, 427.129, 381.124
6.92354, 241.671, -747.837
6.33247, -192.373, -517.056
3.87453, -516.788, -93.8561
4.93259, -613.947, -287.361
2.80282, 784.151, 772.761
5.08146, -26.9719, 674.487
4.96988, 833.916, -407.77
7.23882, -659.49, -505.268
4.42071, -50.0786, -740.08
5.14874, 816.61, -479.91
2.75042, 743.129, 6.17654
6.63909, 499.943, 502.515
5.94228, -756.498, -643.888
6.18112, 286.236, 715.509
6.94286, 861.057, 448.137
4.25508, -341.768, -525.46
6.72991, 182.454, -8.66768
3.84659, 559.671, -127.245
4.83959, 73.8311, -183.059
3.2686, -638.056, -478.123
2.66527, 555.906, 137.987
7.2768, 11.859, 75.1226
6.95369, 129.314, 416.759
3.29884, 570.361, 156.828
3.15214, 421.407, -547.817
2.515, -441.158, -754.69
6.0491, -763.373, -197.451
3.40448, -472.037, 755.03
5.76029, 739.788, -297.899
4.42907, 406.889, -690.363
3.23766, 52.7086, -157.166
5.45054, 604.138, 44.6551
3.24076, 162.012, 803.384
3.2091, -152.235, 847.692
4.94257, -435.322, 91.4609
3.13015, 767.714, -27.8584
5.64635, -298.657, -527.997
5.60817, 258.296, -631.588
4.88216, -511.98, 561.512
2.64188, -415.805, -164.522
3.21011, -25.5694, 640.868
3.15594, -218.558, 780.748
3.31099, -763.412, 698.975
3.76529, -218.232, -718.865
4.77654, 552.047, -695.005
6.54472, -70.2626, -268.721
3.57624, 269.758, 703.787
3.75063, 714.082, 361.019
5.02978, -107.228, 662.324
6.27922, 561.01, 142.213
5.66369, 785.861, -77.1028
5.9449, 592.258, -106.557
7.27207, 860.443, 422.716
5.18713, -453.751, 637.648
4.57014, -661.454, -26.6767
4.70019, 658.03, 142.33
6.07821, 671.08, 435.585
6.20858, 337.423, 526.456
5.12494, 708.518, -886.97
6.06711, -756.281, -102.836
5.91025, 367.539, 0.535635
6.82941, 795.749, -543.145
3.19597, -16.0394, 676.675
3.57766, 822.042, -162.518
5.0733, -308.236, -145.796
4.83766, -53.1634, 617.313
3.55759, -240.987, 607.858
5.65244, -640.253, 869.908
2.5044, -825.443, 194.034
4.09589, 381.391, 469.634
5.90281, 303.336, -47.8405
6.0446, 607.664, -523.315
2.90869, -736.22, 556.924
3.56926, 266.7, 452.5
4.44412, -750.757, -548.668
4.44927, 789.195, 791.849
3.92018, 341.087, -459.659
4.6123, 496.027, 479.104
2.55658, -621.509, -459.288
3.72027, 829.454, -697.929
4.49072, -685.556, 602.99
6.64177, -715.077, 247.848
3.78584, 788.364, -658.375
3.59705, -700.801, -497.118
6.47385, 311.583, 309.93
5.8476, 420.865, 379.553
5.49108, -821.808, 247.635
5.99917, -343.202, -514.061
5.13062, 516.2, -694.654
4.14833, 242.304, 130.297
3.30844, -780.532, 308.602
6.56633, 648.725, 6.93632
4.08004, 387.246, 201.268
4.05369, -10.9463, -702.482
4.65424, 55.1048, 119.132
4.46509, -136.28, -543.777
4.43916, 60.1385, -206.367
4.34871, -657.437, -489.91
5.88118, 313.831, -488.839
6.10384, 308.388, -1.44071
7.20082, -19.7019, 826.425
5.08573, -71.7603, -438.635
5.5282, -160.238, 281.027
5.85049, -613.359, 842.412
5.11404, 33.6369, -154.901
3.87105, -827.76, 603.017
7.08924, 161.972, 312.659
3.73367, 777.857, -443.869
4.77876, 322.562, 538.113
3.30374, -845.056, 616.198
4.68319, 265.691, 279.976
7.45767, 413.631, 131.401
6.26931, -386.945, 380.229
4.97846, -788.496, -575.233
7.01651, -610.556, -682.396
4.68213, 503.789, 457.741
5.09239, 120.043, -832.862
4.44866, 123.125, -675.402
5.63431, -158.057, -468.102
5.19331, 307.33, 226.372
4.35955, 592.759, -454.5
2.54674, -309.319, 308.13
6.3794, 32.0945, -667.844
2.85317, -804.754, -529.195
3.98511, 373.974, -656.568
4.78581, -30.0077, -730.414
3.25156, -87.7772, -7.36382
5.97819, 591.275, -401.535
4.15587, 379.13, 153.844
5.21197, 863.524, -776.809
2.64678, 713.486, -869.111
5.38086, 40.0966, -187.311
5.18133, 274.856, 435.033
7.36678, -696.09, -828.709
5.57063, -285.054, -509.849
5.26431, -690.023, 196.94
6.69051, -243.378, 818.189
3.75764, -455.429, 778.295
6.98957, 561.323, -132.524
5.97428, 513.946, -455.721
5.82752, -436.159, -67.6391
3.06838, -607.684, -652.267
3.37987, -814.913, 127.911
2.91253, -121.18, 154.929
6.68103, -175.286, 282.683
2.64818, 856.35, -694.006
6.34719, -46.5235, -735.871
4.29829, -469.178, 732.757
6.24626, 44.4095, 510.602
6.28385, 313.496, 243.521
3.60834, -499.979, -787.889
5.58305, 275.109, 118.162
3.66846, -450.612, -225.843
6.22052, -713.512, 237.191
5.80997, -798.091, -640.719
4.9209, 842.625, -627.951
2.58972, 820.387, 140.587
4.98291, 408.271, 131.818
5.09587, 27.7184, -748.47
4.71395, -783.386, 447.259
4.14528, -78.7281, 833.15
3.52671, 453.63, -76.1359
7.19863, -155.063, -443.336
2.85168, -528.072, 745.402
3.30042, 54.6015, -715.26
6.70788, -655.098, -19.1956
4.13614, -187.843, -226.49
6.85942, 215.858, 368.161
5.99896, 610.965, 498.669
5.52801, 839.51, -181.559
4.77536, 18.5759, -155.052
2.91543, -501.847, -191.337
3.94883, 80.3037, -203.394
6.51009, -677.44, -712.951
6.81821, 321.434, 24.432
3.81831, 356.278, -464.191
4.79881, -699.985, -254.498
4.95672, 504.025, -462.277
5.82344, -452.131, -847.137
7.31738, -589.585, -166.55
7.23022, 518.66, -690.498
2.81902, 242.574, -589.026
5.04829, -554.31, -225.018
6.13222, 700.258, 625.609
5.65882, 485.954, -248.563
3.26658, -839.83, -882.939
5.09652, -783.914, 443.39
3.52281, -484.11, 766.311
6.03231, 353.125, -791.793
6.05786, -457.513, -94.4564
3.66304, -431.696, -227.575
6.80594, 54.2391, -184.654
2.67122, -25.5533, 825.569
6.26587, -825.298, 128.41
4.14789, 580.898, 160.108
4.65309, 0.604057, -444.8
7.33455, 755.109, -173.378
4.05803, 704.286, 616.818
5.69762, 837.789, -689.782
5.95386, 751.504, -39.0392
5.36403, 36.8209, 609.695
6.60667, 847.307, -633.91
4.21807, -790.314, -640.743
5.09387, -703.45, -650.48
6.78438, 104.03, -801.766
6.18587, 302.1, -27.7061
3.45992, -767.835, 319.171
2.83145, -279.878, 313.844
3.60828, 885.323, -704.358
3.33656, 33.8892, -240.793
6.31172, 369.586, -805.298
5.44905, -752.339, 333.514
4.65223, 817.378, 810.339
7.09618, 592.396, 8.68914
5.09668, 378.163, 149.745
7.38058, -618.352, -75.4052
5.15714, -422.071, 63.2023
2.98716, 321.526, 265.316
5.83983, 238.004, 106.699
5.44444, 197.211, 5.25805
5.01137, -654.558, -54.6916
2.75808, -779.075, 319.12
2.6753, -199.308, -56.0089
4.41484, -649.54, -486.235
5.55555, 202.749, 133.106
5.06574, 573.927, 787.946
5.98498, 357.587, -8.65652
4.89891, 94.4176, -171.366
3.88323, 52.7269, 420.868
6.01685, -420.819, 161.808
3.67701, 771.74, -37.491
6.41501, 71.1373, -192.824
6.60589, 251.761, 729.86
3.21842, -482.984, 21.3303
5.75757, -474.469, 724.072
3.87677, 825.575, -834.575
7.26215, -438.809, 601.914
4.58238, -643.77, -23.6542
3.03869, -122.099, 338.736
4.70633, -753.382, 525.37
6.28811, -365.436, -236.078
2.77803, -397.962, -250.693
3.51241, 8.70223, 67.7834
6.82305, 843.226, -683.755
6.52456, -212.124, -72.9804
2.78861, -610.646, -557.534
4.40304, -11.1988, -631.58
4.56124, -57.3139, 675.432
2.80071, -306.003, 321.346
7.09746, 755.461, 561.925
3.35398, 592.046, 790.168
6.51634, -803.192, 191.051
3.88599, 620.166, 26.0714
4.44586, 163.759, 727.937
7.19936, 48.5969, 594.56
6.24573, 156.985, -205.506
3.44774, -374.817, 713.153
6.89581, 373.767, 456.472
6.8953, 380.641, -737.363
3.30515, -723.305, -199.992
5.87346, -744.597, -226.087
6.89096, 597.459, 129.706
6.98262, 250.276, 435.21
3.06535, -37.5534, 669.426
5.93789, -158.984, -230.988
3.21651, -727.24, -639.966
3.6901, 282.22, -6.80333
5.64383, 822.715, -181.509
4.312, 714.745, 359.756
4.64437, 602.581, 640.572
4.91936, -52.7964, -737.661
6.20379, 2.72541, -181.438
3.23098, -374.04, 723.377
7.36238, -730.994, -629.38
7.3158, -519.532, -231.673
3.14741, -494.717, 581.504
5.3784, -251.161, -531.372
4.66439, 32.0907, -183.741
5.50066, -242.831, -255.641
5.85098, -670.042, -30.4698
4.5137, 410.002, 890.082
6.46691, 637.851, 610.659
4.89889, -818.582, -206.734
5.72449, 334.902, 256.667
4.28836, -272.267, 604.631
5.96794, -275.901, -215.413
5.83428, -427.267, -634.759
3.22071, -453.788, 616.677
7.10415, -841.856, 192.54
4.22228, 57.9493, -191.926
6.66824, -383.891, -453.321
2.74349, 304.816, -638.958
3.27936, -255.122, -15.5862
2.55765, 322.722, 445.11
3.94327, 84.6609, 560.018
5.07295, -315.777, -148.012
3.65948, 642.161, 422.852
2.75022, -250.588, -11.6603
5.33091, -649.523, -696.934
6.69774, -102.18, 668.188
4.28763, -680.979, -488.727
4.3452, 151.05, 788.613
7.22226, 303.88, -52.7075
4.72425, -817.306, -201.23
6.82086, 393.133, 203.625
5.82654, -750.599, -673.423
5.79297, 139.822, 609.217
7.10736, -885.315, 886.882
5.11536, 835.049, -680.755
5.45229, 417.532, -433.052
5.79944, 686.706, 608.673
4.24765, 267.084, 432.197
4.11714, 326.722, 31.7249
7.08984, -95.2594, 646.752
3.08619, 807.653, -438.617
7.31268, 551.147, -132.207
5.17978, 23.7856, -138.92
5.81447, 682.545, 606.097
5.48362, 792.577, -459.488
6.93363, -515.205, -654.032
6.67999, -628.691, -551.905
6.69339, 233.664, 105.804
6.85642, -162.367, 287.799
2.5002, -822.115, 311.483
4.77274, 360.878, 264.858
4.25696, -800.753, 190.996
5.80713, -240.037, 659.361
6.22234, -805.413, 193.258
3.3821, -160.206, -462.42
7.4621, 846.105, -673.042
5.95466, -808.426, 194.164
6.97862, 183.768, -6.05102
3.51579, 289.632, -34.9369
7.2356, -461.944, -128.629
4.88476, 782.561, -441.47
6.78578, 821.261, -633.144
6.41237, -795.781, -538.451
5.70687, 853.052, -812.921
3.14521, -713.844, 230.431
5.77944, -6.87652, 689.178
3.09199, 64.4942, -23.63
3.88793, 251.573, 704.979
6.65548, -250.709, -262.812
6.14153, -695.752, -505.939
6.74348, -618.325, 276.29
3.43989, -752.666, -793.701
6.09602, 515.577, -301.121
4.25586, 140.61, 268.873
3.34555, -414.23, -613.991
4.52383, 251.704, -578.727
4.20924, 147.062, 688.723
6.67141, 302.989, -53.9876
3.9111, 711.054, 613.582
5.16766, -638.47, -472.134
6.25085, 823.05, -833.326
4.62554, -629.811, -718.108
4.66964, -455.949, 586.797
3.03022, 799.522, -901.657
6.4639, -78.4609, -393.345
3.91232, -689.224, -506.394
7.14264, -442.343, -219.311
5.37926, 275.274, 439.142
3.4895, 731.397, -322.098
5.99081, 498.345, -669.791
3.07265, 398.534, -777.571
4.22945, 263.724, 706.625
4.15646, -506.323, -240.844
6.42735, 828.386, -829.41
6.65775, 429.61, -166.201
4.21712, -703.453, 719.137
4.2603, -226.254, 819.452
6.38197, 108.421, -666.355
6.58658, 24.3062, 707.62
4.26157, -222.337, 272.761
7.09559, -394.608, -239.791
3.2877, 462.653, 200.278
5.56029, -428.87, 657.55
5.54222, -453.71, 616.856
3.16647, -216.473, -643.329
3.51409, -698.93, -492.431
4.79457, -760.508, 520.463
3.48759, -449.69, 769.976
6.77118, -801.902, 315.689
6.54562, -728.413, -617.189
2.80131, -839.55, 747.887
6.50584, -685.075, 602.652
5.49597, -186.9, -478.459
7.43182, -823.606, 251.947
2.65919, -70.9929, 658.858
6.8356, 850.512, -679.134
3.69109, 578.381, 274.207
3.6127, 215.061, 350.365
4.73907, -792.732, -545.275
2.61231, 857.255, -162.157
6.79755, -264.785, -19.7037
4.15902, 270.684, 443.688
5.72195, 354.194, 310.722
7.43521, -780.701, -592.816
5.30162, 287.778, -510.494
4.74553, -730.569, -167.897
5.213, 82.1009, -710.171
2.90797, 764.908, -61.3415
3.99606, -718.871, -206.001
6.63964, 751.33, 566.302
6.48936, 538.743, 774.17
5.71048, -78.8318, 696.87
4.84105, 572.399, 290.06
7.15326, -165.263, -465.397
5.08798, -257.008, -23.1733
7.42924, 792.097, -472.126
5.94567, -17.4286, -633.245
6.19966, -155.275, -491.637
3.46323, -427.505, -798.708
6.08881, -526.367, 557.396
6.11146, 590.419, -83.0488
6.49298, 273.5, 144.486
4.23216, 243.248, -872.22
5.1481, 50.8573, -198.832
3.19001, 711.506, -339.812
6.73218, -236.126, -254.446
6.32766, -42.2094, -735.15
7.5, 797.124, -456.778
4.24891, 487.429, 900.227
5.50367, -427.492, 604.055
3.50808, -461.19, 34.6046
6.2385, 31.4745, 104.873
6.49225, 818.479, 238.55
3.03505, -672.845, 100.348
5.35813, -455.891, 12.7431
2.84683, 333.728, -357.776
4.16036, 666.27, 597.852
5.80945, 393.209, -656.85
5.27726, 82.0605, -182.516
7.12415, 220.971, -2.56101
2.69832, -414.14, 134.162
2.62083, -249.23, 144.314
4.61923, 260.968, -590.438
4.36987, 386.971, 174.135
2.93303, -236.383, -279.76
3.05403, -87.4549, 165.093
5.31992, 334.712, -374.903
7.37269, 14.4645, 694.661
3.05066, -60.9305, -735.264
5.99352, 111.032, 826.557
2.79674, -47.4489, -608.245
4.69755, 758.781, -41.5545
5.24651, 887.235, 672.079
3.45129, 629.292, -692.27
7.36597, 345.909, 306.769
3.19593, -628.448, -68.7628
5.48978, 780.681, -438.16
7.12812, -799.103, 708.584
3.91116, -24.5783, 819.583
6.8307, -123.974, -104.697
6.29598, -188.857, -490.155
6.10793, 330.001, 550.037
3.34241, -316.441, 307.908
3.32882, 776.044, 376.269
3.39076, -653.149, -858.358
5.87226, 294.994, -529.095
4.83484, -194.423, -62.1691
6.85219, -726.54, -355.955
5.76023, -653.505, -62.3121
5.80464, 749.305, 789.165
2.58037, -587.395, -549.523
4.30596, -735.37, -663.111
3.72747, 792.521, 106.229
6.93086, -858.931, -840.518
5.23701, 824.045, 801.405
6.57209, -39.003, -635.312
5.24453, 156.7, 817.251
4.16156, 442.972, -71.7377
4.40213, -54.6009, -590.114
2.52389, 825.066, 563.065
6.95226, -89.831, -411.838
6.16955, -424.006, 640.588
6.04239, -71.6533, 665.357
5.1278, 40.3039, -176.714
6.41065, -108.075, -710.445
3.42484, -404.138, -401.298
5.72673, 230.959, 481.879
3.42178, -571.867, -260.132
3.31214, -9.51453, -94.9844
2.65594, -238.513, 810.994
7.42716, 143.823, -696.86
4.04559, -281.277, -602.556
4.11075, -598.323, -278.022
5.51155, 264.723, -141.091
2.89107, -289.693, -825.819
3.93936, 9.76261, 97.6198
5.79307, -149.411, -492.966
7.36348, -825.743, -364.38
7.27758, -361.11, -694.266
7.42745, -571.575, -257.177
7.30478, -778.868, -605.798
3.0073, -477.919, 595.114
3.71505, -148.295, -493.142
6.91151, 115.786, -320.092
5.28805, 346.715, 502.203
6.7669, 752.765, 576.786
7.49145, -493.822, 594.866
3.99751, -141.498, -546.451
6.33157, 869.126, 449.923
4.81901, 257.033, -157.385
6.8168, -610.957, -674.225
6.99018, 777.401, -73.948
7.377, 221.177, -404.038
2.77405, 605.446, 142.371
6.32605, 828.732, -696.388
5.09219, -841.078, 719.1
3.46574, 859.395, -139.498
6.98252, 230.313, -540.486
6.38492, -779.783, 119.13
2.75968, 326.931, 523.373
7.47331, -764.885, 687.251
5.93659, -68.552, -412.294
5.94854, 823.204, 487.409
6.57666, -574.304, 739.738
7.05426, -92.4544, -430.051
3.34218, -151.903, 283.517
5.24183, -594.568, 746.248
6.53351, -462.785, -218.179
4.17803, 315.171, -483.418
5.53435, -99.7755, 12.7032
6.59602, -734.65, 301.566
7.3485, 44.2357, -160.969
6.29349, 578.337, 526.535
3.72113, -123.368, -108.579
5.80589, -575.232, 337.101
4.21574, -521.867, -237.607
7.27146, 326.058, -334.526
2.60828, 743.594, 523.594
4.54979, -860.378, 858.51
2.55789, 530.184, -710.479
3.04964, 789.012, 200.56
5.28259, -807.968, 134.999
4.45466, 55.1551, -173.595
7.20539, 72.1361, -187.327
2.55572, 183.748, 412.38
6.22897, -166.893, -491.074
3.84293, 255.53, 109.512
4.27153, -604.725, -653.759
3.45835, -441.685, 640.734
5.14832, 322.285, -75.7031
4.39478, -2.51905, -708.77
3.16407, -105.832, -778.903
4.26563, -162.019, -499.988
4.2497, 762.978, 877.106
7.41084, 546.521, -112.676
5.25961, 148.418, -286.003
4.99918, 23.9125, -664.518
3.58531, -774.873, 292.579
4.37311, -176.595, -461.325
6.78251, -650.159, -476.868
6.45578, 819.356, -452.828
3.9204, -526.28, 746.245
5.07645, 362.554, 201.266
6.79238, -237.702, 43.0782
7.07844, -718.398, -225.376
7.48941, 167.642, 788.899
6.53177, 69.2508, -180.031
5.22718, -804.207, -193.458
7.3461, 129.118, -690.198
5.31931, -555.179, 369.555
4.03031, -396.602, 642.635
5.41853, 803.378, 800.271
2.91197, 47.2666, -149.762
5.47382, 333.789, 516.584
3.31968, -626.5, -551.033
6.46527, -619.653, -462.887
2.95373, 601.001, 642.478
6.3072, -491.969, -664.569
6.83996, -256.728, -17.1103
6.40105, 98.3293, -377.796
6.61399, 804.806, 791.199
6.70974, 308.59, 553.871
4.48328, 434.886, 190.145
6.508, -122.682, 153.591
6.56811, 319.829, 12.5558
5.43493, -388.814, 68.354
4.64621, 771.607, -27.9025
2.5002, -83.4988, -403.743
5.31153, -817.766, 307.563
6.22632, 314.617, 238.782
3.89846, 825.65, 240.982
2.93406, -844.051, 515.113
3.5733, 874.323, -806.556
3.93296, -411.767, 650.652
4.86595, -380.769, 460.807
6.95893, 838.244, 783.096
5.91955, 509.179, -472.036
3.54376, 15.2946, -121.5
6.67533, 750.736, -43.5028
7.09218, 873.862, 873.283
4.48244, -505.242, -661.64
6.37858, 495.082, 498.724
5.68161, -113.593, -88.9522
6.64746, 389.614, 177.425
3.40204, 479.765, -451.434
7.45927, 525.031, -684.574
6.70558, -129.61, -724.612
4.65177, 792.715, 200.31
4.38589, 523.185, 794.218
2.70802, 536.409, -459.164
6.80715, -609.562, -441.634
6.62116, 848.048, -816.421
6.25052, -6.29193, 648.336
3.55801, -183.586, 823.773
4.31029, -748.914, -240.132
4.43545, -667.048, -675.092
7.32918, 686.451, 612.445
6.5872, -76.5604, 671.411
4.5755, -45.2329, 415.394
5.83759, 214.562, 118.375
2.52101, 498.8, 901.284
6.98048, -677.49, 195.969
3.68416, -324.902, 326.488
3.79415, 314.941, -200.243
5.4939, 391.533, -659.044
6.89823, -787.515, 296.083
6.16299, -637.329, -527.673
6.0773, 719.136, 574.607
3.57724, -539.85, 497.32
6.30413, 720.595, -895.441
3.85351, -115.502, -453.653
2.75246, 538.593, 239.743
4.78866, 364.32, 298.924
2.58759, 423.618, -637.659
3.01129, 54.3668, -259.916
2.639, -221.193, 278.222
5.65921, -377.621, -499.602
6.34425, 43.333, -166.135
2.74132, 518.83, -720.468
6.6924, -49.3066, -635.474
6.76899, -233.703, -193.8
6.57649, -516.754, 552.298
6.85188, 764.752, 365.088
5.27222, -567.646, -182.141
6.12646, -231.329, -37.0475
3.20424, -457.476, 770.977
6.6115, 538.333, -469.883
5.51185, 617.924, -156.515
4.93856, 464.991, -813.51
6.14942, -199.237, 749.681
4.05164, 754.593, -631.716
3.93925, -722.309, 281.092
5.45857, -847.767, 703.022
5.34055, 547.708, 784.636
5.41059, -812.77, -510.728
2.84132, -703.68, 229.368
4.34304, 142.394, -282.654
6.28475, -802.535, -541.611
6.35297, -443.613, -795.612
4.27217, -385.294, -232.27
5.98913, 155.66, 779.321
5.08005, -576.647, -261.56
5.94494, 300.005, 136.349
6.18066, -75.5578, 693.717
2.56231, -306.417, -609.76
7.16549, 546.511, -111.992
5.37826, 170.295, 107.297
3.05587, 501.635, 837.876
4.87388, -103.249, 2.68261
3.24247, 227.403, 103.191
4.22594, 107.572, 414.771
7.04476, -827.476, 226.535
4.54571, 33.9777, 513.245
5.96642, -604.315, -56.0194
3.35865, 370.155, -757.703
6.21715, 834.617, -429.539
4.16319, -428.76, 662.726
4.62157, 585.342, 276.081
2.79523, -236.363, -53.651
5.09005, 234.777, -191.407
5.94425, 399.222, -523.384
5.01149, -262.621, -22.8302
6.56617, -172.496, -684.468
3.07974, 133.559, -838.064
5.24841, 307.227, 452.562
5.06046, 324.643, 9.8228
6.02649, 856.479, 452.334
5.65083, -278.396, 806.532
4.0207, -42.1485, -635.807
6.74719, 313.074, 238.329
3.39619, 564.314, -23.6407
2.61737, -435.005, -64.1796
4.19467, 640.392, 24.6161
3.43818, 303.257, -46.2919
6.60467, -243.871, 156.946
6.72507, -817.26, -196.137
6.78031, 825.45, -667.253
7.37454, -841.981, 615.127
2.99587, 382.183, -424.33
2.56182, 574.086, 585.269
2.58614, 266.729, 444.738
2.64527, 193.689, 132.299
4.1031, 141.016, -281.211
6.17815, 565.058, 281.487
3.14876, 276.943, 447.04
2.5161, -354.677, 433.241
6.91905, 98.5638, -703.881
3.70482, 232.169, -514.798
4.38481, -796.685, 712.712
4.44879, 567.311, 172.379
2.81534, 584.937, 317.347
7.30792, 145.589, 763.065
3.75349, 714.762, -326.444
6.85376, -643.063, -65.9426
2.85991, -753.867, 328
2.70653, -499.428, 546.059
3.46378, 331.785, -504.038
3.86708, -296.314, 291.926
7.4007, -863.69, -340.528
3.60607, 309.695, -481.925
6.43119, -822.916, 780.508
4.42306, 212.421, -363.844
3.78593, 407.283, -609.642
3.91087, -795.488, 153.937
7.33834, 751.293, -15.3598
4.22841, 634.692, 140.251
3.45922, -783.227, 698.244
5.05037, -539.215, -335.968
5.21857, -472.989, 563.998
5.72333, -611.867, -561.116
3.89738, -27.8028, 666.909
3.41887, -292.042, -588.106
2.71579, -796.274, 293.882
3.98408, -486.818, -265.065
4.25548, -231.941, 112.866
7.09372, -408.923, 660.293
5.81225, 465.995, -318.862
5.08041, 778.312, 545.875
4.03763, 508.892, 491.008
3.0007, -266.346, 122.895
3.47502, 317.263, -833.315
4.11407, 45.1174, -218.502
5.56182, 817.467, 103.553
5.13511, 877.104, -877.314
3.45653, 319.095, 258.792
4.7178, -696.103, -467.316
4.48693, -557.705, 733.294
6.28051, -607.364, 746.347
6.6213, 723.309, 619.442
5.51573, 57.495, -364.726
3.04573, 492.341, -671.823
4.11797, 416.153, -188.187
5.03403, 54.3957, 283.307
4.76521, -557.889, 734.294
4.77315, -186.812, -467.975
4.91125, 864.726, 870.63
5.07896, 342.498, -655.514
4.50207, 152.763, 797.936
4.22945, 784.901, 351.984
6.64533, 816.809, -182.678
3.02204, -587.754, -701.42
6.40057, 487.433, 471.322
3.19919, -286.538, -210.493
2.62171, -662.325, -488.442
6.0664, 368.795, -610.1
7.15538, 117.436, -699.776
7.47667, 258.925, 117.599
3.86264, -806.042, 202.156
3.6923, -431.674, -226.091
3.87328, 799.755, 579.649
5.70836, -757.604, -602.544
5.17637, 299.391, 154.382
6.8967, 722.032, -293.177
6.75968, -631.332, -692.314
2.98004, 778.063, -3.04185
4.66818, -677.016, 211.719
3.17045, -133.459, -691.192
5.86802, -159.423, 297.901
5.34964, -90.6343, -409.143
3.66474, -428.517, 602.33
5.50306, 236.637, -582.746
2.6551, -632.861, 11.8414
7.08512, 498.131, -289.776
3.82958, 826.788, -150.076
6.50016, -186.377, -481.004
5.46389, 107.67, -699.71
5.0822, 335.756, 514.074
5.2567, 341.816, 504.56
3.47225, 456.506, -206.52
5.36152, 102.262, -699.878
3.81992, 193.393, 366.11
4.41648, -779.006, 499.428
2.73626, -716.049, -835.159
4.22823, 532.397, -712.43
3.61594, 602.532, -398.682
3.81264, 10.0898, -715.615
3.05141, -360.538, -448.78
7.40088, -684.886, -50.0326
5.93794, 677.85, 607.986
5.82158, -539.384, -334.453
5.99501, -602.929, -618.72
2.68746, -734.334, -629.452
3.6706, -623.108, -684.869
3.95397, 710.445, 576.81
3.50543, 24.1746, -230.383
2.7177, 320.024, 241.375
2.56571, -440.863, 628.718
6.07297, -491.381, 775.193
6.88348, -817.921, -573.214
5.35088, -816.901, 381.941
6.92743, 807.275, 812.059
5.20042, -384.731, -244.287
3.31357, 883.162, -711.568
3.30492, 926.435, 463.56
7.19182, 345.466, 287.023
3.45628, 497.822, -720.901
3.15761, 1.6806, -180.315
4.41122, -231.942, -54.7004
6.12674, 262.869, -138.206
2.50651, 574.739, 788.672
4.60222, -47.7504, 643.481
5.18984, 252.459, -173.268
4.86596, -206.786, 219.067
6.33003, 572.534, 789.81
2.9396, 479.685, -441.791
7.04284, 171.925, 285.336
3.20818, -739.269, -417.271
2.54782, 314.687, -4.69446
2.82267, 273.859, 442.374
4.96742, 348.006, 225.362
5.40914, 486.552, 873.331
4.03373, -836.382, 541.832
4.57091, 790.641, -61.8225
4.33401, -633.11, -585.322
3.42687, 165.058, 612.001
2.76788, 576.709, 96.34
4.47222, 461.537, -50.7215
3.98388, -326.782, -196.727
5.05388, -373.05, 773.412
3.75392, -687.652, 180.039
5.01589, 865.856, 851.183
2.51168, -24.4524, 698.45
7.01807, 789.845, -471.08
2.79181, -854.16, -827.367
5.17506, -537.901, 746.145
3.95754, -355.845, 736.233
7.3023, -730.88, -205.229
4.73406, 320.714, -78.6714
5.08479, 759.309, 192.688
5.93861, -275.257, 5.02996
2.72187, -150.657, 13.9463
7.2946, -738.589, 570.231
5.70852, 382.079, 148.915
2.80215, 440.301, -633.817
3.33964, 137.096, 255.629
5.76491, 435.291, -178.199
6.19864, -782.67, 354.219
3.57011, 804.148, 206.285
4.31441, 100.674, -641.568
6.56981, -641.857, 875.468
5.32057, 799.4, -476.305
7.45886, -45.6986, -742.522
6.5669, -811.77, 312.699
3.49157, -868.689, -7.21954
2.50003, -101.783, -725.086
4.62608, 825.102, -735.55
4.07406, 798.147, 215.745
5.56218, 580.217, -838.09
3.83351, -167.456, -480.904
4.39881, -600.144, -99.8778
5.43397, 812.321, 244.943
5.95636, -156.198, -494.614
7.26736, -333.873, -513.549
4.89785, -315.638, -826.243
3.60319, 353.064, -616.05
5.33741, -645.978, -439.231
6.09873, 316.558, 237.734
4.4953, -514.273, 555.054
3.48326, -638.311, 872.441
6.66971, -606.161, -659.391
5.59561, -441.92, -798.512
7.26866, -253.9, 131.247
3.23222, 39.7284, -172.567
5.38953, -57.0767, -410.755
7.26796, -456.849, 612.079
3.62331, 682.385, -869.762
7.25137, -481.473, 730.126
3.07874, 819.377, -445.047
2.58372, 57.6517, -174.866
3.90465, -294.957, -133.438
7.15042, 529.782, 144.907
3.04796, 723.352, 789.494
6.77266, 45.0262, 632.755
5.68532, -603.003, -681.916
5.63853, 392.101, -656.31
3.80589, 710.81, 576.184
5.13936, -810.971, 115.811
7.16608, -253.444, 800.298
3.98055, 802.755, 68.5453
4.78006, 184.812, 357.219
6.35659, -621.813, -548.049
4.17193, 265.824, 126.255
6.31775, 42.57, -780.543
6.65892, -43.6272, 824.289
2.64618, -724.124, 547.438
4.31315, 660.441, -240.266
4.16221, 278.103, 429.844
3.17675, -470.492, -223.423
3.00839, -240.84, 607.497
5.11327, -582.29, 732.668
3.52046, 27.4593, -470.242
5.00728, -812.887, -573.568
5.1371, -48.3897, 823.827
4.13422, -231.703, -188.852
4.75888, 268.598, -345.877
6.85263, -53.748, 795.709
4.72884, 553.538, 784.173
6.03726, -488.134, -722.122
6.83171, 826.779, -684.284
6.5822, 795.244, 209.815
2.67504, 785.815, 780.353
3.8644, -617.49, -292.565
5.21858, -368.655, -442.936
3.19942, -811.147, -557.538
5.57408, -683.495, -841.959
3.29182, -594.955, -631.657
4.41129, 132.066, 205.094
5.94997, -121.226, 149.501
3.21128, -355.026, 427.048
5.65284, -812.939, 693.623
3.15973, 141.952, 760.559
7.13583, -682.06, 219.743
5.53465, -839.048, 694.975
5.50388, -763.484, 319.657
3.33635, 544.273, -452.547
3.301, -738.638, -419.622
5.91628, 587.741, -15.9529
5.1456, -624.41, -80.9955
3.65264, -103.884, 657.688
6.55373, -456.094, -59.2829
5.76477, -378.063, -512.554
4.08597, -630.228, -584.242
2.53953, -250.37, -727.517
3.49176, 729.398, 573.59
3.78831, 44.0351, 357.02
3.03825, 779.498, -5.01416
3.49545, 105.747, -320.578
6.75079, 799.375, -720.419
6.63912, -821.842, 186.054
6.76813, -753.203, -577.709
5.71027, 274.66, 699.084
3.6787, 686.519, -872.26
6.80638, -507.481, -694.022
5.4745, -26.4204, -161.545
2.52745, 496.962, -48.7649
6.84925, -641.092, -477.335
7.37729, 557.496, 140.425
5.59653, 331.48, 14.9882
3.85574, -770.739, 276.265
7.46973, -177.643, -458.467
4.60751, -608.265, -473.438
4.20537, -764.838, -574.765
4.80717, 277.538, -114.323
4.44822, 234.728, -370.233
4.613, 58.5809, 512.178
2.84879, 167.278, 298.736
5.5153, 69.7632, -198.351
7.36114, -56.2311, 170.528
5.07406, -705.879, -486.874
7.45461, 793.44, -128.955
5.84906, 568.045, -129.989
4.01716, -588.745, 30.4195
3.47371, 740.626, 556.807
4.0109, -723.883, -775.916
4.93946, -381.217, 456.77
4.72438, 494.402, 864.411
5.7844, 377.051, -748.813
3.74227, -736.692, -662.325
4.72007, 24.8581, 489.041
5.75894, -632.098, -85.6013
6.67472, -683.079, 216.404
6.03698, 151.841, 790.961
4.93928, -790.767, -581.704
6.72039, 369.096, -170.865
7.00296, -508.498, -223.78
6.33082, -697.96, -526.336
5.29453, 610.905, 867.531
2.70603, 9.89342, 68.2178
5.46749, 539.02, 105.274
2.68674, -581.405, 737.371
4.53488, 118.902, 414.141
2.84243, -853.929, -846.51
7.38558, -703.636, -825.217
2.5956, -509.937, -260.492
6.60363, -183.412, -224.679
5.2195, -363.009, 728.435
5.72828, 711.463, -304.847
3.62934, -229.517, -50.7707
2.733, 843.809, -675.392
3.63154, 238.934, -524.36
4.58371, -640.738, 120.922
6.40126, 223.482, -604.568
3.72852, -756.039, 318.213
4.81411, 576.237, 99.17
6.14756, 835.412, 252.57
5.35237, -360.377, 751.84
5.45997, 862.373, 861.588
4.98425, -796.972, 218.011
3.951, 393.009, 126.408
4.71107, 41.7397, -162.846
2.53669, 806.804, -467.023
7.41683, 475.602, -321.448
2.52822, -748.238, -215.71
4.8676, -91.0934, 668.74
5.86497, -293.347, -198.076
