6.27803, -366.535, -495.788
3.5948, 33.4138, -49.83
5.89648, 171.854, -436.275
5.09708, -88.8699, 446.464
2.76731, -460.316, 331.14
2.53849, 165.891, 31.4019
4.58743, -434.984, -111.789
7.15218, 86.6138, 191.041
2.95982, 20.2098, 350.675
6.00595, -79.5944, 152.454
3.81226, 257.403, 404.237
4.14117, 221.802, -443.275
7.45519, 258.602, 133.431
7.41275, -259.963, -132.824
5.75759, 261.578, 243.671
6.92354, 145.985, -418.784
6.33247, -63.2436, -220.235
3.87453, -259.79, -25.6516
4.93259, -322.653, -139.602
2.80282, 404.926, 393.234
5.08146, -0.132738, 392.215
4.96988, 476.583, -180.02
7.23882, -402.865, -228.836
4.42071, 3.34627, -421.435
5.14874, 404.713, -207.358
2.75042, 455.698, -36.4243
6.63909, 257.608, 232.735
5.94228, -480.39, -370.936
6.18112, 126.426, 366.781
6.94286, 492.678, 222.752
4.25508, -180.009, -292.949
6.72991, 86.2646, 12.6179
3.84659, 341.246, -87.6562
4.83959, 29.3611, -75.9361
3.2686, -320.358, -204.418
2.66527, 311.414, 85.8191
7.2768, 3.81608, 31.0075
6.95369, 58.1032, 243.466
3.29884, 332.043, 93.7331
3.15214, 210.945, -293.005
2.515, -221.024, -402.732
6.0491, -459.419, -93.366
3.40448, -255.585, 433.848
5.76029, 392.089, -189.381
4.42907, 160.708, -373.873
3.23766, 3.08071, -106.237
5.45054, 333.462, 106.195
3.24076, 52.6116, 443.25
3.2091, -91.4922, 448.127
4.94257, -244.73, 60.5507
3.13015, 436.699, -35.9623
5.64635, -187.747, -273.239
5.60817, 166.405, -366.114
4.88216, -248.144, 302.409
2.64188, -289.516, -124.746
3.21011, -71.6786, 407.408
3.15594, -106.58, 427.349
3.31099, -405.314, 382.364
3.76529, -133.917, -422.704
4.77654, 274.543, -363.078
6.54472, -44.003, -149.192
3.57624, 146.081, 419.716
3.75063, 402.116, 176.723
5.02978, -20.4159, 368.066
