6.27803, -447.679, -422.617
3.5948, 111.884, -210.925
5.89648, 323.682, -486.38
5.09708, -202.818, 589.446
2.76731, -595.881, 567.666
2.53849, 241.728, 63.93
4.58743, -434.949, -189.268
7.15218, 244.922, 280.071
2.95982, 33.2952, 437.584
6.00595, -109.442, 166.271
3.81226, 595.667, 598.884
4.14117, 377.999, -522.487
7.45519, 226.101, 142.596
7.41275, -391.537, -187.297
5.75759, 221.819, 336.37
6.92354, 207.653, -496.841
6.33247, -108.866, -330.255
3.87453, -513.605, -97.1893
4.93259, -440.585, -176.611
2.80282, 657.079, 695.74
5.08146, -25.0203, 612.106
4.96988, 535.221, -420.206
7.23882, -523.643, -525.961
4.42071, -8.55982, -498.13
5.14874, 670.667, -330.97
2.75042, 529.392, 63.1613
6.63909, 337.999, 357.11
5.94228, -492.164, -428.317
6.18112, 171.507, 575.662
6.94286, 600.931, 453.43
4.25508, -290.864, -336.788
6.72991, 288.727, 88.7544
3.84659, 420.441, -80.7208
4.83959, 79.4557, -187.706
3.2686, -522.059, -503.273
2.66527, 362.068, 96.6532
7.2768, 118.061, 9.3288
6.95369, 265.057, 294.662
3.29884, 390.033, 91.2375
3.15214, 304.66, -518.989
2.515, -486.005, -531.403
6.0491, -471.224, -161.009
3.40448, -361.742, 517.35
5.76029, 571.067, -290.248
4.42907, 280.444, -509.318
3.23766, 31.4393, -181.034
5.45054, 392.97, -17.3996
3.24076, 78.68, 524.441
3.2091, -108.737, 513.254
4.94257, -357.777, -71.6703
3.13015, 499.534, -17.0866
5.64635, -205.134, -413.047
5.60817, 274.651, -385.277
4.88216, -365.89, 591.54
2.64188, -393.891, -148.595
3.21011, -68.7845, 607.71
3.15594, -180.309, 585.997
3.31099, -628.93, 558.973
3.76529, -78.0826, -455.23
4.77654, 318.482, -577.702
6.54472, 42.3301, -183.473
3.57624, 152.323, 547.383
3.75063, 556.411, 316.414
5.02978, -1.93196, 590.106
6.27922, 413.406, 83.4189
5.66369, 528.89, -66.0335
5.9449, 408.537, -75.2833
7.27207, 641.527, 465.357
5.18713, -445.4, 584.898
4.57014, -489.301, -197.969
4.70019, 251.638, 120.167
6.07821, 536.618, 402.042
6.20858, 214.879, 238.289
5.12494, 676.418, -672.718
6.06711, -472.649, -223.567
5.91025, 214.287, 68.3584
6.82941, 585.003, -419.663
3.19597, -69.6648, 578.974
3.57766, 555.111, -279.639
5.0733, -184.703, -178.53
4.83766, 142.019, 504.176
3.55759, -198.088, 617.318
5.65244, -509.945, 625.517
2.5044, -590.164, 211.423
4.09589, 261.388, 291.753
5.90281, 233.487, 72.0416
6.0446, 418.845, -360.96
2.90869, -610.381, 470.572
3.56926, 282.681, 347.808
4.44412, -528.485, -438.513
4.44927, 660.81, 647.578
3.92018, 231.089, -460.102
4.6123, 339.708, 330.956
2.55658, -528.438, -519.248
3.72027, 644.359, -584.412
4.49072, -604.96, 468.223
6.64177, -578.206, 138.439
3.78584, 709.401, -629.873
3.59705, -503.341, -562.166
6.47385, 305.171, 349.547
5.8476, 212.54, 300.54
5.49108, -592.096, 137.585
5.99917, -208.617, -398.997
5.13062, 306.666, -515.595
4.14833, 273.3, 160.846
3.30844, -714.638, 85.7138
6.56633, 428.398, 15.6672
4.08004, 259.647, 178.213
4.05369, -138.179, -433.417
4.65424, -11.6555, -3.4991
4.46509, -250.114, -399.809
4.43916, 63.9745, -165.325
4.34871, -531.186, -503.12
5.88118, 272.506, -457.684
6.10384, 273.688, 91.9925
7.20082, 45.6241, 499.236
5.08573, -239.437, -379.942
5.5282, -126.883, 158.325
5.85049, -520.523, 608.286
5.11404, 26.5706, -118.687
3.87105, -613.79, 540.64
7.08924, 270.429, 297.112
3.73367, 684.124, -425.574
4.77876, 152.521, 215.142
3.30374, -627.618, 592.299
4.68319, 168.963, 285.88
7.45767, 286.123, 126.832
6.26931, -296.154, 384.856
4.97846, -495.443, -434.735
7.01651, -597.768, -433.739
4.68213, 400.746, 402.103
5.09239, 31.2828, -441.468
4.44866, 138.407, -337.458
5.63431, -127.19, -381.461
5.19331, 235.315, 71.1949
4.35955, 389.852, -393.02
2.54674, -175.58, 218.434
6.3794, 43.0031, -518.604
2.85317, -385.856, -496.135
3.98511, 336.604, -542.918
4.78581, 6.29295, -502.324
3.25156, -106.463, -100.393
5.97819, 406.033, -374.835
4.15587, 270.363, 84.8822
5.21197, 664.877, -682.793
2.64678, 638.96, -680.282
5.38086, 60.8836, -225.863
5.18133, 242.566, 217.078
7.36678, -559.81, -505.065
5.57063, -221.096, -399.726
5.26431, -662.595, 238.921
6.69051, -213.381, 571.843
3.75764, -382.694, 561.771
6.98957, 421.422, -82.7227
5.97428, 392.82, -357.68
5.82752, -360.624, -157.943
3.06838, -528.295, -371.454
3.37987, -599.228, 239.044
2.91253, -85.6768, 79.8778
6.68103, -114.428, 189.523
2.64818, 727.366, -638.118
6.34719, -9.47144, -467.309
4.29829, -406.57, 522.655
6.24626, 86.5463, 486.641
6.28385, 261.328, 92.9644
3.60834, -446.954, -557.664
5.58305, 341.922, 124.045
3.66846, -340.194, -108.486
6.22052, -617.729, 226.095
5.80997, -538.847, -533.485
4.9209, 697.742, -632.89
2.58972, 518.675, 36.3786
4.98291, 261.222, 149.879
5.09587, -67.4619, -464.546
4.71395, -586.414, 262.885
4.14528, 2.94478, 528.826
3.52671, 301.618, -34.1553
7.19863, -134.872, -367.595
2.85168, -415.789, 557.37
3.30042, 104.335, -553.453
6.70788, -459.915, -195.636
4.13614, -140.74, -120.367
6.85942, 241.177, 248.436
5.99896, 637.029, 467.349
5.52801, 609.808, -116.472
4.77536, 111.018, -149.543
2.91543, -477.979, -169.521
3.94883, 41.4274, -118.261
6.51009, -529.664, -263.203
6.81821, 189.606, -16.1343
3.81831, 290.6, -508.673
4.79881, -558.744, -190.195
4.95672, 434.666, -365.644
5.82344, -453.261, -515.114
7.31738, -439.065, -216.912
7.23022, 367.431, -540.464
2.81902, 282.283, -424.777
5.04829, -432.873, -295.029
6.13222, 574.658, 484.571
5.65882, 332.607, -143.212
3.26658, -712.593, -678.737
5.09652, -588.882, 264.552
3.52281, -389.808, 392.522
6.03231, 335.461, -495.482
6.05786, -415.106, -213.015
3.66304, -385.173, -118.718
6.80594, 42.0725, -119.821
2.67122, 4.73938, 509.56
6.26587, -581.641, 293.551
4.14789, 355.702, 137.7
4.65309, -186.563, -392.49
7.33455, 502.269, 14.816
4.05803, 574.211, 453.959
5.69762, 655.155, -685.267
5.95386, 500.794, -39.7628
5.36403, 34.722, 445.247
6.60667, 707.181, -629.849
4.21807, -519.103, -446.308
5.09387, -528.495, -528.427
6.78438, -29.3504, -456.784
6.18587, 278.077, 52.3982
3.45992, -642.054, 173.041
2.83145, -221.578, 227.329
3.60828, 705.703, -628.439
3.33656, -271.987, -23.4366
6.31172, 322.087, -496.89
5.44905, -600.143, 148.793
4.65223, 683.484, 660.145
7.09618, 458.046, -7.84241
5.09668, 225.382, 130.76
7.38058, -526.612, -133.531
5.15714, -353.474, -79.3609
2.98716, 263.529, 37.8557
5.83983, 250.378, 148.828
5.44444, 300.303, 61.7353
5.01137, -472.673, -218.51
2.75808, -589.451, 270.932
2.6753, -224.86, -270.77
4.41484, -572.192, -502.329
5.55555, 300.607, 117.2
5.06574, 580.547, 603.182
5.98498, 217.376, -20.2694
4.89891, -114.245, -78.6548
3.88323, 155.806, 369.415
6.01685, -339.98, 21.6482
3.67701, 517.573, -56.3531
6.41501, 36.934, -196.429
6.60589, 152.458, 501.844
3.21842, -373.221, -119.935
5.75757, -407.01, 541.285
3.87677, 755.135, -575.72
7.26215, -365.701, 614.269
4.58238, -460.41, -203.298
3.03869, -148.317, 121.613
4.70633, -631.341, 504.578
6.28811, -481.942, -213.857
2.77803, -509.907, -142.065
3.51241, -19.0784, 25.2047
6.82305, 664.718, -578.602
6.52456, -161.779, -91.8495
2.78861, -619.377, -393.354
4.40304, -39.9354, -471.913
4.56124, 79.7757, 492.615
2.80071, -230.326, 252.497
7.09746, 536.293, 561.557
3.35398, 493.923, 691.582
6.51634, -604.044, 231.838
3.88599, 463.881, -34.3951
4.44586, 161.699, 643.565
7.19936, 16.4303, 599.709
6.24573, 69.4513, -118.249
3.44774, -441.718, 489.916
6.89581, 237.755, 220.381
6.8953, 341.785, -477.832
3.30515, -541.284, -233.107
5.87346, -383.738, -197.44
6.89096, 401.197, 70.3622
6.98262, 309.276, 319.423
3.06535, -75.4532, 577.062
5.93789, -224.369, -217.237
3.21651, -452.941, -437.274
3.6901, 224.231, 82.4024
5.64383, 602.187, -89.8325
4.312, 556.689, 315.176
4.64437, 709.701, 467.298
4.91936, -8.27305, -501.063
6.20379, 80.5002, -176.18
3.23098, -491.513, 443.172
7.36238, -524.622, -265.91
7.3158, -456.754, -189.104
3.14741, -313.728, 550.943
5.3784, -53.3405, -404.139
4.66439, 107.063, -221.181
5.50066, -228.929, -180.912
5.85098, -464.283, -196.878
4.5137, 447.097, 655.931
6.46691, 719.911, 469.544
4.89889, -448.299, -187.756
5.72449, 260.063, 92.8672
4.28836, -194.526, 600.653
5.96794, -272.175, -170.302
5.83428, -464.149, -487.483
3.22071, -353.25, 605.068
7.10415, -569.795, 217.959
4.22228, 40.9654, -210.885
6.66824, -166.112, -432.728
2.74349, 271.321, -499.198
3.27936, -188.737, -97.376
2.55765, 236.605, 368.525
3.94327, 17.4839, 518.349
5.07295, -180.472, -203.712
3.65948, 578.102, 452.417
2.75022, -213.171, -68.9169
5.33091, -619.248, -398.592
6.69774, 35.0482, 532.565
4.28763, -485.116, -471.044
4.3452, 89.591, 581.148
7.22226, 260.792, 199.727
4.72425, -450.816, -174.759
6.82086, 322.437, 72.4875
5.82654, -532.495, -534.142
5.79297, 68.9102, 491.219
7.10736, -755.471, 696.674
5.11536, 656.032, -688.451
5.45229, 266.685, -442.095
5.79944, 594.948, 479.25
4.24765, 308.644, 314.274
4.11714, 259.503, 84.9179
7.08984, 31.8027, 555.733
3.08619, 672.2, -420.931
7.31268, 467.079, -80.3108
5.17978, 70.2034, -116.307
5.81447, 570.654, 478.52
5.48362, 675.586, -425.771
6.93363, -613.889, -506.874
6.67999, -528.609, -533.654
6.69339, 267.612, 162.348
6.85642, -125.281, 155.001
2.5002, -571.316, 59.8538
4.77274, 242.771, 63.9168
4.25696, -598.898, 234.971
5.80713, -212.576, 587.753
6.22234, -635.094, 201.215
3.3821, -110.966, -359.048
7.4621, 714.402, -504.449
5.95466, -612.878, 248.385
6.97862, 313.131, 29.3491
3.51579, 216.86, 72.6655
7.2356, -472.31, -183.315
4.88476, 643.551, -442.132
6.78578, 724.661, -643.639
6.41237, -576.597, -474.273
5.70687, 649.471, -561.602
3.14521, -664.225, 148.992
5.77944, -35.282, 593.201
3.09199, 73.0988, -159.224
3.88793, 164.338, 537.482
6.65548, -227.542, -179.173
6.14153, -606.213, -541.855
6.74348, -761.923, 158.242
3.43989, -556.704, -516.049
6.09602, 337.58, -275.096
4.25586, 319.906, 203.792
3.34555, -503.663, -479.513
4.52383, 270.894, -497.799
4.20924, 61.5013, 617.064
6.67141, 277.231, 44.4705
3.9111, 581.525, 480.974
5.16766, -523.516, -527.153
6.25085, 739.932, -602.937
4.62554, -552.093, -471.655
4.66964, -402.604, 625.154
3.03022, 688.328, -708.972
6.4639, -193.999, -364.057
3.91232, -471.309, -434.732
7.14264, -469.626, -190.144
5.37926, 262.529, 351.075
3.4895, 550.95, -273.449
5.99081, 361.2, -543.767
3.07265, 277.774, -416.424
4.22945, 168.878, 570.841
4.15646, -440.268, -178.681
6.42735, 635.488, -615.325
6.65775, 321.809, -36.2201
4.21712, -671.106, 557.673
4.2603, -201.373, 569.535
6.38197, -75.5311, -558.353
6.58658, -55.9028, 538.148
4.26157, -230.146, 102.6
7.09559, -463.65, -216.481
3.2877, 232.102, 132.324
5.56029, -470.824, 582.784
5.54222, -352.368, 606.023
3.16647, -170.938, -357.39
3.51409, -520.933, -505.262
4.79457, -600.754, 558.804
3.48759, -345.375, 512.55
6.77118, -577.558, 145.947
6.54562, -414.745, -473.431
2.80131, -614.495, 491.591
6.50584, -634.352, 484.777
5.49597, -149.202, -388.435
7.43182, -618.951, 217.953
2.65919, -9.14841, 601.324
6.8356, 711.911, -627.652
3.69109, 431.177, 162.965
3.6127, 257.104, 334.711
4.73907, -529.82, -494.16
2.61231, 534.8, 5.8658
6.79755, -174.15, -59.4094
4.15902, 243.765, 266.803
5.72195, 272.179, 44.5106
7.43521, -524.133, -421.671
5.30162, 252.558, -391.745
4.74553, -549.142, -227.516
5.213, -33.3347, -514.315
2.90797, 514.048, -37.7794
3.99606, -474.072, -223.98
6.63964, 542.511, 553.907
6.48936, 435.601, 725.425
5.71048, -35.8435, 590.419
4.84105, 379.736, 89.8134
7.15326, -154.882, -399.156
5.08798, -196.894, -86.8344
7.42924, 652.471, -330.504
5.94567, 32.7572, -549.182
6.19966, -141.412, -383.556
3.46323, -444.371, -532.108
6.08881, -360.47, 585.694
6.11146, 424.561, 41.6775
6.49298, 397.201, 129.385
4.23216, 218.991, -592.705
5.1481, 182.924, -321.844
3.19001, 602.189, -238.876
6.73218, -233.898, -159.104
6.32766, 10.3623, -497.849
7.5, 648.797, -467.893
4.24891, 485.3, 614.421
5.50367, -509.05, 565.216
3.50808, -336.858, -44.6806
6.2385, 89.2582, 33.4602
6.49225, 565.051, 161.252
3.03505, -671.473, 231.741
5.35813, -376.371, -47.7626
2.84683, 240.406, -338.854
4.16036, 672.821, 478.749
5.80945, 330.797, -507.621
5.27726, -103.755, -91.1488
7.12415, 285.495, 73.3763
2.69832, -354.28, -72.4584
2.62083, -166.499, 15.2113
4.61923, 228.848, -425.122
4.36987, 312.228, 74.7396
2.93303, -256.757, -161.27
3.05403, -48.97, 93.5378
5.31992, 254.395, -388.953
7.37269, -31.9024, 510.976
3.05066, -9.62907, -455.952
5.99352, 89.2986, 493.383
2.79674, -15.1205, -531.021
4.69755, 522.428, -57.8018
5.24651, 646.476, 595.551
3.45129, 479.337, -566.99
7.36597, 278.998, 2.19888
3.19593, -409.163, -55.6214
5.48978, 642.46, -446.247
7.12812, -697.766, 562.104
3.91116, 42.4978, 495.915
6.8307, -122.082, -133.762
6.29598, 28.2674, -299.826
6.10793, 267.092, 296.365
3.34241, -228.769, 226.651
3.32882, 637.182, 318.423
3.39076, -591.904, -444.413
5.87226, 220.324, -445.199
4.83484, -154.615, -269.257
6.85219, -537.978, -425.459
5.76023, -537.034, -171.234
5.80464, 729.867, 761.572
2.58037, -652.002, -536.114
4.30596, -556.413, -494.637
3.72747, 542.492, 97.2773
6.93086, -660.888, -641.28
5.23701, 675.01, 681.138
6.57209, 7.98032, -505.38
5.24453, 106.263, 493.671
4.16156, 327.648, -11.6213
4.40213, 63.3375, -508.289
2.52389, 463.698, 489.934
6.95226, -169.334, -352.754
6.16955, -449.641, 563.668
6.04239, -29.8492, 606.607
5.1278, 93.9306, -165.349
6.41065, 52.3631, -515.152
3.42484, -321.288, -393.007
5.72673, 271.794, 293.218
3.42178, -453.446, -191.032
3.31214, 138.034, -212.766
2.65594, -202.323, 552.658
7.42716, -30.8779, -476.321
4.04559, -230.286, -358.569
4.11075, -465.831, -184.087
5.51155, 211.811, 36.5636
2.89107, -273.628, -564.225
3.93936, 109.999, 44.6659
5.79307, -149.303, -405.798
7.36348, -541.1, -352.676
7.27758, -377.105, -472.265
7.42745, -448.142, -209.812
7.30478, -542.379, -555.028
3.0073, -403.366, 576.618
3.71505, -137.21, -383.469
6.91151, -3.575, -138.676
5.28805, 272.553, 300.621
6.7669, 556.482, 414.813
7.49145, -466.842, 549.239
3.99751, -240.387, -608.836
6.33157, 603.579, 454.226
4.81901, 200.285, 26.2923
6.8168, -597.907, -425.451
6.99018, 598.662, -157.533
7.377, 186.814, -318.391
2.77405, 327.899, -63.4978
6.32605, 662.465, -616.03
5.09219, -604.888, 567.913
3.46574, 546.695, -61.1975
6.98252, 303.524, -464.355
6.38492, -523.2, 231.165
2.75968, 246.399, 240.138
7.47331, -667.577, 608.22
5.93659, -227.76, -377.199
5.94854, 578.507, 406.217
6.57666, -421.334, 563.91
7.05426, -187.099, -364.344
3.34218, -128.906, 152.727
5.24183, -393.031, 553.785
6.53351, -401.722, -127.748
4.17803, 272.495, -457.793
5.53435, -109.056, -79.5882
6.59602, -644.519, 146.909
7.3485, 118.648, -180.98
6.29349, 600.084, 471.084
3.72113, -117.579, -135.56
5.80589, -590.816, 251.605
4.21574, -459.58, -181.564
7.27146, 227.24, -278.172
2.60828, 518.733, 437.646
4.54979, -729.645, 721.718
2.55789, 416.344, -554.074
3.04964, 584.546, 178.635
5.28259, -574.977, 349.69
4.45466, 52.6367, -221.859
7.20539, -30.5162, -71.0201
2.55572, 286.017, 255.647
6.22897, -141.37, -386.942
3.84293, 271.801, 89.8389
4.27153, -677.094, -547.554
3.45835, -431.347, 452.86
5.14832, 201.104, -34.1212
4.39478, 75.1861, -500.828
3.16407, -48.096, -452.789
4.26563, -132.818, -389.651
4.2497, 702.273, 693.922
7.41084, 434.954, 56.8667
5.25961, 39.5881, -114.639
4.99918, 20.1195, -522.43
3.58531, -672.687, 221.206
4.37311, 0.277686, -305.572
6.78251, -523.438, -524.283
6.45578, 648.182, -433.316
3.9204, -415.981, 555.82
5.07645, 276.984, 132.827
6.79238, -220.392, -123.47
7.07844, -505.751, -178.806
7.48941, 73.1716, 530.273
6.53177, 76.2212, -175.522
5.22718, -460.124, -179.773
7.3461, -42.6377, -506
5.31931, -553.365, 280.285
4.03031, -431.633, 573.194
5.41853, 578.493, 629.012
2.91197, 43.9509, -118.887
5.47382, 238.029, 253.002
3.31968, -513.212, -525.246
6.46527, -518.443, -510.086
2.95373, 690.27, 482.435
6.3072, -591.792, -475.917
6.83996, -177.627, -61.3761
6.40105, -7.83407, -135.885
6.61399, 656.544, 634.953
6.70974, 260.073, 266.167
4.48328, 187.365, -49.747
6.508, -84.7741, 78.3352
6.56811, 216.254, 47.1282
5.43493, -330.319, -48.1434
4.64621, 508.942, -46.3057
2.5002, -120.523, -359.381
5.31153, -611.794, 105.741
6.22632, 255.767, 19.832
3.89846, 591.602, 234.17
2.93406, -594.183, 537.408
3.5733, 661.91, -560.226
3.93296, -445.362, 480.125
4.86595, -402.044, 446.6
6.95893, 654.453, 595.485
5.91955, 429.267, -368.981
3.54376, -10.3844, -172.342
6.67533, 723.894, -36.8099
7.09218, 702.253, 616.104
4.48244, -592.54, -471.949
6.37858, 352.174, 350.846
5.68161, -11.4943, -120.799
6.64746, 348.151, 126.47
3.40204, 436.661, -380.701
7.45927, 364.108, -535.295
6.70558, 68.5132, -506.09
4.65177, 598.646, 220.047
4.38589, 475.428, 695.548
2.70802, 412.527, -313.64
6.80715, -538.995, -550.49
6.62116, 690.754, -611.914
6.25052, -170.971, 592.375
3.55801, -278.491, 589.753
4.31029, -447.027, -182.476
4.43545, -543.009, -325.606
7.32918, 585.539, 464.143
6.5872, -27.7979, 625.055
4.5755, 47.7879, 354.797
5.83759, 302.457, 118.153
2.52101, 486.569, 648.504
6.98048, -658.059, 222.93
3.68416, -167.812, 245.185
3.79415, 207.179, -232.354
5.4939, 318.847, -523.381
6.89823, -589.083, 192.065
6.16299, -596.794, -489.25
6.0773, 591.834, 468.801
3.57724, -385.28, 549.714
6.30413, 693.359, -684.312
3.85351, -269.692, -408.726
2.75246, 379.371, 119.725
4.78866, 218.827, 118.118
2.58759, 369.721, -569.116
3.01129, 83.8926, -64.5704
2.639, -235.102, 101.164
5.65921, -239.221, -409.443
6.34425, 119.774, -177.076
2.74132, 330.599, -474.629
6.6924, -39.1093, -515.553
6.76899, -205.849, -154.044
6.57649, -361.827, 590.514
6.85188, 630.445, 321.252
5.27222, -418.178, -200.901
6.12646, -163.369, -85.2501
3.20424, -383.37, 510.283
6.6115, 406.066, -395.923
5.51185, 324.12, 8.30553
4.93856, 354.996, -506.548
6.14942, -115.026, 541.031
4.05164, 729.616, -546.325
3.93925, -572.774, 133.071
5.45857, -675.4, 566.535
5.34055, 520.024, 537.739
5.41059, -553.779, -494.049
2.84132, -639.843, 246.299
4.34304, 74.1009, -173.469
6.28475, -519.784, -500.325
6.35297, -452.773, -518.199
4.27217, -472.631, -184.483
5.98913, 50.5305, 488.164
5.08005, -442.081, -202.042
5.94494, 268.508, -15.0205
6.18066, -31.9695, 590.853
2.56231, -243.187, -360.584
7.16549, 434.326, 57.2166
5.37826, 374.367, 102.95
3.05587, 516.87, 627.927
4.87388, -94.5848, -98.6197
3.24247, 233.412, 142.658
4.22594, 279.586, 338.089
7.04476, -604.876, 239.014
4.54571, 86.7412, 461.078
5.96642, -501.69, -125.558
3.35865, 295.93, -480.812
6.21715, 597.19, -467.794
4.16319, -445.022, 549.291
4.62157, 366.789, 99.3653
2.79523, -152.669, 101.18
5.09005, 208.454, 36.0005
5.94425, 212.441, -448.83
5.01149, -179.077, -81.8842
6.56617, -52.5131, -505.46
3.07974, 59.5598, -488.341
5.24841, 253.914, 265.887
5.06046, 214.585, 68.7421
6.02649, 592.528, 476.042
5.65083, -216.124, 564.454
4.0207, -102.478, -562.075
6.74719, 264.156, 67.5497
3.39619, 441.645, 20.5101
2.61737, -361.998, -158.739
4.19467, 500.501, -9.8335
3.43818, 252.572, 30.0095
6.60467, -185.954, 7.97558
6.72507, -453.252, -186.706
6.78031, 713.976, -627.978
7.37454, -630.899, 594.67
2.99587, 310.053, -410.667
2.56182, 585.459, 468.062
2.58614, 246.85, 241.862
2.64527, 326.25, 135.841
4.1031, 40.0169, -113.236
6.17815, 437.281, 184.304
3.14876, 245.285, 221.528
2.5161, -304.902, 327.324
6.91905, -34.3745, -473.885
3.70482, 360.572, -522.909
4.38481, -664.496, 568.552
4.44879, 428.967, 51.9605
2.81534, 398.158, 160.551
7.30792, 145.545, 501.385
3.75349, 602.289, -140.887
6.85376, -477.115, -94.0766
2.85991, -594.988, 136.67
2.70653, -274.948, 483.387
3.46378, 222.719, -447.896
3.86708, -237.664, 239.288
7.4007, -530.726, -378.13
3.60607, 225.748, -449.362
6.43119, -567.867, 520.196
4.42306, 130.171, -267.71
3.78593, 335.482, -518.658
3.91087, -615.974, 186.184
7.33834, 479.021, -46.4374
4.22841, 369.286, 125.881
3.45922, -596.632, 424.086
5.05037, -442.157, -157.023
5.21857, -412.153, 630.184
5.72333, -550.385, -542.925
3.89738, -46.7372, 549.799
3.41887, -232.623, -351.877
2.71579, -585.806, 194.925
3.98408, -510.82, -187.047
4.25548, -116.567, 104.925
7.09372, -466.755, 587.154
5.81225, 412.113, -192.683
5.08041, 581.243, 448.517
4.03763, 333.51, 347.11
3.0007, -97.7172, 78.2588
3.47502, 345.181, -476.643
4.11407, 148.915, -273.727
5.56182, 533.604, 97.4812
5.13511, 673.663, -548.334
3.45653, 208.335, 137.775
4.7178, -580.579, -551.698
4.48693, -384.825, 565.712
6.28051, -520.804, 600.162
6.6213, 583.672, 482.922
5.51573, 36.3816, -146.537
3.04573, 302.658, -512.959
4.11797, 345.147, -121.537
5.03403, 203.035, 227.916
4.76521, -408.025, 552.997
4.77315, -142.492, -381.304
4.91125, 700.243, 650.227
5.07896, 277.798, -472.304
4.50207, 58.0142, 548.915
4.22945, 470.65, 306.157
6.64533, 601.979, -94.2565
3.02204, -475.235, -445.671
6.40057, 328.195, 333.622
3.19919, -229.912, -179.271
2.62171, -523.63, -494.631
6.0664, 300.58, -545.384
7.15538, -41.8195, -450.448
7.47667, 273.498, 143.545
3.86264, -580.406, 327.676
3.6923, -473.063, -189.978
3.87328, 411.297, 470.725
5.70836, -492.347, -528.457
5.17637, 347.656, 110.647
6.8967, 591.171, -332.781
6.75968, -595.141, -406.506
2.98004, 482.265, -90.8753
4.66818, -656.586, 211.713
3.17045, 147.458, -467.483
5.86802, -110.105, 144.593
5.34964, -95.5656, -447.857
3.66474, -352.448, 688.173
5.50306, 276.855, -421.67
2.6551, -380.361, -145.889
7.08512, 335.276, -261.699
3.82958, 536.57, 8.00138
6.50016, -126.22, -296.039
5.46389, -9.80426, -549.857
5.0822, 245.961, 248.71
5.2567, 214.747, 221.909
3.47225, 324.976, -139.148
5.36152, 94.1773, -623.318
3.81992, 275.29, 326.422
4.41648, -659.615, 465.582
2.73626, -559.138, -626.592
4.22823, 415.286, -555.479
3.61594, 423.507, -383.332
3.81264, -14.8095, -468.11
3.05141, -186.205, -377.981
7.40088, -498.325, -129.947
5.93794, 603.696, 469.822
5.82158, -440.569, -154.764
5.99501, -670.646, -481.732
2.68746, -515.451, -270.595
3.6706, -677.858, -531.294
3.95397, 547.168, 474.646
3.50543, -88.6906, -67.554
2.7177, 244.253, -19.5506
2.56571, -392.84, 637.654
6.07297, -410.54, 504.014
6.88348, -564.394, -481.428
5.35088, -582.841, 308.191
6.92743, 681.686, 711.798
5.20042, -477.573, -216.42
3.31357, 650.381, -560.866
3.30492, 716.918, 420.719
7.19182, 260.075, 115.478
3.45628, 473.97, -597.852
3.15761, 96.7308, -89.7749
4.41122, -179.367, -57.7416
6.12674, 198.984, 23.5053
2.50651, 578.607, 603.869
4.60222, 43.658, 583.251
5.18984, 274.92, 126.538
4.86596, -134.465, 215.496
6.33003, 576.852, 606.105
2.9396, 433.696, -441.677
7.04284, 290.062, 151.359
3.20818, -528.999, -550.121
2.54782, 271.121, 28.6309
2.82267, 286.218, 347.629
4.96742, 289.753, 57.1272
5.40914, 491.573, 653.2
4.03373, -581.502, 533.331
4.57091, 493.893, -45.2102
4.33401, -534.368, -543.211
3.42687, 72.4877, 499.161
2.76788, 403.961, 123.072
4.47222, 384.602, -38.4067
3.98388, -182.912, -135.848
5.05388, -487.387, 548.293
3.75392, -764.643, 201.745
5.01589, 693.049, 653.029
2.51168, -34.0424, 597.022
7.01807, 662.83, -448.258
2.79181, -652.443, -632.559
5.17506, -405.68, 528.517
3.95754, -432.088, 480.536
7.3023, -449.591, -218.794
4.73406, 269.813, 42.3236
5.08479, 633.896, 234.453
5.93861, -158.416, -153.777
2.72187, -110.87, -114.016
7.2946, -636.612, 501.024
5.70852, 201.92, 14.0381
2.80215, 141.726, -525.799
3.33964, 292.105, 351.498
5.76491, 314.567, -25.1326
6.19864, -574.869, 135.375
3.57011, 611.664, 181.971
4.31441, 98.0643, -529.438
6.56981, -527.349, 607.527
5.32057, 584.534, -367.714
7.45886, -7.39974, -461.625
6.5669, -604.42, 148.886
3.49157, -603.397, 26.8614
2.50003, -34.6521, -470.439
4.62608, 639.021, -589.551
4.07406, 595.801, 225.478
5.56218, 515.535, -625.281
3.83351, -78.0335, -300.98
4.39881, -498.193, -93.7077
5.43397, 580.809, 187.585
5.95636, -136.656, -387.607
7.26736, -210.316, -358.009
4.89785, -324.975, -577.028
3.60319, 315.779, -529.927
5.33741, -570.325, -443.624
6.09873, 263.226, 116.101
4.4953, -360.847, 584.472
3.48326, -512.459, 621.818
6.66971, -675.843, -532.282
5.59561, -445.044, -524.839
7.26866, -175.499, 4.41502
3.23222, 124.048, -226.013
5.38953, -311.041, -429.864
7.26796, -356.508, 571.82
3.62331, 720.15, -640.931
7.25137, -378.13, 501.551
3.07874, 667.77, -445.931
2.58372, 39.3075, -322.419
3.90465, -193.488, -213.15
7.15042, 402.175, 87.8971
3.04796, 772.276, 713.777
6.77266, 72.0637, 535.261
5.68532, -602.355, -453.974
5.63853, 318.945, -525.035
3.80589, 581.392, 422.969
5.13936, -608.599, 269.714
7.16608, -216.937, 544.196
3.98055, 511.714, 31.2742
4.78006, 258.482, 277.186
6.35659, -537.159, -510.958
4.17193, 272.011, 85.7094
6.31775, 152.293, -516.545
6.65892, -101.85, 495.07
2.64618, -653.118, 449.401
4.31315, 536.604, -180.785
4.16221, 265.409, 293.099
3.17675, -384.216, -146.085
3.00839, -240.371, 628.083
5.11327, -421.747, 675.024
3.52046, -125.269, -324.948
5.00728, -550.22, -502.127
5.1371, -53.1017, 505.802
4.13422, -188.584, -87.1962
4.75888, 261.711, -274.238
6.85263, 54.9284, 531.299
4.72884, 518.659, 537.59
6.03726, -681.096, -472.674
6.83171, 655.097, -579.865
6.5822, 585.144, 190.42
2.67504, 748.423, 695.677
3.8644, -466.705, -191.065
5.21858, -222.874, -410.416
3.19942, -524.017, -490.553
5.57408, -560.053, -502.524
3.29182, -566.806, -411.275
4.41129, 302.149, 144.602
5.94997, -106.516, 136.827
3.21128, -309.703, 322.698
5.65284, -664.276, 571.932
3.15973, 37.4364, 530.742
7.13583, -581.629, 217.287
5.53465, -646, 569.075
5.50388, -622.155, 144.314
3.33635, 382.679, -321.026
3.301, -600.982, -561.273
5.91628, 483.088, -18.1047
5.1456, -560.11, -106.001
3.65264, 6.10778, 574.1
6.55373, -390.455, -159.962
5.76477, -199.321, -433.863
4.08597, -536.193, -520.879
2.53953, -158.163, -462.614
3.49176, 607.606, 460.129
3.78831, 203.838, 301.184
3.03825, 500.989, -95.4312
3.49545, 154.158, -220.785
6.75079, 724.258, -543.701
6.63912, -605.423, 122.395
6.76813, -491.422, -434.398
5.71027, 44.4101, 499.796
3.6787, 718.315, -615.905
6.80638, -635.187, -385.495
5.4745, 99.8061, -123.335
2.52745, 369.109, -48.86
6.84925, -518.648, -540.47
7.37729, 365.859, 96.4397
5.59653, 268.915, 95.8492
3.85574, -658.073, 98.1867
7.46973, -16.5747, -306.067
4.60751, -521.619, -494.56
4.20537, -512.105, -411.863
4.80717, 265.093, -12.9171
4.44822, 129.984, -268.916
4.613, 115.987, 564.418
2.84879, 242.668, 267.186
5.5153, 14.715, -186.32
7.36114, -81.5095, 36.8675
5.07406, -557.812, -506.67
7.45461, 543.45, -16.6292
5.84906, 415.062, -83.5281
4.01716, -520.394, -205.018
3.47371, 472.704, 480.055
4.0109, -502.26, -371.19
4.93946, -397.248, 486.19
4.72438, 448.368, 648.553
5.7844, 360.652, -529.879
3.74227, -543.952, -557.453
4.72007, 107.388, 460.366
5.75894, -517.264, -81.1889
6.67472, -669.435, 240.991
6.03698, 93.8554, 586.607
4.93928, -515.169, -517.967
6.72039, 329.788, -26.2572
7.00296, -429.872, -220.428
6.33082, -568.1, -384.482
5.29453, 494.302, 699.672
2.70603, 116.961, 11.648
5.46749, 341.114, 110.301
2.68674, -373.837, 574.664
4.53488, 288.453, 261.302
2.84243, -666.945, -715.222
7.38558, -556.884, -486.129
2.5956, -411.344, -205.662
6.60363, -224.012, -186.017
5.2195, -458.912, 485.948
5.72828, 572.812, -293.709
3.62934, -149.561, -170.548
2.733, 715.814, -614.884
3.63154, 243.976, -472.906
4.58371, -640.168, 167.185
6.40126, 261.927, -451.165
3.72852, -618.483, 140.446
4.81411, 403.704, 124.769
6.14756, 506.706, 32.1702
5.35237, -446.867, 476.213
5.45997, 690.901, 650.886
4.98425, -650.173, 249.124
3.951, 289.466, 156.843
4.71107, 71.7342, -180.296
2.53669, 731.306, -730.84
7.41683, 408.632, -198.657
2.52822, -665.877, -205.339
4.8676, 3.69928, 575.597
5.86497, -132.256, -225.111
