6.27803, -153.047, 25.5714
3.5948, -180.894, -99.2682
5.89648, 70.8094, -189.291
5.09708, -202.746, 228.627
2.76731, -260.567, 347.249
2.53849, 171.143, 7.7648
4.58743, -42.1413, -173.64
7.15218, 137.33, -31.4642
2.95982, 77.0518, 240.568
6.00595, 32.3667, -87.8158
3.81226, 346.168, 267.885
4.14117, 344.94, -265.978
7.45519, 251.299, -35.1001
7.41275, -212.083, -235.648
5.75759, 207.033, -66.0433
6.92354, 286.421, -260.018
6.33247, -86.1698, -122.495
3.87453, -48.6878, -212.4
4.93259, -37.4265, -200.395
2.80282, 352.28, 269.075
5.08146, 169.893, 187.634
4.96988, 363.06, -494.526
7.23882, -211.186, -423.87
4.42071, -81.6791, -101.919
5.14874, 472.214, -442.19
2.75042, 60.5169, 130.955
6.63909, 302.237, -151.601
5.94228, -223.789, -207.251
6.18112, -39.8114, 217.052
6.94286, 363.078, 363.102
4.25508, 37.8597, -66.2929
6.72991, 114.299, 139.145
3.84659, 44.7967, 162.641
4.83959, -14.9918, -98.1826
3.2686, -241.047, -186.345
2.66527, 337.213, 101.704
7.2768, 280.537, 166.437
6.95369, 277.81, -102.703
3.29884, 174.417, 10.4139
3.15214, 81.5714, -77.3535
2.515, -441.828, -83.5697
6.0491, -194.474, -268.137
3.40448, -294.715, 319.583
5.76029, 316.454, -273.702
4.42907, 145.427, -193.772
3.23766, 129.367, 49.139
5.45054, 145.074, 119.363
3.24076, 105.963, 205.243
3.2091, 129.685, 262.48
4.94257, -284.688, -389.703
3.13015, 150.284, -18.0692
5.64635, -175.746, -152.541
5.60817, 129.618, -357.743
4.88216, -278.393, 330.583
2.64188, -230.575, -220.08
3.21011, 273.896, 368.341
3.15594, -203.218, 255.389
3.31099, -207.264, 349.022
3.76529, -247.367, -148.756
4.77654, 72.4263, -184.981
6.54472, 241.221, 94.4128
3.57624, -72.1639, 213.262
3.75063, 309.557, 250.66
5.02978, 161.729, 253.961
6.27922, 221.529, 46.6209
5.66369, 63.3994, 140.279
5.9449, 15.9356, 97.9912
7.27207, 345.791, 375.569
5.18713, -185.434, 391.44
4.57014, -248.384, -237.264
4.70019, 196.604, 14.7761
6.07821, 399.274, 472.794
6.20858, 124.151, -108.983
5.12494, 364.472, -233.933
6.06711, 50.8548, -154.076
5.91025, 91.6993, 12.4316
6.82941, 330.697, -271.352
3.19597, 78.8875, 155.338
3.57766, 161.702, 44.0931
5.0733, -80.1109, -312.109
4.83766, -46.7547, 297.655
3.55759, -170.505, 427.896
5.65244, -270.924, 253.873
2.5044, -338.523, 135.091
4.09589, 267.692, -99.8387
5.90281, 117.392, 46.3564
6.0446, 106.522, -272.065
2.90869, -289.721, 364.114
3.56926, 309.737, -48.3223
4.44412, -304.106, -257.482
4.44927, 558.52, 476.781
3.92018, 367.534, -177.522
4.6123, 221.756, -84.5239
2.55658, -229.812, -296.649
3.72027, 474.402, -370.525
4.49072, -421.823, 387.119
6.64177, -362.801, 188.922
3.78584, 445.99, -394.672
3.59705, -248.488, -265.042
6.47385, 110.78, -56.5728
5.8476, 98.7456, -65.2703
5.49108, -304.529, 76.9484
5.99917, -76.3335, -88.2118
5.13062, 137.479, -96.6722
4.14833, 91.9748, 143.102
3.30844, -533.529, 58.4585
6.56633, 118.15, 156.858
4.08004, 54.5332, 8.46371
4.05369, -196.686, -17.01
4.65424, -56.5539, -157.658
4.46509, 20.493, -204.63
4.43916, 7.69823, -152.106
4.34871, -296.047, -275.22
5.88118, 203.298, -109.38
6.10384, 251.029, -44.4637
7.20082, 91.2138, 229.703
5.08573, -44.1645, -292.523
5.5282, 3.48654, -130.09
5.85049, -307.505, 286.33
5.11404, -13.5245, -112.858
3.87105, -377.456, 315.187
7.08924, 289.064, -102.941
3.73367, 287.585, -274.893
4.77876, 152.027, -96.8514
3.30374, -258.407, 328.955
4.68319, 176.569, -130.655
7.45767, 148.258, -16.4791
6.26931, -302.787, 348.114
4.97846, -429.464, -59.2016
7.01651, -480.884, -296.325
4.68213, 172.347, 97.0467
5.09239, 0.199383, 63.9756
4.44866, 162.372, -112.623
5.63431, -133.635, -221.109
5.19331, 282.619, 76.6164
4.35955, 133.585, -236.587
2.54674, -152.971, 63.4374
6.3794, -30.1423, -112.85
2.85317, -223.573, -219.103
3.98511, 164.486, -240.405
4.78581, -71.2226, -110.602
3.25156, -169.181, -261.246
5.97819, 83.4937, -171.186
4.15587, 89.8573, 38.7217
5.21197, 598.387, -335.741
2.64678, 472.758, -230.609
5.38086, -34.4657, -131.423
5.18133, 226.747, 34.2197
7.36678, -60.963, -129.808
5.57063, -112.625, -131.964
5.26431, -355.258, 171.869
6.69051, -191.718, 188.689
3.75764, -381.443, 396.252
6.98957, 159.923, -38.5573
5.97428, 31.509, -212.199
5.82752, -192.988, -156.692
3.06838, -208.962, -222.113
3.37987, -340.847, 211.243
2.91253, -58.6656, -153.82
6.68103, 15.677, -34.6402
2.64818, 425.968, -407.288
6.34719, -21.2474, -109.741
4.29829, -414.807, 396.831
6.24626, -22.2659, 295.187
6.28385, 161.064, 39.1092
3.60834, -304.379, 100.198
5.58305, 70.011, 18.4267
3.66846, -122.443, -252.976
6.22052, -302.858, 148.662
5.80997, -240.867, -182.762
4.9209, 453.392, -400.307
2.58972, 10.6113, 24.2461
4.98291, 86.4145, 39.2109
5.09587, -117.352, -120.618
4.71395, -522.755, -16.4009
4.14528, 202.787, 200.192
3.52671, 214.847, 225.546
7.19863, -69.3744, -104.858
2.85168, -44.1278, 202.499
3.30042, -72.7093, -110.655
6.70788, -242.094, -266.181
4.13614, -245.756, -274.24
6.85942, 170.939, -137.008
5.99896, 360.17, 277.994
5.52801, 150.343, 75.7179
4.77536, 6.83389, -120.329
2.91543, -355.635, -260.077
3.94883, 4.93378, -83.1351
6.51009, -266.078, -260.115
6.81821, 96.0638, 38.8446
3.81831, 173.046, 6.81781
4.79881, -198.224, -298.006
4.95672, 31.3044, -215.838
5.82344, -441.918, -62.0236
7.31738, -127.278, -107.879
7.23022, 101.69, -83.8001
2.81902, 130.853, -142.887
5.04829, -112.951, -265.247
6.13222, 457.838, 243.19
5.65882, 163.542, 166.905
3.26658, -365.785, -259.353
5.09652, -523.505, -12.2487
3.52281, -506.651, 342.522
6.03231, 242.184, -170.773
6.05786, -323.958, -277.113
3.66304, -363.159, -229.157
6.80594, 34.1762, -50.2034
2.67122, 71.1717, 190.373
6.26587, -295.893, 18.2752
4.14789, -17.8838, -134.921
4.65309, -283.927, -174.743
7.33455, 94.1723, 149.508
4.05803, 458.221, 380.894
5.69762, 261.129, -112.677
5.95386, 84.27, 138.428
5.36403, -8.04576, 254.725
6.60667, 632.516, -695.251
4.21807, -214.304, -229.734
5.09387, -167.859, -191.919
6.78438, -248.283, -118.914
6.18587, 131.981, -78.7448
3.45992, -249.835, 151.851
2.83145, -32.0916, 80.8195
3.60828, 560.279, -206.843
3.33656, 191.354, -48.2857
6.31172, 140.752, -179.199
5.44905, -347.617, 170.155
4.65223, 435.643, 473.948
7.09618, 135.177, 156.573
5.09668, 65.1724, 159.359
7.38058, -142.572, -326.864
5.15714, -312.598, -325.825
2.98716, 68.2383, -21.5533
5.83983, 132.896, -29.6874
5.44444, 170.466, 33.2994
5.01137, -224.764, -203.525
2.75808, -369.19, 210.19
2.6753, 116.356, -210.405
4.41484, -240.019, -448.866
5.55555, 133.309, 64.3349
5.06574, 321.91, 258.835
5.98498, 276.673, 74.7779
4.89891, 176.314, -234.697
3.88323, 343.753, 144.011
6.01685, -187.646, -346.499
3.67701, 78.3425, 124.198
6.41501, -145.525, -127.509
6.60589, -107.318, 257.647
3.21842, -401.613, -340.839
5.75757, -377.77, 362.892
3.87677, 425.794, -446.787
7.26215, -397.209, 524.628
4.58238, -61.4092, -200.828
3.03869, -68.4412, -208.234
4.70633, -290.765, 400.744
6.28811, -210.728, -232.828
2.77803, -226.432, -302.467
3.51241, 159.914, -75.4334
6.82305, 458.119, -382.084
6.52456, -50.5176, -327.104
2.78861, -213.361, -99.1334
4.40304, -66.0853, -145.737
4.56124, 148.399, 240.139
2.80071, 18.5422, -138.586
7.09746, 406.36, 260.837
3.35398, 486.656, 323.456
6.51634, -368.839, 178.629
3.88599, 125.438, 154.632
4.44586, -38.3854, 232.467
7.19936, -25.4568, 260.628
6.24573, 17.2787, -114.497
3.44774, -371.983, 429.458
6.89581, 197.353, -50.549
6.8953, 159.524, -99.847
3.30515, 105.074, -229.736
5.87346, -241.336, -220.499
6.89096, 198.908, 31.1564
6.98262, 132.822, -44.2707
3.06535, 74.0527, 220.756
5.93789, -162.762, -192.48
3.21651, -242.63, -200.347
3.6901, 129.188, 63.2697
5.64383, 110.525, 88.004
4.312, 308.582, 252.483
4.64437, 363.445, 327.986
4.91936, -40.4357, -68.5008
6.20379, -126.83, -164.191
3.23098, -568.227, 356.762
7.36238, -211.605, -161.861
7.3158, -54.1802, -202.858
3.14741, -299.44, 569.188
5.3784, -86.5565, -136.298
4.66439, 5.00718, -85.132
5.50066, 39.968, -134.036
5.85098, -238.768, -271.55
4.5137, 406.753, 193.21
6.46691, 334.987, 337.274
4.89889, -249.25, -252.086
5.72449, 168.893, 45.0159
4.28836, -133.111, 349.846
5.96794, -135.347, -200.756
5.83428, -508.056, -264.779
3.22071, -325.607, 371.315
7.10415, -311.216, 167.579
4.22228, 215.784, 76.2159
6.66824, -71.677, -110.461
2.74349, 163.372, -139.475
3.27936, -78.9747, -235.906
2.55765, 198.27, -35.3397
3.94327, 98.8817, 152.463
5.07295, -139.112, -239.623
3.65948, 315.761, 405.885
2.75022, 143.947, -306.556
5.33091, -289.363, 137.515
6.69774, 124.994, 240.1
4.28763, -202.055, -282.679
4.3452, 11.1701, 243.27
7.22226, 51.8108, 113.044
4.72425, -238.819, -193.378
6.82086, 240.547, -103.95
5.82654, -230.976, -133.062
5.79297, 51.9468, 355.681
7.10736, -507.18, 419.323
5.11536, 215.33, -556.738
5.45229, 210.722, -206.216
5.79944, 412.796, 277.877
4.24765, 243.891, -107.053
4.11714, 167.501, 9.18108
7.08984, 101.074, 169.33
3.08619, 388.72, -490.661
7.31268, 147.247, -62.5475
5.17978, -6.78171, -167.108
5.81447, 415.949, 358.748
5.48362, 299.186, -286.604
6.93363, -278.425, -189.803
6.67999, -220.709, -210.426
6.69339, 79.5432, -19.4947
6.85642, 0.374914, -124.892
2.5002, -276.191, -124.409
4.77274, 19.4286, 105.582
4.25696, -369.213, 187.433
5.80713, -156.618, 354.077
6.22234, -365.691, 5.45453
3.3821, -105.298, -136.993
7.4621, 455.541, -393.797
5.95466, -324.051, 170.196
6.97862, 209.666, 36.4903
3.51579, 254.036, 224.502
7.2356, -130.721, -242.894
4.88476, 299.868, -281.247
6.78578, 455.586, -398.375
6.41237, -215.617, -200.36
5.70687, 460.964, -414.504
3.14521, -249.732, -129.621
5.77944, -135.732, 261.966
3.09199, 25.3127, -190.392
3.88793, -47.6602, 228.51
6.65548, -102.37, -252.03
6.14153, -219.785, -133.952
6.74348, -816.892, 200.065
3.43989, -147.242, -70.168
6.09602, 153.93, -73.0977
4.25586, 178.709, -13.4095
3.34555, -385.398, -138.495
4.52383, -157.501, -75.7791
4.20924, -8.17421, 102.656
6.67141, 97.6417, 50.9216
3.9111, 356.77, 388.434
5.16766, -207.501, -179.429
6.25085, 283.026, -328.323
4.62554, -224.6, -249.36
4.66964, -442.192, 352.981
3.03022, 439.184, -201.042
6.4639, -43.6732, -94.3084
3.91232, -339.454, -170.505
7.14264, -58.6602, -246.036
5.37926, 208.741, -170.005
3.4895, 350.486, -300.12
5.99081, 235.741, -191.666
3.07265, 165.534, -179.451
4.22945, -66.1469, 234.07
4.15646, -216.538, -258.791
6.42735, 340.333, -431.745
6.65775, 148.942, -33.2742
4.21712, -509.431, 426.021
4.2603, 63.8736, 264.686
6.38197, -143.438, -121.485
6.58658, 86.3768, 237.813
4.26157, -63.2582, -245.169
7.09559, -244.647, -256.5
3.2877, 275.987, 84.1378
5.56029, -394.467, 324.418
5.54222, -325.993, 369.782
3.16647, -90.978, -134.379
3.51409, -225.545, -166.223
4.79457, -285.553, 275.654
3.48759, -410.467, 332.3
6.77118, -328.302, 186.311
6.54562, -367.477, -199.937
2.80131, -339.937, 375.556
6.50584, -384.544, 429.586
5.49597, -89.721, -132.62
7.43182, -392.642, 123.366
2.65919, -31.6744, 266.1
6.8356, 463.713, -417.634
3.69109, 202.888, 32.8586
3.6127, 123.836, -115.486
4.73907, -244.554, -200.361
2.61231, 150.855, 55.6082
6.79755, -71.7229, -192.712
4.15902, 191.385, 56.5842
5.72195, 195.585, 107.386
7.43521, -239.795, -171.59
5.30162, 211.098, -108.685
4.74553, -209.476, -274.119
5.213, -125.239, -97.1412
2.90797, 79.7708, 93.1463
3.99606, -177.544, -147.6
6.63964, 435.083, 355.337
6.48936, 434.57, 507.671
5.71048, 2.88346, 237.087
4.84105, 155.588, 77.9514
7.15326, -76.7052, -126.594
5.08798, -101.788, -193.231
7.42924, 295.278, -276.288
5.94567, -141.854, -113.927
6.19966, -99.8956, -130.213
3.46323, -205.693, -16.6104
6.08881, -277.083, 334.399
6.11146, 69.3212, -3.49139
6.49298, 183.593, 62.3645
4.23216, 278.491, -57.5169
5.1481, -54.982, -119.067
3.19001, -170.801, 127.129
6.73218, -96.9595, -246.01
6.32766, -9.8153, -110.254
7.5, 482.251, -324.428
4.24891, 434.427, 176.474
5.50367, -427.572, 309.092
3.50808, -117.895, -279.154
6.2385, 301.692, 104.679
6.49225, 9.2999, 9.89457
3.03505, -490.251, 363.002
5.35813, -276.152, -399.931
2.84683, 51.5738, -78.9938
4.16036, 270.756, 231.641
5.80945, 85.5121, -165.67
5.27726, -106.239, -141.739
7.12415, 180.164, 30.4575
2.69832, -192.598, -293.658
2.62083, -138.44, -237.905
4.61923, 83.8624, -166.625
4.36987, 283.143, 66.5776
2.93303, -262.977, -283.037
3.05403, -61.4087, -167.493
5.31992, 209.72, -215.098
7.37269, 100.403, 228.987
3.05066, -144.582, -138.644
5.99352, -26.0203, 288.94
2.79674, -83.0319, -126.199
4.69755, 95.6015, 122.637
5.24651, 274.451, 303.977
3.45129, 115.388, -165.102
7.36597, 114.45, -26.0228
3.19593, -230.158, -279.445
5.48978, 282.631, -250.124
7.12812, -251.138, 326.089
3.91116, -53.5218, 154.27
6.8307, -78.8065, -226.799
6.29598, -81.506, -186.153
6.10793, 181.096, -49.4287
3.34241, -7.29796, 95.7531
3.32882, 276.237, 284.366
3.39076, -530.011, -150.081
5.87226, 151.679, -175.606
4.83484, 96.131, -243.041
6.85219, -214.488, -240.664
5.76023, -29.6634, -140.752
5.80464, 420.172, 475.392
2.58037, -677.388, -499.429
4.30596, -363.198, -196.344
3.72747, 70.3845, -41.6425
6.93086, -204.407, -161.595
5.23701, 322.264, 298.232
6.57209, -96.7319, -101.289
5.24453, -47.2169, 301.998
4.16156, 160.738, 9.55131
4.40213, 64.4582, -120.789
2.52389, 456.748, 368.192
6.95226, -177.711, -69.9131
6.16955, -395.529, 300.617
6.04239, 75.5627, 212.08
5.1278, 199.458, -82.8633
6.41065, -89.9183, -69.1808
3.42484, -243.067, -179.057
5.72673, 171.445, -64.3999
3.42178, -210.187, -245.034
3.31214, -86.4571, -177.61
2.65594, -62.6369, 278.938
7.42716, -144.118, 93.6906
4.04559, -217.801, -139.394
4.11075, -199.854, -251.295
5.51155, 151.876, 31.8081
2.89107, -149.929, -49.4843
3.93936, 212.095, 102.081
5.79307, -140.789, -137.242
7.36348, -214.614, -336.233
7.27758, -449.833, -251.955
7.42745, -218.897, -236.153
7.30478, -208.207, -146.341
3.0073, -283.22, 330.752
3.71505, -124.939, -126.757
6.91151, 64.9721, -174.768
5.28805, 293.344, -50.9876
6.7669, 375.893, 276.089
7.49145, -305.536, 304.457
3.99751, 21.9657, -204.129
6.33157, 213.683, 512.522
4.81901, 154.204, 27.0706
6.8168, -188.746, -102.517
6.99018, 56.8349, 92.9219
7.377, 75.8565, -147.256
2.77405, 138.954, 187.727
6.32605, 443.869, -402.652
5.09219, -347.022, 323.753
3.46574, 26.8543, 128.188
6.98252, 177.483, -227.124
6.38492, -235.867, 323.261
2.75968, 268.78, -116.06
7.47331, -392.078, 354.459
5.93659, -46.3314, -158.46
5.94854, 332.802, 413.179
6.57666, -251.081, 286.452
7.05426, -15.8627, -180.317
3.34218, 13.1913, -119.547
5.24183, -381.145, 345.853
6.53351, -73.3471, -199.778
4.17803, 167.146, -224.254
5.53435, -194.971, -237.224
6.59602, -270.818, 216.232
7.3485, -19.8964, -137.445
6.29349, 361.848, 319.624
3.72113, -69.4268, -242.244
5.80589, -301.146, 171.537
4.21574, -213.139, -261.511
7.27146, 60.6543, -215.159
2.60828, 70.8033, 13.9887
4.54979, -464.471, 393.357
2.55789, 70.0631, -110.653
3.04964, 276.69, 296.341
5.28259, -130.993, 305.346
4.45466, -11.1194, -113.781
7.20539, -32.1434, -106.251
2.55572, 141.53, -34.2427
6.22897, -255.65, -192.382
3.84293, 174.917, 23.5094
4.27153, -244.189, -186.456
3.45835, -395.725, 285.031
5.14832, 154.698, 19.9058
4.39478, -29.889, -125.859
3.16407, -135.691, -176.235
4.26563, -93.3386, -156.759
4.2497, 478.117, 419.373
7.41084, 155.133, -38.3196
5.25961, 2.76211, -44.2006
4.99918, -124.924, -129.087
3.58531, -456.764, 198.32
4.37311, -95.5828, -191.144
6.78251, -245.82, -219.765
6.45578, 270.91, -342.769
3.9204, -42.5101, 200.845
5.07645, 195.153, -38.075
6.79238, -82.8213, -198.972
7.07844, -188.781, -139.629
7.48941, -0.721438, 253.714
6.53177, -119.734, -162.742
5.22718, -244.182, -190.781
7.3461, -191.83, -80.6624
5.31931, -429.13, 17.7204
4.03031, -336.465, 363.923
5.41853, 384.231, 371.671
2.91197, 7.26194, -83.9693
5.47382, 226.986, -28.7694
3.31968, -247.009, -194.727
6.46527, -190.875, -216.133
2.95373, 334.526, 252.295
6.3072, -295.466, -184.802
6.83996, -75.9372, -205.879
6.40105, -64.6321, -92.1495
6.61399, 425.026, 258.18
6.70974, 148.996, 31.6194
4.48328, 28.8634, -265.726
6.508, -15.8289, -148.786
6.56811, 169.856, -88.8305
5.43493, -144.602, -222.574
4.64621, 60.4892, 102.128
2.5002, -258.06, -187.028
5.31153, -271.542, -123.108
6.22632, 131.548, -54.6484
3.89846, 17.331, -46.704
2.93406, -259.608, 374.618
3.5733, 254.599, -377.726
3.93296, -309.898, 279.967
4.86595, -377.417, 514.272
6.95893, 392.459, 355.76
5.91955, 142.901, -153.327
3.54376, -4.64992, -137.479
6.67533, 84.9016, 147.169
7.09218, 416.142, 342.856
4.48244, -213.508, -209.257
6.37858, 344.99, -115.927
5.68161, 8.09571, -110.766
6.64746, 254.52, 6.91521
3.40204, 49.2929, -230.525
7.45927, 102.564, -87.2895
6.70558, 37.2819, -112.438
4.65177, 50.1162, 50.8794
4.38589, 390.243, 314.865
2.70802, 83.5037, -170.548
6.80715, -244.624, -200.864
6.62116, 473.112, -405.405
6.25052, -342.851, 284.392
3.55801, -456.987, 389.812
4.31029, 51.8054, -188.139
4.43545, -227.484, -183.095
7.32918, 427.605, 273.455
6.5872, -10.8736, 220.158
4.5755, 212.626, 204.293
5.83759, 123.974, 102.916
2.52101, 447.162, 335.434
6.98048, -396.403, 178.812
3.68416, -0.790917, 91.8941
3.79415, -38.2381, -229.511
5.4939, 130.703, -184.356
6.89823, -389.849, 198.964
6.16299, -282.864, -383.205
6.0773, 382.348, 305.645
3.57724, -552.18, 409.621
6.30413, 607.399, -368.72
3.85351, -2.13932, -86.9508
2.75246, 248.46, 38.2455
4.78866, 97.2252, -6.44073
2.58759, 26.0973, -120.134
3.01129, -47.9761, -89.4446
2.639, -62.194, -238.424
5.65921, -102.214, -161.531
6.34425, -43.0871, -127.78
2.74132, 58.027, -216.508
6.6924, -170.709, -110.237
6.76899, -243.923, -273.049
6.57649, -258.164, 347.075
6.85188, 290.777, 274.14
5.27222, -30.6205, -248.618
6.12646, -82.4002, -183.456
3.20424, -141.95, 295.048
6.6115, 75.146, -167.49
5.51185, 105.072, -23.2482
4.93856, 123.106, -267.465
6.14942, 77.3542, 191.581
4.05164, 346.683, -320.835
3.93925, -244.661, -118.517
5.45857, -235.049, 360.71
5.34055, 360.732, 279.455
5.41059, -145.003, -158.757
2.84132, -350.492, 159.97
4.34304, 4.65936, -38.7829
6.28475, -192.994, -190.296
6.35297, -381.231, -121.243
4.27217, -211.569, -237.954
5.98913, 47.8185, 163.61
5.08005, -47.0103, -206.243
5.94494, 134.982, -72.458
6.18066, -19.0794, 295.937
2.56231, -98.3313, -208.22
7.16549, 131.742, -47.0211
5.37826, 171.678, 15.4663
3.05587, 411.919, 251.453
4.87388, -64.1474, -215.059
3.24247, 170.078, 22.8469
4.22594, 209.163, -86.6097
7.04476, -432.109, 266.946
4.54571, 26.9189, 315.584
5.96642, -50.2697, -174.223
3.35865, 172.504, 56.7726
6.21715, 361.931, -397.411
4.16319, -278.939, 369.219
4.62157, 218.384, 23.2062
2.79523, -68.303, -232.865
5.09005, 167.621, 341.663
5.94425, 121.165, -164.216
5.01149, -80.8918, -237.087
6.56617, 180.645, -184.313
3.07974, -368.529, -131.588
5.24841, 271.457, -49.9563
5.06046, 180.338, -82.444
6.02649, 317.882, 400.669
5.65083, -200.068, 217.435
4.0207, -14.483, -127.275
6.74719, 145.748, -40.24
3.39619, 68.8394, 146.66
2.61737, -228.985, -273.358
4.19467, 118.585, 119.713
3.43818, 280.596, -19.7174
6.60467, -90.6105, -287.134
6.72507, -41.6242, -196.561
6.78031, 445.577, -400.87
7.37454, -250.859, 327.882
2.99587, 214.872, -264.571
2.56182, 339.509, 193.907
2.58614, 164.845, -136.258
2.64527, 276.602, -92.6759
4.1031, -163.386, -124.174
6.17815, 153.556, 130.634
3.14876, 184.334, 12.1629
2.5161, -227.622, 204.172
6.91905, -166.629, -90.0876
3.70482, 350.53, -252.953
4.38481, -358.616, 339.256
4.44879, 105.629, 81.2887
2.81534, 195.513, 79.4059
7.30792, -99.253, 330.601
3.75349, 332.465, -316.18
6.85376, -71.4951, -187.552
2.85991, -307.31, 41.8773
2.70653, -288.895, 419.119
3.46378, 217.308, -208.688
3.86708, -21.0104, 85.5644
7.4007, -401.471, -435.814
3.60607, 206.447, -225.037
6.43119, -248.406, 122.343
4.42306, 84.7152, -143.559
3.78593, 180.557, -285.001
3.91087, -369.626, 185.13
7.33834, 100.741, 101.694
4.22841, 220.088, 65.2794
3.45922, -355.603, 214.951
5.05037, -191.922, -260.842
5.21857, -385.782, 349.118
5.72333, -229.298, -451.876
3.89738, 96.3198, 233.765
3.41887, -108.739, -120.788
2.71579, -127.632, 34.617
3.98408, -297.135, -231.142
4.25548, 68.5935, -4.09052
7.09372, -286.823, 317.236
5.81225, 142.094, -68.4534
5.08041, 453.823, 239.594
4.03763, 265.976, -142.021
3.0007, -33.9353, -27.1678
3.47502, 131.267, -212.92
4.11407, 197.213, -37.0372
5.56182, 67.7078, 88.8552
5.13511, 441.624, -396.426
3.45653, 244.893, 75.4658
4.7178, -278.111, -181.685
4.48693, -262.976, 284.366
6.28051, -283.966, 259.364
6.6213, 363.769, 280.433
5.51573, -222.279, -238.818
3.04573, 163.382, -161.149
4.11797, 118.185, 114.126
5.03403, 384.974, 93.5533
4.76521, -262.431, 294.819
4.77315, -111.953, -124.348
4.91125, 416.807, 346.949
5.07896, 153.774, -172.359
4.50207, 13.1789, 278.239
4.22945, 67.9117, 131.482
6.64533, 116.223, 69.8265
3.02204, -205.535, -214.577
6.40057, 283.388, -107.829
3.19919, -229.116, -175.564
2.62171, -166.953, -619.71
6.0664, 77.3107, -180.363
7.15538, -170.56, -66.1906
7.47667, 78.4342, 18.765
3.86264, -347.121, 139.896
3.6923, -220.083, -303.318
3.87328, 448.762, 391.236
5.70836, -467.531, -233.089
5.17637, 221.091, 72.0924
6.8967, 319.932, -269.28
6.75968, -208.237, -227.128
2.98004, 139.871, 221.979
4.66818, -345.118, 155.209
3.17045, 325.13, -143.494
5.86802, 5.96104, -114.61
5.34964, -63.065, -111.598
3.66474, -383.71, 354.991
5.50306, 165.94, -214.372
2.6551, -325.444, -295.73
7.08512, 105.8, -8.85044
3.82958, 134.539, 53.7514
6.50016, -81.3169, -115.031
5.46389, -80.9666, -68.1448
5.0822, 287.878, -94.0316
5.2567, 156.381, -109.53
3.47225, 236.76, 113.778
5.36152, 2.37551, -48.7906
3.81992, 167.479, -1.88113
4.41648, -267.962, 308.916
2.73626, -232.312, -218.003
4.22823, 118.027, -154.869
3.61594, 170.434, -345.75
3.81264, -168.317, 65.7403
3.05141, -134.922, -183.014
7.40088, -218.625, -372.843
5.93794, 345.872, 360.64
5.82158, -216.002, -236.153
5.99501, -507.526, -316.106
2.68746, -244.197, -172.451
3.6706, -144.773, -241.135
3.95397, 406.892, 267.413
3.50543, -21.9186, -192.459
2.7177, 93.6101, 141.539
2.56571, -140.918, 587.121
6.07297, -260.928, 294.29
6.88348, -236.636, -178.247
5.35088, -366.759, 20.4975
6.92743, 407.272, 340.488
5.20042, -225.093, -253.917
3.31357, 461.715, -303.099
3.30492, 265.138, 368.943
7.19182, 145.574, -10.0881
3.45628, 296.717, -305.839
3.15761, 23.9336, -109.096
4.41122, -91.623, -174.254
6.12674, 400.383, 180.652
2.50651, 323.151, 259.642
4.60222, 166.606, 208.569
5.18984, 95.2792, 18.279
4.86596, 71.118, -4.23596
6.33003, 326.664, 259.024
2.9396, 152.142, -231.551
7.04284, 178.254, -77.9995
3.20818, -680.538, -573.065
2.54782, 130.743, 85.6923
2.82267, 268.077, -74.7948
4.96742, 281.292, 77.8277
5.40914, 403.06, 191.816
4.03373, -316.733, 388.766
4.57091, 60.9411, 82.9992
4.33401, -250.005, -340.281
3.42687, 69.3117, 329.604
2.76788, 166.415, -24.1234
4.47222, 58.6146, 213.612
3.98388, 31.1621, -111.907
5.05388, -283.979, 330.682
3.75392, -402.701, 155.989
5.01589, 410.87, 343.54
2.51168, -231.747, 375.376
7.01807, 396.849, -254.035
2.79181, -192.077, -148.549
5.17506, -254.655, 290.683
3.95754, -427.729, 207.822
7.3023, -36.3218, -173.161
4.73406, 170.249, 44.6825
5.08479, 204.981, 222.273
5.93861, -96.0015, -219.205
2.72187, -241.469, -154.553
7.2946, -249.236, 334.044
5.70852, 140.564, -167.072
2.80215, 64.6885, -233.511
3.33964, 166.191, -80.4257
5.76491, 166.166, -47.4795
6.19864, -265.596, -101.697
3.57011, 204.625, 226.83
4.31441, -76.7234, -131.521
6.56981, -186.983, 407.031
5.32057, 305.008, -288.322
7.45886, -66.2208, -119.553
6.5669, -365.113, 184.692
3.49157, -127.477, 42.7457
2.50003, -142.228, -66.5217
4.62608, 397.781, -434.226
4.07406, 40.8302, 1.35784
5.56218, 430.64, -281.416
3.83351, -109.161, -128.269
4.39881, -164.679, -256.187
5.43397, 51.555, 55.5964
5.95636, -58.0851, -154.799
7.26736, -5.75804, -239.198
4.89785, -346.258, -222.915
3.60319, 165.516, -173.509
5.33741, -615.525, -563.059
6.09873, 167.593, 70.697
4.4953, -247.116, 325.627
3.48326, -277.967, 261.247
6.66971, -177.815, -171.898
5.59561, -363.179, -122.023
7.26866, -138.317, -236.861
3.23222, 111.267, -272.745
5.38953, -13.1002, -93.9068
7.26796, -286.536, 319.188
3.62331, 428.549, -423.432
7.25137, -279.911, 329.533
3.07874, 337.477, -286.265
2.58372, -14.1495, -188.111
3.90465, -145.123, -246.3
7.15042, 222.927, 52.1816
3.04796, 430.541, 473.427
6.77266, 150.939, 236.587
5.68532, -230.077, -196.729
5.63853, 75.7438, -187.455
3.80589, 467.252, 388.065
5.13936, -368.322, 155.953
7.16608, -116.358, 310.589
3.98055, 21.9163, 92.1262
4.78006, 184.584, -95.7424
6.35659, -232.83, -181.106
4.17193, 113.401, -39.2555
6.31775, 123.691, 4.16335
6.65892, 64.1102, 240.234
2.64618, -318.836, 443.038
4.31315, 130.433, 48.9702
4.16221, 262.795, -105.729
3.17675, -255.714, -245.012
3.00839, -86.591, 368.76
5.11327, -256.225, 216.635
3.52046, -280.099, -212.273
5.00728, -219.854, -191.927
5.1371, 43.0204, 211.724
4.13422, -251.225, -233.63
4.75888, 119.741, -220.869
6.85263, 126.328, 258.917
4.72884, 405.578, 272.163
6.03726, -590.741, -284.979
6.83171, 462.645, -413.753
6.5822, 269.026, 278.001
2.67504, 308.227, 205.293
3.8644, -222.858, -270.419
5.21858, -185.113, -85.1232
3.19942, -208.024, -84.0434
5.57408, -156.103, -51.347
3.29182, -10.5448, 52.2897
4.41129, 201.574, -81.5687
5.94997, -105.038, -152.547
3.21128, -224.739, 203.933
5.65284, -395.604, 354.566
3.15973, -21.9404, 243.978
7.13583, -305.094, 160.855
5.53465, -242.52, 332.156
5.50388, -369.28, 174.648
3.33635, 87.4944, -240.046
3.301, -304.124, -700.261
5.91628, 61.874, 151.638
5.1456, 6.3748, -193.074
3.65264, 166.362, 201.813
6.55373, -206.604, -267.009
5.76477, 97.3523, -174.368
4.08597, -410.739, -118.002
2.53953, -124.18, -66.1893
3.49176, 376.819, 224.181
3.78831, 320.655, -121.271
3.03825, 78.5583, -150.001
3.49545, 5.90811, -43.6213
6.75079, 521.114, -384.746
6.63912, -348.514, 137.601
6.76813, -302.629, -262.212
5.71027, -163.136, 293.823
3.6787, 465.544, -403.299
6.80638, -770.336, -263.213
5.4745, 188.721, 131.344
2.52745, 24.4634, 63.2527
6.84925, -236.843, -182.474
7.37729, 154.254, 35.7893
5.59653, 234.229, -35.2653
3.85574, -299.515, 116.495
7.46973, -72.5936, -138.463
4.60751, -272.334, -352.031
4.20537, -268.592, -175.147
4.80717, 256.836, 21.2382
4.44822, -16.155, -82.0398
4.613, -3.87083, 241.813
2.84879, 139.178, -201.4
5.5153, 11.9127, -152.477
7.36114, -75.8923, -154.162
5.07406, -89.7874, -88.7511
7.45461, 60.4949, 78.5732
5.84906, 131.726, -43.6501
4.01716, 42.6608, -128.27
3.47371, 359.447, 289.297
4.0109, -19.7991, -166.811
4.93946, -429.832, 443.926
4.72438, 400.134, 175.236
5.7844, 160.048, -250.778
3.74227, -332.454, -157.521
4.72007, -54.2408, 290.785
5.75894, -278.3, -339.949
6.67472, -328.133, 151.581
6.03698, -34.1058, 219.945
4.93928, -233.054, -131.908
6.72039, 128.902, 35.55
7.00296, -212.806, -230.359
6.33082, -143.962, -204.249
5.29453, 392.915, 268.902
2.70603, 276.05, 185.789
5.46749, 207.455, 57.0868
2.68674, -310.644, 268.814
4.53488, 311.838, -181.39
2.84243, -349.803, -409.8
7.38558, -42.2974, -148.843
2.5956, -29.2786, -218.068
6.60363, -276.633, -246.949
5.2195, -362.341, 377.743
5.72828, 290.577, -275.845
3.62934, -94.2567, -188.726
2.733, 449.761, -382.922
3.63154, 61.412, -202.479
4.58371, -341.966, 129.848
6.40126, 164.618, -224.107
3.72852, -324.965, 60.4923
4.81411, 248.121, 44.3251
6.14756, 75.1352, 133.093
5.35237, -374.583, 374.318
5.45997, 413.059, 327.254
4.98425, -366.052, 102.517
3.951, 217.235, 57.8869
4.71107, 26.2192, -112.157
2.53669, 561.339, -647.841
7.41683, 136.572, -72.9869
2.52822, -220.95, -59.2998
4.8676, 72.9688, 217.526
5.86497, -95.8302, -135.965
