6.27803, -735.107, -987.208
3.5948, 56.6079, -98.0291
5.89648, 362.722, -900.443
5.09708, -243.726, 886.366
2.76731, -938.414, 650.31
2.53849, 340.847, 50.9042
4.58743, -848.2, -231.875
7.15218, 179.26, 380.392
2.95982, 48.6354, 691.806
6.00595, -160.396, 318.415
3.81226, 533.063, 811.049
4.14117, 471.266, -897.868
7.45519, 509.444, 256.446
7.41275, -495.217, -257.092
5.75759, 501.441, 441.455
6.92354, 261.592, -846.831
6.33247, -119.952, -451.254
3.87453, -500.479, -57.7564
4.93259, -668.065, -289.996
2.80282, 821.711, 776.504
5.08146, 5.44799, 798.264
4.96988, 963.141, -364.027
7.23882, -810.965, -469.701
4.42071, -15.0363, -836.453
5.14874, 820.214, -452.076
2.75042, 865.941, -53.3365
6.63909, 545.232, 541.949
5.94228, -953.623, -742.947
6.18112, 258.757, 733.604
6.94286, 976.397, 449.237
4.25508, -372.969, -536.935
6.72991, 182.747, 25.5257
3.84659, 662.988, -163.218
4.83959, 67.1705, -181.062
3.2686, -649.494, -439.587
2.66527, 620.054, 140.315
7.2768, -12.0355, 80.7089
6.95369, 111.028, 491.228
3.29884, 674.909, 245.004
3.15214, 428.106, -570.638
2.515, -453.498, -814.171
6.0491, -934.418, -175.099
3.40448, -501.467, 860.437
5.76029, 770.75, -358.118
4.42907, 368.598, -697.737
3.23766, -14.7871, -239.415
5.45054, 672.43, 170.189
3.24076, 136.421, 909.401
3.2091, -180.322, 958.735
4.94257, -490.036, 124.94
3.13015, 890.722, -65.2538
5.64635, -355.08, -593.547
5.60817, 298.591, -738.778
4.88216, -495.205, 597.85
2.64188, -559, -255.482
3.21011, -131.131, 802.773
3.15594, -182.541, 885.622
3.31099, -826.731, 753.675
3.76529, -267.01, -847.333
4.77654, 578.909, -747.311
6.54472, -93.4368, -298.685
3.57624, 301.475, 853.274
3.75063, 818.665, 365.63
5.02978, -58.8858, 719.144
6.27922, 638.653, 168.4
5.66369, 904.579, -65.8833
5.9449, 613.346, -136.9
7.27207, 964.972, 414.675
5.18713, -421.074, 725.319
4.57014, -779.494, 33.9878
4.70019, 750.341, 158.912
6.07821, 733.671, 457.598
6.20858, 404.185, 594.054
5.12494, 768.956, -956.882
6.06711, -861.36, -75.2763
5.91025, 332.462, -21.2007
6.82941, 830.14, -596.725
3.19597, 82.0165, 769.969
3.57766, 962.85, -102.983
5.0733, -360.145, -115.726
4.83766, -112.264, 735.339
3.55759, -263.847, 609.431
5.65244, -690.324, 971.72
2.5044, -969.001, 196.253
4.09589, 450.579, 541.629
5.90281, 363.425, -141.243
6.0446, 668.069, -584.638
2.90869, -805.922, 651.931
3.56926, 254.386, 520.21
4.44412, -830.675, -569.712
4.44927, 908.45, 903.42
3.92018, 380.751, -460.4
4.6123, 561.015, 547.554
2.55658, -612.663, -436.915
3.72027, 933.521, -621.037
4.49072, -714.074, 656.52
6.64177, -649.323, 200.56
3.78584, 971.365, -692.614
3.59705, -802.4, -536.95
6.47385, 387.561, 267.924
5.8476, 499.013, 390.692
5.49108, -887.333, 286.967
5.99917, -367.097, -537.588
5.13062, 529.112, -756.959
4.14833, 188.758, 108.505
3.30844, -715.697, 399.149
6.56633, 715.465, -26.9713
4.08004, 482.888, 115.009
4.05369, 50.0023, -739.281
4.65424, 31.3566, 155.218
4.46509, -251.083, -480.336
4.43916, -55.3069, -136.639
4.34871, -831.322, -445.754
5.88118, 342.492, -495.553
6.10384, 447.819, 28.4597
7.20082, -69.2494, 890.194
5.08573, -79.8872, -358.715
5.5282, -191.235, 323.444
5.85049, -688.255, 989.067
5.11404, 77.6585, -304.539
3.87105, -939.681, 631.442
7.08924, 97.5279, 284.122
3.73367, 927.672, -457.382
4.77876, 380.303, 678.281
3.30374, -951.563, 644.476
4.68319, 410.254, 403.371
7.45767, 489.782, 180.281
6.26931, -436.886, 390.374
4.97846, -978.642, -652.784
7.01651, -653.02, -831.394
4.68213, 491.531, 556.721
5.09239, 166.8, -976.285
4.44866, 88.4573, -855.47
5.63431, -217.553, -567.971
5.19331, 410.596, 318.399
4.35955, 633.459, -437.075
2.54674, -373.216, 367.976
6.3794, 39.9244, -783.703
2.85317, -884.342, -563.582
3.98511, 441.829, -679.94
4.78581, -42.4795, -886.963
3.25156, -106.139, 37.6511
5.97819, 671.744, -434.412
4.15587, 364.789, 152.443
5.21197, 966.757, -875.551
2.64678, 727.67, -964.913
5.38086, -18.4512, -232.271
5.18133, 365.62, 471.945
7.36678, -764.566, -921.916
5.57063, -299.69, -613.85
5.26431, -741.123, 203.967
6.69051, -264.184, 899.228
3.75764, -502.223, 920.412
6.98957, 624.438, -127.04
5.97428, 503.197, -495.274
5.82752, -473.626, -94.1658
3.06838, -576.432, -781.56
3.37987, -973.161, 96.0703
2.91253, -136.513, 190.18
6.68103, -243.568, 367.191
2.64818, 930.735, -776.276
6.34719, -4.1147, -846.347
4.29829, -511.728, 865.724
6.24626, 8.76883, 527.363
6.28385, 364.486, 337.309
3.60834, -536.235, -917.094
5.58305, 304.894, 131.965
3.66846, -549.576, -247.503
6.22052, -671.348, 299.988
5.80997, -905.277, -684.479
4.9209, 922.095, -748.007
2.58972, 828.604, 233.294
4.98291, 447.517, 199.499
5.09587, -102.802, -879.207
4.71395, -863.423, 533.959
4.14528, -56.8551, 941.508
3.52671, 482.748, -105.909
7.19863, -239.195, -643.613
2.85168, -491.452, 929.263
3.30042, 51.2214, -733.167
6.70788, -782.141, 28.968
4.13614, -166.134, -277.382
6.85942, 168.907, 428.705
5.99896, 668.648, 515.112
5.52801, 867.078, -217.859
4.77536, 81.4697, -244.324
2.91543, -501.529, -197.344
3.94883, -54.9979, -125.157
6.51009, -578.326, -779.726
6.81821, 341.035, 50.4352
3.81831, 418.706, -508.88
4.79881, -833.77, -237.715
4.95672, 612.448, -524.896
5.82344, -466.543, -982.752
7.31738, -628.553, -165.679
7.23022, 570.531, -747.464
2.81902, 212.89, -654.534
5.04829, -432.892, -295.596
6.13222, 666.548, 669.726
5.65882, 595.364, -335.916
3.26658, -912.444, -907.82
5.09652, -866.711, 529.234
3.52281, -552.776, 849.521
6.03231, 401.146, -819.513
6.05786, -470.618, -23.5595
3.66304, -563.509, -231.282
6.80594, -50.5303, -126.863
2.67122, -107.001, 943.84
6.26587, -936.193, 62.6222
4.14789, 635.273, 159.774
4.65309, 68.4873, -530.213
7.33455, 957.965, -195.422
4.05803, 730.586, 690.644
5.69762, 974.42, -695.549
5.95386, 877.323, -59.1931
5.36403, 72.0378, 625.223
6.60667, 895.19, -688.397
4.21807, -893.337, -674.425
5.09387, -818.783, -767.627
6.78438, 121.599, -944.692
6.18587, 336.826, 58.3955
3.45992, -913.78, 374.636
2.83145, -307.913, 337.9
3.60828, 847.665, -716.16
3.33656, 167.771, -226.958
6.31172, 378.918, -921.362
5.44905, -840.359, 419.09
4.65223, 864.504, 863.381
7.09618, 657.13, 12.4129
5.09668, 443.693, 183.525
7.38058, -681.404, -25.5378
5.15714, -452.233, 144.277
2.98716, 334.529, 385.671
5.83983, 211.937, 100.468
5.44444, 140.187, -26.6628
5.01137, -693.76, -124.794
2.75808, -925.572, 454.901
2.6753, -350.024, 38.8226
4.41484, -791.068, -527.695
5.55555, 180.667, 98.4003
5.06574, 540.818, 871.121
5.98498, 306.737, -25.8244
4.89891, -23.0352, -186.752
3.88323, 67.8701, 423.565
6.01685, -438.218, 206.58
3.67701, 872.508, 52.7389
6.41501, 168.648, -186.295
6.60589, 356.897, 831.056
3.21842, -528.667, 50.9586
5.75757, -485.987, 809.89
3.87677, 866.19, -979.411
7.26215, -409.934, 714.156
4.58238, -748.042, 14.7624
3.03869, -126.134, 400.61
4.70633, -795.004, 530.408
6.28811, -418.774, -299.572
2.77803, -338.867, -315.146
3.51241, -25.5493, 142.322
6.82305, 934.755, -762.594
6.52456, -265.429, -2.46414
2.78861, -676.898, -668.834
4.40304, -65.7539, -702.365
4.56124, -137.212, 760.776
2.80071, -378.611, 302.403
7.09746, 809.745, 651.816
3.35398, 532.459, 810.756
6.51634, -927.547, 172.41
3.88599, 730.573, 50.6243
4.44586, 171.141, 737.284
7.19936, 56.9092, 623.427
6.24573, 165.642, -174.851
3.44774, -327.051, 757.109
6.89581, 433.292, 483.278
6.8953, 413.727, -844.125
3.30515, -803.681, -273.032
5.87346, -800.891, -162.999
6.89096, 629.778, 128.898
6.98262, 240.702, 516.345
3.06535, -22.0304, 751.184
5.93789, -239.118, -254.79
3.21651, -817.67, -774.777
3.6901, 410.553, -44.6333
5.64383, 938.897, -218.924
4.312, 818.091, 367.291
4.64437, 587.924, 717.068
4.91936, -10.9733, -835.891
6.20379, -4.27754, -112.611
3.23098, -370.399, 871.125
7.36238, -828.427, -762.633
7.3158, -505.177, -187.173
3.14741, -597.279, 661.887
5.3784, -314.289, -606.347
4.66439, 168.979, -128.426
5.50066, -225.824, -244.882
5.85098, -691.622, -109.838
4.5137, 397.116, 983.105
6.46691, 641.93, 688.728
4.89889, -969.623, -249.396
5.72449, 305.621, 275.244
4.28836, -248.611, 601.428
5.96794, -328.893, -220.332
5.83428, -416.435, -692.163
3.22071, -399.069, 713.942
7.10415, -972.015, 218.332
4.22228, 30.2372, -236.287
6.66824, -411.082, -467.29
2.74349, 273.342, -741.805
3.27936, -248.811, -59.4779
2.55765, 330.186, 504.536
3.94327, 119.566, 587.226
5.07295, -343.851, -172.533
3.65948, 680.468, 436.73
2.75022, -248.336, -79.8103
5.33091, -596.648, -837.138
6.69774, -149.842, 670.343
4.28763, -645.91, -440.559
4.3452, 166.418, 866.399
7.22226, 257.199, -72.527
4.72425, -906.594, -174.867
6.82086, 491.943, 171.576
5.82654, -786.347, -733.453
5.79297, 172.395, 663.78
7.10736, -956.525, 958.394
5.11536, 957.498, -622.933
5.45229, 438.743, -441.545
5.79944, 667.142, 652.555
4.24765, 271.96, 465.651
4.11714, 344.712, 35.7383
7.08984, -103.354, 736.754
3.08619, 905.351, -444.268
7.31268, 663.049, -163.181
5.17978, 55.8714, -324.72
5.81447, 845.201, 631.878
5.48362, 904.681, -500.481
6.93363, -506.47, -741.826
6.67999, -650.606, -610.615
6.69339, 247.27, 200.877
6.85642, -207.924, 334.462
2.5002, -769.352, 336.321
4.77274, 260.705, 347.562
4.25696, -927.902, 175.018
5.80713, -257.111, 706.395
6.22234, -879.011, 153.184
3.3821, -130.172, -465.161
7.4621, 794.636, -806.56
5.95466, -926.292, 161.957
6.97862, 145.003, -11.9754
3.51579, 363.849, -143.469
7.2356, -462.045, -35.0299
4.88476, 882.638, -503.861
6.78578, 914.138, -747.106
6.41237, -971.929, -546.514
5.70687, 903.733, -907.297
3.14521, -721.328, 151.222
5.77944, 5.26414, 651.4
3.09199, 53.6914, 7.73251
3.88793, 330.84, 799.89
6.65548, -227.99, -224.24
6.14153, -749.519, -512.175
6.74348, -598.712, 295.097
3.43989, -757.723, -918.678
6.09602, 555.874, -281.936
4.25586, 154.585, 330.921
3.34555, -417.253, -701.509
4.52383, 323.864, -532.865
4.20924, 160.115, 766.039
6.67141, 374.549, -128.804
3.9111, 697.759, 584.628
5.16766, -663.219, -469.018
6.25085, 985.29, -850.832
4.62554, -693.297, -756.431
4.66964, -561.145, 550.649
3.03022, 855.634, -928.832
6.4639, -49.9904, -465.408
3.91232, -576.528, -480.048
7.14264, -586.147, -233.3
5.37926, 257.679, 516.074
3.4895, 830.382, -296.495
5.99081, 575.867, -736.637
3.07265, 493.896, -950.322
4.22945, 296.589, 780.214
4.15646, -582.166, -235.309
6.42735, 827.636, -956.379
6.65775, 458.773, -212.166
4.21712, -737.67, 753.539
4.2603, -275.349, 907.46
6.38197, 152.584, -809.409
6.58658, -10.7293, 687.086
4.26157, -133.496, 282.799
7.09559, -411.279, -302.287
3.2877, 502.549, 258.313
5.56029, -490.189, 569.547
5.54222, -398.96, 714.085
3.16647, -250.125, -740.107
3.51409, -740.417, -481.553
4.79457, -854.129, 502.072
3.48759, -518.048, 930.42
6.77118, -851.434, 383.677
6.54562, -760.163, -686.811
2.80131, -901.506, 880.509
6.50584, -721.481, 641.425
5.49597, -196.716, -540.891
7.43182, -887.065, 298.121
2.65919, -162.682, 638.963
6.8356, 934.71, -768.941
3.69109, 662.706, 342.474
3.6127, 158.078, 427.321
4.73907, -961.317, -554.767
2.61231, 859.226, -175.416
6.79755, -254.689, 6.60366
4.15902, 218.021, 581.414
5.72195, 302.36, 258.558
7.43521, -939.072, -485.701
5.30162, 284.528, -581.864
4.74553, -756.828, -246.494
5.213, 154.909, -724.615
2.90797, 773.34, -33.0371
3.99606, -822.201, -270.748
6.63964, 813.867, 666.809
6.48936, 622.977, 928.762
5.71048, -104.899, 680.181
4.84105, 628.654, 382.766
7.15326, -202.311, -603.006
5.08798, -243.671, -67.4354
7.42924, 795.455, -524.968
5.94567, -75.0028, -715.684
6.19966, -178.145, -462.374
3.46323, -393.581, -927.518
6.08881, -458.743, 616.698
6.11146, 569.872, -176.73
6.49298, 268.155, 152.95
4.23216, 254.628, -989.828
5.1481, -16.5132, -68.1824
3.19001, 716.647, -355.234
6.73218, -225.229, -227.901
6.32766, -78.7299, -877.845
7.5, 925.664, -429.119
4.24891, 479.671, 978.531
5.50367, -598.652, 584.741
3.50808, -495.047, 80.7716
6.2385, 33.4621, 161.031
6.49225, 968.308, 216.834
3.03505, -704.265, 108.578
5.35813, -506.928, 46.783
2.84683, 366.52, -349.497
4.16036, 726.383, 690.704
5.80945, 483.267, -705.233
5.27726, 172.274, -180.343
7.12415, 228.734, -11.5403
2.69832, -482.035, 223.187
2.62083, -307.835, 236.613
4.61923, 222.805, -653.62
4.36987, 461.666, 133.355
2.93303, -232.875, -237.902
3.05403, -159.636, 166.703
5.31992, 361.322, -340.514
7.37269, 54.8651, 738.192
3.05066, -39.6925, -889.711
5.99352, 99.1406, 972.976
2.79674, -51.5299, -734.979
4.69755, 834.173, -104.127
5.24651, 986.373, 713.486
3.45129, 688.029, -747.09
7.36597, 318.183, 323.365
3.19593, -682.377, -61.3415
5.48978, 921.84, -426.157
7.12812, -869.418, 703.428
3.91116, -79.3862, 881.755
6.8307, -151.831, -89.6201
6.29598, -219.713, -595.287
6.10793, 354.636, 615.671
3.34241, -366.271, 363.482
3.32882, 816.569, 365.409
3.39076, -647.444, -982.71
5.87226, 332.491, -597.586
4.83484, -345.463, 32.047
6.85219, -806.443, -357.631
5.76023, -691.71, -121.259
5.80464, 752.436, 871.127
2.58037, -660.566, -619.474
4.30596, -772.895, -669.765
3.72747, 917.981, 104.491
6.93086, -930.181, -944.005
5.23701, 820.858, 781.189
6.57209, -29.6222, -636.336
5.24453, 174.154, 862.184
4.16156, 505.393, -53.0956
4.40213, 19.9352, -653.699
2.52389, 925.576, 650.182
6.95226, -89.5714, -397.64
6.16955, -492.196, 682.662
6.04239, -153.362, 653.73
5.1278, 67.3655, -180.476
6.41065, -187.602, -809.789
3.42484, -390.982, -470.329
5.72673, 256.823, 520.09
3.42178, -682.96, -335.838
3.31214, 56.5665, -90.9863
2.65594, -182.094, 847.373
7.42716, 131.194, -666.555
4.04559, -328.634, -710.959
4.11075, -672.815, -303.948
5.51155, 282.956, -232.263
2.89107, -328.587, -917.364
3.93936, -13.7795, 83.0559
5.79307, -131.337, -489.573
7.36348, -982.806, -349.883
7.27758, -362.942, -790.431
7.42745, -673.678, -300.619
7.30478, -906.775, -752.613
3.0073, -557.639, 559.389
3.71505, -129.48, -491.294
6.91151, 101.193, -428.925
5.28805, 339.587, 693.413
6.7669, 799.586, 517.112
7.49145, -535.139, 529.895
3.99751, -242.512, -475.973
6.33157, 960.174, 476.974
4.81901, 287.775, -146.85
6.8168, -636.579, -787.123
6.99018, 856.614, -0.650255
7.377, 256.862, -413.19
2.77405, 642.48, 108.372
6.32605, 928.009, -616.961
5.09219, -928.619, 738.199
3.46574, 917.584, -227.083
6.98252, 203.423, -546.224
6.38492, -842.204, 94.5899
2.75968, 413.14, 538.616
7.47331, -845.61, 760.558
5.93659, -11.3887, -455.95
5.94854, 884.485, 496.455
6.57666, -654.554, 806.351
7.05426, -38.4416, -445.434
3.34218, -201.395, 397.564
5.24183, -581.657, 801.267
6.53351, -497.44, -259.599
4.17803, 336.95, -544.552
5.53435, -106.258, 24.7417
6.59602, -940.725, 333.842
7.3485, 79.8762, -253.022
6.29349, 579.013, 494.873
3.72113, -168.012, -90.5828
5.80589, -571.7, 400.171
4.21574, -451.227, -189.322
7.27146, 373.465, -393.846
2.60828, 800.628, 553.716
4.54979, -890, 941.406
2.55789, 581.757, -671.036
3.04964, 835.05, 197.796
5.28259, -829.081, 98.5131
4.45466, -7.35245, -227.745
7.20539, 117.103, -182.961
2.55572, 179.283, 380.534
6.22897, -217.038, -439.836
3.84293, 107.737, 119.293
4.27153, -667.003, -759.909
3.45835, -447.541, 625.37
5.14832, 293.983, -165.161
4.39478, -52.482, -860.012
3.16407, -10.2955, -805.227
4.26563, -131.988, -557.913
4.2497, 782.433, 979.585
7.41084, 625.478, -133.205
5.25961, 151.591, -369.005
4.99918, 15.9446, -718.689
3.58531, -833.936, 449.906
4.37311, -249.208, -645.578
6.78251, -662.242, -472.345
6.45578, 795.903, -524.866
3.9204, -490.44, 925.196
5.07645, 436.37, 104.443
6.79238, -284.918, -17.0578
7.07844, -935.598, -175.843
7.48941, 130.232, 907.513
6.53177, 174.035, -181.685
5.22718, -895.063, -178.108
7.3461, 157.749, -724.372
5.31931, -583.994, 362.631
4.03031, -422.827, 653.253
5.41853, 956.04, 943.56
2.91197, 47.8344, -325.433
5.47382, 361.191, 610.855
3.31968, -596.61, -591.126
6.46527, -619.74, -434.319
2.95373, 581.787, 729.679
6.3072, -503.385, -679.224
6.83996, -234.37, 26.1637
6.40105, 186.634, -334.052
6.61399, 908.379, 958.881
6.70974, 371.54, 550.819
4.48328, 504.505, 258.496
6.508, -156.91, 169.773
6.56811, 378.034, -42.9484
5.43493, -408.154, 99.2595
4.64621, 791.717, -46.0818
2.5002, -42.9847, -458.933
5.31153, -812.113, 318.59
6.22632, 339.817, 345.005
3.89846, 959.717, 287.321
2.93406, -978, 563.489
3.5733, 853.316, -878.06
3.93296, -481.523, 567.986
4.86595, -400.011, 470.571
6.95893, 842.802, 819.558
5.91955, 518.6, -505.892
3.54376, -44.7442, -73.2461
6.67533, 790.129, 9.35481
7.09218, 913.809, 910.521
4.48244, -477.403, -696.659
6.37858, 541.315, 522.819
5.68161, -152.487, -88.2004
6.64746, 482.258, 283.683
3.40204, 550.54, -470.926
7.45927, 574.858, -745.632
6.70558, -155.334, -842.991
4.65177, 884.259, 262.699
4.38589, 595.675, 883.328
2.70802, 648.978, -503.411
6.80715, -788.057, -520.205
6.62116, 914.858, -893.902
6.25052, 14.6317, 729.412
3.55801, -165.671, 982.979
4.31029, -780.912, -190.867
4.43545, -586.892, -790.772
7.32918, 789.161, 631.232
6.5872, -159.622, 644.01
4.5755, -80.2611, 447.288
5.83759, 199.211, 177.015
2.52101, 474.705, 979.46
6.98048, -739.118, 249.757
3.68416, -344.313, 353.953
3.79415, 350.643, -87.7964
5.4939, 402.217, -706.053
6.89823, -830.273, 368.226
6.16299, -557.926, -584.481
6.0773, 903.368, 568.899
3.57724, -604.387, 481.463
6.30413, 679.804, -954.463
3.85351, -164.363, -552.031
2.75246, 661.138, 333.895
4.78866, 274.636, 246.519
2.58759, 444.275, -772.642
3.01129, 66.3019, -180.458
2.639, -134.444, 287.455
5.65921, -343.803, -518.27
6.34425, 79.679, -251.964
2.74132, 526.481, -835.489
6.6924, -51.9509, -630.791
6.76899, -262.221, -310.133
6.57649, -452.395, 576.523
6.85188, 792.769, 401.889
5.27222, -625.24, -155.199
6.12646, -288.272, 50.9828
3.20424, -518.317, 914.697
6.6115, 588.144, -527.118
5.51185, 727.081, -195.272
4.93856, 504.347, -914.282
6.14942, -284.643, 938.766
4.05164, 757.007, -666.874
3.93925, -699.804, 350.116
5.45857, -944.119, 800.567
5.34055, 646.353, 871.899
5.41059, -932.092, -570.909
2.84132, -687.382, 283.283
4.34304, 148.807, -386.158
6.28475, -927.604, -572.659
6.35297, -447.708, -869.938
4.27217, -393.528, -255.499
5.98913, 237.489, 925.825
5.08005, -660.916, -284.917
5.94494, 385.615, 136.153
6.18066, -81.6194, 617.289
2.56231, -340.782, -670.682
7.16549, 618.978, -135.433
5.37826, 129.56, 124.153
3.05587, 472.008, 973.636
4.87388, -96.1663, 39.1716
3.24247, 202.547, 99.4581
4.22594, 50.8701, 444.115
7.04476, -928.197, 169.022
4.54571, 10.5349, 525.128
5.96642, -674.97, -62.516
3.35865, 377.311, -938.774
6.21715, 875.882, -504.439
4.16319, -426.316, 648.69
4.62157, 659.431, 313.526
2.79523, -138.997, -105.906
5.09005, 285.736, -229.111
5.94425, 470.623, -578.585
5.01149, -262.754, 5.45918
6.56617, -170.372, -747.467
3.07974, 84.3438, -931.594
5.24841, 286.103, 460.334
5.06046, 403.686, 20.4738
6.02649, 965.946, 441.056
5.65083, -238.079, 873.561
4.0207, -29.6944, -651.369
6.74719, 399.303, 365.578
3.39619, 611.555, -25.5785
2.61737, -525.7, -99.8429
4.19467, 722.184, 46.8482
3.43818, 357.219, -99.843
6.60467, -291.657, 170.897
6.72507, -895.316, -170.039
6.78031, 845.586, -714.644
7.37454, -952.172, 648.813
2.99587, 463.317, -446.713
2.56182, 564.956, 652.692
2.58614, 216.188, 583.004
2.64527, 247.127, 97.7054
4.1031, 145.046, -387.793
6.17815, 624.488, 300.422
3.14876, 351.715, 475.809
2.5161, -369.498, 503.394
6.91905, 140.271, -788.926
3.70482, 227.952, -567.921
4.38481, -816.221, 765.779
4.44879, 626.059, 180.107
2.81534, 597.34, 292.961
7.30792, 184.004, 945.385
3.75349, 723.944, -341.751
6.85376, -678.852, -78.0266
2.85991, -912.979, 419.186
2.70653, -616.095, 563.811
3.46378, 353.362, -521.449
3.86708, -308.18, 303.058
7.4007, -948.906, -364.215
3.60607, 326.407, -534.843
6.43119, -873.484, 851.649
4.42306, 295.994, -419.433
3.78593, 475.991, -634.876
3.91087, -930.061, 53.8655
7.33834, 865.568, -42.0435
4.22841, 757.855, 165.362
3.45922, -974.935, 735.394
5.05037, -547.463, -377.016
5.21857, -554.024, 629.979
5.72333, -662.058, -606.206
3.89738, -7.77573, 792.73
3.41887, -297.184, -713.307
2.71579, -831.852, 365.157
3.98408, -501.769, -265.091
4.25548, -231.032, 138.801
7.09372, -426.056, 702.499
5.81225, 495.921, -357.528
5.08041, 865.583, 577.627
4.03763, 609.517, 582.182
3.0007, -348.827, 152.948
3.47502, 377.684, -879.185
4.11407, 30.3514, -126.599
5.56182, 953.846, 87.5192
5.13511, 956.488, -978.336
3.45653, 265.577, 280.224
4.7178, -628.441, -421.475
4.48693, -702.916, 846.618
6.28051, -603.686, 744.645
6.6213, 734.525, 602.58
5.51573, 142.809, -347.949
3.04573, 605.448, -821.666
4.11797, 483.669, -165.146
5.03403, 10.7711, 316.411
4.76521, -653.399, 809.526
4.77315, -179.024, -445.713
4.91125, 930.45, 918.693
5.07896, 367.609, -650.351
4.50207, 201.996, 822.132
4.22945, 975.557, 480.163
6.64533, 930.987, -235.995
3.02204, -726.877, -790.913
6.40057, 578.792, 560.509
3.19919, -296.587, -238.165
2.62171, -791.948, -522.605
6.0664, 404.618, -745.166
7.15538, 142.289, -825.459
7.47667, 192.813, 173.926
3.86264, -873.626, 152.822
3.6923, -483.379, -258.251
3.87328, 954.726, 617.564
5.70836, -903.358, -729.352
5.17637, 308.247, 149.08
6.8967, 821.417, -293.036
6.75968, -669.725, -827.154
2.98004, 894.735, -47.4249
4.66818, -738.328, 219.436
3.17045, -200.738, -752.367
5.86802, -173.014, 305.51
5.34964, -51.3352, -467.391
3.66474, -612.524, 576.22
5.50306, 264.453, -684.353
2.6551, -796.13, -25.7679
7.08512, 565.004, -307.883
3.82958, 860.648, -178.387
6.50016, -181.059, -511.426
5.46389, 155.785, -726.992
5.0822, 341.12, 626.361
5.2567, 327.664, 634.792
3.47225, 495.184, -236.958
5.36152, 131.632, -738.604
3.81992, 208.508, 399.731
4.41648, -766.797, 537.962
2.73626, -760.808, -897.229
4.22823, 585.759, -673.524
3.61594, 656.697, -426.027
3.81264, 19.3821, -725.522
3.05141, -427.063, -405.937
7.40088, -703.063, 15.2275
5.93794, 796.08, 635.485
5.82158, -547.445, -376.756
5.99501, -598.996, -670.471
2.68746, -829.338, -763.828
3.6706, -631.484, -746.441
3.95397, 736.689, 687.998
3.50543, -24.3192, -244.937
2.7177, 352.174, 343.524
2.56571, -524.435, 523.499
6.07297, -523.013, 765.044
6.88348, -867.393, -619.035
5.35088, -885.39, 275.736
6.92743, 860.376, 853.546
5.20042, -358.046, -277.973
3.31357, 928.253, -641.844
3.30492, 949.62, 441.951
7.19182, 309.457, 283.144
3.45628, 549.468, -844.881
3.15761, 4.05721, -97.5366
4.41122, -300.831, -9.22873
6.12674, 259.768, -256.906
2.50651, 541.95, 868.156
4.60222, 24.5073, 733.421
5.18984, 297.231, -215.955
4.86596, -237.189, 245.296
6.33003, 546.46, 864.272
2.9396, 555.905, -456.907
7.04284, 140.148, 321.766
3.20818, -856.223, -402.746
2.54782, 422.306, -47.6392
2.82267, 257.875, 517.402
4.96742, 380.386, 221.801
5.40914, 525.514, 968.877
4.03373, -942.35, 543.56
4.57091, 888.726, -68.6199
4.33401, -579.043, -682.861
3.42687, 167.252, 663.083
2.76788, 621.341, 180.359
4.47222, 536.037, -64.5439
3.98388, -346.739, -132.936
5.05388, -394.859, 817.606
3.75392, -706.421, 228.246
5.01589, 952.606, 888.893
2.51168, -2.05062, 777.959
7.01807, 985.771, -446.74
2.79181, -908.842, -941.486
5.17506, -674.783, 808.746
3.95754, -380.415, 868.382
7.3023, -798.968, -262.887
4.73406, 323.356, -108.674
5.08479, 886.768, 169.272
5.93861, -248.654, 33.0781
2.72187, -160.271, 72.4781
7.2946, -794.491, 604.252
5.70852, 368.377, 154.415
2.80215, 621.357, -774.481
3.33964, 53.2851, 267.053
5.76491, 488.607, -241.115
6.19864, -769.335, 336.19
3.57011, 847.141, 204.944
4.31441, 153.645, -861.473
6.56981, -647.099, 929.764
5.32057, 807.998, -469.745
7.45886, -48.8935, -877.526
6.5669, -763.153, 391.682
3.49157, -986.263, -22.0674
2.50003, -141.542, -832.714
4.62608, 933.825, -757.612
4.07406, 851.588, 207.221
5.56218, 605.392, -927.998
3.83351, -188.826, -539.445
4.39881, -593.999, -63.5773
5.43397, 950.669, 299.591
5.95636, -139.729, -502.939
7.26736, -453.804, -568.089
4.89785, -293.399, -946.684
3.60319, 382.271, -720.412
5.33741, -718.11, -452.555
6.09873, 421.338, 361.28
4.4953, -493.028, 554.126
3.48326, -692.895, 973.417
6.66971, -667.005, -756.113
5.59561, -450.131, -862.987
7.26866, -285.134, 185.375
3.23222, -14.0324, -266.421
5.38953, 35.9043, -456.415
7.26796, -387.614, 710.521
3.62331, 718.245, -987.528
7.25137, -495.474, 794.285
3.07874, 787.375, -507.125
2.58372, 30.8226, -250.255
3.90465, -356.15, -165.981
7.15042, 634.235, 179.19
3.04796, 762.026, 876.308
6.77266, 25.0206, 818.21
5.68532, -722.246, -728.764
5.63853, 404.778, -710.059
3.80589, 722.298, 737.559
5.13936, -952.609, 211.729
7.16608, -272.794, 891.361
3.98055, 918.15, 113.688
4.78006, 159.739, 441.792
6.35659, -658.92, -603.227
4.17193, 120.166, 123.795
6.31775, -39.9817, -927.344
6.65892, -30.5878, 939.635
2.64618, -724.505, 566.581
4.31315, 712.016, -265.922
4.16221, 275.162, 463.461
3.17675, -513.627, -290.665
3.00839, -304.17, 622.344
5.11327, -606.909, 807.801
3.52046, 30.6747, -529.179
5.00728, -862.988, -620.35
5.1371, -6.7524, 963.898
4.13422, -262.743, -293.394
4.75888, 227.603, -438.908
6.85263, -6.14421, 965.823
4.72884, 639.472, 863.813
6.03726, -457.277, -908.742
6.83171, 905.188, -697.174
6.5822, 858.024, 212.033
2.67504, 884.482, 840.268
3.8644, -648.141, -239.091
5.21858, -420.82, -430
3.19942, -955.001, -558.655
5.57408, -771.225, -931.245
3.29182, -666.833, -604.605
4.41129, 100.637, 219.965
5.94997, -94.9137, 188.352
3.21128, -395.052, 466.486
5.65284, -783.938, 787.139
3.15973, 192.208, 935.798
7.13583, -734.93, 243.102
5.53465, -936.061, 783.866
5.50388, -928.894, 380.244
3.33635, 591.525, -520.508
3.301, -868.069, -396.719
5.91628, 614.764, -26.6086
5.1456, -704.517, -11.108
3.65264, -139.965, 792.738
6.55373, -505.672, -54.568
5.76477, -418.348, -557.443
4.08597, -572.36, -591.572
2.53953, -260.301, -810.819
3.49176, 730.068, 727.474
3.78831, -5.5958, 380.409
3.03825, 879.395, 38.7541
3.49545, 126.923, -426.732
6.75079, 803.768, -769.836
6.63912, -965.324, 214.79
6.76813, -967.627, -556.058
5.71027, 291.807, 777.334
3.6787, 716.499, -978.62
6.80638, -502.806, -803.101
5.4745, 35.3055, -107.106
2.52745, 503.778, -37.0747
6.84925, -661.601, -468.904
7.37729, 648.393, 98.3788
5.59653, 375.381, 16.0762
3.85574, -925.634, 379.895
7.46973, -163.364, -626.119
4.60751, -717.407, -524.933
4.20537, -792.159, -613.165
4.80717, 377.526, -128.737
4.44822, 261.518, -382.872
4.613, -45.6185, 514.257
2.84879, 129.969, 291.314
5.5153, -52.2192, -134.013
7.36114, -49.8349, 227.39
5.07406, -697.709, -529.79
7.45461, 947.802, -136.93
5.84906, 617.606, -129.486
4.01716, -604.51, 68.5554
3.47371, 866.084, 578.4
4.0109, -713.388, -929.487
4.93946, -336.462, 459.449
4.72438, 531.634, 984.696
5.7844, 322.35, -932.958
3.74227, -772.124, -667.84
4.72007, 54.0628, 553.632
5.75894, -692.655, 45.5967
6.67472, -716.793, 193.113
6.03698, 191.624, 809.979
4.93928, -865.531, -615.825
6.72039, 397.862, -234.976
7.00296, -516.21, -193.901
6.33082, -653.905, -520.714
5.29453, 632.628, 854.318
2.70603, -3.78553, 69.5285
5.46749, 561.861, 67.2209
2.68674, -669.547, 809.363
4.53488, 30.5307, 436.889
2.84243, -969.631, -878.665
7.38558, -769.343, -882.98
2.5956, -511.837, -238.489
6.60363, -155.014, -263.9
5.2195, -390.356, 860.796
5.72828, 786.888, -333.346
3.62934, -259.425, 38.1472
2.733, 835.947, -702.618
3.63154, 206.622, -549.544
4.58371, -633.699, 134.128
6.40126, 264.136, -628.344
3.72852, -924.956, 371.119
4.81411, 646.861, 101.648
6.14756, 927.227, 289.505
5.35237, -331.503, 811.868
5.45997, 928.831, 909.195
4.98425, -932.984, 279.29
3.951, 472.176, 120.223
4.71107, -12.2467, -237.828
2.53669, 850.482, -397.519
7.41683, 500.654, -359.436
2.52822, -800.184, -166.528
4.8676, -118.075, 746.967
5.86497, -312.356, -123.195
