6.27803, -9.10794e-05, -5.54117e-06
3.5948, 8.73888e-05, -0.000250631
5.89648, -0.000195254, 6.07582e-05
5.09708, 0.000189716, 0.000215279
2.76731, -0.00138819, -0.00029622
2.53849, -0.000231442, 0.000336633
4.58743, -2.8253e-05, 0.000188833
7.15218, 0.000107183, 0.00010481
2.95982, 0.000263312, 0.00028583
6.00595, -0.000758521, 0.000781966
3.81226, -0.000353291, -0.000513004
4.14117, 0.000302349, -0.000206556
7.45519, -0.000469344, 2.01839e-05
7.41275, -0.000316939, 3.857e-05
5.75759, -7.19729e-05, -0.000813633
6.92354, -0.000717508, -0.000465374
6.33247, -0.00021741, 0.000250761
3.87453, -0.000607676, -0.000385455
4.93259, 0.000158665, 0.000281627
2.80282, -8.44427e-05, -2.39269e-05
5.08146, -0.00043242, 0.000126928
4.96988, -0.000506838, 0.000413617
7.23882, -0.000507673, -2.32494e-05
4.42071, -0.000740561, -0.000919533
5.14874, -0.00102295, 0.00111254
2.75042, 0.000346183, -0.000220893
6.63909, 9.53814e-05, 0.000436734
5.94228, -0.000251906, 3.69578e-06
6.18112, 2.54849e-05, 4.48147e-05
6.94286, 0.000566148, 0.000336721
4.25508, -0.000995945, 0.000703088
6.72991, -8.63044e-05, -8.5687e-05
3.84659, -0.000275663, -0.000395689
4.83959, 0.000726938, 7.18748e-05
3.2686, -0.000246577, -8.3857e-05
2.66527, -0.000194668, -0.000160021
7.2768, -0.00023381, -0.000114001
6.95369, -3.181e-05, 0.000291237
3.29884, -0.000389297, -0.000712334
3.15214, 0.000244115, -0.000277542
2.515, -0.000509359, 8.50484e-05
6.0491, 4.54916e-05, -0.000203214
3.40448, 0.000192511, -5.86695e-05
5.76029, -0.000130447, 0.00031099
4.42907, -0.000217269, -0.000423167
3.23766, -0.000285162, -0.000189932
5.45054, 0.000296882, -0.000610303
3.24076, -4.66577e-05, 0.000477547
3.2091, -0.000361459, -0.000856958
4.94257, 0.000144533, -1.36382e-05
3.13015, -0.000491816, 4.96853e-05
5.64635, -0.000459251, 0.000225011
5.60817, -7.67917e-06, -0.000590521
4.88216, 2.03741e-05, 0.000321739
2.64188, -0.000189125, 0.000435618
3.21011, -0.000244781, 0.00060825
3.15594, 0.000657461, 1.66805e-05
3.31099, -0.000113302, -0.000249956
3.76529, 0.00032084, 0.000643081
4.77654, -0.00034449, 2.9743e-05
6.54472, -0.000370411, -0.000489818
3.57624, -0.000170976, -0.000402969
3.75063, 0.000101917, 0.000424672
5.02978, -0.000337075, -0.000192988
