6.27803, -349.733, -458.35
3.5948, 22.9639, -9.63893
5.89648, 213.032, -325.615
5.09708, 17.8667, 355.558
2.76731, -409.817, 335.924
2.53849, 117.14, 42.5943
4.58743, -405.844, -110.124
7.15218, 68.365, 243.843
2.95982, -54.9626, 399.001
6.00595, -39.1254, 140.135
3.81226, 213.21, 348.728
4.14117, 150.663, -365.803
7.45519, 274.581, 135.975
7.41275, -287.562, -137.787
5.75759, 242.459, 171.591
6.92354, 132.368, -387.618
6.33247, -43.7492, -145.36
3.87453, -241.966, -61.1747
4.93259, -249.09, -179.905
2.80282, 366.755, 352.93
5.08146, 8.48896, 359.177
4.96988, 401.251, -190.658
7.23882, -341.679, -178.674
4.42071, 26.8828, -379.174
5.14874, 384.624, -165.605
2.75042, 385.218, -43.5766
6.63909, 241.081, 178.674
5.94228, -440.455, -346.039
6.18112, 108.476, 352.32
6.94286, 430.946, 198.932
4.25508, -179.643, -228.397
6.72991, 16.9536, -14.4086
3.84659, 342.89, -87.8477
4.83959, 4.70999, -64.7822
3.2686, -318.211, -104.631
2.66527, 231.271, 150.053
7.2768, 67.1552, -0.591899
6.95369, 86.922, 185.072
3.29884, 247.206, 134.592
3.15214, 206.664, -397.144
2.515, -188.247, -350.995
6.0491, -361.712, -138.676
3.40448, -215.964, 396.315
5.76029, 369.124, -143.95
4.42907, 196.938, -303.027
3.23766, 7.24955, -47.6647
5.45054, 294.545, 151.323
3.24076, -28.6583, 342.755
3.2091, 12.03, 371.261
4.94257, -218.149, 19.419
3.13015, 394.266, -43.3688
5.64635, -166.868, -260.525
5.60817, 158.237, -389.526
4.88216, -211.73, 296.473
2.64188, -287.987, -149.967
3.21011, -59.9252, 358.524
3.15594, -54.4304, 349.844
3.31099, -388.034, 349.79
3.76529, -134.582, -367.649
4.77654, 163.363, -361.515
6.54472, -34.2561, -147.811
3.57624, 61.3394, 315.924
3.75063, 326.5, 149.293
5.02978, 8.41872, 386.687
