6.27803, -423.436, -111.437
3.5948, -99.9529, -60.9207
5.89648, 172, -344.93
5.09708, -212.034, 424.618
2.76731, -450.129, 580.323
2.53849, 307.123, 152.052
4.58743, -238.413, -164.178
7.15218, 255.039, 109.386
2.95982, 103.949, 308.78
6.00595, -84.5851, 56.8578
3.81226, 523.582, 411.837
4.14117, 380.028, -386.021
7.45519, 166.91, 128.453
7.41275, -422.97, -193.729
5.75759, 293.971, 183.208
6.92354, 295.065, -379.201
6.33247, -134.976, -279.345
3.87453, -362.289, -227.449
4.93259, -229.524, -152.147
2.80282, 541.124, 531.796
5.08146, 110.736, 486.603
4.96988, 460.366, -545.917
7.23882, -402.094, -558.456
4.42071, -2.30609, -423.864
5.14874, 601.836, -414.765
2.75042, 383.878, -48.519
6.63909, 206.099, 125.599
5.94228, -425.782, -381.885
6.18112, 18.1201, 405.397
6.94286, 461.801, 429.643
4.25508, -59.0833, -245.3
6.72991, 318.96, 180.987
3.84659, 246.318, 135.642
4.83959, 68.2887, -166.978
3.2686, -432.805, -393.051
2.66527, 267.623, 163.716
7.2768, 225.267, 25.9543
6.95369, 377.303, 133.817
3.29884, 297.011, 72.7713
3.15214, 307.922, -349.512
2.515, -532.051, -246.137
6.0491, -283.459, -293.486
3.40448, -325.424, 512.796
5.76029, 501.428, -289.977
4.42907, 224.897, -317.623
3.23766, 125.746, -120.513
5.45054, 222.07, 128.115
3.24076, 91.7817, 427.93
3.2091, 61.5312, 411.942
4.94257, -346.003, -215.198
3.13015, 399.583, -112.192
5.64635, -99.8355, -245.644
5.60817, 265.475, -391.952
4.88216, -314.229, 486.307
2.64188, -407.8, -199.068
3.21011, 232.124, 490.913
3.15594, -184.173, 421.598
3.31099, -507.323, 422.631
3.76529, -103.758, -172.476
4.77654, 175.088, -355.115
6.54472, 85.9845, -46.8174
3.57624, -2.15482, 410.742
3.75063, 449.429, 278.447
5.02978, 55.4551, 401.653
6.27922, 186.967, 62.241
5.66369, 355.049, -24.6382
5.9449, 337.493, 50.6035
7.27207, 430.685, 452.12
5.18713, -253.378, 496.024
4.57014, -378.419, -148.883
4.70019, 183.901, 80.1449
6.07821, 493.825, 450.296
6.20858, 266.432, 193.736
5.12494, 599.626, -441.674
6.06711, -233.977, -221.007
5.91025, 316.857, 61.2998
6.82941, 487.911, -341.45
3.19597, -14.6412, 423.019
3.57766, 471.624, -76.2747
5.0733, -161.997, -130.657
4.83766, 62.5749, 446.726
3.55759, -199.166, 570.512
5.65244, -416.27, 442.721
2.5044, -467.695, 209.516
4.09589, 197.731, 102.358
5.90281, 283.423, 87.1118
6.0446, 258.602, -334.349
2.90869, -511.169, 504.726
3.56926, 282.773, 4.07757
4.44412, -454.91, -473.72
4.44927, 639.189, 598.177
3.92018, 339.811, -426.847
4.6123, 225.823, 201.57
2.55658, -468.908, -379.992
3.72027, 591.079, -583.079
4.49072, -572.031, 417.438
6.64177, -473.628, 148.839
3.78584, 600.272, -533.045
3.59705, -457.876, -352.711
6.47385, 275.153, 94.1578
5.8476, 86.3064, 144.075
5.49108, -450.701, 98.7533
5.99917, -96.2936, -300.929
5.13062, 234.551, -325.01
4.14833, 222.265, -14.1274
3.30844, -697.717, 127.099
6.56633, 238.453, -69.9806
4.08004, 339.545, 62.6162
4.05369, -102.847, -136.995
4.65424, -24.9124, -31.2612
4.46509, -59.6756, -457.459
4.43916, -1.39572, -99.5611
4.34871, -451.489, -474.473
5.88118, 253.071, -376.909
6.10384, 139.428, 86.2018
7.20082, -29.0748, 368.305
5.08573, -150.385, -407.822
5.5282, -74.8172, 55.5168
5.85049, -402.64, 422.551
5.11404, 60.6957, -141.419
3.87105, -462.642, 481.72
7.08924, 261.002, 115.23
3.73367, 517.568, -357.206
4.77876, 269.407, 114.731
3.30374, -499.664, 464.972
4.68319, 249.861, 160.122
7.45767, 279.928, 81.7146
6.26931, -273.816, 395.424
4.97846, -547.095, -278.23
7.01651, -619.282, -413.959
4.68213, 287.601, 320.717
5.09239, 51.783, -198.147
4.44866, 166.233, -285.949
5.63431, -114.277, -158.647
5.19331, 230.961, 54.6975
4.35955, 258.83, -283.351
2.54674, -228.112, 164.958
6.3794, -12.1595, -395.41
2.85317, -463.366, -349.918
3.98511, 234.102, -318.275
4.78581, 45.2082, -383.05
3.25156, -138.492, -174.214
5.97819, 316.299, -322.383
4.15587, 271.606, 63.5818
5.21197, 667.471, -467.254
2.64678, 607.512, -518.325
5.38086, 40.878, -124.042
5.18133, 246.983, 20.3595
7.36678, -347.019, -295.55
5.57063, -97.7821, -304.611
5.26431, -492.781, 208.855
6.69051, -202.165, 373.044
3.75764, -419.332, 444.289
6.98957, 258.25, 121.863
5.97428, 317.097, -309.926
5.82752, -410.534, -218.978
3.06838, -379.251, -359.686
3.37987, -525.602, 193.254
2.91253, -51.1408, -1.47933
6.68103, -54.5216, 139.64
2.64818, 607.911, -511.485
6.34719, -9.40598, -391.523
4.29829, -424.648, 419.077
6.24626, 41.9227, 479.811
6.28385, 348.625, 68.797
3.60834, -464.297, -261.267
5.58305, 304.337, 59.6196
3.66846, -169.132, -138.577
6.22052, -476.507, 137.968
5.80997, -428.039, -392.595
4.9209, 607.779, -526.145
2.58972, 291.125, 4.60147
4.98291, 278.11, 59.6236
5.09587, 53.7799, -356.75
4.71395, -575.334, 89.487
4.14528, 143.586, 407.481
3.52671, 234.647, 139.134
7.19863, -140.612, -299.185
2.85168, -234.282, 356.791
3.30042, 37.8395, -372.061
6.70788, -332.095, -207.739
4.13614, -279.454, -140.804
6.85942, 251.844, 175.99
5.99896, 570.779, 366.596
5.52801, 286.352, 17.0695
4.77536, 62.2667, -144.053
2.91543, -364.679, -173.86
3.94883, 42.9655, -179.702
6.51009, -336.244, -426.142
6.81821, 280.296, 91.0076
3.81831, 234.171, -332.092
4.79881, -296.887, -235.443
4.95672, 313.698, -307.872
5.82344, -506.101, -240.947
7.31738, -354.711, -139.763
7.23022, 254.091, -347.074
2.81902, 272.261, -332.404
5.04829, -315.81, -154.546
6.13222, 617.851, 299.333
5.65882, 235.235, -28.0073
3.26658, -571.891, -505.619
5.09652, -575.695, 94.6094
3.52281, -404.133, 462.579
6.03231, 381.075, -367.953
6.05786, -404.191, -186.864
3.66304, -403.806, -224.766
6.80594, 41.2051, -39.2852
2.67122, -32.9265, 371.323
6.26587, -446.158, 65.2233
4.14789, 134.06, 25.7171
4.65309, -219.063, -362.869
7.33455, 328.579, -12.1727
4.05803, 466.98, 396.299
5.69762, 446.701, -269.492
5.95386, 371.697, -74.9708
5.36403, 17.4854, 460.844
6.60667, 693.974, -720.673
4.21807, -473.336, -310.716
5.09387, -367.655, -415.451
6.78438, -159.494, -368.35
6.18587, 239.419, 94.8899
3.45992, -485.109, 243.814
2.83145, -124.726, 185.828
3.60828, 661.498, -381.846
3.33656, 147.246, -140.136
6.31172, 158.263, -352.249
5.44905, -519.734, 218.379
4.65223, 581.391, 647.192
7.09618, 321.854, -9.16507
5.09668, 237.896, -31.0461
7.38058, -340.744, -296.223
5.15714, -301.81, -212.205
2.98716, 243.546, 101.375
5.83983, 252.079, 118.024
5.44444, 262.431, 69.5511
5.01137, -337.375, -206.455
2.75808, -523.64, 123.963
2.6753, 71.3567, -285.033
4.41484, -386.297, -569.807
5.55555, 298.65, 43.8616
5.06574, 520.299, 437.113
5.98498, 212.187, 44.7117
4.89891, 159.025, -190.513
3.88323, 243.692, 287.798
6.01685, -275.502, -113.272
3.67701, 344.707, -30.5633
6.41501, -92.0892, -270.865
6.60589, 10.4601, 441.523
3.21842, -409.637, -258.911
5.75757, -430.187, 490.787
3.87677, 579.32, -464.318
7.26215, -428.203, 607.969
4.58238, -350.703, -241.271
3.03869, -115.049, -12.3611
4.70633, -507.295, 489.235
6.28811, -408.811, -160.206
2.77803, -452.089, -213.78
3.51241, 37.5893, -43.6003
6.82305, 592.726, -590.93
6.52456, -142.888, -194.36
2.78861, -314.787, -361.822
4.40304, -20.829, -317.576
4.56124, 68.021, 469.852
2.80071, -118.192, 71.6103
7.09746, 477.976, 384.657
3.35398, 537.371, 528.579
6.51634, -522.966, 154.27
3.88599, 325.079, -1.38084
4.44586, 69.2405, 377.541
7.19936, -44.0681, 498.088
6.24573, 33.8044, -115.631
3.44774, -473.155, 572.083
6.89581, 287.354, 212.682
6.8953, 282.843, -284.041
3.30515, -198.47, -152.546
5.87346, -350.843, -193.982
6.89096, 209.87, 21.6897
6.98262, 269.568, 131.072
3.06535, 104.794, 405.987
5.93789, -210.039, -277.496
3.21651, -406.641, -363.22
3.6901, 283.417, 82.2845
5.64383, 336.125, 24.8016
4.312, 449.318, 279.409
4.64437, 517.067, 420.468
4.91936, -10.8491, -418.372
6.20379, 16.4813, -164.674
3.23098, -607.097, 461.17
7.36238, -431.513, -364.322
7.3158, -357.965, -199.895
3.14741, -311.358, 645.293
5.3784, -96.8518, -254.838
4.66439, 27.2334, -189.354
5.50066, -143.004, -117.021
5.85098, -330.041, -212.276
4.5137, 488.453, 471.851
6.46691, 471.574, 443.416
4.89889, -377.826, -162.648
5.72449, 278.957, 45.963
4.28836, -171.26, 514.647
5.96794, -115.928, -165.127
5.83428, -550.381, -374.682
3.22071, -343.942, 550.772
7.10415, -494.395, 150.267
4.22228, 179.759, -97.0883
6.66824, -93.786, -297.971
2.74349, 205.457, -378.661
3.27936, -162.641, -171.901
2.55765, 225.755, 101.257
3.94327, 96.1337, 450.748
5.07295, -124.496, -141.032
3.65948, 478.407, 433.925
2.75022, -13.7683, -331.665
5.33091, -480.538, -101.877
6.69774, 94.9608, 411.583
4.28763, -446.644, -360.148
4.3452, 74.3637, 396.835
7.22226, 316.428, 54.5921
4.72425, -372.973, -198.671
6.82086, 269.736, 192.421
5.82654, -430.407, -387.252
5.79297, 71.9819, 432.702
7.10736, -661.825, 581.278
5.11536, 419.815, -680.171
5.45229, 227.87, -428.248
5.79944, 476.839, 384.614
4.24765, 199.51, 192.989
4.11714, 309.35, 152.078
7.08984, 90.3243, 437.427
3.08619, 510.116, -568.517
7.31268, 259.203, 99.3925
5.17978, 5.22414, -148.14
5.81447, 482.632, 441.207
5.48362, 491.063, -341.413
6.93363, -520.55, -292.825
6.67999, -456.204, -384.692
6.69339, 254.26, 42.3467
6.85642, -77.8658, 59.1309
2.5002, -439.824, 7.38165
4.77274, 282.926, -19.3536
4.25696, -527.949, 165.554
5.80713, -186.324, 506.502
6.22234, -495.276, 163.45
3.3821, -98.0504, -243.227
7.4621, 588.279, -506.69
5.95466, -531.897, 203.975
6.97862, 241.779, 92.0099
3.51579, 254.179, 284.095
7.2356, -441.406, -180.17
4.88476, 490.018, -348.331
6.78578, 614.986, -532.023
6.41237, -441.068, -385.228
5.70687, 601.771, -513.364
3.14521, -494.412, -9.6614
5.77944, -126.148, 447.187
3.09199, 64.4897, -242.442
3.88793, 18.8807, 407.112
6.65548, -125.197, -131.265
6.14153, -426.442, -301.525
6.74348, -817.461, 207.592
3.43989, -337.22, -291.604
6.09602, 281.932, -178.702
4.25586, 361.227, 117.916
3.34555, -552.622, -337.883
4.52383, -16.3041, -416.836
4.20924, 58.771, 469.382
6.67141, 276.472, 81.4433
3.9111, 423.957, 453.896
5.16766, -425.843, -382.844
6.25085, 502.907, -462.94
4.62554, -522.19, -309.774
4.66964, -424.187, 463.75
3.03022, 590.864, -440.474
6.4639, -192.97, -282.07
3.91232, -434.224, -338.913
7.14264, -179.156, -137.902
5.37926, 239.806, 126.288
3.4895, 488.014, -276.28
5.99081, 251.368, -318.594
3.07265, 205.423, -363.571
4.22945, 21.0272, 408.6
4.15646, -421.194, -189.432
6.42735, 483.285, -527.178
6.65775, 242.744, 149.274
4.21712, -630.671, 514.883
4.2603, -100.556, 431.523
6.38197, -23.8771, -308.319
6.58658, -24.0713, 368.209
4.26157, -187.549, -23.4862
7.09559, -373.938, -228.06
3.2877, 219.512, 56.296
5.56029, -469.914, 516.38
5.54222, -344.124, 552.461
3.16647, -53.3125, -213.923
3.51409, -439.904, -383.75
4.79457, -527.136, 503.987
3.48759, -430.316, 489.735
6.77118, -539.851, 174.627
6.54562, -378.67, -388.963
2.80131, -518.344, 442.04
6.50584, -578.817, 475.408
5.49597, -110.027, -329.101
7.43182, -525.898, 195.015
2.65919, -69.3454, 483.367
6.8356, 597.038, -510.207
3.69109, 244.669, 32.5326
3.6127, 256.15, 213.083
4.73907, -433.524, -408.592
2.61231, 234.111, 25.5309
6.79755, -164.991, -171.027
4.15902, 248.089, 37.8481
5.72195, 223.338, -15.5954
7.43521, -403.013, -370.963
5.30162, 251.407, -374.767
4.74553, -382.19, -197.162
5.213, -70.3286, -380.641
2.90797, 260.07, 6.35745
3.99606, -302.592, -116.398
6.63964, 467.622, 531.298
6.48936, 437.259, 649.981
5.71048, 18.992, 367.272
4.84105, 136.858, 59.6693
7.15326, -111.629, -247.472
5.08798, -166.488, -167.497
7.42924, 519.915, -352.459
5.94567, -21.8939, -315.049
6.19966, -125.828, -281.964
3.46323, -412.921, -280.221
6.08881, -346.104, 492.783
6.11146, 333.676, 72.4249
6.49298, 214.444, 13.5278
4.23216, 244.048, -331.344
5.1481, 70.5199, -174.322
3.19001, 285.565, 93.0192
6.73218, -145.666, -132.051
6.32766, 6.56286, -392.316
7.5, 569.553, -537.791
4.24891, 472.357, 459.171
5.50367, -496.378, 544.257
3.50808, -249.571, -132.035
6.2385, 192.428, 2.30392
6.49225, 301.569, 2.21178
3.03505, -598.835, 323.793
5.35813, -355.12, -196.313
2.84683, 173.126, -175.243
4.16036, 539.512, 367.395
5.80945, 281.433, -416.146
5.27726, -110.816, -225.732
7.12415, 244.545, 71.1745
2.69832, -278.781, -232.225
2.62083, -114.994, -120.36
4.61923, 254.581, -382.95
4.36987, 219.073, 50.7425
2.93303, -253.029, -148.353
3.05403, -76.51, -5.19496
5.31992, 241.983, -426.933
7.37269, -16.4983, 375.589
3.05066, -32.7922, -353.637
5.99352, -4.01886, 343.147
2.79674, -2.84657, -389.219
4.69755, 332.386, -25.1159
5.24651, 464.946, 514.712
3.45129, 366.74, -403.511
7.36597, 270.048, 63.2509
3.19593, -330.892, -207.31
5.48978, 514.553, -367.512
7.12812, -506.624, 441.576
3.91116, -86.6797, 344.355
6.8307, -173.535, -112.921
6.29598, -102.12, -249.075
6.10793, 258.554, 107.971
3.34241, -127.714, 184.933
3.32882, 484.334, 295.221
3.39076, -626.973, -371.274
5.87226, 198.357, -363.617
4.83484, 44.5264, -280.57
6.85219, -376.8, -462.904
5.76023, -277.511, -230.843
5.80464, 615.335, 621.315
2.58037, -689.892, -529.552
4.30596, -384.514, -386.071
3.72747, 301.854, 127.324
6.93086, -500.667, -474.508
5.23701, 589.968, 491.816
6.57209, 22.4629, -378.127
5.24453, 4.60001, 348.847
4.16156, 295.558, 66.2539
4.40213, 45.5564, -361.403
2.52389, 513.311, 506.961
6.95226, -127.177, -284.279
6.16955, -416.147, 389.423
6.04239, 81.4086, 420.319
5.1278, 164.912, -119.147
6.41065, -29.9758, -348.632
3.42484, -267.324, -347.863
5.72673, 283.964, 159.022
3.42178, -440.829, -156.825
3.31214, 34.6415, -113.195
2.65594, -140.668, 433.945
7.42716, -111.76, -186.757
4.04559, -251.141, -285.461
4.11075, -378.366, -169.882
5.51155, 288.7, 93.795
2.89107, -259.653, -357.787
3.93936, 206.229, -19.8725
5.79307, -83.5007, -296.52
7.36348, -347.593, -420.026
7.27758, -459.364, -339.283
7.42745, -412.311, -193.255
7.30478, -467.937, -423.25
3.0073, -389.06, 379.729
3.71505, -109.664, -247.568
6.91151, 8.18137, -169.592
5.28805, 139.729, 117.014
6.7669, 519.75, 345.937
7.49145, -427.059, 392.011
3.99751, -51.8956, -456.325
6.33157, 395.068, 514.956
4.81901, 280.38, 105.958
6.8168, -328.813, -277.37
6.99018, 344.685, -33.5555
7.377, 141.012, -212.199
2.77405, 252.873, 34.9893
6.32605, 601.378, -503.85
5.09219, -548.184, 499.261
3.46574, 374.284, 23.5072
6.98252, 303.021, -468.015
6.38492, -419.831, 313.89
2.75968, 224.611, 116.431
7.47331, -481.022, 474.619
5.93659, -200.775, -237.208
5.94854, 446.271, 463.915
6.57666, -305.867, 389.618
7.05426, -15.7711, -360.962
3.34218, -78.4082, 69.7601
5.24183, -435.687, 449.919
6.53351, -238.306, -150.794
4.17803, 255.275, -410.737
5.53435, -136.892, -169.142
6.59602, -464.773, 216.229
7.3485, 29.2348, -121.672
6.29349, 556.527, 437.32
3.72113, -175.035, -109.252
5.80589, -550.248, 182.96
4.21574, -398.647, -176.771
7.27146, 170.129, -250.883
2.60828, 295.343, 305.427
4.54979, -616.985, 589.897
2.55789, 256.822, -409.492
3.04964, 441.114, 265.801
5.28259, -317.831, 277.925
4.45466, 10.6184, -130.381
7.20539, 47.6062, -127.615
2.55572, 240.456, 110.658
6.22897, -229.078, -337.514
3.84293, 249.849, 54.6681
4.27153, -445.335, -380.29
3.45835, -442.223, 485.916
5.14832, 249.373, 251.22
4.39478, 4.16742, -389.645
3.16407, -39.7683, -272.871
4.26563, -117.877, -243.777
4.2497, 653.572, 547.393
7.41084, 260.551, 126.657
5.25961, 49.1485, -30.0244
4.99918, -34.3977, -323.053
3.58531, -460.218, 201.267
4.37311, -88.1907, -248.41
6.78251, -393.471, -356.799
6.45578, 456.203, -393.936
3.9204, -242.083, 362.016
5.07645, 290.68, 217.084
6.79238, -152.046, -145.02
7.07844, -327.013, -122.053
7.48941, -1.57879, 429.326
6.53177, -95.4504, -263.89
5.22718, -338.618, -198.683
7.3461, -98.1808, -298.587
5.31931, -566.077, 153.35
4.03031, -404.925, 515.167
5.41853, 585.11, 563.094
2.91197, 32.5172, -111.554
5.47382, 228.494, 62.1872
3.31968, -414.215, -412.943
6.46527, -404.551, -381.178
2.95373, 572.107, 392.69
6.3072, -529.241, -287.556
6.83996, -140.531, -142.984
6.40105, -70.8546, -321.938
6.61399, 459.004, 440.143
6.70974, 279.332, 20.5332
4.48328, 33.9848, -124.144
6.508, -73.8859, -3.74436
6.56811, 261.692, 126.609
5.43493, -257.068, -193.628
4.64621, 354.27, -20.9317
2.5002, -245.734, -283.976
5.31153, -442.218, 6.19817
6.22632, 133.914, -26.5857
3.89846, 408.669, 133.288
2.93406, -401.979, 509.795
3.5733, 452.57, -517.399
3.93296, -290.487, 419.676
4.86595, -389.638, 496.004
6.95893, 583.16, 543.024
5.91955, 250.117, -355.901
3.54376, 44.2881, -142.578
6.67533, 336.603, -41.0049
7.09218, 580.688, 521.433
4.48244, -448.958, -338.976
6.37858, 210.482, 130.449
5.68161, 43.2475, -136.315
6.64746, 163.561, 137.064
3.40204, 230.027, -288.79
7.45927, 242.61, -348.665
6.70558, 80.3924, -312.291
4.65177, 402.77, 114
4.38589, 372.406, 532.982
2.70802, 294.417, -306.087
6.80715, -419.036, -403.904
6.62116, 605.657, -504.428
6.25052, -235.208, 504.957
3.55801, -369.912, 495.24
4.31029, -263.968, -164.384
4.43545, -486.503, -416.178
7.32918, 503.72, 337.322
6.5872, 71.0835, 372.532
4.5755, 129.007, 311.891
5.83759, 248.71, 52.9651
2.52101, 534.902, 445.099
6.98048, -493.039, 159.74
3.68416, -125.766, 177.11
3.79415, 112.208, -245.895
5.4939, 198.737, -335.309
6.89823, -442.827, 213.187
6.16299, -532.259, -441.671
6.0773, 493.775, 369.874
3.57724, -493.151, 559.009
6.30413, 680.231, -567.874
3.85351, -117.379, -318.97
2.75246, 215.055, 46.0966
4.78866, 266.017, 76.0188
2.58759, 219.201, -402.509
3.01129, -42.8276, -70.4267
2.639, -190.695, -20.1981
5.65921, -146.079, -292.578
6.34425, 82.8341, -162.429
2.74132, 268.633, -430.193
6.6924, 1.73896, -311.755
6.76899, -273.209, -138.496
6.57649, -341.471, 493.161
6.85188, 505.011, 289.857
5.27222, -294.57, -127.722
6.12646, -162.313, -169.114
3.20424, -255.521, 357.287
6.6115, 303.962, -303.193
5.51185, 232.553, 114.48
4.93856, 285.434, -418.155
6.14942, -19.7236, 404.077
4.05164, 546.044, -513.142
3.93925, -489.357, -8.6693
5.45857, -475.898, 429.71
5.34055, 510.818, 362.298
5.41059, -318.763, -454.598
2.84132, -537.111, 256.404
4.34304, 51.5865, -25.8371
6.28475, -429.042, -355.953
6.35297, -489.511, -314.926
4.27217, -412.033, -210.479
5.98913, 2.88753, 420.3
5.08005, -339.421, -241.399
5.94494, 247.73, 89.6824
6.18066, 2.54201, 368.037
2.56231, -183.721, -241.308
7.16549, 250.71, 79.8173
5.37826, 254.25, 84.6395
3.05587, 507.1, 487.508
4.87388, -123.841, -173.071
3.24247, 234.783, 37.998
4.22594, 202.322, 192.906
7.04476, -600.685, 276.621
4.54571, 123.584, 468.531
5.96642, -337.473, -220.952
3.35865, 221.794, -199.721
6.21715, 471.944, -453.801
4.16319, -290.976, 391.97
4.62157, 173.72, 22.92
2.79523, -210.659, -66.2761
5.09005, 277.663, 260.756
5.94425, 216.77, -389.344
5.01149, -165.129, -113.751
6.56617, 97.5122, -354.116
3.07974, -163.268, -288.256
5.24841, 181.969, 76.0284
5.06046, 256.087, 129.694
6.02649, 446.902, 477.027
5.65083, -208.122, 415.397
4.0207, -17.0647, -361.021
6.74719, 121.071, -16.3767
3.39619, 306.724, -17.9773
2.61737, -411.596, -219.301
4.19467, 275.032, -42.0974
3.43818, 139.457, 99.4794
6.60467, -124.34, -111.241
6.72507, -280.302, -180.196
6.78031, 593.809, -527.797
7.37454, -498.184, 465.347
2.99587, 186.394, -434.235
2.56182, 484.863, 352.879
2.58614, 252.59, 123.388
2.64527, 209.013, 143.898
4.1031, -121.972, -42.0131
6.17815, 260.925, 4.03734
3.14876, 282.518, -18.391
2.5161, -272.753, 262.333
6.91905, -96.0285, -299.145
3.70482, 351.994, -309.984
4.38481, -533.065, 502.877
4.44879, 345.663, -34.4524
2.81534, 236.999, -21.6963
7.30792, 43.3825, 407.927
3.75349, 477.349, -273.534
6.85376, -341.693, -248.831
2.85991, -434.53, 71.68
2.70653, -313.122, 557.104
3.46378, 229.926, -432.242
3.86708, -125.962, 207.888
7.4007, -429.472, -478.503
3.60607, 219.797, -346.915
6.43119, -446.366, 305.171
4.42306, 139.067, -252.234
3.78593, 230.699, -348.142
3.91087, -522.904, 143.457
7.33834, 364.104, -35.0624
4.22841, 161.783, 111.028
3.45922, -497.409, 330.461
5.05037, -395.397, -194.644
5.21857, -411.027, 564.304
5.72333, -385.349, -566.211
3.89738, 111.483, 478.188
3.41887, -177.912, -234.869
2.71579, -337.454, 105.685
3.98408, -518.623, -224.228
4.25548, -32.6212, 76.9546
7.09372, -324.47, 506.094
5.81225, 320.994, -183.081
5.08041, 581.831, 361.37
4.03763, 231.166, 120.277
3.0007, -51.2796, 63.7704
3.47502, 241.484, -294.699
4.11407, 151.644, -133.393
5.56182, 278.611, 55.647
5.13511, 594.404, -519.768
3.45653, 217.531, 12.7436
4.7178, -536.904, -420.3
4.48693, -315.116, 395.536
6.28051, -409.244, 454.618
6.6213, 515.804, 363.287
5.51573, -171.59, -221.236
3.04573, 258.98, -329.903
4.11797, 261.346, -21.304
5.03403, 354.207, 205.036
4.76521, -297.278, 384.843
4.77315, -135.284, -331.129
4.91125, 580.904, 516.968
5.07896, 228.381, -354.63
4.50207, -36.0611, 368.788
4.22945, 284.593, 285.077
6.64533, 316.874, 50.8606
3.02204, -495.6, -398.221
6.40057, 219.629, 106.318
3.19919, -285.031, -159.383
2.62171, -360.584, -654.167
6.0664, 300.061, -384.223
7.15538, -110.775, -297.771
7.47667, 286.632, 52.9594
3.86264, -468.05, 214.205
3.6923, -416.024, -201.272
3.87328, 449.874, 533.369
5.70836, -420.476, -385.702
5.17637, 255.644, 72.0836
6.8967, 490.591, -287.434
6.75968, -395.329, -354.25
2.98004, 307.146, -23.9939
4.66818, -542.694, 253.389
3.17045, 257.687, -283.961
5.86802, -101.979, 30.7165
5.34964, -139.006, -296.326
3.66474, -487.658, 530.046
5.50306, 258.855, -340.414
2.6551, -341.791, -284.974
7.08512, 234.392, -142.994
3.82958, 304.901, -20.9874
6.50016, -136.876, -308.918
5.46389, -49.3596, -350.612
5.0822, 222.295, 68.5258
5.2567, 281.582, 190.951
3.47225, 244.261, 28.9445
5.36152, 80.9894, -376.097
3.81992, 197.055, 259.11
4.41648, -495.143, 488.913
2.73626, -372.279, -354.415
4.22823, 255.822, -415.214
3.61594, 324.721, -406.735
3.81264, -96.6831, -105.098
3.05141, -219.585, -398.648
7.40088, -376.194, -274.222
5.93794, 453.879, 427.047
5.82158, -369.508, -176.267
5.99501, -645.852, -386.605
2.68746, -426.889, -383.799
3.6706, -466.218, -384.385
3.95397, 462.335, 378.004
3.50543, 26.5525, -182.414
2.7177, 224.566, -16.8252
2.56571, -211.779, 682.819
6.07297, -313.094, 385.156
6.88348, -429.012, -367.93
5.35088, -492.022, 153.528
6.92743, 566.902, 521.76
5.20042, -428.452, -203.428
3.31357, 565.991, -552.362
3.30492, 526.933, 417.414
7.19182, 244.334, 81.4912
3.45628, 403.689, -470.294
3.15761, 13.2018, -177.081
4.41122, -139.397, -185.458
6.12674, 390.061, 154.114
2.50651, 523.035, 435.444
4.60222, 67.9582, 439.009
5.18984, 300.482, 52.9971
4.86596, -33.439, 127.326
6.33003, 522.455, 437.659
2.9396, 364.085, -390.83
7.04284, 239.709, 113.795
3.20818, -673.328, -624.807
2.54782, 285.516, 28.9847
2.82267, 249.506, 34.0685
4.96742, 231.441, 54.6977
5.40914, 487.375, 470.823
4.03373, -464.949, 508.896
4.57091, 391.467, -15.0636
4.33401, -316.397, -430.849
3.42687, 133.174, 422.551
2.76788, 154.806, 41.4702
4.47222, 254.7, 95.9403
3.98388, -170.363, -116.475
5.05388, -380.732, 398.689
3.75392, -496.951, 166.893
5.01589, 536.141, 551.473
2.51168, -164.947, 547.558
7.01807, 597.555, -301.344
2.79181, -501.778, -461.131
5.17506, -304.131, 383.353
3.95754, -474.415, 353.489
7.3023, -243.313, -166.663
4.73406, 354.215, 64.8247
5.08479, 431.962, 240.662
5.93861, -155.466, -172.343
2.72187, -205.823, -130.888
7.2946, -496.095, 468.685
5.70852, 205.502, -101.272
2.80215, 133.858, -469.374
3.33964, 248.156, 124.381
5.76491, 293.051, 115.729
6.19864, -428.218, -3.80837
3.57011, 426.875, 242.851
4.31441, -138.454, -218.744
6.56981, -345.336, 471.286
5.32057, 484.84, -283.035
7.45886, 37.4935, -373.746
6.5669, -520.604, 145.569
3.49157, -393.675, 52.2822
2.50003, -30.9326, -344.054
4.62608, 513.723, -516.326
4.07406, 399.862, 102.471
5.56218, 481.592, -464.333
3.83351, -111.185, -257.028
4.39881, -373.469, -79.0925
5.43397, 398.033, 112.152
5.95636, -227.282, -274.559
7.26736, -24.8938, -282.352
4.89785, -359.662, -372.332
3.60319, 205.024, -361.874
5.33741, -681.946, -590.869
6.09873, 284.983, 44.913
4.4953, -348.438, 489.267
3.48326, -418.564, 438.617
6.66971, -336.063, -381.879
5.59561, -498.876, -318.924
7.26866, -119.464, -115.753
3.23222, 96.4725, -252.571
5.38953, -171.655, -298.708
7.26796, -312.832, 486.695
3.62331, 588.997, -486.479
7.25137, -297.393, 462.233
3.07874, 565.55, -353.273
2.58372, -22.9937, -286.606
3.90465, -128.628, -135.631
7.15042, 188.381, 57.1052
3.04796, 577.824, 623.325
6.77266, 71.3159, 470.336
5.68532, -450.598, -397.91
5.63853, 168.967, -351.07
3.80589, 552.233, 417.767
5.13936, -497.892, 241.87
7.16608, -162.668, 441.12
3.98055, 332.595, 40.8047
4.78006, 274.336, 188.697
6.35659, -453.312, -388.663
4.17193, 257.354, 70.7628
6.31775, 108.177, -244.95
6.65892, -30.8771, 397.892
2.64618, -484.575, 482.325
4.31315, 390.359, -115.91
4.16221, 228.156, 72.0334
3.17675, -375.386, -200.323
3.00839, -144.644, 536.178
5.11327, -318.734, 452.133
3.52046, -210.164, -333.686
5.00728, -426.313, -387.696
5.1371, -7.805, 408.612
4.13422, -249.904, -200.392
4.75888, 152.513, -289.509
6.85263, 133.044, 459.238
4.72884, 524.328, 348.57
6.03726, -685.859, -386.481
6.83171, 608.584, -480.857
6.5822, 462.152, 293.912
2.67504, 548.553, 465.007
3.8644, -364.364, -119.093
5.21858, -132.672, -291.72
3.19942, -285.363, -324.216
5.57408, -336.466, -228.879
3.29182, -325.454, -133.77
4.41129, 363.237, 0.226116
5.94997, -137.998, 65.5698
3.21128, -272.797, 258.21
5.65284, -480.129, 472.835
3.15973, 64.2528, 409.987
7.13583, -563.915, 257.078
5.53465, -502.833, 452.775
5.50388, -464.727, 240.385
3.33635, 296.533, -311.625
3.301, -416.129, -695.679
5.91628, 313.692, -21.9721
5.1456, -284.394, -209.984
3.65264, 82.13, 417.272
6.55373, -402.201, -199.799
5.76477, -48.6111, -301.458
4.08597, -494.137, -321.633
2.53953, -121.893, -207.816
3.49176, 450.298, 448.236
3.78831, 367.78, 156.82
3.03825, 355.018, -133.893
3.49545, 53.0587, -34.708
6.75079, 705.714, -475.639
6.63912, -532.196, 190.701
6.76813, -309.419, -447.375
5.71027, -77.1148, 432.78
3.6787, 563.664, -491.185
6.80638, -758.538, -347.573
5.4745, 283.828, 13.0623
2.52745, 275.834, -6.38695
6.84925, -395.899, -375.136
7.37729, 177.627, 2.58009
5.59653, 159.819, 102.74
3.85574, -527.353, 73.9863
7.46973, -122.326, -233.079
4.60751, -466.078, -372.667
4.20537, -462.648, -415.536
4.80717, 276.132, 141.859
4.44822, 116.646, -241.023
4.613, 41.8252, 501.25
2.84879, 274.609, 196.378
5.5153, 13.345, -145.217
7.36114, -67.5416, -23.2343
5.07406, -438.685, -248.86
7.45461, 399.634, -24.7611
5.84906, 250.885, 79.5652
4.01716, -231.42, -229.855
3.47371, 491.37, 377.991
4.0109, -359.369, -273.057
4.93946, -403.021, 537.245
4.72438, 475.761, 485.121
5.7844, 302.155, -438.133
3.74227, -384.755, -399.551
4.72007, 63.5356, 471.888
5.75894, -327.351, -292.715
6.67472, -539.466, 268.454
6.03698, 48.2479, 374.465
4.93928, -431.491, -384.419
6.72039, 306.593, 58.2666
7.00296, -367.253, -171.302
6.33082, -348.783, -392.085
5.29453, 429.106, 529.864
2.70603, 192.304, 0.564311
5.46749, 209.545, 49.9225
2.68674, -303.728, 398.675
4.53488, 393.437, 72.5842
2.84243, -520.246, -608.82
7.38558, -355.188, -322.712
2.5956, -353.434, -157.65
6.60363, -237.934, -215.546
5.2195, -466.325, 416.69
5.72828, 505.527, -267.767
3.62934, -137.872, -179.133
2.733, 589.431, -569.354
3.63154, 178.004, -349.479
4.58371, -482.496, 215.998
6.40126, 245.042, -354.465
3.72852, -469.544, 100.185
4.81411, 166.371, 56.4023
6.14756, 288.503, -31.0677
5.35237, -471.745, 409.293
5.45997, 579.579, 566.976
4.98425, -512.224, 194.486
3.951, 186.518, 47.0937
4.71107, 18.2572, -135.168
2.53669, 656.689, -664.24
7.41683, 306.162, -186.798
2.52822, -506.629, -65.1757
4.8676, 89.1977, 442.039
5.86497, -86.2053, -276.817
