6.27803, -356.21, -473.664
3.5948, 39.723, -115.516
5.89648, 127.946, -345.398
5.09708, -96.7014, 479.615
2.76731, -433.222, 333.435
2.53849, 138.486, 38.194
4.58743, -449.988, -91.2368
7.15218, 72.431, 215.484
2.95982, -55.8684, 327.271
6.00595, -56.4926, 143.98
3.81226, 231.514, 373.244
4.14117, 126.063, -337.458
7.45519, 267.881, 142.444
7.41275, -303.781, -105.748
5.75759, 248.323, 225.417
6.92354, 182.394, -390.809
6.33247, -55.7431, -175.761
3.87453, -246.259, -39.1979
4.93259, -258.27, -103.262
2.80282, 383.385, 369.582
5.08146, -35.6431, 381.341
4.96988, 416.856, -171.921
7.23882, -366.566, -205.086
4.42071, 15.1935, -396.305
5.14874, 347.987, -143.399
2.75042, 437.606, -37.9527
6.63909, 244.002, 189.195
5.94228, -456.489, -356.655
6.18112, 108.628, 355.817
6.94286, 454.479, 207.012
4.25508, -183.18, -313.437
6.72991, 59.2588, 9.24367
3.84659, 341.511, -87.9192
4.83959, 37.3036, -84.6051
3.2686, -321.672, -212.787
2.66527, 302.406, 71.6553
7.2768, -1.51967, 34.4497
6.95369, 54.584, 248.292
3.29884, 342.039, 124.849
3.15214, 214.71, -287.249
2.515, -225.412, -409.009
6.0491, -473.123, -85.707
3.40448, -260.089, 437.897
5.76029, 386.991, -182.461
4.42907, 181.346, -349.665
3.23766, -0.258851, -112.274
5.45054, 345.575, 87.1871
3.24076, 56.146, 455.408
3.2091, -91.2333, 483.304
4.94257, -247.873, 64.8985
3.13015, 461.094, -35.9694
5.64635, -180.751, -300.242
5.60817, 151.254, -373.288
4.88216, -252.158, 303.073
2.64188, -296.749, -110.686
3.21011, -73.5025, 401.674
3.15594, -89.6877, 447.486
3.31099, -407.826, 385.648
3.76529, -134.661, -428.936
4.77654, 283.153, -364.891
6.54472, -47.6997, -150.476
3.57624, 151.646, 431.674
3.75063, 408.922, 179.592
5.02978, -28.7374, 360.86
