6.27803, -736.713, -998.534
3.5948, 65.2988, -90.1808
5.89648, 358.261, -905.244
5.09708, -233.443, 870.624
2.76731, -931.298, 660.847
2.53849, 335.796, 53.8453
4.58743, -864.403, -232.93
7.15218, 178.073, 373.976
2.95982, 53.2851, 692.242
6.00595, -166.644, 310.026
3.81226, 525.151, 819.943
4.14117, 472.045, -904.231
7.45519, 512.109, 264.396
7.41275, -508.387, -273.393
5.75759, 506.11, 444.883
6.92354, 263.076, -853.733
6.33247, -126.212, -454.261
3.87453, -522.592, -45.6164
4.93259, -669.592, -289.557
2.80282, 818.956, 794.078
5.08146, 8.75903, 808.159
4.96988, 972.118, -362.165
7.23882, -817.658, -467.944
4.42071, -2.67306, -848.555
5.14874, 826.822, -446.462
2.75042, 881.082, -69.8051
6.63909, 540.515, 525.519
5.94228, -966.611, -748.551
6.18112, 259.044, 736.159
6.94286, 996.541, 450.655
4.25508, -386.146, -533.885
6.72991, 182.276, 26.4309
3.84659, 674.165, -169.359
4.83959, 74.692, -171.875
3.2686, -644.3, -423.993
2.66527, 606.311, 143.017
7.2768, -3.71748, 69.7663
6.95369, 109.385, 495.971
3.29884, 683.022, 249.17
3.15214, 429.259, -574.05
2.515, -451.128, -817.572
6.0491, -951.9, -174.16
3.40448, -518.719, 874.482
5.76029, 773.593, -364.177
4.42907, 363.286, -699.094
3.23766, -1.62912, -225.434
5.45054, 689.126, 173.887
3.24076, 113.987, 910.415
3.2091, -182.233, 965.684
4.94257, -495.095, 129.235
3.13015, 918.957, -71.2499
5.64635, -360.758, -599.685
5.60817, 302.09, -745.676
4.88216, -503.287, 605.29
2.64188, -590.923, -225.456
3.21011, -145.488, 802.661
3.15594, -179.725, 893.899
3.31099, -816.548, 768.569
3.76529, -269.059, -856.668
4.77654, 567.849, -730.84
6.54472, -95.1651, -300.689
3.57624, 303.08, 862.201
3.75063, 817.592, 359.709
5.02978, -57.6495, 721.432
6.27922, 635.043, 197.829
5.66369, 902.82, -74.0095
5.9449, 646.905, -122.809
7.27207, 973.237, 405.427
5.18713, -421.756, 704.23
4.57014, -787.93, 36.3092
4.70019, 752.643, 153.919
6.07821, 737.971, 459.276
6.20858, 412.061, 600.591
5.12494, 771.717, -961.253
6.06711, -868.664, -73.5754
5.91025, 335.084, -21.9958
6.82941, 832.902, -600.41
3.19597, 87.2546, 778.884
3.57766, 976.905, -99.6976
5.0733, -367.628, -108.778
4.83766, -120.253, 760.593
3.55759, -269.118, 612.902
5.65244, -691.985, 994.87
2.5044, -993.962, 228.753
4.09589, 454.205, 546.127
5.90281, 364.503, -162.52
6.0446, 672.291, -588.92
2.90869, -810.335, 656.79
3.56926, 260.057, 528.948
4.44412, -837.038, -572.503
4.44927, 896.292, 903.872
3.92018, 383.925, -461.425
4.6123, 566.998, 553.147
2.55658, -603.071, -439.288
3.72027, 960.752, -617.408
4.49072, -725.903, 640.848
6.64177, -646.581, 201.847
3.78584, 975.028, -685.119
3.59705, -798.337, -532.614
6.47385, 391.513, 269.259
5.8476, 505.09, 392.275
5.49108, -888.441, 272.48
5.99917, -362.722, -545.139
5.13062, 525.529, -764.205
4.14833, 178.176, 106.055
3.30844, -714.103, 405.203
6.56633, 719.879, -29.077
4.08004, 477.973, 114.193
4.05369, 56.4701, -729.869
4.65424, 35.9715, 174.642
4.46509, -251.858, -478.666
4.43916, -48.4936, -108.227
4.34871, -842.1, -441.859
5.88118, 343.435, -492.469
6.10384, 456.147, 27.9405
7.20082, -75.9387, 890.764
5.08573, -79.2203, -357.07
5.5282, -195.743, 322.784
5.85049, -697.916, 974.165
5.11404, 82.7894, -311.425
3.87105, -967.293, 656.089
7.08924, 92.8582, 285.737
3.73367, 938.785, -465.81
4.77876, 387.177, 686.854
3.30374, -954.984, 641.116
4.68319, 415.038, 412.742
7.45767, 502.075, 165.81
6.26931, -440.506, 391.244
4.97846, -990.024, -657.089
7.01651, -669.755, -839.727
4.68213, 493.136, 564.914
5.09239, 169.259, -986.05
4.44866, 88.09, -865.063
5.63431, -227.224, -568.256
5.19331, 417.728, 318.106
4.35955, 631.994, -439.146
2.54674, -372.126, 366.889
6.3794, 41.6919, -791.406
2.85317, -888.82, -559.211
3.98511, 446.889, -679.496
4.78581, -37.8656, -902.099
3.25156, -102.013, 39.7221
5.97819, 667.592, -428.828
4.15587, 370.704, 160.528
5.21197, 972.935, -883.984
2.64678, 713.9, -994.149
5.38086, -20.8306, -242.847
5.18133, 360.51, 476.967
7.36678, -755.636, -927.736
5.57063, -297.488, -622.419
5.26431, -747.411, 214.499
6.69051, -283.333, 907.331
3.75764, -483.152, 945.586
6.98957, 632.683, -147.43
5.97428, 519.238, -508.999
5.82752, -472.844, -96.0766
3.06838, -580.569, -767.636
3.37987, -986.146, 94.1893
2.91253, -136.172, 197.777
6.68103, -248.722, 373.947
2.64818, 944.321, -755.778
6.34719, -8.32337, -843.029
4.29829, -500.518, 867.42
6.24626, 0.692991, 537.295
6.28385, 363.084, 343.154
3.60834, -538.558, -926.097
5.58305, 305.193, 125.826
3.66846, -550.155, -255.941
6.22052, -668.477, 305.362
5.80997, -906.026, -681.527
4.9209, 899.949, -749.049
2.58972, 828.049, 241.155
4.98291, 444.411, 189.647
5.09587, -115.258, -891.054
4.71395, -873.121, 536.743
4.14528, -63.7267, 952.878
3.52671, 486.107, -107.884
7.19863, -253.787, -655.882
2.85168, -499.09, 927.815
3.30042, 52.3952, -750.899
6.70788, -791.281, 30.0323
4.13614, -154.428, -265.608
6.85942, 154.821, 427.176
5.99896, 672.675, 516.333
5.52801, 870.084, -221.44
4.77536, 79.1416, -273.663
2.91543, -520.195, -188.681
3.94883, -55.1583, -154.701
6.51009, -568.217, -789.144
6.81821, 339.023, 57.3165
3.81831, 422.623, -512.085
4.79881, -837.4, -234.798
4.95672, 595.126, -530.812
5.82344, -467.622, -992.302
7.31738, -626.477, -150.765
7.23022, 589.389, -732.656
2.81902, 222.26, -656.779
5.04829, -408.068, -309.289
6.13222, 668.565, 653.185
5.65882, 603.17, -340.551
3.26658, -916.605, -909.109
5.09652, -871.262, 539.18
3.52281, -558.265, 857.299
6.03231, 399.563, -821.657
6.05786, -475.884, -11.9998
3.66304, -592.535, -240.747
6.80594, -66.0756, -133.099
2.67122, -110.513, 953.262
6.26587, -936.322, 48.7408
4.14789, 644.751, 180.693
4.65309, 72.5454, -535.198
7.33455, 972.765, -193.085
4.05803, 734.452, 699.445
5.69762, 993.063, -702.549
5.95386, 864.859, -63.2415
5.36403, 82.0188, 630.191
6.60667, 890.861, -682.181
4.21807, -913.293, -686.659
5.09387, -807.69, -778.611
6.78438, 122.817, -953.985
6.18587, 348.204, 35.6019
3.45992, -951.547, 394.524
2.83145, -308.218, 341.527
3.60828, 849.502, -722.988
3.33656, 171.545, -238.354
6.31172, 382.14, -943.912
5.44905, -844.768, 426.465
4.65223, 859.418, 851.489
7.09618, 661.899, 12.0054
5.09668, 446.915, 199.95
7.38058, -677.629, -19.2433
5.15714, -453.346, 148.216
2.98716, 334.122, 395.835
5.83983, 220.538, 97.8279
5.44444, 142.261, -14.0424
5.01137, -702.882, -110.651
2.75808, -935.411, 461.837
2.6753, -352.719, 35.2618
4.41484, -785.594, -510.697
5.55555, 193.13, 103.617
5.06574, 539.674, 876.878
5.98498, 300.927, -26.5665
4.89891, -25.9702, -185.093
3.88323, 68.384, 421.17
6.01685, -439.608, 210.56
3.67701, 876.012, 60.129
6.41501, 192.874, -173.855
6.60589, 362.294, 839.421
3.21842, -538.314, 54.3929
5.75757, -495.208, 801.273
3.87677, 871.229, -989.121
7.26215, -439.309, 717.11
4.58238, -753.387, 13.7592
3.03869, -126.911, 404.448
4.70633, -799.688, 532.113
6.28811, -413.779, -305.622
2.77803, -338.52, -322.092
3.51241, -28.9929, 145.892
6.82305, 946.79, -779.825
6.52456, -265.288, -15.012
2.78861, -680.388, -674.827
4.40304, -63.9324, -701.445
4.56124, -150.139, 766.736
2.80071, -382.805, 302.561
7.09746, 796.905, 633.479
3.35398, 539.487, 802.891
6.51634, -935.12, 148.638
3.88599, 723.333, 44.8602
4.44586, 173.435, 738.765
7.19936, 51.8236, 623.728
6.24573, 160.052, -161.149
3.44774, -324.194, 761.046
6.89581, 437.317, 485.904
6.8953, 419.501, -853.146
3.30515, -816.563, -274.076
5.87346, -806.313, -166.382
6.89096, 626.569, 125.627
6.98262, 267.564, 535.55
3.06535, -26.5089, 756.168
5.93789, -234.105, -246.634
3.21651, -844.515, -758.151
3.6901, 416.336, -44.6843
5.64383, 950.404, -218.028
4.312, 817.151, 362.764
4.64437, 588.538, 718.175
4.91936, -4.62981, -849.067
6.20379, -1.12616, -100.613
3.23098, -397.595, 866.134
7.36238, -837.168, -777.865
7.3158, -520.504, -187.509
3.14741, -603.09, 666.372
5.3784, -321.052, -607.205
4.66439, 171.08, -120.444
5.50066, -237.963, -261.735
5.85098, -701.346, -138.765
4.5137, 396.246, 989.913
6.46691, 639.353, 697.469
4.89889, -979.508, -251.262
5.72449, 294.109, 277.671
4.28836, -245.564, 598.415
5.96794, -331.107, -220.919
5.83428, -416.962, -708.693
3.22071, -372.642, 709.414
7.10415, -986.125, 209
4.22228, 32.75, -235.98
6.66824, -417.261, -471.219
2.74349, 269.649, -750.144
3.27936, -246.571, -79.3653
2.55765, 331.751, 510.898
3.94327, 121.574, 589.471
5.07295, -355.451, -169.833
3.65948, 683.668, 438.125
2.75022, -243.692, -67.2006
5.33091, -595.273, -850.582
6.69774, -154.438, 666.174
4.28763, -639.433, -418.553
4.3452, 173.475, 869.386
7.22226, 255.832, -73.7294
4.72425, -902.21, -186.319
6.82086, 495.913, 190.419
5.82654, -790.286, -737.43
5.79297, 163.166, 666.341
7.10736, -961.52, 963.413
5.11536, 937.629, -612.784
5.45229, 439.458, -442.301
5.79944, 668.995, 672.221
4.24765, 292.953, 460.416
4.11714, 331.579, 65.4144
7.08984, -113.621, 738.619
3.08619, 903.551, -446.472
7.31268, 675.172, -170.166
5.17978, 46.7954, -333.213
5.81447, 858.154, 635.691
5.48362, 885.268, -510.658
6.93363, -506.101, -747.236
6.67999, -672.453, -607.605
6.69339, 246.567, 204.376
6.85642, -215.995, 342.354
2.5002, -769.252, 337.852
4.77274, 257.861, 351.615
4.25696, -935.434, 147.834
5.80713, -258.19, 709.733
6.22234, -873.376, 152.846
3.3821, -116.614, -443.45
7.4621, 794.493, -815.293
5.95466, -933.545, 178.785
6.97862, 139.836, -22.1899
3.51579, 375.939, -131.249
7.2356, -455.768, -36.5141
4.88476, 901.828, -508.693
6.78578, 922.365, -746.184
6.41237, -983.901, -562.862
5.70687, 917.418, -901.311
3.14521, -725.286, 147.275
5.77944, 3.89412, 649.474
3.09199, 52.9944, 9.84725
3.88793, 337.001, 805.394
6.65548, -218.538, -226.827
6.14153, -752.71, -513.785
6.74348, -597.696, 296.032
3.43989, -786.864, -951.307
6.09602, 558.892, -278.44
4.25586, 161.259, 332.654
3.34555, -415.847, -686.525
4.52383, 341.05, -551.158
4.20924, 158.879, 772.242
6.67141, 396.967, -125.53
3.9111, 698.074, 584.031
5.16766, -672.756, -477.064
6.25085, 996.087, -853.277
4.62554, -678.652, -761.677
4.66964, -571.614, 546.744
3.03022, 858.31, -933.262
6.4639, -36.8725, -466.952
3.91232, -572.642, -484.388
7.14264, -582.054, -237.698
5.37926, 236.521, 524.382
3.4895, 816.374, -288.07
5.99081, 577.544, -762.798
3.07265, 495.704, -962.004
4.22945, 308.205, 789.011
4.15646, -575.964, -236.846
6.42735, 828.594, -963.505
6.65775, 459.807, -212.979
4.21712, -740.417, 755.36
4.2603, -275.118, 885.582
6.38197, 144.99, -835.942
6.58658, -13.1226, 688.252
4.26157, -129.669, 284.908
7.09559, -434.716, -301.428
3.2877, 489.957, 252.786
5.56029, -491.79, 561.063
5.54222, -372.77, 709.763
3.16647, -252.384, -747.23
3.51409, -747.08, -476.841
4.79457, -857.615, 501.094
3.48759, -529.272, 926.864
6.77118, -838.645, 370.532
6.54562, -759.627, -694.06
2.80131, -908.11, 887.494
6.50584, -717.868, 657.763
5.49597, -194.013, -544.293
7.43182, -891.905, 309.289
2.65919, -165.884, 634.688
6.8356, 945.571, -780.197
3.69109, 668.785, 344.839
3.6127, 178.046, 432.947
4.73907, -993.416, -540.252
2.61231, 861.565, -172.611
6.79755, -250, 24.6079
4.15902, 215.08, 590.209
5.72195, 307.157, 248.956
7.43521, -946.974, -482.192
5.30162, 284.622, -584.201
4.74553, -758.388, -246.178
5.213, 172.2, -716.304
2.90797, 773.141, -32.8029
3.99606, -801.39, -273.477
6.63964, 824.69, 681.627
6.48936, 626.155, 939.255
5.71048, -102.802, 679.665
4.84105, 631.191, 387.278
7.15326, -197.383, -611.702
5.08798, -248.098, -69.0691
7.42924, 798.31, -542.823
5.94567, -82.2083, -724.913
6.19966, -181.219, -443.831
3.46323, -392.295, -936.345
6.08881, -450.834, 625.715
6.11146, 570.085, -182.081
6.49298, 266.118, 153.992
4.23216, 255.478, -998.343
5.1481, -15.6802, -57.6041
3.19001, 715.87, -362.131
6.73218, -225.745, -203.726
6.32766, -85.4689, -886.585
7.5, 923.625, -416.116
4.24891, 483.156, 996.248
5.50367, -601.548, 592.299
3.50808, -496.426, 85.1079
6.2385, 27.937, 151.767
6.49225, 978.015, 216.128
3.03505, -706.383, 109.439
5.35813, -507.298, 47.4557
2.84683, 358.014, -332.422
4.16036, 750.773, 689.324
5.80945, 487.595, -708.742
5.27726, 175.204, -197.893
7.12415, 228.975, -11.7455
2.69832, -486.643, 227.321
2.62083, -312.42, 240.884
4.61923, 215.385, -657.149
4.36987, 460.772, 136.515
2.93303, -241.379, -264.756
3.05403, -160.265, 169.624
5.31992, 369.531, -348.943
7.37269, 62.7603, 743.115
3.05066, -48.5341, -880.808
5.99352, 99.0375, 983.054
2.79674, -50.1638, -744.37
4.69755, 835.737, -109.147
5.24651, 993.436, 716.615
3.45129, 692.121, -750.934
7.36597, 313.158, 328.083
3.19593, -678.214, -78.2015
5.48978, 943.802, -433.059
7.12812, -873.679, 704.294
3.91116, -71.0737, 894.639
6.8307, -139.282, -80.4964
6.29598, -229.384, -601.879
6.10793, 349.463, 625.801
3.34241, -376.599, 370.069
3.32882, 839.802, 375.297
3.39076, -647.393, -991.255
5.87226, 336.096, -603.178
4.83484, -355.099, 39.2033
6.85219, -811.991, -358.265
5.76023, -697.733, -116.387
5.80464, 763.778, 882.721
2.58037, -660.253, -594.487
4.30596, -780.867, -669.151
3.72747, 926.487, 121.037
6.93086, -938.852, -951.345
5.23701, 825.729, 773.156
6.57209, -26.1282, -653.29
5.24453, 170.317, 870.808
4.16156, 506.514, -56.1686
4.40213, 25.2551, -654.929
2.52389, 933.097, 655.63
6.95226, -90.7266, -397.271
6.16955, -498.485, 686.574
6.04239, -153.725, 673.955
5.1278, 53.6245, -187.772
6.41065, -192.064, -816.106
3.42484, -384.923, -470.442
5.72673, 244.156, 510.879
3.42178, -690.589, -344.323
3.31214, 64.5692, -83.4178
2.65594, -181.909, 851.042
7.42716, 130.241, -665.531
4.04559, -332.391, -718.507
4.11075, -668.413, -298.393
5.51155, 287.869, -233.628
2.89107, -329.66, -923.795
3.93936, -18.2384, 88.2861
5.79307, -123.199, -493.054
7.36348, -995.107, -348.949
7.27758, -363.212, -797.36
7.42745, -671.68, -293.017
7.30478, -915.147, -765.533
3.0073, -558.954, 569.531
3.71505, -124.122, -492.152
6.91151, 98.7207, -434.161
5.28805, 340.763, 702.18
6.7669, 803.482, 515.819
7.49145, -533.522, 521.279
3.99751, -256.638, -481.089
6.33157, 981.456, 489.648
4.81901, 283.8, -143.143
6.8168, -636.247, -794.168
6.99018, 861.329, 5.89238
7.377, 258.113, -417.174
2.77405, 661.554, 79.7902
6.32605, 949.454, -619.296
5.09219, -934.545, 739.572
3.46574, 935.299, -245.594
6.98252, 194.738, -543.034
6.38492, -831.088, 98.5645
2.75968, 416.388, 541.767
7.47331, -855.557, 766.369
5.93659, -1.58297, -459.697
5.94854, 888.743, 496.822
6.57666, -657.406, 821.93
7.05426, -36.4473, -435.379
3.34218, -201.384, 405.373
5.24183, -580.019, 804.554
6.53351, -477.81, -253.264
4.17803, 319.255, -530.207
5.53435, -97.882, 42.0806
6.59602, -954.678, 334.138
7.3485, 87.9596, -248.289
6.29349, 585.717, 492.792
3.72113, -184.778, -93.2402
5.80589, -572.279, 404.07
4.21574, -447.662, -186.273
7.27146, 376.422, -396.707
2.60828, 804.144, 556.074
4.54979, -892.209, 947.666
2.55789, 590.511, -672.445
3.04964, 842.313, 202.271
5.28259, -851.917, 90.8579
4.45466, -34.0451, -234.345
7.20539, 118.062, -182.675
2.55572, 179.287, 396.876
6.22897, -224.326, -435.043
3.84293, 109.373, 129.821
4.27153, -682.5, -759.778
3.45835, -466.749, 616.852
5.14832, 296.077, -170.522
4.39478, -59.2503, -854.804
3.16407, -13.1134, -802.543
4.26563, -124.364, -566.434
4.2497, 784.083, 986.689
7.41084, 611.597, -119.777
5.25961, 151.771, -391.424
4.99918, 13.3094, -713.832
3.58531, -834.722, 458.248
4.37311, -230.827, -652.849
6.78251, -662.279, -475.213
6.45578, 788.027, -509.849
3.9204, -491.955, 929.108
5.07645, 437.605, 100.159
6.79238, -294.995, -26.0767
7.07844, -950.672, -173.643
7.48941, 136.902, 917.81
6.53177, 170.701, -193.997
5.22718, -909.055, -183.922
7.3461, 149.599, -738.559
5.31931, -585.404, 362.652
4.03031, -415.06, 660.748
5.41853, 968.322, 954.581
2.91197, 54.2437, -333.083
5.47382, 357.964, 623.73
3.31968, -598.927, -591.686
6.46527, -610.026, -436.584
2.95373, 578.707, 742.209
6.3072, -505.679, -679.877
6.83996, -218.205, 33.3123
6.40105, 192.651, -334.526
6.61399, 908.652, 971.833
6.70974, 372.707, 553.694
4.48328, 534.266, 256.135
6.508, -160.962, 168.837
6.56811, 381.124, -44.3008
5.43493, -410.15, 101.539
4.64621, 796.67, -50.7861
2.5002, -69.9217, -479.687
5.31153, -815.839, 316.404
6.22632, 335.675, 356.664
3.89846, 964.37, 301.282
2.93406, -988.302, 565.307
3.5733, 853.5, -881.194
3.93296, -493.751, 555.437
4.86595, -407.528, 475.817
6.95893, 845.719, 819.914
5.91955, 506.308, -499.562
3.54376, -51.3594, -64.853
6.67533, 794.916, 12.4044
7.09218, 943.355, 917.488
4.48244, -474.547, -701.927
6.37858, 541.577, 540.135
5.68161, -162.039, -90.7955
6.64746, 483.747, 293.054
3.40204, 559.503, -457.157
7.45927, 578.429, -763.938
6.70558, -150.545, -845.159
4.65177, 889.012, 266.574
4.38589, 596.925, 890.946
2.70802, 656.455, -506.073
6.80715, -809.663, -541.179
6.62116, 910.647, -909.819
6.25052, 19.973, 735.641
3.55801, -165.139, 995.054
4.31029, -782.015, -192.417
4.43545, -591.751, -804.683
7.32918, 803.125, 642.963
6.5872, -168.055, 631.557
4.5755, -82.6438, 449.622
5.83759, 206.268, 184.638
2.52101, 477.745, 975.173
6.98048, -743.42, 256.794
3.68416, -343.401, 355.446
3.79415, 360.36, -96.5444
5.4939, 408.957, -710.61
6.89823, -848.787, 380.289
6.16299, -566.005, -593.057
6.0773, 914.967, 570.956
3.57724, -608.949, 481.008
6.30413, 678.473, -958.542
3.85351, -160.079, -561.553
2.75246, 669.524, 348.024
4.78866, 268.139, 245.649
2.58759, 449.764, -780.011
3.01129, 74.8251, -172.229
2.639, -129.161, 281.819
5.65921, -340.544, -515.366
6.34425, 82.8092, -245.468
2.74132, 525.526, -841.345
6.6924, -58.634, -630.725
6.76899, -263.178, -321.728
6.57649, -443.914, 573.762
6.85188, 795.413, 406.143
5.27222, -634.971, -173.166
6.12646, -297.003, 60.6898
3.20424, -528.35, 940.677
6.6115, 602.02, -527.991
5.51185, 734.769, -197.659
4.93856, 509.597, -921.713
6.14942, -288.96, 955.15
4.05164, 757.671, -669.563
3.93925, -699.313, 354.59
5.45857, -954.391, 812.056
5.34055, 657.455, 887.455
5.41059, -929.321, -579.208
2.84132, -689.651, 283.239
4.34304, 152.867, -381.128
6.28475, -937.424, -576.887
6.35297, -446.757, -876.209
4.27217, -394.154, -251.995
5.98913, 243.766, 933.505
5.08005, -686.929, -305.029
5.94494, 392.092, 131.446
6.18066, -82.2288, 615.546
2.56231, -343.92, -675.746
7.16549, 603.903, -122.727
5.37826, 133.854, 126.711
3.05587, 458.152, 975.078
4.87388, -110.016, 23.586
3.24247, 172.201, 92.4208
4.22594, 50.9493, 450.481
7.04476, -933.439, 182.053
4.54571, 15.6343, 515.841
5.96642, -677.48, -75.0486
3.35865, 384.133, -932.539
6.21715, 893.602, -501.921
4.16319, -423.253, 640.861
4.62157, 668.852, 311.312
2.79523, -137.204, -116.125
5.09005, 282.62, -240.052
5.94425, 475.085, -581.813
5.01149, -261.416, 24.1515
6.56617, -168.978, -751.96
3.07974, 81.4672, -940.573
5.24841, 265.576, 465.64
5.06046, 412.55, 21.4341
6.02649, 952.467, 441.763
5.65083, -236.374, 891.217
4.0207, -23.4597, -632.781
6.74719, 400.271, 372.776
3.39619, 601.724, -19.9886
2.61737, -531.273, -100.309
4.19467, 741.827, 54.6593
3.43818, 350.018, -83.8391
6.60467, -286.056, 191.619
6.72507, -895.927, -155.259
6.78031, 844.24, -719.308
7.37454, -955.072, 638.21
2.99587, 470.972, -448.609
2.56182, 564.418, 657.474
2.58614, 217.323, 588.31
2.64527, 252.911, 94.7607
4.1031, 150.256, -385.354
6.17815, 628.103, 302.906
3.14876, 368.966, 474.718
2.5161, -367.847, 507.893
6.91905, 138.963, -791.342
3.70482, 231.821, -575.463
4.38481, -822.006, 758.043
4.44879, 608.904, 186.704
2.81534, 595.79, 295.397
7.30792, 183.736, 960.08
3.75349, 727.147, -337.841
6.85376, -681.233, -56.6392
2.85991, -919.639, 428.379
2.70653, -626.425, 578.977
3.46378, 364.053, -523.954
3.86708, -310.856, 302.845
7.4007, -953.865, -365.788
3.60607, 324.724, -541.42
6.43119, -876.154, 857.095
4.42306, 301.765, -422.621
3.78593, 480.705, -637.356
3.91087, -949.506, 66.396
7.33834, 869.047, -33.3617
4.22841, 769.665, 173.304
3.45922, -985.528, 738.189
5.05037, -547.663, -382.655
5.21857, -558.581, 635.22
5.72333, -635.644, -615.908
3.89738, -10.1657, 787.624
3.41887, -296.521, -720.88
2.71579, -838.824, 382.094
3.98408, -505.167, -268.207
4.25548, -231.622, 141.054
7.09372, -421.325, 730.537
5.81225, 502.189, -361.538
5.08041, 867.33, 586.915
4.03763, 617.183, 589.141
3.0007, -353.57, 155.629
3.47502, 380.339, -881.282
4.11407, 31.6148, -132.659
5.56182, 966.237, 86.557
5.13511, 961.88, -985.192
3.45653, 255.919, 285.756
4.7178, -652.656, -429.244
4.48693, -710.735, 856.328
6.28051, -607.654, 744.849
6.6213, 737.24, 602.634
5.51573, 141.935, -344.069
3.04573, 610.792, -830.395
4.11797, 487.705, -165.446
5.03403, 7.97634, 319.047
4.76521, -648.305, 797.909
4.77315, -181.653, -462.496
4.91125, 917.828, 909.559
5.07896, 369.786, -651.448
4.50207, 195.468, 815.296
4.22945, 961.814, 485.556
6.64533, 927.102, -239.686
3.02204, -733.648, -799.768
6.40057, 587.463, 569.854
3.19919, -297.759, -239.623
2.62171, -803.478, -514.744
6.0664, 407.371, -756.606
7.15538, 157.047, -822.317
7.47667, 180.504, 175.008
3.86264, -881.533, 152.862
3.6923, -482.119, -251.661
3.87328, 964.499, 620.488
5.70836, -909.823, -731.395
5.17637, 310.999, 156.719
6.8967, 837.693, -297.406
6.75968, -660.089, -842.354
2.98004, 911.191, -34.4838
4.66818, -752.134, 197.416
3.17045, -206.102, -758.329
5.86802, -159.05, 319.377
5.34964, -53.3228, -482.045
3.66474, -624.782, 562.128
5.50306, 266.958, -690.458
2.6551, -804.589, -28.503
7.08512, 569.382, -312.816
3.82958, 864.841, -179.166
6.50016, -185.298, -509.304
5.46389, 170.275, -724.432
5.0822, 360.703, 615.894
5.2567, 318.772, 645.243
3.47225, 508.176, -233.34
5.36152, 120.505, -743.872
3.81992, 214.423, 403.124
4.41648, -765.216, 539.958
2.73626, -754.221, -897.6
4.22823, 587.937, -670.888
3.61594, 681.148, -438.208
3.81264, 16.6853, -738.573
3.05141, -430.508, -401.969
7.40088, -706.25, 20.7153
5.93794, 803.78, 644.062
5.82158, -548.288, -376.632
5.99501, -602.217, -673.486
2.68746, -836.646, -777.657
3.6706, -628.762, -745.713
3.95397, 716.589, 694.158
3.50543, -40.9048, -261.087
2.7177, 377.41, 331.696
2.56571, -539.083, 524.717
6.07297, -528.142, 765.631
6.88348, -869.01, -631.846
5.35088, -889.36, 275.869
6.92743, 866.248, 872.192
5.20042, -356.36, -280.325
3.31357, 930.284, -648.216
3.30492, 969.541, 440.111
7.19182, 320.131, 287.701
3.45628, 554.788, -853.612
3.15761, -5.7897, -111.434
4.41122, -316.582, -4.92296
6.12674, 257.651, -266.218
2.50651, 541.945, 876.274
4.60222, 16.4865, 734.1
5.18984, 309.099, -213.988
4.86596, -238.965, 247.559
6.33003, 545.106, 869.411
2.9396, 555.068, -471.054
7.04284, 133.081, 324.146
3.20818, -878.637, -395.151
2.54782, 437.543, -52.1624
2.82267, 241.212, 516.1
4.96742, 382.011, 222.562
5.40914, 533.938, 988.481
4.03373, -949.524, 545.002
4.57091, 919.847, -68.237
4.33401, -574.137, -689.632
3.42687, 186.289, 669.504
2.76788, 637.201, 160.598
4.47222, 541.997, -65.545
3.98388, -348.123, -131.925
5.05388, -396.439, 821.18
3.75392, -699.328, 230.532
5.01589, 966.263, 884.709
2.51168, -17.3919, 799.541
7.01807, 998.155, -448.355
2.79181, -905.88, -949.038
5.17506, -689.629, 804.76
3.95754, -385.842, 876.555
7.3023, -815.148, -269.811
4.73406, 319.448, -109.271
5.08479, 895.744, 167.562
5.93861, -256.244, 12.1305
2.72187, -160.662, 76.4631
7.2946, -798.601, 607.176
5.70852, 363.813, 156.048
2.80215, 631.185, -781.703
3.33964, 48.1047, 268.297
5.76491, 487.625, -250.154
6.19864, -769.327, 338.394
3.57011, 861.44, 199.902
4.31441, 157.712, -875.89
6.56981, -648.233, 935.378
5.32057, 807.836, -470.653
7.45886, -43.5143, -897.561
6.5669, -763.725, 398.131
3.49157, -994.818, -23.1269
2.50003, -163.313, -855.987
4.62608, 947.469, -774.773
4.07406, 833.256, 193.92
5.56218, 607.047, -934.449
3.83351, -201.867, -544.543
4.39881, -595.195, -60.9434
5.43397, 969.222, 293.716
5.95636, -141.61, -516.503
7.26736, -459.832, -572.235
4.89785, -292.811, -955.499
3.60319, 375.438, -731.538
5.33741, -725.431, -446.564
6.09873, 434.159, 364.549
4.4953, -484.841, 566.348
3.48326, -690.816, 993.591
6.66971, -677.393, -761.608
5.59561, -449.564, -868.299
7.26866, -295.258, 171.652
3.23222, -14.3971, -281.048
5.38953, 41.107, -460.355
7.26796, -392.031, 724.186
3.62331, 720.324, -976.937
7.25137, -488.915, 811.411
3.07874, 800.959, -518.63
2.58372, 29.5227, -263.381
3.90465, -348.383, -172.969
7.15042, 649.672, 167.199
3.04796, 745.805, 871.897
6.77266, 30.8704, 831.351
5.68532, -726.941, -732.665
5.63853, 408.06, -709.206
3.80589, 730.394, 741.506
5.13936, -951.067, 220.751
7.16608, -267.201, 915.191
3.98055, 923.881, 100.746
4.78006, 155.565, 457.666
6.35659, -656.782, -623.193
4.17193, 98.4973, 115.306
6.31775, -39.5143, -945.832
6.65892, -30.0217, 943.561
2.64618, -725.249, 568.514
4.31315, 715.749, -267.813
4.16221, 285.112, 461.004
3.17675, -519.699, -306.016
3.00839, -306.94, 623.818
5.11327, -610.289, 816.051
3.52046, 30.6591, -534.975
5.00728, -872.97, -630.487
5.1371, 3.7386, 961.986
4.13422, -269.782, -293.057
4.75888, 226.03, -445.827
6.85263, -7.48752, 987.317
4.72884, 646.341, 865.49
6.03726, -459.078, -920.848
6.83171, 916.159, -699.379
6.5822, 871.592, 221.95
2.67504, 896.872, 837.484
3.8644, -654.716, -236.165
5.21858, -422.995, -430.925
3.19942, -993.983, -547.287
5.57408, -780.344, -936.26
3.29182, -694.992, -605.841
4.41129, 98.8612, 221.286
5.94997, -94.2943, 189.635
3.21128, -388.719, 460.422
5.65284, -785.195, 795.236
3.15973, 200.019, 936.557
7.13583, -739.186, 250.185
5.53465, -939.772, 785.057
5.50388, -922.173, 370.07
3.33635, 607.204, -529.925
3.301, -863.433, -401.533
5.91628, 624.737, -30.1002
5.1456, -715.905, -14.1859
3.65264, -131.403, 812.845
6.55373, -502.385, -58.3923
5.76477, -420.685, -561.196
4.08597, -550.577, -583.516
2.53953, -262.832, -816.54
3.49176, 725.941, 746.283
3.78831, -8.886, 382.223
3.03825, 892.665, 38.753
3.49545, 133.012, -436.192
6.75079, 803.759, -772.262
6.63912, -985.521, 217.19
6.76813, -960.476, -551.523
5.71027, 285.292, 780.11
3.6787, 729.835, -990.28
6.80638, -502.628, -810.62
5.4745, 37.0257, -101.984
2.52745, 507.647, -29.3755
6.84925, -664.756, -469.173
7.37729, 650.705, 106.801
5.59653, 379.712, 13.3345
3.85574, -944.975, 379.652
7.46973, -158.778, -635.669
4.60751, -723.948, -530.602
4.20537, -795.129, -615.668
4.80717, 362.026, -138.06
4.44822, 264.703, -378.953
4.613, -50.7624, 515.564
2.84879, 132.112, 287.068
5.5153, -59.7566, -127.864
7.36114, -49.7003, 231.3
5.07406, -696.77, -536.391
7.45461, 956.512, -137.762
5.84906, 624.769, -149.784
4.01716, -605.897, 70.8314
3.47371, 875.865, 565.602
4.0109, -709.49, -938.268
4.93946, -334.725, 461.534
4.72438, 530.167, 978.367
5.7844, 319.513, -942.522
3.74227, -779.628, -665.637
4.72007, 54.9842, 556.121
5.75894, -691.811, 54.5585
6.67472, -713.563, 188.45
6.03698, 202.08, 822.535
4.93928, -872.004, -601.827
6.72039, 400.06, -239.523
7.00296, -497.59, -182.891
6.33082, -650.703, -527.126
5.29453, 628.535, 848.285
2.70603, -24.2876, 94.6061
5.46749, 564.535, 65.3636
2.68674, -681.945, 829.073
4.53488, 22.3721, 437.04
2.84243, -977.02, -882.413
7.38558, -778.813, -882.545
2.5956, -517.786, -233.183
6.60363, -161.348, -274.655
5.2195, -373.056, 879.28
5.72828, 792.442, -332.505
3.62934, -260.756, 58.6343
2.733, 827.812, -694.395
3.63154, 215.08, -556.308
4.58371, -633.569, 135.34
6.40126, 266.201, -632.295
3.72852, -922.481, 390.31
4.81411, 660.431, 86.1556
6.14756, 929.157, 291.447
5.35237, -330.347, 816.426
5.45997, 927.932, 927.087
4.98425, -944.899, 281.226
3.951, 495.86, 108.551
4.71107, -5.31567, -226.2
2.53669, 855.162, -395.831
7.41683, 499.848, -360.584
2.52822, -810.804, -144.528
4.8676, -96.8614, 735.997
5.86497, -310.208, -121.9
