6.27803, -365.794, -494.17
3.5948, 33.0173, -54.9332
5.89648, 167.766, -428.344
5.09708, -91.1317, 447.946
2.76731, -458.331, 331.22
2.53849, 163.852, 32.0338
4.58743, -437.045, -108.95
7.15218, 85.6057, 192.897
2.95982, 17.0034, 353.139
6.00595, -77.8879, 151.896
3.81226, 255.543, 401.891
4.14117, 215.851, -439.355
7.45519, 259.621, 133.668
7.41275, -263.591, -132.06
5.75759, 262.456, 248.895
6.92354, 153.122, -415.911
6.33247, -63.0712, -217.47
3.87453, -258.861, -26.9813
4.93259, -317.825, -139.151
2.80282, 403.279, 391.527
5.08146, -2.7651, 386.289
4.96988, 472.553, -179.658
7.23882, -400.375, -226.871
4.42071, 4.36266, -419.578
5.14874, 398.341, -197.347
2.75042, 450.126, -36.5248
6.63909, 254.746, 224.092
5.94228, -478.949, -369.515
6.18112, 125.247, 366.336
6.94286, 490.061, 221.726
4.25508, -177.621, -295.539
6.72991, 84.3111, 12.3517
3.84659, 341.158, -87.5469
4.83959, 26.6987, -71.5328
3.2686, -319.787, -201.022
2.66527, 318.3, 92.92
7.2768, 5.92378, 29.6268
6.95369, 59.5705, 241.384
3.29884, 323.656, 86.5761
3.15214, 209.515, -295.261
2.515, -219.332, -400.31
6.0491, -453.098, -97.0828
3.40448, -253.853, 432.283
5.76029, 396.75, -195.631
4.42907, 158.248, -384.565
3.23766, 4.59449, -103.384
5.45054, 329.643, 109.969
3.24076, 51.1965, 438.496
3.2091, -81.0014, 432.205
4.94257, -243.527, 58.8652
3.13015, 437.179, -36.1959
5.64635, -188.278, -268.468
5.60817, 167.808, -363.553
4.88216, -246.595, 302.156
2.64188, -285.471, -130.546
3.21011, -71.644, 410.526
3.15594, -101.994, 425.794
3.31099, -404.364, 381.089
3.76529, -133.644, -420.303
4.77654, 271.104, -362.425
6.54472, -42.6481, -148.712
3.57624, 143.818, 414.901
3.75063, 399.458, 175.616
5.02978, -16.1082, 371.744
