6.27803, -341.31, -349.642
3.5948, 158.244, -27.2676
5.89648, 191.513, -167.805
5.09708, -199.857, 315.606
2.76731, -334.844, 317.118
2.53849, 326.368, 192.475
4.58743, -236.697, -131.276
7.15218, 241.948, -11.678
2.95982, 116.38, 291.316
6.00595, -44.3412, -34.9411
3.81226, 410.822, 320.098
4.14117, 147.267, -321.301
7.45519, 218.473, 60.7395
7.41275, -305.224, -333.94
5.75759, 241.795, 28.5438
6.92354, 277.996, -267.897
6.33247, -185.551, -172.104
3.87453, -249.553, -361.292
4.93259, -332.666, -236.56
2.80282, 453.573, 417.72
5.08146, 25.6415, 404.458
4.96988, 377.349, -373.974
7.23882, -283.662, -511.232
4.42071, -37.6688, -194.703
5.14874, 418.806, -421.382
2.75042, 278.204, -46.8218
6.63909, 286.146, -57.753
5.94228, -377.592, -457.323
6.18112, 25.6219, 308.442
6.94286, 389.936, 428.036
4.25508, -125.747, -241.699
6.72991, 210.895, 24.164
3.84659, 129.729, 79.1891
4.83959, 78.2612, -115.942
3.2686, -356.062, -310.319
2.66527, 225.823, 18.8529
7.2768, 274.878, 48.8067
6.95369, 283.265, -29.2689
3.29884, 233.191, 57.1223
3.15214, 195.745, -213.652
2.515, -531.886, -220.557
6.0491, -186.814, -234.179
3.40448, -440.217, 348.498
5.76029, 472.983, -324.48
4.42907, 275.568, -300.8
3.23766, 143.37, -14.4166
5.45054, 214.896, 73.2762
3.24076, 39.7905, 254.883
3.2091, 144.048, 203.724
4.94257, -274.973, -276.874
3.13015, 246.811, 63.7832
5.64635, -115.119, -227.881
5.60817, 145.917, -349.016
4.88216, -325.195, 356.043
2.64188, -456.385, -285.969
3.21011, 264.258, 365.359
3.15594, -199.123, 368.981
3.31099, -384.926, 416.184
3.76529, -119.679, -79.9926
4.77654, 109.333, -241.84
6.54472, 31.1776, -171.412
3.57624, -25.8762, 251.863
3.75063, 360.738, 242.176
5.02978, 122.001, 268.094
6.27922, 191.528, -9.85216
5.66369, 216.012, -53.261
5.9449, 150.24, 130.869
7.27207, 413.148, 436.203
5.18713, -401.232, 405.942
4.57014, -239.901, -363.528
4.70019, 226.772, 28.944
6.07821, 448.812, 386.398
6.20858, 201.849, 23.0892
5.12494, 592.362, -332.919
6.06711, -233.019, -163.053
5.91025, 266.569, 57.4638
6.82941, 358.156, -214.603
3.19597, 11.1821, 386.864
3.57766, 129.24, 111.11
5.0733, -125.431, -151.035
4.83766, -61.2131, 404.989
3.55759, -27.5845, 523.926
5.65244, -353.809, 327.231
2.5044, -496.75, 31.7802
4.09589, 196.878, -2.76963
5.90281, 244.268, -5.92338
6.0446, 236.967, -118.43
2.90869, -429.123, 436.341
3.56926, 270.64, -18.4291
4.44412, -333.565, -216.065
4.44927, 522.732, 499.521
3.92018, 220.845, -287.982
4.6123, 178.609, 117.718
2.55658, -355.438, -353.383
3.72027, 575.625, -501.856
4.49072, -445.262, 442.867
6.64177, -478.77, 154.636
3.78584, 415.554, -643.962
3.59705, -166.022, -196.259
6.47385, 232.652, -42.8413
5.8476, 197.593, 29.7486
5.49108, -449.141, 190.318
5.99917, -38.6316, -289.42
5.13062, 188.395, -229.596
4.14833, 202.145, -43.0767
3.30844, -569.355, 34.6459
6.56633, 199.057, 112.501
4.08004, 185.747, 40.9116
4.05369, 45.2515, -238.612
4.65424, -69.329, -78.036
4.46509, -22.4636, -299.259
4.43916, 42.7545, -150.894
4.34871, -347.095, -468.405
5.88118, 217.701, -284.066
6.10384, 213.404, 46.4729
7.20082, 125.666, 360.447
5.08573, -82.968, -214.391
5.5282, -36.1691, -38.8667
5.85049, -354.085, 357.617
5.11404, 0.954911, -286.128
3.87105, -367.265, 423.847
7.08924, 193.478, 3.07933
3.73367, 419.206, -423.301
4.77876, 212.884, -7.76684
3.30374, -443.966, 399.808
4.68319, 323.159, 37.4061
7.45767, 270.061, 131.3
6.26931, -215.793, 406.594
4.97846, -341.858, -317.716
7.01651, -396.938, -166.078
4.68213, 226.481, 2.15427
5.09239, 48.7159, -18.4256
4.44866, 191.778, -268.363
5.63431, -101.626, -308.698
5.19331, 213.912, 48.7887
4.35955, 171.841, -311.744
2.54674, -23.4692, 63.0333
6.3794, -91.0722, -207.292
2.85317, -341.744, -303.302
3.98511, 169.826, -275.815
4.78581, -37.4382, -192.555
3.25156, -236.427, -160.922
5.97819, 120.684, -310.777
4.15587, 270.484, 53.9912
5.21197, 426.43, -355.347
2.64678, 599.774, -472.967
5.38086, -16.4151, -157.417
5.18133, 238.872, 44.0977
7.36678, -231.92, -176.346
5.57063, 23.4992, -255.931
5.26431, -430.979, 89.4107
6.69051, -149.102, 305.921
3.75764, -312.785, 422.583
6.98957, 161.215, 88.754
5.97428, 192.068, -326.378
5.82752, -331.992, -254.888
3.06838, -224.821, -407.718
3.37987, -389.493, 177.57
2.91253, -55.197, -94.2438
6.68103, -48.5995, 63.3395
2.64818, 508.31, -469.464
6.34719, -62.8743, -200.858
4.29829, -440.35, 331.213
6.24626, 45.4404, 384.675
6.28385, 243.559, -1.56935
3.60834, -488.426, -207.96
5.58305, 203.475, 77.2111
3.66846, -86.1553, -220.101
6.22052, -538.678, 189.593
5.80997, -357.819, -308.204
4.9209, 542.395, -491.578
2.58972, 86.5272, 87.1745
4.98291, 195.871, 52.2264
5.09587, 291.998, -253.856
4.71395, -410.161, 22.1386
4.14528, 78.7228, 355.462
3.52671, 243.118, 181.301
7.19863, -21.8684, -255.837
2.85168, -305.113, 390.919
3.30042, -102.152, -114.057
6.70788, -327.557, -248.134
4.13614, -78.1819, -182.052
6.85942, 249.707, 150.825
5.99896, 597.601, 443.634
5.52801, 139.664, 102.907
4.77536, 41.0779, -137.115
2.91543, -396.981, -297.924
3.94883, 45.7528, -125.722
6.51009, -359.645, -366.294
6.81821, 212.083, 37.7693
3.81831, 149.929, -339.205
4.79881, -158.784, -305.449
4.95672, 232.623, -324.709
5.82344, -553.612, -300.191
7.31738, -291.959, -185.03
7.23022, 164.81, -240.781
2.81902, 195.827, -267.961
5.04829, -332.252, -269.978
6.13222, 464.167, 216.669
5.65882, 215.515, 87.1662
3.26658, -425.125, -352.743
5.09652, -407.762, 24.0795
3.52281, -294.135, 410.575
6.03231, 291.798, -197.397
6.05786, -416.75, -224.526
3.66304, -128.89, -183.602
6.80594, 19.6533, -208.679
2.67122, 104.201, 347.645
6.26587, -446.75, 165.311
4.14789, 168.311, 135.351
4.65309, -300.649, -283.598
7.33455, 218.357, -19.0434
4.05803, 421.676, 377.581
5.69762, 373.487, -288.238
5.95386, 129.419, 112.523
5.36403, 102.759, 402.592
6.60667, 520.216, -503.644
4.21807, -357.108, -365.74
5.09387, -346.914, -274.222
6.78438, -74.0208, -234.535
6.18587, 169.403, 232.691
3.45992, -405.907, 284.631
2.83145, -239.86, 213.234
3.60828, 521, -544.844
3.33656, -80.8558, -34.0027
6.31172, 269.844, -72.2547
5.44905, -448.391, 183.425
4.65223, 460.048, 383.426
7.09618, 161.875, 84.4794
5.09668, 166.239, 30.874
7.38058, -372.278, -142.944
5.15714, -294.258, -308.233
2.98716, 222.344, 64.0968
5.83983, 301.822, 40.193
5.44444, 176.55, 152.327
5.01137, -167.844, -183.5
2.75808, -400.857, 145.022
2.6753, 25.345, -327.555
4.41484, -346.937, -276.942
5.55555, 228.96, 22.1457
5.06574, 473.434, 406.9
5.98498, 208.95, 43.0028
4.89891, -115.291, -228.558
3.88323, 271.689, 213.623
6.01685, -231.352, -251.446
3.67701, 321.543, 12.9738
6.41501, -47.9936, -160.941
6.60589, 23.8453, 368.158
3.21842, -385.276, -322.04
5.75757, -476.371, 472.5
3.87677, 522.258, -378.815
7.26215, -397.347, 402.835
4.58238, -217.496, -238.072
3.03869, -47.8725, -54.2066
4.70633, -480.334, 455.29
6.28811, -356.051, -312.167
2.77803, -356.455, -330.138
3.51241, -19.8902, -204.292
6.82305, 532.526, -509.221
6.52456, -102.727, -189.495
2.78861, -343.259, -277.199
4.40304, -112.33, -105.797
4.56124, 40.3082, 362.403
2.80071, -32.3868, 64.4823
7.09746, 477.144, 395.733
3.35398, 470.783, 317.397
6.51634, -390.916, 194.802
3.88599, 221.555, 91.149
4.44586, -24.3598, 251.239
7.19936, -39.8519, 355.739
6.24573, 72.4084, -121.706
3.44774, -498.296, 388.483
6.89581, 250.328, -49.1068
6.8953, 227.888, -307.149
3.30515, -208.223, -175.055
5.87346, -298.509, -262.771
6.89096, 172.798, -6.77159
6.98262, 300.761, -84.9765
3.06535, -207.204, 386.502
5.93789, -204.269, -212.657
3.21651, -163.942, -496.351
3.6901, 317.485, 47.6274
5.64383, 142.562, 119.607
4.312, 360.637, 243.141
4.64437, 565.168, 168.175
4.91936, -121.521, -190.605
6.20379, 52.6648, -118.573
3.23098, -329.272, 385.365
7.36238, -395.906, -265.431
7.3158, -151.921, -193.358
3.14741, -184.283, 647.601
5.3784, 40.6817, -22.5028
4.66439, 10.2168, -88.8926
5.50066, -127.964, -156.605
5.85098, -175.758, -218.793
4.5137, 531.795, 368.779
6.46691, 445.336, 342.343
4.89889, -210.721, -184.212
5.72449, 286.797, -44.5247
4.28836, -165.172, 427.861
5.96794, -56.0215, -230.935
5.83428, -512.418, -277.192
3.22071, -384.684, 419.977
7.10415, -428.32, 178.019
4.22228, 92.8068, -140.896
6.66824, 49.7882, -122.868
2.74349, 228.12, -311.882
3.27936, -164.838, -272.136
2.55765, 277.581, -0.905628
3.94327, 45.0832, 408.45
5.07295, -157.54, -167.166
3.65948, 507.222, 536.518
2.75022, -108.946, -207.495
5.33091, -300.214, -229.452
6.69774, 0.354312, 258.958
4.28763, -345.692, -335.866
4.3452, 23.3792, 333.768
7.22226, 223.621, 30.7094
4.72425, -355.149, -218.793
6.82086, 202.221, 41.048
5.82654, -398.334, -289.558
5.79297, 82.6036, 362.243
7.10736, -589.41, 502.933
5.11536, 566.787, -375.858
5.45229, 289.156, -337.962
5.79944, 382.405, 338.042
4.24765, 202.894, -4.21079
4.11714, 224.519, 39.9775
7.08984, 36.0896, 318.409
3.08619, 491.665, -534.457
7.31268, 164.771, 181.455
5.17978, 33.6757, -158.983
5.81447, 397.903, 404.442
5.48362, 380.936, -390.178
6.93363, -296.919, -160.761
6.67999, -341.242, -276.475
6.69339, 161.347, 67.1059
6.85642, -62.2914, -5.56624
2.5002, -272.182, 118.657
4.77274, 245.84, 60.6584
4.25696, -443.384, 171.374
5.80713, -233.058, 498.58
6.22234, -397.038, 199.74
3.3821, -101.927, -214.597
7.4621, 524.746, -494.729
5.95466, -393.645, 147.299
6.97862, 244.367, 317.983
3.51579, 228.711, 66.008
7.2356, -330.776, -191.932
4.88476, 440.059, -413.553
6.78578, 455.549, -508.892
6.41237, -323.083, -281.73
5.70687, 405.608, -432.036
3.14521, -460.65, -30.1493
5.77944, -21.1269, 343.204
3.09199, -40.1555, -107.427
3.88793, -19.5705, 221.059
6.65548, -128.65, -138.243
6.14153, -273.911, -508.014
6.74348, -861.403, -46.3227
3.43989, -213.549, -111.111
6.09602, 205.139, -132.815
4.25586, 174.499, -33.8594
3.34555, -535.745, -384.428
4.52383, -154.142, -255.384
4.20924, 52.3384, 369.686
6.67141, 184.005, 26.8979
3.9111, 443.114, 347.212
5.16766, -318.819, -263.535
6.25085, 417.83, -336.442
4.62554, -380.613, -167.473
4.66964, -438.893, 391.911
3.03022, 444.064, -377.844
6.4639, -75.434, -230.086
3.91232, -512.996, -177.359
7.14264, -132.653, -176.214
5.37926, 322.78, -23.2346
3.4895, 387.099, -250.447
5.99081, 212.529, -295.723
3.07265, 218.338, -266.25
4.22945, -28.1037, 213.939
4.15646, -138.999, -191.779
6.42735, 539.258, -498.737
6.65775, 165.058, 196.798
4.21712, -512, 341.397
4.2603, -202.49, 333.288
6.38197, -78.4383, -177.157
6.58658, -50.7705, 361.997
4.26157, -145.71, -123.84
7.09559, -279.305, -253.471
3.2877, 259.33, 7.07286
5.56029, -309.389, 524.959
5.54222, -385.628, 420.661
3.16647, -86.3436, -203.964
3.51409, -401.37, -315.749
4.79457, -385.805, 437.102
3.48759, -311.924, 457.876
6.77118, -431.47, 157.61
6.54562, -57.9739, -282.118
2.80131, -463.431, 429.161
6.50584, -465.31, 433.323
5.49597, -93.473, -229.63
7.43182, -453.325, 186.869
2.65919, 106.353, 346.298
6.8356, 536.27, -502.747
3.69109, 90.8674, -58.0315
3.6127, 176.757, 19.9382
4.73907, -338.287, -316.111
2.61231, 170.179, 152.792
6.79755, -102.958, -215.905
4.15902, 211.335, -8.75449
5.72195, 299.932, -111.438
7.43521, -338.951, -314.098
5.30162, 210.467, -307.985
4.74553, -275.281, -243.291
5.213, -21.9497, -233.282
2.90797, 270.692, -29.9922
3.99606, -198.029, -235.516
6.63964, 383.858, 339.713
6.48936, 428.041, 567.703
5.71048, 133.885, 256.476
4.84105, 224.978, 49.386
7.15326, -97.0939, -213.894
5.08798, -80.4787, -203.003
7.42924, 439.487, -427.565
5.94567, -33.9883, -124.967
6.19966, -113.19, -227.498
3.46323, -580.002, -186.018
6.08881, -211.296, 491.451
6.11146, 135.05, 108.193
6.49298, 230.148, 48.1016
4.23216, 266.518, -196.15
5.1481, 20.018, -130.364
3.19001, 100.404, 83.8183
6.73218, -129.423, -152.726
6.32766, 84.6022, -267.054
7.5, 513.211, -535.171
4.24891, 480.884, 291.292
5.50367, -399.493, 401.245
3.50808, -285.164, -237.544
6.2385, 294.159, 41.8884
6.49225, 207.858, 34.8609
3.03505, -408.138, 374.917
5.35813, -278.312, -286.979
2.84683, 112.642, -122.428
4.16036, 442.615, 325.304
5.80945, 222.935, -312.461
5.27726, 136.402, -160.431
7.12415, 207.813, 59.8106
2.69832, -249.416, -264.258
2.62083, -92.0089, -216.686
4.61923, 274.251, -269.017
4.36987, 255.079, 27.721
2.93303, -112.2, -104.183
3.05403, -65.8155, -121.332
5.31992, 251.034, -443.257
7.37269, -158.95, 406.377
3.05066, -52.092, -222.329
5.99352, -7.61501, 332.692
2.79674, 166.51, -238.393
4.69755, 148.087, 126.567
5.24651, 391.472, 353.912
3.45129, 278.574, -373.974
7.36597, 238.323, 131.152
3.19593, -296.955, -188.736
5.48978, 413.724, -422.931
7.12812, -316.476, 460.53
3.91116, 54.087, 363.704
6.8307, -132.238, -219.052
6.29598, 12.8338, -216.668
6.10793, 218.362, -24.3551
3.34241, -34.0248, 67.2545
3.32882, 411.26, 297.644
3.39076, -281.822, -2.45911
5.87226, 223.307, -255.457
4.83484, 24.4921, -339.922
6.85219, -365.786, -423.424
5.76023, -293.213, -306.838
5.80464, 557.119, 561.988
2.58037, -422.089, -555.053
4.30596, -404.111, -276.925
3.72747, 284.954, 135.999
6.93086, -410.683, -340.799
5.23701, 566.497, 425.406
6.57209, -125.339, -216.493
5.24453, -0.554092, 331.825
4.16156, 154.079, 159.16
4.40213, 149.637, -220.553
2.52389, 447.074, 355.355
6.95226, -101.905, -190.606
6.16955, -417.145, 446.316
6.04239, 76.1462, 334.623
5.1278, 39.8818, -116.032
6.41065, -71.0805, -194.92
3.42484, -236.435, -257.857
5.72673, 242.747, -9.25322
3.42178, -333.04, -319.077
3.31214, 0.487204, -161.402
2.65594, -338.791, 393.435
7.42716, -88.9979, -150.225
4.04559, -291.117, -213.235
4.11075, -228.064, -72.8181
5.51155, 257.638, 111.448
2.89107, -232.184, -178.353
3.93936, 275.99, 97.8932
5.79307, -87.027, -295.519
7.36348, -220.237, -464.421
7.27758, -430.525, -206.958
7.42745, -222.359, -214.735
7.30478, -411.585, -305.18
3.0073, -474.615, 463.975
3.71505, -131.412, -266.083
6.91151, -154.923, -196.777
5.28805, 210.483, -4.78668
6.7669, 430.769, 338.801
7.49145, -332.318, 388.39
3.99751, -23.3667, -304.538
6.33157, 371.033, 410.241
4.81901, 250.354, 109.574
6.8168, -365.031, -126.898
6.99018, 215.246, -40.995
7.377, 79.5629, -166.892
2.77405, 241.637, 33.9424
6.32605, 534.772, -484.69
5.09219, -311.409, 463.443
3.46574, 126.296, 65.5645
6.98252, 252.821, -276.67
6.38492, -217.147, 216.463
2.75968, 267.91, -23.0829
7.47331, -397.087, 386.764
5.93659, -347.295, -255.588
5.94854, 373.759, 432.155
6.57666, -194.376, 313.465
7.05426, -68.1129, -201.068
3.34218, -61.2759, -2.18614
5.24183, -407.201, 371.582
6.53351, -92.8002, -205.681
4.17803, 191.675, -271.036
5.53435, -223.599, -159.322
6.59602, -468.498, 283.981
7.3485, 39.3707, -135.784
6.29349, 361.53, 453.83
3.72113, -144.237, -199.451
5.80589, -521.618, 88.3999
4.21574, -170.166, -255.353
7.27146, 104.216, -221.601
2.60828, 179.962, 395.139
4.54979, -542.84, 495.793
2.55789, 175.519, -275.956
3.04964, 270.284, 137.544
5.28259, -427.195, 170.893
4.45466, 23.9896, -113.609
7.20539, 34.7513, -133.365
2.55572, 273.58, -198.748
6.22897, -153.411, -276.504
3.84293, 164.105, 30.6219
4.27153, -298.054, -336.885
3.45835, -230.804, 493.947
5.14832, 359.09, 297.216
4.39478, -45.9564, -202.908
3.16407, -160.618, -233.427
4.26563, -86.6847, -289.845
4.2497, 504.975, 448.454
7.41084, 164.92, 93.6883
5.25961, -119.787, -124.407
4.99918, -162.204, -136.079
3.58531, -416.167, 173.803
4.37311, -66.4715, -225.187
6.78251, -358.469, -307.621
6.45578, 405.881, -446.885
3.9204, -317.031, 383.07
5.07645, 311.853, 319.777
6.79238, -143.429, -186.644
7.07844, -249.497, -72.2939
7.48941, 0.332379, 257.778
6.53177, 47.7331, -153.365
5.22718, -352.298, -240.219
7.3461, 25.3147, -227.891
5.31931, -432, 63.881
4.03031, -335.67, 384.15
5.41853, 489.782, 511.88
2.91197, 141.503, -3.78491
5.47382, 272.87, -20.872
3.31968, -384.481, -385.262
6.46527, -374.963, -328.2
2.95373, 646.208, 277.765
6.3072, -406.88, -164.437
6.83996, -140.494, -201.089
6.40105, -157.634, -280.445
6.61399, 369.024, 415.234
6.70974, 216.168, -125.676
4.48328, -62.2602, -91.7571
6.508, -49.33, -93.0616
6.56811, 306.935, 153.258
5.43493, -235.618, -265.992
4.64621, 192.659, -70.3604
2.5002, -93.0541, -200.843
5.31153, -311.554, 96.8391
6.22632, 210.733, 62.4578
3.89846, 266.724, 151.955
2.93406, -273.342, 445.356
3.5733, 474.608, -393.68
3.93296, -483.556, 432.493
4.86595, -400.687, 511.246
6.95893, 525.58, 504.412
5.91955, 147.683, -318.559
3.54376, 37.0786, -130.772
6.67533, 216.267, -126.357
7.09218, 473.751, 388.441
4.48244, -738.813, -280.313
6.37858, 231.899, -0.0266075
5.68161, 195.349, -72.282
6.64746, 207.293, 14.6313
3.40204, 255.891, -289.428
7.45927, 149.806, -251.308
6.70558, 8.20885, -157.707
4.65177, 272.1, 177.407
4.38589, 323.181, 461.271
2.70802, 158.766, -323.251
6.80715, -373.411, -399.806
6.62116, 428.483, -360.482
6.25052, -158.898, 377.999
3.55801, -164.847, 365.957
4.31029, -135.807, -256.935
4.43545, -226.935, -199.072
7.32918, 394.899, 413.444
6.5872, 98.8619, 348.894
4.5755, 174.552, 271.197
5.83759, 314.527, 62.2098
2.52101, 438.939, 305.443
6.98048, -457.605, 174.556
3.68416, -26.3673, 62.9137
3.79415, 5.49118, -223.144
5.4939, 199.457, -324.57
6.89823, -431.414, 180.406
6.16299, -296.761, -262.254
6.0773, 428.723, 216.5
3.57724, -159.183, 285.839
6.30413, 579.054, -392.575
3.85351, -18.6681, -192.668
2.75246, 278.798, 104.955
4.78866, 137.608, -136.858
2.58759, 276.388, -371.366
3.01129, -32.6303, -102.653
2.639, -147.44, -124.42
5.65921, -112.138, -199.795
6.34425, 15.6257, -102.446
2.74132, 182.729, -357.87
6.6924, 125.305, -156.207
6.76899, -338.151, -59.3815
6.57649, -419.557, 416.39
6.85188, 382.4, 304.324
5.27222, -267.924, -272.149
6.12646, -115.254, -194.577
3.20424, -165.163, 311.064
6.6115, 153.008, -339.992
5.51185, 153.452, 48.9847
4.93856, 123.893, -261.54
6.14942, 93.8287, 385.691
4.05164, 444.791, -633.316
3.93925, -297.765, 39.2219
5.45857, -381.905, 422.281
5.34055, 496.845, 308.893
5.41059, -355.502, -151.425
2.84132, -440.197, 258.434
4.34304, -121.015, -124.058
6.28475, -315.3, -299.191
6.35297, -561.681, -364.731
4.27217, -216.54, -221.808
5.98913, 27.3874, 268.673
5.08005, -233.192, -238.725
5.94494, 251.002, 54.0395
6.18066, -14.027, 251.782
2.56231, -67.6065, -174.03
7.16549, 139.885, 75.4233
5.37826, 147.114, 75.284
3.05587, 419.154, 263.02
4.87388, -216.117, -157.784
3.24247, 455.09, 42.7464
4.22594, 235.651, -16.62
7.04476, -428.957, 180.858
4.54571, 111.868, 413.884
5.96642, -205.138, -202.534
3.35865, 254.916, -250.273
6.21715, 394.064, -391.205
4.16319, -325.828, 406.387
4.62157, 230.909, 72.5653
2.79523, -140.236, -258.171
5.09005, 298.437, 152.838
5.94425, 202.683, -220.596
5.01149, -79.5546, -207.155
6.56617, 7.9821, -222.451
3.07974, -184.986, -207.581
5.24841, 277.669, 1.72826
5.06046, 227.009, 35.2966
6.02649, 396.646, 478.863
5.65083, -208.213, 312.958
4.0207, -68.4317, -190.246
6.74719, 214.138, 66.9714
3.39619, 190.97, 37.2368
2.61737, -380.79, -204.524
4.19467, 206.69, 118.594
3.43818, 187.491, 27.2536
6.60467, -72.2502, -232.584
6.72507, -209.492, -183.725
6.78031, 520.41, -506.785
7.37454, -440.378, 399.019
2.99587, 138.176, -346.167
2.56182, 313.553, 390.356
2.58614, 214.614, -13.088
2.64527, 268.657, -40.3064
4.1031, -118.628, -127.512
6.17815, 247.261, 56.2217
3.14876, 183.972, -9.3177
2.5161, -244.877, 209.381
6.91905, -190.857, -144.158
3.70482, 241.209, -288.557
4.38481, -388.515, 422.786
4.44879, 185.161, 4.01522
2.81534, 175.618, 91.9904
7.30792, -75.6868, 381.337
3.75349, 361.83, -287.432
6.85376, -213.543, -211.925
2.85991, -427.523, 234.392
2.70653, -292.905, 515.576
3.46378, 295.545, -347.629
3.86708, -107.908, 175.092
7.4007, -267.256, -453.36
3.60607, 235.294, -306.014
6.43119, -305.643, 352.645
4.42306, 86.2629, -174.821
3.78593, 230.172, -237.373
3.91087, -398.142, 148.687
7.33834, 71.6886, 124.789
4.22841, -24.5521, -216.477
3.45922, -465.246, 223.148
5.05037, -422.868, -232.39
5.21857, -366.735, 365.227
5.72333, -360.273, -313.414
3.89738, 44.8806, 420.341
3.41887, -89.1177, -154.547
2.71579, -249.555, 152.368
3.98408, -133.943, -184.674
4.25548, -14.311, 115.46
7.09372, -261.95, 414.799
5.81225, 244.374, -139.809
5.08041, 440.676, 347.997
4.03763, 212.371, -7.79819
3.0007, -52.8097, 24.7776
3.47502, 224.223, -71.3802
4.11407, -38.8001, -139.549
5.56182, 119.923, 2.9177
5.13511, 536.033, -396.066
3.45653, 273.435, 0.954632
4.7178, -280.273, -302.649
4.48693, -348.186, 380.91
6.28051, -327.91, 278.124
6.6213, 451.643, 388.597
5.51573, -134.122, -71.6748
3.04573, 168.668, -267.205
4.11797, 228.73, 134.891
5.03403, 315.423, 174.674
4.76521, -440.728, 390.115
4.77315, -115.889, -190.31
4.91125, 444.509, 396.083
5.07896, 233.163, -311.843
4.50207, 35.6827, 354.546
4.22945, 155.956, 240.096
6.64533, 161.821, 118.993
3.02204, -652.719, -465.753
6.40057, 167.065, -0.526941
3.19919, -100.17, -115.304
2.62171, -319.221, -283.705
6.0664, 242.416, -219.441
7.15538, -108.024, -137.228
7.47667, 190.222, 32.9738
3.86264, -384.123, 91.3205
3.6923, -263.622, -283.928
3.87328, 524.565, 414.843
5.70836, -346.724, -288.093
5.17637, 250.048, 4.96787
6.8967, 387.44, -283.565
6.75968, -461.323, -247.493
2.98004, 179.302, 116.365
4.66818, -531.835, 173.818
3.17045, 155.295, -54.3266
5.86802, -61.5093, -13.0602
5.34964, -73.2598, -182.541
3.66474, -469.87, 390.846
5.50306, 163.296, -310.063
2.6551, -365.641, -321.365
7.08512, 171.102, -72.9758
3.82958, 141.419, 109.633
6.50016, -93.3872, -186.304
5.46389, -46.4256, -203.371
5.0822, 277.875, -34.5901
5.2567, 318.543, -45.0899
3.47225, 277.892, 142.323
5.36152, -2.23858, -345.055
3.81992, 187.826, 195.01
4.41648, -386.315, 473.877
2.73626, -312.925, -133.271
4.22823, 173.372, -275.735
3.61594, 121.553, -349.099
3.81264, -125.17, -101.575
3.05141, -129.786, -216.621
7.40088, -322.08, -391.63
5.93794, 399.979, 433.997
5.82158, -426.81, -236.483
5.99501, -380.084, -225.725
2.68746, -357.299, -265.128
3.6706, -313.678, -356.983
3.95397, 446.013, 375.24
3.50543, -8.38319, -267.664
2.7177, 344.768, -8.05866
2.56571, -169.125, 496.115
6.07297, -306.472, 433.748
6.88348, -366.894, -339.047
5.35088, -421.694, 113.57
6.92743, 481.832, 396.879
5.20042, -315.899, -274.163
3.31357, 554.424, -468.569
3.30492, 377.472, 429.081
7.19182, 227.987, 76.644
3.45628, 393.822, -354.229
3.15761, -158.092, -141.152
4.41122, -81.5469, -146.582
6.12674, 251.124, 109.387
2.50651, 475.671, 405.635
4.60222, 108.901, 270.711
5.18984, 211.674, 37.9165
4.86596, -21.6824, 63.4756
6.33003, 479.019, 406.326
2.9396, 252.871, -289.823
7.04284, 217.946, -10.3063
3.20818, -596.737, -422.603
2.54782, 312.891, 28.9537
2.82267, 186.375, -53.0001
4.96742, 197.505, 72.962
5.40914, 459.76, 306.727
4.03373, -308.4, 470.486
4.57091, 206.09, -37.4869
4.33401, -342.984, -272.612
3.42687, 74.7958, 361.828
2.76788, 87.8053, 42.1019
4.47222, 172.076, 178.919
3.98388, -24.498, -93.7289
5.05388, -500.721, 413.822
3.75392, -435.938, 180.086
5.01589, 462.513, 486.399
2.51168, -298.944, 453.971
7.01807, 585.649, -208.783
2.79181, -416.775, -319.415
5.17506, -173.981, 329.865
3.95754, -499.18, 358.456
7.3023, -250.077, -133.231
4.73406, 203.108, 4.36107
5.08479, 259.811, 182.128
5.93861, -103.131, -215.292
2.72187, -156.142, -205.78
7.2946, -440.374, 441.415
5.70852, 306.59, 56.1686
2.80215, 35.7667, -322.827
3.33964, 213.279, 25.2393
5.76491, 151.745, 59.3297
6.19864, -401.698, 147.587
3.57011, 251.568, 176.015
4.31441, -235.016, -131.51
6.56981, -352.283, 331.796
5.32057, 389.676, -224.583
7.45886, -65.9286, -183.116
6.5669, -103.033, -43.0315
3.49157, -308.905, 79.0824
2.50003, -51.338, -345.692
4.62608, 584.964, -334.553
4.07406, 286.748, 190.535
5.56218, 475.671, -379.841
3.83351, -21.553, -176.278
4.39881, -271.281, -28.364
5.43397, 236.574, 16.3118
5.95636, -137.607, -250.665
7.26736, -70.3178, -240.358
4.89785, -377.943, -229.375
3.60319, 232.209, -298.001
5.33741, -385.388, -322.562
6.09873, 285.854, 174.536
4.4953, -325.423, 353.765
3.48326, -371.064, 349.416
6.66971, -482.083, -413.991
5.59561, -417.944, -320.727
7.26866, -80.9584, -225.017
3.23222, 42.0062, -128.105
5.38953, -161.746, -161.758
7.26796, -321.987, 376.897
3.62331, 558.174, -318.33
7.25137, -308.444, 401.205
3.07874, 423.691, -434.249
2.58372, 36.5378, -143.887
3.90465, -158.764, -166.207
7.15042, 245.181, 54.1664
3.04796, 527.36, 521.684
6.77266, 73.6569, 376.961
5.68532, -582.518, -285.881
5.63853, 218.963, -317.841
3.80589, 452.398, 379.168
5.13936, -524.383, 174.226
7.16608, -215.407, 312.762
3.98055, 105.569, 142.224
4.78006, 213.075, 1.96969
6.35659, -342.465, -277.258
4.17193, 293.428, 173.404
6.31775, -5.87043, -183.297
6.65892, 26.5438, 271.987
2.64618, -388.442, 471.789
4.31315, 329.127, 10.8737
4.16221, 303.384, -84.0256
3.17675, -314.706, -215.368
3.00839, -196.606, 490.14
5.11327, -336.064, 316.507
3.52046, -302.795, -203.616
5.00728, -325.997, -247.145
5.1371, 117.446, 357.656
4.13422, -157.066, -163.909
4.75888, 89.8229, -242.561
6.85263, 98.2881, 340.342
4.72884, 498.305, 307.056
6.03726, -667.679, -56.758
6.83171, 521.194, -479.159
6.5822, 265.056, 170.378
2.67504, 575.215, 427.995
3.8644, -220.699, -268.565
5.21858, -93.1735, -266.826
3.19942, -180.558, -209.243
5.57408, -228.552, -20.6011
3.29182, -242.494, -155.987
4.41129, 182.892, 3.60471
5.94997, -72.0033, -59.0088
3.21128, -243.168, 207.025
5.65284, -343.565, 404.159
3.15973, -46.0827, 223.816
7.13583, -543.791, 184.246
5.53465, -444.85, 379.895
5.50388, -376.252, 195.538
3.33635, 155.063, -340.35
3.301, -580.453, -453.624
5.91628, 211.737, 64.7873
5.1456, -201.387, -207.059
3.65264, 61.9772, 311.655
6.55373, -358.676, -182.849
5.76477, -32.0727, -226.018
4.08597, -306.331, -336.082
2.53953, -39.6539, -101.967
3.49176, 403.888, 489.862
3.78831, 326.49, -72.2381
3.03825, 205.668, -126.641
3.49545, -9.81876, -162.883
6.75079, 676.749, -410.721
6.63912, -307.12, 117.853
6.76813, -314.027, -341.673
5.71027, 6.56344, 433.117
3.6787, 582.913, -292.917
6.80638, -402.955, -37.7229
5.4745, 244.387, 245.216
2.52745, 200.481, 141.581
6.84925, -323.436, -273.416
7.37729, 214.33, 113.859
5.59653, 135.98, 51.8528
3.85574, -428.05, -55.7664
7.46973, -167.002, -229.579
4.60751, -336.54, -210.1
4.20537, -297.866, -301.674
4.80717, 133.838, -107.725
4.44822, 73.3808, -174.995
4.613, -46.909, 370.053
2.84879, 224.362, 146.684
5.5153, 16.6452, -81.6409
7.36114, -63.2778, -63.6115
5.07406, -309.893, -261.989
7.45461, 168.189, 173.566
5.84906, 141.794, 73.8465
4.01716, -161.984, -216.018
3.47371, 384.241, 335.261
4.0109, -213.352, -104.21
4.93946, -285.577, 613.029
4.72438, 457.582, 356.205
5.7844, 173.675, -279.862
3.74227, -404.56, -273.975
4.72007, -31.3107, 386.145
5.75894, -321.701, -229.973
6.67472, -625.47, 365.872
6.03698, 73.984, 346.654
4.93928, -279.378, -252.771
6.72039, 130.699, 62.0916
7.00296, -161.059, -200.1
6.33082, -386.422, -390.599
5.29453, 400.284, 394.935
2.70603, 291.66, 20.6306
5.46749, 260.781, 59.4692
2.68674, -213.799, 270.106
4.53488, 228.332, 2.871
2.84243, -494.161, -559.695
7.38558, -221.337, -169.083
2.5956, -275.091, -274.443
6.60363, -164.102, -129.9
5.2195, -465.739, 293.592
5.72828, 384.216, -250.492
3.62934, -104.545, -219.601
2.733, 542.24, -479.705
3.63154, 254.783, -235.325
4.58371, -388.378, 217.748
6.40126, 199.01, -324.989
3.72852, -444.382, 238.416
4.81411, 259.286, 25.2887
6.14756, 165.385, 18.2116
5.35237, -465.048, 293.833
5.45997, 466.956, 404.167
4.98425, -494.982, 94.5544
3.951, 90.5661, -29.7135
4.71107, 47.3701, -134.105
2.53669, 620.367, -548.033
7.41683, 250.062, -133.449
2.52822, -401.716, -56.0355
4.8676, 63.829, 312.3
5.86497, -87.1115, -276.869
