6.27803, -723.543, -896.748
3.5948, -9.263, -133.428
5.89648, 362.492, -847.842
5.09708, -264.356, 858.819
2.76731, -943.552, 655.155
2.53849, 347.95, 26.9236
4.58743, -759.35, -227.557
7.15218, 166.999, 394.704
2.95982, 0.525549, 715.773
6.00595, -157.003, 289.322
3.81226, 544.93, 802.735
4.14117, 476.549, -867.058
7.45519, 441.617, 230.728
7.41275, -503.057, -230.62
5.75759, 465.307, 413.544
6.92354, 250.979, -794.884
6.33247, -195.049, -476.639
3.87453, -488.38, -78.4076
4.93259, -638.82, -302.824
2.80282, 793.179, 762.925
5.08146, 26.0986, 697.405
4.96988, 896.611, -382.145
7.23882, -752.744, -479.046
4.42071, -49.2151, -805.419
5.14874, 775.821, -488.526
2.75042, 786.666, -51.0608
6.63909, 545.52, 520.036
5.94228, -839.199, -701.43
6.18112, 261.745, 721.198
6.94286, 909.413, 428.885
4.25508, -362.503, -532.036
6.72991, 186.744, 15.604
3.84659, 580.874, -109.29
4.83959, 51.1341, -230.522
3.2686, -619.794, -456.661
2.66527, 600.436, 170.687
7.2768, -2.96119, 76.8138
6.95369, 122.107, 454.623
3.29884, 615.612, 209.752
3.15214, 431.017, -551.212
2.515, -465.973, -793.95
6.0491, -831.211, -183.466
3.40448, -500.963, 814.111
5.76029, 760.533, -315.43
4.42907, 411.209, -718.041
3.23766, 23.3843, -198.029
5.45054, 603.001, 81.8661
3.24076, 180.987, 861.582
3.2091, -158.05, 909.754
4.94257, -447.197, 103.197
3.13015, 818.689, -45.5271
5.64635, -312.056, -552.265
5.60817, 269.941, -683.899
4.88216, -500.415, 567.478
2.64188, -439.476, -196.614
3.21011, -115.225, 691.717
3.15594, -203.273, 823.278
3.31099, -789.578, 741.272
3.76529, -243.094, -771.592
4.77654, 535.376, -692.637
6.54472, -81.5343, -283.423
3.57624, 293.126, 778.017
3.75063, 759.413, 367.519
5.02978, -87.1997, 701.3
6.27922, 608.238, 144.223
5.66369, 819.037, -42.0053
5.9449, 575.94, -125.277
7.27207, 922.898, 457.708
5.18713, -393.018, 667.013
4.57014, -699.211, 13.6299
4.70019, 713.583, 156.759
6.07821, 701.069, 445.77
6.20858, 350.881, 570.03
5.12494, 742.288, -919.873
6.06711, -806.764, -88.7878
5.91025, 329.464, -20.7062
6.82941, 811.62, -569.106
3.19597, 6.58489, 695.158
3.57766, 886.572, -142.895
5.0733, -322.94, -146.843
4.83766, -106.189, 711.761
3.55759, -235.622, 604.095
5.65244, -664.349, 931.97
2.5044, -880.985, 157.014
4.09589, 418.687, 505.703
5.90281, 327.212, -97.2388
6.0446, 636.417, -552.367
2.90869, -771.308, 612.259
3.56926, 256.032, 434.225
4.44412, -785.423, -553.61
4.44927, 865.168, 857.952
3.92018, 358.892, -456.287
4.6123, 541.953, 516.617
2.55658, -627.112, -470.369
3.72027, 880.453, -639.286
4.49072, -706.474, 612.733
6.64177, -681.9, 197.748
3.78584, 849.049, -689.167
3.59705, -728.92, -498.95
6.47385, 349.706, 264.924
5.8476, 454.784, 381.099
5.49108, -868.551, 269.887
5.99917, -341.592, -516.405
5.13062, 548.003, -707.29
4.14833, 210.382, 108.295
3.30844, -735.337, 349.182
6.56633, 682.027, -10.5705
4.08004, 413.426, 156.953
4.05369, 23.7915, -713.635
4.65424, 36.3407, 132.684
4.46509, -157.53, -481.564
4.43916, -4.41735, -161.84
4.34871, -742.211, -509.555
5.88118, 329.122, -508.618
6.10384, 378.066, 31.2124
7.20082, -55.9351, 859.049
5.08573, -82.5343, -386.254
5.5282, -160.901, 281.293
5.85049, -649.572, 897.986
5.11404, 67.796, -263.915
3.87105, -898.211, 637.21
7.08924, 142.845, 287.91
3.73367, 881.391, -433.922
4.77876, 333.837, 618.192
3.30374, -884.637, 620.778
4.68319, 360.573, 299.408
7.45767, 430.18, 148.171
6.26931, -410.345, 384.431
4.97846, -888.629, -617.267
7.01651, -609.472, -720.371
4.68213, 486.986, 502.161
5.09239, 146.881, -902.716
4.44866, 96.8356, -777.778
5.63431, -170.806, -563.709
5.19331, 337.443, 314.189
4.35955, 625.264, -447.289
2.54674, -328.82, 328.525
6.3794, 25.6624, -700.788
2.85317, -844.054, -582.636
3.98511, 388.825, -692.105
4.78581, -34.2439, -790.169
3.25156, -105.24, 21.5179
5.97819, 628.028, -415.413
4.15587, 372.504, 137.649
5.21197, 922.529, -810.156
2.64678, 722.924, -894.06
5.38086, 13.5985, -196.944
5.18133, 328.996, 455.749
7.36678, -732.064, -854.178
5.57063, -310.507, -563.092
5.26431, -732.824, 205.003
6.69051, -264.74, 857.456
3.75764, -465.228, 849.64
6.98957, 585.244, -138.143
5.97428, 519.52, -470.968
5.82752, -453.982, -63.5873
3.06838, -635.467, -751.623
3.37987, -876.745, 94.0006
2.91253, -141.293, 163.151
6.68103, -198.759, 314.31
2.64818, 862.522, -675.273
6.34719, -57.4978, -807.535
4.29829, -499.934, 805.763
6.24626, 34.0851, 510.285
6.28385, 333.245, 293.192
3.60834, -516.558, -848.776
5.58305, 287.072, 134.286
3.66846, -532.262, -221.988
6.22052, -700.534, 253.38
5.80997, -845.442, -668.357
4.9209, 886.523, -712.88
2.58972, 848.498, 167.522
4.98291, 437.669, 148.495
5.09587, 5.8115, -828.682
4.71395, -823.422, 475.278
4.14528, -56.8771, 892.409
3.52671, 460.094, -89.3778
7.19863, -203.243, -545.355
2.85168, -531.301, 831.181
3.30042, 40.9477, -741.813
6.70788, -703.598, 7.44804
4.13614, -178.116, -254.493
6.85942, 182.61, 390.302
5.99896, 638.178, 506.107
5.52801, 839.678, -183.743
4.77536, 52.3849, -200.706
2.91543, -522.684, -218.785
3.94883, 9.95102, -158.012
6.51009, -626.91, -748.846
6.81821, 338.985, 17.1778
3.81831, 388.427, -485.054
4.79881, -752.934, -253.702
4.95672, 548.641, -480.916
5.82344, -457.919, -911.843
7.31738, -602.193, -170.767
7.23022, 552.673, -707.105
2.81902, 242.744, -632.702
5.04829, -509.701, -230.849
6.13222, 669.29, 640.77
5.65882, 525.516, -282.539
3.26658, -875.621, -912.593
5.09652, -817.145, 477.778
3.52281, -501.751, 798.486
6.03231, 384.684, -813.498
6.05786, -488.889, -73.4904
3.66304, -530.518, -214.051
6.80594, 20.5062, -139.196
2.67122, -73.6584, 870.065
6.26587, -875.263, 100.794
4.14789, 588.031, 148.854
4.65309, 26.1515, -485.658
7.33455, 827.397, -206.324
4.05803, 712.545, 644.846
5.69762, 847.19, -703.699
5.95386, 821.273, -41.9935
5.36403, 35.1071, 614.374
6.60667, 884.356, -711.616
4.21807, -842.079, -659.223
5.09387, -787.065, -685.405
6.78438, 106.432, -867.953
6.18587, 360.787, 3.68517
3.45992, -806.533, 357.843
2.83145, -289.132, 311.164
3.60828, 895.224, -708.879
3.33656, 94.6444, -187.243
6.31172, 356.746, -857.72
5.44905, -826.02, 338.273
4.65223, 816.019, 826.502
7.09618, 622.261, 12.0076
5.09668, 438.884, 139.592
7.38058, -670.177, -48.9635
5.15714, -449.842, 105.343
2.98716, 326.224, 291.405
5.83983, 186.071, 135.494
5.44444, 156.341, -21.4579
5.01137, -648.403, -87.4619
2.75808, -851.075, 397.548
2.6753, -281.291, -0.394316
4.41484, -742.319, -514.738
5.55555, 215.3, 102.755
5.06574, 553.391, 816.726
5.98498, 353.228, -5.94139
4.89891, 38.6995, -215.326
3.88323, 41.2986, 429.035
6.01685, -430.703, 178.202
3.67701, 808.207, -7.08402
6.41501, 121.075, -178.121
6.60589, 307.324, 766.688
3.21842, -476.281, 47.4401
5.75757, -486.985, 755.179
3.87677, 824.481, -891.361
7.26215, -442.477, 668.141
4.58238, -726.829, 15.3102
3.03869, -122.493, 369.59
4.70633, -760.109, 530.94
6.28811, -377.093, -264.864
2.77803, -353.904, -259.146
3.51241, 2.79114, 110.773
6.82305, 885.162, -693.047
6.52456, -252.799, -37.6595
2.78861, -644.435, -617.758
4.40304, -42.7488, -661.722
4.56124, -106.428, 684.016
2.80071, -344.871, 305.654
7.09746, 787.643, 595.723
3.35398, 570.375, 829.471
6.51634, -887.691, 207.134
3.88599, 668.784, 37.1315
4.44586, 165.863, 739.746
7.19936, 66.3113, 606.177
6.24573, 180.068, -207.718
3.44774, -350.318, 730.707
6.89581, 402.419, 466.479
6.8953, 393.862, -773.87
3.30515, -767.405, -238.578
5.87346, -774.454, -200.179
6.89096, 613.954, 155.033
6.98262, 265.805, 480.29
3.06535, 25.4971, 702.038
5.93789, -175.893, -218.627
3.21651, -764.58, -706.318
3.6901, 330.905, -31.7969
5.64383, 875.887, -191.651
4.312, 758.66, 369.044
4.64437, 585.949, 686.989
4.91936, -49.1945, -808.063
6.20379, -14.9776, -129.95
3.23098, -344.907, 803.723
7.36238, -763.859, -695.61
7.3158, -503.729, -252.091
3.14741, -550.821, 625.363
5.3784, -271.438, -574.415
4.66439, 91.8328, -165.224
5.50066, -250.526, -268.62
5.85098, -668.76, -54.7107
4.5137, 403.607, 933.409
6.46691, 649.313, 636.125
4.89889, -893.251, -233.152
5.72449, 300.612, 245.53
4.28836, -267.295, 608.427
5.96794, -307.172, -216.643
5.83428, -420.101, -662.302
3.22071, -427.079, 660.555
7.10415, -848.568, 175.916
4.22228, 18.7462, -189.418
6.66824, -388.959, -458.415
2.74349, 304.495, -686.616
3.27936, -259.468, -12.3379
2.55765, 333.943, 456.043
3.94327, 102.618, 571.498
5.07295, -324.249, -149.209
3.65948, 658.4, 428.064
2.75022, -260.977, -18.2302
5.33091, -612.549, -719.097
6.69774, -144.19, 641.916
4.28763, -670.296, -496.344
4.3452, 164.592, 821.976
7.22226, 271.13, -63.2499
4.72425, -875.327, -184.764
6.82086, 423.496, 172.488
5.82654, -780.487, -716.714
5.79297, 163.369, 635.086
7.10736, -919.135, 920.992
5.11536, 889.851, -646.047
5.45229, 435.726, -438.604
5.79944, 677.866, 664.513
4.24765, 261.198, 452.859
4.11714, 340.76, 23.8866
7.08984, -88.3385, 712.921
3.08619, 898.58, -444.534
7.31268, 580.857, -102.843
5.17978, 55.0658, -227.461
5.81447, 729.112, 640.641
5.48362, 833.932, -468.131
6.93363, -508.298, -697.737
6.67999, -638.43, -570.906
6.69339, 249.214, 161.063
6.85642, -162.173, 286.079
2.5002, -778.48, 337.498
4.77274, 292.212, 310.496
4.25696, -884.786, 204.764
5.80713, -248.18, 681.534
6.22234, -888.277, 161.426
3.3821, -162.944, -504.047
7.4621, 813.424, -732.813
5.95466, -883.532, 204.896
6.97862, 165.038, -8.08733
3.51579, 323.531, -94.364
7.2356, -473.428, -84.5994
4.88476, 842.724, -471.464
6.78578, 873.556, -712.793
6.41237, -877.115, -547.212
5.70687, 870.569, -860.146
3.14521, -700.506, 209.507
5.77944, 13.9263, 702.981
3.09199, 59.22, -8.30728
3.88793, 287.833, 739.6
6.65548, -235.447, -260.253
6.14153, -726.56, -502.099
6.74348, -607.703, 286.533
3.43989, -766.447, -832.381
6.09602, 549.202, -312.25
4.25586, 132.853, 280.993
3.34555, -416.306, -651.615
4.52383, 303.61, -548.773
4.20924, 156.243, 711.983
6.67141, 329.529, -89.315
3.9111, 709.092, 600.293
5.16766, -621.127, -455.379
6.25085, 899.682, -839.591
4.62554, -625.861, -759.73
4.66964, -483.068, 584.408
3.03022, 823.066, -918.067
6.4639, -59.0612, -438.139
3.91232, -649.049, -452.77
7.14264, -477.762, -237.276
5.37926, 268.797, 475.765
3.4895, 776.306, -295.643
5.99081, 552.43, -721.1
3.07265, 452.351, -846.53
4.22945, 269.819, 726.832
4.15646, -490.502, -236.93
6.42735, 833.742, -899.532
6.65775, 454.665, -202.699
4.21712, -718.864, 737.715
4.2603, -269.25, 842.509
6.38197, 130.866, -756.432
6.58658, 13.7047, 681.934
4.26157, -182.629, 310.462
7.09559, -381.878, -260.216
3.2877, 487.083, 223.673
5.56029, -447.691, 624.089
5.54222, -427.029, 660.892
3.16647, -232.725, -687.928
3.51409, -707.997, -493.353
4.79457, -812.13, 529.13
3.48759, -471.049, 850.952
6.77118, -810.762, 345.167
6.54562, -745.887, -633.673
2.80131, -854.412, 805.372
6.50584, -695.09, 631.312
5.49597, -155.621, -481.124
7.43182, -865.758, 263.955
2.65919, -112.762, 682.191
6.8356, 871.968, -699.092
3.69109, 590.381, 280.709
3.6127, 211.088, 370.046
4.73907, -879.888, -542.54
2.61231, 854.195, -195.665
6.79755, -243.657, -10.0198
4.15902, 235.996, 515.786
5.72195, 345.23, 298.329
7.43521, -877.084, -535.772
5.30162, 292.223, -562.175
4.74553, -780.008, -230.557
5.213, 117.723, -729.158
2.90797, 785.889, -22.1964
3.99606, -745.497, -233.94
6.63964, 775.591, 606.384
6.48936, 599.466, 840.371
5.71048, -101.443, 660.997
4.84105, 608.309, 342.718
7.15326, -169.857, -531.919
5.08798, -250.834, -19.7347
7.42924, 804.932, -482.246
5.94567, -39.1214, -679.403
6.19966, -167.324, -494.463
3.46323, -405.794, -860.605
6.08881, -494.747, 571.688
6.11146, 599.984, -112.525
6.49298, 294.171, 150.036
4.23216, 248.519, -927.223
5.1481, 13.1872, -148.513
3.19001, 735.518, -338.619
6.73218, -235.73, -257.535
6.32766, -26.7804, -792.8
7.5, 861.498, -437.32
4.24891, 493.828, 921.904
5.50367, -525.576, 561.821
3.50808, -494.195, 35.6977
6.2385, 41.6051, 137.07
6.49225, 893.259, 224.568
3.03505, -688.206, 103.261
5.35813, -485.713, 36.1371
2.84683, 352.472, -380.662
4.16036, 649.081, 647.697
5.80945, 446.316, -679.762
5.27726, 128.255, -184.419
7.12415, 225.974, -8.09529
2.69832, -441.948, 188.031
2.62083, -272.078, 199.57
4.61923, 234.438, -631.268
4.36987, 409.481, 172.114
2.93303, -258.926, -257.353
3.05403, -116.617, 159.383
5.31992, 345.612, -347.72
7.37269, 4.31744, 704.924
3.05066, -34.3559, -787.748
5.99352, 102.786, 896.868
2.79674, -69.3003, -660.919
4.69755, 811.223, -32.3646
5.24651, 933.936, 690.944
3.45129, 657.29, -718.16
7.36597, 366.366, 325.309
3.19593, -641.447, -106.385
5.48978, 853.122, -475.268
7.12812, -834.51, 701.992
3.91116, -62.9221, 849.754
6.8307, -141.416, -84.6082
6.29598, -211.673, -548.831
6.10793, 334.258, 599.001
3.34241, -330.678, 336.828
3.32882, 769.853, 372.361
3.39076, -640.26, -918.533
5.87226, 299.998, -549.536
4.83484, -277.915, -2.0978
6.85219, -764.797, -354.872
5.76023, -650.182, -78.9296
5.80464, 744.613, 828.29
2.58037, -656.068, -570.984
4.30596, -735.761, -681.474
3.72747, 876.756, 100.408
6.93086, -883.595, -877.719
5.23701, 813.81, 789.08
6.57209, -23.2919, -630.577
5.24453, 162.614, 823.792
4.16156, 482.712, -66.0727
4.40213, -32.9157, -630.234
2.52389, 872.051, 603.703
6.95226, -76.5929, -405.823
6.16955, -427.514, 654.738
6.04239, -101.02, 688.211
5.1278, 82.5233, -199.794
6.41065, -147.301, -768.904
3.42484, -410.881, -411.722
5.72673, 263.686, 477.106
3.42178, -622.39, -249.885
3.31214, -22.7293, -96.0139
2.65594, -194.829, 830.677
7.42716, 149.64, -683.22
4.04559, -290.95, -656.864
4.11075, -645.467, -299.84
5.51155, 266.621, -175.58
2.89107, -315.838, -872.191
3.93936, 1.42833, 65.1349
5.79307, -183.859, -480.287
7.36348, -885.78, -363.622
7.27758, -361.086, -739.158
7.42745, -625.135, -282.343
7.30478, -839.143, -657.503
3.0073, -490.218, 574.691
3.71505, -180.187, -482.673
6.91151, 126.062, -366.784
5.28805, 329.367, 599.495
6.7669, 775.013, 539.372
7.49145, -532.418, 562.287
3.99751, -168.812, -483.254
6.33157, 901.386, 450.541
4.81901, 290.565, -166.999
6.8168, -636.066, -724.233
6.99018, 818.189, -75.2729
7.377, 242.084, -408.242
2.77405, 623.964, 144.235
6.32605, 883.387, -638.99
5.09219, -886.123, 738.664
3.46574, 919.233, -174.002
6.98252, 230.594, -545.529
6.38492, -803.078, 107.652
2.75968, 380.422, 518.76
7.47331, -784.895, 731.38
5.93659, -85.5492, -424.267
5.94854, 852.569, 492.718
6.57666, -623.675, 786.32
7.05426, -54.7478, -413.267
3.34218, -203.253, 319.578
5.24183, -608.723, 761.607
6.53351, -516.198, -233.411
4.17803, 328.555, -508.87
5.53435, -94.7316, 12.6766
6.59602, -848.635, 346.138
7.3485, 54.4521, -203.307
6.29349, 556.548, 540.891
3.72113, -128.344, -109.33
5.80589, -575.774, 357.364
4.21574, -506.854, -243.653
7.27146, 348.696, -359.417
2.60828, 769.565, 518.983
4.54979, -873.875, 895.99
2.55789, 545.061, -697.644
3.04964, 836.381, 221.815
5.28259, -814.376, 109.314
4.45466, 38.5589, -247.954
7.20539, 131.489, -163.283
2.55572, 187.547, 398.151
6.22897, -139.328, -506.002
3.84293, 193, 111.497
4.27153, -630.564, -751.312
3.45835, -459.347, 629.124
5.14832, 308.021, -127.067
4.39478, -29.6165, -769.214
3.16407, -84.1479, -822.438
4.26563, -197.221, -471.866
4.2497, 771.112, 926.261
7.41084, 610.324, -149.419
5.25961, 152.047, -317.787
4.99918, 22.411, -709.001
3.58531, -821.186, 355.197
4.37311, -230.043, -568.05
6.78251, -625.572, -449.06
6.45578, 800.419, -490.703
3.9204, -529.327, 832.937
5.07645, 440.462, 160.557
6.79238, -240.288, 49.4079
7.07844, -799.872, -183.29
7.48941, 151.277, 851.605
6.53177, 118.936, -179.508
5.22718, -873.416, -186.167
7.3461, 118.985, -727.13
5.31931, -565.344, 377.094
4.03031, -449.347, 643.257
5.41853, 849.055, 866.445
2.91197, 56.5283, -230.948
5.47382, 348.347, 547.586
3.31968, -577.657, -561.102
6.46527, -628.961, -469.521
2.95373, 602.635, 669.025
6.3072, -480.698, -675.171
6.83996, -240.631, -3.94656
6.40105, 120.013, -354.722
6.61399, 879.083, 830.87
6.70974, 359.975, 546.01
4.48328, 486.756, 233.595
6.508, -140.496, 161.083
6.56811, 357.758, -26.6881
5.43493, -395.578, 82.9131
4.64621, 766.442, -6.21308
2.5002, -53.3459, -434.774
5.31153, -777.258, 334.216
6.22632, 335.166, 316.656
3.89846, 866.242, 276.011
2.93406, -897.247, 545.258
3.5733, 861.801, -858.129
3.93296, -454.94, 611.275
4.86595, -379.938, 466.177
6.95893, 852.387, 822.13
5.91955, 495.703, -469.047
3.54376, 4.75537, -119.889
6.67533, 755.333, -28.3731
7.09218, 883.062, 898.571
4.48244, -512.178, -664.646
6.37858, 541.012, 518.172
5.68161, -127.818, -105.278
6.64746, 432.607, 230.865
3.40204, 512.125, -475.712
7.45927, 539.832, -728.466
6.70558, -131.341, -774.681
4.65177, 841.92, 227.609
4.38589, 579.305, 806.322
2.70802, 575.783, -493.05
6.80715, -678.951, -484.025
6.62116, 883.792, -850.236
6.25052, -3.15508, 715.589
3.55801, -179.353, 890.442
4.31029, -750.132, -189.602
4.43545, -612.829, -724.008
7.32918, 751.033, 619.556
6.5872, -110.441, 678.798
4.5755, -62.0969, 430.156
5.83759, 214.813, 126.483
2.52101, 493.265, 919.651
6.98048, -707.277, 216.245
3.68416, -350.55, 350.665
3.79415, 335.922, -165.417
5.4939, 403.964, -675.069
6.89823, -816.222, 353.244
6.16299, -607.521, -579.296
6.0773, 808.928, 580.827
3.57724, -570.573, 487.692
6.30413, 705.344, -934.137
3.85351, -161.985, -483.113
2.75246, 588.874, 272.485
4.78866, 349.248, 311.018
2.58759, 403.818, -702.004
3.01129, 41.4094, -238.665
2.639, -179.18, 306.742
5.65921, -362.615, -528.176
6.34425, 52.5766, -200.482
2.74132, 535.949, -785.598
6.6924, -30.9181, -630.711
6.76899, -234.928, -216.224
6.57649, -490.453, 575.32
6.85188, 792.76, 375.335
5.27222, -607.19, -163.211
6.12646, -251.012, -55.4972
3.20424, -468.71, 846.857
6.6115, 579.403, -491.04
5.51185, 670.708, -176.42
4.93856, 472.31, -855.288
6.14942, -224.867, 810.551
4.05164, 753.393, -647.321
3.93925, -707.967, 315.429
5.45857, -892.309, 717.154
5.34055, 582.31, 824.807
5.41059, -874.809, -541.704
2.84132, -676.605, 278.339
4.34304, 153.706, -321.698
6.28475, -874.937, -535.152
6.35297, -446.955, -835.21
4.27217, -406.319, -277.853
5.98913, 169.177, 854.188
5.08005, -620.041, -277.357
5.94494, 331.025, 141.651
6.18066, -82.0134, 638.166
2.56231, -312.604, -636.005
7.16549, 608.739, -154.569
5.37826, 133.104, 112.898
3.05587, 519.418, 916.359
4.87388, -100.679, 22.3562
3.24247, 204.582, 91.1937
4.22594, 71.8188, 428.085
7.04476, -858.194, 201.439
4.54571, 22.3143, 522.165
5.96642, -646.147, -94.5097
3.35865, 366.554, -807.647
6.21715, 849.423, -463.91
4.16319, -434.091, 685.058
4.62157, 606.271, 305.4
2.79523, -203.318, -76.9682
5.09005, 262.868, -220.596
5.94425, 430.391, -552.318
5.01149, -235.802, -11.4901
6.56617, -182.541, -714.694
3.07974, 118.762, -882.545
5.24841, 259.03, 464.406
5.06046, 330.857, 54.1748
6.02649, 915.068, 436.12
5.65083, -243.936, 857.401
4.0207, -65.9451, -628.594
6.74719, 346.275, 316.041
3.39619, 604.325, -25.0084
2.61737, -471.523, -72.0314
4.19467, 683.938, 38.982
3.43818, 329.585, -90.1726
6.60467, -264.737, 169.161
6.72507, -868.009, -184.211
6.78031, 893.829, -699.288
7.37454, -881.269, 621.051
2.99587, 404.797, -429.817
2.56182, 569.29, 616.86
2.58614, 230.479, 525.061
2.64527, 202.638, 134.574
4.1031, 150.888, -317.644
6.17815, 608.156, 291.059
3.14876, 315.409, 456.053
2.5161, -380.682, 454.775
6.91905, 126.566, -737.501
3.70482, 211.94, -517.548
4.38481, -816.508, 713.55
4.44879, 585.551, 141.865
2.81534, 608.506, 319.703
7.30792, 176.351, 860.207
3.75349, 705.669, -346.125
6.85376, -676.931, -47.3078
2.85991, -836.982, 329.121
2.70653, -570.707, 571.819
3.46378, 320.417, -489.343
3.86708, -301.368, 305.28
7.4007, -917.988, -345.215
3.60607, 324.886, -505.376
6.43119, -853.089, 819.021
4.42306, 230.658, -381.294
3.78593, 440.839, -618.414
3.91087, -878.212, 95.4842
7.33834, 845.958, -43.1308
4.22841, 685.641, 146.272
3.45922, -877.374, 722.886
5.05037, -543.4, -356.287
5.21857, -511.602, 579.345
5.72333, -641.998, -554.085
3.89738, 15.9477, 693.64
3.41887, -316.213, -647.589
2.71579, -813.892, 356.352
3.98408, -511.754, -229.875
4.25548, -229.072, 123.658
7.09372, -390.509, 694.159
5.81225, 478.143, -338.109
5.08041, 839.262, 552.665
4.03763, 535.065, 515.419
3.0007, -310.171, 134.71
3.47502, 340.492, -886.256
4.11407, 33.8093, -138.354
5.56182, 857.08, 100.97
5.13511, 915.556, -926.28
3.45653, 321.517, 237.665
4.7178, -699.341, -504.452
4.48693, -625.518, 770.376
6.28051, -582.479, 758.963
6.6213, 714.87, 604.961
5.51573, 89.918, -384.138
3.04573, 560.57, -749.156
4.11797, 454.307, -168.436
5.03403, 32.8996, 298.099
4.76521, -640.237, 767.755
4.77315, -157.337, -490.145
4.91125, 901.121, 900.534
5.07896, 358.935, -655.326
4.50207, 172.894, 798.424
4.22945, 861.833, 392.343
6.64533, 881.003, -187.219
3.02204, -653.773, -717.429
6.40057, 511.29, 485.927
3.19919, -284.637, -226.385
2.62171, -745.678, -505.653
6.0664, 356.404, -652.312
7.15538, 125.798, -751.578
7.47667, 236.838, 148.044
3.86264, -883.142, 169.526
3.6923, -493.859, -234.968
3.87328, 877.294, 598.979
5.70836, -854.52, -681.735
5.17637, 285.487, 140.503
6.8967, 776.98, -297.513
6.75968, -654.585, -717.645
2.98004, 813.233, -46.9953
4.66818, -699.993, 197.466
3.17045, -149.609, -714.52
5.86802, -203.624, 321.797
5.34964, -58.5534, -456.79
3.66474, -516.476, 563.552
5.50306, 238.603, -629.569
2.6551, -720.566, 3.13787
7.08512, 527.803, -284.624
3.82958, 861.185, -193.73
6.50016, -160.19, -496.263
5.46389, 157.615, -709.35
5.0822, 346.411, 546.79
5.2567, 352.786, 571.563
3.47225, 469.631, -207.554
5.36152, 123.988, -675.484
3.81992, 189.22, 403.021
4.41648, -783.311, 510.755
2.73626, -700.185, -866.094
4.22823, 546.076, -698.882
3.61594, 618.259, -410.113
3.81264, 35.2246, -716.874
3.05141, -392.301, -459.625
7.40088, -673.585, -12.5687
5.93794, 756.153, 617.115
5.82158, -543.269, -356.716
5.99501, -586.441, -651.338
2.68746, -764.587, -694.772
3.6706, -645.937, -725.834
3.95397, 715.48, 648.58
3.50543, 50.0422, -255.128
2.7177, 313.653, 249.244
2.56571, -486.884, 550.435
6.07297, -479.919, 781.301
6.88348, -833.7, -573.467
5.35088, -869.975, 367.525
6.92743, 834.546, 822.259
5.20042, -396.244, -261.417
3.31357, 861.602, -659.605
3.30492, 947.648, 472.382
7.19182, 303.49, 275.509
3.45628, 509.312, -779.283
3.15761, -4.50722, -133.075
4.41122, -249.854, -2.93679
6.12674, 269.19, -178.936
2.50651, 554.284, 817.873
4.60222, 19.0625, 709.936
5.18984, 246.999, -209.538
4.86596, -222.28, 230.186
6.33003, 547.471, 823.054
2.9396, 498.657, -483.461
7.04284, 154.352, 319.549
3.20818, -804.333, -402.106
2.54782, 314.165, -22.0372
2.82267, 270.025, 470.976
4.96742, 366.163, 220.547
5.40914, 488.819, 918.663
4.03373, -892.825, 536.667
4.57091, 818.904, -65.5766
4.33401, -613.953, -624.884
3.42687, 154.431, 634.022
2.76788, 613.88, 110.916
4.47222, 482.321, -48.8583
3.98388, -323.35, -173.93
5.05388, -382.33, 811.736
3.75392, -676.024, 209.422
5.01589, 909.407, 890.553
2.51168, -8.92, 763.251
7.01807, 876.637, -440.092
2.79181, -902.51, -894.07
5.17506, -578.48, 752.908
3.95754, -379.997, 777.395
7.3023, -772.464, -231.674
4.73406, 338.427, -76.7669
5.08479, 811.056, 201.522
5.93861, -303.662, -1.2379
2.72187, -155.489, 42.2268
7.2946, -764.205, 583.057
5.70852, 376.782, 143.546
2.80215, 511.594, -684.402
3.33964, 94.8296, 258.839
5.76491, 446.859, -206.361
6.19864, -784.019, 346.122
3.57011, 830.494, 223.458
4.31441, 118.857, -715.402
6.56981, -643.586, 893.567
5.32057, 798.976, -483.413
7.45886, -28.7896, -814.604
6.5669, -778.074, 331.535
3.49157, -923.457, -14.0888
2.50003, -150.717, -766.232
4.62608, 858.117, -705.719
4.07406, 801.525, 190.929
5.56218, 592.415, -880.299
3.83351, -165.426, -511.152
4.39881, -590.314, -84.3851
5.43397, 868.026, 266.863
5.95636, -121.895, -460.7
7.26736, -391.118, -527.866
4.89785, -300.111, -880.293
3.60319, 386.645, -659.92
5.33741, -658.855, -469.25
6.09873, 334.588, 301.983
4.4953, -503.815, 570.337
3.48326, -664.385, 935.648
6.66971, -628.818, -754.743
5.59561, -447.429, -838.033
7.26866, -271.863, 149.775
3.23222, 21.9856, -204.217
5.38953, -6.23747, -430.58
7.26796, -433.103, 656.331
3.62331, 690.568, -923.231
7.25137, -495.022, 749.303
3.07874, 786.934, -480.96
2.58372, 6.42922, -185.441
3.90465, -307.871, -132.751
7.15042, 584.313, 126.917
3.04796, 744.707, 827.505
6.77266, 2.44212, 708.381
5.68532, -679.654, -708.304
5.63853, 400.91, -673.48
3.80589, 724.77, 652.735
5.13936, -869.613, 163.352
7.16608, -252.651, 850.579
3.98055, 865.163, 87.6374
4.78006, 183.581, 365.038
6.35659, -628.497, -576.956
4.17193, 180.576, 119.099
6.31775, -25.7643, -804.56
6.65892, -9.03245, 876.101
2.64618, -721.216, 554.481
4.31315, 684.423, -252.151
4.16221, 259.431, 489.789
3.17675, -452.292, -241.887
3.00839, -279.19, 610.512
5.11327, -583.547, 764.474
3.52046, 41.7823, -496.281
5.00728, -834.735, -574.14
5.1371, -30.9574, 872.74
4.13422, -249.097, -248.203
4.75888, 263.049, -376.756
6.85263, -39.7717, 889.25
4.72884, 581.7, 824.921
6.03726, -460.258, -790.35
6.83171, 881.832, -689.532
6.5822, 809.476, 189.802
2.67504, 821.315, 790.749
3.8644, -610.689, -268.518
5.21858, -395.354, -428.261
3.19942, -868.908, -535.853
5.57408, -711.138, -863.585
3.29182, -618.699, -637.842
4.41129, 115.573, 211.353
5.94997, -103.24, 175.019
3.21128, -381.787, 468.398
5.65284, -800.538, 732.933
3.15973, 154.653, 862.35
7.13583, -698.39, 205.129
5.53465, -890.683, 757.712
5.50388, -830.446, 323.299
3.33635, 577.626, -494.632
3.301, -791.007, -415.112
5.91628, 588.764, -22.9671
5.1456, -680.9, -41.9682
3.65264, -93.0102, 689.326
6.55373, -456.106, -59.6337
5.76477, -414.034, -539.15
4.08597, -594.332, -585.091
2.53953, -252.925, -778.081
3.49176, 736.058, 636.25
3.78831, 19.9905, 367.503
3.03825, 830.593, 29.5709
3.49545, 108.572, -390.986
6.75079, 793.079, -759.629
6.63912, -856.795, 185.928
6.76813, -842.411, -584.223
5.71027, 293.984, 764.291
3.6787, 691.361, -918.706
6.80638, -504.423, -746.411
5.4745, -34.5476, -141.205
2.52745, 515.931, -53.9314
6.84925, -625.747, -454.69
7.37729, 614.617, 165.509
5.59653, 340.284, 42.6187
3.85574, -844.798, 354.437
7.46973, -199.315, -531.622
4.60751, -662.882, -462.642
4.20537, -772.719, -590.607
4.80717, 332.591, -102.573
4.44822, 244.952, -397.896
4.613, -1.83358, 507.048
2.84879, 144.479, 302.927
5.5153, 14.7067, -143.86
7.36114, -51.9519, 197.583
5.07406, -709.617, -504.417
7.45461, 867.122, -124.583
5.84906, 580.679, -139.256
4.01716, -595.203, 50.0734
3.47371, 810.804, 565.332
4.0109, -758.944, -838.906
4.93946, -354.601, 447.175
4.72438, 494.661, 934.468
5.7844, 366.904, -849.345
3.74227, -734.244, -681.782
4.72007, 41.4387, 530.423
5.75894, -672.66, -57.3572
6.67472, -704.504, 258.013
6.03698, 169.223, 782.299
4.93928, -823.38, -617.765
6.72039, 382.613, -201.252
7.00296, -495.671, -232.302
6.33082, -697.179, -470.253
5.29453, 634.125, 882.715
2.70603, -11.785, 92.1977
5.46749, 545.797, 84.0753
2.68674, -630.131, 797.258
4.53488, 94.7133, 417.683
2.84243, -914.204, -853.186
7.38558, -728.706, -847.839
2.5956, -509.776, -229.61
6.60363, -166.386, -248.497
5.2195, -379.268, 785.772
5.72828, 728.299, -328.922
3.62934, -255.348, -48.1987
2.733, 869.141, -699.388
3.63154, 209.521, -547.244
4.58371, -636.18, 126.429
6.40126, 247.815, -604.923
3.72852, -833.036, 321.712
4.81411, 611.829, 108.611
6.14756, 901.983, 276.533
5.35237, -345.664, 781.111
5.45997, 899.721, 890.804
4.98425, -832.57, 248.86
3.951, 454.284, 164.841
4.71107, 27.4624, -197.701
2.53669, 820.207, -415.246
7.41683, 486.539, -340.731
2.52822, -746.263, -201.812
4.8676, -85.9517, 697.031
5.86497, -334.987, -159.008
