6.27803, -717.621, -854.978
3.5948, 15.0351, -154.126
5.89648, 364.802, -835.089
5.09708, -236.048, 834.014
2.76731, -927.516, 654.602
2.53849, 332.602, 12.0071
4.58743, -751.77, -229.96
7.15218, 163.785, 381.216
2.95982, -15.1126, 684.827
6.00595, -158.372, 260.695
3.81226, 570.869, 819.492
4.14117, 468.823, -833.84
7.45519, 421.956, 220.77
7.41275, -512.915, -257.839
5.75759, 449.885, 400.794
6.92354, 246.888, -773.97
6.33247, -207.475, -495.404
3.87453, -506.451, -85.9568
4.93259, -634.577, -297.2
2.80282, 787.427, 765.303
5.08146, -2.94447, 674.768
4.96988, 869.409, -392.035
7.23882, -711.748, -497.865
4.42071, -59.5491, -775.853
5.14874, 789.069, -483.975
2.75042, 760.191, -21.6315
6.63909, 519.859, 516.305
5.94228, -801.663, -678.403
6.18112, 275.231, 721.045
6.94286, 895.92, 441.705
4.25508, -352.168, -536.701
6.72991, 187.796, 8.37297
3.84659, 554.113, -119.368
4.83959, 58.9085, -230.048
3.2686, -635.997, -455.73
2.66527, 589.714, 168.293
7.2768, 2.57781, 68.9992
6.95369, 126.129, 438.758
3.29884, 592.508, 191.07
3.15214, 431.027, -552.603
2.515, -452.17, -777.413
6.0491, -801.71, -188.826
3.40448, -489.906, 788.572
5.76029, 751.394, -298.444
4.42907, 410.515, -708.367
3.23766, 45.4951, -188.135
5.45054, 604.557, 62.7511
3.24076, 180.356, 844.069
3.2091, -154.845, 882.519
4.94257, -441.981, 102.649
3.13015, 802.944, -38.7712
5.64635, -303.795, -547.786
5.60817, 264.526, -661.065
4.88216, -517.622, 570.24
2.64188, -426.788, -178.952
3.21011, -69.5133, 653.46
3.15594, -208.549, 802.81
3.31099, -769.361, 711.69
3.76529, -230.724, -747.618
4.77654, 552.559, -685.873
6.54472, -76.6455, -276.998
3.57624, 291.741, 732
3.75063, 737.303, 363.265
5.02978, -111.77, 675.106
6.27922, 574.906, 148.597
5.66369, 805.8, -70.772
5.9449, 589.219, -112.965
7.27207, 892.739, 440.557
5.18713, -414.183, 659.957
4.57014, -679.805, -3.09152
4.70019, 690.175, 150.604
6.07821, 687.844, 441.23
6.20858, 354.24, 558.962
5.12494, 728.566, -903.733
6.06711, -784.546, -94.7856
5.91025, 349.368, -13.7782
6.82941, 804.614, -557.884
3.19597, -12.2729, 681.826
3.57766, 861.096, -148.475
5.0733, -321.247, -148.425
4.83766, -79.5166, 659.219
3.55759, -235.475, 605.636
5.65244, -653.022, 907.721
2.5044, -870.441, 167.836
4.09589, 403.321, 490.446
5.90281, 321.419, -73.3936
6.0446, 623.677, -539.434
2.90869, -756.391, 592.967
3.56926, 262.195, 432.159
4.44412, -769.12, -549.453
4.44927, 828.461, 827.694
3.92018, 350.785, -456.587
4.6123, 515.87, 493.352
2.55658, -612.872, -467.101
3.72027, 859.492, -667.153
4.49072, -699.653, 604.482
6.64177, -706.704, 217.136
3.78584, 813.319, -671.625
3.59705, -696.859, -505.445
6.47385, 323.897, 279.804
5.8476, 438.221, 378.897
5.49108, -848.343, 259.74
5.99917, -337.926, -515.758
5.13062, 530.976, -695.938
4.14833, 216.718, 122.981
3.30844, -749.054, 327.29
6.56633, 667.945, -3.32615
4.08004, 416.324, 187.971
4.05369, 4.12512, -709.421
4.65424, 49.5374, 131.657
4.46509, -141.664, -519.21
4.43916, 44.6976, -157.974
4.34871, -706.526, -519.428
5.88118, 321.812, -492.097
6.10384, 339.494, 26.8276
7.20082, -52.7404, 845.5
5.08573, -76.6414, -413.278
5.5282, -158.872, 291.227
5.85049, -628.888, 869.393
5.11404, 59.953, -224.52
3.87105, -872.357, 625.963
7.08924, 158.98, 301.94
3.73367, 829.934, -448.132
4.77876, 325.935, 578.326
3.30374, -865.073, 617.959
4.68319, 304.57, 288.56
7.45767, 427.411, 131.663
6.26931, -399.866, 382.388
4.97846, -848.214, -601.344
7.01651, -601.839, -693.524
4.68213, 491.402, 481.55
5.09239, 137.537, -872.399
4.44866, 104.552, -739.162
5.63431, -166.933, -530.694
5.19331, 326.385, 264.668
4.35955, 611.542, -451.92
2.54674, -322.497, 325.297
6.3794, 25.9122, -683.979
2.85317, -822.044, -557.707
3.98511, 377.025, -679.081
4.78581, -33.2925, -761.709
3.25156, -102.568, 7.57348
5.97819, 616.542, -407.329
4.15587, 379.287, 142.824
5.21197, 896.96, -794.284
2.64678, 719.181, -879.998
5.38086, 40.1965, -166.55
5.18133, 307.138, 449.045
7.36678, -730.565, -825.777
5.57063, -300.381, -532.487
5.26431, -718.136, 196.681
6.69051, -257.704, 834.285
3.75764, -457.451, 819.015
6.98957, 581.666, -138.483
5.97428, 518.197, -465.577
5.82752, -449.925, -58.2783
3.06838, -638.638, -692.676
3.37987, -862.471, 105.027
2.91253, -135.598, 159.77
6.68103, -191.761, 296.486
2.64818, 858.07, -665.084
6.34719, -58.2263, -773.312
4.29829, -489.335, 768.555
6.24626, 33.373, 519.69
6.28385, 326.629, 291.722
3.60834, -508.23, -821.318
5.58305, 283.433, 121.711
3.66846, -484.232, -229.369
6.22052, -714.757, 249.518
5.80997, -824.957, -657.027
4.9209, 854.116, -666.085
2.58972, 837.393, 153.905
4.98291, 428.1, 134.021
5.09587, 13.8051, -798.122
4.71395, -804.233, 465.085
4.14528, -71.4274, 869.215
3.52671, 453.241, -80.643
7.19863, -187.079, -487.21
2.85168, -529.49, 794.278
3.30042, 48.6706, -732.059
6.70788, -677.913, -1.47362
4.13614, -188.129, -244.328
6.85942, 198.269, 386.634
5.99896, 626.007, 502.64
5.52801, 832.752, -185.361
4.77536, 36.0113, -189.311
2.91543, -513.872, -193.292
3.94883, 45.4666, -195.02
6.51009, -655.924, -736.25
6.81821, 338.934, 22.4635
3.81831, 375.157, -475.733
4.79881, -726.68, -257.918
4.95672, 533.05, -466.089
5.82344, -454.647, -883.336
7.31738, -598.955, -163.881
7.23022, 519.86, -695.805
2.81902, 229.039, -605.451
5.04829, -540.744, -226.619
6.13222, 676.871, 638.505
5.65882, 506.012, -263.107
3.26658, -860.8, -900.634
5.09652, -803.609, 459.176
3.52281, -494.283, 795.74
6.03231, 368.689, -804.151
6.05786, -475.809, -82.1393
3.66304, -486.66, -231.351
6.80594, 16.2334, -167.715
2.67122, -40.1856, 839.452
6.26587, -849.752, 107.998
4.14789, 578.157, 146.856
4.65309, 14.4594, -466.517
7.33455, 791.769, -191.518
4.05803, 712.421, 611.748
5.69762, 828.927, -697.96
5.95386, 804.417, -35.831
5.36403, 34.6035, 612.194
6.60667, 858.1, -659.455
4.21807, -833.709, -660.663
5.09387, -752.391, -667.395
6.78438, 105.054, -837.655
6.18587, 341.616, -23.0944
3.45992, -778.92, 356.346
2.83145, -283.045, 314.349
3.60828, 900.758, -712.774
3.33656, 60.5987, -219.244
6.31172, 359.204, -834.019
5.44905, -786.055, 316.46
4.65223, 806.596, 822.98
7.09618, 608.743, 10.7934
5.09668, 409.958, 146.813
7.38058, -656.945, -72.8824
5.15714, -437.543, 82.1679
2.98716, 338.005, 294.025
5.83983, 200.515, 126.272
5.44444, 173.207, -6.95874
5.01137, -650.614, -76.5076
2.75808, -820.546, 367.488
2.6753, -225.949, -25.6813
4.41484, -695.064, -484.942
5.55555, 205.179, 126.15
5.06574, 561.859, 798.994
5.98498, 364.885, -2.58029
4.89891, 74.2932, -195.962
3.88323, 45.178, 425.453
6.01685, -429.246, 172.638
3.67701, 786.415, -36.7857
6.41501, 113.801, -175.113
6.60589, 275.635, 751.08
3.21842, -482.658, 37.7629
5.75757, -475.215, 739.117
3.87677, 830.602, -873.499
7.26215, -428.88, 629.934
4.58238, -696.503, 0.962196
3.03869, -121.949, 356.215
4.70633, -755.878, 528.588
6.28811, -364.187, -254.285
2.77803, -371.679, -243.357
3.51241, 12.8923, 93.8519
6.82305, 855.148, -702.189
6.52456, -225.817, -57.3814
2.78861, -625.906, -596.094
4.40304, -32.9403, -634.572
4.56124, -104.155, 682.472
2.80071, -328.874, 310.437
7.09746, 769.482, 586.278
3.35398, 595.047, 808.462
6.51634, -844.669, 201.655
3.88599, 645.26, 32.4164
4.44586, 165.607, 734.168
7.19936, 59.6665, 599.975
6.24573, 171.142, -207.57
3.44774, -360.86, 721.241
6.89581, 389.78, 461.21
6.8953, 388.583, -756.172
3.30515, -752.25, -215.85
5.87346, -767.884, -215.923
6.89096, 615.975, 139.018
6.98262, 269.711, 451.71
3.06535, -0.357681, 674.586
5.93789, -164.429, -221.161
3.21651, -753.472, -657.385
3.6901, 302.639, -15.4151
5.64383, 852.674, -186.759
4.312, 736.576, 365.391
4.64437, 590.753, 667.853
4.91936, -60.3557, -776.058
6.20379, -10.0836, -154.958
3.23098, -348.431, 768.58
7.36238, -746.289, -668.963
7.3158, -519.637, -241.947
3.14741, -529.15, 608.301
5.3784, -261.943, -556.071
4.66439, 66.836, -155.739
5.50066, -232.896, -258.029
5.85098, -686.113, -36.9359
4.5137, 406.356, 913.991
6.46691, 642.665, 628.684
4.89889, -861.273, -224.222
5.72449, 323.083, 240.635
4.28836, -273.769, 607.509
5.96794, -295.635, -215.466
5.83428, -423.75, -651.523
3.22071, -449.959, 625.366
7.10415, -845.789, 180.13
4.22228, 43.3201, -179.158
6.66824, -390.739, -456.432
2.74349, 304.806, -665.404
3.27936, -258.334, -3.21285
2.55765, 333.722, 450.999
3.94327, 94.9641, 566.147
5.07295, -318.138, -142.827
3.65948, 650.665, 425.429
2.75022, -256.283, 1.58816
5.33091, -627.968, -706.27
6.69774, -129.029, 648.843
4.28763, -675.391, -492.9
4.3452, 161.322, 802.246
7.22226, 280.409, -59.6517
4.72425, -849.101, -191.759
6.82086, 407.132, 177.844
5.82654, -771.208, -700.154
5.79297, 148.878, 622.914
7.10736, -904.128, 905.946
5.11536, 848.367, -648.979
5.45229, 428.011, -436.143
5.79944, 684.383, 648.645
4.24765, 263.209, 456.203
4.11714, 335.18, 18.3553
7.08984, -87.3668, 675.275
3.08619, 863.296, -431.474
7.31268, 561.188, -111.081
5.17978, 36.391, -168.152
5.81447, 698.154, 631.029
5.48362, 825.037, -470.859
6.93363, -508.235, -677.787
6.67999, -623.32, -552.678
6.69339, 243.584, 130.2
6.85642, -158.094, 283.854
2.5002, -791.408, 326.811
4.77274, 319.706, 286.831
4.25696, -844.922, 202.449
5.80713, -244.522, 671.684
6.22234, -859.257, 184.911
3.3821, -164.851, -497.408
7.4621, 824.499, -710.343
5.95466, -847.628, 203.217
6.97862, 169.344, -12.7267
3.51579, 303.372, -61.3641
7.2356, -467.563, -108.253
4.88476, 810.63, -467.166
6.78578, 865.461, -666.519
6.41237, -836.566, -536.61
5.70687, 854.879, -841.433
3.14521, -707.436, 228.214
5.77944, 2.42286, 712.033
3.09199, 61.5397, -14.9406
3.88793, 272.802, 719.264
6.65548, -248.539, -265.1
6.14153, -710.328, -497.635
6.74348, -612.091, 282.314
3.43989, -752.969, -820.539
6.09602, 536.271, -308.829
4.25586, 134.137, 273.896
3.34555, -413.636, -631.206
4.52383, 276.622, -566.191
4.20924, 151.952, 700.745
6.67141, 322.99, -75.8268
3.9111, 724.642, 622.075
5.16766, -635.179, -459.147
6.25085, 862.629, -837.012
4.62554, -624.168, -750.602
4.66964, -472.927, 583.088
3.03022, 811.834, -913.221
6.4639, -75.1737, -426.216
3.91232, -668.362, -475.343
7.14264, -454.632, -226.183
5.37926, 261.227, 453.156
3.4895, 746.917, -312.506
5.99081, 537.202, -707.071
3.07265, 427.549, -815.068
4.22945, 257.333, 712.462
4.15646, -497.371, -216.231
6.42735, 824.924, -864.892
6.65775, 438.358, -180.722
4.21712, -711.798, 729.962
4.2603, -247.546, 824.636
6.38197, 114.553, -711.043
6.58658, 19.4886, 704.996
4.26157, -206.166, 299.961
7.09559, -384.846, -257.459
3.2877, 477.089, 219.613
5.56029, -431.648, 650.934
5.54222, -450.05, 626.485
3.16647, -225.448, -667.789
3.51409, -714.158, -496.114
4.79457, -789.975, 526.767
3.48759, -456.413, 807.066
6.77118, -813.322, 318.295
6.54562, -736.872, -623.604
2.80131, -849.244, 778.364
6.50584, -688.427, 621.24
5.49597, -178.087, -484.048
7.43182, -850.348, 261.413
2.65919, -87.111, 699.075
6.8356, 877.782, -687.875
3.69109, 583.19, 273.351
3.6127, 215.744, 358.624
4.73907, -839.561, -538.133
2.61231, 868.038, -184.395
6.79755, -241.871, -22.2249
4.15902, 243.874, 492.408
5.72195, 351.02, 307.998
7.43521, -832.558, -570.468
5.30162, 295.923, -534.135
4.74553, -761.912, -191.482
5.213, 119.651, -733.645
2.90797, 792.481, -22.1739
3.99606, -745.708, -218.388
6.63964, 765.467, 577.857
6.48936, 578.264, 799.195
5.71048, -76.6511, 670.243
4.84105, 597.259, 320.218
7.15326, -156.437, -501.699
5.08798, -257.364, 1.09102
7.42924, 790.266, -489.049
5.94567, -26.9187, -663.16
6.19966, -167.859, -509.105
3.46323, -412.97, -833.344
6.08881, -511.845, 571.355
6.11146, 600.443, -93.6852
6.49298, 282.908, 147.02
4.23216, 246.174, -902.639
5.1481, 33.6447, -166.181
3.19001, 726.577, -343.833
6.73218, -245.836, -264.108
6.32766, -24.1574, -761.342
7.5, 848.787, -447.299
4.24891, 499.623, 917.314
5.50367, -469.003, 588.533
3.50808, -480.772, 38.9198
6.2385, 34.3828, 120.015
6.49225, 861.145, 229.079
3.03505, -681.516, 101.66
5.35813, -469.595, 22.4089
2.84683, 344.275, -376.137
4.16036, 650.857, 616.102
5.80945, 427.643, -669.992
5.27726, 97.3964, -184.333
7.12415, 224.281, -5.84526
2.69832, -422.859, 160.561
2.62083, -257.252, 180.448
4.61923, 254.665, -617.078
4.36987, 391.515, 170.636
2.93303, -241.095, -265.581
3.05403, -97.5245, 158.988
5.31992, 342.606, -363.572
7.37269, 23.0251, 702.251
3.05066, -44.5738, -766.451
5.99352, 105.828, 865.982
2.79674, -58.6979, -636.27
4.69755, 779.773, -19.516
5.24651, 913.124, 682.384
3.45129, 644.893, -706.598
7.36597, 367.823, 318.011
3.19593, -631.585, -94.987
5.48978, 810.651, -460.68
7.12812, -813.963, 705.748
3.91116, -44.5968, 855.178
6.8307, -127.014, -90.8862
6.29598, -212.516, -528.076
6.10793, 329.256, 588.404
3.34241, -321.994, 321.241
3.32882, 772.088, 368.663
3.39076, -638.09, -892.705
5.87226, 295.018, -543.066
4.83484, -237.243, -21.3918
6.85219, -747.895, -354.848
5.76023, -646.108, -68.3428
5.80464, 748.695, 810.994
2.58037, -630.064, -566.913
4.30596, -732.099, -680.29
3.72747, 834.641, 103.967
6.93086, -873.712, -859.571
5.23701, 819.454, 790.377
6.57209, -33.9436, -640.842
5.24453, 161.167, 825.718
4.16156, 467.359, -73.4238
4.40213, -45.2145, -605.452
2.52389, 855.742, 581.932
6.95226, -67.3716, -413.91
6.16955, -430.893, 660.973
6.04239, -85.9115, 689.328
5.1278, 65.6598, -203.23
6.41065, -127.63, -750.062
3.42484, -408.941, -405.727
5.72673, 249.356, 488.852
3.42178, -599.108, -245.734
3.31214, -18.0825, -91.9356
2.65594, -213.896, 819.579
7.42716, 154.218, -688.614
4.04559, -284.632, -633.416
4.11075, -620.174, -297.547
5.51155, 264.754, -157.367
2.89107, -299.843, -855.668
3.93936, -1.75584, 86.6581
5.79307, -168.939, -479.253
7.36348, -858.193, -364.332
7.27758, -360.715, -718.963
7.42745, -597.915, -269.534
7.30478, -805.629, -638.374
3.0073, -466.263, 576.723
3.71505, -166.188, -481.653
6.91151, 124.746, -344.35
5.28805, 335.026, 553.653
6.7669, 766.903, 548.616
7.49145, -508.121, 568.465
3.99751, -134.518, -515.634
6.33157, 876.226, 451.068
4.81901, 280.63, -167.124
6.8168, -612.542, -700.142
6.99018, 808.799, -71.1891
7.377, 231.638, -409.265
2.77405, 614.291, 147.758
6.32605, 865.348, -663.675
5.09219, -867.943, 735.842
3.46574, 895.246, -156.753
6.98252, 229.307, -539.564
6.38492, -789.256, 110.74
2.75968, 362.156, 514.498
7.47331, -775.092, 715.55
5.93659, -85.8702, -415.381
5.94854, 839.508, 490.721
6.57666, -609.885, 755.765
7.05426, -68.8348, -405.64
3.34218, -181.463, 287.395
5.24183, -608.272, 759.418
6.53351, -493.161, -221.028
4.17803, 319.122, -485.385
5.53435, -98.5497, 20.7683
6.59602, -796.285, 336.171
7.3485, 37.1986, -190.078
6.29349, 568.895, 535.91
3.72113, -126.913, -98.1821
5.80589, -576.079, 347.213
4.21574, -515.261, -241.74
7.27146, 337.382, -343.204
2.60828, 757.223, 517.918
4.54979, -867.726, 878.829
2.55789, 537.96, -722.456
3.04964, 823.295, 219.584
5.28259, -811.193, 120.14
4.45466, 62.9896, -217.699
7.20539, 108, -168.232
2.55572, 183.86, 410.59
6.22897, -144.627, -512.627
3.84293, 228.701, 117.082
4.27153, -612.711, -714.584
3.45835, -447.637, 622.789
5.14832, 318.197, -111.069
4.39478, -15.2745, -738.67
3.16407, -96.9917, -805.694
4.26563, -167.126, -471.343
4.2497, 767.218, 904.629
7.41084, 577.537, -141.654
5.25961, 148.503, -300.916
4.99918, 29.3793, -685.573
3.58531, -795.513, 303.618
4.37311, -208.727, -524.839
6.78251, -628.763, -464.997
6.45578, 801.508, -458.765
3.9204, -531.219, 793.852
5.07645, 402.056, 186.784
6.79238, -238.887, 49.1096
7.07844, -762.648, -194.107
7.48941, 172.166, 828.054
6.53177, 110.749, -189.125
5.22718, -835.965, -181.537
7.3461, 113.079, -731.57
5.31931, -559.938, 375.104
4.03031, -432.803, 646.226
5.41853, 830.643, 844.595
2.91197, 25.0784, -197.614
5.47382, 344.989, 524.882
3.31968, -592.394, -553.982
6.46527, -609.971, -472.744
2.95373, 604.824, 655.389
6.3072, -482.389, -670.373
6.83996, -262.924, -20.4357
6.40105, 106.458, -369.347
6.61399, 847.877, 802.815
6.70974, 337.085, 557.029
4.48328, 466.379, 209.634
6.508, -135.45, 157.834
6.56811, 335.305, -8.94628
5.43493, -391.954, 76.5105
4.64621, 767.89, -7.52438
2.5002, -73.0302, -398.759
5.31153, -789.024, 323.248
6.22632, 325.44, 270.242
3.89846, 849.248, 254.931
2.93406, -870.723, 526.724
3.5733, 877.556, -842.935
3.93296, -445.506, 634.852
4.86595, -383.819, 468.165
6.95893, 851.889, 810.016
5.91955, 502.163, -471.524
3.54376, 9.84344, -113.783
6.67533, 748.254, -38.0903
7.09218, 888.068, 880.265
4.48244, -515.927, -661.89
6.37858, 524.044, 517.528
5.68161, -128.029, -107.929
6.64746, 410.151, 207.511
3.40204, 490.145, -461.297
7.45927, 541.626, -701.429
6.70558, -136.795, -748.583
4.65177, 813.751, 216.525
4.38589, 545.375, 791.728
2.70802, 557.513, -491.661
6.80715, -643.143, -471.304
6.62116, 874.221, -827.982
6.25052, 0.700811, 690.306
3.55801, -181.104, 860.408
4.31029, -742.521, -214.957
4.43545, -655.773, -701.159
7.32918, 732.051, 610.131
6.5872, -85.1076, 690.986
4.5755, -54.6458, 423.504
5.83759, 216.376, 109.388
2.52101, 488.848, 919.146
6.98048, -683.578, 202.986
3.68416, -340.068, 341.119
3.79415, 326.998, -184.074
5.4939, 400.74, -670.756
6.89823, -817.786, 328.847
6.16299, -631.181, -566.029
6.0773, 776.527, 586.92
3.57724, -557, 491.454
6.30413, 713.424, -920.851
3.85351, -127.042, -469.438
2.75246, 563.824, 255.593
4.78866, 361.213, 321.207
2.58759, 403.635, -659.845
3.01129, 44.7214, -259.145
2.639, -204.709, 299.805
5.65921, -374.727, -516.188
6.34425, 35.7944, -192.705
2.74132, 529.237, -759.066
6.6924, -28.4311, -633.507
6.76899, -234.273, -200.635
6.57649, -516.355, 560.216
6.85188, 782.288, 373.859
5.27222, -587.217, -177.94
6.12646, -246.146, -49.801
3.20424, -466.994, 824.098
6.6115, 560.622, -481.33
5.51185, 647.528, -168.036
4.93856, 471.859, -842.891
6.14942, -212.423, 779.832
4.05164, 753.186, -640.003
3.93925, -713.397, 300.641
5.45857, -876.834, 707.724
5.34055, 562.96, 815.765
5.41059, -851.224, -515.381
2.84132, -686.138, 262.159
4.34304, 152.88, -305.923
6.28475, -841.776, -542.483
6.35297, -445.437, -816.557
4.27217, -401.238, -258.792
5.98913, 150.094, 822.029
5.08005, -600.859, -270.467
5.94494, 318.728, 138.039
6.18066, -85.0087, 658.155
2.56231, -307.831, -628.846
7.16549, 580.147, -136.332
5.37826, 148.315, 110.158
3.05587, 512.918, 878.257
4.87388, -96.0897, 5.54278
3.24247, 213.25, 88.189
4.22594, 85.5841, 422.845
7.04476, -843.562, 221.417
4.54571, 42.2079, 513.461
5.96642, -618.501, -74.6996
3.35865, 372.898, -780.629
6.21715, 846.465, -439.946
4.16319, -433.418, 683.98
4.62157, 597.916, 284.607
2.79523, -218.969, -75.063
5.09005, 249.936, -211.534
5.94425, 414.5, -537.643
5.01149, -256.479, -15.2533
6.56617, -179.027, -701.183
3.07974, 122.698, -863.746
5.24841, 284.565, 470.511
5.06046, 330.88, 41.3454
6.02649, 893.477, 439.291
5.65083, -271.313, 835.949
4.0207, -64.9925, -630.339
6.74719, 315.075, 266.055
3.39619, 579.619, -22.6157
2.61737, -443.781, -58.3389
4.19467, 666.959, 33.5198
3.43818, 323.904, -58.2254
6.60467, -256.349, 164.54
6.72507, -853.435, -193.367
6.78031, 864, -689.954
7.37454, -861.414, 616.142
2.99587, 394.082, -426.824
2.56182, 571.252, 602.707
2.58614, 249.674, 484.098
2.64527, 185.418, 134.385
4.1031, 148.589, -300.029
6.17815, 590.066, 293.454
3.14876, 302.897, 443.188
2.5161, -362.912, 449.484
6.91905, 109.177, -709.627
3.70482, 220.241, -513.364
4.38481, -813.145, 702.987
4.44879, 590.564, 156.081
2.81534, 590.757, 324.267
7.30792, 149.527, 820.628
3.75349, 707.369, -338.554
6.85376, -667.795, -50.6963
2.85991, -788.167, 330.577
2.70653, -544.511, 566.548
3.46378, 317.185, -504.099
3.86708, -299.294, 297.143
7.4007, -894.746, -342.471
3.60607, 332.844, -510.343
6.43119, -839.14, 803.344
4.42306, 220.172, -371.799
3.78593, 426.292, -613.499
3.91087, -837.18, 126.545
7.33834, 796.242, -36.8607
4.22841, 663.176, 143.604
3.45922, -836.59, 716.147
5.05037, -541.387, -351.108
5.21857, -487.292, 558.613
5.72333, -622.742, -562.159
3.89738, 6.47067, 680.593
3.41887, -308.818, -617.108
2.71579, -814.668, 334.221
3.98408, -494.138, -257.17
4.25548, -229.622, 118.365
7.09372, -394.997, 681.534
5.81225, 484.612, -333.469
5.08041, 813.855, 548.361
4.03763, 532.642, 498.386
3.0007, -292.439, 128.616
3.47502, 328.251, -863.767
4.11407, 13.0953, -181.118
5.56182, 842.346, 103.567
5.13511, 898.705, -904.845
3.45653, 318.813, 243.246
4.7178, -721.826, -490.1
4.48693, -588.14, 748.165
6.28051, -589.291, 762.562
6.6213, 709.59, 610.607
5.51573, 72.6124, -376.578
3.04573, 534.497, -705.798
4.11797, 442.53, -176.304
5.03403, 42.284, 291.365
4.76521, -602.107, 764.41
4.77315, -175.402, -490.827
4.91125, 876.502, 875.82
5.07896, 348.733, -658.869
4.50207, 159.006, 796.086
4.22945, 827.023, 372.667
6.64533, 848.629, -185.438
3.02204, -602.751, -703.85
6.40057, 500.109, 474.864
3.19919, -280.871, -221.774
2.62171, -702.374, -491.713
6.0664, 359.893, -632.19
7.15538, 112.111, -719.427
7.47667, 251.599, 139.623
3.86264, -861.292, 174.284
3.6923, -456.273, -224.777
3.87328, 840.986, 593.055
5.70836, -813.847, -635.482
5.17637, 295.803, 155.738
6.8967, 759.387, -299.375
6.75968, -654.228, -701.811
2.98004, 785.363, -13.947
4.66818, -688.088, 206.28
3.17045, -142.033, -703.156
5.86802, -182.048, 319.638
5.34964, -76.3449, -444.535
3.66474, -474.215, 577.68
5.50306, 233.615, -611.484
2.6551, -679.889, 16.7446
7.08512, 514.744, -288.471
3.82958, 856.434, -176.059
6.50016, -168.738, -464.391
5.46389, 150.86, -698.485
5.0822, 338.677, 527.454
5.2567, 342.839, 536.312
3.47225, 466.796, -209.421
5.36152, 107.657, -681.073
3.81992, 196.904, 377.805
4.41648, -782.082, 504.163
2.73626, -702.38, -831.576
4.22823, 536.231, -721.022
3.61594, 603.545, -405.972
3.81264, 25.3675, -719.959
3.05141, -370.666, -457.042
7.40088, -676.461, -29.816
5.93794, 717.34, 616.896
5.82158, -541.704, -344.221
5.99501, -592.306, -638.928
2.68746, -748.396, -668.851
3.6706, -636.083, -699.995
3.95397, 713.894, 620.351
3.50543, 33.4094, -248.948
2.7177, 300.448, 238.627
2.56571, -473.969, 576.991
6.07297, -480.768, 779.424
6.88348, -832.399, -571.121
5.35088, -849.067, 377.873
6.92743, 820.964, 817.258
5.20042, -399.164, -248.055
3.31357, 869.709, -688.519
3.30492, 940.942, 469.401
7.19182, 328.547, 285.003
3.45628, 502.611, -754.308
3.15761, -18.0893, -149.489
4.41122, -239.255, -31.9807
6.12674, 263.281, -157.772
2.50651, 558.772, 800.124
4.60222, -23.655, 674.547
5.18984, 248.668, -192.284
4.86596, -215.676, 224.919
6.33003, 556.271, 803.712
2.9396, 482.73, -472.656
7.04284, 154.3, 307.203
3.20818, -777.585, -405.858
2.54782, 308.964, -21.5284
2.82267, 262.813, 449.686
4.96742, 359.03, 221.993
5.40914, 489.801, 891.548
4.03373, -869.59, 542.534
4.57091, 800.927, -79.5949
4.33401, -624.658, -610.34
3.42687, 166.397, 624.933
2.76788, 595.26, 103.336
4.47222, 473.373, -47.8439
3.98388, -328.524, -188.302
5.05388, -378.758, 797.588
3.75392, -675.247, 186.54
5.01589, 879.929, 883.651
2.51168, -17.7016, 737.786
7.01807, 833.167, -445.677
2.79181, -880.373, -869.452
5.17506, -555.68, 749.431
3.95754, -371.543, 757.443
7.3023, -741.127, -224.21
4.73406, 323.512, -84.5883
5.08479, 779.92, 199.464
5.93861, -295.232, 4.66182
2.72187, -153.389, 29.7341
7.2946, -752.542, 575.575
5.70852, 371.76, 143.612
2.80215, 478.024, -659.53
3.33964, 112.724, 256.324
5.76491, 442.273, -199.874
6.19864, -783.949, 358.355
3.57011, 828.141, 212.074
4.31441, 127.191, -680.951
6.56981, -647.734, 883.915
5.32057, 808.789, -491.936
7.45886, -34.5752, -790.844
6.5669, -811.198, 320.014
3.49157, -898.915, -10.9568
2.50003, -119.51, -739.614
4.62608, 841.774, -729.35
4.07406, 796.138, 206.527
5.56218, 587.037, -861.447
3.83351, -178.903, -468.557
4.39881, -592.591, -92.6129
5.43397, 839.916, 264.163
5.95636, -131.283, -469.23
7.26736, -364.827, -515.705
4.89785, -309.207, -853.516
3.60319, 374.494, -632.599
5.33741, -658.662, -447.553
6.09873, 328.385, 290.637
4.4953, -517.302, 568.802
3.48326, -652.319, 911.7
6.66971, -614.245, -720.286
5.59561, -443.978, -822.186
7.26866, -264.439, 139.667
3.23222, 44.4554, -191.894
5.38953, -26.1564, -421.493
7.26796, -437.353, 639.069
3.62331, 687.442, -896.802
7.25137, -494.151, 738.768
3.07874, 804.859, -460.541
2.58372, 42.4384, -168.572
3.90465, -299.044, -129.852
7.15042, 553.141, 132.287
3.04796, 728.999, 809.695
6.77266, 28.7119, 666.917
5.68532, -647.015, -704.296
5.63853, 399.139, -667.678
3.80589, 709.187, 607.557
5.13936, -844.32, 138.298
7.16608, -255.728, 841.736
3.98055, 836.91, 75.9436
4.78006, 182.806, 357.942
6.35659, -631.297, -553.01
4.17193, 222.909, 117.382
6.31775, 13.8819, -794.242
6.65892, -15.8719, 852.401
2.64618, -721.537, 550.708
4.31315, 673.631, -246.77
4.16221, 257.358, 456.913
3.17675, -456.022, -239.025
3.00839, -258.673, 607.818
5.11327, -582.919, 737.424
3.52046, 36.859, -485.571
5.00728, -827.266, -572.801
5.1371, -42.5378, 844.706
4.13422, -239.91, -221.704
4.75888, 267.233, -361.259
6.85263, -40.3667, 843.97
4.72884, 567.35, 815.659
6.03726, -473.295, -758.113
6.83171, 869.881, -701.15
6.5822, 805.095, 191.017
2.67504, 802.772, 780.416
3.8644, -618.885, -281.32
5.21858, -382.248, -432.172
3.19942, -863.731, -533.028
5.57408, -694.169, -843.394
3.29182, -606.346, -630.721
4.41129, 122.523, 208.408
5.94997, -109.679, 164.818
3.21128, -366.156, 444.885
5.65284, -808.252, 720.095
3.15973, 167.26, 804.819
7.13583, -687.597, 209.998
5.53465, -865.986, 727.44
5.50388, -784.211, 326.285
3.33635, 568.376, -466.761
3.301, -765.915, -419.039
5.91628, 591.758, -21.7289
5.1456, -639.864, -73.1344
3.65264, -113.668, 683.052
6.55373, -453.462, -64.5811
5.76477, -400.739, -528.827
4.08597, -607.997, -585.71
2.53953, -253.625, -756.123
3.49176, 744.525, 615.024
3.78831, 30.5763, 362.739
3.03825, 810.051, 16.6161
3.49545, 108.792, -359.031
6.75079, 793.912, -743.614
6.63912, -834.741, 172.64
6.76813, -797.128, -584.472
5.71027, 292.199, 746.476
3.6787, 684.053, -897.622
6.80638, -505.393, -723.152
5.4745, -37.4411, -149.334
2.52745, 508.328, -50.995
6.84925, -636.005, -462.301
7.37729, 590.493, 157.572
5.59653, 331.057, 41.8846
3.85574, -813.737, 339.788
7.46973, -193.638, -506.445
4.60751, -633.395, -448.203
4.20537, -766.514, -580.721
4.80717, 302.541, -111.54
4.44822, 242.226, -384.068
4.613, 21.1666, 506.945
2.84879, 157.38, 288.641
5.5153, 30.7108, -164.744
7.36114, -53.5105, 185.594
5.07406, -703.837, -504.878
7.45461, 832.915, -126.306
5.84906, 580.944, -135.333
4.01716, -592.051, 41.7667
3.47371, 779.183, 558.803
4.0109, -763.337, -806.953
4.93946, -368.477, 448.029
4.72438, 486.485, 904.515
5.7844, 370.779, -800.884
3.74227, -730.512, -677.715
4.72007, 30.8943, 505.851
5.75894, -655.702, -61.4213
6.67472, -688.921, 244.281
6.03698, 160.803, 778.052
4.93928, -810.394, -605.622
6.72039, 376.609, -187.674
7.00296, -499.045, -221.663
6.33082, -712.372, -483.888
5.29453, 623.97, 877.658
2.70603, -0.709495, 85.2848
5.46749, 541.932, 92.5795
2.68674, -617.776, 776.351
4.53488, 106.075, 414.594
2.84243, -890.564, -845.307
7.38558, -700.403, -825.996
2.5956, -520.377, -257.817
6.60363, -171.774, -238.454
5.2195, -371.415, 755.18
5.72828, 718.556, -316.217
3.62934, -242.15, -62.6557
2.733, 885.023, -693.53
3.63154, 223.778, -545.163
4.58371, -637.942, 123.84
6.40126, 239.186, -603.727
3.72852, -791.815, 325.009
4.81411, 597.889, 101.883
6.14756, 874.733, 267.32
5.35237, -354.351, 772.691
5.45997, 891.061, 890.927
4.98425, -812.896, 235.252
3.951, 430.022, 151.059
4.71107, 47.8102, -188.65
2.53669, 812.158, -427.833
7.41683, 471.743, -329.664
2.52822, -735.245, -204.015
4.8676, -91.1563, 686.347
5.86497, -314.546, -177.423
