6.27803, -371.69, -365.434
3.5948, 168.195, -81.0973
5.89648, 238.864, -249.174
5.09708, -210.012, 403.468
2.76731, -429.97, 432.427
2.53849, 307.929, 172.96
4.58743, -300.161, -120.338
7.15218, 228.957, 122.979
2.95982, 112.433, 312.522
6.00595, -74.1947, 32.3813
3.81226, 514.399, 420.589
4.14117, 239.179, -373.376
7.45519, 272.943, 45.4851
7.41275, -373.303, -276.984
5.75759, 155.899, 113.392
6.92354, 279.72, -337.057
6.33247, -190.571, -216.85
3.87453, -312.837, -281.367
4.93259, -388.206, -230.862
2.80282, 539.33, 521.631
5.08146, -9.70563, 448.495
4.96988, 477.037, -377.468
7.23882, -360.898, -554.221
4.42071, -10.4624, -341.201
5.14874, 508.513, -425.231
2.75042, 421.453, -38.2333
6.63909, 236.82, 82.5361
5.94228, -429.477, -484.564
6.18112, 35.3684, 392.291
6.94286, 429.502, 452.936
4.25508, -83.0528, -269.715
6.72991, 262.055, 97.8793
3.84659, 293.381, 39.8956
4.83959, 101.277, -146.341
3.2686, -395.011, -393.351
2.66527, 193.062, 105.396
7.2768, 207.561, -21.749
6.95369, 343.142, 89.5866
3.29884, 192.08, 68.874
3.15214, 184.938, -339.976
2.515, -559.585, -321.274
6.0491, -264.664, -197.458
3.40448, -451, 382.9
5.76029, 523.76, -318.599
4.42907, 268.684, -325.31
3.23766, 133.968, -58.8822
5.45054, 279.18, -39.5205
3.24076, 15.4712, 342.474
3.2091, 71.6112, 324.611
4.94257, -318.015, -194.844
3.13015, 393.467, 5.84291
5.64635, -98.4372, -279.331
5.60817, 260.268, -336.321
4.88216, -344.789, 409.42
2.64188, -421.768, -243.739
3.21011, 241.335, 434.905
3.15594, -204.029, 390.453
3.31099, -470.395, 451.036
3.76529, -103.329, -185.295
4.77654, 167.305, -340.383
6.54472, 41.6269, -107.753
3.57624, 30.024, 360.15
3.75063, 434.416, 272.424
5.02978, 133.141, 389.146
6.27922, 173.989, 20.6008
5.66369, 361.114, -63.4601
5.9449, 216.653, 143.706
7.27207, 455.092, 479.497
5.18713, -417.464, 504.835
4.57014, -318.627, -311.507
4.70019, 243.374, 61.3912
6.07821, 486.774, 418.267
6.20858, 206.732, 152.745
5.12494, 641.74, -414.648
6.06711, -305.153, -136.039
5.91025, 269.302, 109.05
6.82941, 447.681, -254.502
3.19597, -41.7255, 476.604
3.57766, 305.362, 8.4367
5.0733, -193.255, -145.627
4.83766, 15.5228, 449.85
3.55759, -80.756, 573.033
5.65244, -407.52, 422.22
2.5044, -555.16, 65.8535
4.09589, 273.366, 125.223
5.90281, 292.082, 51.8234
6.0446, 317.809, -210.449
2.90869, -543.138, 453.684
3.56926, 250.679, 42.971
4.44412, -438.04, -298.435
4.44927, 575.528, 583.532
3.92018, 248.604, -417.42
4.6123, 245.691, 238.843
2.55658, -406.713, -348.98
3.72027, 575.758, -568.549
4.49072, -560.979, 455.819
6.64177, -477.396, 166.814
3.78584, 507.528, -676.799
3.59705, -280.325, -333.381
6.47385, 237.206, 167.059
5.8476, 135.888, 127.222
5.49108, -478.444, 162.45
5.99917, -54.1162, -330.749
5.13062, 246.004, -311.196
4.14833, 290.232, -36.8024
3.30844, -651.031, 74.8381
6.56633, 289.242, 6.79009
4.08004, 325.408, 14.8174
4.05369, 31.5219, -306.905
4.65424, -53.7789, -27.998
4.46509, -60.6506, -421.823
4.43916, 40.4689, -129.572
4.34871, -433.149, -491.666
5.88118, 243.609, -412.928
6.10384, 312.599, 108.828
7.20082, 94.4345, 406.063
5.08573, -160.555, -317.058
5.5282, -89.2896, 58.3974
5.85049, -404.286, 411.822
5.11404, 54.3887, -282.748
3.87105, -455.889, 488.894
7.08924, 261.509, 126.64
3.73367, 515.024, -422.488
4.77876, 226.502, 122.839
3.30374, -544.69, 469.673
4.68319, 270.803, 168.606
7.45767, 243.89, 60.3019
6.26931, -254.028, 400.702
4.97846, -406.51, -437.64
7.01651, -502.153, -223.794
4.68213, 203.817, 153.184
5.09239, 82.6938, -154.304
4.44866, 165.299, -336.545
5.63431, -106.197, -313.137
5.19331, 268.289, 57.6052
4.35955, 223.787, -370.103
2.54674, -115.349, 125.882
6.3794, -75.8441, -366.989
2.85317, -371.794, -350.423
3.98511, 225.545, -329.266
4.78581, -11.575, -341.506
3.25156, -188.988, -144.213
5.97819, 249.451, -374.154
4.15587, 255.278, 105.699
5.21197, 511.851, -450.734
2.64678, 624.883, -536.766
5.38086, -16.8165, -106.835
5.18133, 284.141, 6.4098
7.36678, -328.757, -255.618
5.57063, -53.5587, -318.015
5.26431, -512.174, 135.389
6.69051, -183.583, 384.923
3.75764, -324.078, 470.478
6.98957, 189.877, 97.852
5.97428, 301.548, -321.969
5.82752, -406.579, -189.006
3.06838, -317.135, -491.588
3.37987, -481.976, 192.559
2.91253, -69.3196, -8.22996
6.68103, -53.8685, 137.035
2.64818, 602.372, -556.58
6.34719, -9.44643, -341.611
4.29829, -443.99, 377.113
6.24626, 93, 458.156
6.28385, 281.124, 54.9921
3.60834, -521.563, -329.713
5.58305, 237.224, 27.936
3.66846, -160.914, -158.081
6.22052, -618.802, 199.491
5.80997, -390.216, -382.65
4.9209, 623.603, -582.308
2.58972, 228.352, 30.8308
4.98291, 244.277, 87.4622
5.09587, 255.528, -358.551
4.71395, -473.239, 82.6605
4.14528, 86.8915, 406.488
3.52671, 260.518, 140.08
7.19863, -80.6826, -346.918
2.85168, -350.001, 434.499
3.30042, -109.493, -294.961
6.70788, -390.529, -242.262
4.13614, -157.608, -138.699
6.85942, 291.596, 228.059
5.99896, 594.927, 503.739
5.52801, 315.153, 18.7101
4.77536, 44.6008, -101.018
2.91543, -433.323, -279.289
3.94883, 82.7185, -134.382
6.51009, -368.526, -406.312
6.81821, 255.431, 53.9695
3.81831, 144.402, -390.878
4.79881, -247.529, -275.299
4.95672, 342.452, -347.711
5.82344, -533.135, -353.851
7.31738, -382.541, -206.264
7.23022, 237.95, -379.112
2.81902, 229.086, -388.997
5.04829, -395.196, -220.711
6.13222, 554.787, 264.974
5.65882, 226.716, -19.6265
3.26658, -515.758, -472.901
5.09652, -477.093, 80.5689
3.52281, -355.182, 413.332
6.03231, 364.684, -312.301
6.05786, -404.683, -207.311
3.66304, -209.071, -118.281
6.80594, 63.7386, -244.166
2.67122, 123.982, 422.27
6.26587, -483.226, 207.933
4.14789, 209.099, 71.1019
4.65309, -261.086, -354.252
7.33455, 367.18, -81.1593
4.05803, 428.335, 412.406
5.69762, 444.171, -348.122
5.95386, 306.417, 10.7128
5.36403, 75.9159, 499.198
6.60667, 584.265, -549.938
4.21807, -413.665, -386.113
5.09387, -447.225, -347.881
6.78438, -10.8664, -324.475
6.18587, 212.756, 243.752
3.45992, -500.672, 243.727
2.83145, -250.84, 225.591
3.60828, 594.752, -550.035
3.33656, -71.6587, -18.3199
6.31172, 327.04, -199.928
5.44905, -497.863, 200.317
4.65223, 542.307, 511.827
7.09618, 197.695, 65.1873
5.09668, 284.934, 105.464
7.38058, -446.203, -95.4658
5.15714, -295.885, -245.873
2.98716, 252.844, 51.5197
5.83983, 323.435, 30.5473
5.44444, 240.146, 176.33
5.01137, -300.92, -170.278
2.75808, -507.77, 192.296
2.6753, -21.0365, -359.15
4.41484, -377.7, -367.937
5.55555, 216.577, 114.916
5.06574, 548.847, 466.615
5.98498, 247.033, 65.0479
4.89891, -79.7995, -188.779
3.88323, 249.78, 294.348
6.01685, -269.374, -127.173
3.67701, 455.166, -2.79812
6.41501, -39.3061, -147.08
6.60589, 38.5854, 426.061
3.21842, -378.791, -258.611
5.75757, -491.847, 523.644
3.87677, 622.086, -444.499
7.26215, -419.878, 509.258
4.58238, -315.956, -246.883
3.03869, -85.5354, -28.9986
4.70633, -512.111, 460.554
6.28811, -414.783, -269.675
2.77803, -417.093, -255.918
3.51241, -8.9264, -122.715
6.82305, 587.403, -550.636
6.52456, -95.851, -132.342
2.78861, -329.324, -348.355
4.40304, -78.4647, -187.459
4.56124, -14.5394, 453.099
2.80071, -80.3874, 124.753
7.09746, 504.027, 403.194
3.35398, 502.438, 420.952
6.51634, -507.473, 194.683
3.88599, 223.871, 82.6428
4.44586, 41.7025, 343.681
7.19936, -49.2162, 460.228
6.24573, 58.5189, -129.46
3.44774, -539.875, 484.085
6.89581, 260.787, -50.4508
6.8953, 214.933, -360.031
3.30515, -329.576, -139.607
5.87346, -391.761, -206.31
6.89096, 190.783, 4.90196
6.98262, 264.757, 27.891
3.06535, -177.728, 460.331
5.93789, -219.066, -246.14
3.21651, -241.328, -516.351
3.6901, 342.069, 71.6619
5.64383, 310.539, 13.0347
4.312, 435.304, 270.482
4.64437, 614.245, 232.103
4.91936, -42.1577, -307.543
6.20379, 11.8362, -156.082
3.23098, -341.899, 444.18
7.36238, -437.892, -381.262
7.3158, -275.47, -168.176
3.14741, -215.716, 669.687
5.3784, 62.2197, -128.839
4.66439, 5.89953, -83.3396
5.50066, -193.594, -134.251
5.85098, -285.124, -240.24
4.5137, 519.555, 471.267
6.46691, 468.159, 388.002
4.89889, -297.705, -206.182
5.72449, 310.325, -65.2597
4.28836, -173.71, 505.787
5.96794, -55.6502, -217.987
5.83428, -540.512, -376.436
3.22071, -374.025, 489.653
7.10415, -482.947, 182.687
4.22228, 55.3771, -124.098
6.66824, -15.1713, -199.172
2.74349, 234.962, -364.514
3.27936, -201.763, -257.268
2.55765, 228.344, 79.1127
3.94327, 43.9494, 496.353
5.07295, -172.113, -125.411
3.65948, 565.906, 512.727
2.75022, -136.118, -164.062
5.33091, -387.608, -381.074
6.69774, -15.2137, 336.249
4.28763, -389.512, -416.058
4.3452, 57.2743, 388.965
7.22226, 225.274, 97.899
4.72425, -368.392, -210.552
6.82086, 266.831, 36.0579
5.82654, -473.883, -404.833
5.79297, 94.3293, 422.878
7.10736, -654.691, 572.57
5.11536, 614.937, -427.02
5.45229, 257.881, -419.711
5.79944, 467.932, 378.304
4.24765, 270.232, 127.828
4.11714, 275.03, 80.0382
7.08984, 38.5853, 432.206
3.08619, 509.17, -563.2
7.31268, 223.283, 78.9473
5.17978, 32.3004, -121.667
5.81447, 460.723, 414.473
5.48362, 460.45, -386.476
6.93363, -403.605, -256.331
6.67999, -444.088, -349.851
6.69339, 212.137, 24.1344
6.85642, -81.2689, 50.2164
2.5002, -349.863, 114.808
4.77274, 186.953, 33.6806
4.25696, -492.2, 179.134
5.80713, -228.131, 537.843
6.22234, -499.011, 174.444
3.3821, -153.917, -274.212
7.4621, 601.403, -562.791
5.95466, -498.513, 199.934
6.97862, 242.957, 300.12
3.51579, 269.984, 43.1033
7.2356, -375.14, -175.599
4.88476, 504.187, -434.614
6.78578, 526.998, -525.802
6.41237, -394.005, -367.035
5.70687, 486.291, -493.748
3.14521, -546.299, 14.3907
5.77944, -58.3875, 411.326
3.09199, -5.60974, -166.317
3.88793, 1.89823, 364.844
6.65548, -194.607, -150.035
6.14153, -379.773, -560.158
6.74348, -846.941, 6.0936
3.43989, -349.182, -198.761
6.09602, 270.953, -173.066
4.25586, 302.459, 20.1477
3.34555, -566.713, -440.234
4.52383, -101.13, -394.025
4.20924, 93.6056, 481.632
6.67141, 296.535, 70.3233
3.9111, 489.571, 373.043
5.16766, -414.26, -391.376
6.25085, 506.782, -418.762
4.62554, -513.825, -224.565
4.66964, -448.938, 452.457
3.03022, 557.663, -485.434
6.4639, -99.1289, -284.917
3.91232, -565.772, -263.812
7.14264, -209.012, -112.448
5.37926, 242.792, 64.4305
3.4895, 476.778, -268.84
5.99081, 258.549, -323.015
3.07265, 248.736, -376.172
4.22945, 9.4235, 370.652
4.15646, -286.59, -171.298
6.42735, 607.399, -506.567
6.65775, 206.556, 173.512
4.21712, -589.19, 406.525
4.2603, -188.566, 382.811
6.38197, -105.994, -283.174
6.58658, -84.7807, 441.428
4.26157, -185.271, -29.0776
7.09559, -379.878, -209.593
3.2877, 242.683, 98.5754
5.56029, -353.114, 572.947
5.54222, -373.136, 489.035
3.16647, -64.6955, -243.527
3.51409, -439.981, -368.728
4.79457, -479.298, 521.336
3.48759, -342.648, 523.34
6.77118, -486.344, 171.8
6.54562, -162.178, -374.009
2.80131, -523.365, 461.594
6.50584, -532.042, 464.363
5.49597, -82.6321, -289.228
7.43182, -459.211, 168.884
2.65919, 72.4895, 451.51
6.8356, 587.899, -544.657
3.69109, 182.052, 27.013
3.6127, 283.34, 119.966
4.73907, -410.543, -439.287
2.61231, 354.662, 154.416
6.79755, -136.251, -161.301
4.15902, 211.518, 181.753
5.72195, 274.936, -94.3472
7.43521, -411.131, -435.299
5.30162, 215.676, -377.917
4.74553, -328.68, -252.724
5.213, 5.94372, -367.631
2.90797, 368.001, -66.1896
3.99606, -308.432, -172.886
6.63964, 467.723, 378.049
6.48936, 430.86, 633.148
5.71048, 126.88, 392.473
4.84105, 188.966, 33.2233
7.15326, -156.499, -272.71
5.08798, -148.832, -188.082
7.42924, 497.764, -415.314
5.94567, -10.3067, -249.15
6.19966, -95.582, -271.827
3.46323, -569.365, -292.692
6.08881, -244.837, 553.16
6.11146, 297.735, 63.4033
6.49298, 247.009, 65.5482
4.23216, 251.278, -322.569
5.1481, 77.5916, -174.35
3.19001, 330.505, 27.9396
6.73218, -189.269, -130.982
6.32766, 89.0748, -351.7
7.5, 527.558, -560.353
4.24891, 493.788, 430.154
5.50367, -417.776, 498.894
3.50808, -274.552, -186.444
6.2385, 207.016, -13.5764
6.49225, 386.421, 73.5479
3.03505, -492.303, 328.212
5.35813, -313.835, -192.292
2.84683, 166.18, -167.781
4.16036, 547.425, 361.313
5.80945, 236.418, -347.04
5.27726, 121.724, -177.343
7.12415, 205.562, 94.8216
2.69832, -260.066, -184.086
2.62083, -105.628, -112.277
4.61923, 323.096, -311.275
4.36987, 266.883, -56.0279
2.93303, -190.361, -81.0087
3.05403, -84.4742, -24.0206
5.31992, 241.984, -459.263
7.37269, -148.742, 458.882
3.05066, -25.4968, -343.289
5.99352, 3.90996, 370.435
2.79674, 114.013, -336.265
4.69755, 311.549, 10.4277
5.24651, 445.612, 458.969
3.45129, 352.199, -459.905
7.36597, 253.498, 56.5826
3.19593, -311.781, -196.231
5.48978, 516.237, -424.681
7.12812, -413.248, 506.573
3.91116, 98.8871, 397.53
6.8307, -144.611, -165.963
6.29598, 15.7301, -246.277
6.10793, 256.226, 120.429
3.34241, -100.966, 126.871
3.32882, 491.745, 305.341
3.39076, -408.046, -136.95
5.87226, 237.309, -353.346
4.83484, -15.5781, -371.995
6.85219, -438.633, -475.046
5.76023, -379.001, -300.32
5.80464, 630.693, 623.755
2.58037, -499.579, -573.996
4.30596, -430.763, -371.612
3.72747, 419.699, 129.822
6.93086, -525.622, -461.508
5.23701, 636.367, 519.81
6.57209, -65.7788, -326.362
5.24453, 9.14333, 365.479
4.16156, 219.436, 111.058
4.40213, 116.818, -352.237
2.52389, 501.475, 477.167
6.95226, -95.726, -296.652
6.16955, -427.192, 517.109
6.04239, 63.8223, 468.329
5.1278, 34.289, -170.99
6.41065, 1.00977, -351.656
3.42484, -255.559, -332.724
5.72673, 288.953, 148.226
3.42178, -416.761, -227.018
3.31214, 60.5038, -117.68
2.65594, -289.029, 437.81
7.42716, -105.759, -287.735
4.04559, -282.219, -278.287
4.11075, -269.433, -76.6766
5.51155, 317.321, 146.899
2.89107, -259.102, -338.793
3.93936, 244.342, 17.0648
5.79307, -134.79, -342.417
7.36348, -316.486, -441.843
7.27758, -436.493, -286.971
7.42745, -325.601, -208.204
7.30478, -443.432, -377.628
3.0073, -437.845, 541.876
3.71505, -94.5125, -262.328
6.91151, -96.1822, -180.695
5.28805, 274.468, 120.161
6.7669, 510.808, 412.988
7.49145, -341.024, 439.028
3.99751, -55.7634, -413.877
6.33157, 441.967, 480.734
4.81901, 314.446, 150.577
6.8168, -462.242, -184.444
6.99018, 350.03, -79.6316
7.377, 124.455, -204.248
2.77405, 224.641, 111.518
6.32605, 596.389, -542.639
5.09219, -411.101, 505.471
3.46574, 330.635, 28.4046
6.98252, 304.213, -382.177
6.38492, -317.371, 231.715
2.75968, 253.512, 44.3204
7.47331, -506.046, 480.065
5.93659, -311.27, -318.033
5.94854, 422.878, 442.129
6.57666, -243.245, 382.184
7.05426, -122.778, -282.094
3.34218, -82.8867, 50.0881
5.24183, -380.87, 401.967
6.53351, -146.314, -136.762
4.17803, 251.953, -375.512
5.53435, -197.358, -148.81
6.59602, -545.031, 239.272
7.3485, 37.5005, -143.383
6.29349, 443.844, 468.134
3.72113, -140.095, -168.229
5.80589, -577.398, 121.433
4.21574, -269.956, -229.157
7.27146, 161.989, -245.7
2.60828, 265.705, 465.774
4.54979, -609.691, 579.85
2.55789, 227.955, -408.009
3.04964, 416.271, 171.548
5.28259, -480.872, 164.235
4.45466, 67.9189, -173.198
7.20539, 52.1073, -162.963
2.55572, 255.83, -86.2089
6.22897, -114.425, -363.757
3.84293, 294.411, 89.9618
4.27153, -399.29, -419.189
3.45835, -253.027, 575.045
5.14832, 308.227, 322.786
4.39478, 8.59313, -316.951
3.16407, -140.355, -267.622
4.26563, -136.411, -345.333
4.2497, 600.394, 503.197
7.41084, 267.948, 51.503
5.25961, -94.5513, -85.5133
4.99918, -146.842, -268.959
3.58531, -524.807, 208.278
4.37311, -117.549, -289.496
6.78251, -389.483, -389.724
6.45578, 478.947, -459.648
3.9204, -342.738, 431.694
5.07645, 310.395, 313.044
6.79238, -180.866, -183.884
7.07844, -329.478, -109.913
7.48941, 21.799, 324.751
6.53177, 36.6721, -126.034
5.22718, -368.622, -196.476
7.3461, 37.8127, -326.21
5.31931, -520.054, 115.342
4.03031, -307.904, 448.44
5.41853, 566.086, 569.929
2.91197, 134.19, -69.9545
5.47382, 261.616, 64.3789
3.31968, -475.741, -409.875
6.46527, -483.522, -367.54
2.95373, 678.827, 335.065
6.3072, -481.005, -239.558
6.83996, -136.578, -181.403
6.40105, -96.1187, -331.93
6.61399, 472.457, 484.464
6.70974, 262.653, -26.9917
4.48328, -6.99625, -26.909
6.508, -62.5881, -11.5033
6.56811, 289.213, 170.14
5.43493, -259.548, -211.987
4.64621, 316.354, -108.102
2.5002, -102.023, -283.489
5.31153, -383.779, 117.662
6.22632, 295.436, 10.3432
3.89846, 379.343, 185.538
2.93406, -365.781, 526.186
3.5733, 546.181, -456.645
3.93296, -513.456, 481.629
4.86595, -394.374, 496.998
6.95893, 579.128, 585.667
5.91955, 258.454, -376.92
3.54376, 42.0139, -144.741
6.67533, 363.352, -139.637
7.09218, 555.025, 482.006
4.48244, -723.424, -344.337
6.37858, 196.54, 163.542
5.68161, 151.083, -120.034
6.64746, 263.896, 89.5486
3.40204, 346.065, -330.62
7.45927, 258.36, -359.85
6.70558, 16.1796, -315.377
4.65177, 386.689, 216.556
4.38589, 351.855, 550.332
2.70802, 239.688, -359.949
6.80715, -464.643, -482.362
6.62116, 508.568, -452.306
6.25052, -132.946, 441.296
3.55801, -190.635, 458.347
4.31029, -242.162, -224.646
4.43545, -300.899, -290.563
7.32918, 463.869, 421.347
6.5872, 65.2033, 450.319
4.5755, 133.352, 312.098
5.83759, 239.981, 40.7158
2.52101, 476.033, 420.089
6.98048, -475.925, 196.272
3.68416, -98.1659, 128.608
3.79415, 90.8202, -236.822
5.4939, 182.066, -374.691
6.89823, -515.651, 192.771
6.16299, -343.928, -340.399
6.0773, 500.884, 272.197
3.57724, -183.051, 395.106
6.30413, 647.155, -494.613
3.85351, -102.597, -305.852
2.75246, 224.605, 149.871
4.78866, 166.559, -101.404
2.58759, 339.914, -433.726
3.01129, -15.6402, -121.112
2.639, -185.106, -32.5146
5.65921, -78.6754, -274.474
6.34425, 58.4285, -127.915
2.74132, 268.618, -454.277
6.6924, 97.7045, -273.919
6.76899, -335.146, -62.1305
6.57649, -439.221, 534.409
6.85188, 485.313, 305.485
5.27222, -355.9, -186.62
6.12646, -108.898, -155.546
3.20424, -213.065, 398.223
6.6115, 258.529, -347.653
5.51185, 261.735, 89.5527
4.93856, 197.698, -341.119
6.14942, 29.7243, 461.219
4.05164, 535.706, -675.395
3.93925, -369.481, 73.5938
5.45857, -478.47, 447.146
5.34055, 539.246, 388.076
5.41059, -436.397, -249.103
2.84132, -563.824, 267.473
4.34304, -92.8846, -82.6902
6.28475, -416.112, -391.452
6.35297, -557.69, -402.786
4.27217, -343.354, -192.442
5.98913, -11.6044, 355.449
5.08005, -332.544, -210.082
5.94494, 223.046, 56.9001
6.18066, 7.96985, 332.456
2.56231, -154.526, -223.08
7.16549, 283.722, 46.8489
5.37826, 213.68, 21.2116
3.05587, 490.239, 381.836
4.87388, -161.524, -145.593
3.24247, 483.736, 96.5664
4.22594, 252.302, 135.142
7.04476, -478.976, 201.915
4.54571, 135.873, 458.567
5.96642, -281.398, -160.033
3.35865, 213, -351.609
6.21715, 473.549, -413.135
4.16319, -334.649, 429.711
4.62157, 185.882, 79.8945
2.79523, -166.709, -179.701
5.09005, 313.471, 179.73
5.94425, 262.006, -364.801
5.01149, -150.667, -185.127
6.56617, 51.2819, -331.335
3.07974, -75.9385, -285.193
5.24841, 258.291, 50.1671
5.06046, 298.507, 121.985
6.02649, 457.979, 495.696
5.65083, -195.375, 397.621
4.0207, -26.3736, -292.915
6.74719, 294.95, 13.9322
3.39619, 360.888, 67.6099
2.61737, -417.089, -220.021
4.19467, 232.69, 92.2925
3.43818, 296.246, 72.5458
6.60467, -107.892, -126.521
6.72507, -302.012, -203.085
6.78031, 595.033, -563.428
7.37454, -545.336, 470.306
2.99587, 145.891, -380.005
2.56182, 397.972, 414.131
2.58614, 214.935, 180.109
2.64527, 246.456, 77.3905
4.1031, -95.8137, -78.167
6.17815, 218.143, 40.837
3.14876, 280.936, 125.549
2.5161, -269.295, 253.657
6.91905, -154.845, -262.602
3.70482, 312.697, -386.504
4.38481, -483.198, 454.769
4.44879, 168.187, -1.06921
2.81534, 172.879, 34.1408
7.30792, 16.6629, 411.9
3.75349, 462.642, -266.711
6.85376, -317.98, -189.073
2.85991, -483.728, 246.645
2.70653, -308.232, 535.609
3.46378, 259.953, -408.188
3.86708, -147.79, 214.968
7.4007, -336.92, -460.034
3.60607, 213.049, -349.442
6.43119, -404.862, 361.287
4.42306, 125.962, -236.327
3.78593, 216.559, -352.758
3.91087, -488.031, 198.87
7.33834, 192.95, 49.7308
4.22841, 61.3376, -108.359
3.45922, -518.416, 297.984
5.05037, -493.328, -189.548
5.21857, -397.78, 458.958
5.72333, -388.259, -393.116
3.89738, -3.06222, 485.751
3.41887, -151.005, -229.262
2.71579, -336.04, 165.889
3.98408, -307.163, -165.074
4.25548, -58.2555, 128.846
7.09372, -352.144, 447.111
5.81225, 310.014, -178.107
5.08041, 490.635, 381.994
4.03763, 213.253, 156.423
3.0007, -49.0539, 58.3528
3.47502, 247.128, -201.278
4.11407, 40.2167, -151.929
5.56182, 250.961, -0.453425
5.13511, 595.268, -449.698
3.45653, 277.93, 34.0436
4.7178, -400.116, -436.363
4.48693, -404.937, 397.342
6.28051, -411.651, 390.101
6.6213, 479.271, 369.731
5.51573, -75.8944, -104.689
3.04573, 228.069, -366.373
4.11797, 256.333, -3.37444
5.03403, 318.975, 228.521
4.76521, -457.256, 451.581
4.77315, -89.1349, -311.854
4.91125, 535.423, 516.655
5.07896, 214.298, -346.678
4.50207, 26.2205, 378.731
4.22945, 271.306, 283.054
6.64533, 299.104, -1.20291
3.02204, -677.87, -484.102
6.40057, 187.81, 176.336
3.19919, -140.823, -94.4342
2.62171, -397.69, -365.063
6.0664, 255.416, -293.954
7.15538, -123.293, -250.28
7.47667, 287.647, 50.7376
3.86264, -483.566, 130.91
3.6923, -358.562, -259.308
3.87328, 493.684, 446.943
5.70836, -357.72, -346.388
5.17637, 235.282, 97.1567
6.8967, 468.565, -291.71
6.75968, -543.581, -290.955
2.98004, 252.738, 23.0075
4.66818, -615.344, 205.626
3.17045, 135.06, -162.822
5.86802, -85.1751, 51.2065
5.34964, -94.1245, -281.193
3.66474, -440.976, 470.912
5.50306, 224.499, -391.554
2.6551, -353.969, -298.522
7.08512, 227.055, -135.656
3.82958, 282.148, 9.44137
6.50016, -103.624, -289.484
5.46389, -32.1996, -288.418
5.0822, 260.45, 62.511
5.2567, 234.938, 84.3424
3.47225, 241.006, 40.0732
5.36152, 23.6125, -463.408
3.81992, 196.013, 281.148
4.41648, -489.848, 483.696
2.73626, -408.246, -203.881
4.22823, 225.583, -408.78
3.61594, 208.591, -367.841
3.81264, -70.4607, -211.954
3.05141, -202.601, -341.185
7.40088, -361.228, -352.376
5.93794, 426.91, 450.839
5.82158, -486.876, -187.094
5.99501, -441.88, -333.522
2.68746, -482.954, -379.998
3.6706, -408.221, -375.951
3.95397, 484.637, 362.878
3.50543, 35.1045, -251.43
2.7177, 382.023, -9.75321
2.56571, -225.647, 535.757
6.07297, -311.006, 469.216
6.88348, -481.368, -352.626
5.35088, -473.539, 155.937
6.92743, 542.122, 508.517
5.20042, -410.945, -208.665
3.31357, 579.177, -560.015
3.30492, 501.528, 396.453
7.19182, 256.837, 78.7504
3.45628, 428.572, -434.861
3.15761, -86.3432, -131.244
4.41122, -90.6854, -102.524
6.12674, 314.003, 145.239
2.50651, 546.038, 467.443
4.60222, 116.139, 366.027
5.18984, 248.123, 69.8179
4.86596, -44.152, 114.097
6.33003, 543.441, 467.315
2.9396, 346.82, -329.247
7.04284, 255.269, 140.348
3.20818, -635.826, -478.613
2.54782, 209.798, 99.7337
2.82267, 292.55, 66.0869
4.96742, 261.068, 60.3669
5.40914, 481.632, 420.8
4.03373, -411.031, 478.351
4.57091, 371.322, -72.2689
4.33401, -393.52, -380.814
3.42687, 75.0661, 406.23
2.76788, 147.024, 59.2745
4.47222, 224.893, 77.49
3.98388, -112.84, -101.647
5.05388, -501.587, 481.003
3.75392, -460.389, 171.815
5.01589, 554.995, 549.58
2.51168, -251.495, 509.646
7.01807, 647.868, -247.894
2.79181, -522.695, -442.235
5.17506, -228.296, 411.614
3.95754, -503.035, 391.899
7.3023, -287.946, -125.752
4.73406, 258.067, 107.12
5.08479, 400.901, 190.449
5.93861, -131.606, -169.6
2.72187, -129.91, -188.76
7.2946, -549.751, 458.915
5.70852, 294.838, 151.813
2.80215, 85.7548, -425.989
3.33964, 250.178, 97.4576
5.76491, 308.393, 50.5488
6.19864, -501.616, 201.736
3.57011, 392.863, 190.982
4.31441, -214.265, -289.76
6.56981, -405.745, 433.284
5.32057, 464.035, -248.052
7.45886, -32.9914, -315.882
6.5669, -223.107, 23.0532
3.49157, -411.246, 60.6939
2.50003, -24.3264, -443.233
4.62608, 640.204, -416.398
4.07406, 390.038, 214.636
5.56218, 475.16, -448.529
3.83351, -89.8484, -242.312
4.39881, -350.89, -6.1114
5.43397, 407.272, 56.5249
5.95636, -184.985, -303.309
7.26736, -113.821, -271.037
4.89785, -349.335, -358.006
3.60319, 212.893, -366.052
5.33741, -456.292, -386.408
6.09873, 236.583, 190.159
4.4953, -345.303, 411.373
3.48326, -407.571, 412.973
6.66971, -564.826, -440.446
5.59561, -494.395, -384.971
7.26866, -103.545, -126.729
3.23222, 32.0766, -178.431
5.38953, -193.633, -258.138
7.26796, -341.417, 454.361
3.62331, 623.458, -395.61
7.25137, -303.05, 464.886
3.07874, 505.674, -421.368
2.58372, 52.393, -119.565
3.90465, -170.885, -131.462
7.15042, 228.529, 52.516
3.04796, 619.557, 581.43
6.77266, 58.4698, 462.662
5.68532, -630.285, -350.011
5.63853, 239.831, -348.928
3.80589, 485.27, 360.752
5.13936, -561.63, 219.473
7.16608, -203.356, 397.259
3.98055, 189.939, 73.3742
4.78006, 231.486, 131.442
6.35659, -451.274, -350.907
4.17193, 242.039, 194.987
6.31775, 39.1728, -279.529
6.65892, -31.4371, 324.773
2.64618, -475.16, 490.086
4.31315, 439.968, -58.6156
4.16221, 264.361, 27.9482
3.17675, -416.82, -211.728
3.00839, -199.793, 557.685
5.11327, -341.395, 448.106
3.52046, -243.903, -222.535
5.00728, -424.923, -295.068
5.1371, 88.8184, 403.444
4.13422, -167.422, -122.6
4.75888, 139.843, -276.933
6.85263, 95.7667, 391.143
4.72884, 536.338, 392.574
6.03726, -688.012, -150.36
6.83171, 558.443, -570.712
6.5822, 398.247, 218.646
2.67504, 637.254, 524.399
3.8644, -347.318, -276.592
5.21858, -103.554, -259.119
3.19942, -255.134, -312.21
5.57408, -307.774, -131.862
3.29182, -304.115, -272.814
4.41129, 268.847, 76.9644
5.94997, -115.765, 24.6751
3.21128, -269.988, 250.285
5.65284, -485.731, 445.85
3.15973, 26.1429, 346.589
7.13583, -620.549, 197.681
5.53465, -512.207, 415.464
5.50388, -474.093, 163.605
3.33635, 256.292, -342.48
3.301, -603.951, -503.99
5.91628, 283.399, -22.4216
5.1456, -317.509, -192.512
3.65264, 80.3115, 429.799
6.55373, -431.027, -179.737
5.76477, -111.591, -341.642
4.08597, -416.634, -381.117
2.53953, -85.4443, -202.123
3.49176, 433.892, 537.955
3.78831, 359.826, 71.1158
3.03825, 308.097, -143.275
3.49545, -33.3154, -154.585
6.75079, 736.477, -454.45
6.63912, -375.774, 137.592
6.76813, -448.556, -351.306
5.71027, 2.03452, 485.035
3.6787, 640.778, -420.259
6.80638, -503.213, -129.379
5.4745, 279.354, 123.471
2.52745, 238.768, -9.25436
6.84925, -415.988, -394.933
7.37729, 227.189, 68.2837
5.59653, 123.125, 4.90408
3.85574, -508.044, -22.1934
7.46973, -192.584, -314.135
4.60751, -394.752, -325.493
4.20537, -429.475, -442.281
4.80717, 155.175, -115.449
4.44822, 104.472, -227.433
4.613, 4.23985, 483.854
2.84879, 274.38, 251.037
5.5153, 10.1997, -96.0082
7.36114, -61.0349, -33.1035
5.07406, -398.715, -386.541
7.45461, 212.895, 106.544
5.84906, 286.44, 46.2952
4.01716, -238.164, -229.651
3.47371, 439.478, 380.438
4.0109, -349.478, -201.075
4.93946, -326.984, 602.271
4.72438, 468.057, 485.099
5.7844, 224.982, -349.83
3.74227, -429.749, -369.649
4.72007, 37.9592, 469.076
5.75894, -362.683, -245.782
6.67472, -672.268, 349.719
6.03698, 64.0423, 385.699
4.93928, -393.156, -367.145
6.72039, 297.573, 71.6495
7.00296, -264.238, -172.28
6.33082, -481.92, -415.319
5.29453, 423.577, 526.539
2.70603, 196.95, -8.49674
5.46749, 228.33, 61.4308
2.68674, -257.288, 325.846
4.53488, 237.369, 127.264
2.84243, -561.95, -632.092
7.38558, -337.095, -270.11
2.5956, -356.648, -265.595
6.60363, -204.976, -119.928
5.2195, -474.45, 351.117
5.72828, 479.451, -269.287
3.62934, -131.311, -163.316
2.733, 586.793, -544.839
3.63154, 314.698, -373.773
4.58371, -487.519, 248.955
6.40126, 277.802, -386.073
3.72852, -455.053, 230.148
4.81411, 214.218, 78.6581
6.14756, 311.38, -23.3107
5.35237, -484.624, 354.017
5.45997, 525.839, 516.735
4.98425, -562.212, 158.031
3.951, 103.913, -25.2091
4.71107, 44.2749, -145.455
2.53669, 655.726, -605.473
7.41683, 307.642, -180.027
2.52822, -503.963, -65.3571
4.8676, 27.7335, 408.384
5.86497, -103.289, -265.782
