6.27803, -454.245, -355.081
3.5948, 179.721, -126.959
5.89648, 279.29, -335.353
5.09708, -199.22, 471.404
2.76731, -511.86, 517.817
2.53849, 230.42, 101.502
4.58743, -373.315, -156.289
7.15218, 271.119, 211.758
2.95982, 106.063, 353.043
6.00595, -95.2833, 112.102
3.81226, 545.288, 528.774
4.14117, 342.868, -455.743
7.45519, 252.867, 133.507
7.41275, -442.064, -200.025
5.75759, 160.769, 196.466
6.92354, 221.754, -399.178
6.33247, -174.796, -254.425
3.87453, -396.214, -175.721
4.93259, -436.693, -210.589
2.80282, 608.25, 601.003
5.08146, -49.7041, 508.035
4.96988, 560.566, -406.675
7.23882, -461.669, -581.889
4.42071, -7.82959, -458.839
5.14874, 563.396, -427.014
2.75042, 526.454, -18.0212
6.63909, 267.51, 252.433
5.94228, -507.073, -481.438
6.18112, 80.655, 472.485
6.94286, 504.192, 470.734
4.25508, -122.733, -369.646
6.72991, 258.172, 101.682
3.84659, 382.216, 11.1967
4.83959, 80.46, -182.873
3.2686, -479.61, -428.736
2.66527, 263.72, 122.703
7.2768, 146.896, -5.48818
6.95369, 334.276, 189.716
3.29884, 289.702, 89.0527
3.15214, 214.082, -474.322
2.515, -550.962, -419.797
6.0491, -370.517, -143.672
3.40448, -439.408, 436.285
5.76029, 556.276, -312.005
4.42907, 263.039, -417.383
3.23766, 134.856, -117.104
5.45054, 375.552, -54.9539
3.24076, 13.1004, 435.857
3.2091, -12.3362, 443.328
4.94257, -345.164, -104.012
3.13015, 486.948, -36.7653
5.64635, -128.878, -356.53
5.60817, 299.748, -370.265
4.88216, -370.243, 507.581
2.64188, -365.359, -185.627
3.21011, 212.955, 491.452
3.15594, -172.952, 482.269
3.31099, -572.504, 496.928
3.76529, -81.7791, -311.059
4.77654, 270.423, -436.414
6.54472, 39.0672, -111.94
3.57624, 83.3635, 477.286
3.75063, 497.812, 295.344
5.02978, 101.851, 512.489
6.27922, 282.751, 82.5932
5.66369, 478.203, -85.5527
5.9449, 313.919, 65.3823
7.27207, 507.911, 497.113
5.18713, -442.501, 558.814
4.57014, -413.071, -221.452
4.70019, 250.629, 71.9503
6.07821, 505.074, 403.231
6.20858, 274.596, 202.923
5.12494, 674.554, -518.84
6.06711, -363.827, -154.119
5.91025, 192.579, 89.8281
6.82941, 545.425, -294.552
3.19597, -75.2143, 539.375
3.57766, 463.573, -23.8308
5.0733, -233.844, -152.031
4.83766, 95.123, 451.751
3.55759, -133.567, 605.876
5.65244, -468.263, 502.509
2.5044, -597.694, 107.385
4.09589, 267.639, 203.134
5.90281, 223.484, 95.6513
6.0446, 388.537, -271.806
2.90869, -584.903, 476.801
3.56926, 238.783, 192.505
4.44412, -490.049, -372.881
4.44927, 618.614, 642.827
3.92018, 263.686, -438.7
4.6123, 322.097, 316.981
2.55658, -441.381, -373.387
3.72027, 605.015, -592.202
4.49072, -609.199, 483.961
6.64177, -490.719, 192.998
3.78584, 604.323, -697.32
3.59705, -406.237, -438.161
6.47385, 237.037, 291.245
5.8476, 144.4, 210.992
5.49108, -535.927, 210.318
5.99917, -120.878, -333.926
5.13062, 309.832, -436.673
4.14833, 348.002, 30.9962
3.30844, -718.583, 117.211
6.56633, 369.432, -64.6657
4.08004, 318.607, 46.7217
4.05369, 19.3164, -358.245
4.65424, -32.7469, 1.44588
4.46509, -92.3134, -491.086
4.43916, 36.9352, -113.67
4.34871, -495.735, -451.457
5.88118, 261.552, -439.739
6.10384, 288.768, 115.837
7.20082, 41.9467, 448.75
5.08573, -207.024, -381.941
5.5282, -117.464, 96.4039
5.85049, -467.667, 495.311
5.11404, 90.1699, -255.751
3.87105, -528.821, 547.604
7.08924, 250.364, 211.945
3.73367, 566.974, -432.047
4.77876, 274.571, 207.504
3.30374, -618.269, 541.072
4.68319, 194.203, 224.575
7.45767, 220.491, 38.6809
6.26931, -275.088, 391.489
4.97846, -464.831, -493.183
7.01651, -575.815, -289.244
4.68213, 263.462, 273.73
5.09239, 81.6981, -289.995
4.44866, 162.28, -416.024
5.63431, -120.094, -278.011
5.19331, 273.774, 87.1347
4.35955, 297.026, -350.281
2.54674, -149.09, 176.267
6.3794, -62.269, -456.46
2.85317, -386.446, -399.399
3.98511, 261.323, -466.557
4.78581, -6.5788, -460.394
3.25156, -137.221, -135.84
5.97819, 353.869, -384.576
4.15587, 211.678, 81.4248
5.21197, 587.881, -507.048
2.64678, 606.195, -614.534
5.38086, 16.8058, -81.7386
5.18133, 272.845, 88.1413
7.36678, -430.941, -346.355
5.57063, -144.731, -358.57
5.26431, -563.657, 212.785
6.69051, -213.791, 482.614
3.75764, -316.425, 485.731
6.98957, 335.773, 55.3431
5.97428, 380.412, -343.182
5.82752, -444.743, -206.117
3.06838, -428.025, -545.932
3.37987, -590.854, 224.251
2.91253, -80.3873, 37.5915
6.68103, -64.6167, 189.972
2.64818, 624.481, -629.976
6.34719, 23.0724, -439.173
4.29829, -447.533, 423.697
6.24626, 97.5136, 490.912
6.28385, 230.809, 93.2333
3.60834, -490.57, -458.125
5.58305, 312.098, 80.8268
3.66846, -207.264, -119.594
6.22052, -670.415, 211.297
5.80997, -463.04, -458.396
4.9209, 666.816, -640.819
2.58972, 407.942, 31.8014
4.98291, 302.119, 55.9564
5.09587, 185.877, -447.74
4.71395, -536.918, 156.622
4.14528, 73.9682, 444.96
3.52671, 258.432, 18.9164
7.19863, -136.676, -373.4
2.85168, -360.394, 482.55
3.30042, -73.202, -414.76
6.70788, -439.371, -218.509
4.13614, -204.627, -160.531
6.85942, 311.647, 272.369
5.99896, 573.82, 536.163
5.52801, 433.839, -45.3226
4.77536, 27.8086, -154.441
2.91543, -426.866, -287.383
3.94883, 49.0416, -144.77
6.51009, -428.515, -399.544
6.81821, 276.23, 89.5009
3.81831, 168.534, -400.623
4.79881, -343.05, -211.036
4.95672, 405.115, -345.625
5.82344, -475.573, -408.764
7.31738, -438.799, -259.578
7.23022, 337.32, -450.895
2.81902, 265.001, -403.134
5.04829, -402.68, -155.45
6.13222, 627.469, 315.61
5.65882, 282.003, -81.2136
3.26658, -607.363, -551.406
5.09652, -534.328, 154.251
3.52281, -368.487, 428.039
6.03231, 404.417, -425.274
6.05786, -365.038, -202.685
3.66304, -249.36, -98.1965
6.80594, 87.9103, -265.437
2.67122, 91.6708, 453.04
6.26587, -515.19, 167.065
4.14789, 326.23, 41.1647
4.65309, -230.691, -384.787
7.33455, 475.567, -71.0838
4.05803, 462.424, 452.976
5.69762, 510.676, -405.746
5.95386, 445.843, -25.1098
5.36403, 28.1414, 540.512
6.60667, 661.462, -590.41
4.21807, -418.515, -442.489
5.09387, -489.575, -437.668
6.78438, 47.755, -413.158
6.18587, 259.931, 215.966
3.45992, -583.295, 163.225
2.83145, -267.374, 244.741
3.60828, 629.197, -580.414
3.33656, -48.6837, -31.2175
6.31172, 352.642, -315.159
5.44905, -523.463, 161.18
4.65223, 590.546, 610.561
7.09618, 341.021, 20.4913
5.09668, 258.12, 47.5077
7.38058, -500.264, -65.4178
5.15714, -312.645, -161.594
2.98716, 255.854, 73.945
5.83983, 247.432, 76.8755
5.44444, 289.466, 126.898
5.01137, -426.95, -173.533
2.75808, -570.917, 204.209
2.6753, -38.8003, -338.478
4.41484, -489.545, -472.265
5.55555, 308.555, 135.371
5.06574, 579.969, 539.172
5.98498, 263.604, 74.0102
4.89891, -63.3625, -147.511
3.88323, 200.98, 335.966
6.01685, -307.746, -42.73
3.67701, 553.681, -18.2036
6.41501, -43.4161, -151.806
6.60589, 82.7014, 465.905
3.21842, -347.88, -201.255
5.75757, -482.208, 547.936
3.87677, 711.484, -506.518
7.26215, -427.969, 561.719
4.58238, -430.816, -243.741
3.03869, -120.982, 37.8529
4.70633, -551.983, 486.353
6.28811, -416.076, -199.729
2.77803, -416.157, -210.929
3.51241, -8.01751, -51.9142
6.82305, 649.831, -604.496
6.52456, -115.328, -93.3033
2.78861, -372.381, -437.796
4.40304, -88.2472, -297.222
4.56124, -14.1628, 518.044
2.80071, -121.458, 178.435
7.09746, 494.822, 428.858
3.35398, 518.667, 509.3
6.51634, -563.344, 195.955
3.88599, 318.167, 16.8649
4.44586, 88.6058, 452.662
7.19936, -44.6859, 548.432
6.24573, 15.1115, -119.725
3.44774, -527.125, 549.674
6.89581, 275.213, 28.4434
6.8953, 256.624, -415.625
3.30515, -404.365, -137.246
5.87346, -459.217, -187.886
6.89096, 249.128, 66.4288
6.98262, 248.867, 209.749
3.06535, -146.795, 508.195
5.93789, -226.091, -256.008
3.21651, -321.809, -515.547
3.6901, 264.404, 87.6556
5.64383, 446.165, -28.1456
4.312, 498.348, 293.543
4.64437, 647.542, 297.758
4.91936, 2.86507, -434.203
6.20379, 12.0221, -180.939
3.23098, -404.241, 477.926
7.36238, -425.382, -450.405
7.3158, -399.797, -168.263
3.14741, -247.479, 678.636
5.3784, 0.194196, -226.318
4.66439, 18.7016, -129.236
5.50066, -224.81, -154.672
5.85098, -398.975, -223.764
4.5137, 494.391, 578.063
6.46691, 541.76, 400.535
4.89889, -378.698, -203.338
5.72449, 299.703, -58.6661
4.28836, -184.839, 565.565
5.96794, -92.7302, -216.693
5.83428, -538.457, -460.039
3.22071, -378.984, 537.636
7.10415, -519.516, 195.084
4.22228, 25.5509, -99.7622
6.66824, -77.8339, -267.759
2.74349, 244.451, -386.631
3.27936, -229.076, -225.848
2.55765, 251.617, 199.368
3.94327, 33.4171, 530.895
5.07295, -173.773, -132.051
3.65948, 596.473, 480.405
2.75022, -167.371, -119.239
5.33091, -508.401, -480.221
6.69774, 16.1253, 439.489
4.28763, -483.737, -440.027
4.3452, 93.5579, 456.232
7.22226, 283.395, 85.6992
4.72425, -357.45, -198.076
6.82086, 253.653, 134.737
5.82654, -526.093, -474.83
5.79297, 83.1135, 432.481
7.10736, -708.824, 635.471
5.11536, 662.864, -495.139
5.45229, 223.942, -428.641
5.79944, 545.263, 423.405
4.24765, 263.846, 201.178
4.11714, 239.866, 107.002
7.08984, 36.1192, 518.438
3.08619, 558.102, -561.192
7.31268, 321.548, -19.7535
5.17978, 78.0487, -135.212
5.81447, 545.456, 406.83
5.48362, 560.958, -390.233
6.93363, -507.468, -344.297
6.67999, -492.012, -447.452
6.69339, 330.286, 75.5959
6.85642, -103.023, 90.8723
2.5002, -438.086, 108.999
4.77274, 232.245, 20.0945
4.25696, -585.284, 187.291
5.80713, -226.388, 567.748
6.22234, -576.878, 182.275
3.3821, -143.308, -311.885
7.4621, 649.457, -584.441
5.95466, -566.437, 196.689
6.97862, 250.497, 253.106
3.51579, 240.31, 120.791
7.2356, -376.235, -222.858
4.88476, 565.896, -432.16
6.78578, 603.095, -535.837
6.41237, -477.416, -475.186
5.70687, 577.854, -525.011
3.14521, -617.423, 60.7932
5.77944, -81.7279, 479.881
3.09199, 47.3909, -202.629
3.88793, 105.197, 489.859
6.65548, -220.001, -138.263
6.14153, -456.256, -580.233
6.74348, -823.714, 58.9598
3.43989, -466.669, -300.867
6.09602, 335.548, -200.845
4.25586, 358.249, 120.954
3.34555, -568.802, -476.044
4.52383, -28.829, -466.552
4.20924, 126.14, 562.946
6.67141, 241.814, 80.234
3.9111, 526.438, 448.675
5.16766, -459.289, -440.492
6.25085, 592.105, -523.778
4.62554, -567.503, -286.553
4.66964, -437.304, 482.698
3.03022, 654.719, -596.868
6.4639, -113.58, -308.32
3.91232, -586.311, -361.345
7.14264, -248.619, -99.9618
5.37926, 219.714, 188.384
3.4895, 531.152, -286.777
5.99081, 256.177, -418.524
3.07265, 242.912, -420.653
4.22945, 93.7444, 480.493
4.15646, -433.615, -163.666
6.42735, 669.234, -536.609
6.65775, 286.433, 79.639
4.21712, -643.542, 474.094
4.2603, -202.248, 486.295
6.38197, -90.211, -408.517
6.58658, -105.404, 511.677
4.26157, -213.4, 38.33
7.09559, -471.036, -178.018
3.2877, 265.734, 101.934
5.56029, -395.751, 596.149
5.54222, -379.276, 538.112
3.16647, -88.0184, -300.498
3.51409, -441.661, -466.02
4.79457, -552.433, 564.953
3.48759, -386.885, 567.553
6.77118, -532.332, 201.821
6.54562, -265.736, -412.695
2.80131, -543.094, 496.441
6.50584, -592.997, 464.774
5.49597, -148.778, -324.189
7.43182, -550.127, 197.83
2.65919, 26.4065, 548.267
6.8356, 645.983, -578.792
3.69109, 339.622, 125.023
3.6127, 242.796, 216.419
4.73907, -461.198, -491.024
2.61231, 501.759, 126.834
6.79755, -163.232, -124.959
4.15902, 221.195, 270.607
5.72195, 243.249, -41.7004
7.43521, -490.394, -506.574
5.30162, 281.811, -396.161
4.74553, -388.622, -221.46
5.213, 6.43753, -425.225
2.90797, 434.627, -99.0753
3.99606, -370.636, -162.989
6.63964, 528.545, 426.856
6.48936, 432.384, 684.724
5.71048, 92.8839, 506.54
4.84105, 248.043, 54.8042
7.15326, -139.286, -307.575
5.08798, -210.525, -109.6
7.42924, 557.241, -394.29
5.94567, 3.80517, -375.199
6.19966, -66.5877, -285.725
3.46323, -523.724, -403.483
6.08881, -282.76, 585.044
6.11146, 380.174, -27.1066
6.49298, 242.246, 51.0224
4.23216, 221.573, -469.048
5.1481, 90.2561, -184.8
3.19001, 423.906, -64.2262
6.73218, -221.969, -154.012
6.32766, 87.9327, -409.416
7.5, 547.41, -568.191
4.24891, 475.133, 531.64
5.50367, -441.161, 600.208
3.50808, -284.559, -114.906
6.2385, 142.16, 1.86796
6.49225, 493.685, 91.768
3.03505, -577.01, 293.786
5.35813, -355.194, -100.886
2.84683, 204.694, -203.83
4.16036, 627.366, 420.733
5.80945, 233.732, -421.787
5.27726, 80.2378, -183.169
7.12415, 311.59, 72.9749
2.69832, -291.003, -132.3
2.62083, -153.646, -56.8401
4.61923, 329.072, -358.012
4.36987, 240.364, -55.9657
2.93303, -248.568, -110.927
3.05403, -60.7091, 44.2963
5.31992, 234.722, -421.107
7.37269, -136.274, 492.837
3.05066, 7.82513, -448.362
5.99352, 48.8544, 396.111
2.79674, 74.4887, -428.067
4.69755, 447.179, -22.409
5.24651, 543.864, 552.982
3.45129, 414.01, -521.869
7.36597, 228.951, 9.80981
3.19593, -364.581, -230.226
5.48978, 559.794, -430.564
7.12812, -521.406, 538.766
3.91116, 68.199, 442.605
6.8307, -125.982, -129.859
6.29598, 8.8945, -281.048
6.10793, 284.456, 223.404
3.34241, -158.548, 171.612
3.32882, 554.706, 313.032
3.39076, -503.98, -296.526
5.87226, 263.28, -461.323
4.83484, -40.6725, -334.485
6.85219, -480.694, -478.393
5.76023, -450.362, -272.829
5.80464, 693.885, 672.047
2.58037, -568.968, -574.935
4.30596, -441.763, -463.203
3.72747, 516.85, 118.886
6.93086, -607.294, -559.192
5.23701, 677.43, 614.496
6.57209, -12.3774, -381.142
5.24453, 34.2694, 407.002
4.16156, 311.793, 2.87151
4.40213, 77.7499, -468.625
2.52389, 527.593, 550.257
6.95226, -137.134, -330.85
6.16955, -415.261, 536.142
6.04239, 34.3662, 545.484
5.1278, 31.7888, -197.588
6.41065, 22.895, -433.927
3.42484, -297.727, -369.533
5.72673, 243.351, 230.374
3.42178, -433.626, -150.808
3.31214, 79.9323, -121.356
2.65594, -273.547, 493.879
7.42716, -87.4865, -411.475
4.04559, -282.684, -324.798
4.11075, -312.525, -112.669
5.51155, 302.985, 130.344
2.89107, -265.216, -460.002
3.93936, 170.566, 10.5648
5.79307, -152.968, -348.908
7.36348, -430.216, -394.893
7.27758, -400.982, -376.893
7.42745, -411.584, -178.074
7.30478, -422.727, -476.992
3.0073, -431.905, 549.238
3.71505, -64.3153, -294.013
6.91151, -41.7547, -153.675
5.28805, 266.623, 209.173
6.7669, 561.004, 452.955
7.49145, -385.372, 479.522
3.99751, -98.4363, -498.356
6.33157, 532.281, 475.181
4.81901, 296.698, 134.398
6.8168, -531.74, -257.926
6.99018, 482.84, -85.1221
7.377, 150.109, -238.013
2.77405, 241.897, 77.5266
6.32605, 606.467, -630.438
5.09219, -514.506, 538.562
3.46574, 414.492, -58.3105
6.98252, 330.479, -459.233
6.38492, -416.724, 247.928
2.75968, 233.003, 191.904
7.47331, -589.154, 551.168
5.93659, -281.45, -374.369
5.94854, 495.139, 466.875
6.57666, -273.884, 458.228
7.05426, -90.6906, -341.628
3.34218, -89.4964, 83.9505
5.24183, -357.564, 445.606
6.53351, -210.885, -126.087
4.17803, 253.845, -436.257
5.53435, -131.7, -141.665
6.59602, -604.15, 180.882
7.3485, 73.6245, -165.5
6.29349, 552.119, 472.201
3.72113, -128.38, -125.992
5.80589, -608.397, 165.392
4.21574, -403.424, -188.846
7.27146, 205.15, -264.943
2.60828, 349.493, 521.82
4.54979, -669.778, 653.699
2.55789, 330.396, -487.258
3.04964, 512.167, 203.986
5.28259, -497.18, 208.632
4.45466, 98.5295, -191.285
7.20539, 48.3937, -136.804
2.55572, 252.451, 71.6479
6.22897, -70.0062, -379.769
3.84293, 345.72, 56.3946
4.27153, -512.237, -406.789
3.45835, -269.324, 624.515
5.14832, 246.205, 311.965
4.39478, 25.7539, -442.26
3.16407, -91.6726, -323.075
4.26563, -151.033, -348.263
4.2497, 670.331, 555.188
7.41084, 388.481, 35.6881
5.25961, -62.4093, -81.8435
4.99918, -96.7438, -381.9
3.58531, -562.463, 182.314
4.37311, -113.565, -290.59
6.78251, -470.156, -462.34
6.45578, 558.623, -448.081
3.9204, -358.459, 482.337
5.07645, 303.603, 295.427
6.79238, -187.507, -167.344
7.07844, -377.514, -190.076
7.48941, 19.1164, 438.514
6.53177, 34.5388, -98.8035
5.22718, -385.132, -195.195
7.3461, 13.6373, -408.205
5.31931, -571.998, 204.991
4.03031, -345.289, 503.761
5.41853, 641.773, 615.714
2.91197, 138.313, -106.355
5.47382, 205.75, 157.978
3.31968, -526.536, -392.866
6.46527, -520.558, -397.249
2.95373, 697.946, 391.75
6.3072, -540.343, -326.723
6.83996, -125.879, -127.344
6.40105, -28.3238, -342.979
6.61399, 533.106, 537.566
6.70974, 291.268, 128.267
4.48328, 38.1562, 20.3396
6.508, -76.7446, 35.5061
6.56811, 248.699, 129.857
5.43493, -297.502, -125.252
4.64621, 426.908, -114.834
2.5002, -112.966, -314.407
5.31153, -446.69, 152.829
6.22632, 263.647, 13.1026
3.89846, 481.273, 221.17
2.93406, -470.301, 557.832
3.5733, 583.544, -513.03
3.93296, -525.544, 536.149
4.86595, -395.986, 461.608
6.95893, 616.417, 639.127
5.91955, 307.668, -356.119
3.54376, 81.9134, -165.871
6.67533, 488.947, -141.86
7.09218, 622.335, 555.951
4.48244, -693.624, -406.475
6.37858, 262.761, 277.465
5.68161, 86.2527, -138.68
6.64746, 264.456, 58.811
3.40204, 412.662, -369.25
7.45927, 317.063, -478.8
6.70558, 5.57577, -455.57
4.65177, 500.59, 212.651
4.38589, 384.716, 625.153
2.70802, 322.477, -346.084
6.80715, -527.358, -530.435
6.62116, 588.307, -502.81
6.25052, -114.232, 502.416
3.55801, -208.999, 544.191
4.31029, -346.77, -169.053
4.43545, -382.971, -339.135
7.32918, 544.165, 415.035
6.5872, 32.8603, 554.951
4.5755, 86.7449, 335.189
5.83759, 271.8, 113.619
2.52101, 485.981, 540.369
6.98048, -534.443, 172.252
3.68416, -161.316, 175.568
3.79415, 161.232, -244.16
5.4939, 218.823, -417.299
6.89823, -521.138, 202.678
6.16299, -420.389, -417.477
6.0773, 563.676, 340.745
3.57724, -251.476, 488.444
6.30413, 691.514, -594.695
3.85351, -142.963, -336.738
2.75246, 216.224, 108.972
4.78866, 185.053, -63.4216
2.58759, 388.564, -477.558
3.01129, -1.25351, -151.582
2.639, -208.134, 36.3538
5.65921, -144.313, -363.452
6.34425, 58.0408, -176.434
2.74132, 341.873, -509.456
6.6924, 51.5922, -375.957
6.76899, -316.733, -88.5757
6.57649, -419.298, 598.312
6.85188, 572.76, 309.141
5.27222, -410.196, -163.627
6.12646, -125.46, -135.547
3.20424, -270.919, 455.184
6.6115, 327.42, -345.258
5.51185, 325.608, 11.512
4.93856, 309.529, -441.913
6.14942, -29.7081, 516.813
4.05164, 619.904, -704.584
3.93925, -438.829, 110.66
5.45857, -571.081, 501.682
5.34055, 530.808, 473.79
5.41059, -461.88, -350.642
2.84132, -653.475, 266.161
4.34304, -66.6473, -83.8205
6.28475, -513.193, -407.181
6.35297, -512.184, -431.081
4.27217, -444.652, -192.848
5.98913, -28.5979, 433.54
5.08005, -415.749, -181.669
5.94494, 318.49, 65.7064
6.18066, 35.7409, 427.526
2.56231, -212.043, -288.852
7.16549, 381.954, 13.1859
5.37826, 308.661, 79.4399
3.05587, 521.864, 510.407
4.87388, -113.73, -135.124
3.24247, 482.95, 146.514
4.22594, 256.618, 219.459
7.04476, -566.276, 199.653
4.54571, 131.909, 476.987
5.96642, -372.026, -203.629
3.35865, 250.21, -461.964
6.21715, 578.694, -431.096
4.16319, -379.724, 506.832
4.62157, 263.539, 49.4753
2.79523, -179.231, -95.8561
5.09005, 263.115, 143.665
5.94425, 231.868, -446.012
5.01149, -208.071, -111.97
6.56617, 38.472, -411.29
3.07974, -18.1548, -375.942
5.24841, 260.632, 205.712
5.06046, 290.331, 123.012
6.02649, 509.57, 473.203
5.65083, -213.296, 473.597
4.0207, -24.4188, -415.021
6.74719, 263.922, 19.8865
3.39619, 447.961, 67.7817
2.61737, -398.834, -227.573
4.19467, 292.434, -11.9116
3.43818, 240.933, 79.0045
6.60467, -128.397, -43.6049
6.72507, -382.712, -203.001
6.78031, 643.941, -579.3
7.37454, -620.565, 541.632
2.99587, 173.274, -409.47
2.56182, 503.723, 452.707
2.58614, 224.646, 269.257
2.64527, 192.008, 119.45
4.1031, -62.8827, -84.1405
6.17815, 328.756, 114.542
3.14876, 251.62, 224.217
2.5161, -289.775, 282.516
6.91905, -92.8459, -395.168
3.70482, 327.618, -451.82
4.38481, -576.14, 504.628
4.44879, 212.894, 42.1003
2.81534, 277.876, 38.5376
7.30792, 115.302, 439.004
3.75349, 554.252, -253.307
6.85376, -416.439, -204.524
2.85991, -545.317, 257.743
2.70653, -331.381, 532.907
3.46378, 210.405, -440.63
3.86708, -182.401, 248.751
7.4007, -415.48, -430.423
3.60607, 246.416, -424.413
6.43119, -515.579, 403.916
4.42306, 146.715, -282.889
3.78593, 254.412, -458.284
3.91087, -561.398, 187.088
7.33834, 360.882, 36.0526
4.22841, 123.188, -0.181762
3.45922, -558.198, 363.816
5.05037, -525.04, -151.809
5.21857, -423.344, 546.402
5.72333, -478.404, -434.494
3.89738, -21.708, 511.976
3.41887, -209.414, -284.505
2.71579, -426.735, 173.798
3.98408, -428.828, -176.122
4.25548, -93.941, 126.179
7.09372, -409.837, 454.554
5.81225, 353.088, -215.155
5.08041, 533.766, 436.481
4.03763, 253.955, 273.505
3.0007, -58.441, 73.0545
3.47502, 269.632, -328.267
4.11407, 102.386, -129.173
5.56182, 399.469, 59.3481
5.13511, 653.442, -493.934
3.45653, 240.667, 142.682
4.7178, -527.533, -508.109
4.48693, -427.062, 456.59
6.28051, -460.792, 524.554
6.6213, 530.873, 430.158
5.51573, -47.7408, -176.006
3.04573, 266.403, -422.772
4.11797, 290.07, -90.251
5.03403, 294.684, 240.872
4.76521, -443.6, 487.598
4.77315, -128.518, -369.532
4.91125, 617.957, 584.887
5.07896, 249.532, -427.079
4.50207, 5.91294, 431.509
4.22945, 377.387, 307.594
6.64533, 445.41, -31.2943
3.02204, -688.465, -495.209
6.40057, 282.126, 282.04
3.19919, -178.578, -110.577
2.62171, -483.293, -447.916
6.0664, 261.588, -429.024
7.15538, -99.3358, -370.317
7.47667, 265.01, 54.8618
3.86264, -596.521, 207.712
3.6923, -444.904, -193.605
3.87328, 473.077, 476.021
5.70836, -401.787, -399.155
5.17637, 241.485, 84.6483
6.8967, 538.638, -274.611
6.75968, -604.83, -340.577
2.98004, 381.329, 28.0996
4.66818, -683.53, 214.353
3.17045, 111.992, -272.777
5.86802, -119.407, 105.954
5.34964, -163.612, -368.62
3.66474, -425.59, 574.47
5.50306, 267.863, -389.94
2.6551, -344.297, -245.424
7.08512, 278.608, -179.275
3.82958, 470.316, -24.6631
6.50016, -117.901, -340.522
5.46389, -47.0456, -391.527
5.0822, 200.287, 164.605
5.2567, 188.914, 166.582
3.47225, 270.93, -62.9365
5.36152, 46.1194, -555.376
3.81992, 217.187, 337.191
4.41648, -591.633, 469.604
2.73626, -470.91, -307.106
4.22823, 329.552, -489.074
3.61594, 327.704, -371.378
3.81264, -56.43, -324.515
3.05141, -254.905, -418.805
7.40088, -416.239, -283.913
5.93794, 501.583, 440.598
5.82158, -524.113, -153.571
5.99501, -481.453, -475.585
2.68746, -556.072, -453.789
3.6706, -490.422, -391.093
3.95397, 483.28, 406.535
3.50543, 54.5188, -226.835
2.7177, 352.918, -13.4005
2.56571, -281.451, 595.61
6.07297, -325.802, 493.28
6.88348, -551.662, -388.052
5.35088, -526.863, 254.282
6.92743, 592.163, 614.578
5.20042, -433.456, -196.392
3.31357, 621.919, -618.112
3.30492, 616.298, 400.881
7.19182, 258.01, 8.83677
3.45628, 463.456, -499.145
3.15761, -43.2944, -167.848
4.41122, -120.914, -75.0731
6.12674, 299.913, 130.184
2.50651, 580.469, 539.749
4.60222, 103.199, 475.779
5.18984, 272.348, 77.3059
4.86596, -79.7855, 162.826
6.33003, 585.241, 537.615
2.9396, 416.093, -368.319
7.04284, 251.396, 232.919
3.20818, -659.375, -526.487
2.54782, 175.894, 64.0112
2.82267, 359.601, 167.217
4.96742, 261.447, 21.451
5.40914, 491.51, 538.805
4.03373, -495.713, 481.125
4.57091, 470.598, -93.7837
4.33401, -472.661, -450.254
3.42687, 100.638, 437.97
2.76788, 286.555, 62.8776
4.47222, 303.356, -1.90128
3.98388, -193.049, -133.428
5.05388, -502.414, 500.536
3.75392, -542.444, 197.469
5.01589, 638.256, 594.639
2.51168, -207.742, 553.36
7.01807, 698.53, -287.586
2.79181, -603.14, -562.43
5.17506, -276.412, 450.299
3.95754, -486.626, 434.057
7.3023, -340.915, -171.038
4.73406, 259.006, 102.699
5.08479, 496.191, 202.343
5.93861, -179.484, -121.594
2.72187, -136.753, -132.969
7.2946, -615.46, 468.101
5.70852, 233.835, 193.797
2.80215, 133.645, -503.141
3.33964, 271.321, 179.35
5.76491, 334.912, 26.1537
6.19864, -567.002, 203.493
3.57011, 516.611, 193.992
4.31441, -169.381, -423.722
6.56981, -464.469, 528.99
5.32057, 539.838, -303.571
7.45886, -26.6595, -419.607
6.5669, -334.351, 73.391
3.49157, -507.36, 43.9723
2.50003, -0.04698, -506.537
4.62608, 651.471, -491.19
4.07406, 473.585, 240.243
5.56218, 493.366, -539.965
3.83351, -164.869, -352.626
4.39881, -421.701, 3.13254
5.43397, 504.574, 102.446
5.95636, -223.16, -339.465
7.26736, -115.451, -316.479
4.89785, -331.165, -474.017
3.60319, 260.088, -400.414
5.33741, -491.886, -410.556
6.09873, 218.426, 131.1
4.4953, -370.55, 505.995
3.48326, -458.767, 506.21
6.66971, -624.376, -453.912
5.59561, -506.282, -436.337
7.26866, -147.101, -45.8692
3.23222, 31.9371, -202.117
5.38953, -213.424, -338.671
7.26796, -362.053, 512.988
3.62331, 679.261, -497.338
7.25137, -342.584, 481.677
3.07874, 585.076, -458.315
2.58372, 91.194, -152.231
3.90465, -174.545, -138.351
7.15042, 310.508, 83.1572
3.04796, 691.05, 626.302
6.77266, 54.3198, 501.991
5.68532, -656.981, -411.487
5.63853, 235.741, -434.322
3.80589, 486.179, 405.195
5.13936, -559.325, 241.907
7.16608, -196.059, 464.086
3.98055, 375.8, 7.66494
4.78006, 308.117, 207.929
6.35659, -498.416, -450.283
4.17193, 219.78, 139.903
6.31775, 84.6425, -373.829
6.65892, -68.4568, 400.454
2.64618, -571.133, 462.935
4.31315, 513.164, -118.774
4.16221, 242.643, 207.568
3.17675, -415.786, -228.28
3.00839, -212.416, 602.605
5.11327, -360.324, 568.956
3.52046, -192.658, -253.536
5.00728, -494.751, -327.485
5.1371, 32.3262, 446.985
4.13422, -208.973, -170.612
4.75888, 185.259, -298.604
6.85263, 65.3195, 471.628
4.72884, 527.862, 476.251
6.03726, -694.926, -245.928
6.83171, 627.043, -629.364
6.5822, 490.564, 219.802
2.67504, 681.709, 616.789
3.8644, -456.228, -229.55
5.21858, -133.149, -337.211
3.19942, -321.03, -394.495
5.57408, -383.585, -274.759
3.29182, -378.748, -367.738
4.41129, 324.922, 140.845
5.94997, -132.329, 98.7534
3.21128, -292.626, 285.528
5.65284, -598.239, 533.365
3.15973, 74.0193, 497.461
7.13583, -675.642, 218.46
5.53465, -561.239, 469.893
5.50388, -588.247, 191.197
3.33635, 318.784, -345.392
3.301, -611.835, -540.838
5.91628, 388.041, -38.2156
5.1456, -416.725, -212.043
3.65264, 67.5877, 525.305
6.55373, -436.757, -207.105
5.76477, -196.743, -381.737
4.08597, -502.756, -424.959
2.53953, -144.847, -314.74
3.49176, 461.729, 556.737
3.78831, 315.475, 215.327
3.03825, 395.569, -152.515
3.49545, -45.0397, -128.331
6.75079, 783.636, -496.247
6.63912, -453.532, 141.565
6.76813, -533.512, -377.756
5.71027, 13.4207, 491.321
3.6787, 676.466, -521.984
6.80638, -579.994, -231.878
5.4745, 254.271, -24.726
2.52745, 317.028, -64.9811
6.84925, -465.879, -445.867
7.37729, 320.666, 40.3503
5.59653, 144.515, -36.7597
3.85574, -573.662, 7.49545
7.46973, -189.851, -360.133
4.60751, -471.997, -472.423
4.20537, -509.102, -512.417
4.80717, 179.239, -125.686
4.44822, 135.51, -273.831
4.613, 61.7547, 560.551
2.84879, 312.154, 316.043
5.5153, 14.3352, -121.673
7.36114, -75.1748, 1.23253
5.07406, -465.655, -449.889
7.45461, 359.965, 0.436733
5.84906, 384.021, 12.0238
4.01716, -343.825, -233.277
3.47371, 545.902, 434.022
4.0109, -465.188, -301.679
4.93946, -372.197, 569.096
4.72438, 465.578, 584.663
5.7844, 277.803, -443.347
3.74227, -442.974, -466.249
4.72007, 102.756, 480.884
5.75894, -419.846, -247.444
6.67472, -706.112, 329.505
6.03698, 64.4433, 469.581
4.93928, -468.044, -475.122
6.72039, 342.355, 7.66831
7.00296, -400.279, -157.717
6.33082, -519.947, -399.731
5.29453, 457.948, 622.568
2.70603, 159.565, -2.07035
5.46749, 301.539, 61.0857
2.68674, -297.735, 387.786
4.53488, 291.261, 207.608
2.84243, -623.246, -694.31
7.38558, -424.132, -336.301
2.5956, -422.016, -211.046
6.60363, -222.324, -176.515
5.2195, -479.218, 412.362
5.72828, 527.427, -286.277
3.62934, -166.257, -117.061
2.733, 641.833, -604.213
3.63154, 312.502, -492.443
4.58371, -588.418, 216.278
6.40126, 288.295, -397.788
3.72852, -490.4, 194.778
4.81411, 275.624, 106.344
6.14756, 435.712, 18.4069
5.35237, -470.32, 408.099
5.45997, 622.33, 593.67
4.98425, -591.811, 225.378
3.951, 142.739, -20.4803
4.71107, 83.4368, -162.222
2.53669, 672.169, -646.052
7.41683, 353.131, -212.81
2.52822, -588.095, -84.1249
4.8676, 9.23834, 498.191
5.86497, -130.618, -246.38
