6.27803, -333.061, -256.947
3.5948, 207.172, 47.3279
5.89648, 137.073, -59.5893
5.09708, -198.739, 248.955
2.76731, -261.249, 189.533
2.53849, 292.174, 184.998
4.58743, -143.731, -189.905
7.15218, 216.329, -46.841
2.95982, 104.758, 259.745
6.00595, 0.744916, -148.466
3.81226, 311.847, 256.882
4.14117, 99.1327, -247.435
7.45519, 162.627, 8.06982
7.41275, -264.881, -325.864
5.75759, 320.327, -17.9063
6.92354, 196.463, -181.675
6.33247, -111.982, -124.944
3.87453, -183.991, -406.251
4.93259, -223.125, -276.91
2.80282, 392.444, 254.426
5.08146, 70.1822, 318.454
4.96988, 299.992, -381.802
7.23882, -192.432, -438.643
4.42071, -142.145, -76.6583
5.14874, 328.093, -406.823
2.75042, 76.9805, 3.68588
6.63909, 307.734, -128.482
5.94228, -306.728, -394.667
6.18112, 48.0822, 215.41
6.94286, 358.352, 360.533
4.25508, -93.1525, -109.982
6.72991, 194.713, -18.4737
3.84659, -2.61398, 42.0699
4.83959, -11.8571, -123.325
3.2686, -258.083, -200.31
2.66527, 249.768, -96.5684
7.2768, 247.726, 130.634
6.95369, 135.109, -104.111
3.29884, 235.23, -13.9045
3.15214, 192.338, -119.1
2.515, -475.87, -119.797
6.0491, -76.4687, -188.635
3.40448, -419.068, 332.939
5.76029, 404.352, -333.475
4.42907, 244.145, -252.407
3.23766, 220.628, 62.5557
5.45054, 230.024, 142.05
3.24076, 50.1702, 194.38
3.2091, 239.299, 55.7936
4.94257, -254.52, -312.46
3.13015, 29.3401, 67.7953
5.64635, -104.52, -117.835
5.60817, 43.0575, -270.899
4.88216, -317.085, 323.215
2.64188, -452.561, -318.079
3.21011, 285.648, 278.367
3.15594, -176.58, 331.936
3.31099, -280.289, 346.867
3.76529, -124.25, -35.2438
4.77654, 30.3404, -132.373
6.54472, -49.2828, -189.203
3.57624, -75.3951, 163.801
3.75063, 272.431, 203.693
5.02978, 110.28, 114.778
6.27922, 232.994, 22.4278
5.66369, 109.375, 23.9911
5.9449, 134.909, 61.1581
7.27207, 332.437, 374.333
5.18713, -349.777, 307.903
4.57014, -182.766, -370.33
4.70019, 76.4126, -40.6076
6.07821, 412.1, 324.855
6.20858, 261.413, -83.5577
5.12494, 512.183, -252.707
6.06711, -92.5685, -192.787
5.91025, 136.68, 10.4684
6.82941, 247.036, -173.524
3.19597, 81.8415, 260.098
3.57766, 52.5343, 152.257
5.0733, -22.6196, -219.803
4.83766, -134.845, 321.408
3.55759, 26.0597, 456.349
5.65244, -293.889, 261.289
2.5044, -419.417, 1.5576
4.09589, 130.922, -42.6387
5.90281, 113.382, -28.259
6.0446, 144.145, 16.2757
2.90869, -316.645, 364.987
3.56926, 190.812, -48.9428
4.44412, -181.917, -159.468
4.44927, 452.81, 409.167
3.92018, 196.636, -131.854
4.6123, 152.824, -62.9951
2.55658, -275.589, -285.482
3.72027, 531.271, -417.41
4.49072, -293.868, 371.788
6.64177, -434.312, 167.9
3.78584, 324.865, -597.658
3.59705, -10.9093, -88.204
6.47385, 215.468, -187.885
5.8476, 293.575, -56.3007
5.49108, -368.622, 164.672
5.99917, -64.7177, -179.131
5.13062, 123.964, -167.334
4.14833, 140.934, 33.459
3.30844, -469.701, -4.32338
6.56633, 122.351, 151.129
4.08004, 55.4917, 82.2317
4.05369, 30.5588, -107.661
4.65424, -34.9715, -142.419
4.46509, -19.148, -124.708
4.43916, 16.4636, -107.467
4.34871, -258.588, -407.021
5.88118, 192.344, -131.557
6.10384, 87.2886, -97.6897
7.20082, 100.587, 298.706
5.08573, -34.8748, -82.9404
5.5282, -27.6961, -152.593
5.85049, -308.472, 334.697
5.11404, -94.6913, -211.292
3.87105, -320.598, 367.279
7.08924, 163.913, -31.563
3.73367, 324.348, -406.917
4.77876, 137.737, -14.2358
3.30374, -307.123, 302.716
4.68319, 285.928, -111.262
7.45767, 212.12, 165.165
6.26931, -180.088, 394.367
4.97846, -254.777, -135.346
7.01651, -228.345, -119.319
4.68213, 245.957, -77.5962
5.09239, 10.1521, 78.555
4.44866, 220.76, -177.869
5.63431, -77.0184, -209.612
5.19331, 165.82, 60.2332
4.35955, 88.9406, -198.259
2.54674, 91.1407, -23.2151
6.3794, -91.819, -67.9892
2.85317, -264.012, -208.028
3.98511, 139.958, -221.297
4.78581, -141.19, -78.8557
3.25156, -214.485, -219.34
5.97819, 18.9615, -201.575
4.15587, 192.783, -9.51857
5.21197, 315.102, -258.603
2.64678, 546.85, -406.71
5.38086, -8.11211, -188.125
5.18133, 83.7627, 68.2476
7.36678, -97.2226, -124.17
5.57063, 73.0164, -141.461
5.26431, -332.22, 52.7415
6.69051, -140.196, 216.7
3.75764, -310.476, 345.4
6.98957, 197.487, 42.1215
5.97428, 85.746, -284.344
5.82752, -235.485, -324.091
3.06838, -148.451, -291.968
3.37987, -340.241, 163.457
2.91253, -28.9793, -178.27
6.68103, -5.92994, -17.1431
2.64818, 438.899, -426.634
6.34719, -164.989, -91.7722
4.29829, -403.339, 286.134
6.24626, 12.7799, 258.008
6.28385, 115.142, -28.3392
3.60834, -417.351, -86.828
5.58305, 184.847, 19.3823
3.66846, -67.4745, -234.881
6.22052, -435.546, 151.366
5.80997, -256.774, -202.138
4.9209, 422.132, -431.592
2.58972, 9.34711, 127.116
4.98291, 245.206, 2.31889
5.09587, 283.862, -150.645
4.71395, -323.799, -33.3541
4.14528, 90.2548, 264.86
3.52671, 227.652, 136.106
7.19863, 12.0357, -105.16
2.85168, -309.689, 356.595
3.30042, -110.837, -2.04925
6.70788, -210.401, -253.114
4.13614, -43.0572, -240.928
6.85942, 162.949, 32.2193
5.99896, 580.725, 364.331
5.52801, 44.1699, 160.172
4.77536, 41.2333, -186.975
2.91543, -289.056, -300.108
3.94883, -42.845, -134.639
6.51009, -322.836, -249.246
6.81821, 151.835, -66.1835
3.81831, 170.674, -257.293
4.79881, -56.9718, -260.86
4.95672, 91.5323, -218.34
5.82344, -548.872, -237.391
7.31738, -196.634, -215.804
7.23022, 119.638, -121.383
2.81902, 127.721, -141.09
5.04829, -277.362, -248.467
6.13222, 345.95, 169.768
5.65882, 224.226, 141.392
3.26658, -273.641, -173.906
5.09652, -328.393, -38.2744
3.52281, -256.714, 382.081
6.03231, 182.151, -65.8103
6.05786, -390.611, -255.309
3.66304, -57.2499, -221.563
6.80594, -82.2377, -155.758
2.67122, 69.2855, 272.414
6.26587, -353.642, 157.731
4.14789, 139.068, 121.292
4.65309, -322.801, -201.036
7.33455, 66.2852, 67.4313
4.05803, 444.603, 328.378
5.69762, 288.19, -216.064
5.95386, 51.0392, 149.237
5.36403, 124.874, 255.61
6.60667, 476.214, -434.232
4.21807, -273.692, -288.987
5.09387, -202.321, -201.266
6.78438, -152.189, -89.5919
6.18587, 117.48, 177.608
3.45992, -294.17, 325.057
2.83145, -242.323, 198.252
3.60828, 436.725, -460.662
3.33656, -66.6597, -103.66
6.31172, 158.483, 82.1678
5.44905, -337.212, 160.156
4.65223, 393.779, 277.919
7.09618, 193.935, 40.2214
5.09668, 102.249, -91.4469
7.38058, -252.03, -225.724
5.15714, -307.452, -315.559
2.98716, 174.416, 45.1505
5.83983, 171.008, 27.1532
5.44444, 113.384, 53.0639
5.01137, -7.10717, -244.416
2.75808, -314.153, 114.955
2.6753, 51.2558, -266.783
4.41484, -227.493, -166.611
5.55555, 209.648, -59.1622
5.06574, 373.223, 284.916
5.98498, 162.517, -14.995
4.89891, -136.487, -162.828
3.88323, 271.309, 83.4462
6.01685, -217.109, -339.658
3.67701, 133.905, 39.9448
6.41501, -125.43, -198.32
6.60589, 44.209, 293.812
3.21842, -326.468, -358.862
5.75757, -423.91, 375.576
3.87677, 407.573, -323.849
7.26215, -397.011, 318.795
4.58238, -44.7688, -185.462
3.03869, -29.7966, -93.5404
4.70633, -421.496, 446.134
6.28811, -274.95, -311.898
2.77803, -280.873, -338.876
3.51241, -92.1073, -242.512
6.82305, 476.041, -423.315
6.52456, -103.549, -197.738
2.78861, -324.836, -201.045
4.40304, -160.851, -73.3752
4.56124, 108.739, 276.361
2.80071, 46.8464, -16.6193
7.09746, 367.838, 361.134
3.35398, 394.435, 211.583
6.51634, -303.427, 174.253
3.88599, 164.203, 9.4325
4.44586, -53.767, 143.45
7.19936, -26.8957, 249.72
6.24573, 15.6848, -113.205
3.44774, -409.55, 293.202
6.89581, 190.149, 30.5496
6.8953, 183.609, -227.563
3.30515, -65.2308, -222.341
5.87346, -226.831, -317.594
6.89096, 230.152, -16.6851
6.98262, 282.104, -157.331
3.06535, -235.192, 296.936
5.93789, -142.48, -178.846
3.21651, -89.4368, -452.764
3.6901, 147.7, -5.27238
5.64383, 52.4383, 173.499
4.312, 271.488, 205.914
4.64437, 499.183, 104.095
4.91936, -180.263, -122.915
6.20379, 34.3821, -126.717
3.23098, -310.611, 330.344
7.36238, -296.935, -204.955
7.3158, -5.94348, -212.465
3.14741, -152.691, 612.625
5.3784, 37.4151, 80.2023
4.66439, 3.04005, -135.447
5.50066, -67.6309, -209.866
5.85098, -26.9034, -144.61
4.5137, 511.001, 274.274
6.46691, 377.639, 315.891
4.89889, -43.9022, -206.397
5.72449, 136.196, 0.729699
4.28836, -173.627, 317.16
5.96794, -134.246, -167.864
5.83428, -459.261, -171.412
3.22071, -401.795, 297.947
7.10415, -367.217, 150.512
4.22228, 87.2659, -141.984
6.66824, 115.298, -80.3534
2.74349, 182.233, -230.871
3.27936, -105.097, -197.189
2.55765, 262.879, 36.8007
3.94327, 35.706, 279.472
5.07295, -58.8155, -209.107
3.65948, 441.483, 539.504
2.75022, -28.5037, -212.585
5.33091, -247.446, -109.56
6.69774, 20.5527, 181.432
4.28763, -259.109, -164.138
4.3452, 21.9923, 267.506
7.22226, 167.373, -39.0553
4.72425, -264.36, -265.521
6.82086, 182.978, 76.5071
5.82654, -272.88, -171.717
5.79297, 90.3141, 276.69
7.10736, -509.857, 423.264
5.11536, 513.404, -318.555
5.45229, 304.365, -237.964
5.79944, 328.124, 303.052
4.24765, 160.479, -33.036
4.11714, 123.415, -15.7407
7.08984, 22.8414, 204.262
3.08619, 498.688, -477.618
7.31268, 118.834, 200.471
5.17978, -25.0549, -198.476
5.81447, 305.821, 373.774
5.48362, 318.296, -361.076
6.93363, -157.607, -97.9915
6.67999, -210.841, -200.71
6.69339, 181.041, 129.619
6.85642, -27.0723, -111.683
2.5002, -196.912, 115.801
4.77274, 190.322, -18.4104
4.25696, -394.378, 179.044
5.80713, -227.128, 441.267
6.22234, -301.287, 203.271
3.3821, -50.0444, -137.636
7.4621, 476.428, -423.857
5.95466, -319.537, 115.639
6.97862, 241.427, 314.441
3.51579, 118.422, 69.9212
7.2356, -244.53, -248.425
4.88476, 319.226, -394.372
6.78578, 389.711, -476.359
6.41237, -263.566, -202.734
5.70687, 373.343, -390.735
3.14521, -351.825, -78.1792
5.77944, 34.401, 263.82
3.09199, -76.3839, -83.1425
3.88793, -22.5996, 83.0225
6.65548, -80.8898, -197.016
6.14153, -176.25, -431.363
6.74348, -867.888, -98.716
3.43989, -49.1406, -76.6093
6.09602, 133.823, -58.6511
4.25586, 95.7953, -18.486
3.34555, -485.674, -315.082
4.52383, -142.485, -73.3975
4.20924, 31.574, 244.537
6.67141, 134.293, -40.4212
3.9111, 381.278, 313.562
5.16766, -273.83, -178.241
6.25085, 337.252, -269.126
4.62554, -234.313, -117.159
4.66964, -366.683, 324.529
3.03022, 322.947, -238.95
6.4639, -109.145, -113.928
3.91232, -431.887, -97.8607
7.14264, -45.1485, -255.112
5.37926, 328.421, -66.1416
3.4895, 268.275, -231.441
5.99081, 181.408, -279.165
3.07265, 209.903, -184.197
4.22945, -16.7574, 46.9778
4.15646, -21.847, -215.199
6.42735, 436.864, -443.589
6.65775, 125.44, 155.659
4.21712, -404.495, 279.662
4.2603, -213.754, 243.681
6.38197, -123.041, -159.879
6.58658, 16.357, 271.786
4.26157, -67.7058, -245.724
7.09559, -198.674, -295.422
3.2877, 205.026, -71.2457
5.56029, -258.036, 454.319
5.54222, -402.005, 297.706
3.16647, -162.11, -179.545
3.51409, -269.546, -227.937
4.79457, -288.342, 309.002
3.48759, -286.775, 383.153
6.77118, -366.762, 204.407
6.54562, 10.2359, -119.791
2.80131, -342.868, 345.691
6.50584, -374.764, 375.676
5.49597, -133.34, -94.2873
7.43182, -392.15, 176.087
2.65919, 85.2837, 232.259
6.8356, 446.693, -409.527
3.69109, 14.2758, -156.894
3.6127, 148.706, -34.8561
4.73907, -246.311, -131.513
2.61231, 21.0653, 95.883
6.79755, -26.4921, -210.012
4.15902, 178.347, -168.919
5.72195, 307.007, -101.523
7.43521, -258.525, -151.486
5.30162, 213.052, -249.726
4.74553, -246.349, -249.942
5.213, -86.8392, -63.2486
2.90797, 130.294, 54.8031
3.99606, -54.2069, -183.973
6.63964, 323.112, 285.868
6.48936, 422.13, 484.183
5.71048, 129.494, 106.902
4.84105, 291.573, 26.6918
7.15326, -56.1481, -130.227
5.08798, -76.8323, -199.177
7.42924, 323.888, -391.589
5.94567, -67.4949, -29.0466
6.19966, -97.8822, -92.4021
3.46323, -568.854, -80.3675
6.08881, -193.53, 398.686
6.11146, 21.8793, 59.7017
6.49298, 101.807, 68.0447
4.23216, 250.186, -76.3701
5.1481, -8.57321, -68.3091
3.19001, -97.6432, 81.4019
6.73218, -65.8203, -204.151
6.32766, 58.1303, -139.944
7.5, 491.784, -478.113
4.24891, 429.952, 174.479
5.50367, -350.931, 313.984
3.50808, -309.141, -273.099
6.2385, 332.093, 110.647
6.49225, 0.496764, -26.174
3.03505, -314.517, 412.956
5.35813, -263.395, -292.538
2.84683, 39.8014, -81.149
4.16036, 319.089, 308.07
5.80945, 178.528, -228.953
5.27726, 123.112, -122.204
7.12415, 254.197, -20.403
2.69832, -275.629, -300.538
2.62083, -78.8131, -246.896
4.61923, 199.311, -229.479
4.36987, 153.474, 135.54
2.93303, -54.9973, -210.801
3.05403, -85.7733, -243.756
5.31992, 255.164, -401.423
7.37269, -167.555, 336.259
3.05066, -159.39, -87.0849
5.99352, 1.54297, 281.803
2.79674, 208.499, -128.246
4.69755, 66.5591, 205.06
5.24651, 322.192, 239.945
3.45129, 183.231, -251.625
7.36597, 178.608, 127.618
3.19593, -266.388, -214.713
5.48978, 330.552, -406.791
7.12812, -212.9, 383.008
3.91116, 5.73555, 288.907
6.8307, -62.9669, -188.955
6.29598, -29.9274, -153.164
6.10793, 149.746, -70.356
3.34241, 53.4355, -10.8146
3.32882, 301.974, 314.982
3.39076, -140.006, 113.701
5.87226, 191.949, -174.16
4.83484, 61.5641, -258.159
6.85219, -278.669, -325.479
5.76023, -227.282, -269.842
5.80464, 471.061, 485.302
2.58037, -336.346, -519.99
4.30596, -285.399, -182.375
3.72747, 90.2774, 113.745
6.93086, -248.565, -183.346
5.23701, 479.469, 330.998
6.57209, -119.384, -103.936
5.24453, 5.62372, 290.172
4.16156, 127.021, 170.802
4.40213, 181.273, -88.9527
2.52389, 372.533, 212.857
6.95226, -102.469, -131.699
6.16955, -387.42, 319.634
6.04239, 75.9598, 199.38
5.1278, 38.6771, -140.639
6.41065, -126.535, -101.368
3.42484, -203.036, -142.089
5.72673, 123.219, -94.5869
3.42178, -266.758, -372.029
3.31214, -70.9039, -199.775
2.65594, -384.488, 301.781
7.42716, -102.812, -120.262
4.04559, -270.451, -183.805
4.11075, -173.715, -99.6174
5.51155, 139.663, 38.1751
2.89107, -143.339, -20.9454
3.93936, 202.677, 133.922
5.79307, -73.4576, -157.088
7.36348, -125.917, -459.566
7.27758, -381.204, -146.575
7.42745, -49.1892, -187.041
7.30478, -291.291, -227.395
3.0073, -482.343, 359.792
3.71505, -148.076, -168.275
6.91151, -120.134, -225.526
5.28805, 172.31, -61.4938
6.7669, 357.45, 290.142
7.49145, -306.44, 329.134
3.99751, -10.9526, -117.873
6.33157, 336.013, 377.518
4.81901, 129.918, 34.6164
6.8168, -247.841, -106.239
6.99018, 93.1889, 57.531
7.377, 3.95958, -100.953
2.77405, 108.785, -41.0627
6.32605, 455.282, -451.378
5.09219, -213.778, 383.534
3.46574, 16.1038, 78.7044
6.98252, 153.233, -163.283
6.38492, -122.13, 203.349
2.75968, 201.701, -38.3154
7.47331, -281.142, 331.406
5.93659, -303.387, -216.604
5.94854, 365.216, 356.09
6.57666, -129.747, 217.242
7.05426, -66.9046, -122.417
3.34218, -38.5601, -114.37
5.24183, -386.1, 362.273
6.53351, -54.2624, -250.977
4.17803, 125.081, -145.727
5.53435, -211.682, -221.37
6.59602, -383.072, 334.82
7.3485, 26.7119, -119.901
6.29349, 313.786, 398.764
3.72113, -64.641, -177.333
5.80589, -439.859, 60.5967
4.21574, -62.3667, -191.327
7.27146, 47.7164, -187.766
2.60828, 77.6555, 290.761
4.54979, -461.902, 397.75
2.55789, 149.088, -157.846
3.04964, 113.65, 112.5
5.28259, -371.462, 168.046
4.45466, -26.835, -88.8053
7.20539, 37.1386, -128.055
2.55572, 248.164, -295.901
6.22897, -177.42, -114.695
3.84293, 177.362, -33.1567
4.27153, -254.443, -187.002
3.45835, -200.531, 391.798
5.14832, 404.81, 286.238
4.39478, -181.741, -126.558
3.16407, -125.53, -152.711
4.26563, -68.8639, -157.923
4.2497, 384.932, 367.126
7.41084, 123.137, 75.5326
5.25961, -86.5899, -229.115
4.99918, -141.544, -47.7123
3.58531, -382.579, 157.603
4.37311, -116.475, -147.33
6.78251, -261.696, -196.733
6.45578, 337.502, -385.839
3.9204, -331.582, 333.045
5.07645, 319.94, 305.843
6.79238, -66.4028, -205.198
7.07844, -137.553, -76.396
7.48941, -24.2247, 200.293
6.53177, 20.721, -112.196
5.22718, -250.449, -297.487
7.3461, -73.6014, -94.664
5.31931, -326.043, 24.4172
4.03031, -366.211, 312.776
5.41853, 418.6, 432.197
2.91197, 211.403, 28.7151
5.47382, 159.769, -49.6102
3.31968, -244.402, -312.098
6.46527, -192.191, -210.197
2.95373, 599.495, 218.798
6.3072, -285.669, -143.204
6.83996, -67.7449, -175.136
6.40105, -163.673, -142.972
6.61399, 300.746, 329.719
6.70974, 163.636, -198.446
4.48328, -134.621, -219.911
6.508, -30.3738, -178.035
6.56811, 272.829, 130.697
5.43493, -230.375, -272.374
4.64621, 103.805, 28.9194
2.5002, -100.112, -97.8553
5.31153, -230.533, 85.1699
6.22632, 111.711, 58.3362
3.89846, 110.065, 96.1986
2.93406, -184.308, 345.375
3.5733, 382.488, -318.177
3.93296, -428.416, 405.781
4.86595, -399.486, 491.399
6.95893, 450.839, 408.918
5.91955, 85.8392, -201.044
3.54376, 20.0896, -129.723
6.67533, 62.1374, -103.985
7.09218, 365.229, 314.298
4.48244, -743.125, -213.752
6.37858, 238.469, -61.1408
5.68161, 211.459, 38.079
6.64746, 149.377, -34.7492
3.40204, 114.732, -238.624
7.45927, 31.7814, -145.181
6.70558, -2.07586, -10.7967
4.65177, 118.594, 70.6092
4.38589, 309.489, 351.333
2.70802, 67.2025, -190.43
6.80715, -266.439, -275.974
6.62116, 319.874, -262.255
6.25052, -193.149, 303.623
3.55801, -139.211, 271.654
4.31029, -19.95, -207.306
4.43545, -100.162, -102.609
7.32918, 354.2, 403.94
6.5872, 83.4787, 233.481
4.5755, 202.109, 202.718
5.83759, 287.245, 74.4509
2.52101, 408.995, 219.63
6.98048, -335.955, 152.476
3.68416, 44.634, -14.3523
3.79415, -96.7691, -188.494
5.4939, 198.898, -204.97
6.89823, -364.417, 144.186
6.16299, -276.617, -179.632
6.0773, 342.169, 165.666
3.57724, -147.477, 200.771
6.30413, 481.003, -290.573
3.85351, 12.3696, -87.0914
2.75246, 235.023, -18.8463
4.78866, 84.1743, -154.761
2.58759, 201.964, -272.313
3.01129, -82.7792, -129.487
2.639, -76.5933, -247.468
5.65921, -87.6502, -126.551
6.34425, 6.04421, -121.718
2.74132, 87.6478, -217.064
6.6924, 150.98, -20.8476
6.76899, -322.169, -71.2914
6.57649, -355.835, 289.686
6.85188, 292.517, 312.665
5.27222, -199.184, -333.142
6.12646, -91.1532, -189.662
3.20424, -132.565, 222.519
6.6115, 52.2879, -281.626
5.51185, 146.424, -46.1078
4.93856, 42.5374, -139.236
6.14942, 115.239, 270.264
4.05164, 347.162, -579.648
3.93925, -216.46, -2.61082
5.45857, -288.771, 356.445
5.34055, 413.63, 233.63
5.41059, -262.225, -86.0241
2.84132, -293.986, 247.362
4.34304, -88.6417, -231.07
6.28475, -281.486, -154.29
6.35297, -544.473, -318.926
4.27217, -49.1105, -185.306
5.98913, 56.1902, 177.939
5.08005, -69.4016, -209.877
5.94494, 191.157, -21.9413
6.18066, -0.438748, 160.315
2.56231, -119.086, -183.577
7.16549, 36.1542, 30.0716
5.37826, 181.129, 128.088
3.05587, 343.495, 153.984
4.87388, -239.576, -233.737
3.24247, 398.892, -11.8852
4.22594, 148.617, -44.2628
7.04476, -370.233, 149.872
4.54571, 65.8766, 321.332
5.96642, -101.164, -220.588
3.35865, 260.406, -160.106
6.21715, 304.447, -376.86
4.16319, -323.14, 311.688
4.62157, 235.751, -31.3304
2.79523, -47.5488, -259.761
5.09005, 255.036, 106.375
5.94425, 110.412, -92.1569
5.01149, -76.8404, -196.889
6.56617, -56.8641, -109.109
3.07974, -258.476, -161.153
5.24841, 148.305, -36.5626
5.06046, 72.8706, -91.9072
6.02649, 338.974, 426.457
5.65083, -205.367, 245.934
4.0207, -112.698, -131.013
6.74719, 113.741, 68.0868
3.39619, 97.0168, -98.5216
2.61737, -286.342, -227.271
4.19467, 193.167, 34.234
3.43818, 140.557, -35.9776
6.60467, -82.9056, -223.261
6.72507, -38.6116, -208.959
6.78031, 466.934, -421.166
7.37454, -307.763, 298.625
2.99587, 155.402, -253.125
2.56182, 238.911, 352.107
2.58614, 179.31, -166.821
2.64527, 192.731, -87.5011
4.1031, -96.1472, -226.65
6.17815, 194.812, -16.162
3.14876, 118.476, -73.2039
2.5161, -197.711, 156.447
6.91905, -191.138, -80.277
3.70482, 165.639, -203.792
4.38481, -283.861, 341.723
4.44879, 229.578, 27.4331
2.81534, 211.947, 141.2
7.30792, -147.178, 335.326
3.75349, 261.017, -292.807
6.85376, -53.8287, -196.76
2.85991, -362.107, 208.524
2.70653, -289.407, 458.305
3.46378, 298.564, -239.582
3.86708, -57.3474, 128.984
7.4007, -193.599, -420.292
3.60607, 158.484, -193.429
6.43119, -236.699, 371.417
4.42306, -10.9454, -107.421
3.78593, 216.404, -128.438
3.91087, -314.213, 119.638
7.33834, -5.21049, 181.552
4.22841, -140.509, -243.835
3.45922, -386.479, 129.685
5.05037, -281.601, -260.575
5.21857, -321.786, 281.22
5.72333, -259.263, -200.626
3.89738, 90.3089, 297.689
3.41887, -29.1212, -125.109
2.71579, -160.885, 133.743
3.98408, -28.1962, -214.887
4.25548, 42.2456, 73.8891
7.09372, -202.064, 368.988
5.81225, 155.895, -45.6812
5.08041, 423.67, 321.956
4.03763, 273.24, -50.3029
3.0007, -48.4039, -38.9979
3.47502, 167.275, 92.5932
4.11407, -161.299, -171.964
5.56182, 43.0242, 46.7207
5.13511, 463.331, -331.889
3.45653, 142.954, -36.4933
4.7178, -201.694, -130.718
4.48693, -266.022, 342.769
6.28051, -241.943, 177.627
6.6213, 401.171, 373.908
5.51573, -157.276, -101.829
3.04573, 163.557, -164.169
4.11797, 181.041, 213.985
5.03403, 246.656, 96.846
4.76521, -370.955, 321.036
4.77315, -136.949, -171.58
4.91125, 391.429, 257.992
5.07896, 185.972, -233.346
4.50207, 43.5815, 328.137
4.22945, 52.0731, 171.469
6.64533, 33.9459, 224.817
3.02204, -616.086, -440.004
6.40057, 245.19, -126.13
3.19919, -84.0018, -207.375
2.62171, -239.419, -208.286
6.0664, 209.453, -163.21
7.15538, -86.5722, -99.2137
7.47667, 145.398, -42.695
3.86264, -283.898, 61.7699
3.6923, -205.947, -268.444
3.87328, 520.853, 383.602
5.70836, -262.887, -208.063
5.17637, 154.431, -101.706
6.8967, 268.645, -256.181
6.75968, -330.162, -209.331
2.98004, 176.588, 181.773
4.66818, -414.436, 161.227
3.17045, 205.758, 72.5973
5.86802, -28.074, -118.281
5.34964, -133.237, -140.562
3.66474, -466.881, 333.937
5.50306, 92.258, -200.482
2.6551, -275.51, -306.73
7.08512, 157.718, 37.5457
3.82958, 8.59602, 169.57
6.50016, -104.811, -131.789
5.46389, -144.809, -112.783
5.0822, 183.896, -34.3597
5.2567, 302.777, -133.117
3.47225, 308.226, 138.356
5.36152, -50.0926, -174.7
3.81992, 164.613, 62.1834
4.41648, -302.835, 425.884
2.73626, -186.609, -104.407
4.22823, 140.907, -153.082
3.61594, 64.7903, -288.472
3.81264, -189.953, -54.6894
3.05141, -57.7273, -104.64
7.40088, -301.016, -370.578
5.93794, 328.372, 373.425
5.82158, -289.498, -267.856
5.99501, -265.351, -155.962
2.68746, -156.941, -168.558
3.6706, -222.223, -245.993
3.95397, 436.057, 368.595
3.50543, -75.7323, -228.808
2.7177, 236.467, 14.7764
2.56571, -125.694, 441.021
6.07297, -318.062, 344.963
6.88348, -223.88, -269.74
5.35088, -360.907, 94.0653
6.92743, 348.697, 296.748
5.20042, -253.332, -295.273
3.31357, 474.816, -421.231
3.30492, 271.31, 447.411
7.19182, 111.875, -51.3313
3.45628, 330.868, -273.404
3.15761, -189.487, -223.926
4.41122, -100.913, -204.478
6.12674, 138.513, 26.6357
2.50651, 373.596, 284.371
4.60222, 128.184, 153.281
5.18984, 165.701, 72.9881
4.86596, -15.858, -17.3626
6.33003, 366.615, 286.754
2.9396, 113.727, -240.199
7.04284, 128.963, -7.93282
3.20818, -542.133, -358.946
2.54782, 331.005, -72.3684
2.82267, 110.763, -97.3119
4.96742, 197.458, -11.0953
5.40914, 404.606, 220.144
4.03373, -227.174, 379.649
4.57091, 93.0672, 37.7785
4.33401, -259.457, -211.155
3.42687, 74.64, 269.66
2.76788, 75.4887, 21.8992
4.47222, 130.295, 205.528
3.98388, 42.3051, -140.457
5.05388, -446.699, 320.868
3.75392, -409.849, 193.672
5.01589, 361.379, 399.094
2.51168, -359.528, 375.156
7.01807, 509.097, -170.527
2.79181, -258.547, -169.634
5.17506, -133.934, 212.983
3.95754, -464.033, 328.045
7.3023, -138.7, -184.46
4.73406, 110.107, -63.9267
5.08479, 103.749, 94.2087
5.93861, -32.5141, -213.527
2.72187, -99.3913, -189.024
7.2946, -317.918, 370.75
5.70852, 236.033, -54.5002
2.80215, -44.8233, -182.405
3.33964, 153.84, 35.5217
5.76491, 32.609, 67.2385
6.19864, -324.055, 116.841
3.57011, 138.287, 101.187
4.31441, -246.596, -16.974
6.56981, -294.926, 261.714
5.32057, 283.009, -212.334
7.45886, -128.434, -142.035
6.5669, 43.4751, -146.27
3.49157, -210.727, 103.89
2.50003, -81.9851, -176.156
4.62608, 519.74, -245.802
4.07406, 123.593, 104.244
5.56218, 451.582, -330.425
3.83351, 5.24847, -137.288
4.39881, -172.38, -74.717
5.43397, 22.4525, -7.36764
5.95636, -95.2044, -114.97
7.26736, -106.803, -119.196
4.89785, -343.85, -107.678
3.60319, 173.502, -201.796
5.33741, -255.539, -192.332
6.09873, 307.063, 109.044
4.4953, -316.982, 326.196
3.48326, -297.671, 312.514
6.66971, -379.645, -368.225
5.59561, -236.298, -202.573
7.26866, -79.9264, -216.831
3.23222, 25.2965, -122.241
5.38953, -63.8607, -113.493
7.26796, -314.108, 336.491
3.62331, 487.664, -246.559
7.25137, -348.275, 316.863
3.07874, 330.332, -386.777
2.58372, 36.807, -123.973
3.90465, -56.3767, -206.896
7.15042, 214.432, 1.22971
3.04796, 408.668, 429.934
6.77266, 100.06, 224.818
5.68532, -511.281, -222.966
5.63853, 176.947, -243.092
3.80589, 391.304, 375.7
5.13936, -469.121, 157.611
7.16608, -198.288, 247.939
3.98055, 70.101, 160.205
4.78006, 232.382, -65.2896
6.35659, -197.778, -205.481
4.17193, 286.258, 83.9072
6.31775, -68.9785, -108.139
6.65892, 82.266, 185.571
2.64618, -301.481, 428.871
4.31315, 137.594, 82.6209
4.16221, 281.404, -157.84
3.17675, -226.393, -274.65
3.00839, -213.121, 405.114
5.11327, -336.818, 225.079
3.52046, -327.41, -223.016
5.00728, -217.507, -223.946
5.1371, 93.2287, 296.848
4.13422, -116.211, -248.986
4.75888, 54.6479, -175.238
6.85263, 84.3161, 301.997
4.72884, 416.445, 228.137
6.03726, -634.273, 36.504
6.83171, 470.4, -443.417
6.5822, 118.096, 78.6123
2.67504, 475.178, 339.224
3.8644, -98.598, -177.756
5.21858, -60.6093, -179.002
3.19942, -38.0353, -127.47
5.57408, -135.585, 62.3396
3.29182, -139.538, -66.8216
4.41129, 175.443, -27.9196
5.94997, -26.0675, -185.982
3.21128, -196.308, 160.439
5.65284, -217.231, 336.374
3.15973, -87.4715, 120.969
7.13583, -425.516, 155.904
5.53465, -354.467, 366.732
5.50388, -337.005, 196.75
3.33635, 50.8106, -281.724
3.301, -545.145, -390.321
5.91628, 181.491, 81.3646
5.1456, -94.9939, -230.963
3.65264, 23.2656, 212.531
6.55373, -243.974, -222.804
5.76477, 22.5174, -93.0676
4.08597, -216.075, -238.947
2.53953, -19.9996, -60.1908
3.49176, 357.878, 397.081
3.78831, 220.617, -179.098
3.03825, 125.555, -83.0635
3.49545, -10.8452, -195.682
6.75079, 603.297, -363.56
6.63912, -230.198, 76.8516
6.76813, -185.062, -246.717
5.71027, 22.467, 338.919
3.6787, 509.449, -176.968
6.80638, -293.901, 46.1379
5.4745, 205.254, 329.339
2.52745, 175.123, 259.912
6.84925, -263.518, -174.887
7.37729, 185.67, 40.4955
5.59653, 221.707, 78.1476
3.85574, -320.789, -96.0493
7.46973, -56.3574, -115.913
4.60751, -260.236, -163.204
4.20537, -163.283, -128.706
4.80717, 116.519, -95.9408
4.44822, 14.991, -96.6955
4.613, -61.1065, 215.557
2.84879, 174.816, -22.2122
5.5153, -3.04807, -139.806
7.36114, -60.0966, -153.789
5.07406, -264.242, -177.764
7.45461, 131.755, 206.044
5.84906, 37.491, 29.5349
4.01716, -74.2999, -144.89
3.47371, 328.283, 293.804
4.0109, -48.8358, -75.5219
4.93946, -242.3, 607.517
4.72438, 393.516, 257.078
5.7844, 130.507, -150.919
3.74227, -288.271, -183.233
4.72007, -90.7945, 257.815
5.75894, -251.164, -249.257
6.67472, -563.885, 377.339
6.03698, 87.4081, 303.551
4.93928, -172.929, -152.163
6.72039, -8.65084, 53.5252
7.00296, -44.2765, -204.083
6.33082, -246.983, -311.465
5.29453, 378.683, 250.482
2.70603, 295.617, 52.5964
5.46749, 188.428, -3.31372
2.68674, -162.809, 220.745
4.53488, 221.642, -42.8659
2.84243, -417.265, -474.953
7.38558, -46.7954, -111.101
2.5956, -210.65, -284.432
6.60363, -69.3796, -224.24
5.2195, -421.785, 225.835
5.72828, 271.161, -231.028
3.62934, -29.7348, -209.201
2.733, 426.417, -427.775
3.63154, 163.966, -112.412
4.58371, -296.072, 156.577
6.40126, 84.0009, -197.413
3.72852, -419.323, 225.641
4.81411, 182.799, -71.6686
6.14756, 81.4582, 100.38
5.35237, -424.236, 226.281
5.45997, 388.631, 268.883
4.98425, -410.103, 36.1002
3.951, 107.308, -32.5633
4.71107, 39.1883, -119.127
2.53669, 570.067, -478.92
7.41683, 148.088, -61.8365
2.52822, -271.481, -54.8618
4.8676, 84.6718, 236.337
5.86497, -65.9505, -178.681
