6.27803, -417.787, -357.939
3.5948, 176.302, -107.617
5.89648, 262.581, -297.174
5.09708, -192.785, 437.572
2.76731, -477.977, 484.753
2.53849, 271.164, 138.772
4.58743, -336.064, -138.142
7.15218, 255.13, 179.877
2.95982, 112.562, 330.862
6.00595, -90.922, 81.0585
3.81226, 536.351, 484.439
4.14117, 295.995, -417.594
7.45519, 254.398, 87.5723
7.41275, -416.948, -230.502
5.75759, 154.46, 162.349
6.92354, 243.058, -367.419
6.33247, -182.312, -237.471
3.87453, -358.716, -224.119
4.93259, -418.158, -227.698
2.80282, 574.581, 557.948
5.08146, -35.6076, 481.251
4.96988, 528.559, -389.172
7.23882, -414.307, -571.786
4.42071, -14.2528, -415.653
5.14874, 544.958, -436.087
2.75042, 485.015, -27.1537
6.63909, 239.149, 187.589
5.94228, -471.844, -485.465
6.18112, 55.1254, 440.951
6.94286, 462.48, 461.454
4.25508, -93.7673, -320.912
6.72991, 267.711, 112.213
3.84659, 346.971, 30.6408
4.83959, 93.9117, -164.741
3.2686, -431.834, -405.717
2.66527, 222.467, 124.799
7.2768, 167.708, -7.60622
6.95369, 347.654, 149.946
3.29884, 231.256, 75.9766
3.15214, 194.396, -423.076
2.515, -560.513, -377.916
6.0491, -318.244, -166.549
3.40448, -445.744, 414.543
5.76029, 544.872, -315.482
4.42907, 254.573, -366.047
3.23766, 135.639, -91.7981
5.45054, 332.637, -55.3248
3.24076, 1.81125, 399.886
3.2091, 27.4198, 398.308
4.94257, -337.006, -132.225
3.13015, 451.863, -18.6882
5.64635, -116.53, -330.814
5.60817, 294.176, -357.615
4.88216, -361.064, 462.401
2.64188, -385.639, -217.365
3.21011, 226.083, 468.739
3.15594, -179.459, 434.454
3.31099, -536.251, 479.078
3.76529, -91.4296, -254.358
4.77654, 216.103, -389.451
6.54472, 40.3862, -104.984
3.57624, 48.4173, 422.004
3.75063, 471.677, 286.084
5.02978, 124.265, 462.445
6.27922, 217.18, 58.3052
5.66369, 441.447, -82.3319
5.9449, 270.834, 108.089
7.27207, 478.417, 492.882
5.18713, -437.094, 542.989
4.57014, -369.365, -264.541
4.70019, 233.73, 61.7585
6.07821, 495.702, 414.421
6.20858, 246.023, 196.233
5.12494, 664.63, -471.403
6.06711, -336.853, -134.971
5.91025, 216.695, 106.723
6.82941, 504.536, -275.473
3.19597, -64.4221, 516.875
3.57766, 385.398, -10.4015
5.0733, -209.207, -150.356
4.83766, 66.1929, 456.99
3.55759, -110.936, 593.76
5.65244, -434.831, 457.662
2.5044, -581.31, 88.3117
4.09589, 280.77, 180.932
5.90281, 244.993, 80.1479
6.0446, 361.394, -245.053
2.90869, -571.046, 460.091
3.56926, 244.456, 133.615
4.44412, -470.855, -340.665
4.44927, 600.177, 618.476
3.92018, 254.696, -438.19
4.6123, 287.221, 287.417
2.55658, -427.967, -360.502
3.72027, 586.222, -582.042
4.49072, -587.847, 470.891
6.64177, -472.269, 183.227
3.78584, 561.922, -690.044
3.59705, -347.723, -398.465
6.47385, 239.686, 251.329
5.8476, 136.115, 177.739
5.49108, -499.248, 190.359
5.99917, -81.8147, -329.409
5.13062, 287.25, -382.287
4.14833, 327.13, -5.85526
3.30844, -691.265, 98.73
6.56633, 342.925, -41.9532
4.08004, 336.366, 33.5406
4.05369, 26.6747, -335.31
4.65424, -39.3089, -9.55075
4.46509, -78.7558, -464.557
4.43916, 41.1477, -101.769
4.34871, -474.963, -470.449
5.88118, 263.026, -443.733
6.10384, 308.671, 117.387
7.20082, 56.8169, 424.844
5.08573, -189.142, -358.501
5.5282, -109.245, 85.4215
5.85049, -438.136, 465.781
5.11404, 77.3831, -272.451
3.87105, -499.932, 525.243
7.08924, 250.116, 180.439
3.73367, 539.791, -425.577
4.77876, 245.798, 188.822
3.30374, -594.013, 514.183
4.68319, 223.063, 207.428
7.45767, 220.093, 36.6805
6.26931, -267.684, 393.77
4.97846, -433.834, -476.226
7.01651, -543.899, -258.585
4.68213, 225.059, 233.898
5.09239, 81.495, -232.717
4.44866, 164.839, -382.518
5.63431, -107.471, -284.394
5.19331, 273.722, 78.3611
4.35955, 265.231, -353.934
2.54674, -141.627, 153.242
6.3794, -68.6452, -422.161
2.85317, -375.442, -374.775
3.98511, 256.177, -406.122
4.78581, -12.9116, -416.119
3.25156, -161.504, -142.784
5.97819, 316.89, -380.561
4.15587, 216.894, 89.4942
5.21197, 554.891, -481.845
2.64678, 613.456, -578.734
5.38086, -0.828243, -90.0622
5.18133, 273.776, 31.0122
7.36678, -390.127, -306.552
5.57063, -101.031, -343.903
5.26431, -545.104, 173.751
6.69051, -210.787, 436.542
3.75764, -317.743, 480.045
6.98957, 272.713, 79.1016
5.97428, 348.983, -330.506
5.82752, -431.614, -197.072
3.06838, -379.296, -525.899
3.37987, -560.512, 212.358
2.91253, -67.647, 16.0019
6.68103, -59.9279, 169.74
2.64818, 621.033, -607.434
6.34719, 19.4557, -403.683
4.29829, -445.779, 400.715
6.24626, 98.9317, 483.233
6.28385, 236.425, 81.8115
3.60834, -515.632, -402.158
5.58305, 276.26, 41.8544
3.66846, -187.092, -132.946
6.22052, -645.67, 213.273
5.80997, -437.44, -422.523
4.9209, 650.708, -618.801
2.58972, 335.284, 18.8468
4.98291, 299.112, 79.7779
5.09587, 208.427, -413.114
4.71395, -515.224, 117.495
4.14528, 96.3992, 420.781
3.52671, 253.886, 73.4296
7.19863, -116.9, -372.382
2.85168, -346.129, 460.706
3.30042, -85.6713, -375.447
6.70788, -413.306, -218.894
4.13614, -188.297, -150.331
6.85942, 305.495, 257.755
5.99896, 584.172, 528.258
5.52801, 392.241, -31.8718
4.77536, 34.1803, -132.56
2.91543, -431.987, -281.722
3.94883, 68.267, -137.764
6.51009, -398.844, -402.606
6.81821, 281.132, 82.2704
3.81831, 156.305, -401.914
4.79881, -298.039, -242.701
4.95672, 383.429, -343.367
5.82344, -503.383, -383.121
7.31738, -423.722, -240.446
7.23022, 304.209, -426.345
2.81902, 247.315, -408.012
5.04829, -405.954, -178.093
6.13222, 598.279, 293.725
5.65882, 257.709, -57.541
3.26658, -563.149, -519.704
5.09652, -505.46, 122.814
3.52281, -366.954, 422.414
6.03231, 391.372, -378.74
6.05786, -384.927, -202.202
3.66304, -232.556, -102.78
6.80594, 79.2053, -256.107
2.67122, 113.88, 442.586
6.26587, -503.667, 179.057
4.14789, 283.381, 32.5844
4.65309, -244.157, -373.826
7.33455, 425.479, -85.4288
4.05803, 442.959, 436.064
5.69762, 481.861, -380.894
5.95386, 392.554, -12.2524
5.36403, 53.5109, 532.683
6.60667, 635.358, -575.549
4.21807, -409.833, -408.048
5.09387, -483.084, -404.06
6.78438, 22.4183, -370.706
6.18587, 239.919, 233.793
3.45992, -548.662, 199.95
2.83145, -260.346, 236.558
3.60828, 607.904, -559.372
3.33656, -55.5976, -24.3183
6.31172, 342.251, -266.966
5.44905, -498.405, 183.464
4.65223, 574.561, 574.02
7.09618, 281.063, 48.7385
5.09668, 286.759, 81.6885
7.38058, -478.99, -76.8324
5.15714, -302.925, -196.239
2.98716, 286.773, 72.7491
5.83983, 285.466, 42.3096
5.44444, 268.025, 156.948
5.01137, -375.058, -170.181
2.75808, -543.786, 208.662
2.6753, -34.473, -358.664
4.41484, -439.775, -421.857
5.55555, 270.462, 135.058
5.06574, 570.323, 506.624
5.98498, 259.495, 72.7821
4.89891, -73.4402, -164.898
3.88323, 223.454, 320.676
6.01685, -293.124, -74.9581
3.67701, 514.782, -11.6449
6.41501, -36.9401, -149.929
6.60589, 56.3923, 456.22
3.21842, -360.79, -229.057
5.75757, -487.566, 542.414
3.87677, 675.592, -478.456
7.26215, -426.789, 540.283
4.58238, -381.62, -253.391
3.03869, -108.504, 10.0555
4.70633, -529.982, 483.315
6.28811, -428.744, -236.105
2.77803, -429.158, -227.266
3.51241, -9.88497, -76.8047
6.82305, 630.871, -577.53
6.52456, -104.828, -108.995
2.78861, -351.18, -397.069
4.40304, -82.4068, -246.033
4.56124, -21.2709, 495.288
2.80071, -104.163, 157.185
7.09746, 489.701, 418.02
3.35398, 516.647, 476.087
6.51634, -542.812, 190.589
3.88599, 269.506, 39.8385
4.44586, 68.6991, 398.227
7.19936, -47.7873, 512.879
6.24573, 31.8925, -126.937
3.44774, -536.204, 522.501
6.89581, 270.076, -17.2898
6.8953, 225.721, -381.774
3.30515, -378.021, -130.921
5.87346, -430.722, -192.798
6.89096, 216.435, 32.7653
6.98262, 240.737, 138.983
3.06535, -161.487, 490.251
5.93789, -225.809, -254.135
3.21651, -286.819, -518.417
3.6901, 310.894, 87.1148
5.64383, 408.201, -18.3192
4.312, 472.505, 284.356
4.64437, 635.363, 269.23
4.91936, -13.218, -379.116
6.20379, 9.3175, -170.659
3.23098, -381.324, 470.215
7.36238, -432.135, -417.339
7.3158, -341.226, -162.156
3.14741, -233.811, 676.513
5.3784, 30.4875, -192.209
4.66439, 12.9264, -104.538
5.50066, -219.827, -147.351
5.85098, -345.701, -238.382
4.5137, 505.25, 536.897
6.46691, 510.22, 388.133
4.89889, -346.313, -205.754
5.72449, 305.984, -67.9697
4.28836, -179.526, 541.946
5.96794, -75.313, -216.055
5.83428, -545.862, -429.021
3.22071, -376.775, 520.296
7.10415, -501.184, 190.823
4.22228, 27.2853, -107.715
6.66824, -48.5648, -237.464
2.74349, 233.467, -373.911
3.27936, -217.321, -237.937
2.55765, 235.328, 157.398
3.94327, 44.0774, 523.764
5.07295, -173.601, -120.159
3.65948, 587.767, 492.463
2.75022, -149.183, -154.627
5.33091, -466.83, -447.846
6.69774, -2.92658, 389.201
4.28763, -429.939, -433.238
4.3452, 81.3333, 415.782
7.22226, 274.512, 112.592
4.72425, -359.527, -211.599
6.82086, 264.56, 100.186
5.82654, -508.214, -450.583
5.79297, 84.8145, 431.928
7.10736, -686.887, 609.231
5.11536, 640.764, -459.186
5.45229, 230.275, -429.454
5.79944, 523.328, 408.887
4.24765, 283.739, 185.201
4.11714, 248.971, 99.8519
7.08984, 34.0374, 483.685
3.08619, 532.97, -568.885
7.31268, 278.642, 3.59281
5.17978, 59.2757, -127.174
5.81447, 508.956, 419.581
5.48362, 515.192, -385.102
6.93363, -464.121, -304.874
6.67999, -488.341, -408.108
6.69339, 281.487, 45.0816
6.85642, -85.9822, 75.1878
2.5002, -398.005, 112.036
4.77274, 201.92, 20.841
4.25696, -546.728, 171.391
5.80713, -226.288, 556.981
6.22234, -555.415, 174.657
3.3821, -155.071, -290.855
7.4621, 621.039, -565.997
5.95466, -551.398, 206.323
6.97862, 247.449, 279.362
3.51579, 249.68, 92.2922
7.2356, -383.165, -196.582
4.88476, 544.794, -420.771
6.78578, 570.686, -532.63
6.41237, -432.028, -446.921
5.70687, 537.006, -514.093
3.14521, -588.528, 40.3708
5.77944, -72.8184, 450.44
3.09199, 22.88, -197.173
3.88793, 59.5302, 437.436
6.65548, -216.465, -134.549
6.14153, -428.385, -576.115
6.74348, -834.811, 36.2288
3.43989, -415.775, -262.557
6.09602, 307.219, -189.252
4.25586, 348.604, 81.6057
3.34555, -570.343, -463.4
4.52383, -60.0908, -440.634
4.20924, 114.241, 531.685
6.67141, 271.798, 68.502
3.9111, 516.176, 402.245
5.16766, -443.387, -438.594
6.25085, 554.358, -479.583
4.62554, -554.299, -261.95
4.66964, -454.227, 470.612
3.03022, 616.446, -543.136
6.4639, -110.557, -292.47
3.91232, -581.618, -319.112
7.14264, -233.245, -102.391
5.37926, 222.127, 145.249
3.4895, 513.201, -279.942
5.99081, 266.132, -371.403
3.07265, 243.306, -405.484
4.22945, 46.2215, 435.668
4.15646, -372.282, -159.681
6.42735, 644.728, -523.247
6.65775, 253.425, 131.664
4.21712, -623.532, 444.534
4.2603, -195.497, 435.913
6.38197, -95.3742, -367.849
6.58658, -96.4208, 483.255
4.26157, -199.516, 8.6108
7.09559, -443.817, -187.533
3.2877, 248.882, 110.549
5.56029, -377.545, 589.689
5.54222, -375.843, 519.767
3.16647, -78.8736, -271.232
3.51409, -428.253, -432.4
4.79457, -523.491, 551.933
3.48759, -367.06, 551.996
6.77118, -504.687, 201.423
6.54562, -220.441, -399.525
2.80131, -536.465, 478.036
6.50584, -568.895, 463.461
5.49597, -125.536, -304.15
7.43182, -504.653, 176.398
2.65919, 34.4684, 507.011
6.8356, 628.369, -579.856
3.69109, 276.456, 89.1366
3.6127, 268.031, 178.268
4.73907, -434.425, -479.14
2.61231, 441.374, 139.657
6.79755, -153.977, -146.358
4.15902, 208.764, 239.097
5.72195, 251.526, -71.5368
7.43521, -454.31, -481.961
5.30162, 262.265, -390.482
4.74553, -362.622, -241.677
5.213, 8.53752, -411.634
2.90797, 403.441, -86.052
3.99606, -344.271, -162.272
6.63964, 521.992, 407.447
6.48936, 431.815, 664.189
5.71048, 109.885, 460.664
4.84105, 206.816, 43.2705
7.15326, -154.058, -291.512
5.08798, -191.754, -145.575
7.42924, 532.235, -402.584
5.94567, -0.460433, -320.358
6.19966, -71.8009, -282.052
3.46323, -548.343, -352.798
6.08881, -264.38, 575.285
6.11146, 352.258, 1.71208
6.49298, 231.852, 58.5525
4.23216, 232.178, -410.771
5.1481, 86.6127, -179.872
3.19001, 388.609, -33.8708
6.73218, -223.521, -148.845
6.32766, 91.155, -388.337
7.5, 538.98, -564.833
4.24891, 474.469, 490.606
5.50367, -432.796, 565.131
3.50808, -274.127, -145.296
6.2385, 168.622, -14.1029
6.49225, 450.041, 84.4424
3.03505, -541.313, 309.329
5.35813, -343.827, -132.367
2.84683, 189.61, -189.037
4.16036, 596.632, 394.77
5.80945, 230.573, -396.211
5.27726, 103.954, -184.091
7.12415, 277.768, 95.026
2.69832, -279.568, -147.02
2.62083, -127.638, -84.6816
4.61923, 331.524, -340.614
4.36987, 253.921, -62.6437
2.93303, -230.187, -88.612
3.05403, -74.0573, 18.4336
5.31992, 236.92, -447.985
7.37269, -142.632, 479.52
3.05066, -1.87291, -413.128
5.99352, 27.3018, 377.02
2.79674, 89.9429, -386.248
4.69755, 389.478, -16.2672
5.24651, 495.577, 519.967
3.45129, 388.522, -497.497
7.36597, 231.871, 14.4291
3.19593, -330.694, -218.473
5.48978, 544.337, -430.977
7.12812, -474.228, 524.559
3.91116, 89.7584, 428.349
6.8307, -129.983, -138.514
6.29598, 12.7139, -266.636
6.10793, 282.047, 177.914
3.34241, -132.824, 157.279
3.32882, 522.978, 310.055
3.39076, -468.749, -227.197
5.87226, 254.208, -426.463
4.83484, -36.1496, -356.137
6.85219, -466.77, -491.655
5.76023, -420.653, -289.863
5.80464, 668.046, 652.952
2.58037, -540.302, -577.15
4.30596, -447.901, -430.634
3.72747, 477.929, 123.355
6.93086, -577.445, -521.363
5.23701, 662.462, 576.723
6.57209, -31.078, -357.517
5.24453, 15.1169, 388.489
4.16156, 281.583, 46.0662
4.40213, 95.4377, -422.161
2.52389, 521.875, 527.618
6.95226, -123.311, -315.727
6.16955, -415.897, 527.093
6.04239, 44.0364, 518.568
5.1278, 30.3555, -190.201
6.41065, 15.2994, -402.403
3.42484, -278.341, -358.857
5.72673, 272.246, 206.816
3.42178, -432.042, -172.383
3.31214, 76.3549, -113.698
2.65594, -278.636, 470.765
7.42716, -100.382, -364.932
4.04559, -282.227, -306.211
4.11075, -292.083, -94.5385
5.51155, 316.071, 144.942
2.89107, -263.949, -411.533
3.93936, 198.05, 5.07471
5.79307, -149.839, -353.63
7.36348, -377.061, -418.455
7.27758, -416.752, -338.739
7.42745, -376.509, -189.459
7.30478, -420.482, -428.531
3.0073, -424.904, 551.233
3.71505, -73.7585, -274.223
6.91151, -65.2656, -168.655
5.28805, 281.837, 178.11
6.7669, 544.967, 434.352
7.49145, -370.753, 461.921
3.99751, -81.1204, -467.976
6.33157, 497.685, 487.181
4.81901, 317.536, 142.678
6.8168, -505.746, -225.702
6.99018, 430.803, -80.1088
7.377, 141.714, -223.195
2.77405, 210.838, 90.7384
6.32605, 597.534, -597.786
5.09219, -476.618, 525.723
3.46574, 376.824, -18.4697
6.98252, 327.674, -428.326
6.38492, -373.838, 241.497
2.75968, 249.373, 135.658
7.47331, -556.822, 527.215
5.93659, -294.344, -349.42
5.94854, 467.865, 464.463
6.57666, -261.27, 422.557
7.05426, -98.2616, -328.479
3.34218, -83.7872, 62.6046
5.24183, -364.579, 420.251
6.53351, -182.757, -124.968
4.17803, 257.678, -417.084
5.53435, -154.912, -139.418
6.59602, -582.883, 206.376
7.3485, 65.1885, -161.447
6.29349, 506.798, 468.28
3.72113, -129.062, -142.902
5.80589, -598.784, 144.517
4.21574, -336.766, -199.153
7.27146, 188.181, -256.975
2.60828, 313.529, 499.189
4.54979, -644.618, 623.22
2.55789, 288.917, -458.895
3.04964, 478.716, 190.682
5.28259, -482.526, 181.114
4.45466, 85.3527, -191.998
7.20539, 48.697, -145.814
2.55572, 248.189, -5.25036
6.22897, -84.875, -381.302
3.84293, 335.963, 76.2796
4.27153, -464.451, -415.649
3.45835, -262.336, 606.343
5.14832, 273.087, 320.914
4.39478, 27.3298, -389.303
3.16407, -115.3, -290.225
4.26563, -152.439, -350.264
4.2497, 643.505, 532.97
7.41084, 351.452, 47.0309
5.25961, -75.8083, -81.3307
4.99918, -127.885, -335.642
3.58531, -544.85, 211.465
4.37311, -122.754, -283.162
6.78251, -430.828, -414.482
6.45578, 522.485, -455.755
3.9204, -343.541, 459.334
5.07645, 308.669, 307.282
6.79238, -185.574, -179.848
7.07844, -362.119, -149.87
7.48941, 21.3583, 388.169
6.53177, 42.1708, -107.97
5.22718, -377.271, -188.502
7.3461, 27.6297, -372.557
5.31931, -559.672, 157.289
4.03031, -319.902, 488.224
5.41853, 611.824, 597.64
2.91197, 135.279, -91.0051
5.47382, 215.142, 126.549
3.31968, -515.095, -408.302
6.46527, -509.226, -379.973
2.95373, 691.463, 367.515
6.3072, -518.172, -289.084
6.83996, -126.613, -157.552
6.40105, -55.541, -339.792
6.61399, 510.143, 516.671
6.70974, 296.163, 59.3791
4.48328, 18.5989, 1.50484
6.508, -73.2884, 19.0171
6.56811, 267.106, 150.212
5.43493, -280.022, -163.924
4.64621, 380.811, -114.604
2.5002, -93.3917, -304.772
5.31153, -422.235, 134.704
6.22632, 280.732, 8.08991
3.89846, 435.991, 205.68
2.93406, -423.795, 554.341
3.5733, 574.118, -490.569
3.93296, -521.42, 514.794
4.86595, -396.763, 477.611
6.95893, 601.463, 621.67
5.91955, 289.125, -366.118
3.54376, 54.8595, -153.769
6.67533, 437.326, -142.86
7.09218, 598.461, 523.326
4.48244, -708.531, -380.066
6.37858, 230.736, 226.392
5.68161, 117.204, -131.265
6.64746, 279.967, 72.878
3.40204, 383.215, -354.838
7.45927, 293.667, -432.906
6.70558, 4.97612, -395.908
4.65177, 461.488, 219.147
4.38589, 370.237, 594.515
2.70802, 288.318, -345.745
6.80715, -503.607, -514.782
6.62116, 555.691, -485.177
6.25052, -121.806, 476.478
3.55801, -201.269, 508.797
4.31029, -296.675, -198.288
4.43545, -348.244, -320.078
7.32918, 509.689, 413.712
6.5872, 45.6012, 509.171
4.5755, 104.542, 328.564
5.83759, 239.544, 80.1075
2.52101, 498.209, 491.491
6.98048, -509.709, 169.215
3.68416, -134.203, 155.558
3.79415, 134.362, -243.176
5.4939, 196.024, -400.146
6.89823, -519.243, 201.778
6.16299, -387.474, -379.033
6.0773, 535.124, 309.554
3.57724, -226.87, 451.988
6.30413, 676.154, -552.156
3.85351, -139.606, -329.951
2.75246, 205.9, 130.921
4.78866, 177.707, -80.2403
2.58759, 369.832, -461.002
3.01129, -8.68929, -138.693
2.639, -203.925, 12.5994
5.65921, -113.383, -318.313
6.34425, 64.1503, -163.338
2.74132, 312.212, -490.465
6.6924, 74.3166, -333.308
6.76899, -326.366, -73.6824
6.57649, -428.931, 578.576
6.85188, 542.968, 307.929
5.27222, -394.163, -159.53
6.12646, -110.312, -146.165
3.20424, -243.396, 429.677
6.6115, 303.378, -336.318
5.51185, 312.556, 49.0149
4.93856, 263.239, -402.704
6.14942, -2.03893, 497.197
4.05164, 584.861, -693.943
3.93925, -409.833, 93.4047
5.45857, -533.349, 475.82
5.34055, 536.704, 441.871
5.41059, -453.649, -309.475
2.84132, -617.234, 268.44
4.34304, -74.3838, -79.4791
6.28475, -474.125, -396.156
6.35297, -539.545, -418.692
4.27217, -405.93, -189.793
5.98913, -25.8964, 400.913
5.08005, -366.145, -186.877
5.94494, 267.981, 56.0142
6.18066, 32.4683, 381.572
2.56231, -185.671, -256.496
7.16549, 354.908, 21.0588
5.37826, 289.267, 44.6479
3.05587, 516.345, 457.994
4.87388, -127.555, -129.23
3.24247, 487.786, 126.918
4.22594, 244, 174.21
7.04476, -525.316, 213.906
4.54571, 138.506, 472.127
5.96642, -325.001, -181.828
3.35865, 229.527, -429.831
6.21715, 528.141, -423.551
4.16319, -353.075, 467.773
4.62157, 216.99, 56.7914
2.79523, -171.829, -125.68
5.09005, 295.45, 165.563
5.94425, 246.558, -425.805
5.01149, -193.409, -147.738
6.56617, 50.0031, -380.026
3.07974, -37.7692, -332.74
5.24841, 248.149, 129.086
5.06046, 299.541, 128.689
6.02649, 488.338, 481.349
5.65083, -203.945, 443.614
4.0207, -19.5019, -361.751
6.74719, 281.192, -1.0768
3.39619, 415.51, 68.4373
2.61737, -405.985, -231.416
4.19467, 256.356, 26.647
3.43818, 273.653, 67.3986
6.60467, -118.658, -70.6794
6.72507, -342.725, -206.841
6.78031, 629.476, -571.076
7.37454, -590.781, 513.098
2.99587, 153.503, -393.542
2.56182, 457.56, 429.458
2.58614, 211.819, 238.099
2.64527, 196.633, 102.905
4.1031, -76.5134, -78.7918
6.17815, 270.903, 80.482
3.14876, 261.016, 174.715
2.5161, -280.604, 272.351
6.91905, -120.38, -345.826
3.70482, 325.068, -428.115
4.38481, -527.511, 471.313
4.44879, 184.326, 21.6199
2.81534, 224.315, 23.2516
7.30792, 79.3959, 422.67
3.75349, 518.709, -255.022
6.85376, -378.458, -206.799
2.85991, -518.081, 257.659
2.70653, -319.899, 536.944
3.46378, 225.067, -438.433
3.86708, -168.083, 234.997
7.4007, -377.946, -448.2
3.60607, 227.62, -393.129
6.43119, -467.663, 379.781
4.42306, 140.042, -265.4
3.78593, 222.924, -425.167
3.91087, -530.087, 196.364
7.33834, 303.179, 29.6319
4.22841, 95.5918, -45.4667
3.45922, -543.012, 336.466
5.05037, -519.907, -166.365
5.21857, -413.592, 507.755
5.72333, -436.646, -401.418
3.89738, -15.0853, 505.181
3.41887, -187.863, -265.364
2.71579, -386.794, 171.205
3.98408, -385.771, -165.803
4.25548, -79.7606, 128.44
7.09372, -388.744, 448.506
5.81225, 343.251, -201.515
5.08041, 512.172, 408.078
4.03763, 232.735, 229.6
3.0007, -52.6107, 68.2263
3.47502, 260.417, -271.977
4.11407, 83.2644, -137.28
5.56182, 338.642, 34.8941
5.13511, 627.399, -476.724
3.45653, 243.145, 105.894
4.7178, -479.977, -481.798
4.48693, -417.275, 427.984
6.28051, -444.093, 470.558
6.6213, 501.414, 394.233
5.51573, -57.0123, -142.24
3.04573, 261.049, -408.65
4.11797, 276.528, -57.1096
5.03403, 309.743, 238.491
4.76521, -448.181, 466.893
4.77315, -108.508, -351.175
4.91125, 588.513, 564.166
5.07896, 228.147, -393.764
4.50207, 11.1317, 410.506
4.22945, 334.388, 299.364
6.64533, 393.782, -5.76978
3.02204, -686.001, -491.283
6.40057, 240.789, 244.628
3.19919, -162.496, -95.9653
2.62171, -440.845, -436.927
6.0664, 258.03, -359.144
7.15538, -115.298, -321.832
7.47667, 282.494, 44.9071
3.86264, -542.963, 175.006
3.6923, -412.329, -238.064
3.87328, 478.153, 460.462
5.70836, -376.584, -382.421
5.17637, 223.908, 91.9427
6.8967, 508.95, -285.662
6.75968, -581.743, -318.557
2.98004, 333.914, 21.4654
4.66818, -653.601, 209.277
3.17045, 122.491, -225.101
5.86802, -108.942, 83.5826
5.34964, -143.342, -339.592
3.66474, -430.246, 526.743
5.50306, 259.767, -388.272
2.6551, -345.17, -275.227
7.08512, 257.104, -161.885
3.82958, 400.737, -16.2014
6.50016, -110.387, -322.159
5.46389, -42.0336, -346.926
5.0822, 216.701, 123.101
5.2567, 194.697, 138.141
3.47225, 255.896, -27.1253
5.36152, 36.742, -518.617
3.81992, 205.71, 317.835
4.41648, -552.558, 478.909
2.73626, -451.96, -264.38
4.22823, 289.137, -460.49
3.61594, 282.054, -358.669
3.81264, -56.6063, -275.772
3.05141, -236.302, -390.571
7.40088, -395.039, -314.286
5.93794, 461.991, 443.535
5.82158, -506.898, -166.232
5.99501, -469.995, -418.444
2.68746, -531.166, -425.976
3.6706, -454.989, -377.355
3.95397, 480.662, 382.375
3.50543, 46.442, -238.679
2.7177, 375.245, -6.95341
2.56571, -264.098, 566.612
6.07297, -313.031, 475.998
6.88348, -528.893, -369.98
5.35088, -507.223, 219.492
6.92743, 562.678, 573.176
5.20042, -433.615, -186.31
3.31357, 600.151, -593.116
3.30492, 570.846, 397.088
7.19182, 247.053, 25.7118
3.45628, 448.518, -472.747
3.15761, -62.4693, -153.367
4.41122, -105.967, -84.7754
6.12674, 315.088, 145.339
2.50651, 568.774, 507.234
4.60222, 116.884, 426.958
5.18984, 264.449, 69.0064
4.86596, -63.4479, 142.794
6.33003, 566.361, 506.537
2.9396, 386.672, -354.042
7.04284, 255.968, 209.641
3.20818, -651.312, -507.135
2.54782, 178.995, 81.3443
2.82267, 340.898, 126.776
4.96742, 257.615, 34.9516
5.40914, 488.079, 492.091
4.03373, -462.725, 481.729
4.57091, 429.799, -75.5349
4.33401, -430.268, -430.113
3.42687, 97.8587, 425.593
2.76788, 214.465, 66.8742
4.47222, 282.488, 17.5322
3.98388, -157.977, -117.719
5.05388, -501.357, 491.813
3.75392, -518.631, 176.804
5.01589, 605.82, 576.99
2.51168, -226.617, 535.11
7.01807, 678.18, -270.495
2.79181, -570.228, -509.446
5.17506, -257.847, 438.39
3.95754, -495.831, 415.689
7.3023, -313.224, -146.813
4.73406, 271.107, 109.894
5.08479, 455.039, 195.433
5.93861, -163.51, -140.579
2.72187, -133.352, -168.475
7.2946, -596.289, 464.61
5.70852, 255.351, 189.395
2.80215, 113.121, -472.956
3.33964, 273.465, 150.255
5.76491, 329.567, 40.5482
6.19864, -548.92, 208.1
3.57011, 468.79, 191.394
4.31441, -192.875, -372.16
6.56981, -439.401, 492.093
5.32057, 497.318, -278.528
7.45886, -29.0961, -381.595
6.5669, -287.242, 52.9978
3.49157, -466.856, 50.8859
2.50003, -10.2138, -483.074
4.62608, 648.27, -461.973
4.07406, 435.62, 232.985
5.56218, 484.448, -502.394
3.83351, -141.641, -303.334
4.39881, -392.287, 0.332654
5.43397, 468.616, 82.5585
5.95636, -210.608, -324.815
7.26736, -104.87, -293.133
4.89785, -336.214, -427.419
3.60319, 234.243, -371.106
5.33741, -474.894, -392.299
6.09873, 217.156, 168.438
4.4953, -360.411, 464.521
3.48326, -440.016, 453.941
6.66971, -602.727, -449.026
5.59561, -506.522, -419.226
7.26866, -133.921, -77.9432
3.23222, 30.518, -184.916
5.38953, -206.793, -303.606
7.26796, -352.449, 491.852
3.62331, 658.848, -449.28
7.25137, -327.42, 479.655
3.07874, 560.872, -444.414
2.58372, 78.0525, -132.624
3.90465, -173.911, -113.48
7.15042, 266.465, 82.2106
3.04796, 662.509, 608.955
6.77266, 57.4908, 486.094
5.68532, -648.061, -385.429
5.63853, 226.628, -392.747
3.80589, 481.768, 379.247
5.13936, -565.763, 239.119
7.16608, -197.407, 447.401
3.98055, 299.382, 24.3528
4.78006, 289.736, 175.987
6.35659, -480.791, -403.567
4.17193, 216.673, 162.885
6.31775, 65.8558, -333.225
6.65892, -54.6207, 367.131
2.64618, -535.159, 479.193
4.31315, 485.361, -93.996
4.16221, 245.38, 140.862
3.17675, -428.69, -220.505
3.00839, -206.279, 585.849
5.11327, -349.969, 522.435
3.52046, -215.654, -239.866
5.00728, -471.988, -313.961
5.1371, 64.4562, 426.706
4.13422, -185.709, -151.271
4.75888, 166.494, -290.649
6.85263, 85.312, 446.139
4.72884, 540.26, 438.986
6.03726, -693.745, -204.672
6.83171, 595.727, -612.181
6.5822, 450.636, 220.407
2.67504, 664.684, 573.243
3.8644, -416.457, -257.859
5.21858, -125.413, -291.724
3.19942, -293.576, -362.425
5.57408, -343.55, -216.471
3.29182, -341.034, -329.216
4.41129, 317.29, 114.422
5.94997, -129.023, 66.9176
3.21128, -283.706, 269.339
5.65284, -554.64, 498.773
3.15973, 60.1806, 442.143
7.13583, -661.435, 205.124
5.53465, -541.351, 442.951
5.50388, -545.688, 170.529
3.33635, 302.349, -344.418
3.301, -611.431, -526.644
5.91628, 342.581, -35.1609
5.1456, -381.601, -204.852
3.65264, 77.9999, 490.812
6.55373, -450.228, -194.827
5.76477, -161.735, -372.62
4.08597, -469.504, -410.668
2.53953, -123.423, -261.451
3.49176, 448.302, 550.581
3.78831, 340.776, 157.894
3.03825, 359.56, -150.019
3.49545, -42.7321, -135.877
6.75079, 764.966, -478.49
6.63912, -417.346, 142.382
6.76813, -500.941, -360.013
5.71027, 6.51098, 488.425
3.6787, 667.145, -486.653
6.80638, -550.745, -186.608
5.4745, 268.322, 25.7628
2.52745, 287.224, -49.7115
6.84925, -442.697, -436.636
7.37729, 269.195, 34.2682
5.59653, 134.141, -19.8941
3.85574, -546.952, -5.15256
7.46973, -193.441, -342.027
4.60751, -429.496, -397.68
4.20537, -484.2, -490.59
4.80717, 169.297, -124.416
4.44822, 120.722, -255.541
4.613, 35.449, 536.628
2.84879, 302.077, 290.916
5.5153, 5.53644, -111.628
7.36114, -71.4023, -13.9318
5.07406, -436.751, -431.944
7.45461, 300.921, 40.1551
5.84906, 352.787, 22.2114
4.01716, -297.78, -233.052
3.47371, 493.987, 414.541
4.0109, -416.946, -260.891
4.93946, -351.458, 586.646
4.72438, 466.46, 546.675
5.7844, 255.684, -398.029
3.74227, -447.706, -431.017
4.72007, 77.7136, 482.155
5.75894, -391.987, -249.677
6.67472, -693.146, 338.705
6.03698, 59.8789, 426.497
4.93928, -445.687, -445.102
6.72039, 331.02, 40.3707
7.00296, -343.805, -164.243
6.33082, -511.021, -405.391
5.29453, 442.083, 584.135
2.70603, 174.147, -14.7563
5.46749, 258.736, 52.8791
2.68674, -280.818, 360.104
4.53488, 269.834, 178.837
2.84243, -597.692, -668.828
7.38558, -381.128, -313.116
2.5956, -392.898, -236.876
6.60363, -214.654, -154.492
5.2195, -478.754, 386.107
5.72828, 516.038, -279.102
3.62934, -148.795, -148.447
2.733, 615.236, -589.358
3.63154, 320.559, -451.022
4.58371, -546.126, 237.122
6.40126, 291.553, -395.351
3.72852, -470.386, 214.589
4.81411, 228.05, 101.176
6.14756, 380.769, 0.681422
5.35237, -478.992, 386.589
5.45997, 584.012, 557.268
4.98425, -588.435, 196.966
3.951, 121.082, -22.5944
4.71107, 56.8891, -156.457
2.53669, 668.31, -631.713
7.41683, 330.433, -198.611
2.52822, -553.959, -75.4019
4.8676, 12.4404, 459.525
5.86497, -118.874, -248.93
