6.27803, -663.817, -613.952
3.5948, 144.733, -202.009
5.89648, 346.128, -676.87
5.09708, -261.501, 719.866
2.76731, -814.049, 643.402
2.53849, 278.098, -47.1722
4.58743, -678.267, -195.689
7.15218, 228.215, 338.639
2.95982, 62.1889, 546.186
6.00595, -182.789, 197.336
3.81226, 573.51, 696.222
4.14117, 434.909, -703.098
7.45519, 335.825, 148.237
7.41275, -530.273, -251.563
5.75759, 331.971, 346.822
6.92354, 224.84, -657.097
6.33247, -119.289, -457.973
3.87453, -539.483, -123.205
4.93259, -521.784, -240.788
2.80282, 751.656, 794.546
5.08146, -87.6276, 608.215
4.96988, 724.337, -467.206
7.23882, -602.032, -468.46
4.42071, -34.8293, -608.435
5.14874, 749.721, -411.299
2.75042, 711.455, 18.9235
6.63909, 443.383, 433.202
5.94228, -635.679, -489.575
6.18112, 241.183, 654.726
6.94286, 771.38, 461.791
4.25508, -329.438, -442.273
6.72991, 214.847, -12.7278
3.84659, 495.577, -77.4599
4.83959, 35.2691, -132.257
3.2686, -638.575, -515.365
2.66527, 512.59, 116.869
7.2768, 44.3263, 71.6323
6.95369, 151.659, 375.174
3.29884, 505.08, 82.6076
3.15214, 374.272, -525.927
2.515, -420.98, -690.49
6.0491, -635.388, -221.041
3.40448, -428.27, 649.233
5.76029, 662.789, -294.637
4.42907, 373.221, -600.431
3.23766, 33.0955, -207.308
5.45054, 560.979, -3.08924
3.24076, 93.3792, 675.127
3.2091, -146.652, 725.834
4.94257, -397.727, 38.6394
3.13015, 678.932, -35.1869
5.64635, -278.559, -451.593
5.60817, 238.988, -503.105
4.88216, -466.466, 552.819
2.64188, -389.752, -143.41
3.21011, 69.5533, 611.601
3.15594, -211.405, 747.252
3.31099, -768.907, 668.177
3.76529, -171.91, -617.606
4.77654, 469.492, -685.241
6.54472, -41.6402, -235.283
3.57624, 243.982, 667.002
3.75063, 651.703, 346.913
5.02978, -55.2337, 645.497
6.27922, 504.878, 99.8934
5.66369, 700.806, -44.1453
5.9449, 544.098, -99.0486
7.27207, 747.109, 431.422
5.18713, -471.574, 562.687
4.57014, -566.658, -104.864
4.70019, 503.184, 118.655
6.07821, 607.17, 413.428
6.20858, 307.828, 383.435
5.12494, 687.056, -816.147
6.06711, -650.965, -135.693
5.91025, 333.752, 25.0391
6.82941, 751.222, -479.952
3.19597, -74.2429, 615.64
3.57766, 746.921, -171.715
5.0733, -262.763, -162.42
4.83766, 26.0315, 556.282
3.55759, -254.198, 598.477
5.65244, -611.585, 774.654
2.5044, -716.106, 231.68
4.09589, 287.949, 411.865
5.90281, 283.991, 19.0645
6.0446, 550.459, -466.272
2.90869, -701.775, 529.193
3.56926, 294.1, 415.36
4.44412, -684.147, -605.397
4.44927, 746.285, 732.735
3.92018, 281.479, -453.893
4.6123, 470.925, 430.227
2.55658, -664.137, -538.508
3.72027, 770.379, -691.792
4.49072, -655.685, 569.199
6.64177, -763.801, 252.013
3.78584, 771.157, -647.274
3.59705, -602.507, -524.342
6.47385, 311.126, 346.711
5.8476, 369.194, 345.348
5.49108, -687.272, 227.951
5.99917, -287.81, -467.025
5.13062, 482.413, -666.069
4.14833, 271.725, 109.693
3.30844, -831.743, 261.208
6.56633, 536.289, 3.49103
4.08004, 258.501, 175.595
4.05369, -65.2624, -630.608
4.65424, 33.0419, 58.6028
4.46509, -152.598, -568.168
4.43916, -15.2994, -195.079
4.34871, -538.092, -440.696
5.88118, 278.224, -458.207
6.10384, 277.689, -26.9084
7.20082, 10.4476, 719.519
5.08573, -164.64, -435.592
5.5282, -158.77, 234.429
5.85049, -576.22, 763.474
5.11404, 56.2754, -104.761
3.87105, -728.198, 574.462
7.08924, 197.966, 319.094
3.73367, 746.324, -444.073
4.77876, 282.979, 381.964
3.30374, -753.561, 602.242
4.68319, 185.331, 253.349
7.45767, 303.131, 161.438
6.26931, -342.493, 380.688
4.97846, -635.142, -555.823
7.01651, -617.544, -594.57
4.68213, 479.181, 440.861
5.09239, 89.0947, -680.332
4.44866, 145.763, -576.473
5.63431, -180.605, -354.358
5.19331, 325.325, 196.673
4.35955, 518.076, -450.793
2.54674, -262.019, 277.29
6.3794, 28.0554, -620.024
2.85317, -707.978, -542.476
3.98511, 371.96, -624.63
4.78581, -73.0739, -621
3.25156, -97.3948, -24.6213
5.97819, 538.218, -379.878
4.15587, 336.87, 152.8
5.21197, 772.829, -735.782
2.64678, 667.07, -835.634
5.38086, 64.7197, -201.119
5.18133, 225.648, 364.007
7.36678, -674.609, -684.234
5.57063, -254.709, -461.738
5.26431, -718.355, 223.16
6.69051, -238.989, 708.924
3.75764, -489.727, 642.994
6.98957, 485.449, -86.6631
5.97428, 489.536, -438.868
5.82752, -434.612, -92.6591
3.06838, -607.078, -513.131
3.37987, -691.688, 236.211
2.91253, -92.1537, 112.744
6.68103, -107.052, 276.492
2.64818, 730.329, -708.051
6.34719, -34.1345, -606.329
4.29829, -431.327, 673.944
6.24626, 59.4093, 475.895
6.28385, 310.288, 107.231
3.60834, -456.629, -673.418
5.58305, 268.516, 115.512
3.66846, -355.719, -188.433
6.22052, -696.786, 193.452
5.80997, -647.141, -522.703
4.9209, 780.56, -623.697
2.58972, 738.943, 97.353
4.98291, 300.178, 150.303
5.09587, 78.7223, -596.913
4.71395, -719.115, 391.456
4.14528, -65.18, 725.836
3.52671, 409.145, -67.7622
7.19863, -136.946, -426.727
2.85168, -530.992, 667.336
3.30042, 82.3828, -631.155
6.70788, -558.285, -74.5094
4.13614, -217.238, -183.077
6.85942, 206.688, 308.082
5.99896, 571.076, 504.022
5.52801, 734.463, -142.093
4.77536, 92.7475, -147.646
2.91543, -447.522, -192.091
3.94883, 56.9358, -138.515
6.51009, -708.727, -560.938
6.81821, 280.132, -31.9522
3.81831, 305.953, -482.472
4.79881, -650.653, -211.995
4.95672, 504.296, -426.65
5.82344, -441.565, -697.76
7.31738, -535.507, -190.472
7.23022, 471.247, -662.281
2.81902, 260.982, -518.839
5.04829, -496.157, -257.615
6.13222, 710.153, 482.89
5.65882, 423.429, -209.724
3.26658, -790.997, -799.235
5.09652, -716.805, 385.547
3.52281, -426.353, 610.043
6.03231, 376.941, -719.963
6.05786, -402.374, -124.153
3.66304, -345.347, -190.178
6.80594, 136.153, -247.714
2.67122, 1.20794, 722.912
6.26587, -684.124, 241.083
4.14789, 519.859, 116.831
4.65309, -54.6433, -379.43
7.33455, 664.836, -110.337
4.05803, 665.438, 592.875
5.69762, 765.416, -562.301
5.95386, 683.241, -43.4803
5.36403, 47.0825, 554.627
6.60667, 782.093, -598.603
4.21807, -646.86, -520.706
5.09387, -653.696, -523.959
6.78438, 93.2156, -696.377
6.18587, 291.058, 5.87576
3.45992, -674.907, 176.811
2.83145, -299.38, 294.786
3.60828, 765.603, -651.221
3.33656, -12.2674, -194.176
6.31172, 346.042, -673.016
5.44905, -721.078, 249.521
4.65223, 796.884, 755.801
7.09618, 572.997, 4.18343
5.09668, 363.054, 176.315
7.38058, -583.675, -51.7213
5.15714, -374.592, 23.3287
2.98716, 339.117, 132.584
5.83983, 309.546, 98.6043
5.44444, 240.541, 15.8916
5.01137, -566.375, -102.733
2.75808, -706.204, 173.848
2.6753, -131.619, -163.133
4.41484, -647.609, -466.827
5.55555, 276.692, 119.584
5.06574, 591.646, 735.337
5.98498, 288.609, -10.125
4.89891, 6.70966, -111.228
3.88323, 87.0922, 404.286
6.01685, -390.297, 113.702
3.67701, 684.304, -46.0442
6.41501, -3.22731, -176.845
6.60589, 216.028, 629.622
3.21842, -449.273, -29.6611
5.75757, -435.726, 671.369
3.87677, 846.988, -713.88
7.26215, -474.459, 570.558
4.58238, -595.477, -83.607
3.03869, -125.867, 259.504
4.70633, -724.272, 483.086
6.28811, -406.776, -194.383
2.77803, -420.529, -229.206
3.51241, -11.8026, 48.541
6.82305, 750.796, -642.627
6.52456, -180.003, -71.9101
2.78861, -686.974, -527.295
4.40304, -56.0053, -635.272
4.56124, 26.7824, 614.666
2.80071, -251.542, 271.616
7.09746, 672.75, 558.425
3.35398, 568.002, 715.755
6.51634, -707.755, 225.16
3.88599, 582.912, 20.834
4.44586, 141.86, 722.286
7.19936, 22.1195, 617.475
6.24573, 71.9663, -205.972
3.44774, -371.951, 648.641
6.89581, 285.359, 430.777
6.8953, 342.366, -698.88
3.30515, -668.805, -194.03
5.87346, -618.895, -204.575
6.89096, 481.48, 114.139
6.98262, 308.81, 415.415
3.06535, -88.7076, 616.31
5.93789, -174.334, -247.573
3.21651, -684.288, -512.312
3.6901, 265.939, -2.22609
5.64383, 725.379, -146.691
4.312, 651.714, 346.378
4.64437, 657.415, 548.369
4.91936, -37.1082, -605.292
6.20379, 94.8636, -173.118
3.23098, -445.076, 580.924
7.36238, -682.699, -546.08
7.3158, -532.228, -242.851
3.14741, -363.384, 598.236
5.3784, -209.288, -443.201
4.66439, 84.6956, -191.786
5.50066, -242.742, -232.522
5.85098, -555.813, -107.859
4.5137, 425.102, 809.264
6.46691, 679.977, 528.914
4.89889, -656.196, -193.73
5.72449, 336.198, 222.31
4.28836, -249.906, 612.83
5.96794, -246.851, -226.029
5.83428, -429.302, -568.557
3.22071, -460.373, 559.29
7.10415, -674.002, 226.616
4.22228, -19.3539, -201.092
6.66824, -312.845, -470.814
2.74349, 310.156, -553.647
3.27936, -271.767, -85.6104
2.55765, 285.141, 419.987
3.94327, 45.1049, 544.968
5.07295, -288.982, -161.466
3.65948, 629.052, 426.441
2.75022, -222.786, -32.6836
5.33091, -619.743, -585.979
6.69774, 2.08742, 660.414
4.28763, -609.019, -517.332
4.3452, 155.718, 753.346
7.22226, 298.363, 22.7456
4.72425, -668.38, -216.646
6.82086, 302.64, 232.359
5.82654, -659.921, -499.252
5.79297, 120.478, 566.215
7.10736, -821.491, 813.017
5.11536, 799.757, -717.195
5.45229, 377.552, -422.75
5.79944, 636.406, 548.747
4.24765, 275.365, 411.912
4.11714, 262.34, -3.63218
7.08984, -23.834, 629.765
3.08619, 681.626, -528.747
7.31268, 555.042, -76.8772
5.17978, 47.4601, -211.837
5.81447, 675.251, 551.608
5.48362, 729.883, -452.706
6.93363, -517.352, -613.613
6.67999, -648.526, -493.044
6.69339, 270.919, 119.047
6.85642, -140.6, 236.456
2.5002, -775.268, 262.051
4.77274, 389.401, 209.048
4.25696, -713.621, 229.596
5.80713, -225.499, 612.489
6.22234, -693.112, 213.958
3.3821, -120.658, -433.13
7.4621, 777.886, -660.847
5.95466, -711.127, 224.751
6.97862, 286.652, 3.63951
3.51579, 273.411, 45.6395
7.2356, -441.948, -188.558
4.88476, 750.51, -446.233
6.78578, 732.681, -580.504
6.41237, -642.085, -544.833
5.70687, 787.489, -722.867
3.14521, -693.77, 258.377
5.77944, -71.3622, 593.231
3.09199, 74.2525, -59.9425
3.88793, 251.133, 666.311
6.65548, -237.786, -228.819
6.14153, -604.364, -458.84
6.74348, -655.873, 244.865
3.43989, -677.719, -664.124
6.09602, 438.159, -301.09
4.25586, 219.396, 256.36
3.34555, -438.346, -572.624
4.52383, 176.587, -585.5
4.20924, 134.405, 663.644
6.67141, 285.358, 19.2302
3.9111, 666.671, 529.072
5.16766, -639.912, -516.777
6.25085, 773.768, -760.634
4.62554, -590.066, -554.988
4.66964, -425.335, 631.384
3.03022, 759.889, -844.024
6.4639, -126.972, -395.647
3.91232, -682.197, -573.667
7.14264, -354.101, -192.622
5.37926, 269.94, 416.809
3.4895, 663.104, -300.967
5.99081, 394.206, -609.322
3.07265, 328.813, -644.519
4.22945, 236.876, 670.075
4.15646, -538.256, -247.42
6.42735, 802.398, -703.723
6.65775, 404.204, -136.631
4.21712, -678.718, 674.561
4.2603, -218.977, 712.405
6.38197, 53.3131, -608.705
6.58658, -33.6339, 662.61
4.26157, -243.645, 201.338
7.09559, -391.876, -196.476
3.2877, 380.737, 135.183
5.56029, -421.698, 570.551
5.54222, -459.612, 558.937
3.16647, -180.295, -557.648
3.51409, -620.327, -517.172
4.79457, -675.706, 544.962
3.48759, -443.126, 627.766
6.77118, -710.447, 246.82
6.54562, -669.077, -530.798
2.80131, -746.015, 635.831
6.50584, -670.885, 556.773
5.49597, -127.199, -420.84
7.43182, -683.22, 217.927
2.65919, -46.8183, 598.882
6.8356, 750.537, -650.004
3.69109, 532.506, 241.058
3.6127, 213.129, 333.413
4.73907, -641.157, -539.34
2.61231, 789.621, -40.0959
6.79755, -228.674, -36.7997
4.15902, 295.559, 344.532
5.72195, 302.748, 241.17
7.43521, -627.367, -566.6
5.30162, 273.688, -491.166
4.74553, -637.659, -155.556
5.213, 50.571, -599.053
2.90797, 670.875, -123.304
3.99606, -663.215, -196.262
6.63964, 655.979, 546.841
6.48936, 467.468, 755.947
5.71048, -40.398, 700.625
4.84105, 500.639, 213.273
7.15326, -125.373, -423.59
5.08798, -217.636, -27.1735
7.42924, 772.681, -407.921
5.94567, 7.01412, -572.505
6.19966, -153.012, -429.749
3.46323, -441.336, -721.882
6.08881, -480.31, 553.051
6.11146, 541.375, -90.8503
6.49298, 292.509, 111.096
4.23216, 234.265, -768.024
5.1481, 84.0591, -183.289
3.19001, 643.805, -250.525
6.73218, -231.847, -223.667
6.32766, -29.1426, -598.376
7.5, 691.909, -509.743
4.24891, 481.741, 812.803
5.50367, -422.198, 695.763
3.50808, -423.789, -8.09327
6.2385, 57.7186, 60.8262
6.49225, 714.38, 187.276
3.03505, -646.388, 120.413
5.35813, -407.348, -7.91856
2.84683, 279.783, -311.818
4.16036, 726.665, 577.923
5.80945, 324.694, -598.836
5.27726, -13.461, -177.104
7.12415, 216.426, 3.6856
2.69832, -390.604, 56.1306
2.62083, -204.022, 90.0859
4.61923, 245.712, -525.24
4.36987, 303.773, 132.157
2.93303, -245.031, -212.28
3.05403, -62.7229, 156.457
5.31992, 301.762, -377.857
7.37269, -26.614, 649.768
3.05066, -29.5223, -611.935
5.99352, 149.154, 682.395
2.79674, -15.2179, -572.256
4.69755, 714.132, -61.0566
5.24651, 797.738, 639.408
3.45129, 574.478, -643.818
7.36597, 319.304, 225.121
3.19593, -561.492, -72.5845
5.48978, 744.025, -443.239
7.12812, -763.591, 666.976
3.91116, 6.1546, 715.067
6.8307, -119.584, -118.242
6.29598, -88.7261, -384.335
6.10793, 299.861, 388.028
3.34241, -271.208, 274.337
3.32882, 725.5, 357.071
3.39076, -629.893, -740.684
5.87226, 296.41, -452.223
4.83484, -136.468, -169.057
6.85219, -651.106, -365.418
5.76023, -597.866, -76.5135
5.80464, 775.264, 734.118
2.58037, -556.636, -491.653
4.30596, -660.591, -521.229
3.72747, 684.972, 106.928
6.93086, -792.555, -759.469
5.23701, 739.521, 792.561
6.57209, -31.052, -634.402
5.24453, 136.529, 679.851
4.16156, 406.736, -39.5084
4.40213, -66.0514, -572.134
2.52389, 690.199, 514.108
6.95226, -151.101, -445.786
6.16955, -437.083, 609.035
6.04239, -29.9951, 632.522
5.1278, 56.7864, -130.907
6.41065, -22.2751, -609.7
3.42484, -380.673, -391.989
5.72673, 218.8, 403.32
3.42178, -465.603, -232.119
3.31214, 46.7824, -156.624
2.65594, -233.693, 730.994
7.42716, 41.0566, -619.995
4.04559, -250.618, -483.043
4.11075, -485.454, -229.673
5.51155, 237.492, -97.824
2.89107, -276.191, -725.742
3.93936, 42.9747, 68.4961
5.79307, -185.615, -442.969
7.36348, -720.2, -360.729
7.27758, -362.601, -608.942
7.42745, -496.116, -226.112
7.30478, -655.741, -513.793
3.0073, -421.273, 598.922
3.71505, -163.414, -440.486
6.91151, 95.5109, -201.171
5.28805, 308.471, 413.128
6.7669, 627.81, 577.182
7.49145, -419.24, 607.964
3.99751, -150.338, -566.187
6.33157, 770.45, 457.291
4.81901, 222.713, -102.192
6.8168, -604.909, -588.957
6.99018, 700.641, -53.7111
7.377, 194.853, -368.126
2.77405, 483.274, 112.724
6.32605, 807.252, -709.142
5.09219, -755.139, 622.839
3.46574, 732.099, -121.4
6.98252, 266.774, -541.334
6.38492, -763.045, 186.466
2.75968, 327.789, 490.85
7.47331, -761.454, 663.024
5.93659, -121.299, -404.949
5.94854, 774.977, 457.685
6.57666, -470.952, 661.312
7.05426, -150.487, -426.072
3.34218, -140.061, 231.416
5.24183, -465.57, 642.804
6.53351, -367.426, -186.699
4.17803, 287.41, -458.747
5.53435, -96.2758, -19.492
6.59602, -628.871, 206.414
7.3485, 43.3328, -168.872
6.29349, 595.277, 482.24
3.72113, -125.184, -120.782
5.80589, -571.786, 308.473
4.21574, -551.37, -248.116
7.27146, 294.226, -325.997
2.60828, 635.871, 599.439
4.54979, -834.366, 806.407
2.55789, 480.808, -614.703
3.04964, 704.107, 245.911
5.28259, -747.407, 188.213
4.45466, 30.7958, -142.325
7.20539, -11.2948, -183.139
2.55572, 193.702, 386.859
6.22897, -137.629, -372.456
3.84293, 255.797, 115.186
4.27153, -602.211, -599.919
3.45835, -341.486, 658.445
5.14832, 261.482, 75.8119
4.39478, -5.84395, -616.747
3.16407, -108.925, -661.623
4.26563, -182.163, -442.898
4.2497, 756.477, 766.075
7.41084, 499.947, -99.3198
5.25961, 100.576, -212.737
4.99918, 20.5576, -627.166
3.58531, -707.578, 221.692
4.37311, -74.9045, -368.153
6.78251, -644.221, -544.84
6.45578, 770.799, -398
3.9204, -529.539, 668.226
5.07645, 273.187, 235.256
6.79238, -235.296, -12.8899
7.07844, -625.208, -274.43
7.48941, 99.5809, 681.775
6.53177, -15.0593, -185.219
5.22718, -704.89, -224.572
7.3461, 54.5413, -614.197
5.31931, -546.164, 342.125
4.03031, -410.295, 643.784
5.41853, 713.848, 737.012
2.91197, 40.1294, -181.024
5.47382, 299.841, 446.072
3.31968, -671.595, -527.906
6.46527, -644.141, -554.011
2.95373, 621.818, 557.328
6.3072, -511.934, -620.653
6.83996, -210.92, -25.213
6.40105, 67.7465, -381.072
6.61399, 705.378, 716.541
6.70974, 258.123, 477.603
4.48328, 264.072, 110.717
6.508, -90.8733, 110.453
6.56811, 263.015, 13.091
5.43493, -393.449, 27.1533
4.64621, 699.383, -57.6428
2.5002, -89.935, -401.379
5.31153, -775.903, 259.253
6.22632, 325.929, 182.075
3.89846, 712.921, 207.743
2.93406, -737.337, 495.282
3.5733, 788.668, -701.406
3.93296, -452.085, 676.76
4.86595, -388.998, 436.316
6.95893, 745.508, 722.125
5.91955, 447.896, -411.511
3.54376, 41.335, -214.914
6.67533, 748.402, -69.3219
7.09218, 799.77, 790.178
4.48244, -521.228, -642.213
6.37858, 441.678, 429.329
5.68161, -66.0479, -82.9719
6.64746, 334.366, 143.176
3.40204, 490.737, -414.342
7.45927, 484.301, -641.302
6.70558, -62.9014, -626.909
4.65177, 729.834, 229.049
4.38589, 491.315, 776.357
2.70802, 455.045, -418.814
6.80715, -555.062, -428.052
6.62116, 766.965, -756.355
6.25052, -82.2934, 617.101
3.55801, -211.571, 706.655
4.31029, -712.995, -214.304
4.43545, -689.758, -605.284
7.32918, 609.643, 552.933
6.5872, -32.1009, 601.044
4.5755, -11.5995, 389.898
5.83759, 271.469, 92.4348
2.52101, 476.56, 805.34
6.98048, -722.107, 223.344
3.68416, -268.507, 277.105
3.79415, 273.19, -225.95
5.4939, 348.073, -602.591
6.89823, -714.829, 257.161
6.16299, -688.392, -482.72
6.0773, 618.195, 577.586
3.57724, -473.799, 547.134
6.30413, 701.001, -791.771
3.85351, -123.577, -415.27
2.75246, 468.342, 186.774
4.78866, 323.61, 225.641
2.58759, 443.428, -574.844
3.01129, 68.5178, -176.735
2.639, -237.807, 199.233
5.65921, -320.433, -459.68
6.34425, 68.4237, -185.787
2.74132, 497.119, -593.705
6.6924, -36.1616, -635.01
6.76899, -212.624, -176.175
6.57649, -470.175, 564.328
6.85188, 725.536, 342.568
5.27222, -515.4, -207.019
6.12646, -255.486, -22.2354
3.20424, -486.686, 639.799
6.6115, 456.188, -420.149
5.51185, 505.258, -89.003
4.93856, 438.507, -714.146
6.14942, -164.425, 667.033
4.05164, 786.22, -621.704
3.93925, -724.309, 249.598
5.45857, -739.184, 660.643
5.34055, 528.155, 680.806
5.41059, -624.876, -577.193
2.84132, -766.571, 177.029
4.34304, 95.6465, -211.993
6.28475, -626.127, -568.97
6.35297, -443.418, -706.581
4.27217, -403.897, -215.704
5.98913, 114.385, 689.736
5.08005, -497.868, -229.268
5.94494, 229.901, 112.472
6.18066, -40.1196, 696.588
2.56231, -279.898, -515.331
7.16549, 494.223, -102.724
5.37826, 299.411, 119.267
3.05587, 490.64, 725.44
4.87388, -103.64, -34.6392
3.24247, 357.268, 164.296
4.22594, 211.298, 361.672
7.04476, -700.733, 206.603
4.54571, 63.3124, 483.51
5.96642, -625.442, -80.4646
3.35865, 382.437, -639.763
6.21715, 716.594, -461.668
4.16319, -442.651, 620.097
4.62157, 485.972, 238.472
2.79523, -250.627, -20.0718
5.09005, 211.253, -100.551
5.94425, 346.54, -481.983
5.01149, -225.31, -27.4936
6.56617, -136.156, -623.425
3.07974, 127.266, -715.683
5.24841, 307.685, 415.595
5.06046, 268.972, 14.3882
6.02649, 764.619, 425.911
5.65083, -239.019, 720.9
4.0207, 17.4472, -628.971
6.74719, 320.918, 179.207
3.39619, 548.425, -9.98912
2.61737, -429.751, -95.441
4.19467, 538.819, -17.2481
3.43818, 282.408, 18.4295
6.60467, -216.491, 78.6379
6.72507, -661.899, -191.865
6.78031, 778.239, -651.791
7.37454, -757.05, 602.682
2.99587, 344.544, -422.47
2.56182, 593.926, 527.922
2.58614, 294.609, 342.558
2.64527, 282.2, 99.9607
4.1031, 103.875, -213.641
6.17815, 528.759, 254.443
3.14876, 239.189, 352.142
2.5161, -342.415, 382.381
6.91905, 61.6586, -642.677
3.70482, 271.792, -537.198
4.38481, -758.056, 657.881
4.44879, 476.893, 171.669
2.81534, 537.562, 248.693
7.30792, 165.352, 644.172
3.75349, 711.953, -296.259
6.85376, -574.915, -81.4743
2.85991, -729.445, 250.152
2.70653, -434.711, 498.942
3.46378, 284.614, -482.624
3.86708, -271.207, 311.158
7.4007, -748.299, -339.009
3.60607, 318.455, -447.97
6.43119, -764.595, 679.738
4.42306, 206.894, -330.36
3.78593, 347.144, -618.899
3.91087, -734.268, 230.563
7.33834, 624.79, -15.3102
4.22841, 518.878, 111.449
3.45922, -668.964, 595.6
5.05037, -529.6, -274.032
5.21857, -415.501, 637.742
5.72333, -659.327, -524.946
3.89738, -90.0433, 621.518
3.41887, -276.426, -498.953
2.71579, -711.936, 264.831
3.98408, -519.812, -218.616
4.25548, -219.683, 126.334
7.09372, -456.693, 576.318
5.81225, 456.251, -273.096
5.08041, 650.082, 555.933
4.03763, 411.865, 436.11
3.0007, -180.993, 122.83
3.47502, 298.545, -718.473
4.11407, 139.28, -179.069
5.56182, 716.146, 106.053
5.13511, 796.242, -771.545
3.45653, 342.832, 270.293
4.7178, -590.911, -488.64
4.48693, -454.33, 661.376
6.28051, -588.88, 690.36
6.6213, 660.765, 558.69
5.51573, 20.9214, -319.21
3.04573, 392.896, -603.482
4.11797, 365.735, -179.234
5.03403, 100.341, 258.152
4.76521, -472.304, 662.121
4.77315, -101.169, -458.78
4.91125, 801.51, 800.375
5.07896, 356.68, -592.344
4.50207, 115.219, 701.584
4.22945, 648.223, 323.508
6.64533, 722.564, -142.811
3.02204, -566.098, -539.651
6.40057, 426.778, 457.163
3.19919, -252.781, -191.628
2.62171, -615.913, -519.909
6.0664, 371.722, -563.05
7.15538, 74.6136, -625.036
7.47667, 305.137, 77.5754
3.86264, -689.416, 196.517
3.6923, -437.564, -227.031
3.87328, 629.79, 524.292
5.70836, -683.408, -555.034
5.17637, 254.623, 112.424
6.8967, 671.592, -322.116
6.75968, -592.957, -574.852
2.98004, 608.205, -4.55922
4.66818, -698.243, 198.216
3.17045, -42.4684, -633.996
5.86802, -148.876, 241.876
5.34964, -85.5997, -373.985
3.66474, -411.732, 696.049
5.50306, 261.546, -514.486
2.6551, -515.17, -36.1564
7.08512, 427.916, -276.993
3.82958, 763.354, -160.328
6.50016, -121.005, -411.124
5.46389, 72.5465, -648.476
5.0822, 303.77, 449.666
5.2567, 300.719, 452.277
3.47225, 412.913, -181.133
5.36152, 102.199, -714.484
3.81992, 205.393, 302.669
4.41648, -745.652, 493.371
2.73626, -603.023, -658.277
4.22823, 480.736, -616.221
3.61594, 534.352, -394.446
3.81264, -75.5338, -648.661
3.05141, -368.005, -460.144
7.40088, -638.672, -87.1657
5.93794, 679.523, 545.434
5.82158, -529.691, -270.097
5.99501, -637.544, -560.037
2.68746, -681.237, -542.696
3.6706, -619.009, -543.819
3.95397, 710.552, 541.41
3.50543, 94.1301, -136.479
2.7177, 321.934, 164.452
2.56571, -371.166, 654.579
6.07297, -488.335, 677.015
6.88348, -630.974, -566.48
5.35088, -705.025, 365.397
6.92743, 802.988, 747.759
5.20042, -401.19, -212.796
3.31357, 843.873, -735.677
3.30492, 856.038, 443.116
7.19182, 309.007, 250.813
3.45628, 525.046, -642.279
3.15761, 102.079, -168.396
4.41122, -188.93, -87.0169
6.12674, 236.637, -97.1846
2.50651, 591.074, 735.114
4.60222, -60.2708, 638.855
5.18984, 230.832, -65.3306
4.86596, -179.955, 225.009
6.33003, 596.143, 732.314
2.9396, 494.387, -420.078
7.04284, 216.578, 252.556
3.20818, -618.029, -489.162
2.54782, 275.267, 10.5232
2.82267, 320.879, 393.57
4.96742, 330.199, 178.967
5.40914, 504.198, 776.851
4.03373, -724.054, 529.615
4.57091, 699.821, -65.4231
4.33401, -625.737, -501.166
3.42687, 130.68, 567.205
2.76788, 511.809, 118.954
4.47222, 418.797, -72.7357
3.98388, -305.388, -214.811
5.05388, -378.614, 640.455
3.75392, -695.787, 230.787
5.01589, 787.608, 796.473
2.51168, -60.7498, 599.944
7.01807, 772.257, -420.275
2.79181, -790.245, -747.394
5.17506, -473.895, 654.126
3.95754, -384.116, 678.032
7.3023, -672.48, -195.767
4.73406, 298.054, 25.9657
5.08479, 723.833, 211.831
5.93861, -249.47, -60.0842
2.72187, -137.956, -40.3865
7.2946, -692.509, 519.154
5.70852, 310.296, 199.955
2.80215, 304.168, -610.002
3.33964, 199.044, 277.116
5.76491, 384.649, -115.428
6.19864, -748.748, 265.608
3.57011, 731.005, 200.12
4.31441, 84.0724, -604.656
6.56981, -581.002, 779.327
5.32057, 715.425, -382.319
7.45886, -40.9334, -599.615
6.5669, -714.986, 222.912
3.49157, -766.809, 5.56206
2.50003, -58.0878, -633.404
4.62608, 789.915, -692.82
4.07406, 713.091, 212.534
5.56218, 556.576, -758.019
3.83351, -156.609, -511.532
4.39881, -607.725, -36.484
5.43397, 724.799, 195.853
5.95636, -193.831, -495.288
7.26736, -285.815, -510.222
4.89785, -321.234, -732.604
3.60319, 342.784, -604.833
5.33741, -617.059, -530.296
6.09873, 310.031, 104.355
4.4953, -466.763, 553.661
3.48326, -608.836, 778.575
6.66971, -605.178, -525.861
5.59561, -442.279, -712.082
7.26866, -220.076, 95.3199
3.23222, 54.0714, -130.597
5.38953, -179.592, -414.611
7.26796, -474.614, 569.869
3.62331, 697.377, -804.11
7.25137, -461.253, 659.975
3.07874, 719.977, -434.555
2.58372, 41.9532, -186.439
3.90465, -288.834, -158.887
7.15042, 501.5, 144.036
3.04796, 737.321, 737.563
6.77266, 31.707, 555.245
5.68532, -553.361, -560.567
5.63853, 343.917, -609.846
3.80589, 710.961, 545.222
5.13936, -712.944, 129.423
7.16608, -218.959, 727.774
3.98055, 690.319, 52.8899
4.78006, 215.971, 304.679
6.35659, -648.223, -490.954
4.17193, 295.165, 131.788
6.31775, 118.769, -682.656
6.65892, -101.628, 703.456
2.64618, -739.139, 513.968
4.31315, 617.623, -218.797
4.16221, 312.039, 421.641
3.17675, -460.818, -167.158
3.00839, -217.415, 619.869
5.11327, -514.384, 742.148
3.52046, -14.3705, -413.791
5.00728, -635.285, -559.461
5.1371, -19.4083, 726.694
4.13422, -247.294, -145.262
4.75888, 268.766, -306.036
6.85263, -69.0132, 676.215
4.72884, 524.659, 681.442
6.03726, -536.717, -569.889
6.83171, 781.137, -656.62
6.5822, 747.901, 245.491
2.67504, 764.339, 794.867
3.8644, -541.954, -294.656
5.21858, -322.272, -456.308
3.19942, -638.887, -570.426
5.57408, -647.87, -695.789
3.29182, -627.791, -633.617
4.41129, 174.463, 195.729
5.94997, -122.266, 153.113
3.21128, -341.91, 385.874
5.65284, -764.8, 651.319
3.15973, 136.825, 707.426
7.13583, -697.723, 213.871
5.53465, -720.692, 665.218
5.50388, -726.47, 219.112
3.33635, 455.419, -424.084
3.301, -622.58, -448.207
5.91628, 558.152, 23.296
5.1456, -595.734, -62.6959
3.65264, -51.3633, 642.364
6.55373, -423.421, -86.286
5.76477, -328.375, -445.764
4.08597, -691.64, -552.158
2.53953, -226.297, -627.608
3.49176, 677.259, 527.225
3.78831, 94.1181, 338.784
3.03825, 638.461, -88.3633
3.49545, 103.531, -204.544
6.75079, 843.654, -630.358
6.63912, -722.766, 267.878
6.76813, -675.074, -585.522
5.71027, 188.263, 592.318
3.6787, 705.248, -802.06
6.80638, -549.22, -587.221
5.4745, 93.7972, -215.219
2.52745, 452.143, -50.5951
6.84925, -639.31, -512.067
7.37729, 526.564, 126.031
5.59653, 255.966, -58.5697
3.85574, -704.674, 129.259
7.46973, -130.206, -423.649
4.60751, -648.997, -525.797
4.20537, -621.525, -544.591
4.80717, 244.391, -147.302
4.44822, 195.221, -348.454
4.613, 107.641, 538.005
2.84879, 204.835, 319.254
5.5153, 68.7579, -183.72
7.36114, -77.9778, 122.576
5.07406, -621.064, -513.545
7.45461, 673.689, -124.281
5.84906, 473.369, -86.0509
4.01716, -581.758, -28.3373
3.47371, 667.37, 574.597
4.0109, -685.681, -676.055
4.93946, -385.653, 472.457
4.72438, 490.51, 781.547
5.7844, 374.423, -606.973
3.74227, -661.232, -523.359
4.72007, 46.4388, 480.238
5.75894, -603.032, -73.2687
6.67472, -681.638, 183.536
6.03698, 135.376, 737.379
4.93928, -655.287, -526.594
6.72039, 347.467, -114.952
7.00296, -526.513, -242.389
6.33082, -638.165, -586.728
5.29453, 567.035, 816.058
2.70603, 52.5202, 87.3702
5.46749, 543.346, 139.137
2.68674, -469.226, 665.255
4.53488, 144.01, 371.258
2.84243, -783.012, -829.156
7.38558, -643.572, -690.13
2.5956, -529.191, -254.8
6.60363, -203.788, -181.359
5.2195, -380.54, 677.794
5.72828, 668.248, -276.723
3.62934, -239.259, -18.256
2.733, 750.159, -634.516
3.63154, 253.947, -517.256
4.58371, -652.818, 109.572
6.40126, 217.625, -553.104
3.72852, -717.307, 265.656
4.81411, 504.296, 121.295
6.14756, 695.445, 152.59
5.35237, -373.563, 664.344
5.45997, 807.937, 792.099
4.98425, -686.666, 147.698
3.951, 299.474, 118.065
4.71107, 29.295, -205.593
2.53669, 751.206, -541.15
7.41683, 463.182, -272.128
2.52822, -753.092, -168.608
4.8676, -33.6693, 602.108
5.86497, -211.78, -251.189
