6.27803, -685.922, -709.887
3.5948, 101.533, -219.444
5.89648, 357.639, -749.807
5.09708, -258.985, 775.091
2.76731, -865.718, 649.023
2.53849, 299.959, 5.02507
4.58743, -699.427, -180.06
7.15218, 199.815, 349.882
2.95982, 30.3431, 603.72
6.00595, -182.43, 224.292
3.81226, 592.03, 736.04
4.14117, 453.853, -769.812
7.45519, 360.317, 136.957
7.41275, -522.754, -232.282
5.75759, 378.875, 362.594
6.92354, 233.876, -706.22
6.33247, -156.543, -505.013
3.87453, -527.525, -107.457
4.93259, -580.467, -269.686
2.80282, 775.075, 793.63
5.08146, -65.9781, 662.237
4.96988, 786.233, -452.392
7.23882, -610.797, -494.278
4.42071, -41.4665, -666.729
5.14874, 808.63, -429.089
2.75042, 732.841, 18.0172
6.63909, 475.464, 460.898
5.94228, -686.634, -567.4
6.18112, 272.118, 690.723
6.94286, 826.697, 456.799
4.25508, -335.707, -485.856
6.72991, 188.826, -17.4179
3.84659, 525.572, -114.036
4.83959, 76.5511, -133.318
3.2686, -654.429, -495.438
2.66527, 528.746, 125.48
7.2768, 31.9118, 78.9329
6.95369, 130.438, 402.127
3.29884, 542.453, 99.002
3.15214, 401.638, -537.479
2.515, -427.048, -720.981
6.0491, -691.783, -212.553
3.40448, -455.668, 701.333
5.76029, 690.36, -308.602
4.42907, 394.042, -652.635
3.23766, 8.74425, -169.628
5.45054, 596.428, 5.2616
3.24076, 129.993, 729.74
3.2091, -149.515, 791.895
4.94257, -421.034, 69.2979
3.13015, 724.898, -33.0589
5.64635, -289.268, -489.789
5.60817, 247.104, -578.941
4.88216, -496.999, 550.948
2.64188, -401.012, -149.86
3.21011, 28.4955, 632.488
3.15594, -236.927, 763.008
3.31099, -755.963, 666.515
3.76529, -197.869, -672.666
4.77654, 520.642, -702.541
6.54472, -58.6911, -254.544
3.57624, 254.826, 692.428
3.75063, 683.946, 353.299
5.02978, -58.6025, 647.345
6.27922, 543.401, 135.874
5.66369, 754.189, -80.1738
5.9449, 576.546, -101.492
7.27207, 812.712, 422.076
5.18713, -455.602, 580.969
4.57014, -614.918, -56.7817
4.70019, 597.485, 128.809
6.07821, 642.52, 426.187
6.20858, 322.74, 464.031
5.12494, 690.387, -858.467
6.06711, -709.657, -116.537
5.91025, 362.39, 14.4746
6.82941, 780.931, -516.902
3.19597, -38.0294, 664.85
3.57766, 781.493, -185.06
5.0733, -288.846, -148.104
4.83766, -15.2891, 580.534
3.55759, -249.825, 608.612
5.65244, -630.94, 825.852
2.5044, -738.978, 182.496
4.09589, 332.833, 434.879
5.90281, 272.169, -2.96835
6.0446, 582.081, -497.514
2.90869, -706.651, 531.102
3.56926, 268.829, 419.802
4.44412, -735.688, -570.331
4.44927, 778.307, 750.914
3.92018, 325.6, -463.163
4.6123, 472.606, 461.807
2.55658, -649.928, -502.803
3.72027, 786.566, -702.116
4.49072, -665.191, 593.521
6.64177, -739.218, 264.221
3.78584, 771.743, -642.499
3.59705, -671.428, -491.884
6.47385, 312.071, 331.615
5.8476, 404.129, 367.062
5.49108, -776.855, 216.068
5.99917, -320.692, -498.129
5.13062, 499.704, -677.967
4.14833, 276.725, 117.328
3.30844, -823.289, 296.387
6.56633, 602.872, 25.558
4.08004, 320.803, 189.137
4.05369, -25.7855, -696.571
4.65424, 55.7825, 94.7659
4.46509, -141.95, -560.091
4.43916, 33.5255, -183.785
4.34871, -589.025, -458.141
5.88118, 315.08, -471.492
6.10384, 314.411, -26.2007
7.20082, -0.199349, 778.94
5.08573, -92.5411, -442.961
5.5282, -149.754, 265.612
5.85049, -594.083, 804.122
5.11404, 29.815, -110.589
3.87105, -777.923, 586.851
7.08924, 177.839, 310.762
3.73367, 752.682, -443.129
4.77876, 323.91, 458.289
3.30374, -805.384, 606.789
4.68319, 225.337, 262.538
7.45767, 365.303, 150.09
6.26931, -366.885, 378.193
4.97846, -718.723, -567.271
7.01651, -615.84, -639.353
4.68213, 501.969, 446.681
5.09239, 99.677, -771.636
4.44866, 135.538, -620.203
5.63431, -176.414, -395.348
5.19331, 324.105, 202.547
4.35955, 560.134, -454.641
2.54674, -287.882, 297.123
6.3794, 24.9586, -645.082
2.85317, -775.526, -520.823
3.98511, 391.391, -639.423
4.78581, -67.1275, -695.823
3.25156, -88.7113, -17.2821
5.97819, 567.609, -394.816
4.15587, 387.597, 151.811
5.21197, 811.984, -755.092
2.64678, 697.328, -865.06
5.38086, 51.6195, -193.767
5.18133, 237.609, 407.72
7.36678, -708.188, -743.457
5.57063, -267.406, -484.711
5.26431, -676.928, 218.155
6.69051, -232.986, 757.159
3.75764, -463.529, 692.935
6.98957, 530.552, -117.064
5.97428, 509.333, -451.832
5.82752, -434.259, -81.6453
3.06838, -617.015, -576.311
3.37987, -762.761, 171.83
2.91253, -105.45, 129.458
6.68103, -129.359, 281.992
2.64818, 792.918, -711.25
6.34719, -43.3483, -667.759
4.29829, -467.978, 705.24
6.24626, 57.9535, 498.595
6.28385, 307.405, 167.639
3.60834, -479.19, -733.246
5.58305, 252.911, 120.683
3.66846, -409.365, -217.563
6.22052, -695.12, 214.495
5.80997, -725.508, -603.188
4.9209, 812.347, -614.268
2.58972, 787.753, 120.562
4.98291, 365.339, 144.967
5.09587, 43.8986, -674.2
4.71395, -751.975, 421.982
4.14528, -70.801, 777.507
3.52671, 440.521, -77.7579
7.19863, -136.479, -428.348
2.85168, -540.594, 687.701
3.30042, 65.6408, -680.219
6.70788, -614.193, -64.6851
4.13614, -185.141, -201.267
6.85942, 222.904, 333.433
5.99896, 586.978, 495.629
5.52801, 802.053, -159.553
4.77536, 68.925, -145.089
2.91543, -475.509, -183.44
3.94883, 81.2915, -182.908
6.51009, -699.861, -647.679
6.81821, 301.115, -9.98888
3.81831, 311.634, -463.686
4.79881, -671.633, -239.47
4.95672, 500.118, -462.634
5.82344, -444.127, -786.473
7.31738, -567.962, -174.624
7.23022, 506.737, -673.911
2.81902, 251.476, -563.902
5.04829, -548.615, -243.559
6.13222, 715.663, 558.13
5.65882, 456.508, -230.1
3.26658, -819.574, -846.016
5.09652, -753.395, 418.133
3.52281, -453.761, 702.217
6.03231, 362.126, -771.018
6.05786, -429.589, -110.078
3.66304, -418.486, -219.998
6.80594, 121.407, -215.313
2.67122, -9.29171, 778.474
6.26587, -753.574, 173.185
4.14789, 538.676, 128.079
4.65309, -22.5413, -412.945
7.33455, 706.844, -144.73
4.05803, 685.486, 625.701
5.69762, 824.517, -615.75
5.95386, 725.208, -33.7104
5.36403, 51.3138, 594.778
6.60667, 816.069, -617.319
4.21807, -730.049, -593.764
5.09387, -665.137, -595.27
6.78438, 101.361, -746.217
6.18587, 288.738, -38.7997
3.45992, -728.58, 242.673
2.83145, -285.427, 305.235
3.60828, 834.834, -688.989
3.33656, 3.89926, -235.228
6.31172, 358.777, -742.577
5.44905, -738.509, 315.531
4.65223, 809.214, 776.129
7.09618, 574.59, -1.5908
5.09668, 371.208, 170.564
7.38058, -592.763, -81.8915
5.15714, -398.597, 38.7448
2.98716, 313.29, 192.089
5.83983, 287.581, 91.6145
5.44444, 217.766, 2.93307
5.01137, -619.357, -50.0069
2.75808, -722.793, 244.817
2.6753, -165.598, -120.904
4.41484, -642.15, -457.301
5.55555, 222.854, 120.1
5.06574, 588.49, 763.501
5.98498, 336.877, -8.29035
4.89891, 48.6428, -144.535
3.88323, 67.4561, 413.523
6.01685, -406.758, 140.811
3.67701, 718.959, -23.4723
6.41501, 2.04989, -197.265
6.60589, 228.707, 682.465
3.21842, -470.576, -2.39361
5.75757, -457.36, 724.393
3.87677, 843.418, -765.87
7.26215, -461.552, 589.543
4.58238, -625.969, -64.281
3.03869, -124.622, 308.182
4.70633, -742.258, 502.083
6.28811, -399.093, -211.931
2.77803, -410.787, -252.064
3.51241, -7.17298, 55.919
6.82305, 783.884, -663.752
6.52456, -200.024, -78.2825
2.78861, -654.615, -532.254
4.40304, -25.0175, -634.27
4.56124, -3.87789, 646.355
2.80071, -298.229, 311.334
7.09746, 718.596, 545.868
3.35398, 578.955, 759.496
6.51634, -761.925, 203.116
3.88599, 595.987, 22.0471
4.44586, 147.932, 723.699
7.19936, 32.3319, 603.601
6.24573, 126.563, -200.665
3.44774, -379.82, 709.076
6.89581, 347.576, 454.493
6.8953, 365.192, -719.464
3.30515, -695.834, -189.359
5.87346, -691.759, -223.875
6.89096, 561.2, 121.883
6.98262, 280.906, 425.061
3.06535, -70.0413, 652.532
5.93789, -163.794, -241.849
3.21651, -714.111, -612.348
3.6901, 276.852, -8.66168
5.64383, 776.049, -161.756
4.312, 683.132, 355.549
4.64437, 623.565, 602.887
4.91936, -37.9213, -670.306
6.20379, 57.6486, -197.329
3.23098, -397.387, 650.199
7.36238, -712.312, -591.323
7.3158, -514.498, -251.606
3.14741, -420.182, 572.525
5.3784, -233.518, -489.896
4.66439, 89.3299, -185.208
5.50066, -237.313, -245.654
5.85098, -605.275, -74.2536
4.5137, 416.392, 852.758
6.46691, 650.199, 578.71
4.89889, -742.056, -186.162
5.72449, 322.296, 266.793
4.28836, -263.978, 602.098
5.96794, -264.139, -213.008
5.83428, -431.18, -605.697
3.22071, -473.905, 589.961
7.10415, -784.895, 226.193
4.22228, 27.3311, -194.365
6.66824, -351.747, -450.823
2.74349, 306.353, -598.099
3.27936, -270.09, -54.7952
2.55765, 297.468, 445.346
3.94327, 66.8842, 550.681
5.07295, -297.854, -146.975
3.65948, 633.665, 421.578
2.75022, -253.421, -36.8921
5.33091, -609.547, -645.405
6.69774, -53.8897, 680.366
4.28763, -679.263, -497.997
4.3452, 153.791, 792.151
7.22226, 330.273, -23.6323
4.72425, -756.081, -203.33
6.82086, 357.263, 223.379
5.82654, -709.81, -591.333
5.79297, 129.35, 588.844
7.10736, -855.254, 855.324
5.11536, 825.684, -717.75
5.45229, 399.94, -428.122
5.79944, 663.421, 562.417
4.24765, 273.129, 435.81
4.11714, 292.761, 10.9837
7.08984, -66.1701, 648.127
3.08619, 734.033, -493.065
7.31268, 567.569, -112.886
5.17978, 32.3456, -156.616
5.81447, 683.125, 591.397
5.48362, 763.184, -446.535
6.93363, -513.451, -643.08
6.67999, -622.645, -544.29
6.69339, 232.194, 114.358
6.85642, -155.056, 272.212
2.5002, -813.913, 282.144
4.77274, 386.322, 241.467
4.25696, -770.284, 206.441
5.80713, -233.398, 639.251
6.22234, -736.207, 188.895
3.3821, -162.65, -431.179
7.4621, 837.138, -668.708
5.95466, -766.305, 207.064
6.97862, 230.807, 3.70278
3.51579, 270.718, -13.5921
7.2356, -452.523, -155.052
4.88476, 768.292, -445.665
6.78578, 773.916, -600.962
6.41237, -716.359, -571.856
5.70687, 821.676, -771.765
3.14521, -696.99, 255.543
5.77944, -36.8601, 634.475
3.09199, 69.2359, -38.6809
3.88793, 245.792, 696.737
6.65548, -233.963, -245.865
6.14153, -631.449, -478.743
6.74348, -630.827, 265.006
3.43989, -697.004, -737.02
6.09602, 463.535, -291.358
4.25586, 166.399, 255.348
3.34555, -417.548, -590.668
4.52383, 207.328, -590.089
4.20924, 139.751, 673.326
6.67141, 274.81, -8.6875
3.9111, 674.504, 590.141
5.16766, -647.672, -497.952
6.25085, 792.903, -810.653
4.62554, -618.841, -639.901
4.66964, -442.942, 606.722
3.03022, 781.207, -877.723
6.4639, -90.9779, -388.792
3.91232, -700.744, -531.938
7.14264, -403.119, -218.808
5.37926, 274.737, 418.577
3.4895, 693.124, -302.072
5.99081, 449.612, -640.235
3.07265, 353.084, -714.979
4.22945, 268.404, 681.039
4.15646, -519.065, -231.955
6.42735, 828.409, -781.362
6.65775, 421.632, -158.571
4.21712, -691.252, 699.947
4.2603, -219.313, 782.228
6.38197, 74.5923, -650.626
6.58658, 4.19412, 681.336
4.26157, -237.049, 237.764
7.09559, -393.651, -211.074
3.2877, 429.871, 168.758
5.56029, -415.985, 614.678
5.54222, -474.093, 589.76
3.16647, -200.783, -604.437
3.51409, -641.662, -500.35
4.79457, -722.821, 531.406
3.48759, -472.111, 702.841
6.77118, -782.879, 278.269
6.54562, -714.241, -607.237
2.80131, -815.098, 694.195
6.50584, -680.86, 578.146
5.49597, -149.053, -459.07
7.43182, -780.893, 218.154
2.65919, -82.472, 622.573
6.8356, 781.143, -658.706
3.69109, 557.317, 272.385
3.6127, 217.824, 352.13
4.73907, -719.629, -570.305
2.61231, 835.099, -92.4608
6.79755, -237.401, -12.8612
4.15902, 287.405, 386.605
5.72195, 333.595, 269.47
7.43521, -701.864, -615.749
5.30162, 289.945, -498.921
4.74553, -684.653, -155.401
5.213, 92.478, -657.033
2.90797, 744.966, -97.3913
3.99606, -696.833, -195.486
6.63964, 710.544, 545.235
6.48936, 500.194, 763.741
5.71048, -60.1755, 709.373
4.84105, 534.308, 244.685
7.15326, -168.381, -438.957
5.08798, -257.287, -38.9361
7.42924, 796.317, -430.37
5.94567, -1.31, -595.978
6.19966, -151.996, -471.301
3.46323, -453.491, -765.632
6.08881, -501.394, 552.509
6.11146, 568.553, -78.8413
6.49298, 274.21, 112.74
4.23216, 239.094, -824.292
5.1481, 74.3331, -181.757
3.19001, 695.564, -307.679
6.73218, -251.529, -251.249
6.32766, -53.8456, -688.665
7.5, 736.003, -488.284
4.24891, 486.811, 863.198
5.50367, -417.041, 667.617
3.50808, -434.034, 14.9351
6.2385, 23.2396, 81.4133
6.49225, 770.033, 233.602
3.03505, -657.958, 101.792
5.35813, -438.733, 3.97546
2.84683, 315.84, -338.25
4.16036, 710.459, 599.054
5.80945, 344.342, -628.566
5.27726, 5.09207, -199.242
7.12415, 204.961, 4.84266
2.69832, -402.612, 99.0113
2.62083, -231.102, 97.7082
4.61923, 245.617, -555.175
4.36987, 360.442, 172.023
2.93303, -237.66, -268.279
3.05403, -75.5578, 167.607
5.31992, 319.763, -378.067
7.37269, -0.668064, 686.558
3.05066, -31.927, -673.784
5.99352, 126.539, 760.319
2.79674, -30.7438, -584.07
4.69755, 723.726, -36.7974
5.24651, 846.236, 656.567
3.45129, 604.358, -669.846
7.36597, 342.71, 272.173
3.19593, -602.624, -69.983
5.48978, 762.688, -442.674
7.12812, -786.665, 706.431
3.91116, -4.01067, 773.122
6.8307, -121.223, -111.021
6.29598, -143.506, -417.608
6.10793, 324.515, 463.731
3.34241, -292.931, 293.695
3.32882, 756.49, 373.23
3.39076, -632.682, -806.804
5.87226, 286.433, -484.392
4.83484, -164.903, -112.789
6.85219, -692.138, -358.953
5.76023, -638.086, -39.9551
5.80464, 758.62, 756.225
2.58037, -562.138, -518.677
4.30596, -741.997, -607.916
3.72747, 738.981, 107.297
6.93086, -826.285, -797.605
5.23701, 784.581, 804.738
6.57209, -53.5977, -633.997
5.24453, 142.561, 763.72
4.16156, 422.035, -53.429
4.40213, -62.9591, -578.237
2.52389, 769.057, 536.801
6.95226, -122.566, -408.825
6.16955, -431.087, 636.217
6.04239, -78.6209, 646.609
5.1278, 52.9949, -125.107
6.41065, -77.2517, -661.289
3.42484, -394.122, -396.123
5.72673, 219.872, 446.653
3.42178, -539.774, -248.425
3.31214, 10.003, -111.882
2.65594, -241.845, 791.261
7.42716, 88.2512, -680.905
4.04559, -272.144, -543.773
4.11075, -564.242, -243.914
5.51155, 253.476, -114.895
2.89107, -281.379, -779.233
3.93936, 40.2867, 81.2567
5.79307, -179.71, -474.952
7.36348, -776.532, -362.856
7.27758, -361.061, -654.724
7.42745, -525.98, -244.571
7.30478, -724.078, -531.753
3.0073, -475.949, 609.367
3.71505, -184.232, -477.324
6.91151, 97.5094, -269.776
5.28805, 314.913, 456.015
6.7669, 699.49, 599.677
7.49145, -456.954, 620.326
3.99751, -148.484, -564.352
6.33157, 828.632, 455.465
4.81901, 230.992, -132.279
6.8168, -622.406, -657.599
6.99018, 751.392, -67.2492
7.377, 207.747, -390.11
2.77405, 555.124, 121.283
6.32605, 826.968, -702.426
5.09219, -794.111, 664.95
3.46574, 802.915, -127.481
6.98252, 245.949, -534.541
6.38492, -774.814, 144.14
2.75968, 325.298, 523.593
7.47331, -759.94, 669.604
5.93659, -90.6632, -398.812
5.94854, 798.064, 479.19
6.57666, -520.295, 708.74
7.05426, -109.631, -444.574
3.34218, -158.745, 267.439
5.24183, -545.744, 695.429
6.53351, -387.206, -211.164
4.17803, 316.384, -471.533
5.53435, -104.741, -13.0034
6.59602, -672.243, 259.745
7.3485, 31.8066, -160.946
6.29349, 590.177, 509.677
3.72113, -124.477, -116.125
5.80589, -573.352, 323.424
4.21574, -511.812, -253.195
7.27146, 309.782, -328.385
2.60828, 714.685, 560.711
4.54979, -849.407, 829.961
2.55789, 504.869, -663.321
3.04964, 771.56, 222.822
5.28259, -797.95, 151.62
4.45466, 48.0696, -143.116
7.20539, 16.7615, -202.102
2.55572, 186.563, 405.469
6.22897, -177.129, -420.789
3.84293, 269.335, 125.416
4.27153, -622.403, -645.473
3.45835, -390.618, 646.257
5.14832, 311.572, 1.35572
4.39478, 5.06038, -665.938
3.16407, -111.379, -728.94
4.26563, -174.953, -472.81
4.2497, 757.999, 831.474
7.41084, 515.206, -95.2469
5.25961, 133.689, -255.888
4.99918, 31.3694, -641.385
3.58531, -756.872, 271.284
4.37311, -112.807, -406.926
6.78251, -653.443, -494.176
6.45578, 810.502, -440.046
3.9204, -538.868, 689.011
5.07645, 315.235, 222.439
6.79238, -236.797, 25.6313
7.07844, -675.528, -258.255
7.48941, 119.975, 732.064
6.53177, 10.8648, -190.679
5.22718, -772.638, -214.179
7.3461, 79.9555, -645.988
5.31931, -549.93, 358.039
4.03031, -386.366, 645.831
5.41853, 746.726, 751.357
2.91197, 36.567, -131.516
5.47382, 317.49, 496.633
3.31968, -667.027, -532.938
6.46527, -653.378, -493.988
2.95373, 600.733, 607.778
6.3072, -518.712, -641.046
6.83996, -255.137, -33.8893
6.40105, 84.3207, -382.711
6.61399, 752.407, 769.494
6.70974, 279.771, 523.823
4.48328, 372.802, 158.598
6.508, -105.385, 131.227
6.56811, 304.506, 31.2161
5.43493, -388.358, 54.0004
4.64621, 744.284, -49.7824
2.5002, -72.3691, -414.409
5.31153, -813.46, 286.504
6.22632, 324.813, 219.232
3.89846, 772.669, 216.032
2.93406, -799.388, 502.293
3.5733, 842.692, -753.091
3.93296, -414.274, 668.971
4.86595, -384.817, 443.886
6.95893, 796.264, 756.253
5.91955, 502.354, -430.231
3.54376, 37.2131, -175.051
6.67533, 765.992, -45.0178
7.09218, 832.656, 843.88
4.48244, -494.668, -658.766
6.37858, 469.162, 455.325
5.68161, -88.2131, -83.3016
6.64746, 355.854, 148.699
3.40204, 480.143, -431.569
7.45927, 499.523, -683.788
6.70558, -104.078, -677.789
4.65177, 759.971, 212.425
4.38589, 509.003, 789.041
2.70802, 490.425, -443.246
6.80715, -577.071, -428.906
6.62116, 805.825, -794.817
6.25052, -34.3491, 617.74
3.55801, -191.149, 767.178
4.31029, -739.734, -238.291
4.43545, -690.3, -664.803
7.32918, 630.935, 579.264
6.5872, -69.3156, 627.722
4.5755, -29.9676, 403.243
5.83759, 229.51, 131.501
2.52101, 482.247, 861.646
6.98048, -679.935, 221.351
3.68416, -281.768, 290.079
3.79415, 295.572, -215.81
5.4939, 372.698, -632.935
6.89823, -737.838, 286.856
6.16299, -655.962, -477.333
6.0773, 656.109, 575.086
3.57724, -511.444, 511.456
6.30413, 719.21, -845.676
3.85351, -108.801, -430.636
2.75246, 503.835, 216.297
4.78866, 324.909, 264.631
2.58759, 438.699, -605.141
3.01129, 67.6026, -233.648
2.639, -231.852, 240.699
5.65921, -362.268, -488.388
6.34425, 50.158, -206.26
2.74132, 513.235, -643.996
6.6924, -40.8388, -619.255
6.76899, -222.901, -182.263
6.57649, -512.677, 548.588
6.85188, 748.011, 352.63
5.27222, -541.95, -188.75
6.12646, -246.628, -27.5431
3.20424, -455.043, 695.089
6.6115, 489.899, -441.77
5.51185, 567.995, -133.167
4.93856, 450.936, -760.766
6.14942, -182.217, 709.155
4.05164, 763.34, -621.852
3.93925, -731.605, 254.236
5.45857, -783.999, 693.63
5.34055, 536.198, 734.355
5.41059, -742.35, -531.29
2.84132, -736.679, 191.143
4.34304, 124.522, -251.886
6.28475, -736.301, -579.405
6.35297, -437.632, -750.722
4.27217, -379.367, -214.693
5.98913, 149.705, 743.299
5.08005, -527.714, -246.489
5.94494, 259.1, 120.944
6.18066, -59.6269, 705.474
2.56231, -295.885, -571.291
7.16549, 512.236, -104.245
5.37826, 214.847, 106.771
3.05587, 488.391, 782.787
4.87388, -96.9227, 1.53798
3.24247, 288.092, 133.217
4.22594, 161.839, 393.523
7.04476, -771.207, 227.786
4.54571, 42.8352, 492.269
5.96642, -609.332, -48.6898
3.35865, 371.169, -699.438
6.21715, 780.813, -432.51
4.16319, -420.064, 623.917
4.62157, 532.008, 266.775
2.79523, -218.75, -15.4262
5.09005, 217.932, -152.622
5.94425, 375.911, -503.474
5.01149, -250.072, -11.897
6.56617, -157.531, -657.286
3.07974, 134.927, -784.305
5.24841, 322.871, 422.916
5.06046, 299.266, 12.898
6.02649, 800.045, 435.468
5.65083, -267.904, 761.316
4.0207, -10.2743, -641.419
6.74719, 321.044, 217.614
3.39619, 551.612, -21.2302
2.61737, -429.456, -79.8859
4.19467, 597.152, 8.83801
3.43818, 276.856, -7.23811
6.60467, -229.189, 125.163
6.72507, -743.662, -205.597
6.78031, 808.072, -657.651
7.37454, -804.335, 609.092
2.99587, 364.663, -422.337
2.56182, 580.462, 558.239
2.58614, 290.016, 387.9
2.64527, 244.086, 133.793
4.1031, 130.272, -253.24
6.17815, 557.368, 263.068
3.14876, 247.489, 392.976
2.5161, -345.239, 411.457
6.91905, 102.348, -674.29
3.70482, 258.194, -527.027
4.38481, -771.695, 685.119
4.44879, 525.653, 182.635
2.81534, 569.451, 291.455
7.30792, 156.731, 697.991
3.75349, 725.168, -312.459
6.85376, -606.789, -73.1087
2.85991, -736.977, 311.75
2.70653, -464.841, 514.534
3.46378, 280.251, -507.71
3.86708, -293.501, 303.481
7.4007, -812.118, -338.675
3.60607, 314.048, -463.716
6.43119, -797.732, 739.998
4.42306, 209.864, -354.346
3.78593, 376.043, -610.039
3.91087, -750.367, 201.183
7.33834, 680.802, -14.1266
4.22841, 587.88, 132.255
3.45922, -720.067, 652.236
5.05037, -535.154, -313.148
5.21857, -455.091, 593.68
5.72333, -625.887, -535.047
3.89738, -66.5042, 649.034
3.41887, -274.158, -553.487
2.71579, -733.183, 283.484
3.98408, -519.586, -263.025
4.25548, -242.58, 117.057
7.09372, -432.113, 607.747
5.81225, 471.122, -298.906
5.08041, 700.634, 552.748
4.03763, 448.768, 475.015
3.0007, -221.17, 137.31
3.47502, 306.323, -781.008
4.11407, 106.078, -209.81
5.56182, 771.246, 103.902
5.13511, 841.423, -831.149
3.45653, 332.034, 271.584
4.7178, -631.631, -460.829
4.48693, -531.192, 702.845
6.28051, -603.964, 721.095
6.6213, 702.604, 592.838
5.51573, 39.2866, -344.403
3.04573, 443.915, -637.542
4.11797, 390.135, -188.243
5.03403, 74.697, 271.35
4.76521, -511.48, 694.257
4.77315, -133.932, -472.762
4.91125, 830.308, 844.335
5.07896, 344.575, -642.453
4.50207, 155.58, 740.744
4.22945, 718.48, 333.733
6.64533, 771.493, -160.096
3.02204, -565.716, -620.591
6.40057, 470.435, 480.013
3.19919, -276.435, -195.088
2.62171, -639.63, -498.003
6.0664, 372.55, -581.655
7.15538, 73.3677, -641.277
7.47667, 276.627, 83.2925
3.86264, -737.929, 195.632
3.6923, -445.679, -224.391
3.87328, 724.065, 553.106
5.70836, -702.649, -557.044
5.17637, 290.741, 135.226
6.8967, 694.206, -306.202
6.75968, -586.877, -641.826
2.98004, 671.604, -18.4312
4.66818, -694.894, 212.254
3.17045, -111.708, -678.516
5.86802, -161.646, 253.81
5.34964, -77.0039, -376.831
3.66474, -418.914, 661.404
5.50306, 260.61, -557.366
2.6551, -571.472, -8.26558
7.08512, 479.198, -294.342
3.82958, 798.507, -176.098
6.50016, -152.062, -474.929
5.46389, 125.661, -669.347
5.0822, 314.634, 497.284
5.2567, 341.138, 489.579
3.47225, 436.768, -196.319
5.36152, 105.952, -715.924
3.81992, 178.494, 340.185
4.41648, -766.778, 496.333
2.73626, -635.613, -725.516
4.22823, 504.728, -664.767
3.61594, 571.998, -388.745
3.81264, -29.6016, -694.653
3.05141, -375.664, -454.021
7.40088, -673.812, -68.0606
5.93794, 681.006, 590.001
5.82158, -535.3, -309.675
5.99501, -615.628, -592.409
2.68746, -711.79, -591.923
3.6706, -602.122, -633.204
3.95397, 731.566, 544.58
3.50543, 50.1826, -177.67
2.7177, 327.911, 222.162
2.56571, -406.145, 649.261
6.07297, -492.663, 743.144
6.88348, -730.394, -554.283
5.35088, -763.923, 377.251
6.92743, 815.938, 784.539
5.20042, -375.702, -211.246
3.31357, 873.326, -729.276
3.30492, 896.516, 454.017
7.19182, 349.526, 283.89
3.45628, 518.063, -666.17
3.15761, 63.1063, -190.112
4.41122, -201.065, -66.4888
6.12674, 255.235, -115.833
2.50651, 586.454, 765.393
4.60222, -78.8123, 625.766
5.18984, 254.593, -127.541
4.86596, -189.853, 213.282
6.33003, 585.185, 765.357
2.9396, 480.044, -419.922
7.04284, 195.785, 271.063
3.20818, -682.4, -440.877
2.54782, 301.847, 24.2868
2.82267, 275.395, 440.404
4.96742, 310.923, 220.539
5.40914, 489.418, 830.503
4.03373, -785.311, 537.714
4.57091, 745.044, -56.9862
4.33401, -624.308, -530.9
3.42687, 153.978, 591.331
2.76788, 540.02, 110.762
4.47222, 439.277, -60.7602
3.98388, -317.569, -207.053
5.05388, -363.442, 721.227
3.75392, -694.315, 210.607
5.01589, 841.642, 830.717
2.51168, -25.0262, 633.54
7.01807, 758.766, -457.051
2.79181, -836.304, -796.01
5.17506, -507.108, 722.31
3.95754, -370.031, 707.474
7.3023, -702.245, -193.497
4.73406, 310.213, -40.874
5.08479, 740.504, 188.416
5.93861, -241.902, -32.2716
2.72187, -145.422, -11.1474
7.2946, -714.648, 549.859
5.70852, 359.224, 183.728
2.80215, 377.697, -608.633
3.33964, 167.123, 269.903
5.76491, 408.888, -140.611
6.19864, -774.063, 323.417
3.57011, 752.545, 197.985
4.31441, 120.708, -631.677
6.56981, -608.386, 837.796
5.32057, 753.588, -416.423
7.45886, -29.281, -673.003
6.5669, -773.171, 289.353
3.49157, -821.518, -1.19605
2.50003, -85.9794, -685.39
4.62608, 803.539, -722.901
4.07406, 771.188, 192.98
5.56218, 569.476, -801.242
3.83351, -148.583, -513.118
4.39881, -618.284, -88.8096
5.43397, 770.819, 227.139
5.95636, -185.184, -509.325
7.26736, -309.569, -520.669
4.89785, -318.905, -783.058
3.60319, 342.152, -602.688
5.33741, -629.924, -452.806
6.09873, 310.436, 162.691
4.4953, -496.579, 552.665
3.48326, -633.841, 822.082
6.66971, -593.099, -590.133
5.59561, -435.447, -756.991
7.26866, -231.924, 114.509
3.23222, 54.2324, -126.613
5.38953, -126.953, -413.254
7.26796, -449.172, 573.454
3.62331, 688.765, -831.073
7.25137, -454.55, 705.692
3.07874, 785.1, -439.673
2.58372, 52.0307, -196.931
3.90465, -300.839, -155.461
7.15042, 508.333, 149.762
3.04796, 725.262, 758.414
6.77266, 45.1514, 582.57
5.68532, -563.454, -613.957
5.63853, 370.094, -634.292
3.80589, 730.197, 544.928
5.13936, -766.463, 111.839
7.16608, -226.636, 764.7
3.98055, 750.252, 60.9917
4.78006, 193.039, 341.351
6.35659, -621.622, -543.276
4.17193, 282.492, 142.499
6.31775, 82.3015, -747.836
6.65892, -81.2835, 777.213
2.64618, -738.961, 535.055
4.31315, 640.364, -230.29
4.16221, 278.013, 434.344
3.17675, -469.241, -192.435
3.00839, -222.349, 611.466
5.11327, -553.912, 746.926
3.52046, 9.7264, -444.386
5.00728, -734.44, -549.395
5.1371, -34.5498, 784.168
4.13422, -240.589, -160.106
4.75888, 268.234, -325.626
6.85263, -66.3086, 741.552
4.72884, 538.869, 732.626
6.03726, -509.58, -659.185
6.83171, 808.289, -668.31
6.5822, 787.346, 239.019
2.67504, 770.693, 799.693
3.8644, -585.867, -300.866
5.21858, -353.367, -452.565
3.19942, -749.623, -527.6
5.57408, -658.386, -747.553
3.29182, -617.52, -633.079
4.41129, 149.635, 200.58
5.94997, -127.982, 154.969
3.21128, -347.627, 407.911
5.65284, -807.506, 673.879
3.15973, 133.423, 740.684
7.13583, -683.248, 196.439
5.53465, -793.318, 679.135
5.50388, -736.875, 290.047
3.33635, 493.7, -450.086
3.301, -688.08, -421.831
5.91628, 574.598, 6.40224
5.1456, -635.811, -65.8139
3.65264, -55.6266, 639.064
6.55373, -443.749, -62.6317
5.76477, -341.708, -472.137
4.08597, -655.033, -563.417
2.53953, -240.381, -681.636
3.49176, 698.107, 527.443
3.78831, 66.2324, 348.461
3.03825, 711.354, -52.8678
3.49545, 114.22, -280.006
6.75079, 824.845, -674.68
6.63912, -776.823, 240.539
6.76813, -719.023, -566.814
5.71027, 232.293, 642.651
3.6787, 687.606, -838.588
6.80638, -512.758, -633.312
5.4745, 23.544, -179.772
2.52745, 476.742, -47.7439
6.84925, -650.914, -499.225
7.37729, 530.712, 115.508
5.59653, 286.081, -34.1901
3.85574, -725.099, 196.94
7.46973, -148.231, -444.406
4.60751, -605.091, -488.775
4.20537, -739.905, -564.433
4.80717, 254.743, -139.379
4.44822, 215.845, -350.92
4.613, 87.0207, 525.768
2.84879, 168.735, 315.512
5.5153, 94.2581, -190.606
7.36114, -63.774, 147.315
5.07406, -637.815, -498.294
7.45461, 736.644, -129.951
5.84906, 520.122, -116.378
4.01716, -585.51, 8.42091
3.47371, 707.974, 571.029
4.0109, -730.5, -728.436
4.93946, -384.408, 469.588
4.72438, 500.161, 825.123
5.7844, 383.019, -681.883
3.74227, -741.035, -605.63
4.72007, 27.7561, 480.311
5.75894, -588.546, -72.4727
6.67472, -669.567, 180.926
6.03698, 150.664, 780.371
4.93928, -750.919, -535.738
6.72039, 358.372, -144.942
7.00296, -520.972, -244.728
6.33082, -668.301, -566.313
5.29453, 590.393, 846.208
2.70603, 29.4994, 74.3618
5.46749, 539.477, 141.051
2.68674, -523.958, 703.897
4.53488, 132.212, 387.078
2.84243, -820.454, -842.853
7.38558, -668.242, -764.823
2.5956, -519.128, -238.311
6.60363, -198.432, -205.843
5.2195, -361.79, 707.692
5.72828, 699.504, -280.877
3.62934, -230.516, -18.9747
2.733, 791.086, -659.323
3.63154, 239.742, -509.86
4.58371, -646.854, 117.434
6.40126, 217.518, -582.108
3.72852, -740.76, 284.883
4.81411, 542.664, 112.436
6.14756, 754.263, 204.306
5.35237, -366.198, 696.738
5.45997, 847.267, 815.787
4.98425, -763.09, 167.029
3.951, 352.043, 109.071
4.71107, 12.0267, -171.117
2.53669, 774.862, -509.925
7.41683, 463.273, -297.044
2.52822, -766.968, -198.666
4.8676, -63.1821, 626.436
5.86497, -252.07, -226.135
