6.27803, -648.981, -544.939
3.5948, 157.478, -189.764
5.89648, 334.343, -633.946
5.09708, -250.509, 683.372
2.76731, -778.467, 639.781
2.53849, 264.98, -48.3022
4.58743, -637.662, -205.291
7.15218, 236.369, 333.684
2.95982, 67.3639, 513.851
6.00595, -176.6, 185.846
3.81226, 562.127, 677.647
4.14117, 429.031, -677.315
7.45519, 305.196, 158.478
7.41275, -526.169, -256.829
5.75759, 297.501, 340.639
6.92354, 219.749, -626.949
6.33247, -105.088, -414.903
3.87453, -551.834, -126.697
4.93259, -488.703, -215.578
2.80282, 732.985, 779.571
5.08146, -83.3115, 595.897
4.96988, 686.977, -457.293
7.23882, -604.438, -460.933
4.42071, -42.9153, -593.658
5.14874, 725.596, -412.261
2.75042, 695.121, 17.2548
6.63909, 428.559, 416.083
5.94228, -603.679, -495.662
6.18112, 227.54, 649.193
6.94286, 733.921, 453.932
4.25508, -312.988, -438.338
6.72991, 236.93, 2.19766
3.84659, 474.553, -82.4654
4.83959, 25.0125, -154.153
3.2686, -641.034, -531.561
2.66527, 494.609, 135.032
7.2768, 56.4561, 55.4928
6.95369, 157.679, 357.556
3.29884, 485.235, 92.575
3.15214, 356.139, -520.826
2.515, -426.217, -674.998
6.0491, -615.081, -214.444
3.40448, -413.963, 621.514
5.76029, 651.108, -293.042
4.42907, 360.454, -585.466
3.23766, 58.0085, -220.564
5.45054, 535.302, 1.64252
3.24076, 92.5381, 650.735
3.2091, -144.402, 685.423
4.94257, -381.765, 11.2116
3.13015, 674.568, -53.008
5.64635, -273.933, -438.779
5.60817, 245.397, -465.9
4.88216, -458.69, 575.347
2.64188, -385.889, -140.869
3.21011, 87.4818, 597.64
3.15594, -198.358, 722.734
3.31099, -738.17, 648.776
3.76529, -153.93, -583.13
4.77654, 439.631, -664.71
6.54472, -28.489, -220.2
3.57624, 236.487, 634.154
3.75063, 632.842, 341.08
5.02978, -42.8768, 636.799
6.27922, 489.048, 93.0721
5.66369, 656.713, -54.7719
5.9449, 522.402, -84.551
7.27207, 713.758, 434.035
5.18713, -470.52, 563.797
4.57014, -540.701, -118.631
4.70019, 458.741, 111.364
6.07821, 590.736, 408.665
6.20858, 277.392, 352.794
5.12494, 689.958, -783.953
6.06711, -612.672, -150.962
5.91025, 305.112, 30.093
6.82941, 728.535, -452.415
3.19597, -100.074, 589.487
3.57766, 724.648, -155.706
5.0733, -249.933, -171.987
4.83766, 55.4382, 536.744
3.55759, -247.128, 596.542
5.65244, -592.623, 746.321
2.5044, -697.818, 260.066
4.09589, 283.755, 400.448
5.90281, 296.78, 17.2896
6.0446, 529.599, -446.666
2.90869, -700.209, 521.72
3.56926, 316.888, 411.103
4.44412, -646.118, -607.526
4.44927, 713.87, 717.039
3.92018, 261.352, -454.276
4.6123, 462.352, 414.453
2.55658, -650.377, -547.088
3.72027, 773.79, -680.99
4.49072, -657.175, 549.421
6.64177, -754.3, 244.385
3.78584, 765.049, -673.546
3.59705, -614.981, -540.418
6.47385, 305.857, 354.707
5.8476, 343.727, 332.618
5.49108, -643.691, 245.888
5.99917, -269.841, -443.899
5.13062, 457.487, -648.766
4.14833, 288.219, 130.75
3.30844, -827.25, 240.118
6.56633, 509.664, -18.4871
4.08004, 234.675, 162.943
4.05369, -69.8852, -575.204
4.65424, 18.0746, 46.7793
4.46509, -151.759, -564.448
4.43916, -22.4923, -189.867
4.34871, -518.307, -431.347
5.88118, 267.629, -445.922
6.10384, 247.738, -19.2095
7.20082, 6.57086, 681.499
5.08573, -198.16, -427.015
5.5282, -157.966, 217.435
5.85049, -569.062, 746.36
5.11404, 70.2896, -115.782
3.87105, -699.881, 568.278
7.08924, 222.082, 311.769
3.73367, 729.784, -444.397
4.77876, 265.87, 349.088
3.30374, -727.77, 605.965
4.68319, 171.769, 252.929
7.45767, 283.061, 156.092
6.26931, -330.262, 386.954
4.97846, -580.441, -534.378
7.01651, -627.757, -538.111
4.68213, 456.217, 431.881
5.09239, 94.5368, -624.786
4.44866, 149.81, -552.956
5.63431, -178.101, -337.199
5.19331, 315.232, 162.724
4.35955, 490.572, -444.294
2.54674, -246.612, 267.496
6.3794, 25.5988, -610.796
2.85317, -644.648, -555.309
3.98511, 360.099, -602.792
4.78581, -60.5877, -591.218
3.25156, -97.8177, -27.7
5.97819, 515.521, -379.414
4.15587, 302.653, 142.356
5.21197, 757.082, -727.276
2.64678, 653.52, -811.339
5.38086, 85.5471, -181.032
5.18133, 222.079, 332.665
7.36678, -653.445, -639.377
5.57063, -248.206, -450.481
5.26431, -723.54, 211.027
6.69051, -234.158, 694.7
3.75764, -490.931, 615.527
6.98957, 480.34, -75.9279
5.97428, 479.813, -419.852
5.82752, -419.873, -102.129
3.06838, -634.038, -506.376
3.37987, -654.134, 256.927
2.91253, -84.7193, 109.01
6.68103, -99.4074, 269.809
2.64818, 702.76, -701.852
6.34719, -25.88, -585.404
4.29829, -417.363, 627.839
6.24626, 63.151, 467.543
6.28385, 298.785, 82.6489
3.60834, -442.9, -641.897
5.58305, 304.959, 118.085
3.66846, -349.813, -168.221
6.22052, -712.176, 224.871
5.80997, -609.661, -501.065
4.9209, 762.35, -623.735
2.58972, 704.622, 85.4998
4.98291, 269.97, 139.626
5.09587, 98.0702, -577.655
4.71395, -693.211, 365.192
4.14528, -59.786, 688.379
3.52671, 388.427, -71.0338
7.19863, -130.605, -429.766
2.85168, -515.931, 653.267
3.30042, 63.7821, -603.823
6.70788, -549.386, -79.4996
4.13614, -216.028, -167.278
6.85942, 199.839, 296.66
5.99896, 568.09, 508.414
5.52801, 682.346, -134.372
4.77536, 103.859, -161.731
2.91543, -422.708, -198.303
3.94883, 45.1666, -117.049
6.51009, -685.605, -501.035
6.81821, 270.037, -23.6248
3.81831, 297.193, -482.05
4.79881, -637.042, -186.25
4.95672, 488.329, -410.295
5.82344, -445.089, -654.565
7.31738, -512.145, -206.825
7.23022, 464.955, -651.383
2.81902, 253.337, -495.863
5.04829, -472.71, -250.981
6.13222, 702.155, 447.991
5.65882, 403.838, -196.555
3.26658, -772.752, -772.386
5.09652, -698.843, 368.519
3.52281, -402.891, 565.127
6.03231, 382.841, -684.902
6.05786, -387.902, -134.426
3.66304, -329.433, -181.672
6.80594, 133.278, -259.118
2.67122, 8.65906, 676.927
6.26587, -663.14, 250.126
4.14789, 494.256, 120.133
4.65309, -80.1544, -360.923
7.33455, 647.366, -95.143
4.05803, 644.093, 554.109
5.69762, 727.963, -539.323
5.95386, 669.948, -52.1925
5.36403, 30.2237, 535.28
6.60667, 756.475, -596.065
4.21807, -613.127, -502.386
5.09387, -634.671, -485.086
6.78438, 90.0219, -666.617
6.18587, 281.554, 41.6552
3.45992, -668.996, 147.044
2.83145, -298.63, 289.166
3.60828, 735.646, -630.23
3.33656, -17.2246, -149.334
6.31172, 341.202, -632.597
5.44905, -697.248, 199.883
4.65223, 781.632, 733.526
7.09618, 562.92, 6.44485
5.09668, 343.361, 171.82
7.38058, -577.406, -41.1206
5.15714, -368.454, 17.5646
2.98716, 348.377, 118.274
5.83983, 300.101, 116.796
5.44444, 267.91, 12.5736
5.01137, -542.258, -132.115
2.75808, -684.301, 158.089
2.6753, -112.91, -190.915
4.41484, -644.714, -497.306
5.55555, 296.441, 113.379
5.06574, 594.751, 714.027
5.98498, 248.526, 12.8589
4.89891, -5.98926, -101.498
3.88323, 99.8062, 398.264
6.01685, -380.349, 96.5009
3.67701, 671.235, -57.9716
6.41501, -27.8747, -163.596
6.60589, 208.299, 601.04
3.21842, -434.911, -46.2135
5.75757, -432.494, 626.8
3.87677, 840.909, -684.789
7.26215, -456.896, 551.944
4.58238, -573.193, -74.0918
3.03869, -126.508, 225.193
4.70633, -715.801, 477.673
6.28811, -394.865, -192.055
2.77803, -425.165, -208.162
3.51241, -11.7578, 44.1754
6.82305, 751.276, -637.282
6.52456, -170.303, -74.4571
2.78861, -659.543, -536.028
4.40304, -73.0203, -599.232
4.56124, 31.2772, 593.009
2.80071, -228.891, 262.551
7.09746, 622.349, 548.346
3.35398, 566.741, 690.32
6.51634, -669.674, 227.324
3.88599, 562.659, 11.2494
4.44586, 138.147, 709.404
7.19936, 18.3067, 626.306
6.24573, 41.2762, -195.106
3.44774, -400.087, 603.207
6.89581, 257.365, 395.119
6.8953, 333.96, -676.728
3.30515, -654.701, -210.589
5.87346, -580.85, -200.13
6.89096, 451.59, 116.118
6.98262, 316.145, 404.451
3.06535, -79.8924, 603.729
5.93789, -182.924, -248.908
3.21651, -625.233, -466.471
3.6901, 255.189, 26.9414
5.64383, 698.785, -127.363
4.312, 633.377, 339.306
4.64437, 682.466, 517.489
4.91936, -43.178, -591.966
6.20379, 91.6665, -174.253
3.23098, -481.907, 541.122
7.36238, -628.558, -508.538
7.3158, -531.479, -250.013
3.14741, -340.268, 615.525
5.3784, -183.444, -417.407
4.66439, 63.9953, -192.303
5.50066, -239.305, -212.103
5.85098, -546.762, -115.052
4.5137, 431.424, 782.615
6.46691, 676.277, 504.005
4.89889, -624.591, -184.394
5.72449, 314.913, 182.115
4.28836, -244.851, 617.287
5.96794, -218.891, -231.662
5.83428, -430.377, -551.199
3.22071, -475.734, 564.496
7.10415, -660.305, 219.089
4.22228, -12.6635, -177.552
6.66824, -296.211, -469.535
2.74349, 311.468, -528.701
3.27936, -268.163, -100.67
2.55765, 280.69, 392.916
3.94327, 33.5025, 550.923
5.07295, -277.947, -163.98
3.65948, 619.315, 426.855
2.75022, -227.167, -31.9663
5.33091, -609.936, -519.714
6.69774, 24.8754, 638.35
4.28763, -595.182, -533.989
4.3452, 151.261, 722.078
7.22226, 258.948, 38.2373
4.72425, -610.838, -207.844
6.82086, 291.7, 237.967
5.82654, -608.889, -471.53
5.79297, 119.034, 552.27
7.10736, -806.45, 785.2
5.11536, 784.664, -701.654
5.45229, 362.996, -419.939
5.79944, 639.135, 551.193
4.24765, 291.473, 399.436
4.11714, 257.644, 14.2969
7.08984, -18.5434, 623.707
3.08619, 657.831, -539.295
7.31268, 534.121, -60.3993
5.17978, 50.2195, -224.043
5.81447, 659.631, 513.667
5.48362, 705.854, -454.145
6.93363, -517.601, -601.069
6.67999, -648.975, -479.025
6.69339, 310.094, 105.847
6.85642, -140.275, 222.654
2.5002, -735.688, 233.09
4.77274, 382.643, 187.195
4.25696, -673.027, 229.535
5.80713, -219.11, 599.085
6.22234, -688.32, 236.376
3.3821, -107.401, -424.738
7.4621, 744.97, -635.731
5.95466, -668.943, 225.794
6.97862, 314.174, 26.8036
3.51579, 290.858, 64.2024
7.2356, -438.7, -209.758
4.88476, 725.28, -442.171
6.78578, 712.857, -570.637
6.41237, -590.949, -515.538
5.70687, 773.431, -685.433
3.14521, -710.318, 235.32
5.77944, -84.4281, 598.62
3.09199, 76.7915, -75.3791
3.88793, 228.823, 643.865
6.65548, -233.217, -208.818
6.14153, -601.462, -474.372
6.74348, -688.348, 220.062
3.43989, -663.663, -628.276
6.09602, 428.714, -295.824
4.25586, 252.29, 253.308
3.34555, -450.088, -553.324
4.52383, 159.68, -579.655
4.20924, 140.112, 662
6.67141, 296.244, 13.1149
3.9111, 663.927, 519.255
5.16766, -638.599, -535.33
6.25085, 754.158, -720.636
4.62554, -601.989, -516.481
4.66964, -423.523, 642.951
3.03022, 746.684, -821.408
6.4639, -133.67, -413.142
3.91232, -632.733, -583.769
7.14264, -331.391, -178.531
5.37926, 295.268, 416.414
3.4895, 648.847, -282.96
5.99081, 353.021, -583.41
3.07265, 322.039, -601.842
4.22945, 225.173, 649.871
4.15646, -518.907, -237.21
6.42735, 768.379, -663.127
6.65775, 391.745, -120.999
4.21712, -672.839, 657.618
4.2603, -218.159, 672.864
6.38197, 21.1912, -600.16
6.58658, -47.94, 631.627
4.26157, -240.627, 177.313
7.09559, -400.411, -187.239
3.2877, 342.426, 118.121
5.56029, -438.119, 556.238
5.54222, -475.416, 564.844
3.16647, -165.284, -528.779
3.51409, -645.788, -530.804
4.79457, -653.46, 556.256
3.48759, -426.625, 585.459
6.77118, -669.752, 216.095
6.54562, -587.171, -489.493
2.80131, -702.563, 614.034
6.50584, -659.535, 539.831
5.49597, -126.859, -391.026
7.43182, -654.002, 226.336
2.65919, -11.8878, 597.119
6.8356, 749.624, -630.301
3.69109, 514.823, 238.674
3.6127, 218.383, 308.04
4.73907, -591.7, -518.222
2.61231, 758.971, -12.7931
6.79755, -218.357, -26.0662
4.15902, 303.612, 323.968
5.72195, 288.418, 223.134
7.43521, -609.406, -518.956
5.30162, 268.353, -482.83
4.74553, -612.566, -156.945
5.213, 28.5975, -595.391
2.90797, 637.296, -133.732
3.99606, -650.975, -212.858
6.63964, 641.815, 562.758
6.48936, 453.444, 750.734
5.71048, -30.1238, 684.321
4.84105, 479.365, 195.627
7.15326, -102.751, -428.063
5.08798, -221.848, -32.1575
7.42924, 739.095, -400.771
5.94567, 6.62603, -567.118
6.19966, -129.659, -401.325
3.46323, -438.92, -672.856
6.08881, -445.026, 578.207
6.11146, 527.897, -101.341
6.49298, 292.51, 120.262
4.23216, 231.391, -733.687
5.1481, 80.605, -188.256
3.19001, 616.009, -223.619
6.73218, -238.817, -214.037
6.32766, -5.86379, -549.067
7.5, 668.296, -521.288
4.24891, 477.915, 770.691
5.50367, -425.765, 703.269
3.50808, -412.474, -14.4173
6.2385, 64.123, 60.4963
6.49225, 692.479, 178.603
3.03505, -651.816, 134.031
5.35813, -391.798, -19.6952
2.84683, 262.13, -296.152
4.16036, 725.723, 560.248
5.80945, 328.565, -585.037
5.27726, -14.226, -190.758
7.12415, 235.227, -4.45423
2.69832, -384.251, 23.5685
2.62083, -202.577, 86.8107
4.61923, 263.987, -493.665
4.36987, 262.433, 98.1785
2.93303, -240.494, -188.079
3.05403, -57.4058, 145.983
5.31992, 290.852, -377.478
7.37269, -56.1194, 633.586
3.05066, -31.7837, -573.905
5.99352, 138.839, 639.288
2.79674, -12.1444, -576.996
4.69755, 694.739, -59.6459
5.24651, 768.032, 629.474
3.45129, 555.88, -627.984
7.36597, 300.966, 204.673
3.19593, -540.747, -84.4735
5.48978, 740.243, -448.921
7.12812, -744.91, 636.455
3.91116, 12.0085, 684.183
6.8307, -123.093, -123.485
6.29598, -65.1551, -364.789
6.10793, 289.627, 359.702
3.34241, -255.919, 261.897
3.32882, 708.963, 336.238
3.39076, -628.172, -697.741
5.87226, 301.168, -454.289
4.83484, -120.867, -194.671
6.85219, -626.218, -370.795
5.76023, -568.565, -104.986
5.80464, 779.203, 733.929
2.58037, -565.106, -480.293
4.30596, -577.828, -502.446
3.72747, 655.332, 106.816
6.93086, -766.908, -735.319
5.23701, 729.399, 785.895
6.57209, -8.85219, -621.724
5.24453, 138.706, 635.491
4.16156, 397.752, -34.3146
4.40213, -62.5512, -574.166
2.52389, 640.882, 517.409
6.95226, -157.396, -439.027
6.16955, -428.862, 592.126
6.04239, -3.71313, 617.269
5.1278, 49.4698, -143.11
6.41065, -11.8584, -570.336
3.42484, -371.807, -389.815
5.72673, 222.253, 373.74
3.42178, -440.068, -225.485
3.31214, 61.7869, -196.703
2.65594, -223.408, 680.395
7.42716, 29.7469, -581.57
4.04559, -245.017, -443.745
4.11075, -445.204, -234.697
5.51155, 219.108, -80.288
2.89107, -273.991, -693.623
3.93936, 61.0808, 66.5919
5.79307, -171.06, -419.857
7.36348, -686.551, -359.43
7.27758, -364.035, -581.233
7.42745, -497.727, -221.081
7.30478, -591.837, -537.924
3.0073, -399.608, 607.893
3.71505, -146.101, -402.027
6.91151, 90.0209, -162.816
5.28805, 282.158, 398.837
6.7669, 591.463, 555.788
7.49145, -425.458, 595.725
3.99751, -156.452, -568.733
6.33157, 740.518, 465.11
4.81901, 225.835, -78.2119
6.8168, -606.927, -542.091
6.99018, 657.114, -46.2474
7.377, 188.387, -348.96
2.77405, 457.384, 105.638
6.32605, 772.734, -714.753
5.09219, -727.9, 599.496
3.46574, 688.207, -127.724
6.98252, 272.431, -535.201
6.38492, -737.339, 208.455
2.75968, 325.576, 464.624
7.47331, -757.391, 665.257
5.93659, -151.989, -430.266
5.94854, 750.964, 441.14
6.57666, -437.918, 622.685
7.05426, -167.492, -415.64
3.34218, -143.45, 228.287
5.24183, -420.808, 639.576
6.53351, -351.713, -163.845
4.17803, 259.735, -448.427
5.53435, -93.0445, -32.7279
6.59602, -615.607, 178.752
7.3485, 58.4227, -180.986
6.29349, 595.837, 469.571
3.72113, -118.33, -123.603
5.80589, -571.535, 299.427
4.21574, -549.551, -242.821
7.27146, 281.409, -320.568
2.60828, 592.876, 603.401
4.54979, -816.78, 796.223
2.55789, 467.012, -593.388
3.04964, 668.239, 246.815
5.28259, -708.243, 226.642
4.45466, 29.5303, -138.57
7.20539, -15.0515, -182.979
2.55572, 202.744, 370.747
6.22897, -111.397, -358.774
3.84293, 267.153, 81.5418
4.27153, -613.311, -533.256
3.45835, -325.709, 664.822
5.14832, 236.465, 117.849
4.39478, -25.2189, -588.893
3.16407, -102.561, -617.065
4.26563, -171.574, -418.878
4.2497, 754.242, 725.823
7.41084, 479.02, -82.7182
5.25961, 69.1145, -177.136
4.99918, 32.3793, -604.263
3.58531, -697.842, 193.202
4.37311, -64.1621, -370.291
6.78251, -630.7, -568.012
6.45578, 750.029, -385.567
3.9204, -514.386, 655.231
5.07645, 260.715, 237.145
6.79238, -233.638, -48.2195
7.07844, -595.009, -279.392
7.48941, 93.4867, 655.226
6.53177, -13.0573, -182.238
5.22718, -665.358, -230.269
7.3461, 31.1899, -587.553
5.31931, -544.985, 331.54
4.03031, -435.089, 631.87
5.41853, 708.735, 720.509
2.91197, 56.4689, -209.453
5.47382, 290.182, 411.841
3.31968, -636.383, -523.53
6.46527, -630.213, -554.883
2.95373, 646.581, 529.953
6.3072, -522.844, -593.19
6.83996, -187.965, -29.7068
6.40105, 57.5624, -378.14
6.61399, 681.008, 689.76
6.70974, 249.282, 445.068
4.48328, 212.465, 98.0015
6.508, -79.74, 107.196
6.56811, 257.18, 6.61574
5.43493, -391.31, 15.509
4.64621, 664.245, -38.9921
2.5002, -112.784, -390.523
5.31153, -740.476, 232.356
6.22632, 314.953, 160.942
3.89846, 693.7, 201.152
2.93406, -702.456, 502.089
3.5733, 767.62, -669.196
3.93296, -471.061, 671.831
4.86595, -390.585, 433.855
6.95893, 724.178, 708.455
5.91955, 434.453, -413.833
3.54376, 53.3664, -216.6
6.67533, 728.272, -82.9763
7.09218, 781.208, 773.705
4.48244, -538.004, -619.916
6.37858, 423.221, 420.62
5.68161, -54.2117, -84.4607
6.64746, 310.161, 165.419
3.40204, 500.268, -415.264
7.45927, 467.57, -622.07
6.70558, -27.1615, -602.294
4.65177, 703.205, 224.869
4.38589, 485.37, 772.823
2.70802, 433.207, -406.858
6.80715, -544.661, -433.737
6.62116, 762.344, -728.217
6.25052, -103.641, 609.8
3.55801, -230.514, 689.281
4.31029, -678.837, -193.81
4.43545, -671.336, -553.368
7.32918, 611.921, 542.961
6.5872, -25.5477, 596.141
4.5755, -0.211839, 382.242
5.83759, 312.211, 89.4794
2.52101, 479.738, 779.972
6.98048, -731.36, 238.098
3.68416, -263.016, 262.652
3.79415, 259.713, -229.799
5.4939, 336.455, -598.77
6.89823, -710.577, 223.299
6.16299, -687.189, -501.279
6.0773, 610.789, 557.574
3.57724, -448.868, 586.521
6.30413, 687.643, -771.782
3.85351, -143.039, -408.562
2.75246, 450.599, 161.334
4.78866, 319.198, 181.332
2.58759, 442.353, -559.645
3.01129, 67.534, -164.674
2.639, -244.503, 181.705
5.65921, -291.745, -436.371
6.34425, 84.8704, -172.476
2.74132, 483.215, -570.534
6.6924, -45.7589, -625.804
6.76899, -207.517, -181.08
6.57649, -451.658, 564.673
6.85188, 708.652, 343.094
5.27222, -501.961, -230.043
6.12646, -237.791, -26.2564
3.20424, -489.057, 614.981
6.6115, 428.906, -403.713
5.51185, 460.634, -70.9561
4.93856, 426.73, -670.106
6.14942, -153.726, 643.167
4.05164, 790.021, -639.507
3.93925, -685.882, 241.161
5.45857, -731.163, 640.258
5.34055, 519.067, 653.58
5.41059, -569.707, -570.972
2.84132, -773.3, 189.515
4.34304, 70.9626, -176.526
6.28475, -585.869, -525.598
6.35297, -442.16, -673.457
4.27217, -414.074, -213.541
5.98913, 82.2308, 648.918
5.08005, -494.681, -220.112
5.94494, 235.526, 116.705
6.18066, -28.6543, 687.842
2.56231, -281.289, -476.171
7.16549, 485.786, -81.8303
5.37826, 334.435, 105.857
3.05587, 492.591, 697.824
4.87388, -110.251, -49.7607
3.24247, 387.463, 176.089
4.22594, 245.299, 335.484
7.04476, -652.245, 230.441
4.54571, 58.5759, 476.984
5.96642, -621.587, -100.741
3.35865, 381.801, -597.171
6.21715, 700.26, -466.505
4.16319, -431.88, 635.178
4.62157, 461.383, 218.56
2.79523, -260.371, -34.2251
5.09005, 225.472, -73.1037
5.94425, 326.426, -469.34
5.01149, -218.464, -29.6174
6.56617, -121.335, -600.927
3.07974, 117.715, -670.847
5.24841, 279.426, 414.001
5.06046, 257.324, 9.22799
6.02649, 740.297, 434.409
5.65083, -217.918, 696.125
4.0207, 37.6229, -593.559
6.74719, 317.68, 164.27
3.39619, 546.84, 9.13296
2.61737, -427.868, -93.0675
4.19467, 513.303, -22.765
3.43818, 294.047, 16.4572
6.60467, -204.239, 64.7718
6.72507, -612.375, -186.442
6.78031, 752.022, -656.239
7.37454, -726.402, 606.928
2.99587, 332.029, -424.051
2.56182, 607.558, 514.737
2.58614, 300.458, 326.381
2.64527, 296.832, 77.5701
4.1031, 63.3715, -180.85
6.17815, 512.27, 238.058
3.14876, 228.511, 323.983
2.5161, -336.531, 363.009
6.91905, 39.6376, -613.405
3.70482, 274.058, -540.183
4.38481, -746.29, 644.136
4.44879, 448.63, 164.456
2.81534, 509.17, 218.751
7.30792, 166.38, 615.501
3.75349, 698.902, -287.499
6.85376, -557.819, -96.06
2.85991, -695.379, 198.791
2.70653, -419.216, 495.516
3.46378, 280.405, -470.373
3.86708, -259.41, 307.354
7.4007, -707.78, -340.743
3.60607, 310.618, -447.29
6.43119, -746.566, 623.116
4.42306, 199.164, -320.32
3.78593, 341.742, -598.366
3.91087, -682.432, 221.477
7.33834, 588.789, -15.5717
4.22841, 457.977, 121.741
3.45922, -641.655, 560.581
5.05037, -527.823, -228.534
5.21857, -412.01, 657.741
5.72333, -648.457, -533.32
3.89738, -79.5553, 591.566
3.41887, -281.627, -467.151
2.71579, -718.481, 218.774
3.98408, -506.632, -215.405
4.25548, -202.401, 124.309
7.09372, -471.953, 544.785
5.81225, 450.017, -269.367
5.08041, 644.955, 552.677
4.03763, 396.81, 413.892
3.0007, -161.007, 112.103
3.47502, 295.976, -679.416
4.11407, 145.131, -165.893
5.56182, 682.709, 107.486
5.13511, 763.366, -729.516
3.45653, 340.507, 256.531
4.7178, -592.095, -513.185
4.48693, -420.929, 634.485
6.28051, -577.399, 671.592
6.6213, 638.811, 537.981
5.51573, 10.4571, -303.186
3.04573, 350.327, -590.889
4.11797, 352.764, -171.305
5.03403, 117.151, 250.469
4.76521, -418.436, 628.726
4.77315, -98.0469, -438.249
4.91125, 778.898, 761.389
5.07896, 350.775, -566.062
4.50207, 106.128, 676.21
4.22945, 608.933, 321.719
6.64533, 699.326, -132.349
3.02204, -578.293, -500.66
6.40057, 403.034, 435
3.19919, -238.555, -195.279
2.62171, -625.424, -552.325
6.0664, 366.92, -558.451
7.15538, 71.1911, -605.875
7.47667, 310.531, 91.4293
3.86264, -678.453, 241.656
3.6923, -431.564, -223.174
3.87328, 587.558, 522.697
5.70836, -673.013, -540.474
5.17637, 259.773, 102.777
6.8967, 654.238, -322.83
6.75968, -619.201, -523.682
2.98004, 574.694, 0.399982
4.66818, -703.019, 214.08
3.17045, 2.60517, -578.203
5.86802, -131.171, 214.081
5.34964, -97.0246, -375.874
3.66474, -419.624, 692.618
5.50306, 256.975, -497.134
2.6551, -486.289, -55.2879
7.08512, 404.461, -264.391
3.82958, 733.211, -148.986
6.50016, -139.82, -401.358
5.46389, 29.6887, -615.739
5.0822, 285.404, 410.476
5.2567, 281.495, 395.569
3.47225, 398.677, -171.542
5.36152, 95.5219, -704.422
3.81992, 233.274, 297.221
4.41648, -723.922, 486.587
2.73626, -587.875, -612.458
4.22823, 465.876, -594.556
3.61594, 516.022, -387.351
3.81264, -89.7013, -602.676
3.05141, -357.135, -461.988
7.40088, -606.824, -93.5353
5.93794, 654.977, 518.243
5.82158, -528.521, -231.635
5.99501, -650.174, -530.162
2.68746, -625.095, -513.139
3.6706, -646.278, -494.659
3.95397, 683.745, 539.544
3.50543, 97.6469, -128.174
2.7177, 325.574, 135.108
2.56571, -351.878, 656.184
6.07297, -473.167, 623.208
6.88348, -593.443, -552.935
5.35088, -673.681, 358.855
6.92743, 789.495, 736.547
5.20042, -404.995, -215.556
3.31357, 817.133, -732.659
3.30492, 829.822, 436.903
7.19182, 284.43, 211.012
3.45628, 521.443, -627.945
3.15761, 107.897, -171.335
4.41122, -183.793, -87.6752
6.12674, 219.99, -81.8957
2.50651, 593.071, 713.354
4.60222, -33.7572, 646.132
5.18984, 217.924, -36.7361
4.86596, -173.667, 228.678
6.33003, 594.927, 712.167
2.9396, 500.55, -416.638
7.04284, 225.883, 245.855
3.20818, -605.884, -545.681
2.54782, 246.7, 14.2473
2.82267, 343.35, 363.699
4.96742, 324.993, 133.673
5.40914, 495.45, 747.626
4.03373, -683.769, 521.781
4.57091, 686.219, -65.7184
4.33401, -642.696, -515.065
3.42687, 106.538, 550.863
2.76788, 497.001, 122.385
4.47222, 408.677, -69.062
3.98388, -297.59, -216.374
5.05388, -394.051, 611.309
3.75392, -712.681, 211.517
5.01589, 766.241, 759.43
2.51168, -92.7366, 595.247
7.01807, 774.727, -399.982
2.79181, -774.374, -723.289
5.17506, -432.067, 629.075
3.95754, -388.59, 650.413
7.3023, -639.628, -209.356
4.73406, 276.482, 37.429
5.08479, 686.5, 224.754
5.93861, -250.29, -64.5225
2.72187, -132.868, -57.641
7.2946, -681.66, 510.865
5.70852, 300.226, 210.049
2.80215, 274.858, -605.671
3.33964, 223.478, 282.169
5.76491, 371.413, -101.693
6.19864, -717.483, 217.056
3.57011, 706.039, 205.95
4.31441, 50.2498, -592.508
6.56981, -566.101, 736.35
5.32057, 695.771, -367.617
7.45886, -26.4088, -576.726
6.5669, -645.172, 190.29
3.49157, -733.847, 9.60742
2.50003, -32.6462, -589.417
4.62608, 784.093, -679.461
4.07406, 695.093, 222.923
5.56218, 548.628, -731.741
3.83351, -160.917, -503.603
4.39881, -584.332, -18.5887
5.43397, 696.353, 170.514
5.95636, -195.319, -480.735
7.26736, -264.881, -494.868
4.89785, -322.194, -701.926
3.60319, 345.509, -613.022
5.33741, -629.619, -570.28
6.09873, 301.121, 83.5194
4.4953, -459.375, 577.009
3.48326, -593.912, 747.096
6.66971, -637.545, -494.731
5.59561, -443.668, -688.448
7.26866, -212.082, 74.7986
3.23222, 49.7073, -145.569
5.38953, -193.316, -429.279
7.26796, -457.148, 552.934
3.62331, 712.633, -777.208
7.25137, -465.675, 627.897
3.07874, 692.611, -449.455
2.58372, 46.8423, -179.793
3.90465, -278.714, -172.337
7.15042, 498.872, 125.335
3.04796, 740.515, 719.986
6.77266, 34.7522, 543.149
5.68532, -556.663, -530.868
5.63853, 339.191, -590.966
3.80589, 684.708, 541.932
5.13936, -675.316, 146.264
7.16608, -230.146, 693.35
3.98055, 654.779, 47.5888
4.78006, 214.441, 295.265
6.35659, -648.693, -481.678
4.17193, 300.29, 103.023
6.31775, 124.994, -639.353
6.65892, -107.778, 658.136
2.64618, -733.738, 501.033
4.31315, 604.383, -211.984
4.16221, 314.999, 397.831
3.17675, -450.36, -160.148
3.00839, -224.764, 620.527
5.11327, -491.034, 733.706
3.52046, -30.8361, -395.409
5.00728, -593.395, -554.554
5.1371, -8.48125, 685.046
4.13422, -251.687, -142.477
4.75888, 270.661, -302.238
6.85263, -60.1934, 633.537
4.72884, 524.27, 650.7
6.03726, -569.204, -524.148
6.83171, 742.5, -646.548
6.5822, 717.99, 243.245
2.67504, 752.864, 786.47
3.8644, -512.698, -281.055
5.21858, -284.703, -455.679
3.19942, -558.304, -562.696
5.57408, -647.206, -650.546
3.29182, -630.241, -611.721
4.41129, 192.149, 192.928
5.94997, -117.959, 150.122
3.21128, -339.209, 366.519
5.65284, -742.714, 656.644
3.15973, 125.463, 690.31
7.13583, -711.309, 238.554
5.53465, -688.942, 642.78
5.50388, -692.012, 208.146
3.33635, 440.5, -398.583
3.301, -585.287, -484.141
5.91628, 547.607, 23.634
5.1456, -571.047, -82.5569
3.65264, -40.9898, 633.439
6.55373, -423.67, -107.114
5.76477, -328.428, -439.749
4.08597, -680.734, -558.622
2.53953, -216.723, -594.463
3.49176, 650.316, 545.214
3.78831, 112.418, 333.015
3.03825, 601.105, -106.041
3.49545, 73.0024, -157.753
6.75079, 844.65, -609.078
6.63912, -682.334, 237.833
6.76813, -639.92, -571.605
5.71027, 163.089, 565.472
3.6787, 704.048, -779.182
6.80638, -571.974, -556.193
5.4745, 133.121, -203.217
2.52745, 438.008, -54.6246
6.84925, -639.971, -539.324
7.37729, 498.11, 121.256
5.59653, 241.569, -63.1642
3.85574, -692.563, 102.622
7.46973, -130.68, -384.169
4.60751, -680.056, -534.209
4.20537, -588.517, -539.211
4.80717, 236.366, -145.714
4.44822, 188.709, -351.453
4.613, 117.501, 547.365
2.84879, 233.442, 331.255
5.5153, 67.1547, -195.142
7.36114, -89.0496, 99.8552
5.07406, -618.464, -542.209
7.45461, 630.812, -112.392
5.84906, 453.157, -74.8291
4.01716, -578.957, -60.7138
3.47371, 642.812, 559.898
4.0109, -644.195, -646.708
4.93946, -387.069, 473.745
4.72438, 494.85, 747.603
5.7844, 355.999, -561.179
3.74227, -578.919, -505.481
4.72007, 70.3708, 479.868
5.75894, -588.589, -78.587
6.67472, -702.619, 211.89
6.03698, 130.218, 702.952
4.93928, -587.958, -520.299
6.72039, 341.959, -96.4562
7.00296, -536.074, -250.501
6.33082, -612.727, -555.648
5.29453, 553.164, 795.917
2.70603, 64.2107, 69.8974
5.46749, 531.924, 127.013
2.68674, -439.249, 612.489
4.53488, 168.892, 361.222
2.84243, -762.117, -815.352
7.38558, -629.167, -646.852
2.5956, -527.421, -231.503
6.60363, -224.691, -168.639
5.2195, -386.903, 643.033
5.72828, 646.882, -283.656
3.62934, -224.283, -37.079
2.733, 749.536, -646.356
3.63154, 269.384, -522.1
4.58371, -650.723, 109.442
6.40126, 220.606, -533.572
3.72852, -708.067, 216.17
4.81411, 497.147, 99.8014
6.14756, 664.915, 128.95
5.35237, -389.468, 648.569
5.45997, 768.115, 772.181
4.98425, -651.038, 152.764
3.951, 267.476, 109.647
4.71107, 55.8888, -218.88
2.53669, 740.959, -556.945
7.41683, 448.447, -258.236
2.52822, -738.602, -154.18
4.8676, -15.2244, 590.436
5.86497, -198.949, -259.981
