6.27803, -567.714, -394.851
3.5948, 172.48, -165.401
5.89648, 330.668, -487.74
5.09708, -207.83, 606.487
2.76731, -653.373, 619.797
2.53849, 214.562, -22.0821
4.58743, -538.769, -225.329
7.15218, 261.119, 284.58
2.95982, 78.8404, 430.877
6.00595, -146.08, 162.329
3.81226, 547.976, 631.713
4.14117, 416.049, -559.161
7.45519, 267.749, 181.995
7.41275, -493.023, -217.199
5.75759, 206.334, 310.382
6.92354, 209.305, -537.247
6.33247, -133.986, -316.582
3.87453, -518.307, -99.2032
4.93259, -452.158, -170.585
2.80282, 715.686, 728.552
5.08146, -65.652, 567.208
4.96988, 662.116, -441.717
7.23882, -588.209, -547.47
4.42071, 13.6209, -534.104
5.14874, 667.577, -416.885
2.75042, 636.552, 7.05124
6.63909, 370.398, 376.442
5.94228, -544.529, -506.749
6.18112, 185.211, 582.615
6.94286, 637.41, 446.717
4.25508, -250.492, -431.825
6.72991, 295.698, 48.3554
3.84659, 439.823, -34.5499
4.83959, 34.3083, -204.978
3.2686, -580.162, -539.53
2.66527, 430.933, 100.281
7.2768, 94.2521, 36.8839
6.95369, 214.404, 314.27
3.29884, 441.067, 117.624
3.15214, 297.884, -530.343
2.515, -477.099, -590.802
6.0491, -551.255, -169.119
3.40448, -428.81, 562.191
5.76029, 590.812, -280.138
4.42907, 294.5, -550.163
3.23766, 119.616, -185.531
5.45054, 500.19, -5.42849
3.24076, 85.2943, 586.358
3.2091, -121.08, 561.439
4.94257, -366.201, -43.6364
3.13015, 579.579, -70.6441
5.64635, -219.863, -401.101
5.60817, 288.65, -396.992
4.88216, -445.381, 580.995
2.64188, -364.968, -140.004
3.21011, 143.782, 556.347
3.15594, -175.007, 634.014
3.31099, -690.529, 580.254
3.76529, -122.641, -472.978
4.77654, 362.304, -586.444
6.54472, -0.201568, -144.766
3.57624, 176.965, 585.344
3.75063, 578.342, 320.087
5.02978, 7.59025, 617.698
6.27922, 445.451, 119.747
5.66369, 585.049, -64.1654
5.9449, 438.668, -41.7208
7.27207, 642.606, 448.468
5.18713, -407.841, 587.52
4.57014, -528.071, -146.121
4.70019, 373.352, 123.96
6.07821, 549.93, 400.029
6.20858, 241.252, 271.739
5.12494, 698.146, -675.996
6.06711, -510.161, -220.325
5.91025, 206.79, 27.6866
6.82941, 656.724, -370.568
3.19597, -102.47, 573.026
3.57766, 647.096, -92.6777
5.0733, -222.905, -198.004
4.83766, 105.718, 483.062
3.55759, -217.782, 616.752
5.65244, -531.058, 667.505
2.5044, -620.299, 213.263
4.09589, 255.554, 354.388
5.90281, 283.592, 52.513
6.0446, 464.725, -372.037
2.90869, -654.285, 491.338
3.56926, 295.85, 343.82
4.44412, -559.044, -538.57
4.44927, 671.207, 686.702
3.92018, 233.184, -443.584
4.6123, 416.767, 380.009
2.55658, -556.6, -451.479
3.72027, 724.211, -622.944
4.49072, -640.301, 486.617
6.64177, -624.662, 234.399
3.78584, 734.944, -711.22
3.59705, -619.424, -520.717
6.47385, 252.635, 364.364
5.8476, 241.652, 289.379
5.49108, -639.097, 224.185
5.99917, -242.982, -404.947
5.13062, 407.514, -600.972
4.14833, 335.44, 144.088
3.30844, -793.834, 184.418
6.56633, 453.166, -69.6616
4.08004, 216.048, 117.145
4.05369, -29.0897, -460.209
4.65424, -14.1527, 24.9528
4.46509, -134.698, -550.765
4.43916, 2.99611, -161.788
4.34871, -489.233, -420.842
5.88118, 234.207, -440.71
6.10384, 215.413, 44.9877
7.20082, 2.92359, 561.164
5.08573, -227.306, -384.77
5.5282, -122.659, 162.647
5.85049, -538.353, 644.385
5.11404, 95.158, -185.728
3.87105, -618.845, 554.134
7.08924, 258.53, 301.895
3.73367, 669.241, -446.722
4.77876, 241.395, 289.875
3.30374, -672.95, 606.25
4.68319, 154.869, 248.992
7.45767, 282.128, 115.162
6.26931, -304.562, 389.475
4.97846, -562.987, -488.273
7.01651, -618.47, -391.269
4.68213, 371.7, 379.788
5.09239, 95.9503, -473.575
4.44866, 156.53, -494.342
5.63431, -162.52, -303.208
5.19331, 254.742, 84.4478
4.35955, 416.265, -403.917
2.54674, -226.568, 223.991
6.3794, -12.7738, -517.054
2.85317, -489.854, -476.418
3.98511, 279.252, -547.121
4.78581, 17.8582, -538.116
3.25156, -99.0579, -72.6034
5.97819, 443.323, -383.317
4.15587, 291.045, 114.258
5.21197, 734.614, -622.089
2.64678, 623.978, -735.469
5.38086, 80.5589, -108.073
5.18133, 257.604, 230.039
7.36678, -573.755, -492.902
5.57063, -233.813, -401.55
5.26431, -628.179, 201.312
6.69051, -212.431, 598.109
3.75764, -404.75, 541.382
6.98957, 443.701, -41.5013
5.97428, 470.549, -373.704
5.82752, -407.798, -141.774
3.06838, -608.729, -563.236
3.37987, -601.79, 222.733
2.91253, -80.811, 87.2757
6.68103, -82.6075, 242.368
2.64818, 648.74, -676.341
6.34719, 9.71729, -546.24
4.29829, -442.463, 522.722
6.24626, 78.9631, 466.831
6.28385, 282.899, 72.4815
3.60834, -438.37, -588.193
5.58305, 353.181, 100.794
3.66846, -307.07, -133.856
6.22052, -715.809, 232.082
5.80997, -554.339, -514.869
4.9209, 695.46, -667.036
2.58972, 596.639, 59.4967
4.98291, 264.675, 84.7383
5.09587, 134.188, -535.852
4.71395, -627.512, 298.607
4.14528, -14.5096, 564.405
3.52671, 329.013, -69.8352
7.19863, -146.104, -364.098
2.85168, -452.241, 602.442
3.30042, -33.8927, -519.147
6.70788, -531.557, -141.003
4.13614, -242.398, -184.994
6.85942, 257.405, 296.135
5.99896, 569.754, 536.971
5.52801, 600.875, -77.6721
4.77536, 52.1782, -208.043
2.91543, -414.498, -260.726
3.94883, 25.8305, -111.585
6.51009, -562.911, -404.963
6.81821, 238.236, 60.4789
3.81831, 246.412, -446.627
4.79881, -560.15, -143.446
4.95672, 447.79, -382.25
5.82344, -448.521, -557.806
7.31738, -463.91, -267.976
7.23022, 401.207, -586.849
2.81902, 277.826, -434.44
5.04829, -422.462, -202.65
6.13222, 688.808, 378.614
5.65882, 352.396, -146.652
3.26658, -717.291, -689.275
5.09652, -624.079, 297.949
3.52281, -372.285, 483.84
6.03231, 404.145, -572.51
6.05786, -359.861, -172.445
3.66304, -290.403, -143.565
6.80594, 116.956, -273.482
2.67122, -3.24523, 566.191
6.26587, -613.638, 184.142
4.14789, 439.389, 104.993
4.65309, -142.703, -367.105
7.33455, 602.484, -52.4483
4.05803, 564.507, 495.071
5.69762, 623.94, -486.918
5.95386, 598.862, -71.3993
5.36403, 19.7925, 534.931
6.60667, 707.275, -632.716
4.21807, -491.992, -510.107
5.09387, -547.423, -499.463
6.78438, 79.9852, -565.456
6.18587, 269.781, 139.66
3.45992, -650.631, 119.021
2.83145, -288.504, 271.187
3.60828, 699.328, -618.817
3.33656, -23.5473, -73.5594
6.31172, 351.274, -486.212
5.44905, -623.736, 168.294
4.65223, 704.092, 704.371
7.09618, 494.139, -3.46471
5.09668, 252.231, 94.8306
7.38058, -554.271, -40.9121
5.15714, -370.027, -47.6475
2.98716, 304.275, 98.6193
5.83983, 270.753, 137.134
5.44444, 299.442, 9.3777
5.01137, -494.151, -153.582
2.75808, -607.774, 159.816
2.6753, -70.3662, -257.967
4.41484, -587.442, -576.559
5.55555, 353.183, 86.1372
5.06574, 592.851, 648.185
5.98498, 240.022, 83.0414
4.89891, -30.6821, -94.2857
3.88323, 139.195, 378.108
6.01685, -351.385, 43.7735
3.67701, 650.23, -42.1266
6.41501, -53.4789, -162.162
6.60589, 175.881, 529.766
3.21842, -392.656, -98.6905
5.75757, -437.783, 549.281
3.87677, 800.926, -606.12
7.26215, -415.757, 572.833
4.58238, -505.008, -112.688
3.03869, -140.259, 132.821
4.70633, -663.5, 493.137
6.28811, -402.103, -167.516
2.77803, -416.045, -185.776
3.51241, -1.43984, 16.2006
6.82305, 698.152, -623.941
6.52456, -164.29, -80.9697
2.78861, -505.654, -542.087
4.40304, -95.8096, -482.225
4.56124, 28.8842, 551.263
2.80071, -180.152, 234.035
7.09746, 537.255, 490.148
3.35398, 550.205, 612.669
6.51634, -622.165, 209.259
3.88599, 483.09, -0.294786
4.44586, 118.167, 628.958
7.19936, -19.1918, 631.609
6.24573, 7.49263, -144.239
3.44774, -490.185, 565.836
6.89581, 246.523, 252.988
6.8953, 312.426, -592.353
3.30515, -536.376, -236.905
5.87346, -488.268, -186.513
6.89096, 376.548, 129.319
6.98262, 297.487, 362.942
3.06535, -93.1971, 553.068
5.93789, -210.36, -255.955
3.21651, -458.33, -475.98
3.6901, 200.438, 64.5202
5.64383, 594.638, -92.576
4.312, 577.522, 321.842
4.64437, 687.423, 422.101
4.91936, 13.4206, -531.717
6.20379, 36.6144, -184.433
3.23098, -474.224, 482.164
7.36238, -499.292, -510.332
7.3158, -507.517, -213.724
3.14741, -297.204, 657.832
5.3784, -89.4819, -348.714
4.66439, 64.3283, -154.371
5.50066, -217.143, -152.449
5.85098, -517.172, -145.2
4.5137, 453.207, 696.568
6.46691, 615.326, 471.497
4.89889, -506.403, -184.327
5.72449, 284.629, 38.3024
4.28836, -214.386, 618.357
5.96794, -157.363, -222.886
5.83428, -452.223, -503.808
3.22071, -428.594, 583.708
7.10415, -659.643, 230.519
4.22228, -9.49353, -166.321
6.66824, -210.169, -416.691
2.74349, 303.277, -465.626
3.27936, -249.252, -150.093
2.55765, 253.095, 345.885
3.94327, -2.27403, 525.886
5.07295, -221.146, -177.987
3.65948, 589.183, 436.114
2.75022, -218.845, -48.8779
5.33091, -559.392, -470.656
6.69774, 53.3832, 556.299
4.28763, -598.022, -535.156
4.3452, 111.477, 609.347
7.22226, 216.218, 39.6844
4.72425, -467.317, -185.441
6.82086, 271.071, 196.354
5.82654, -515.5, -468.45
5.79297, 98.6741, 505.006
7.10736, -770.727, 719.371
5.11536, 703.688, -628.705
5.45229, 314.455, -416.078
5.79944, 595.536, 507.138
4.24765, 253.876, 354.765
4.11714, 255.957, 21.7925
7.08984, 23.3802, 591.863
3.08619, 615.407, -540.606
7.31268, 453.45, -21.7778
5.17978, 95.1414, -203.415
5.81447, 624.772, 476.962
5.48362, 640.562, -459.637
6.93363, -562.811, -509.782
6.67999, -543.549, -503.643
6.69339, 331.859, 119.52
6.85642, -132.166, 170.497
2.5002, -597.57, 144.817
4.77274, 344.613, 106.267
4.25696, -625.117, 214.363
5.80713, -210.421, 578.654
6.22234, -641.872, 234.016
3.3821, -87.3124, -397.281
7.4621, 716.785, -619.084
5.95466, -625.859, 208.434
6.97862, 300.873, 122.783
3.51579, 299.461, 134.734
7.2356, -394.288, -242.382
4.88476, 663.71, -444.814
6.78578, 665.372, -545.857
6.41237, -574.747, -477.521
5.70687, 723.263, -584.468
3.14521, -696.609, 143.442
5.77944, -111.461, 582.958
3.09199, 81.0136, -137.883
3.88793, 179.714, 607.611
6.65548, -220.473, -156.723
6.14153, -595.067, -545.162
6.74348, -769.344, 139.992
3.43989, -587.662, -489.552
6.09602, 402.004, -268.247
4.25586, 324.077, 217.69
3.34555, -485.654, -499.642
4.52383, 101, -551.414
4.20924, 149.37, 636.683
6.67141, 280.993, 50.6468
3.9111, 598.373, 524.058
5.16766, -577.471, -557.864
6.25085, 723.99, -626.624
4.62554, -629.608, -401.068
4.66964, -424.632, 559.675
3.03022, 706.311, -746.608
6.4639, -159.01, -392.74
3.91232, -547.167, -487.736
7.14264, -291.599, -133.947
5.37926, 305.021, 325.302
3.4895, 616.16, -292.741
5.99081, 304.465, -554.484
3.07265, 333.236, -541.453
4.22945, 183.814, 572.839
4.15646, -517.724, -226.81
6.42735, 700.796, -578.502
6.65775, 345.044, -58.3416
4.21712, -666.751, 583.527
4.2603, -212.878, 610.384
6.38197, -3.90342, -525.386
6.58658, -92.8661, 548.618
4.26157, -234.605, 122.485
7.09559, -425.197, -210.738
3.2877, 231.872, 86.1256
5.56029, -470.854, 584.83
5.54222, -427.78, 582.794
3.16647, -127.306, -436.796
3.51409, -566.861, -532.009
4.79457, -619.603, 565.33
3.48759, -448.992, 569.517
6.77118, -631.916, 230.118
6.54562, -424.019, -450.091
2.80131, -609.882, 553.783
6.50584, -637.733, 507.115
5.49597, -124.419, -386.86
7.43182, -663.217, 200.48
2.65919, 13.4582, 603.462
6.8356, 699.15, -615.593
3.69109, 444.368, 192.823
3.6127, 258.775, 273.206
4.73907, -575.931, -482.919
2.61231, 663.479, 53.0245
6.79755, -220.239, -56.0692
4.15902, 292.966, 313.029
5.72195, 251.455, 128.225
7.43521, -555.556, -479.57
5.30162, 265.189, -449.123
4.74553, -509.253, -172.219
5.213, -2.80478, -506.76
2.90797, 550.062, -126.634
3.99606, -534.163, -239.078
6.63964, 597.601, 505.676
6.48936, 434.67, 736.672
5.71048, 0.831979, 609.264
4.84105, 408.818, 140.882
7.15326, -91.0817, -396.525
5.08798, -208.518, -53.4449
7.42924, 661.132, -396.506
5.94567, -7.28153, -553.244
6.19966, -81.3828, -329.722
3.46323, -442.52, -551.491
6.08881, -361.699, 611.217
6.11146, 473.349, -90.3611
6.49298, 312.789, 94.4704
4.23216, 223.636, -631.943
5.1481, 55.3087, -175.785
3.19001, 528.952, -157.115
6.73218, -227.478, -162.471
6.32766, 49.4522, -475.077
7.5, 605.796, -553.65
4.24891, 486.616, 666.315
5.50367, -436.121, 670.58
3.50808, -349.474, -44.2508
6.2385, 99.7366, 44.9101
6.49225, 628.413, 138.282
3.03505, -671.73, 202.097
5.35813, -373.275, -35.1958
2.84683, 243.302, -252.876
4.16036, 700.716, 504.813
5.80945, 324.198, -522.573
5.27726, 7.88592, -179.327
7.12415, 311.515, 8.88895
2.69832, -348.885, -65.1286
2.62083, -201.326, 42.0637
4.61923, 288.354, -409.999
4.36987, 210.893, 22.2307
2.93303, -223.688, -164.902
3.05403, -50.0542, 108.971
5.31992, 259.795, -380.729
7.37269, -91.6755, 570.467
3.05066, 5.82998, -555.443
5.99352, 112.236, 527.797
2.79674, -8.27446, -528.514
4.69755, 598.414, -71.5259
5.24651, 681.025, 602.497
3.45129, 493.722, -585.343
7.36597, 246.625, 116.052
3.19593, -524.796, -148.259
5.48978, 654.376, -442.795
7.12812, -650.446, 591.074
3.91116, -5.24259, 556.381
6.8307, -118.941, -135.026
6.29598, -19.1467, -326.512
6.10793, 228.037, 281.797
3.34241, -218.147, 227.189
3.32882, 665.019, 315.54
3.39076, -612.993, -548.598
5.87226, 289.868, -465.853
4.83484, -75.504, -256.508
6.85219, -557.544, -398.261
5.76023, -492.667, -166.13
5.80464, 764.851, 718.643
2.58037, -628.45, -520.355
4.30596, -475.979, -505.23
3.72747, 603.402, 108.548
6.93086, -703.254, -666.145
5.23701, 708.782, 736.988
6.57209, 26.0975, -499.175
5.24453, 112.679, 519.033
4.16156, 371.108, -25.5747
4.40213, -5.89579, -577.707
2.52389, 576.937, 560.043
6.95226, -162.997, -369.499
6.16955, -416.497, 590.357
6.04239, 14.7921, 597.949
5.1278, 49.6776, -195.562
6.41065, 10.6863, -550.173
3.42484, -343.499, -383.442
5.72673, 269.977, 286.531
3.42178, -396.978, -178.961
3.31214, 76.5601, -206.15
2.65594, -249.676, 584.825
7.42716, -7.70576, -522.603
4.04559, -269.798, -384.021
4.11075, -366.487, -191.974
5.51155, 227.325, -1.14756
2.89107, -269.473, -600.454
3.93936, 83.0584, 23.5816
5.79307, -121.54, -382.712
7.36348, -591.099, -349.678
7.27758, -371.209, -500.95
7.42745, -508.916, -229.91
7.30478, -490.246, -555.249
3.0073, -424.328, 581.389
3.71505, -70.8641, -336.939
6.91151, 40.2346, -117.267
5.28805, 270.779, 359.317
6.7669, 558.107, 495.543
7.49145, -433.493, 548.824
3.99751, -141.703, -557.421
6.33157, 644.775, 427.605
4.81901, 215.164, 0.467522
6.8168, -593.031, -386.606
6.99018, 581.971, -62.6987
7.377, 176.34, -295.055
2.77405, 379.264, 121.448
6.32605, 674.592, -693.613
5.09219, -637.713, 580.392
3.46574, 567.783, -132.151
6.98252, 301.655, -511.02
6.38492, -580.794, 258.75
2.75968, 306.818, 366.505
7.47331, -698.957, 620.458
5.93659, -228.716, -445.44
5.94854, 635.676, 453.146
6.57666, -329.211, 540.306
7.05426, -136.857, -378.585
3.34218, -148.868, 169.326
5.24183, -360, 562.409
6.53351, -305.601, -124.12
4.17803, 229.358, -447.609
5.53435, -96.1017, -67.8304
6.59602, -612.965, 137.672
7.3485, 93.3953, -208.752
6.29349, 601.577, 445.986
3.72113, -123.187, -132.659
5.80589, -577.876, 268.571
4.21574, -491.44, -230.947
7.27146, 248.942, -291.726
2.60828, 480.145, 587.385
4.54979, -752.596, 745.063
2.55789, 417.477, -544.075
3.04964, 583.743, 235.952
5.28259, -590.724, 254.294
4.45466, 54.7405, -149.227
7.20539, 15.9143, -164.871
2.55572, 270.915, 284.585
6.22897, -60.5533, -362.658
3.84293, 309.943, 26.1249
4.27153, -621.104, -434.876
3.45835, -295.373, 663.459
5.14832, 205.113, 216.332
4.39478, -26.0783, -517.02
3.16407, -80.867, -471.502
4.26563, -119.188, -383.09
4.2497, 733.708, 637.511
7.41084, 421.611, -32.7325
5.25961, -8.18685, -115.296
4.99918, -29.6126, -527.4
3.58531, -653.872, 224.034
4.37311, -90.1851, -342.39
6.78251, -595.124, -526.328
6.45578, 670.834, -384.236
3.9204, -452.432, 600.007
5.07645, 243.244, 241.978
6.79238, -210.023, -103.021
7.07844, -503.059, -275.178
7.48941, 63.5051, 570.187
6.53177, 1.54241, -159.456
5.22718, -519.64, -219.329
7.3461, -25.202, -523.488
5.31931, -547.23, 296.271
4.03031, -445.911, 556.047
5.41853, 696.414, 655.572
2.91197, 103.925, -191.15
5.47382, 219.947, 268.524
3.31968, -528.489, -457.719
6.46527, -543.429, -517.559
2.95373, 694.978, 474.096
6.3072, -563.821, -507.064
6.83996, -155.199, -55.285
6.40105, 26.5326, -365.307
6.61399, 620.137, 620.084
6.70974, 249.192, 328.31
4.48328, 119.872, 72.7174
6.508, -82.8106, 89.284
6.56811, 257.483, 33.0783
5.43493, -342.573, -24.6896
4.64621, 550.936, -75.7365
2.5002, -173.114, -373.685
5.31153, -574.457, 192.304
6.22632, 257.82, 105.715
3.89846, 639.643, 212.692
2.93406, -596.077, 527.931
3.5733, 660.54, -584.388
3.93296, -502.637, 621.348
4.86595, -393.395, 434.525
6.95893, 656.783, 683.638
5.91955, 382.942, -379.771
3.54376, 105.262, -194.906
6.67533, 646.313, -119.099
7.09218, 693.836, 683.841
4.48244, -602.609, -514.142
6.37858, 368.654, 383.149
5.68161, -13.0419, -101.035
6.64746, 257.634, 108.637
3.40204, 486.763, -403.047
7.45927, 405.441, -574.903
6.70558, 30.4846, -525.658
4.65177, 621.088, 228.487
4.38589, 441.148, 718.338
2.70802, 381.866, -378.409
6.80715, -539.491, -485.204
6.62116, 723.11, -627.725
6.25052, -104.883, 591.172
3.55801, -232.859, 653.235
4.31029, -549.49, -141.974
4.43545, -537.438, -413.105
7.32918, 617.683, 495.943
6.5872, 22.8369, 600.334
4.5755, 33.9679, 361.504
5.83759, 347.246, 109.216
2.52101, 485.404, 664.05
6.98048, -662.435, 230.413
3.68416, -213.041, 232.015
3.79415, 220.478, -236.689
5.4939, 330.153, -532.771
6.89823, -631.919, 159.057
6.16299, -582.02, -545.275
6.0773, 635.531, 460.107
3.57724, -345.704, 575.156
6.30413, 692.111, -719.211
3.85351, -153.413, -393.037
2.75246, 370.108, 84.3503
4.78866, 230.057, 41.6577
2.58759, 433.794, -524.461
3.01129, 55.3053, -184.03
2.639, -236.733, 116.844
5.65921, -204.017, -425.201
6.34425, 87.2807, -173.354
2.74132, 427.766, -520.804
6.6924, -40.9436, -544.398
6.76899, -259.221, -158.262
6.57649, -403.54, 586.879
6.85188, 650.12, 330.005
5.27222, -448.718, -235.346
6.12646, -166.1, -63.1208
3.20424, -401.842, 551.143
6.6115, 389.598, -371.326
5.51185, 386.439, -46.9095
4.93856, 411.508, -582.519
6.14942, -108.439, 581.033
4.05164, 740.528, -688.683
3.93925, -544.511, 168.589
5.45857, -686.688, 573.558
5.34055, 517.109, 574.597
5.41059, -488.793, -483.578
2.84132, -750.573, 232.989
4.34304, -10.5743, -117.236
6.28475, -586.718, -432.583
6.35297, -436.576, -569.561
4.27217, -440.187, -201.968
5.98913, 15.3893, 557.67
5.08005, -515.712, -227.412
5.94494, 307.232, 130.954
6.18066, 5.19464, 600.549
2.56231, -271.417, -375.916
7.16549, 434.571, -27.8439
5.37826, 339.135, 117.103
3.05587, 501.02, 623.859
4.87388, -125.608, -91.6195
3.24247, 438.613, 195.629
4.22594, 275.246, 267.382
7.04476, -621.356, 241.716
4.54571, 71.3435, 471.097
5.96642, -562.265, -163.474
3.35865, 324.34, -492.03
6.21715, 642.309, -441.604
4.16319, -394.579, 622.523
4.62157, 392.091, 149.548
2.79523, -228.869, -77.1004
5.09005, 216.456, -13.8711
5.94425, 245.998, -436.661
5.01149, -206.582, -58.8462
6.56617, -57.3311, -519.804
3.07974, 74.7293, -538.212
5.24841, 266.557, 349.125
5.06046, 243.654, 42.1079
6.02649, 638.492, 455.668
5.65083, -221.032, 598.965
4.0207, -20.1329, -545.995
6.74719, 258.373, 103.563
3.39619, 519.951, 51.1436
2.61737, -405.593, -153.353
4.19467, 420.542, -50.2591
3.43818, 288.148, 50.6599
6.60467, -185.89, 29.6433
6.72507, -508.543, -184.084
6.78031, 702.499, -622.121
7.37454, -677.294, 606.337
2.99587, 286.743, -439.884
2.56182, 620.754, 520.526
2.58614, 296.116, 312.137
2.64527, 273.397, 128.222
4.1031, -14.6279, -115.194
6.17815, 458.413, 193.504
3.14876, 252.329, 262.152
2.5161, -320.904, 326.586
6.91905, -47.8699, -502.512
3.70482, 302.785, -505.811
4.38481, -691.976, 575.89
4.44879, 376.098, 115.494
2.81534, 429.359, 148.953
7.30792, 156.299, 539.422
3.75349, 648.978, -267.138
6.85376, -528.774, -126.362
2.85991, -640.047, 187.748
2.70653, -379.677, 499.126
3.46378, 247.77, -447.281
3.86708, -227.175, 287.552
7.4007, -581.134, -365.628
3.60607, 281.009, -462.54
6.43119, -668.056, 512.768
4.42306, 170.175, -310.081
3.78593, 300.292, -508.039
3.91087, -610.035, 246.223
7.33834, 486.708, 14.6753
4.22841, 300.41, 104.088
3.45922, -599.494, 463.23
5.05037, -519.412, -139.768
5.21857, -424.587, 643.383
5.72333, -574.864, -538.255
3.89738, -56.638, 569.103
3.41887, -274.183, -373.142
2.71579, -587.009, 165.651
3.98408, -507.326, -240.895
4.25548, -152.185, 112.156
7.09372, -466.834, 496.539
5.81225, 404.985, -242.624
5.08041, 593.377, 505.085
4.03763, 349.567, 366.653
3.0007, -108.257, 81.634
3.47502, 299.915, -554.919
4.11407, 138.232, -139.754
5.56182, 568.103, 101.978
5.13511, 712.643, -583.108
3.45653, 312.162, 207.697
4.7178, -608.653, -564.171
4.48693, -398.184, 550.608
6.28051, -537.507, 618.987
6.6213, 590.453, 528.232
5.51573, -17.4855, -253.505
3.04573, 262.981, -528.855
4.11797, 321.239, -141.96
5.03403, 176.616, 231.966
4.76521, -397.359, 556.974
4.77315, -125.347, -355.1
4.91125, 713.992, 688.079
5.07896, 336.057, -507.448
4.50207, 67.9208, 585.655
4.22945, 509.415, 319.382
6.64533, 593.757, -87.8696
3.02204, -665.029, -495.984
6.40057, 361.146, 355.178
3.19919, -225.326, -192.264
2.62171, -561.716, -532.678
6.0664, 288.259, -556.658
7.15538, -14.3938, -529.733
7.47667, 258.985, 143.154
3.86264, -669.178, 268.075
3.6923, -417.317, -201.971
3.87328, 511.766, 509.857
5.70836, -533.394, -470.774
5.17637, 300.885, 79.3739
6.8967, 604.973, -309.711
6.75968, -636.175, -425.219
2.98004, 482.821, 30.6954
4.66818, -727.949, 228.2
3.17045, 64.75, -431.928
5.86802, -139.188, 179.204
5.34964, -152.772, -376.304
3.66474, -436.103, 677.984
5.50306, 275.133, -440.332
2.6551, -410.464, -117.745
7.08512, 348.5, -230.033
3.82958, 629.677, -109.383
6.50016, -170.67, -389.495
5.46389, -52.0841, -510.184
5.0822, 226.845, 266.716
5.2567, 255.874, 273.423
3.47225, 350.002, -152.543
5.36152, 75.6065, -654.396
3.81992, 255.087, 330.974
4.41648, -674.351, 464.834
2.73626, -563.801, -441.443
4.22823, 419.955, -544.695
3.61594, 443.743, -390.195
3.81264, -83.1443, -484.26
3.05141, -316.714, -455.994
7.40088, -499.301, -135.494
5.93794, 631.802, 472.938
5.82158, -513.979, -145.03
5.99501, -542.759, -483.934
2.68746, -537.779, -531.119
3.6706, -608.945, -444.199
3.95397, 564.85, 508.355
3.50543, 89.5826, -146.337
2.7177, 280.441, 32.4258
2.56571, -319.434, 643.297
6.07297, -391.013, 526.844
6.88348, -551.228, -444.155
5.35088, -605.702, 331.146
6.92743, 706.899, 711.329
5.20042, -428.079, -205.645
3.31357, 728.442, -699.082
3.30492, 748.536, 420.392
7.19182, 280.234, 110.626
3.45628, 507.254, -580.115
3.15761, 36.6965, -186.357
4.41122, -149.971, -82.2794
6.12674, 219.6, 0.873109
2.50651, 593.072, 646.997
4.60222, -4.75224, 613.493
5.18984, 222.403, 55.0216
4.86596, -135.13, 215.973
6.33003, 590.68, 647.386
2.9396, 487.571, -402.632
7.04284, 271.152, 232.945
3.20818, -658.042, -578.97
2.54782, 231.388, 32.1137
2.82267, 370.994, 282.618
4.96742, 286.577, 32.4477
5.40914, 491.141, 673
4.03373, -593.722, 496.247
4.57091, 587.689, -64.8977
4.33401, -583.001, -541.693
3.42687, 86.5787, 506.267
2.76788, 446.143, 85.0465
4.47222, 379.933, -53.3592
3.98388, -267.923, -205.353
5.05388, -477.393, 546.899
3.75392, -642.188, 213.343
5.01589, 722.462, 680.569
2.51168, -151.2, 599.378
7.01807, 752.879, -347.861
2.79181, -699.189, -655.632
5.17506, -339.879, 549.634
3.95754, -442.651, 507.985
7.3023, -534.309, -217.776
4.73406, 240.219, 28.2311
5.08479, 621.495, 219.838
5.93861, -228.277, -62.3614
2.72187, -115.901, -92.8133
7.2946, -648.143, 508.125
5.70852, 265.579, 210.32
2.80215, 208.061, -577.891
3.33964, 251.044, 309.896
5.76491, 347.233, -61.5356
6.19864, -611.487, 168.912
3.57011, 624.499, 234.134
4.31441, -70.7151, -559.379
6.56981, -538.655, 640.548
5.32057, 641.965, -334.683
7.45886, 8.00679, -529.763
6.5669, -496.916, 137.311
3.49157, -638.902, 22.0522
2.50003, 23.7755, -513.716
4.62608, 704.362, -641.157
4.07406, 609.899, 229.062
5.56218, 525.382, -654.835
3.83351, -166.671, -467.74
4.39881, -514.998, 1.09116
5.43397, 608.255, 147.453
5.95636, -203.838, -413.059
7.26736, -202.254, -410.352
4.89785, -324.507, -611.776
3.60319, 303.056, -539.23
5.33741, -591.188, -553.875
6.09873, 280.896, 69.671
4.4953, -446.153, 582.897
3.48326, -536.369, 665.106
6.66971, -672.8, -467.374
5.59561, -436.678, -561.233
7.26866, -169.324, 22.1684
3.23222, 50.4784, -200.546
5.38953, -218.449, -443.204
7.26796, -432.343, 583.464
3.62331, 692.047, -686.795
7.25137, -415.448, 517.88
3.07874, 644.774, -480.063
2.58372, 100.838, -173.902
3.90465, -221.532, -182.154
7.15042, 424.45, 69.3701
3.04796, 743.832, 671.737
6.77266, 47.429, 519.27
5.68532, -639.957, -475.434
5.63853, 323.023, -520.335
3.80589, 563.567, 508.473
5.13936, -577.128, 189.331
7.16608, -233.113, 572.53
3.98055, 551.566, 30.9105
4.78006, 256.543, 284.479
6.35659, -535.619, -511.029
4.17193, 311.987, 59.2116
6.31775, 122.149, -516.977
6.65892, -103.25, 526.757
2.64618, -684.632, 460.076
4.31315, 573.357, -183.607
4.16221, 298.256, 367.255
3.17675, -415.938, -155.364
3.00839, -238.76, 625.764
5.11327, -426.239, 689.724
3.52046, -97.4279, -331.594
5.00728, -542.999, -419.466
5.1371, 14.6119, 557.921
4.13422, -251.015, -170.785
4.75888, 243.868, -313.539
6.85263, -3.75594, 528.713
4.72884, 512.616, 578.898
6.03726, -672.038, -394.038
6.83171, 706.485, -626.141
6.5822, 611.143, 215.29
2.67504, 713.385, 730.542
3.8644, -461.783, -205.742
5.21858, -203.676, -438.088
3.19942, -427.083, -499.923
5.57408, -551.906, -463.65
3.29182, -568.393, -517.327
4.41129, 259.018, 176.677
5.94997, -107.537, 138.798
3.21128, -318.169, 330.071
5.65284, -716.004, 628.144
3.15973, 112.267, 640.434
7.13583, -718.6, 236.804
5.53465, -618.728, 576.667
5.50388, -637.953, 214.013
3.33635, 369.074, -382.517
3.301, -585.444, -584.342
5.91628, 504.891, -22.039
5.1456, -531.083, -128.244
3.65264, 5.39458, 611.677
6.55373, -401.024, -148.979
5.76477, -291.083, -419.498
4.08597, -567.58, -532.043
2.53953, -184.299, -494.289
3.49176, 553.876, 571.268
3.78831, 175.99, 314.519
3.03825, 509.73, -140.195
3.49545, -16.5192, -139.001
6.75079, 829.804, -557.285
6.63912, -572.542, 170.056
6.76813, -561.75, -460.154
5.71027, 80.6238, 507.833
3.6787, 698.737, -691.749
6.80638, -640.239, -409.06
5.4745, 205.624, -142.012
2.52745, 394.134, -82.53
6.84925, -581.606, -547.852
7.37729, 433.843, 103.643
5.59653, 191.842, -66.4611
3.85574, -649.55, 54.1759
7.46973, -140.968, -385.308
4.60751, -642.356, -553.911
4.20537, -559.434, -476.799
4.80717, 209.627, -131.683
4.44822, 170.117, -335.107
4.613, 120.292, 575.862
2.84879, 301.995, 339.1
5.5153, 61.3608, -151.908
7.36114, -84.2607, 51.3084
5.07406, -601.066, -532.405
7.45461, 524.196, -71.6089
5.84906, 440.198, -25.5429
4.01716, -527.807, -160.074
3.47371, 593.254, 476.015
4.0109, -575.713, -489.631
4.93946, -395.076, 487.049
4.72438, 477.922, 681.391
5.7844, 300.149, -508.882
3.74227, -476.162, -506.118
4.72007, 103.545, 468.429
5.75894, -514.44, -157.036
6.67472, -731.817, 287.539
6.03698, 117.612, 606.658
4.93928, -568.964, -482.661
6.72039, 337.931, -44.5355
7.00296, -501.862, -214.622
6.33082, -536.325, -432.797
5.29453, 513.437, 731.361
2.70603, 86.5756, 19.0931
5.46749, 460.108, 88.8772
2.68674, -353.649, 496.412
4.53488, 229.611, 301.082
2.84243, -704.063, -769.328
7.38558, -599.469, -481.405
2.5956, -497.543, -198.381
6.60363, -253.761, -162.603
5.2195, -434.051, 526.255
5.72828, 608.051, -288.622
3.62934, -221.393, -51.4239
2.733, 704.119, -598.011
3.63154, 283.442, -533.23
4.58371, -648.33, 136.33
6.40126, 241.397, -471.832
3.72852, -634.741, 160.902
4.81411, 415.411, 93.8032
6.14756, 575.559, 73.4908
5.35237, -440.811, 529.543
5.45997, 719.38, 675.263
4.98425, -588.076, 203.185
3.951, 235.903, 13.92
4.71107, 105.927, -189.581
2.53669, 705.444, -607.338
7.41683, 412.658, -236.735
2.52822, -684.619, -120.144
4.8676, 14.8632, 614.416
5.86497, -166.956, -256.293
