6.27803, -560.262, -387.702
3.5948, 173.893, -162.883
5.89648, 327.85, -472.642
5.09708, -210.839, 599.257
2.76731, -639.299, 614.143
2.53849, 212.322, -15.0184
4.58743, -521.224, -225.816
7.15218, 262.173, 272.617
2.95982, 81.1462, 423.197
6.00595, -140.26, 161.975
3.81226, 547.529, 624.992
4.14117, 415.546, -548.622
7.45519, 262.637, 181.469
7.41275, -485.649, -211.317
5.75759, 199.226, 301.716
6.92354, 208.667, -526.193
6.33247, -138.352, -309.182
3.87453, -508.184, -100.025
4.93259, -449.111, -167.583
2.80282, 707.8, 717.263
5.08146, -64.6922, 563.93
4.96988, 660.365, -440.679
7.23882, -579.668, -559.447
4.42071, 20.9734, -533.253
5.14874, 659.429, -416.902
2.75042, 628.467, 5.43582
6.63909, 361.589, 374.539
5.94228, -539.926, -499.998
6.18112, 179.539, 574.131
6.94286, 621.696, 451.754
4.25508, -240.526, -428.839
6.72991, 295.346, 50.9454
3.84659, 432.196, -26.996
4.83959, 37.7729, -206.376
3.2686, -572.532, -539.852
2.66527, 418.411, 101.232
7.2768, 100.603, 32.1058
6.95369, 224.89, 305.768
3.29884, 436.859, 119.538
3.15214, 290.915, -531.238
2.515, -482.321, -577.23
6.0491, -540.547, -163.305
3.40448, -433.253, 548.603
5.76029, 585.163, -281.268
4.42907, 287.541, -545.569
3.23766, 124.544, -177.842
5.45054, 493.196, -11.9008
3.24076, 82.8141, 574.201
3.2091, -113.628, 547.496
4.94257, -366.004, -45.8111
3.13015, 564.124, -69.1983
5.64635, -212.208, -396.263
5.60817, 293.023, -393.128
4.88216, -439.438, 577.935
2.64188, -362.916, -142.156
3.21011, 151.983, 550.836
3.15594, -173.173, 622.135
3.31099, -679.758, 568.122
3.76529, -118.863, -459.765
4.77654, 355.324, -575.435
6.54472, 3.26235, -139.348
3.57624, 168.796, 574.525
3.75063, 571.439, 318.002
5.02978, 18.6507, 609.785
6.27922, 433.495, 119.235
5.66369, 579.986, -66.1011
5.9449, 424.05, -33.1742
7.27207, 633.439, 450.954
5.18713, -408.487, 589.584
4.57014, -525.298, -144.827
4.70019, 363.769, 122.175
6.07821, 545.544, 399.39
6.20858, 247.679, 259.395
5.12494, 697.175, -662.727
6.06711, -496.016, -227.634
5.91025, 199.265, 33.1101
6.82941, 646.927, -363.965
3.19597, -99.2796, 574.851
3.57766, 635.41, -86.1422
5.0733, -224.967, -195.376
4.83766, 110.426, 477.756
3.55759, -208.943, 620.719
5.65244, -525.5, 655.853
2.5044, -618.262, 197.758
4.09589, 250.037, 341.357
5.90281, 278.306, 62.5598
6.0446, 458.676, -361.007
2.90869, -647.356, 489.439
3.56926, 290.726, 335.525
4.44412, -556.464, -520.495
4.44927, 665.975, 683.612
3.92018, 235.694, -448.054
4.6123, 409.814, 375.695
2.55658, -542.38, -445.049
3.72027, 709.507, -619.748
4.49072, -638.868, 482.848
6.64177, -608.04, 231.316
3.78584, 726.198, -713.096
3.59705, -610.3, -517.601
6.47385, 248.781, 362.751
5.8476, 227.486, 285.017
5.49108, -640.104, 222.084
5.99917, -234.628, -401.595
5.13062, 398.79, -591.435
4.14833, 336.725, 141.416
3.30844, -788.355, 178.247
6.56633, 445.483, -71.9618
4.08004, 218.611, 111.102
4.05369, -23.9209, -449.438
4.65424, -16.0906, 23.7725
4.46509, -131.818, -547.62
4.43916, 8.77686, -152.543
4.34871, -487.752, -421.328
5.88118, 234.67, -438.737
6.10384, 221.255, 53.4744
7.20082, 5.7478, 547.666
5.08573, -229.576, -383.222
5.5282, -122.817, 154.045
5.85049, -530.673, 627.677
5.11404, 98.5434, -195.656
3.87105, -608.122, 554.314
7.08924, 254.721, 297.088
3.73367, 652.797, -441.879
4.77876, 245.471, 277.758
3.30374, -672.243, 604.754
4.68319, 154.911, 247.486
7.45767, 279.496, 110.489
6.26931, -301.783, 389.539
4.97846, -560.608, -482.628
7.01651, -615.826, -380.854
4.68213, 356.285, 370.869
5.09239, 95.3819, -456.956
4.44866, 156.845, -487.735
5.63431, -159.937, -300.304
5.19331, 248.37, 82.0286
4.35955, 407.916, -397.753
2.54674, -220.222, 220.282
6.3794, -20.4727, -515.674
2.85317, -476.053, -468.027
3.98511, 275.538, -541.793
4.78581, 25.048, -536.296
3.25156, -96.2833, -77.3876
5.97819, 436.646, -383.852
4.15587, 290.234, 113.452
5.21197, 723.491, -608.533
2.64678, 621.088, -725.869
5.38086, 75.6319, -103.261
5.18133, 262.22, 220.715
7.36678, -559.607, -474.38
5.57063, -231.433, -397.158
5.26431, -615.546, 203.651
6.69051, -216.499, 586.399
3.75764, -390.996, 534.422
6.98957, 438.836, -29.5222
5.97428, 465.179, -372.827
5.82752, -402.341, -147.906
3.06838, -593.643, -570.165
3.37987, -600.95, 218.949
2.91253, -85.1128, 86.7395
6.68103, -80.868, 238.508
2.64818, 644.509, -672.608
6.34719, 7.03944, -543.939
4.29829, -445.754, 517.429
6.24626, 82.9276, 467.164
6.28385, 279.463, 70.2733
3.60834, -439.71, -579.692
5.58305, 354.635, 100.917
3.66846, -300.609, -130.368
6.22052, -714.221, 235.655
5.80997, -550.695, -511.828
4.9209, 691.391, -669.424
2.58972, 582.701, 56.9623
4.98291, 269.328, 77.8118
5.09587, 138.927, -529.49
4.71395, -618.272, 286.292
4.14528, -4.10526, 549.515
3.52671, 322.477, -65.2115
7.19863, -145.428, -358.233
2.85168, -443.613, 590.205
3.30042, -43.274, -504.366
6.70788, -521.25, -148.954
4.13614, -244.151, -185.586
6.85942, 268.058, 296.385
5.99896, 570.548, 538.795
5.52801, 585.214, -65.9407
4.77536, 44.0467, -207.999
2.91543, -414.716, -265.648
3.94883, 23.9056, -114.595
6.51009, -547.45, -399.821
6.81821, 237.008, 69.6652
3.81831, 239.969, -435.659
4.79881, -543.804, -142.491
4.95672, 445.056, -376.301
5.82344, -448.59, -546.029
7.31738, -461.463, -270.998
7.23022, 394.271, -572.982
2.81902, 276.678, -428.251
5.04829, -416.372, -195.086
6.13222, 686.02, 372.609
5.65882, 348.257, -141.033
3.26658, -710.082, -678.484
5.09652, -615.749, 291.524
3.52281, -371.165, 476.942
6.03231, 409.067, -560.497
6.05786, -357.986, -176.668
3.66304, -287.615, -137.363
6.80594, 114.606, -273.912
2.67122, -3.71056, 554.199
6.26587, -608.567, 177.211
4.14789, 428.29, 98.0322
4.65309, -151.232, -373.199
7.33455, 596.455, -51.2857
4.05803, 555.246, 493.201
5.69762, 612.548, -480.29
5.95386, 582.875, -74.5903
5.36403, 19.6827, 535.921
6.60667, 709.454, -632.071
4.21807, -482.097, -512.834
5.09387, -537.261, -504.545
6.78438, 78.2992, -551.701
6.18587, 272.87, 149.39
3.45992, -645.846, 119.518
2.83145, -286.889, 268.953
3.60828, 689.12, -620.97
3.33656, -26.0969, -67.8205
6.31172, 353.836, -470.851
5.44905, -614.915, 169.872
4.65223, 694.119, 697.569
7.09618, 484.17, -3.29975
5.09668, 252.106, 79.7964
7.38058, -550.55, -42.1515
5.15714, -365.259, -58.5179
2.98716, 296.339, 101.867
5.83983, 262.931, 133.859
5.44444, 301.657, 17.4102
5.01137, -490.109, -156.777
2.75808, -602.338, 164.876
2.6753, -63.7034, -266.563
4.41484, -579.276, -574.557
5.55555, 353.506, 85.2658
5.06574, 589.714, 640.473
5.98498, 244.089, 88.964
4.89891, -30.421, -95.0342
3.88323, 144.19, 375.304
6.01685, -347.833, 37.0503
3.67701, 643.928, -39.634
6.41501, -53.9096, -162.211
6.60589, 170.412, 522.243
3.21842, -387.768, -105.897
5.75757, -446.152, 548.635
3.87677, 794.552, -597.131
7.26215, -417.524, 576.474
4.58238, -499.372, -123.151
3.03869, -141.16, 124.684
4.70633, -653.597, 495.677
6.28811, -404.667, -165.654
2.77803, -414.396, -186.976
3.51241, -1.75747, 10.4056
6.82305, 694.396, -614.956
6.52456, -163.308, -79.4352
2.78861, -490.559, -537.066
4.40304, -96.264, -468.243
4.56124, 26.6189, 549.015
2.80071, -174.893, 230.036
7.09746, 532.067, 481.988
3.35398, 547.303, 604.183
6.51634, -623.754, 210.556
3.88599, 470.741, -1.10612
4.44586, 118.53, 616.581
7.19936, -22.9064, 626.745
6.24573, 1.42672, -140.301
3.44774, -495.359, 564.354
6.89581, 247.226, 232.9
6.8953, 309.849, -580.092
3.30515, -516.708, -237.611
5.87346, -478.841, -184.705
6.89096, 368.466, 130.322
6.98262, 296.648, 354.694
3.06535, -92.5199, 547.084
5.93789, -212.52, -256.378
3.21651, -443.674, -480.37
3.6901, 199.387, 66.1012
5.64383, 580.418, -83.4143
4.312, 571.023, 319.53
4.64437, 683.718, 410.368
4.91936, 16.457, -530.758
6.20379, 34.6357, -185.915
3.23098, -470.329, 479.07
7.36238, -490.966, -508.365
7.3158, -506.324, -210.66
3.14741, -292.219, 663.652
5.3784, -83.5591, -335.676
4.66439, 61.3592, -147.264
5.50066, -219.505, -151.133
5.85098, -510.448, -148.95
4.5137, 455.693, 686.796
6.46691, 609.439, 468.266
4.89889, -496.764, -183.52
5.72449, 287.33, 22.7626
4.28836, -211.719, 614.807
5.96794, -151.144, -222.069
5.83428, -456.962, -499.026
3.22071, -416.81, 576.497
7.10415, -654.406, 225.011
4.22228, -2.32837, -159.384
6.66824, -194.292, -406.279
2.74349, 299.766, -458.822
3.27936, -246.729, -159.607
2.55765, 245.522, 337.525
3.94327, -5.35334, 527.773
5.07295, -212.924, -178.711
3.65948, 586.76, 439.371
2.75022, -217.143, -52.9153
5.33091, -554.539, -480.234
6.69774, 54.5068, 545.958
4.28763, -587.516, -526.786
4.3452, 107.877, 593.052
7.22226, 219.144, 38.8659
4.72425, -453.534, -184.179
6.82086, 267.309, 190.074
5.82654, -512.862, -470.32
5.79297, 94.4054, 497.579
7.10736, -765.999, 712.117
5.11536, 696.915, -611.722
5.45229, 307.471, -416.216
5.79944, 586.359, 494.019
4.24765, 252.898, 343.032
4.11714, 255.926, 30.8075
7.08984, 30.8378, 589.747
3.08619, 610.552, -541.607
7.31268, 440.392, -19.2789
5.17978, 96.8626, -204.463
5.81447, 618.561, 474.568
5.48362, 634.455, -457.23
6.93363, -570.631, -496.417
6.67999, -527.865, -502.905
6.69339, 333.848, 116.524
6.85642, -131.106, 165.847
2.5002, -582.511, 139.093
4.77274, 338.751, 94.3328
4.25696, -625.768, 208.983
5.80713, -210.524, 578.551
6.22234, -633.246, 229.269
3.3821, -86.1966, -389.822
7.4621, 712.398, -619.604
5.95466, -619.748, 208.954
6.97862, 295.729, 134.63
3.51579, 294.241, 136.198
7.2356, -390.527, -242.981
4.88476, 652.835, -442.436
6.78578, 660.008, -543.58
6.41237, -575.754, -477.439
5.70687, 711.558, -576.214
3.14521, -691.157, 134.887
5.77944, -111.157, 574.691
3.09199, 81.3871, -147.636
3.88793, 175.157, 600.272
6.65548, -218.371, -155.097
6.14153, -581.702, -552.439
6.74348, -775.504, 132.324
3.43989, -580.022, -468.777
6.09602, 398.749, -263.841
4.25586, 329.808, 211.093
3.34555, -493.858, -497.042
4.52383, 92.839, -545.827
4.20924, 148.387, 632.259
6.67141, 277.887, 56.9679
3.9111, 590.166, 524.397
5.16766, -570.494, -552.723
6.25085, 712.714, -607.732
4.62554, -626.027, -389.901
4.66964, -423.971, 547.29
3.03022, 701.203, -736.335
6.4639, -158.979, -382.66
3.91232, -548.995, -474.79
7.14264, -287.453, -129.274
5.37926, 299.495, 314.043
3.4895, 610.753, -292.412
5.99081, 299.614, -547.225
3.07265, 325.282, -535.232
4.22945, 175.894, 568.362
4.15646, -510.061, -217.814
6.42735, 700.052, -572.401
6.65775, 337.225, -48.7131
4.21712, -665.602, 571.674
4.2603, -208.17, 597.514
6.38197, -13.0769, -510.131
6.58658, -99.8531, 545.508
4.26157, -232.683, 115.178
7.09559, -432.494, -209.139
3.2877, 228.739, 82.1841
5.56029, -466.444, 588.469
5.54222, -416.319, 576.015
3.16647, -123.56, -424.806
3.51409, -550.163, -523.552
4.79457, -616.558, 565.97
3.48759, -449.293, 571.739
6.77118, -632.063, 227.235
6.54562, -408.723, -446.813
2.80131, -602.304, 546.897
6.50584, -638.103, 501.839
5.49597, -125.728, -388.198
7.43182, -660.454, 198.893
2.65919, 8.10076, 604.966
6.8356, 697.549, -617.942
3.69109, 436.913, 186.386
3.6127, 259.956, 277.023
4.73907, -572.726, -480.423
2.61231, 651.357, 60.0153
6.79755, -217.062, -58.9322
4.15902, 288.509, 312.579
5.72195, 252.062, 111.29
7.43521, -550.063, -485.208
5.30162, 266.876, -441.225
4.74553, -494.34, -176.323
5.213, -0.617404, -493.681
2.90797, 540.376, -124.492
3.99606, -515.916, -233.492
6.63964, 586.61, 503.241
6.48936, 434.352, 733.449
5.71048, 4.12063, 598.912
4.84105, 398.86, 133.445
7.15326, -93.0982, -391.539
5.08798, -209.045, -60.5701
7.42924, 655.125, -396.091
5.94567, -6.15339, -540.915
6.19966, -76.361, -325.74
3.46323, -439.132, -542.715
6.08881, -353.705, 610.314
6.11146, 466.041, -86.9604
6.49298, 310.682, 92.3505
4.23216, 222.802, -619.226
5.1481, 58.3629, -176.937
3.19001, 519.049, -149.377
6.73218, -223.752, -158.687
6.32766, 54.341, -468.886
7.5, 599.474, -556.213
4.24891, 485.079, 658.939
5.50367, -439.396, 666.198
3.50808, -342.143, -50.0308
6.2385, 101.729, 42.2268
6.49225, 618.496, 133.704
3.03505, -668.078, 212.858
5.35813, -372.43, -39.9553
2.84683, 240.735, -248.412
4.16036, 696.003, 497.791
5.80945, 318.581, -512.452
5.27726, 12.7952, -178.301
7.12415, 316.992, 12.0225
2.69832, -343.628, -71.4951
2.62083, -199.363, 34.5453
4.61923, 290.253, -403.043
4.36987, 206.943, 13.8976
2.93303, -231.133, -160.363
3.05403, -49.8942, 103.978
5.31992, 256.389, -382.094
7.37269, -96.3249, 561.207
3.05066, 9.06358, -542.182
5.99352, 107.173, 515.782
2.79674, 2.45348, -521.15
4.69755, 587.696, -72.2684
5.24651, 670.452, 599.44
3.45129, 486.81, -580.818
7.36597, 248.609, 101.807
3.19593, -514.631, -159.832
5.48978, 646.87, -444.95
7.12812, -640.205, 587.273
3.91116, -2.0721, 543.389
6.8307, -121.103, -135.599
6.29598, -15.5396, -322.553
6.10793, 228.857, 277.639
3.34241, -214.193, 224.898
3.32882, 657.977, 314.75
3.39076, -605.515, -526.619
5.87226, 286.376, -465.484
4.83484, -71.358, -262.409
6.85219, -550.826, -404.905
5.76023, -491.673, -173.978
5.80464, 759.939, 715.561
2.58037, -628.348, -527.744
4.30596, -471.512, -505.433
3.72747, 596.874, 108.565
6.93086, -694.31, -658.499
5.23701, 708.923, 728.388
6.57209, 24.533, -485.512
5.24453, 109.678, 505.094
4.16156, 367.911, -25.1535
4.40213, 2.84442, -572.977
2.52389, 572.373, 561.115
6.95226, -159.876, -364.948
6.16955, -417.632, 583.112
6.04239, 15.6971, 601.685
5.1278, 49.7111, -201.342
6.41065, 13.1353, -542.486
3.42484, -339.828, -382.558
5.72673, 272.058, 279.828
3.42178, -396.128, -173.184
3.31214, 77.4207, -199.148
2.65594, -252.712, 576.403
7.42716, -12.4805, -505.848
4.04559, -272.753, -379.297
4.11075, -360.805, -184.728
5.51155, 226.681, 9.87232
2.89107, -269.036, -589.04
3.93936, 87.8139, 19.7418
5.79307, -120.567, -379.856
7.36348, -577.807, -350.134
7.27758, -372.568, -491.213
7.42745, -509.39, -229.377
7.30478, -482.887, -553.66
3.0073, -430.688, 572.438
3.71505, -68.4459, -333.165
6.91151, 33.9251, -115.104
5.28805, 268.364, 348.582
6.7669, 558.874, 491.189
7.49145, -428.236, 543.814
3.99751, -138.554, -554.178
6.33157, 632.771, 426.271
4.81901, 221.506, 12.2259
6.8168, -589.274, -373.257
6.99018, 578.486, -70.5277
7.377, 174.53, -289.678
2.77405, 365.366, 126.478
6.32605, 667.045, -690.541
5.09219, -628.091, 579.392
3.46574, 553.602, -129.862
6.98252, 307.192, -506.41
6.38492, -563.354, 258.747
2.75968, 299.743, 351.284
7.47331, -691.619, 613.756
5.93659, -235.875, -442.168
5.94854, 629.119, 460.334
6.57666, -323.14, 531.311
7.05426, -128.506, -371.276
3.34218, -148.633, 161.4
5.24183, -357.282, 551.376
6.53351, -298.282, -122.226
4.17803, 229.278, -446.087
5.53435, -99.1173, -73.6798
6.59602, -614.23, 137.513
7.3485, 94.8455, -201.995
6.29349, 603.028, 444.421
3.72113, -118.82, -133.93
5.80589, -580.107, 262.61
4.21574, -489.239, -223.531
7.27146, 245.818, -289.165
2.60828, 467.574, 582.111
4.54979, -745.249, 737.772
2.55789, 413.142, -538.974
3.04964, 575.148, 233.844
5.28259, -579.346, 251.376
4.45466, 61.9479, -152.186
7.20539, 21.7934, -160.24
2.55572, 275.117, 265.78
6.22897, -59.1281, -364.727
3.84293, 313.414, 25.5656
4.27153, -616.757, -429.284
3.45835, -293.116, 659.528
5.14832, 204.255, 226.698
4.39478, -21.8511, -519.337
3.16407, -79.989, -456.585
4.26563, -118.051, -373.185
4.2497, 729.736, 629.387
7.41084, 418.442, -31.0051
5.25961, -15.8236, -110.996
4.99918, -35.8427, -515.182
3.58531, -644.829, 228.214
4.37311, -92.8891, -336.755
6.78251, -594.003, -526.07
6.45578, 658.477, -385.932
3.9204, -441.98, 592.122
5.07645, 245.459, 244.65
6.79238, -207.406, -108.154
7.07844, -491.747, -272.142
7.48941, 58.7391, 560.607
6.53177, 4.2797, -156.701
5.22718, -499.246, -222.212
7.3461, -21.9952, -514.111
5.31931, -548.259, 291.349
4.03031, -438.356, 545.855
5.41853, 694.072, 649.825
2.91197, 111.7, -181.732
5.47382, 215.47, 259.551
3.31968, -523.496, -447.589
6.46527, -538.325, -504.786
2.95373, 697.245, 466.745
6.3072, -566.943, -486.981
6.83996, -153.554, -60.568
6.40105, 22.503, -363.498
6.61399, 612.828, 612.056
6.70974, 253.265, 312.483
4.48328, 111.138, 69.2364
6.508, -81.5269, 85.0908
6.56811, 256.1, 36.8214
5.43493, -338.62, -30.8939
4.64621, 540.592, -80.7181
2.5002, -172.007, -376.484
5.31153, -558.87, 189.456
6.22632, 251.798, 102.51
3.89846, 630.365, 216.17
2.93406, -584.966, 530.428
3.5733, 651.531, -578.015
3.93296, -504.909, 613.596
4.86595, -393.642, 435.466
6.95893, 651.934, 679.233
5.91955, 376.19, -376.435
3.54376, 106.268, -191.281
6.67533, 634.006, -122.302
7.09218, 686.228, 671.278
4.48244, -614.027, -503.499
6.37858, 364.222, 373.569
5.68161, -7.66536, -105.592
6.64746, 248.417, 95.3473
3.40204, 483.997, -401.423
7.45927, 395.442, -570.64
6.70558, 27.9, -521.702
4.65177, 609.997, 228.631
4.38589, 435.451, 710.43
2.70802, 382.532, -378.31
6.80715, -546.312, -494.402
6.62116, 715.897, -614.893
6.25052, -106.653, 587.885
3.55801, -231.912, 646.007
4.31029, -531.695, -135.337
4.43545, -519.879, -404.265
7.32918, 613.469, 485.332
6.5872, 20.6645, 595.41
4.5755, 38.2395, 359.115
5.83759, 341.341, 107.76
2.52101, 486.438, 649.983
6.98048, -646.741, 227.27
3.68416, -208.422, 225.43
3.79415, 215.75, -237.363
5.4939, 326.386, -524.504
6.89823, -619.787, 160.794
6.16299, -561.608, -539.79
6.0773, 634.063, 445.864
3.57724, -336.097, 569.197
6.30413, 693.993, -710.357
3.85351, -158.131, -388.454
2.75246, 356.626, 77.8607
4.78866, 221.705, 26.5478
2.58759, 431.619, -519.148
3.01129, 49.2085, -182.272
2.639, -235.988, 110.548
5.65921, -197.135, -424.334
6.34425, 83.5152, -175.343
2.74132, 419.859, -518.376
6.6924, -36.0177, -531.205
6.76899, -266.52, -152.828
6.57649, -400.962, 593.786
6.85188, 643.168, 328.036
5.27222, -441.758, -233.332
6.12646, -158.541, -67.3624
3.20424, -386.703, 545.686
6.6115, 381.666, -365.854
5.51185, 378.52, -44.2189
4.93856, 406.344, -572.059
6.14942, -99.7767, 575.228
4.05164, 730.529, -692.856
3.93925, -533.014, 162.482
5.45857, -677.656, 569.939
5.34055, 515.633, 567.655
5.41059, -484.069, -472.752
2.84132, -744.763, 237.837
4.34304, -21.4226, -111.669
6.28475, -584.423, -426.241
6.35297, -437.857, -551.762
4.27217, -440.739, -202.326
5.98913, 4.84495, 550.108
5.08005, -516.908, -224.603
5.94494, 315.454, 129.72
6.18066, 7.40223, 586.037
2.56231, -264.688, -367.021
7.16549, 435.665, -24.5599
5.37826, 336.947, 121.161
3.05587, 502.312, 615.117
4.87388, -126.617, -97.6895
3.24247, 444.751, 194.528
4.22594, 272.413, 263.962
7.04476, -621.636, 235.364
4.54571, 72.1144, 472.112
5.96642, -551.583, -171.03
3.35865, 316.317, -486.426
6.21715, 638.13, -440.881
4.16319, -391.544, 616.85
4.62157, 383.391, 139.398
2.79523, -220.36, -80.3901
5.09005, 211.353, -0.543205
5.94425, 236.053, -438.149
5.01149, -206.885, -60.6174
6.56617, -46.5992, -507.742
3.07974, 68.6772, -522.788
5.24841, 265.039, 344.943
5.06046, 241.758, 50.934
6.02649, 620.559, 451.564
5.65083, -217.092, 586.806
4.0207, -22.9332, -541.642
6.74719, 255.344, 99.2533
3.39619, 515.196, 53.511
2.61737, -408.272, -160.182
4.19467, 409.234, -51.6696
3.43818, 283.861, 57.7365
6.60467, -182.082, 23.6372
6.72507, -491.017, -183.881
6.78031, 695.859, -622.266
7.37454, -669.542, 602.473
2.99587, 278.046, -442.53
2.56182, 613.908, 519.473
2.58614, 289.931, 312.824
2.64527, 261.305, 133.897
4.1031, -19.8935, -115.166
6.17815, 449.109, 187.917
3.14876, 255.158, 261.069
2.5161, -318.423, 325.164
6.91905, -51.1353, -494.076
3.70482, 308.743, -509.911
4.38481, -686.042, 570.69
4.44879, 364.515, 107.897
2.81534, 418.297, 139.693
7.30792, 154.168, 530.556
3.75349, 641.962, -265.204
6.85376, -523.744, -136.506
2.85991, -630.997, 190.409
2.70653, -375.465, 500.155
3.46378, 243.606, -445.175
3.86708, -223.378, 284.634
7.4007, -567.177, -370.016
3.60607, 275.913, -465.207
6.43119, -656.706, 500.633
4.42306, 167.059, -308.166
3.78593, 299.607, -497.536
3.91087, -611.663, 247.435
7.33834, 478.966, 19.4085
4.22841, 279.185, 102.953
3.45922, -596.085, 453.564
5.05037, -520.599, -134.483
5.21857, -426.031, 638.637
5.72333, -567.49, -537.095
3.89738, -52.5432, 564.638
3.41887, -271.44, -363.931
2.71579, -569.991, 162.037
3.98408, -512.236, -234.804
4.25548, -145.878, 110.765
7.09372, -464.904, 492.902
5.81225, 402.495, -240.755
5.08041, 592.997, 500.747
4.03763, 342.989, 359.24
3.0007, -101.641, 78.0763
3.47502, 302.224, -535.677
4.11407, 136.083, -137.439
5.56182, 554.242, 99.3524
5.13511, 710.611, -568.885
3.45653, 306.74, 202.09
4.7178, -606.354, -560.983
4.48693, -401.592, 546.666
6.28051, -531.983, 613.518
6.6213, 588.822, 522.449
5.51573, -20.6118, -247.222
3.04573, 258.676, -520.07
4.11797, 318.116, -137.907
5.03403, 185.101, 230.531
4.76521, -402.178, 547.702
4.77315, -131.689, -349.64
4.91125, 709.258, 680.56
5.07896, 328.235, -500.268
4.50207, 62.4368, 573.702
4.22945, 498.122, 318.9
6.64533, 584.327, -82.3714
3.02204, -670.061, -497.097
6.40057, 358.038, 347.988
3.19919, -220.915, -186.787
2.62171, -554.379, -525.439
6.0664, 278.842, -550.497
7.15538, -29.8085, -520.171
7.47667, 252.97, 140.619
3.86264, -666.345, 265.641
3.6923, -420.18, -198.41
3.87328, 506.27, 507.816
5.70836, -517.88, -461.172
5.17637, 303.135, 77.2283
6.8967, 599.354, -306.558
6.75968, -636.759, -417.335
2.98004, 473.885, 31.151
4.66818, -725.445, 225.173
3.17045, 69.6395, -417.295
5.86802, -138.232, 171.048
5.34964, -157.096, -375.367
3.66474, -433.74, 672.667
5.50306, 277.392, -435.182
2.6551, -401.507, -126.688
7.08512, 342.336, -225.888
3.82958, 617.773, -102.565
6.50016, -167.565, -384.548
5.46389, -59.4654, -503.066
5.0822, 218.568, 256.972
5.2567, 246.395, 262.892
3.47225, 340.472, -148.216
5.36152, 73.1492, -647.129
3.81992, 251.938, 335.67
4.41648, -669.453, 464.096
2.73626, -555.357, -425.287
4.22823, 411.91, -540.19
3.61594, 432.638, -392.048
3.81264, -79.8759, -470.949
3.05141, -311.503, -454.208
7.40088, -490.618, -147.486
5.93794, 631.488, 469.798
5.82158, -517.39, -135.264
5.99501, -529.54, -485.033
2.68746, -540.268, -531.876
3.6706, -603.085, -440.686
3.95397, 551.361, 503.448
3.50543, 87.5107, -150.384
2.7177, 285.922, 26.7772
2.56571, -315.752, 640.433
6.07297, -384.239, 523.282
6.88348, -551.198, -437.196
5.35088, -598.615, 326.291
6.92743, 694.658, 706.908
5.20042, -424.798, -208.36
3.31357, 719.328, -692.06
3.30492, 738.133, 418.528
7.19182, 283.707, 96.5856
3.45628, 504.207, -573.269
3.15761, 25.2718, -187.604
4.41122, -147.249, -83.2066
6.12674, 221.488, 8.91863
2.50651, 588.895, 640.221
4.60222, 5.71613, 607.519
5.18984, 223.921, 65.1136
4.86596, -130.185, 212.512
6.33003, 593.663, 637.729
2.9396, 480.258, -400.016
7.04284, 274.585, 231.879
3.20818, -660.466, -575.546
2.54782, 224.184, 31.718
2.82267, 372.125, 273.22
4.96742, 281.488, 26.6977
5.40914, 491.308, 659.712
4.03373, -584.929, 494.318
4.57091, 572.886, -64.7075
4.33401, -577.072, -531.643
3.42687, 86.8564, 503.429
2.76788, 439.947, 82.2403
4.47222, 378.271, -49.1847
3.98388, -263.3, -202.439
5.05388, -481.898, 541.958
3.75392, -629.458, 220.529
5.01589, 710.997, 671.037
2.51168, -156.8, 595.324
7.01807, 749.03, -342.292
2.79181, -692.84, -645.614
5.17506, -331.975, 541.557
3.95754, -445.876, 495.147
7.3023, -518.654, -218.055
4.73406, 241.745, 28.4623
5.08479, 610.943, 215.232
5.93861, -221.875, -60.2594
2.72187, -115.996, -94.266
7.2946, -641.757, 507.155
5.70852, 261.076, 208.765
2.80215, 200.933, -572.896
3.33964, 251.487, 304.166
5.76491, 346.235, -56.4687
6.19864, -603.225, 166.716
3.57011, 618.784, 230.535
4.31441, -80.9776, -549.171
6.56981, -535.576, 632.385
5.32057, 635.329, -331.343
7.45886, 5.86534, -517.88
6.5669, -481.891, 131.652
3.49157, -627.488, 23.7719
2.50003, 26.9988, -512.95
4.62608, 694.32, -629.239
4.07406, 596.74, 232.934
5.56218, 522.573, -645.392
3.83351, -166.851, -461.771
4.39881, -506.978, 2.04899
5.43397, 599.095, 145.003
5.95636, -209.217, -404.11
7.26736, -194.196, -401.355
4.89785, -324.813, -600.635
3.60319, 301.183, -527.729
5.33741, -578.23, -539.116
6.09873, 274.41, 72.2423
4.4953, -439.66, 577.81
3.48326, -530.487, 655.173
6.66971, -670.936, -464.597
5.59561, -439.747, -547.208
7.26866, -166.021, 17.4821
3.23222, 49.6912, -201.501
5.38953, -220.329, -438.196
7.26796, -428.693, 584.195
3.62331, 690.645, -672.526
7.25137, -407.47, 512.807
3.07874, 640.211, -480.139
2.58372, 100.275, -176.291
3.90465, -212.873, -175.778
7.15042, 415.263, 67.399
3.04796, 741.818, 667.826
6.77266, 48.1863, 517.843
5.68532, -645.801, -472.571
5.63853, 318.451, -506.069
3.80589, 550.541, 499.125
5.13936, -571.655, 194.949
7.16608, -230.174, 560.247
3.98055, 538.646, 28.7855
4.78006, 269.745, 280.718
6.35659, -524.014, -512.331
4.17193, 308.116, 57.7812
6.31775, 119.611, -504.26
6.65892, -100.772, 513.987
2.64618, -675.455, 456.376
4.31315, 569.005, -179.193
4.16221, 293.383, 361.212
3.17675, -409.56, -155.6
3.00839, -236.035, 625.46
5.11327, -418.972, 681.588
3.52046, -105.538, -322.966
5.00728, -538.49, -406.68
5.1371, 12.8727, 544.831
4.13422, -250.503, -175.284
4.75888, 238.794, -313.097
6.85263, 3.79416, 518.686
4.72884, 514.261, 569.207
6.03726, -676.462, -379.992
6.83171, 701.109, -634.086
6.5822, 600.872, 214.567
2.67504, 709.822, 724.161
3.8644, -459.716, -196.571
5.21858, -198.624, -434.521
3.19942, -416.265, -489.398
5.57408, -533.721, -444.256
3.29182, -547.95, -500.241
4.41129, 269.548, 174.482
5.94997, -106.999, 137.527
3.21128, -315.964, 324.173
5.65284, -709.329, 622.031
3.15973, 108.79, 630.53
7.13583, -716.706, 231.77
5.53465, -612.535, 566.879
5.50388, -625.596, 215.314
3.33635, 364.072, -381.782
3.301, -589.951, -584.702
5.91628, 494.776, -25.4796
5.1456, -528.818, -132.774
3.65264, 17.1823, 601.366
6.55373, -400.954, -156.83
5.76477, -284.968, -416.568
4.08597, -560.271, -526.686
2.53953, -179.991, -481.333
3.49176, 544.471, 570.825
3.78831, 185.415, 311.632
3.03825, 499.526, -142.764
3.49545, -22.8213, -138.382
6.75079, 826.835, -551.701
6.63912, -561.526, 167.391
6.76813, -564.506, -450.779
5.71027, 71.4231, 503.089
3.6787, 693.757, -677.938
6.80638, -638.899, -391.107
5.4745, 212.053, -133.034
2.52745, 387.647, -83.66
6.84925, -577.229, -540.554
7.37729, 430.944, 99.6604
5.59653, 186.934, -64.7645
3.85574, -643.808, 49.646
7.46973, -143.649, -389.118
4.60751, -631.934, -553.853
4.20537, -557.543, -475.63
4.80717, 205.86, -130.772
4.44822, 168.139, -331.365
4.613, 118.245, 576.457
2.84879, 306.752, 338.931
5.5153, 58.6571, -151.069
7.36114, -83.5196, 46.6541
5.07406, -591.442, -530.753
7.45461, 512.44, -66.2252
5.84906, 435.214, -24.2172
4.01716, -514.519, -167.276
3.47371, 589.407, 468.93
4.0109, -571.735, -467.578
4.93946, -395.969, 490.754
4.72438, 476.737, 674.943
5.7844, 293.409, -506.452
3.74227, -470.286, -502.507
4.72007, 105.247, 468.56
5.75894, -508.815, -171.79
6.67472, -730.89, 292.315
6.03698, 113.425, 597.542
4.93928, -560.755, -482.427
6.72039, 339.117, -39.7643
7.00296, -500.522, -213.185
6.33082, -532.834, -426.484
5.29453, 508.656, 722.937
2.70603, 89.3653, 19.5919
5.46749, 447.792, 84.8373
2.68674, -347.676, 485.52
4.53488, 239.934, 292.468
2.84243, -697.191, -763.355
7.38558, -587.445, -462.204
2.5956, -499.104, -194.986
6.60363, -251.981, -163.875
5.2195, -440.252, 513.582
5.72828, 602.32, -289.311
3.62934, -222.118, -63.7724
2.733, 697.485, -596.254
3.63154, 286.433, -532.762
4.58371, -647.614, 141.678
6.40126, 245.226, -462.958
3.72852, -617.823, 155.086
4.81411, 404.733, 95.284
6.14756, 564.634, 68.6878
5.35237, -442.821, 513.51
5.45997, 715.79, 669.413
4.98425, -582.562, 210.156
3.951, 230.849, 5.23516
4.71107, 106.186, -187.851
2.53669, 701.126, -619.819
7.41683, 405.105, -233.686
2.52822, -677.222, -116.589
4.8676, 15.7327, 612.722
5.86497, -163.884, -254.848
