6.27803, -341.946, -355.971
3.5948, 158.353, -35.0801
5.89648, 197.3, -177.316
5.09708, -198.24, 322.306
2.76731, -344.892, 331.741
2.53849, 328.061, 191.666
4.58743, -243.314, -128.789
7.15218, 241.138, -0.290234
2.95982, 116.127, 294.046
6.00595, -48.7138, -27.3969
3.81226, 423.766, 328.347
4.14117, 154.375, -325.507
7.45519, 226.712, 63.12
7.41275, -309.524, -330.213
5.75759, 225.479, 34.0829
6.92354, 282.551, -277.246
6.33247, -189.79, -178.837
3.87453, -255.846, -353.285
4.93259, -343.457, -234.71
2.80282, 463.626, 433.281
5.08146, 21.8223, 410.531
4.96988, 387.991, -373.07
7.23882, -291.765, -516.94
4.42071, -31.8386, -211.128
5.14874, 429.693, -421.553
2.75042, 298.698, -47.7132
6.63909, 280.351, -48.2344
5.94228, -384.346, -462.25
6.18112, 25.379, 317.153
6.94286, 393.928, 430.874
4.25508, -124.411, -248.626
6.72991, 211.958, 28.6052
3.84659, 149.846, 80.2485
4.83959, 83.8761, -118.522
3.2686, -364.757, -325.412
2.66527, 218.299, 35.9746
7.2768, 271.918, 37.5247
6.95369, 294.733, -16.5092
3.29884, 224.833, 65.0868
3.15214, 193.798, -225.922
2.515, -536.508, -231.936
6.0491, -196.132, -233.797
3.40448, -440.287, 350.593
5.76029, 479.616, -323.67
4.42907, 276.789, -304.249
3.23766, 140.71, -21.5841
5.45054, 213.286, 57.094
3.24076, 38.7966, 263.919
3.2091, 135.415, 217.979
4.94257, -276.196, -269.795
3.13015, 268.487, 56.471
5.64635, -111.747, -235.895
5.60817, 160.075, -350.756
4.88216, -327.929, 360.457
2.64188, -454.437, -281.525
3.21011, 261.831, 374.017
3.15594, -201.231, 372.367
3.31099, -399.144, 420.232
3.76529, -118.072, -89.0016
4.77654, 115.258, -253.54
6.54472, 36.0414, -166.138
3.57624, -15.6358, 260.002
3.75063, 370.247, 245.003
5.02978, 123.363, 282.94
6.27922, 185.466, -11.9445
5.66369, 231.019, -56.0748
5.9449, 154.825, 135.934
7.27207, 419.354, 443.663
5.18713, -406.903, 417.195
4.57014, -247.726, -360.524
4.70019, 243.136, 36.422
6.07821, 452.549, 392.647
6.20858, 194.962, 39.6911
5.12494, 597.342, -343.306
6.06711, -243.491, -158.123
5.91025, 276.378, 67.3247
6.82941, 368.743, -218.949
3.19597, 4.90005, 396.821
3.57766, 144.821, 105.246
5.0733, -139.522, -146.55
4.83766, -53.3592, 412.441
3.55759, -33.6214, 530.344
5.65244, -360.658, 335.678
2.5044, -504.215, 35.3947
4.09589, 207.559, 1.78362
5.90281, 256.539, -2.03885
6.0446, 245.653, -130.91
2.90869, -443.485, 440.388
3.56926, 268.572, -18.885
4.44412, -349.676, -224.237
4.44927, 529.113, 509.96
3.92018, 218.804, -304.812
4.6123, 185.545, 134.256
2.55658, -362.022, -355.837
3.72027, 578.532, -510.62
4.49072, -461.333, 447.882
6.64177, -481.852, 153.893
3.78584, 425.828, -648.304
3.59705, -179.08, -213.784
6.47385, 231.726, -22.4206
5.8476, 183.802, 38.964
5.49108, -456.643, 185.409
5.99917, -39.383, -297.729
5.13062, 195.049, -237.651
4.14833, 211.014, -45.5277
3.30844, -579.383, 39.1091
6.56633, 209.25, 105.404
4.08004, 206.026, 31.0462
4.05369, 44.0041, -250.441
4.65424, -70.993, -71.5624
4.46509, -25.2901, -313.646
4.43916, 45.1419, -155.72
4.34871, -356.62, -473.196
5.88118, 220.506, -303.261
6.10384, 232.018, 62.2245
7.20082, 124.991, 366.143
5.08573, -93.7573, -227.916
5.5282, -39.6864, -26.56
5.85049, -359.52, 363.708
5.11404, 7.53971, -288.533
3.87105, -375.423, 429.582
7.08924, 205.019, 8.96635
3.73367, 425.405, -425.791
4.77876, 221.499, 2.18471
3.30374, -457.505, 406.488
4.68319, 322.477, 54.6599
7.45767, 272.964, 125.764
6.26931, -220.309, 406.722
4.97846, -351.44, -334.45
7.01651, -412.95, -173.226
4.68213, 222.823, 12.8972
5.09239, 53.8896, -32.7833
4.44866, 187.633, -275.952
5.63431, -103.223, -312.518
5.19331, 214.106, 43.5575
4.35955, 180.748, -322.165
2.54674, -39.3204, 73.5807
6.3794, -90.0963, -231.223
2.85317, -348.008, -310.711
3.98511, 176.91, -279.393
4.78581, -30.1643, -211.513
3.25156, -234.698, -156.832
5.97819, 132.709, -320.879
4.15587, 273.8, 63.2389
5.21197, 437.366, -367.183
2.64678, 604.169, -480.28
5.38086, -16.95, -151.283
5.18133, 255.078, 38.9131
7.36678, -243.369, -182.892
5.57063, 16.6217, -265.608
5.26431, -441.07, 93.9309
6.69051, -152.354, 315.205
3.75764, -314.964, 429.769
6.98957, 157.682, 93.9145
5.97428, 204.942, -326.722
5.82752, -341.825, -242.849
3.06838, -233.991, -418.224
3.37987, -396.602, 179.838
2.91253, -56.7592, -82.8855
6.68103, -50.2571, 70.9028
2.64818, 517.969, -476.369
6.34719, -57.3389, -218.437
4.29829, -442.757, 336.52
6.24626, 51.5107, 395.742
6.28385, 252.423, 0.847979
3.60834, -494.693, -221.894
5.58305, 205.441, 76.0404
3.66846, -94.6271, -210.195
6.22052, -550.561, 190.394
5.80997, -362.934, -320.346
4.9209, 555.302, -503.643
2.58972, 98.0857, 80.9351
4.98291, 190.708, 56.0616
5.09587, 290.232, -265.013
4.71395, -419.816, 30.9643
4.14528, 76.7786, 362.95
3.52671, 244.72, 179.621
7.19863, -27.6625, -269.253
2.85168, -309.529, 395.232
3.30042, -100.981, -130.974
6.70788, -336.566, -247.317
4.13614, -87.5302, -171.62
6.85942, 255.628, 160.406
5.99896, 598.258, 452.026
5.52801, 149.792, 99.2045
4.77536, 39.4998, -124.844
2.91543, -404.158, -294.795
3.94883, 55.2491, -127.727
6.51009, -359.618, -375.616
6.81821, 216.552, 48.4157
3.81831, 147.091, -345.661
4.79881, -169.548, -304.952
4.95672, 248.228, -330.29
5.82344, -552.942, -306.399
7.31738, -302.693, -184.584
7.23022, 170.305, -253.314
2.81902, 198.487, -282.588
5.04829, -339.158, -265.769
6.13222, 475.468, 221.996
5.65882, 211.817, 74.737
3.26658, -437.416, -368.913
5.09652, -414.168, 28.148
3.52281, -300.334, 412.32
6.03231, 301.446, -210.394
6.05786, -416.838, -222.356
3.66304, -138.862, -173.696
6.80594, 27.8847, -213.994
2.67122, 108.256, 358.856
6.26587, -453.705, 170.254
4.14789, 170.17, 132.421
4.65309, -295.672, -294.065
7.33455, 237.846, -29.1634
4.05803, 421.804, 381.092
5.69762, 381.968, -295.863
5.95386, 143.067, 103.018
5.36403, 100.402, 415.775
6.60667, 529.755, -512.334
4.21807, -367.585, -371.066
5.09387, -365.359, -282.404
6.78438, -64.9641, -250.139
6.18587, 174.309, 235.34
3.45992, -416.939, 280.865
2.83145, -239.919, 212.769
3.60828, 531.063, -549.323
3.33656, -80.7116, -30.1021
6.31172, 278.017, -88.3243
5.44905, -461.972, 184.866
4.65223, 468.461, 398.904
7.09618, 157.956, 84.1305
5.09668, 181.12, 47.5156
7.38058, -383.166, -135.961
5.15714, -291.674, -303.515
2.98716, 228.12, 53.5408
5.83983, 310.238, 39.7842
5.44444, 185.708, 158.424
5.01137, -184.054, -179.307
2.75808, -407.687, 155.922
2.6753, 20.5936, -332.231
4.41484, -349.906, -292.582
5.55555, 221.028, 33.0087
5.06574, 484.577, 415.241
5.98498, 219.363, 45.1004
4.89891, -108.907, -226.257
3.88323, 269.976, 224.711
6.01685, -236.327, -237.404
3.67701, 339.28, 11.7144
6.41501, -46.8624, -158.331
6.60589, 24.3273, 376.259
3.21842, -387.657, -314.603
5.75757, -479.598, 480.367
3.87677, 533.984, -385.758
7.26215, -395.606, 414.89
4.58238, -227.979, -241.727
3.03869, -48.8385, -52.4736
4.70633, -486.565, 455.045
6.28811, -364.43, -307.292
2.77803, -364.658, -322.428
3.51241, -17.0336, -194.88
6.82305, 540.981, -513.805
6.52456, -101.349, -179.527
2.78861, -338.652, -281.263
4.40304, -105.765, -112.802
4.56124, 32.9292, 373.11
2.80071, -41.8253, 73.8131
7.09746, 483.4, 394.87
3.35398, 476.71, 329.519
6.51634, -403.757, 198.729
3.88599, 221.939, 96.5828
4.44586, -19.7728, 264.056
7.19936, -40.7944, 368.521
6.24573, 72.9221, -120.576
3.44774, -505.934, 399.306
6.89581, 252.33, -55.1462
6.8953, 230.526, -314.654
3.30515, -223.502, -169.649
5.87346, -308.85, -255.206
6.89096, 171.319, -7.00783
6.98262, 299.57, -75.3148
3.06535, -203.861, 395.996
5.93789, -205.399, -216.305
3.21651, -172.568, -499.709
3.6901, 326.21, 50.5095
5.64383, 154.104, 110.821
4.312, 369.331, 247.308
4.64437, 571.499, 175.379
4.91936, -108.23, -204.733
6.20379, 49.4047, -123.088
3.23098, -331.533, 392.327
7.36238, -402.261, -276.168
7.3158, -169.081, -191.584
3.14741, -187.832, 650.73
5.3784, 42.5998, -32.6458
4.66439, 7.66618, -86.5042
5.50066, -135.474, -152.636
5.85098, -190.851, -222.08
4.5137, 532.342, 379.385
6.46691, 449.521, 349.752
4.89889, -222.031, -185.165
5.72449, 293.643, -47.5561
4.28836, -166.093, 437.853
5.96794, -51.9192, -229.856
5.83428, -516.658, -288.851
3.22071, -381.615, 430.302
7.10415, -434.647, 179.732
4.22228, 91.3797, -140.103
6.66824, 38.3199, -131.317
2.74349, 225.296, -313.486
3.27936, -169.729, -273.323
2.55765, 271.11, -1.91122
3.94327, 45.391, 420.41
5.07295, -161.821, -161.428
3.65948, 514.195, 534.758
2.75022, -117.018, -203.858
5.33091, -307.818, -245.553
6.69774, -2.87455, 267.192
4.28763, -351.168, -350.023
4.3452, 24.1213, 341.566
7.22226, 222.791, 38.3303
4.72425, -361.154, -215.873
6.82086, 213.466, 33.6332
5.82654, -408.874, -303.766
5.79297, 85.5038, 372.008
7.10736, -597.427, 511.221
5.11536, 573.009, -381.493
5.45229, 287.465, -348.178
5.79944, 389.264, 342.607
4.24765, 207.551, 2.54209
4.11714, 236.087, 43.6091
7.08984, 37.5756, 331.761
3.08619, 492.471, -538.948
7.31268, 170.863, 173.022
5.17978, 37.0709, -153.336
5.81447, 408.231, 407.734
5.48362, 388.154, -390.171
6.93363, -310.106, -169.932
6.67999, -358.612, -281.975
6.69339, 161.688, 58.1219
6.85642, -65.8378, 4.99688
2.5002, -280.678, 118.421
4.77274, 236.824, 62.4601
4.25696, -444.781, 171.128
5.80713, -232.981, 502.035
6.22234, -405.317, 197.697
3.3821, -108.214, -224.706
7.4621, 529.337, -504.588
5.95466, -401.156, 151.947
6.97862, 244.442, 317.094
3.51579, 238.14, 59.2084
7.2356, -337.371, -187.678
4.88476, 448.899, -416.902
6.78578, 463.202, -511.385
6.41237, -334.38, -289.372
5.70687, 412.826, -440.689
3.14521, -471.253, -25.0329
5.77944, -26.212, 350.766
3.09199, -36.6184, -113.387
3.88793, -18.8834, 235.797
6.65548, -134.478, -135.543
6.14153, -286.879, -515.47
6.74348, -860.179, -40.4081
3.43989, -230.1, -117.668
6.09602, 212.327, -139.127
4.25586, 188.777, -32.7367
3.34555, -540.434, -391.445
4.52383, -152.072, -274.491
4.20924, 55.6673, 381.851
6.67141, 200.263, 35.8085
3.9111, 444.299, 353.184
5.16766, -328.401, -282.731
6.25085, 428.559, -344.449
4.62554, -396.652, -173.88
4.66964, -444.076, 399.608
3.03022, 458.058, -390.672
6.4639, -80.2225, -239.181
3.91232, -520.273, -186.759
7.14264, -141.166, -166.951
5.37926, 318.077, -17.5883
3.4895, 397.777, -253.644
5.99081, 219.192, -296.441
3.07265, 222.643, -277.584
4.22945, -27.8314, 233.21
4.15646, -156.278, -186.815
6.42735, 545.603, -498.193
6.65775, 168.7, 197.055
4.21712, -521.981, 348.735
4.2603, -199.873, 339.934
6.38197, -78.8072, -185.035
6.58658, -56.5756, 370.69
4.26157, -150.897, -109.047
7.09559, -290.925, -247.505
3.2877, 259.463, 19.7023
5.56029, -314.465, 531.695
5.54222, -382.268, 431.238
3.16647, -77.3522, -207.703
3.51409, -412.926, -323.342
4.79457, -397.705, 447.311
3.48759, -313.565, 466.02
6.77118, -438.842, 154.44
6.54562, -68.3251, -296.674
2.80131, -475.426, 439.054
6.50584, -472.822, 436.847
5.49597, -87.9977, -241.081
7.43182, -453.149, 185.982
2.65919, 101.878, 361.654
6.8356, 541.599, -514.409
3.69109, 99.3471, -48.8741
3.6127, 184.212, 25.8671
4.73907, -352.168, -334.792
2.61231, 192.746, 154.948
6.79755, -107.604, -211.927
4.15902, 216.858, 16.9821
5.72195, 299.544, -110.559
7.43521, -344.009, -332.208
5.30162, 208.067, -315.569
4.74553, -280.147, -244.662
5.213, -17.5123, -251.404
2.90797, 285.676, -35.644
3.99606, -211.811, -230.499
6.63964, 395.084, 344.721
6.48936, 428.472, 575.903
5.71048, 135.123, 271.886
4.84105, 211.412, 45.065
7.15326, -108.476, -222.978
5.08798, -85.0611, -202.46
7.42924, 449.743, -429.698
5.94567, -32.0117, -138.466
6.19966, -115.409, -240.834
3.46323, -580.048, -197.962
6.08881, -214.174, 499.904
6.11146, 151.83, 112.725
6.49298, 242.055, 45.2925
4.23216, 266.667, -209.853
5.1481, 26.1407, -138.707
3.19001, 125.289, 83.4849
6.73218, -132.969, -147.543
6.32766, 85.2434, -278.089
7.5, 514.234, -539.699
4.24891, 485.026, 305.76
5.50367, -404.741, 413.19
3.50808, -285.164, -231.33
6.2385, 286.905, 31.144
6.49225, 236.495, 39.9729
3.03505, -418.684, 369.484
5.35813, -282.789, -279.288
2.84683, 119.27, -128.015
4.16036, 454.311, 326.598
5.80945, 224.863, -317.751
5.27726, 136.169, -162.687
7.12415, 200.044, 66.3255
2.69832, -250.982, -256.396
2.62083, -92.0657, -200.459
4.61923, 281.416, -270.675
4.36987, 260.473, 12.9681
2.93303, -122.287, -98.4238
3.05403, -68.6511, -109.468
5.31992, 250.289, -446.508
7.37269, -157.607, 413.422
3.05066, -45.0401, -236.187
5.99352, -7.49996, 335.426
2.79674, 159.117, -250.519
4.69755, 159.339, 112.883
5.24651, 396.138, 365.898
3.45129, 288.053, -385.9
7.36597, 243.039, 128.246
3.19593, -298.749, -189.11
5.48978, 424.851, -422.06
7.12812, -325.034, 468.403
3.91116, 58.1988, 367.962
6.8307, -135.895, -216.613
6.29598, 13.6838, -219.591
6.10793, 225.76, -12.6297
3.34241, -37.7888, 73.7549
3.32882, 422.551, 298.003
3.39076, -297.087, -16.5208
5.87226, 225.277, -264.179
4.83484, 20.6354, -345.998
6.85219, -374.115, -430.961
5.76023, -302.652, -307.34
5.80464, 565.99, 569.694
2.58037, -431.232, -557.988
4.30596, -410.6, -286.036
3.72747, 303.435, 135.527
6.93086, -425.473, -355.816
5.23701, 575.977, 435.148
6.57209, -120.325, -233.598
5.24453, -0.511293, 338.455
4.16156, 157.763, 155.942
4.40213, 145.825, -234.507
2.52389, 456.682, 371.954
6.95226, -103.607, -204.526
6.16955, -419.415, 458.23
6.04239, 76.8685, 350.092
5.1278, 42.0476, -117.62
6.41065, -60.1778, -216.237
3.42484, -238.264, -269.907
5.72673, 255.452, 8.02243
3.42178, -343.044, -308.013
3.31214, 4.93746, -156.479
2.65594, -330.87, 398.612
7.42716, -88.4728, -162.031
4.04559, -291.217, -220.329
4.11075, -233.032, -71.7352
5.51155, 265.542, 118.604
2.89107, -234.874, -198.172
3.93936, 280.01, 91.5322
5.79307, -91.4877, -303.743
7.36348, -231.076, -463.294
7.27758, -433.152, -214.929
7.42745, -237.489, -214.976
7.30478, -417.987, -313.732
3.0073, -470.638, 474.754
3.71505, -129.268, -270.71
6.91151, -149.38, -194.196
5.28805, 211.802, 3.40827
6.7669, 441.216, 346.544
7.49145, -334.507, 392.541
3.99751, -27.7357, -321.572
6.33157, 375.904, 417.317
4.81901, 257.786, 118.607
6.8168, -375.932, -132.298
6.99018, 232.807, -47.4734
7.377, 85.7202, -170.878
2.77405, 250.07, 48.1817
6.32605, 545.048, -487.721
5.09219, -324.122, 467.626
3.46574, 148.361, 60.8471
6.98252, 260.121, -290.176
6.38492, -227.907, 218.006
2.75968, 267.61, -18.6241
7.47331, -410.633, 395.408
5.93659, -344.702, -262.529
5.94854, 375.198, 434.977
6.57666, -202.26, 324.401
7.05426, -73.0479, -211.29
3.34218, -68.5172, 3.0784
5.24183, -405.575, 375.531
6.53351, -99.9393, -193.98
4.17803, 200.487, -282.239
5.53435, -221.603, -154.791
6.59602, -478.242, 279.744
7.3485, 40.2243, -132.475
6.29349, 368.92, 458.029
3.72113, -145.662, -197.721
5.80589, -529.15, 91.7431
4.21574, -181.524, -255.65
7.27146, 111.443, -224.72
2.60828, 189.941, 404.041
4.54979, -550.907, 505.884
2.55789, 175.931, -291.887
3.04964, 289.812, 141.43
5.28259, -433.422, 177.44
4.45466, 27.7753, -120.182
7.20539, 36.6148, -141.019
2.55572, 273.219, -187.061
6.22897, -148.988, -291.778
3.84293, 173.042, 39.4999
4.27153, -306.302, -350.747
3.45835, -234.369, 506.292
5.14832, 353.816, 300.729
4.39478, -35.2083, -217.773
3.16407, -159.951, -238.967
4.26563, -93.9685, -299.284
4.2497, 516.731, 455.502
7.41084, 171.226, 88.9652
5.25961, -115.849, -117.538
4.99918, -161.346, -150.027
3.58531, -425.768, 177.604
4.37311, -67.814, -235.946
6.78251, -368.03, -316.546
6.45578, 414.698, -450.058
3.9204, -317.75, 391.937
5.07645, 311.535, 319.754
6.79238, -148.403, -183.73
7.07844, -259.865, -75.1265
7.48941, 4.99739, 262.745
6.53177, 47.5807, -155.852
5.22718, -357.635, -234.137
7.3461, 30.4032, -240.189
5.31931, -442.834, 68.8088
4.03031, -329.552, 395.751
5.41853, 497.878, 519.543
2.91197, 139.028, -11.7508
5.47382, 276.86, -17.6992
3.31968, -396.638, -393.562
6.46527, -392.227, -336.556
2.95373, 650.572, 284.296
6.3072, -415.974, -168.723
6.83996, -142.197, -202.044
6.40105, -151.324, -287.71
6.61399, 380.986, 423.37
6.70974, 220.214, -115.986
4.48328, -53.6296, -81.6493
6.508, -52.1938, -84.691
6.56811, 307.92, 154.655
5.43493, -237.728, -262.642
4.64621, 207.341, -76.412
2.5002, -95.5973, -213.947
5.31153, -320.008, 98.9428
6.22632, 229.761, 58.1059
3.89846, 281.035, 156.182
2.93406, -282.63, 455.788
3.5733, 484.426, -401.114
3.93296, -488.626, 434.907
4.86595, -400.241, 511.765
6.95893, 532.921, 514.01
5.91955, 156.869, -331.623
3.54376, 40.8749, -131.987
6.67533, 233.743, -128.016
7.09218, 481.808, 399.047
4.48244, -737.667, -287.659
6.37858, 223.752, 16.7168
5.68161, 190.732, -77.9414
6.64746, 212.188, 28.4102
3.40204, 268.205, -295.864
7.45927, 162.385, -263.015
6.70558, 11.3873, -176.083
4.65177, 286.817, 182.893
4.38589, 326.062, 472.283
2.70802, 169.155, -335.188
6.80715, -384.952, -410.908
6.62116, 436.989, -370.107
6.25052, -155.375, 385.532
3.55801, -168.034, 376.609
4.31029, -149.155, -256.079
4.43545, -236.044, -210.811
7.32918, 401.939, 412.737
6.5872, 97.4559, 360.538
4.5755, 170.405, 276.718
5.83759, 311.645, 59.0817
2.52101, 442.941, 315.764
6.98048, -465.243, 182.667
3.68416, -34.3622, 71.9894
3.79415, 15.9138, -224.796
5.4939, 196.042, -329.203
6.89823, -443.032, 187.914
6.16299, -300.238, -274.074
6.0773, 437.68, 222.653
3.57724, -160.292, 296.459
6.30413, 587.776, -404.358
3.85351, -25.3786, -204.76
2.75246, 275.734, 116.181
4.78866, 141.77, -133.634
2.58759, 283.824, -379.006
3.01129, -29.7817, -103.076
2.639, -153.964, -113.561
5.65921, -109.182, -208.833
6.34425, 19.6083, -102.156
2.74132, 192.834, -371.386
6.6924, 123.221, -170.6
6.76899, -338.73, -58.9384
6.57649, -424.506, 432.507
6.85188, 393.912, 304.017
5.27222, -278.623, -261.739
6.12646, -116.666, -186.001
3.20424, -168.882, 322.514
6.6115, 164.12, -344.302
5.51185, 162.554, 58.957
4.93856, 131.208, -271.178
6.14942, 87.5063, 395.11
4.05164, 455.369, -638.65
3.93925, -306.068, 43.2493
5.45857, -393.478, 427.797
5.34055, 504.919, 315.484
5.41059, -365.971, -160.796
2.84132, -456.039, 259.212
4.34304, -121.844, -115.166
6.28475, -323.792, -312.657
6.35297, -562.415, -369.401
4.27217, -233.93, -217.312
5.98913, 25.3865, 280.136
5.08005, -247.284, -236.38
5.94494, 252.996, 62.2942
6.18066, -14.6144, 262.757
2.56231, -75.3759, -176.747
7.16549, 153.77, 77.975
5.37826, 145.998, 67.1749
3.05587, 426.758, 274.813
4.87388, -210.686, -155.208
3.24247, 459.646, 48.8651
4.22594, 243.579, -1.81358
7.04476, -437.552, 175.495
4.54571, 115.945, 420.589
5.96642, -214.584, -194.432
3.35865, 252.054, -260.495
6.21715, 403.094, -394.421
4.16319, -329.171, 412.494
4.62157, 224.266, 81.2464
2.79523, -146.128, -249.8
5.09005, 301.729, 159.509
5.94425, 211.905, -234.529
5.01149, -86.1952, -203.534
6.56617, 13.8968, -236.133
3.07974, -173.497, -215.364
5.24841, 282.814, 5.20969
5.06046, 239.379, 54.0555
6.02649, 403.74, 482.609
5.65083, -209.545, 321.582
4.0207, -62.1661, -198.004
6.74719, 229.482, 63.5334
3.39619, 213.866, 48.8056
2.61737, -387.167, -204.69
4.19467, 209.863, 123.605
3.43818, 203.128, 33.2728
6.60467, -73.3434, -222.794
6.72507, -223.867, -183.035
6.78031, 528.003, -509.163
7.37454, -454.168, 406.478
2.99587, 137.148, -351.985
2.56182, 322.441, 393.532
2.58614, 219.683, 15.4031
2.64527, 272.789, -27.3169
4.1031, -118.682, -120.511
6.17815, 246.671, 58.4987
3.14876, 197.07, 5.23354
2.5161, -249.069, 212.775
6.91905, -188.133, -155.102
3.70482, 249.626, -299.713
4.38481, -397.242, 422.906
4.44879, 181.187, 0.352007
2.81534, 170.594, 82.0986
7.30792, -66.744, 385.472
3.75349, 372.914, -285.11
6.85376, -222.933, -209.594
2.85991, -434.535, 235.828
2.70653, -294.308, 519.009
3.46378, 292.244, -357.585
3.86708, -112.783, 179.933
7.4007, -275.299, -455.542
3.60607, 236.934, -318.322
6.43119, -315.12, 351.553
4.42306, 92.0546, -183.131
3.78593, 228.116, -248.322
3.91087, -412.394, 149.408
7.33834, 82.1258, 117.115
4.22841, -13.8471, -206.533
3.45922, -471.996, 232.003
5.05037, -431.481, -226.922
5.21857, -371.292, 376.64
5.72333, -360.731, -323.726
3.89738, 39.4344, 430.038
3.41887, -96.8767, -161.574
2.71579, -259.346, 154.139
3.98408, -151.904, -186.124
4.25548, -19.3661, 118.447
7.09372, -270.227, 419.003
5.81225, 251.381, -146.551
5.08041, 440.762, 348.045
4.03763, 202.881, 5.45092
3.0007, -52.2536, 29.9083
3.47502, 227.623, -87.2387
4.11407, -28.5572, -139.218
5.56182, 131.631, -1.12826
5.13511, 543.181, -402.817
3.45653, 280.319, -0.174699
4.7178, -291.414, -320.001
4.48693, -357.458, 382.456
6.28051, -337.664, 289.741
6.6213, 458.683, 384.564
5.51573, -127.539, -72.3349
3.04573, 172.434, -278.192
4.11797, 233.123, 122.128
5.03403, 317.465, 183.937
4.76521, -440.655, 400.489
4.77315, -111.045, -200.059
4.91125, 453.298, 411.071
5.07896, 239.23, -316.947
4.50207, 34.8786, 356.645
4.22945, 169.057, 246.902
6.64533, 175.797, 103.975
3.02204, -656.166, -468.198
6.40057, 162.884, 19.9957
3.19919, -101.084, -111.407
2.62171, -330.356, -289.758
6.0664, 244.699, -226.837
7.15538, -110.026, -148.461
7.47667, 198.363, 40.249
3.86264, -395.156, 94.909
3.6923, -272.21, -283.218
3.87328, 523.663, 417.325
5.70836, -351.846, -295.189
5.17637, 254.976, 18.2919
6.8967, 397.953, -285.029
6.75968, -471.95, -252.25
2.98004, 179.367, 104.463
4.66818, -544.26, 174.824
3.17045, 151.683, -66.7055
5.86802, -62.4323, -5.42378
5.34964, -70.3986, -190.877
3.66474, -468.33, 396.735
5.50306, 171.502, -322.856
2.6551, -368.987, -318.012
7.08512, 177.014, -82.346
3.82958, 158.967, 101.976
6.50016, -91.3916, -195.516
5.46389, -42.1097, -212.787
5.0822, 281.632, -28.7327
5.2567, 315.413, -33.733
3.47225, 273.265, 138.66
5.36152, 0.865026, -360.347
3.81992, 188.754, 206.17
4.41648, -397.101, 474.438
2.73626, -324.907, -138.772
4.22823, 173.774, -293.37
3.61594, 129.666, -355.944
3.81264, -116.673, -112.174
3.05141, -139.344, -233.76
7.40088, -324.508, -390.509
5.93794, 403.766, 439.772
5.82158, -438.391, -232.415
5.99501, -389.872, -236.774
2.68746, -375.881, -279.237
3.6706, -323.146, -363.874
3.95397, 449.538, 375.9
3.50543, -2.10461, -267.239
2.7177, 351.395, -9.83012
2.56571, -174.503, 500.996
6.07297, -305.843, 440.171
6.88348, -380.287, -342.549
5.35088, -427.465, 116.719
6.92743, 494.627, 412.301
5.20042, -325.319, -265.124
3.31357, 560.143, -476.277
3.30492, 389.452, 423.409
7.19182, 234.141, 86.3237
3.45628, 399.293, -364.278
3.15761, -150.807, -134.467
4.41122, -80.9075, -139.62
6.12674, 263.58, 113.245
2.50651, 484.562, 415.352
4.60222, 108.326, 281.362
5.18984, 214.68, 32.183
4.86596, -22.7897, 69.424
6.33003, 488.372, 413.823
2.9396, 269.226, -294.233
7.04284, 229.033, -2.89467
3.20818, -601.921, -429.293
2.54782, 304.395, 40.6146
2.82267, 195.128, -44.4157
4.96742, 203.776, 80.9036
5.40914, 465.158, 318.35
4.03373, -322.996, 475.221
4.57091, 224.268, -46.4484
4.33401, -345.856, -286.51
3.42687, 73.6613, 366.088
2.76788, 91.6401, 44.2039
4.47222, 179.438, 172.758
3.98388, -33.7498, -93.5447
5.05388, -504.255, 423.394
3.75392, -433.799, 174.191
5.01589, 473.019, 494.506
2.51168, -292.578, 462.218
7.01807, 593.319, -213.186
2.79181, -431.639, -335.695
5.17506, -179.028, 341.31
3.95754, -500.874, 361.956
7.3023, -257.273, -129.173
4.73406, 218.308, 17.3728
5.08479, 277.954, 187.496
5.93861, -113.603, -207.991
2.72187, -156.491, -204.227
7.2946, -451.093, 445.907
5.70852, 308.521, 68.8214
2.80215, 41.9641, -336.029
3.33964, 216.588, 21.8558
5.76491, 170.201, 59.3417
6.19864, -411.586, 151.738
3.57011, 266.783, 177.682
4.31441, -232.022, -147.639
6.56981, -358.287, 340.718
5.32057, 399.429, -226.543
7.45886, -58.9072, -197.8
6.5669, -117.472, -34.1916
3.49157, -320.871, 76.8805
2.50003, -48.2171, -358.896
4.62608, 594.162, -343
4.07406, 302.259, 196.205
5.56218, 477.23, -385.074
3.83351, -27.7634, -182.129
4.39881, -280.757, -24.9596
5.43397, 263.057, 21.0466
5.95636, -142.307, -259.895
7.26736, -74.5631, -249.463
4.89785, -377.113, -243.156
3.60319, 233.69, -310.033
5.33741, -395.69, -332.307
6.09873, 280.883, 177.822
4.4953, -326.912, 360.387
3.48326, -375.483, 356.079
6.66971, -492.319, -417.968
5.59561, -430.444, -328.395
7.26866, -79.7834, -212.316
3.23222, 43.2983, -124.562
5.38953, -167.683, -174.052
7.26796, -323.097, 381.377
3.62331, 565.691, -326.644
7.25137, -306.589, 410.878
3.07874, 433.401, -432.306
2.58372, 31.5634, -142.942
3.90465, -162.146, -165.628
7.15042, 242.718, 50.8346
3.04796, 539.296, 529.844
6.77266, 71.487, 391.909
5.68532, -589.054, -293.271
5.63853, 226.697, -319.974
3.80589, 455.412, 377.051
5.13936, -529.02, 179.485
7.16608, -214.733, 320.143
3.98055, 111.682, 136.692
4.78006, 202.655, 13.9454
6.35659, -354.593, -282.492
4.17193, 286.828, 180.313
6.31775, -1.0061, -193.962
6.65892, 18.9709, 278.717
2.64618, -394.967, 477.87
4.31315, 345.135, 2.62321
4.16221, 301.329, -74.4131
3.17675, -327.453, -211.616
3.00839, -196.334, 499
5.11327, -335.441, 328.773
3.52046, -297.509, -205.309
5.00728, -339.71, -252.891
5.1371, 117.624, 363.133
4.13422, -160.414, -151.876
4.75888, 95.3522, -247.263
6.85263, 99.2375, 344.327
4.72884, 503.437, 318.498
6.03726, -670.613, -67.2868
6.83171, 523.135, -488.603
6.5822, 281.155, 179.004
2.67504, 582.706, 438.926
3.8644, -234.286, -272.217
5.21858, -92.696, -269.748
3.19942, -189.889, -223.611
5.57408, -238.252, -31.3743
3.29182, -252.799, -168.393
4.41129, 185.569, 8.16265
5.94997, -78.6971, -48.3788
3.21128, -247.794, 215.741
5.65284, -359.163, 408.082
3.15973, -39.8315, 234.884
7.13583, -551.62, 188.109
5.53465, -453.779, 382.541
5.50388, -383.679, 191.946
3.33635, 164.089, -341.642
3.301, -583.695, -459.955
5.91628, 211.655, 55.798
5.1456, -211.7, -204.54
3.65264, 66.9023, 323.753
6.55373, -368.768, -181.09
5.76477, -39.1501, -242.426
4.08597, -318.045, -343.579
2.53953, -44.6921, -111.901
3.49176, 407.323, 497.446
3.78831, 333.787, -57.2204
3.03825, 217.543, -128.891
3.49545, -11.8315, -162.264
6.75079, 684.148, -415.806
6.63912, -314.856, 120.755
6.76813, -329.865, -345.575
5.71027, 5.39556, 441.351
3.6787, 590.195, -306.101
6.80638, -414.677, -47.6242
5.4745, 248.293, 234.167
2.52745, 202.415, 124.544
6.84925, -329.624, -286.671
7.37729, 215.587, 115.395
5.59653, 130.95, 45.6759
3.85574, -438.323, -51.5623
7.46973, -171.865, -241.69
4.60751, -341.608, -220.842
4.20537, -312.09, -320.342
4.80717, 136.234, -108.778
4.44822, 76.6697, -182.431
4.613, -42.0837, 384.919
2.84879, 229.371, 161.432
5.5153, 16.9653, -81.0475
7.36114, -61.9619, -57.2192
5.07406, -316.974, -276.564
7.45461, 168.453, 170.511
5.84906, 155.525, 76.445
4.01716, -170.499, -219.192
3.47371, 386.926, 337.028
4.0109, -230.703, -113.427
4.93946, -290.314, 612.697
4.72438, 459.73, 369.636
5.7844, 179.6, -288.877
3.74227, -413.129, -287.246
4.72007, -23.9149, 398.202
5.75894, -326.617, -231.007
6.67472, -631.451, 364.256
6.03698, 71.08, 349.655
4.93928, -293.366, -265.186
6.72039, 149.97, 65.1007
7.00296, -173.749, -194.088
6.33082, -398.604, -393.385
5.29453, 404.095, 412.482
2.70603, 284.774, 16.6757
5.46749, 260.672, 65.742
2.68674, -218.945, 276.126
4.53488, 224.656, 5.28101
2.84243, -502.213, -568.439
7.38558, -239.171, -180.551
2.5956, -286.16, -273.772
6.60363, -171.111, -125.029
5.2195, -471.164, 300.989
5.72828, 396.691, -252.054
3.62934, -112.681, -207.665
2.733, 553.563, -487.779
3.63154, 262.584, -249.781
4.58371, -398.578, 223.2
6.40126, 210.388, -337.034
3.72852, -445.951, 239.112
4.81411, 262.875, 35.4501
6.14756, 179.871, 8.35044
5.35237, -464.806, 300.243
5.45997, 472.891, 420.11
4.98425, -503.547, 101.473
3.951, 90.9642, -28.9875
4.71107, 43.6993, -134.388
2.53669, 625.114, -555.128
7.41683, 260.425, -139.327
2.52822, -415.078, -56.8881
4.8676, 59.4375, 321.875
5.86497, -88.8181, -281.811
