6.27803, -736.808, -999.189
3.5948, 65.7203, -89.3086
5.89648, 358.02, -905.544
5.09708, -233.234, 870.047
2.76731, -931.089, 661.341
2.53849, 335.221, 52.9494
4.58743, -865.271, -233.034
7.15218, 178.018, 373.777
2.95982, 53.5449, 692.283
6.00595, -167.318, 308.964
3.81226, 524.807, 820.263
4.14117, 472.099, -904.61
7.45519, 512.428, 264.797
7.41275, -507.237, -271.523
5.75759, 506.382, 445.081
6.92354, 263.164, -854.137
6.33247, -126.666, -454.427
3.87453, -523.442, -45.1229
4.93259, -668.335, -285.248
2.80282, 818.712, 794.645
5.08146, 8.89174, 808.68
4.96988, 972.645, -362.06
7.23882, -818.054, -467.837
4.42071, -3.84306, -850.913
5.14874, 827.19, -446.177
2.75042, 881.5, -70.407
6.63909, 540.458, 524.328
5.94228, -967.361, -748.872
6.18112, 259.064, 736.31
6.94286, 997.618, 450.731
4.25508, -386.699, -533.759
6.72991, 182.253, 26.4836
3.84659, 679.009, -172.916
4.83959, 75.6109, -173.465
3.2686, -643.917, -424.776
2.66527, 605.627, 143.15
7.2768, -3.40708, 69.3702
6.95369, 109.287, 496.248
3.29884, 683.499, 249.409
3.15214, 429.332, -574.251
2.515, -450.987, -817.772
6.0491, -948.615, -172.718
3.40448, -519.39, 875.08
5.76029, 773.768, -364.514
4.42907, 363.016, -699.199
3.23766, -4.89924, -225.841
5.45054, 690.044, 174.106
3.24076, 113.21, 910.593
3.2091, -182.339, 966.102
4.94257, -495.389, 129.489
3.13015, 921.804, -67.3576
5.64635, -361.092, -600.045
5.60817, 302.28, -746.082
4.88216, -503.751, 605.679
2.64188, -592.153, -223.503
3.21011, -146.186, 802.961
3.15594, -179.566, 894.384
3.31099, -816.104, 769.863
3.76529, -269.176, -857.211
4.77654, 567.128, -730.356
6.54472, -95.2702, -300.807
3.57624, 303.176, 862.72
3.75063, 817.408, 361.538
5.02978, -57.5712, 721.563
6.27922, 635.078, 199.184
5.66369, 902.736, -74.6968
5.9449, 648.045, -122.134
7.27207, 973.714, 404.965
5.18713, -421.568, 703.435
4.57014, -788.605, 36.0744
4.70019, 752.861, 153.697
6.07821, 738.222, 459.375
6.20858, 412.517, 600.975
5.12494, 771.873, -961.507
6.06711, -869.092, -73.4752
5.91025, 335.209, -22.0485
6.82941, 833.067, -600.627
3.19597, 87.5455, 779.405
3.57766, 977.727, -99.5194
5.0733, -368.039, -108.403
4.83766, -120.397, 761.698
3.55759, -269.376, 613.083
5.65244, -690.499, 994.201
2.5044, -996.191, 230.63
4.09589, 454.415, 546.388
5.90281, 364.719, -163.449
6.0446, 672.539, -589.171
2.90869, -810.591, 657.073
3.56926, 259.531, 528.431
4.44412, -837.418, -572.681
4.44927, 895.74, 904.066
3.92018, 384.111, -461.49
4.6123, 567.328, 553.416
2.55658, -603.514, -439.081
3.72027, 963.469, -616.921
4.49072, -726.452, 640.192
6.64177, -646.427, 201.925
3.78584, 975.406, -684.851
3.59705, -797.562, -532.663
6.47385, 391.74, 269.338
5.8476, 505.447, 392.37
5.49108, -887.704, 269.454
5.99917, -362.592, -545.522
5.13062, 525.352, -764.62
4.14833, 177.15, 106.882
3.30844, -714.015, 405.554
6.56633, 720.138, -29.2
4.08004, 477.972, 113.96
4.05369, 56.7568, -729.621
4.65424, 36.0637, 175.372
4.46509, -255.75, -480.526
4.43916, -48.3593, -107.338
4.34871, -842.721, -441.655
5.88118, 343.495, -492.325
6.10384, 456.63, 27.9101
7.20082, -77.3104, 890.062
5.08573, -79.1799, -356.983
5.5282, -196.012, 322.75
5.85049, -698.51, 973.612
5.11404, 83.0752, -311.849
3.87105, -968.586, 657.197
7.08924, 92.5936, 285.836
3.73367, 939.413, -466.248
4.77876, 387.571, 687.35
3.30374, -955.066, 642.932
4.68319, 415.316, 413.267
7.45767, 502.686, 165.363
6.26931, -440.718, 391.296
4.97846, -990.689, -657.336
7.01651, -671.757, -839.867
4.68213, 493.236, 565.397
5.09239, 169.402, -986.622
4.44866, 88.0706, -865.622
5.63431, -227.782, -568.294
5.19331, 418.14, 318.106
4.35955, 631.934, -439.27
2.54674, -375.891, 369.525
6.3794, 41.7959, -791.857
2.85317, -889.101, -558.947
3.98511, 447.178, -679.475
4.78581, -37.9853, -902.782
3.25156, -104.654, 39.6425
5.97819, 667.47, -428.493
4.15587, 368.689, 159.455
5.21197, 973.309, -884.465
2.64678, 713.188, -995.317
5.38086, -20.7507, -243.797
5.18133, 359.576, 477.423
7.36678, -755.359, -928.133
5.57063, -297.427, -622.885
5.26431, -747.734, 214.847
6.69051, -284.646, 907.649
3.75764, -482.601, 946.917
6.98957, 631.98, -148.507
5.97428, 520.177, -509.851
5.82752, -472.806, -96.1766
3.06838, -580.707, -767.269
3.37987, -986.911, 94.0814
2.91253, -136.175, 198.203
6.68103, -249.019, 374.346
2.64818, 945.392, -754.4
6.34719, -9.98435, -841.043
4.29829, -500.134, 867.705
6.24626, 0.336643, 537.721
6.28385, 363.19, 343.454
3.60834, -538.682, -926.62
5.58305, 305.216, 125.541
3.66846, -550.261, -256.446
6.22052, -668.326, 305.662
5.80997, -905.33, -680.972
4.9209, 899.193, -749.525
2.58972, 828.048, 241.58
4.98291, 444.082, 188.383
5.09587, -115.927, -891.756
4.71395, -870.889, 540.686
4.14528, -64.0858, 953.547
3.52671, 486.306, -108
7.19863, -254.325, -656.497
2.85168, -496.725, 928.477
3.30042, 52.5221, -751.541
6.70788, -791.677, 30.3353
4.13614, -153.353, -264.276
6.85942, 154.241, 427.135
5.99896, 672.91, 516.405
5.52801, 870.265, -221.639
4.77536, 79.08, -274.661
2.91543, -519.458, -193.199
3.94883, -55.1917, -155.695
6.51009, -567.76, -789.554
6.81821, 339.765, 57.4114
3.81831, 422.852, -512.272
4.79881, -837.663, -234.6
4.95672, 592.809, -532.501
5.82344, -467.678, -992.862
7.31738, -626.417, -150.237
7.23022, 590.453, -732.313
2.81902, 218.405, -657.171
5.04829, -411.002, -307.61
6.13222, 668.615, 652.477
5.65882, 603.621, -340.814
3.26658, -916.866, -909.196
5.09652, -874.107, 536.239
3.52281, -558.583, 857.751
6.03231, 399.481, -821.817
6.05786, -476.138, -11.4251
3.66304, -595.506, -241.96
6.80594, -64.6746, -131.385
2.67122, -110.716, 953.811
6.26587, -936.498, 48.1935
4.14789, 645.202, 181.881
4.65309, 72.7771, -535.489
7.33455, 973.617, -192.972
4.05803, 734.715, 700.182
5.69762, 994.03, -702.855
5.95386, 864.382, -63.518
5.36403, 82.4978, 630.473
6.60667, 890.695, -681.901
4.21807, -915.501, -687.9
5.09387, -807.337, -779.214
6.78438, 122.886, -954.529
6.18587, 348.596, 34.7804
3.45992, -952.853, 395.63
2.83145, -308.235, 341.733
3.60828, 849.518, -723.302
3.33656, 171.765, -238.995
6.31172, 382.183, -945.512
5.44905, -845.031, 426.884
4.65223, 859.401, 851.257
7.09618, 662.176, 11.9761
5.09668, 447.283, 201.56
7.38058, -677.418, -18.8483
5.15714, -453.414, 148.445
2.98716, 334.111, 396.415
5.83983, 220.964, 97.6679
5.44444, 142.739, -11.8762
5.01137, -701.249, -113
2.75808, -935.987, 462.24
2.6753, -355.973, 40.1171
4.41484, -785.6, -510.247
5.55555, 193.716, 103.636
5.06574, 540.576, 876.067
5.98498, 300.622, -26.5991
4.89891, -26.1208, -185.015
3.88323, 68.3914, 421.047
6.01685, -439.691, 210.793
3.67701, 876.235, 60.5152
6.41501, 193.825, -173.467
6.60589, 362.605, 839.91
3.21842, -538.834, 54.5892
5.75757, -496.154, 800.159
3.87677, 871.52, -989.685
7.26215, -440.622, 717.299
4.58238, -753.709, 13.7055
3.03869, -126.959, 404.672
4.70633, -799.951, 532.22
6.28811, -410.378, -307.79
2.77803, -338.503, -322.493
3.51241, -29.1897, 146.105
6.82305, 947.522, -774.92
6.52456, -265.25, -15.6041
2.78861, -680.591, -675.168
4.40304, -63.8685, -701.465
4.56124, -150.862, 767.042
2.80071, -383.048, 302.574
7.09746, 796.041, 631.164
3.35398, 539.765, 802.68
6.51634, -935.153, 148.905
3.88599, 723.284, 44.6616
4.44586, 173.565, 738.865
7.19936, 51.6022, 623.756
6.24573, 159.9, -160.588
3.44774, -324.029, 761.282
6.89581, 437.553, 486.061
6.8953, 419.83, -853.651
3.30515, -818.455, -277.856
5.87346, -806.687, -166.396
6.89096, 626.355, 125.445
6.98262, 268.931, 537.05
3.06535, -26.7579, 756.464
5.93789, -234.369, -245.862
3.21651, -845.366, -757.379
3.6901, 416.714, -44.699
5.64383, 951.021, -218.041
4.312, 817.508, 360.797
4.64437, 588.548, 718.287
4.91936, -0.772563, -850.697
6.20379, -0.905171, -99.6231
3.23098, -398.598, 865.919
7.36238, -836.628, -778.272
7.3158, -521.841, -185.398
3.14741, -603.429, 666.632
5.3784, -321.375, -607.284
4.66439, 171.202, -119.999
5.50066, -236.609, -262.464
5.85098, -701.828, -139.814
4.5137, 396.195, 990.314
6.46691, 639.218, 697.961
4.89889, -980.085, -251.37
5.72449, 293.597, 277.871
4.28836, -245.43, 598.258
5.96794, -331.233, -220.954
5.83428, -416.955, -709.381
3.22071, -371.869, 709.522
7.10415, -987.361, 206.722
4.22228, 32.8921, -236.026
6.66824, -417.595, -471.45
2.74349, 269.463, -750.629
3.27936, -246.492, -81.6027
2.55765, 331.84, 511.265
3.94327, 121.689, 589.603
5.07295, -357.098, -169.337
3.65948, 683.858, 438.208
2.75022, -248.788, -68.9648
5.33091, -595.187, -851.35
6.69774, -154.671, 664.524
4.28763, -638.471, -416.311
4.3452, 176.383, 868.648
7.22226, 255.755, -73.7985
4.72425, -900.555, -187.355
6.82086, 496.232, 191.079
5.82654, -790.537, -737.659
5.79297, 162.892, 666.527
7.10736, -961.813, 963.708
5.11536, 936.561, -611.779
5.45229, 439.516, -442.349
5.79944, 669.17, 673.123
4.24765, 291.602, 460.534
4.11714, 329.983, 67.5175
7.08984, -114.384, 738.508
3.08619, 903.527, -446.561
7.31268, 673.635, -168.85
5.17978, 48.4061, -333.631
5.81447, 858.889, 635.928
5.48362, 884.063, -512.042
6.93363, -506.076, -747.547
6.67999, -673.21, -607.619
6.69339, 246.53, 204.573
6.85642, -216.402, 342.782
2.5002, -769.802, 341.898
4.77274, 257.701, 351.848
4.25696, -936.825, 145.21
5.80713, -258.251, 709.928
6.22234, -875.119, 152.863
3.3821, -115.733, -442.3
7.4621, 794.491, -815.793
5.95466, -933.776, 183.725
6.97862, 139.26, -23.8965
3.51579, 376.525, -131.119
7.2356, -455.47, -36.5366
4.88476, 904.103, -509.997
6.78578, 922.604, -746.013
6.41237, -984.841, -563.929
5.70687, 918.722, -900.254
3.14521, -725.524, 147.06
5.77944, 3.8101, 649.374
3.09199, 52.9557, 9.96988
3.88793, 337.366, 805.718
6.65548, -217.848, -226.72
6.14153, -752.892, -513.879
6.74348, -597.638, 296.086
3.43989, -787.873, -952.886
6.09602, 559.083, -278.269
4.25586, 161.57, 332.691
3.34555, -415.831, -686.134
4.52383, 341.806, -551.824
4.20924, 158.81, 772.595
6.67141, 398.019, -125.521
3.9111, 698.102, 584.001
5.16766, -670.3, -475.671
6.25085, 996.712, -853.437
4.62554, -673.84, -758.532
4.66964, -572.18, 546.587
3.03022, 858.462, -933.526
6.4639, -36.4253, -467.164
3.91232, -572.427, -484.641
7.14264, -582.969, -238.203
5.37926, 234.926, 526.144
3.4895, 816.056, -287.732
5.99081, 580.026, -767.547
3.07265, 495.81, -962.68
4.22945, 308.687, 789.428
4.15646, -572.777, -236.038
6.42735, 828.658, -963.923
6.65775, 459.879, -213.032
4.21712, -740.582, 755.466
4.2603, -275.345, 884.907
6.38197, 144.422, -837.215
6.58658, -13.2525, 688.321
4.26157, -128.997, 282.312
7.09559, -435.717, -301.534
3.2877, 489.587, 252.563
5.56029, -494.092, 557.267
5.54222, -371.762, 709.259
3.16647, -252.514, -747.647
3.51409, -747.468, -476.582
4.79457, -857.834, 501.071
3.48759, -529.897, 926.662
6.77118, -837.997, 369.229
6.54562, -759.635, -694.425
2.80131, -908.494, 887.897
6.50584, -717.757, 658.54
5.49597, -196.312, -544.631
7.43182, -892.196, 309.797
2.65919, -169.665, 629.149
6.8356, 945.378, -784.383
3.69109, 668.684, 343.288
3.6127, 178.679, 433.368
4.73907, -994.707, -539.977
2.61231, 862.409, -173.869
6.79755, -248.511, 25.7563
4.15902, 217.385, 588.6
5.72195, 307.424, 248.523
7.43521, -947.438, -481.995
5.30162, 284.635, -584.336
4.74553, -758.492, -246.157
5.213, 172.394, -717.745
2.90797, 773.166, -32.7999
3.99606, -799.913, -274.096
6.63964, 825.286, 682.401
6.48936, 626.338, 939.862
5.71048, -102.691, 679.632
4.84105, 631.339, 387.538
7.15326, -197.157, -612.169
5.08798, -245.423, -67.1012
7.42924, 798.414, -543.583
5.94567, -82.5843, -725.41
6.19966, -181.32, -442.969
3.46323, -392.218, -936.861
6.08881, -450.563, 626.022
6.11146, 570.112, -182.382
6.49298, 266.009, 154.049
4.23216, 255.529, -998.842
5.1481, -15.6365, -57.0079
3.19001, 715.859, -362.481
6.73218, -225.938, -202.804
6.32766, -85.8193, -887.102
7.5, 923.718, -415.61
4.24891, 483.193, 997.128
5.50367, -601.75, 592.694
3.50808, -496.51, 85.3532
6.2385, 27.7453, 151.526
6.49225, 978.582, 216.088
3.03505, -706.507, 109.492
5.35813, -507.342, 47.5066
2.84683, 357.738, -331.889
4.16036, 751.577, 689.299
5.80945, 487.846, -708.949
5.27726, 175.553, -198.624
7.12415, 228.988, -11.7552
2.69832, -486.91, 227.561
2.62083, -312.691, 241.131
4.61923, 217.648, -657.19
4.36987, 460.758, 136.679
2.93303, -244.526, -266.872
3.05403, -158.406, 171.951
5.31992, 369.895, -349.19
7.37269, 63.1937, 743.398
3.05066, -48.9024, -880.18
5.99352, 99.034, 983.643
2.79674, -50.1021, -744.893
4.69755, 835.835, -109.436
5.24651, 993.85, 716.799
3.45129, 692.36, -751.158
7.36597, 312.88, 328.358
3.19593, -679.838, -81.8348
5.48978, 944.77, -433.188
7.12812, -873.927, 704.349
3.91116, -68.7747, 896.759
6.8307, -138.853, -80.0421
6.29598, -229.876, -602.267
6.10793, 347.479, 627.102
3.34241, -374.258, 368.382
3.32882, 840.745, 375.657
3.39076, -647.328, -991.75
5.87226, 336.301, -603.502
4.83484, -353.935, 36.8183
6.85219, -812.317, -358.302
5.76023, -700.099, -113.974
5.80464, 764.201, 883.285
2.58037, -659.808, -593.4
4.30596, -780.591, -667.098
3.72747, 927.025, 121.602
6.93086, -939.346, -951.764
5.23701, 826.054, 772.945
6.57209, -26.0258, -654.007
5.24453, 168.022, 872.072
4.16156, 506.586, -56.3169
4.40213, 25.5598, -654.998
2.52389, 933.539, 655.947
6.95226, -90.7903, -397.248
6.16955, -498.848, 686.796
6.04239, -153.857, 676.546
5.1278, 53.1542, -187.993
6.41065, -192.316, -816.479
3.42484, -384.63, -470.433
5.72673, 242.911, 512.004
3.42178, -691.017, -344.797
3.31214, 65.0421, -83.4855
2.65594, -181.898, 851.266
7.42716, 130.188, -665.484
4.04559, -332.602, -718.946
4.11075, -670.384, -295.303
5.51155, 286.66, -235.519
2.89107, -329.718, -924.173
3.93936, -17.9652, 88.1236
5.79307, -124.419, -491.642
7.36348, -995.815, -348.899
7.27758, -363.225, -797.765
7.42745, -670.933, -297.172
7.30478, -915.64, -766.245
3.0073, -559.073, 570.001
3.71505, -121.303, -494.835
6.91151, 98.6009, -434.456
5.28805, 340.841, 702.685
6.7669, 803.713, 515.75
7.49145, -532.764, 520.357
3.99751, -253.136, -479.199
6.33157, 982.47, 490.285
4.81901, 283.587, -142.977
6.8168, -636.238, -794.563
6.99018, 861.609, 6.26475
7.377, 258.19, -417.397
2.77405, 661.383, 83.1581
6.32605, 949.955, -619.989
5.09219, -934.896, 739.655
3.46574, 937.25, -247.288
6.98252, 194.354, -542.951
6.38492, -830.789, 98.7457
2.75968, 416.573, 541.953
7.47331, -856.088, 766.712
5.93659, -1.06913, -459.909
5.94854, 888.992, 496.844
6.57666, -657.467, 822.665
7.05426, -36.3553, -434.906
3.34218, -201.384, 405.823
5.24183, -579.951, 804.75
6.53351, -475.674, -253.901
4.17803, 318.581, -529.314
5.53435, -95.989, 43.2013
6.59602, -955.487, 334.17
7.3485, 88.1606, -248.134
6.29349, 586.103, 492.69
3.72113, -185.564, -93.3774
5.80589, -572.316, 404.292
4.21574, -447.459, -186.104
7.27146, 376.594, -396.873
2.60828, 804.353, 556.205
4.54979, -892.339, 948.034
2.55789, 587.153, -670.182
3.04964, 842.627, 203.086
5.28259, -852.838, 90.4799
4.45466, -35.4872, -233.822
7.20539, 118.132, -182.665
2.55572, 179.28, 397.42
6.22897, -224.737, -434.785
3.84293, 109.039, 130.536
4.27153, -680.345, -761.897
3.45835, -467.575, 616.733
5.14832, 296.183, -170.786
4.39478, -59.6373, -854.568
3.16407, -13.284, -802.427
4.26563, -123.935, -566.92
4.2497, 784.18, 987.106
7.41084, 610.078, -119.737
5.25961, 152.421, -394.494
4.99918, 13.2091, -713.682
3.58531, -834.76, 458.716
4.37311, -230.241, -653.432
6.78251, -663.323, -475.992
6.45578, 787.422, -509.512
3.9204, -493.689, 928.913
5.07645, 437.69, 99.9185
6.79238, -295.569, -26.5116
7.07844, -955.145, -174.691
7.48941, 137.07, 918.362
6.53177, 170.622, -194.396
5.22718, -911.127, -183.684
7.3461, 149.506, -739.126
5.31931, -585.485, 362.66
4.03031, -414.694, 661.033
5.41853, 969.011, 955.209
2.91197, 50.8399, -333.62
5.47382, 360.071, 622.134
3.31968, -599.048, -591.689
6.46527, -609.212, -436.851
2.95373, 578.567, 742.865
6.3072, -505.799, -679.923
6.83996, -217.392, 33.6891
6.40105, 192.992, -334.564
6.61399, 908.677, 972.568
6.70974, 372.777, 553.867
4.48328, 535.419, 256.069
6.508, -162.076, 167.783
6.56811, 381.314, -44.3825
5.43493, -410.269, 101.674
4.64621, 796.946, -51.046
2.5002, -70.863, -479.907
5.31153, -816.056, 316.281
6.22632, 335.479, 357.308
3.89846, 964.102, 303.071
2.93406, -988.905, 565.412
3.5733, 853.517, -881.38
3.93296, -492.871, 558.659
4.86595, -407.873, 476.049
6.95893, 845.901, 819.93
5.91955, 505.595, -499.142
3.54376, -51.7201, -64.3703
6.67533, 795.199, 12.5747
7.09218, 944.676, 917.441
4.48244, -474.396, -702.226
6.37858, 541.43, 541.449
5.68161, -162.322, -90.9087
6.64746, 483.862, 293.57
3.40204, 559.935, -456.49
7.45927, 576.795, -761.623
6.70558, -150.347, -845.299
4.65177, 889.287, 266.804
4.38589, 597.011, 891.389
2.70802, 656.886, -506.228
6.80715, -810.751, -541.94
6.62116, 909.964, -911.358
6.25052, 22.1442, 736.886
3.55801, -165.114, 995.752
4.31029, -782.093, -192.493
4.43545, -591.929, -805.386
7.32918, 800.468, 644.964
6.5872, -167.014, 633.121
4.5755, -82.7828, 449.76
5.83759, 206.479, 184.991
2.52101, 477.952, 975.025
6.98048, -743.156, 256.362
3.68416, -343.375, 355.545
3.79415, 360.88, -96.8001
5.4939, 410.134, -712.161
6.89823, -850.623, 381.077
6.16299, -566.253, -593.522
6.0773, 915.629, 571.086
3.57724, -609.217, 480.984
6.30413, 678.404, -958.786
3.85351, -159.863, -562.094
2.75246, 670.611, 351.044
4.78866, 267.796, 245.637
2.58759, 450.083, -780.438
3.01129, 73.9893, -168.679
2.639, -129.618, 285.914
5.65921, -340.386, -515.218
6.34425, 83.219, -245.459
2.74132, 525.487, -841.694
6.6924, -58.9557, -630.762
6.76899, -263.233, -322.348
6.57649, -443.444, 573.61
6.85188, 795.58, 406.379
5.27222, -635.457, -173.723
6.12646, -297.483, 61.2209
3.20424, -528.802, 942.203
6.6115, 602.513, -526.217
5.51185, 735.224, -197.799
4.93856, 509.898, -922.149
6.14942, -289.202, 956.08
4.05164, 757.71, -669.721
3.93925, -699.288, 354.852
5.45857, -954.966, 812.672
5.34055, 658.004, 888.245
5.41059, -932.013, -578.833
2.84132, -689.757, 283.263
4.34304, 151.154, -383.391
6.28475, -935.634, -577.845
6.35297, -447.11, -875.407
4.27217, -394.201, -251.808
5.98913, 244.127, 933.957
5.08005, -688.894, -305.895
5.94494, 392.431, 131.207
6.18066, -82.269, 615.45
2.56231, -344.099, -676.042
7.16549, 604.758, -121.841
5.37826, 133.98, 126.833
3.05587, 457.581, 975.299
4.87388, -110.499, 22.6889
3.24247, 171.338, 91.2777
4.22594, 50.9338, 450.827
7.04476, -933.711, 178.6
4.54571, 15.7744, 515.52
5.96642, -676.218, -74.072
3.35865, 384.774, -931.58
6.21715, 893.792, -500.262
4.16319, -422.955, 640.551
4.62157, 669.401, 311.217
2.79523, -137.171, -116.624
5.09005, 284.115, -238.66
5.94425, 475.344, -582.001
5.01149, -263.63, 25.3532
6.56617, -168.905, -752.227
3.07974, 81.3066, -941.102
5.24841, 264.883, 465.704
5.06046, 413.043, 21.4925
6.02649, 951.916, 441.825
5.65083, -236.025, 892.012
4.0207, -23.0277, -632.086
6.74719, 400.36, 373.184
3.39619, 601.4, -19.7562
2.61737, -531.591, -100.326
4.19467, 742.636, 54.9879
3.43818, 349.647, -83.2447
6.60467, -285.876, 192.475
6.72507, -896.07, -154.589
6.78031, 844.193, -719.581
7.37454, -955.388, 636.911
2.99587, 471.392, -448.711
2.56182, 564.388, 657.753
2.58614, 213.42, 592.023
2.64527, 253.244, 94.5891
4.1031, 151.798, -380.19
6.17815, 628.317, 303.059
3.14876, 371.014, 474.399
2.5161, -367.755, 508.149
6.91905, 138.889, -791.547
3.70482, 232.019, -575.892
4.38481, -822.32, 757.265
4.44879, 608.298, 186.994
2.81534, 595.726, 295.554
7.30792, 183.758, 960.892
3.75349, 727.318, -337.656
6.85376, -681.706, -55.651
2.85991, -920.029, 428.899
2.70653, -627.25, 579.597
3.46378, 364.615, -524.103
3.86708, -311.014, 302.839
7.4007, -954.172, -365.872
3.60607, 324.575, -542.322
6.43119, -876.313, 857.416
4.42306, 302.089, -422.801
3.78593, 480.982, -637.503
3.91087, -950.376, 66.7071
7.33834, 869.335, -32.9904
4.22841, 770.258, 173.685
3.45922, -986.142, 738.358
5.05037, -547.66, -383.053
5.21857, -558.846, 635.524
5.72333, -634.827, -616.041
3.89738, -10.1462, 787.45
3.41887, -296.492, -721.321
2.71579, -837.07, 384.225
3.98408, -508.31, -273.131
4.25548, -231.66, 141.19
7.09372, -421.365, 731.835
5.81225, 497.925, -359.907
5.08041, 867.564, 587.259
4.03763, 617.63, 589.542
3.0007, -353.848, 155.79
3.47502, 380.476, -881.439
4.11407, 31.6778, -132.941
5.56182, 966.954, 86.5083
5.13511, 962.195, -985.593
3.45653, 255.384, 286.067
4.7178, -654.548, -429.494
4.48693, -711.189, 856.892
6.28051, -607.886, 744.868
6.6213, 737.398, 602.641
5.51573, 141.902, -343.883
3.04573, 611.104, -830.904
4.11797, 487.941, -165.469
5.03403, 7.81393, 319.202
4.76521, -648.354, 797.495
4.77315, -181.896, -463.195
4.91125, 917.807, 909.168
5.07896, 369.921, -651.521
4.50207, 194.356, 814.198
4.22945, 961.375, 485.883
6.64533, 926.462, -239.497
3.02204, -734.034, -800.267
6.40057, 587.924, 570.368
3.19919, -297.821, -239.702
2.62171, -804.751, -514.062
6.0664, 407.526, -757.234
7.15538, 158.019, -822.323
7.47667, 179.942, 175.135
3.86264, -878.724, 152.843
3.6923, -484.57, -249.939
3.87328, 965.07, 620.661
5.70836, -910.211, -731.559
5.17637, 311.138, 157.107
6.8967, 838.389, -297.587
6.75968, -658.439, -843.546
2.98004, 912.076, -33.873
4.66818, -752.922, 196.458
3.17045, -206.391, -758.677
5.86802, -157.975, 320.799
5.34964, -53.2581, -483.081
3.66474, -625.262, 561.568
5.50306, 267.105, -690.813
2.6551, -805.079, -28.6574
7.08512, 569.631, -313.084
3.82958, 864.617, -178.253
6.50016, -185.541, -509.202
5.46389, 171.303, -722.852
5.0822, 361.355, 616.995
5.2567, 318.303, 645.826
3.47225, 508.786, -233.222
5.36152, 119.932, -744.133
3.81992, 214.74, 403.311
4.41648, -765.141, 540.071
2.73626, -753.921, -897.573
4.22823, 590.403, -672.159
3.61594, 682.347, -438.937
3.81264, 16.5004, -739.19
3.05141, -430.702, -401.766
7.40088, -706.44, 21.0159
5.93794, 808.722, 644.512
5.82158, -548.35, -376.564
5.99501, -602.382, -673.678
2.68746, -840.238, -779.538
3.6706, -628.624, -745.69
3.95397, 716.031, 694.263
3.50543, -41.6948, -261.847
2.7177, 378.29, 331.133
2.56571, -541.908, 526.067
6.07297, -528.44, 765.671
6.88348, -868.498, -632.627
5.35088, -890.426, 278.319
6.92743, 866.407, 872.953
5.20042, -356.267, -280.457
3.31357, 930.444, -648.503
3.30492, 970.49, 440.001
7.19182, 320.631, 287.837
3.45628, 555.086, -854.117
3.15761, -6.41144, -112.849
4.41122, -317.379, -4.69442
6.12674, 257.547, -266.74
2.50651, 541.781, 876.498
4.60222, 13.5253, 732.958
5.18984, 309.718, -213.964
4.86596, -239.067, 247.694
6.33003, 544.326, 870.728
2.9396, 555.118, -471.735
7.04284, 132.707, 324.312
3.20818, -879.713, -394.862
2.54782, 438.334, -52.4018
2.82267, 243.563, 510.545
4.96742, 382.106, 222.61
5.40914, 534.626, 990.217
4.03373, -949.947, 545.088
4.57091, 920.678, -70.6856
4.33401, -573.884, -690.004
3.42687, 186.955, 669.823
2.76788, 636.103, 159.871
4.47222, 542.332, -65.595
3.98388, -348.217, -131.846
5.05388, -396.521, 821.395
3.75392, -698.973, 230.66
5.01589, 967.018, 884.485
2.51168, -18.3476, 800.756
7.01807, 998.876, -448.449
2.79181, -905.779, -949.475
5.17506, -690.316, 804.64
3.95754, -386.736, 877.387
7.3023, -815.734, -268.268
4.73406, 319.256, -109.302
5.08479, 896.262, 167.472
5.93861, -256.23, 10.6374
2.72187, -160.68, 76.6976
7.2946, -798.842, 607.348
5.70852, 365.308, 157.229
2.80215, 631.745, -782.115
3.33964, 47.8047, 268.372
5.76491, 487.644, -250.617
6.19864, -769.112, 336.935
3.57011, 862.179, 199.338
4.31441, 157.956, -876.718
6.56981, -648.301, 935.713
5.32057, 807.857, -470.679
7.45886, -43.0516, -898.84
6.5669, -763.764, 398.504
3.49157, -995.32, -23.1882
2.50003, -164.369, -857.291
4.62608, 949.059, -779.066
4.07406, 832.601, 193.182
5.56218, 607.144, -934.828
3.83351, -199.051, -544.642
4.39881, -595.27, -60.7901
5.43397, 970.647, 292.66
5.95636, -141.654, -517.187
7.26736, -460.173, -572.473
4.89785, -292.775, -956.015
3.60319, 375.098, -732.149
5.33741, -725.849, -446.221
6.09873, 434.849, 364.749
4.4953, -483.008, 567.76
3.48326, -693.215, 997.515
6.66971, -682.672, -762.961
5.59561, -449.061, -869.95
7.26866, -295.714, 171.172
3.23222, -14.4161, -281.816
5.38953, 41.4105, -460.59
7.26796, -391.828, 725.007
3.62331, 720.232, -976.474
7.25137, -488.215, 812.897
3.07874, 802.216, -518.829
2.58372, 29.4383, -264.065
3.90465, -346.666, -173.789
7.15042, 651, 166.651
3.04796, 745.321, 871.857
6.77266, 31.1908, 832.092
5.68532, -727.211, -732.895
5.63853, 407.437, -707.946
3.80589, 731.755, 740.939
5.13936, -951.147, 221.26
7.16608, -266.475, 916.346
3.98055, 924.2, 100.352
4.78006, 155.384, 458.43
6.35659, -656.912, -624.353
4.17193, 97.7907, 114.761
6.31775, -39.4952, -946.893
6.65892, -29.9886, 943.816
2.64618, -725.294, 568.629
4.31315, 715.968, -267.925
4.16221, 287.672, 460.785
3.17675, -520.026, -306.854
3.00839, -307.103, 623.904
5.11327, -610.473, 816.535
3.52046, 30.6626, -535.315
5.00728, -874.388, -630.653
5.1371, 4.25882, 962.139
4.13422, -270.213, -293.128
4.75888, 225.95, -446.224
6.85263, -7.52657, 988.348
4.72884, 646.741, 865.606
6.03726, -459.176, -921.539
6.83171, 916.723, -699.452
6.5822, 872.236, 222.401
2.67504, 897.555, 837.357
3.8644, -655.109, -235.99
5.21858, -423.119, -430.975
3.19942, -995.348, -545.975
5.57408, -781.104, -936.368
3.29182, -696.293, -606.005
4.41129, 98.7592, 221.365
5.94997, -94.262, 189.708
3.21128, -388.486, 460.184
5.65284, -785.275, 795.711
3.15973, 200.386, 936.701
7.13583, -739.918, 251.36
5.53465, -940.014, 785.178
5.50388, -922.242, 369.713
3.33635, 610.7, -532.09
3.301, -863.39, -401.654
5.91628, 625.182, -30.2489
5.1456, -716.544, -14.3554
3.65264, -131.018, 813.725
6.55373, -502.429, -58.4787
5.76477, -420.824, -561.42
4.08597, -549.659, -583.107
2.53953, -262.98, -816.88
3.49176, 724.737, 748.212
3.78831, -9.07774, 382.33
3.03825, 893.424, 38.7938
3.49545, 133.334, -436.749
6.75079, 803.757, -772.417
6.63912, -985.809, 219.157
6.76813, -960.587, -551.078
5.71027, 285.056, 780.349
3.6787, 730.756, -991.198
6.80638, -502.613, -811.057
5.4745, 37.1306, -101.711
2.52745, 507.888, -28.9901
6.84925, -666.14, -469.95
7.37729, 651.098, 106.952
5.59653, 379.99, 13.1804
3.85574, -946.061, 379.428
7.46973, -158.519, -636.219
4.60751, -724.293, -530.945
4.20537, -795.306, -615.806
4.80717, 361.343, -138.261
4.44822, 264.889, -378.754
4.613, -51.058, 515.641
2.84879, 132.239, 286.835
5.5153, -62.789, -129.946
7.36114, -49.6932, 231.528
5.07406, -696.751, -536.754
7.45461, 957.02, -137.807
5.84906, 626.253, -150.252
4.01716, -605.98, 70.9644
3.47371, 876.264, 565.133
4.0109, -709.226, -938.68
4.93946, -334.625, 461.659
4.72438, 529.842, 977.323
5.7844, 319.358, -943.079
3.74227, -780.863, -667.926
4.72007, 55.0322, 556.265
5.75894, -691.768, 55.0536
6.67472, -713.412, 188.233
6.03698, 203.235, 823.801
4.93928, -872.388, -601.383
6.72039, 400.191, -239.79
7.00296, -496.813, -182.416
6.33082, -650.517, -527.481
5.29453, 628.379, 848.052
2.70603, -25.7952, 96.1013
5.46749, 564.697, 65.2561
2.68674, -682.635, 829.971
4.53488, 21.935, 437.058
2.84243, -977.459, -882.632
7.38558, -779.351, -882.561
2.5956, -518.068, -232.948
6.60363, -161.975, -275.684
5.2195, -371.982, 880.038
5.72828, 792.757, -332.471
3.62934, -260.758, 59.6704
2.733, 827.434, -694.027
3.63154, 215.371, -556.525
4.58371, -633.562, 135.413
6.40126, 266.323, -632.53
3.72852, -922.534, 391.329
4.81411, 661.549, 83.002
6.14756, 929.319, 291.57
5.35237, -330.285, 816.694
5.45997, 927.707, 928.501
4.98425, -945.575, 281.347
3.951, 496.887, 108.118
4.71107, -2.56051, -225.316
2.53669, 855.439, -395.735
7.41683, 503.432, -362.111
2.52822, -811.285, -143.703
4.8676, -95.7413, 736.09
5.86497, -310.099, -121.833
