6.27803, -398.188, -360.466
3.5948, 172.742, -97.6552
5.89648, 253.021, -276.957
5.09708, -197.432, 425.141
2.76731, -457.786, 465.573
2.53849, 292.062, 153.538
4.58743, -318.98, -126.478
7.15218, 241.698, 158.259
2.95982, 111.659, 320.285
6.00595, -85.802, 59.4526
3.81226, 528.979, 458.93
4.14117, 273.273, -397.096
7.45519, 260.852, 63.0125
7.41275, -401.192, -252.159
5.75759, 153.488, 142.655
6.92354, 258.956, -356.801
6.33247, -186.226, -228.801
3.87453, -337.714, -248.819
4.93259, -403.249, -232.438
2.80282, 561.109, 536.97
5.08146, -25.8678, 466.793
4.96988, 508.145, -383.395
7.23882, -391.501, -565.224
4.42071, -14.3614, -386.634
5.14874, 535.897, -427.673
2.75042, 459.939, -31.9407
6.63909, 234.543, 146.404
5.94228, -450.547, -486.444
6.18112, 44.6098, 421.201
6.94286, 446.071, 461.128
4.25508, -82.9014, -298.582
6.72991, 273.581, 110.972
3.84659, 323.599, 35.0165
4.83959, 98.4791, -156.985
3.2686, -407.509, -395.754
2.66527, 204.67, 119.439
7.2768, 180.739, -15.4776
6.95369, 348.369, 126.916
3.29884, 209.295, 73.1367
3.15214, 187.984, -389.59
2.515, -561.626, -354.591
6.0491, -293.903, -180.078
3.40448, -448.848, 402.069
5.76029, 536.883, -316.852
4.42907, 257.05, -344.854
3.23766, 135.033, -76.1264
5.45054, 311.018, -51.2944
3.24076, 4.55765, 375.323
3.2091, 46.6163, 366.644
4.94257, -334.986, -154.733
3.13015, 429.347, -8.66605
5.64635, -106.601, -308.685
5.60817, 283.629, -349.368
4.88216, -354.249, 439.822
2.64188, -401.253, -227.827
3.21011, 232.649, 455.249
3.15594, -188.435, 409.718
3.31099, -507.149, 460.165
3.76529, -96.689, -225.212
4.77654, 193.468, -368.334
6.54472, 40.1477, -99.8946
3.57624, 39.4243, 395.112
3.75063, 457.408, 279.242
5.02978, 131.151, 432.326
6.27922, 193.066, 43.6088
5.66369, 410.773, -74.7847
5.9449, 247.592, 126.901
7.27207, 465.959, 486.345
5.18713, -426.948, 532.177
4.57014, -346.993, -283.925
4.70019, 229.011, 60.6503
6.07821, 493.414, 420.552
6.20858, 229.081, 179.745
5.12494, 657.585, -446.904
6.06711, -325.332, -133.222
5.91025, 237.247, 113.802
6.82941, 479.612, -268.494
3.19597, -56.1847, 502.325
3.57766, 347.273, -9.40645
5.0733, -201.432, -151.517
4.83766, 45.2255, 455.753
3.55759, -98.4656, 585.818
5.65244, -421.497, 444.671
2.5044, -571.101, 78.6798
4.09589, 285.862, 153.461
5.90281, 266.186, 72.4058
6.0446, 344.921, -230.348
2.90869, -560.842, 454.639
3.56926, 253.579, 104.033
4.44412, -458.908, -323.622
4.44927, 594.275, 609.441
3.92018, 251.015, -432.347
4.6123, 270.112, 268.513
2.55658, -420.065, -354.283
3.72027, 579.075, -576.743
4.49072, -576.628, 460.824
6.64177, -469.369, 178.62
3.78584, 539.197, -685.056
3.59705, -318.991, -372.351
6.47385, 240.768, 219.811
5.8476, 134.399, 157.73
5.49108, -486.844, 176.133
5.99917, -67.8056, -329.615
5.13062, 270.096, -352.171
4.14833, 312.251, -19.9651
3.30844, -675.16, 88.7531
6.56633, 323.175, -23.5924
4.08004, 338.182, 24.7316
4.05369, 29.2781, -323.255
4.65424, -44.0203, -16.6697
4.46509, -73.0825, -450.692
4.43916, 40.1052, -111.073
4.34871, -460.058, -479.753
5.88118, 256.292, -437.151
6.10384, 313.919, 115.441
7.20082, 72.2132, 416.525
5.08573, -177.665, -342.897
5.5282, -102.766, 78.2932
5.85049, -422.801, 443.27
5.11404, 68.3063, -277.19
3.87105, -482.248, 510.867
7.08924, 255.878, 162.409
3.73367, 531.242, -429.564
4.77876, 234.166, 166.155
3.30374, -573.63, 496.774
4.68319, 243.231, 195.186
7.45767, 225.375, 39.6689
6.26931, -263.391, 395.992
4.97846, -423.007, -465.055
7.01651, -526.936, -243.716
4.68213, 213.207, 201.378
5.09239, 83.7962, -201.769
4.44866, 163.89, -363.22
5.63431, -105.153, -297.04
5.19331, 279.488, 72.0465
4.35955, 245.847, -360.806
2.54674, -132.665, 142.016
6.3794, -71.5259, -400.907
2.85317, -375.583, -365.818
3.98511, 248.654, -368.9
4.78581, -13.4844, -387.42
3.25156, -169.148, -143.471
5.97819, 292.471, -377.825
4.15587, 231.237, 96.2662
5.21197, 535.542, -474.103
2.64678, 622.988, -559.091
5.38086, -9.34246, -96.5719
5.18133, 276.692, 16.3829
7.36678, -365.117, -284.983
5.57063, -80.7294, -332.896
5.26431, -533.907, 155.339
6.69051, -201.124, 413.331
3.75764, -323.312, 476.21
6.98957, 232.136, 88.0541
5.97428, 329.482, -324.663
5.82752, -421.57, -188.413
3.06838, -353.259, -512.763
3.37987, -532.219, 201.715
2.91253, -71.374, 9.80888
6.68103, -57.3772, 157.175
2.64818, 615.889, -590.903
6.34719, 8.96268, -377.108
4.29829, -445.008, 390.04
6.24626, 97.8712, 474.193
6.28385, 252.418, 70.0635
3.60834, -522.95, -370.845
5.58305, 262.882, 27.1862
3.66846, -174.948, -144.422
6.22052, -635.766, 211.72
5.80997, -414.757, -406.94
4.9209, 640.5, -604.836
2.58972, 292.328, 21.1931
4.98291, 281.237, 90.0723
5.09587, 225.702, -391.421
4.71395, -499.066, 99.72
4.14528, 98.2301, 414.932
3.52671, 260.396, 104.939
7.19863, -102.483, -364.404
2.85168, -339.76, 450.149
3.30042, -94.6989, -348.014
6.70788, -404.035, -227.346
4.13614, -179.766, -144.063
6.85942, 300.227, 246.918
5.99896, 589.96, 519.367
5.52801, 364.336, -17.808
4.77536, 38.985, -117.494
2.91543, -434.18, -279.373
3.94883, 76.8412, -134.863
6.51009, -383.528, -405.357
6.81821, 275.15, 68.7977
3.81831, 150.846, -399.301
4.79881, -276.841, -257.185
4.95672, 369.242, -346.648
5.82344, -517.407, -372.232
7.31738, -410.583, -225.142
7.23022, 279.417, -412.567
2.81902, 236.516, -405.847
5.04829, -402.869, -195.443
6.13222, 580.96, 281.749
5.65882, 243.361, -43.7227
3.26658, -543.025, -501.817
5.09652, -492.961, 107.004
3.52281, -361.644, 417.951
6.03231, 382.337, -351.753
6.05786, -392.882, -205.15
3.66304, -224.22, -101.903
6.80594, 73.1531, -251.367
2.67122, 121.438, 435.852
6.26587, -498.18, 192.817
4.14789, 250.574, 42.1106
4.65309, -250.657, -366.841
7.33455, 403.261, -87.8288
4.05803, 435.967, 426.605
5.69762, 466.281, -367.24
5.95386, 361.628, -4.58035
5.36403, 63.669, 520.997
6.60667, 608.536, -566.515
4.21807, -410.226, -390.625
5.09387, -474.986, -386.315
6.78438, 8.18684, -350.237
6.18587, 228.435, 240.577
3.45992, -527.335, 222.427
2.83145, -256.407, 232.009
3.60828, 600.525, -550.438
3.33656, -60.4653, -20.2986
6.31172, 335.767, -240.287
5.44905, -494.538, 196.635
4.65223, 562.72, 551.359
7.09618, 242.288, 60.5334
5.09668, 291.36, 96.6826
7.38058, -466.065, -84.0261
5.15714, -298.997, -217.85
2.98716, 282.634, 74.432
5.83983, 304.706, 32.9216
5.44444, 256.538, 168.869
5.01137, -346.549, -170.815
2.75808, -535.819, 206.141
2.6753, -32.7374, -359.552
4.41484, -404.059, -398.661
5.55555, 245.957, 130.485
5.06574, 556.437, 490.754
5.98498, 263.669, 73.8612
4.89891, -73.5938, -175.596
3.88323, 234.697, 311.912
6.01685, -284.153, -95.6905
3.67701, 491.233, -8.03242
6.41501, -35.9949, -148.896
6.60589, 48.9295, 443.702
3.21842, -368.954, -239.272
5.75757, -489.636, 535.056
3.87677, 652.482, -464.452
7.26215, -424.773, 526.474
4.58238, -355.306, -250.372
3.03869, -100.26, -5.88995
4.70633, -523.08, 473.452
6.28811, -425.789, -251.282
2.77803, -427.59, -238.675
3.51241, -9.39905, -93.9399
6.82305, 614.601, -558.923
6.52456, -100.217, -118.621
2.78861, -341.208, -377.479
4.40304, -80.4492, -221.614
4.56124, -19.2348, 479.22
2.80071, -94.4822, 144.337
7.09746, 495.726, 410.01
3.35398, 512.123, 453.967
6.51634, -532.001, 189.644
3.88599, 249.95, 58.6651
4.44586, 58.441, 374.627
7.19936, -48.8252, 491.406
6.24573, 42.5641, -130.869
3.44774, -539.456, 505.476
6.89581, 266.443, -32.6839
6.8953, 215.389, -372.153
3.30515, -360.63, -132.854
5.87346, -414.287, -197.363
6.89096, 204.729, 18.6904
6.98262, 250.538, 94.1675
3.06535, -168.474, 478.554
5.93789, -223.868, -251.609
3.21651, -267.873, -518.369
3.6901, 327.632, 80.5503
5.64383, 375.201, -6.16906
4.312, 456.851, 280.071
4.64437, 627.261, 253.79
4.91936, -23.3012, -348.03
6.20379, 9.42206, -164.728
3.23098, -366.872, 462.51
7.36238, -439.533, -405.116
7.3158, -314.225, -161.158
3.14741, -226.312, 674.225
5.3784, 45.8595, -169.686
4.66439, 10.1466, -93.1722
5.50066, -210.545, -141.3
5.85098, -319.455, -240.978
4.5137, 511.291, 510.168
6.46691, 489.388, 388.597
4.89889, -327.86, -206.429
5.72449, 308.481, -69.0381
4.28836, -176.994, 527.646
5.96794, -66.1416, -216.379
5.83428, -544.327, -406.924
3.22071, -374.219, 507.939
7.10415, -494.908, 186.015
4.22228, 33.3365, -114.845
6.66824, -34.0626, -221.643
2.74349, 232.152, -366.511
3.27936, -210.259, -246.225
2.55765, 228.029, 128.667
3.94327, 43.4532, 515.037
5.07295, -173.962, -118.444
3.65948, 580.105, 500.329
2.75022, -143.002, -160.731
5.33091, -436.726, -426.128
6.69774, -9.60802, 366.144
4.28763, -408.73, -431.463
4.3452, 73.5868, 401.874
7.22226, 256.147, 113.422
4.72425, -363.718, -212.862
6.82086, 272.4, 73.2029
5.82654, -494.692, -434.099
5.79297, 89.2121, 431.847
7.10736, -673.99, 594.313
5.11536, 629.443, -445.599
5.45229, 237.713, -428.74
5.79944, 497.638, 397.062
4.24765, 280.391, 168.906
4.11714, 261.217, 92.6597
7.08984, 34.5365, 463.535
3.08619, 521.25, -567.722
7.31268, 254.562, 27.1554
5.17978, 47.2289, -125.717
5.81447, 491.705, 420.163
5.48362, 491.855, -385.472
6.93363, -438.469, -285.446
6.67999, -474.921, -378.841
6.69339, 247.129, 28.0666
6.85642, -81.0632, 67.7664
2.5002, -377.686, 113.148
4.77274, 191.408, 25.1015
4.25696, -525.223, 174.456
5.80713, -226.339, 549.664
6.22234, -536.35, 172.938
3.3821, -152.753, -280.989
7.4621, 614.064, -561.784
5.95466, -529.345, 210.854
6.97862, 245.335, 288.673
3.51579, 265.525, 63.2135
7.2356, -382.526, -184.264
4.88476, 524.084, -424.382
6.78578, 552.547, -530.019
6.41237, -413.242, -415.278
5.70687, 515.764, -506.461
3.14521, -571.587, 29.4909
5.77944, -67.27, 434.295
3.09199, 9.98087, -185.648
3.88793, 32.238, 411.527
6.65548, -211.477, -140.824
6.14153, -409.142, -570.686
6.74348, -840.185, 23.7465
3.43989, -387.566, -237.435
6.09602, 292.146, -182.792
4.25586, 336.53, 57.6609
3.34555, -568.916, -454.948
4.52383, -77.3899, -422.995
4.20924, 106.509, 512.275
6.67141, 289.738, 67.8483
3.9111, 509.13, 384.803
5.16766, -430.388, -421.947
6.25085, 534.656, -454.92
4.62554, -540.324, -246.555
4.66964, -455.067, 460.427
3.03022, 592.236, -518.883
6.4639, -104.339, -286.441
3.91232, -577.159, -294.958
7.14264, -224.243, -107.631
5.37926, 226.751, 117.063
3.4895, 503.462, -275.612
5.99081, 265.295, -346.403
3.07265, 246.922, -392.02
4.22945, 29.2016, 407.882
4.15646, -336.816, -164.637
6.42735, 629.935, -516.029
6.65775, 230.058, 150.568
4.21712, -610.228, 428.646
4.2603, -188.644, 412.366
6.38197, -105.152, -338.949
6.58658, -91.8094, 466.38
4.26157, -196.02, -5.19989
7.09559, -419.48, -196.116
3.2877, 244.958, 109.273
5.56029, -367.521, 583.72
5.54222, -374.973, 508.568
3.16647, -71.5688, -258.12
3.51409, -429.97, -404.805
4.79457, -506.242, 541.897
3.48759, -356.57, 541.218
6.77118, -492.91, 193.294
6.54562, -196.583, -390.429
2.80131, -533.995, 469.306
6.50584, -554.072, 464.119
5.49597, -106.733, -295.757
7.43182, -481.431, 169.12
2.65919, 47.0379, 484.115
6.8356, 619.458, -567.519
3.69109, 230.304, 60.3189
3.6127, 278.615, 159.815
4.73907, -419.128, -463.108
2.61231, 406.769, 146.226
6.79755, -145.662, -158.042
4.15902, 209.214, 217.495
5.72195, 261.375, -83.0018
7.43521, -437.162, -462.695
5.30162, 241.187, -387.768
4.74553, -347.047, -248.145
5.213, 8.22838, -397.621
2.90797, 386.731, -77.1531
3.99606, -331.47, -165.175
6.63964, 505.409, 397.407
6.48936, 431.456, 651.868
5.71048, 116.592, 433.098
4.84105, 197.589, 38.1529
7.15326, -159.709, -284.743
5.08798, -176.761, -164.594
7.42924, 518.17, -406.363
5.94567, -4.03289, -290.828
6.19966, -79.2344, -277.214
3.46323, -558.375, -328.256
6.08881, -256.575, 567.101
6.11146, 334.699, 23.2862
6.49298, 231.875, 68.0664
4.23216, 241.616, -374.65
5.1481, 83.8324, -177.227
3.19001, 370.792, -9.83306
6.73218, -212.613, -144.012
6.32766, 90.1091, -374.36
7.5, 534.441, -563.433
4.24891, 483.687, 468.505
5.50367, -425.239, 542.383
3.50808, -273.023, -163.795
6.2385, 188.338, -15.3532
6.49225, 424.979, 80.2845
3.03505, -521.022, 317.231
5.35813, -328.396, -155.182
2.84683, 180.45, -180.515
4.16036, 577.423, 380.62
5.80945, 228.929, -378.868
5.27726, 112.287, -181.596
7.12415, 245.812, 99.2621
2.69832, -270.257, -158.543
2.62083, -114.965, -96.4349
4.61923, 330.267, -330.582
4.36987, 259.542, -62.3247
2.93303, -213.954, -83.4264
3.05403, -80.6476, 0.928801
5.31992, 238.514, -455.521
7.37269, -145.402, 471.644
3.05066, -9.68841, -386.581
5.99352, 17.0425, 373.234
2.79674, 101.17, -364.731
4.69755, 361.078, -2.79945
5.24651, 470.86, 498.079
3.45129, 373.854, -482.712
7.36597, 237.661, 24.7628
3.19593, -318.329, -207.397
5.48978, 530.542, -428.623
7.12812, -447.947, 517.854
3.91116, 98.7302, 413.712
6.8307, -130.002, -149.536
6.29598, 14.2532, -258.317
6.10793, 272.234, 151.592
3.34241, -118.698, 141.663
3.32882, 507.926, 308.767
3.39076, -445.458, -188.828
5.87226, 246.393, -399.982
4.83484, -29.3861, -367.527
6.85219, -458.065, -489.346
5.76023, -403.893, -295.023
5.80464, 653.003, 641.394
2.58037, -523.804, -576.608
4.30596, -441.507, -405.724
3.72747, 454.932, 126.274
6.93086, -557.35, -497.552
5.23701, 654.637, 551.983
6.57209, -45.5904, -345.784
5.24453, 11.3798, 381.578
4.16156, 257.834, 78.1454
4.40213, 104.574, -394.406
2.52389, 515.893, 509.57
6.95226, -108.045, -309.011
6.16955, -420.16, 521.467
6.04239, 52.7883, 500.788
5.1278, 30.6127, -181.552
6.41065, 11.5896, -385.451
3.42484, -268.349, -348.969
5.72673, 282.292, 188.35
3.42178, -427.779, -193.199
3.31214, 71.9917, -113.048
2.65594, -282.191, 457.197
7.42716, -101.154, -335.385
4.04559, -281.954, -295.306
4.11075, -281.757, -85.2998
5.51155, 313.366, 148.337
2.89107, -262.911, -382.708
3.93936, 215.761, 5.76218
5.79307, -147.038, -350.872
7.36348, -350.952, -429.162
7.27758, -425.097, -317.461
7.42745, -354.413, -200.696
7.30478, -431.616, -400.026
3.0073, -428.152, 550.518
3.71505, -81.2128, -266.58
6.91151, -79.0436, -173.115
5.28805, 284.453, 159.594
6.7669, 530.82, 426.424
7.49145, -359.346, 453.539
3.99751, -68.6116, -444.655
6.33157, 475.033, 489.581
4.81901, 319.962, 143.423
6.8168, -488.98, -208.456
6.99018, 396.145, -80.267
7.377, 135.475, -215.704
2.77405, 208.674, 102.158
6.32605, 595.616, -576.139
5.09219, -455.499, 515.156
3.46574, 360.286, 6.06547
6.98252, 318.522, -407.661
6.38492, -350.445, 237.592
2.75968, 250.958, 102.315
7.47331, -537.083, 511.033
5.93659, -301.294, -337.111
5.94854, 451.851, 453.595
6.57666, -253.317, 405.606
7.05426, -110.938, -313.868
3.34218, -82.3788, 54.4384
5.24183, -372.016, 410.709
6.53351, -166.815, -127.776
4.17803, 257.816, -401.358
5.53435, -174.635, -144.948
6.59602, -567.991, 219.935
7.3485, 55.5341, -154.393
6.29349, 480.203, 467.08
3.72113, -135.207, -147.144
5.80589, -590.938, 134.513
4.21574, -307.011, -211.13
7.27146, 177.868, -252.435
2.60828, 293.778, 485.854
4.54979, -630.389, 605.668
2.55789, 265.882, -440.927
3.04964, 454.713, 182.468
5.28259, -478.26, 166.936
4.45466, 77.177, -186.253
7.20539, 51.4676, -154.208
2.55572, 250.309, -40.8768
6.22897, -97.1975, -377.309
3.84293, 323.719, 84.5063
4.27153, -443.23, -421.691
3.45835, -258.531, 594.461
5.14832, 287.628, 323.057
4.39478, 21.7518, -358.68
3.16407, -130.538, -277.552
4.26563, -144.93, -348.884
4.2497, 626.896, 520.732
7.41084, 320.663, 49.7654
5.25961, -81.602, -76.5853
4.99918, -140.556, -307.922
3.58531, -540.945, 215.137
4.37311, -122.774, -285.629
6.78251, -416.177, -399.918
6.45578, 504.07, -458.022
3.9204, -342.655, 451.033
5.07645, 310.151, 310.759
6.79238, -184.707, -183.222
7.07844, -349.662, -130.889
7.48941, 21.865, 359.643
6.53177, 43.2872, -113.112
5.22718, -373.444, -190.013
7.3461, 33.6469, -353.35
5.31931, -544.663, 138.284
4.03031, -310.009, 471.397
5.41853, 593.485, 586.349
2.91197, 134.39, -84.5821
5.47382, 227.563, 105.837
3.31968, -496.059, -410.964
6.46527, -499.458, -374.748
2.95373, 686.776, 354.115
6.3072, -503.864, -268.632
6.83996, -129.127, -169.361
6.40105, -71.2824, -339.86
6.61399, 495.585, 504.68
6.70974, 284.487, 19.9354
4.48328, 8.02939, -9.71948
6.508, -66.6783, 6.66954
6.56811, 277.895, 160.329
5.43493, -270.39, -184.175
4.64621, 354.656, -112.754
2.5002, -90.4068, -299.321
5.31153, -406.752, 126.743
6.22632, 291.158, 7.06936
3.89846, 412.432, 197.451
2.93406, -398.648, 544.227
3.5733, 563.702, -476.948
3.93296, -518.024, 502.271
4.86595, -395.119, 486.185
6.95893, 589.986, 605.472
5.91955, 279.344, -369.812
3.54376, 44.7471, -154.035
6.67533, 407.517, -142.154
7.09218, 581.866, 506.012
4.48244, -715.309, -365.364
6.37858, 212.384, 201.523
5.68161, 131.492, -126.86
6.64746, 279.154, 84.6504
3.40204, 368.799, -343.049
7.45927, 281.774, -403.658
6.70558, 9.65004, -363.747
4.65177, 433.457, 221.358
4.38589, 362.505, 576.736
2.70802, 271.954, -351.212
6.80715, -488.562, -502.855
6.62116, 538.275, -470.427
6.25052, -126.103, 461.972
3.55801, -197.057, 488.537
4.31029, -273.238, -209.447
4.43545, -329.271, -309.519
7.32918, 485.433, 416.71
6.5872, 52.6374, 485.277
4.5755, 117.164, 323.824
5.83759, 226.344, 62.1865
2.52101, 495.127, 461.833
6.98048, -492.395, 178.34
3.68416, -120.28, 148.349
3.79415, 117.796, -241.423
5.4939, 188.599, -391.242
6.89823, -518.25, 195.51
6.16299, -368.513, -360.535
6.0773, 521.293, 292.515
3.57724, -211.535, 429.989
6.30413, 665.208, -528.428
3.85351, -129.779, -325.951
2.75246, 209.569, 141.161
4.78866, 173.664, -88.7872
2.58759, 358.102, -450.483
3.01129, -12.0076, -131.464
2.639, -193.188, -7.24461
5.65921, -94.6915, -299.53
6.34425, 67.2328, -149.454
2.74132, 294.737, -476.978
6.6924, 84.8717, -309.158
6.76899, -330.56, -67.8145
6.57649, -434.62, 562.823
6.85188, 521.185, 307.595
5.27222, -379.414, -167.405
6.12646, -108.199, -149.901
3.20424, -231.381, 416.22
6.6115, 286.716, -338.55
5.51185, 299.116, 68.657
4.93856, 232.734, -376.089
6.14942, 11.9038, 483.718
4.05164, 564.817, -686.81
3.93925, -393.184, 85.0381
5.45857, -509.296, 466.265
5.34055, 540.818, 420.518
5.41059, -449.764, -284.9
2.84132, -595.902, 268.627
4.34304, -85.416, -79.1833
6.28475, -452.74, -392.957
6.35297, -549.701, -413.358
4.27217, -381.996, -191.67
5.98913, -21.6884, 382.685
5.08005, -347.233, -195.583
5.94494, 242.363, 54.098
6.18066, 22.9233, 358.764
2.56231, -172.939, -241.519
7.16549, 329.637, 30.8499
5.37826, 260.785, 26.9263
3.05587, 507.76, 427.955
4.87388, -140.764, -133.8
3.24247, 487.35, 114.421
4.22594, 246.742, 157.246
7.04476, -504.917, 214.063
4.54571, 138.525, 467.572
5.96642, -302.973, -170.23
3.35865, 219.531, -400.38
6.21715, 504.067, -419.478
4.16319, -344.11, 447.126
4.62157, 198.698, 66.9013
2.79523, -167.046, -147.879
5.09005, 306.269, 174.367
5.94425, 255.525, -407.871
5.01149, -174.834, -166.957
6.56617, 52.2245, -360.904
3.07974, -52.0384, -312.372
5.24841, 243.267, 93.6354
5.06046, 301.685, 127.566
6.02649, 478.489, 488.083
5.65083, -195.575, 426.752
4.0207, -20.5134, -332.428
6.74719, 286.878, -1.34956
3.39619, 394.799, 68.2338
2.61737, -414.035, -229.82
4.19467, 242.659, 52.034
3.43818, 289.705, 65.5291
6.60467, -114.415, -89.6469
6.72507, -325.594, -208.467
6.78031, 616.806, -574.798
7.37454, -574.015, 496.537
2.99587, 149.55, -387.708
2.56182, 431.153, 421.294
2.58614, 207.336, 217.936
2.64527, 208.829, 92.7096
4.1031, -81.4473, -84.0561
6.17815, 237.446, 57.8671
3.14876, 269.155, 150.564
2.5161, -277.245, 261.742
6.91905, -134.948, -311.632
3.70482, 322.589, -414.714
4.38481, -509.312, 462.905
4.44879, 174.816, 11.3512
2.81534, 199.116, 21.9581
7.30792, 54.0632, 420.061
3.75349, 497.09, -258.531
6.85376, -358.617, -200.969
2.85991, -503.173, 254.659
2.70653, -314.743, 537.279
3.46378, 240.47, -426.569
3.86708, -159.87, 226.948
7.4007, -360.35, -454.787
3.60607, 222.43, -369.273
6.43119, -441.448, 371.217
4.42306, 134.978, -254.076
3.78593, 216.354, -400.242
3.91087, -513.933, 202.225
7.33834, 258.57, 32.3102
4.22841, 81.7247, -70.6233
3.45922, -533.689, 320.888
5.05037, -511.453, -175.802
5.21857, -407.319, 487.859
5.72333, -410.67, -396.883
3.89738, -11.4964, 499.258
3.41887, -173.041, -251.469
2.71579, -365.553, 169.243
3.98408, -356.364, -162.331
4.25548, -71.533, 128.778
7.09372, -375.766, 447.467
5.81225, 332.429, -191.926
5.08041, 506.751, 393.201
4.03763, 225.582, 202.793
3.0007, -50.4939, 64.6833
3.47502, 255.204, -242.566
4.11407, 67.1497, -142.32
5.56182, 302.118, 18.5322
5.13511, 614.187, -465.776
3.45653, 253.395, 76.6069
4.7178, -448.56, -466.063
4.48693, -411.699, 414.001
6.28051, -434.009, 435.76
6.6213, 491.714, 380.3
5.51573, -64.3141, -125.903
3.04573, 249.138, -395.536
4.11797, 268.674, -35.1159
5.03403, 315.086, 235.279
4.76521, -452.112, 461.527
4.77315, -96.7315, -335.581
4.91125, 570.831, 547.401
5.07896, 213.452, -376.502
4.50207, 16.9156, 396.751
4.22945, 308.953, 293.292
6.64533, 353.697, -0.108603
3.02204, -683.272, -488.594
6.40057, 217.082, 220.163
3.19919, -154.095, -93.1886
2.62171, -411.37, -416.072
6.0664, 256.619, -328.445
7.15538, -122.87, -291.461
7.47667, 288.271, 45.0651
3.86264, -517.225, 152.675
3.6923, -390.869, -249.26
3.87328, 481.478, 454.478
5.70836, -366.771, -370.378
5.17637, 222.781, 95.311
6.8967, 492.29, -289.975
6.75968, -566.469, -307.341
2.98004, 306.368, 19.3733
4.66818, -635.068, 204.847
3.17045, 128.469, -199.112
5.86802, -100.673, 68.8073
5.34964, -127.027, -319.11
3.66474, -435.302, 503.268
5.50306, 248.907, -393.001
2.6551, -347.69, -288.726
7.08512, 244.88, -151.532
3.82958, 352.106, -8.83798
6.50016, -111.69, -312.355
5.46389, -37.1426, -321.901
5.0822, 234.674, 100.243
5.2567, 206.145, 119.695
3.47225, 248.583, -3.67817
5.36152, 31.4115, -496.681
3.81992, 201.333, 303.532
4.41648, -527.956, 483.113
2.73626, -437.079, -240.023
4.22823, 265.699, -439.291
3.61594, 252.579, -358.618
3.81264, -61.0862, -249.032
3.05141, -222.69, -371.31
7.40088, -381.328, -330.13
5.93794, 443.803, 445.361
5.82158, -498.497, -173.964
5.99501, -457.376, -380.861
2.68746, -514.624, -409.348
3.6706, -435.836, -373.836
3.95397, 480.841, 369.1
3.50543, 41.9832, -244.168
2.7177, 383.614, -6.072
2.56571, -248.799, 553.437
6.07297, -311.255, 470.161
6.88348, -511.119, -360.809
5.35088, -498.039, 193.684
6.92743, 551.011, 547.096
5.20042, -431.493, -192.217
3.31357, 588.8, -582.286
3.30492, 543.838, 395.704
7.19182, 250.44, 44.0892
3.45628, 440.193, -457.481
3.15761, -71.8804, -144.211
4.41122, -98.8081, -91.5833
6.12674, 322.981, 149.59
2.50651, 558.865, 489.474
4.60222, 118.162, 400.842
5.18984, 259.429, 74.83
4.86596, -54.8578, 131.052
6.33003, 561.867, 489.748
2.9396, 365.973, -343.418
7.04284, 257.046, 185.947
3.20818, -645.529, -495.694
2.54782, 186.621, 90.6753
2.82267, 324.538, 103.545
4.96742, 262.524, 43.24
5.40914, 486.483, 461.007
4.03373, -441.797, 480.961
4.57091, 408.982, -70.9394
4.33401, -413.678, -413.955
3.42687, 87.5436, 415.998
2.76788, 182.064, 64.2503
4.47222, 264.972, 37.1309
3.98388, -140.063, -109.384
5.05388, -499.955, 487.077
3.75392, -497.766, 171.172
5.01589, 585.531, 566.364
2.51168, -236.947, 524.714
7.01807, 666.088, -261.123
2.79181, -551.074, -481.409
5.17506, -246.119, 428.256
3.95754, -499.464, 405.563
7.3023, -301.595, -136.385
4.73406, 267.728, 109.209
5.08479, 432.086, 192.666
5.93861, -150.055, -150.255
2.72187, -131.391, -180.613
7.2946, -580.213, 464.251
5.70852, 273.113, 178.031
2.80215, 101.811, -454.497
3.33964, 265.591, 131.442
5.76491, 325.607, 45.066
6.19864, -532.392, 203.667
3.57011, 440.758, 191.916
4.31441, -203.816, -339.646
6.56981, -425.383, 468.513
5.32057, 483.386, -262.146
7.45886, -29.4749, -356.245
6.5669, -260.956, 41.0664
3.49157, -444.064, 54.8482
2.50003, -15.9485, -467.761
4.62608, 644.616, -442.401
4.07406, 415.108, 226.598
5.56218, 479.844, -480.75
3.83351, -121.427, -276.142
4.39881, -375.493, -1.92328
5.43397, 445.095, 71.6136
5.95636, -200.977, -315.55
7.26736, -107.407, -279.252
4.89785, -340.544, -399.837
3.60319, 220.663, -363.889
5.33741, -468.745, -392.014
6.09873, 224.927, 180.985
4.4953, -353.74, 437.771
3.48326, -426.868, 433.152
6.66971, -588.647, -445.647
5.59561, -502.496, -403.554
7.26866, -123.281, -98.9879
3.23222, 31.2434, -187.502
5.38953, -202.065, -285.135
7.26796, -347.889, 477.059
3.62331, 644.761, -425.615
7.25137, -316.264, 478.079
3.07874, 543.918, -435.53
2.58372, 69.3979, -124.953
3.90465, -174.17, -115.313
7.15042, 247.406, 73.2932
3.04796, 645.384, 598.039
6.77266, 59.4263, 475.164
5.68532, -641.529, -370.881
5.63853, 233.175, -368.421
3.80589, 482.375, 370.578
5.13936, -566.592, 233.07
7.16608, -204.002, 428.913
3.98055, 252.116, 45.311
4.78006, 266.408, 158.451
6.35659, -467.256, -380.365
4.17193, 220.323, 178.386
6.31775, 55.0774, -311.246
6.65892, -45.8694, 349.243
2.64618, -510.235, 487.897
4.31315, 467.729, -79.6721
4.16221, 248.653, 93.8018
3.17675, -428.179, -216.847
3.00839, -203.296, 574.997
5.11327, -345.759, 494.587
3.52046, -227.725, -232.142
5.00728, -454.444, -306.494
5.1371, 74.3754, 419.391
4.13422, -179.811, -135.769
4.75888, 155.694, -285.426
6.85263, 91.1088, 423.694
4.72884, 541.869, 418.231
6.03726, -691.925, -182.122
6.83171, 579.302, -597.156
6.5822, 429.558, 218.829
2.67504, 649.919, 556.113
3.8644, -388.656, -268.453
5.21858, -118.035, -272.703
3.19942, -277.846, -342.004
5.57408, -326.792, -180.561
3.29182, -323.164, -305.709
4.41129, 303.259, 100.029
5.94997, -124.522, 49.5952
3.21128, -277.146, 263.952
5.65284, -528.124, 477.201
3.15973, 47.1185, 401.287
7.13583, -647.37, 200.589
5.53465, -530.009, 430.735
5.50388, -517.071, 165.055
3.33635, 289.309, -339.647
3.301, -608.978, -517.873
5.91628, 317.481, -33.7386
5.1456, -354.371, -194.006
3.65264, 80.3892, 466.492
6.55373, -446.047, -186.967
5.76477, -141.188, -363.13
4.08597, -451.696, -402.854
2.53953, -108.584, -235.65
3.49176, 442.634, 545.973
3.78831, 352.264, 120.943
3.03825, 338.8, -147.659
3.49545, -41.7574, -143.309
6.75079, 753.681, -468.61
6.63912, -399.647, 141.232
6.76813, -481.128, -353.838
5.71027, 2.85183, 487.302
3.6787, 659.513, -461.774
6.80638, -532.342, -162.332
5.4745, 279.876, 65.403
2.52745, 266.574, -39.4106
6.84925, -436.847, -426.138
7.37729, 247.711, 41.1293
5.59653, 128.743, -9.53712
3.85574, -531.332, -12.1419
7.46973, -193.552, -331.632
4.60751, -414.379, -366.136
4.20537, -464.951, -471.329
4.80717, 163.981, -121.319
4.44822, 113.005, -243.981
4.613, 22.1395, 516.896
2.84879, 291.163, 275.621
5.5153, 6.87575, -105.545
7.36114, -68.3414, -22.7329
5.07406, -420.65, -420.504
7.45461, 263.401, 65.9178
5.84906, 327.897, 30.9152
4.01716, -272.577, -232.595
3.47371, 468.675, 399.415
4.0109, -387.109, -236.193
4.93946, -341.048, 594.08
4.72438, 467.095, 523.647
5.7844, 246.035, -377.756
3.74227, -442.058, -407.537
4.72007, 63.5326, 481.414
5.75894, -376.98, -249.444
6.67472, -685.012, 343.42
6.03698, 59.9057, 406.614
4.93928, -426.822, -413.567
6.72039, 320.577, 57.5731
7.00296, -310.586, -170.766
6.33082, -503.877, -411.461
5.29453, 433.729, 561.389
2.70603, 176.872, -13.6626
5.46749, 244.528, 53.182
2.68674, -271.165, 345.669
4.53488, 254.14, 162.691
2.84243, -583.15, -654.025
7.38558, -363.033, -297.636
2.5956, -379.01, -251.499
6.60363, -210.86, -134.521
5.2195, -475.197, 370.279
5.72828, 501.029, -274.9
3.62934, -147.075, -154.878
2.733, 601.578, -576.243
3.63154, 321.368, -422.321
4.58371, -522.414, 244.053
6.40126, 289.615, -392.488
3.72852, -462.899, 222.231
4.81411, 213.855, 91.4401
6.14756, 351.372, -13.8236
5.35237, -484.332, 373.695
5.45997, 558.445, 541.141
4.98425, -579.118, 180.542
3.951, 112.964, -23.888
4.71107, 43.6432, -150.89
2.53669, 663.909, -621.605
7.41683, 319.781, -191.265
2.52822, -533.911, -71.0137
4.8676, 17.0031, 439.075
5.86497, -112.42, -252.856
