6.27803, -654.652, -569.522
3.5948, 153.946, -194.145
5.89648, 336.407, -650.217
5.09708, -255.317, 695.674
2.76731, -791.194, 641.013
2.53849, 269.776, -49.063
4.58743, -647.496, -203.921
7.15218, 235.266, 334.43
2.95982, 66.0606, 524.4
6.00595, -178.876, 189.551
3.81226, 565.943, 683.579
4.14117, 430.563, -685.202
7.45519, 316.685, 152.233
7.41275, -525.623, -258.927
5.75759, 310.315, 341.819
6.92354, 221.447, -637.316
6.33247, -107.848, -431.32
3.87453, -546.514, -127.034
4.93259, -499.749, -225.912
2.80282, 740.046, 784.343
5.08146, -87.6132, 599.237
4.96988, 697.562, -460.256
7.23882, -605.312, -461.259
4.42071, -44.0688, -595.742
5.14874, 733.194, -411.757
2.75042, 700.979, 17.9715
6.63909, 436.083, 421.786
5.94228, -613.327, -489.497
6.18112, 230.816, 650.109
6.94286, 744.922, 456.128
4.25508, -318.24, -438.266
6.72991, 229.174, -4.77333
3.84659, 484.016, -77.0066
4.83959, 25.7543, -146.364
3.2686, -641.06, -533.124
2.66527, 497.812, 130.211
7.2768, 50.9855, 59.6582
6.95369, 154.964, 361.943
3.29884, 490.95, 86.578
3.15214, 362.459, -522.333
2.515, -423.314, -680.265
6.0491, -621.217, -217.981
3.40448, -419.088, 628.114
5.76029, 654.876, -295.655
4.42907, 365.025, -588.921
3.23766, 43.1252, -215.731
5.45054, 542.641, 1.15004
3.24076, 92.2831, 655.401
3.2091, -145.237, 699.309
4.94257, -386.115, 21.4632
3.13015, 672.227, -52.4174
5.64635, -275.407, -441.466
5.60817, 242.481, -478.023
4.88216, -456.145, 570.047
2.64188, -386.791, -142.175
3.21011, 81.6641, 602.384
3.15594, -202.405, 731.701
3.31099, -749.394, 659.386
3.76529, -160.303, -595.17
4.77654, 449.691, -672.161
6.54472, -33.2597, -225.791
3.57624, 240.625, 643.558
3.75063, 639.258, 342.919
5.02978, -46.0698, 636.618
6.27922, 494.944, 94.5293
5.66369, 669.808, -51.5166
5.9449, 529.655, -88.5273
7.27207, 724.647, 432.794
5.18713, -476.796, 567.724
4.57014, -551.104, -114.658
4.70019, 472.805, 113.325
6.07821, 596.19, 410.16
6.20858, 287.39, 361.56
5.12494, 688.442, -795.67
6.06711, -626.122, -144.937
5.91025, 316.216, 29.0902
6.82941, 736.65, -462.812
3.19597, -93.6105, 596.631
3.57766, 732.315, -161.757
5.0733, -254.366, -168.6
4.83766, 47.7063, 544.322
3.55759, -249.763, 596.748
5.65244, -598.338, 758.267
2.5044, -703.536, 255.164
4.09589, 281.229, 403.487
5.90281, 294.262, 14.6597
6.0446, 536.917, -453.438
2.90869, -701.636, 524.846
3.56926, 309.802, 414.628
4.44412, -659.605, -608.258
4.44927, 724.295, 722.675
3.92018, 269.942, -454.133
4.6123, 465.748, 419.271
2.55658, -657.988, -546.87
3.72027, 770.708, -685.766
4.49072, -655.458, 557.385
6.64177, -760.943, 246.149
3.78584, 769.433, -665.21
3.59705, -606.466, -536.562
6.47385, 308.139, 352.723
5.8476, 352.826, 336.875
5.49108, -655.054, 241.594
5.99917, -275.679, -452.608
5.13062, 466.887, -656.551
4.14833, 278.608, 126.359
3.30844, -829.33, 247.254
6.56633, 517.984, -10.5115
4.08004, 241.879, 167.57
4.05369, -71.2379, -593.271
4.65424, 22.574, 50.6042
4.46509, -150.369, -564.484
4.43916, -23.0149, -194.996
4.34871, -524.27, -434.315
5.88118, 272.021, -450.985
6.10384, 256.927, -22.7324
7.20082, 8.84532, 693.606
5.08573, -188.529, -433.638
5.5282, -159.126, 222.963
5.85049, -571.204, 751.718
5.11404, 65.8731, -111.13
3.87105, -709.499, 570.326
7.08924, 212.453, 314.035
3.73367, 731.84, -442.313
4.77876, 270.656, 359.836
3.30374, -738.313, 604.636
4.68319, 175.762, 253.001
7.45767, 288.807, 158.983
6.26931, -333.827, 385.901
4.97846, -597.14, -541.715
7.01651, -625.116, -560.036
4.68213, 464.392, 435.652
5.09239, 93.0369, -643.679
4.44866, 148.48, -560.752
5.63431, -179.188, -342.655
5.19331, 318.824, 178.381
4.35955, 500.054, -447.072
2.54674, -250.855, 271.373
6.3794, 25.0976, -616.115
2.85317, -667.974, -552.905
3.98511, 364.699, -611.545
4.78581, -65.0447, -601.03
3.25156, -94.6936, -23.6873
5.97819, 523.458, -378.762
4.15587, 311.48, 143.528
5.21197, 763.334, -728.164
2.64678, 657.882, -819.828
5.38086, 78.8293, -191.899
5.18133, 221.634, 344.122
7.36678, -661.451, -655.097
5.57063, -251.283, -453.935
5.26431, -726.108, 213.913
6.69051, -237.921, 698.996
3.75764, -489.721, 621.757
6.98957, 480.671, -79.7305
5.97428, 482.576, -426.936
5.82752, -425.685, -96.8661
3.06838, -624.842, -506.508
3.37987, -663.771, 253.789
2.91253, -83.0398, 106.317
6.68103, -101.843, 272.342
2.64818, 711.57, -704.166
6.34719, -27.8308, -593.798
4.29829, -418.626, 645.246
6.24626, 62.0996, 468.546
6.28385, 304.763, 86.8014
3.60834, -447.554, -651.946
5.58305, 291.659, 116.589
3.66846, -350.856, -174.957
6.22052, -707.458, 212.239
5.80997, -625.833, -506.144
4.9209, 769.157, -622.683
2.58972, 716.618, 89.3318
4.98291, 278.733, 143.956
5.09587, 92.4326, -583.574
4.71395, -702.783, 371.536
4.14528, -62.0536, 701.672
3.52671, 394.942, -69.9883
7.19863, -132.334, -431.335
2.85168, -520.2, 660.878
3.30042, 72.8797, -609.864
6.70788, -552.489, -76.128
4.13614, -218.292, -170.068
6.85942, 200.287, 300.027
5.99896, 568.698, 506.93
5.52801, 697.627, -137.835
4.77536, 101.261, -155.399
2.91543, -430.398, -194.122
3.94883, 48.3048, -122.135
6.51009, -695.77, -521.045
6.81821, 274.496, -27.6646
3.81831, 300.73, -482.563
4.79881, -641.49, -194.823
4.95672, 495.176, -413.961
5.82344, -443.896, -668.304
7.31738, -520.537, -200.156
7.23022, 466.824, -654.185
2.81902, 256.583, -498.397
5.04829, -480.019, -254.057
6.13222, 704.839, 459.608
5.65882, 410.518, -201.184
3.26658, -779.031, -781.659
5.09652, -704.678, 377.164
3.52281, -410.013, 578.584
6.03231, 380.988, -697.119
6.05786, -392.841, -130.448
3.66304, -331.49, -185.267
6.80594, 134.535, -255.75
2.67122, 3.09165, 690.328
6.26587, -669.843, 250.046
4.14789, 501.979, 120.305
4.65309, -71.6616, -366.093
7.33455, 653.387, -99.7736
4.05803, 655.02, 569.979
5.69762, 740.99, -546.381
5.95386, 678.292, -51.959
5.36403, 36.8282, 538.656
6.60667, 765.339, -596.28
4.21807, -620.539, -506.701
5.09387, -644.15, -495.439
6.78438, 91.0747, -677.143
6.18587, 284.562, 29.5079
3.45992, -670.869, 156.651
2.83145, -299.157, 291.155
3.60828, 745.605, -632.134
3.33656, -16.7874, -161.853
6.31172, 344.518, -645.423
5.44905, -709.977, 215.246
4.65223, 786.28, 741.869
7.09618, 566.856, 5.06556
5.09668, 351.195, 173.868
7.38058, -579.262, -43.587
5.15714, -369.719, 19.5756
2.98716, 346.081, 122.309
5.83983, 307.225, 111.665
5.44444, 256.725, 17.2144
5.01137, -551.281, -124.824
2.75808, -692.12, 162.27
2.6753, -118.077, -180.928
4.41484, -644.605, -484.034
5.55555, 286.972, 113.996
5.06574, 596.489, 718.756
5.98498, 261.921, 0.319788
4.89891, -2.02209, -104.264
3.88323, 95.3966, 400.367
6.01685, -383.754, 102.445
3.67701, 671.563, -48.5188
6.41501, -20.285, -165.848
6.60589, 211.077, 610.555
3.21842, -439.89, -40.5161
5.75757, -434.276, 645.454
3.87677, 843.598, -694.611
7.26215, -461.07, 551.412
4.58238, -582.474, -77.0084
3.03869, -125.353, 237.56
4.70633, -718.541, 478.862
6.28811, -399.872, -194.518
2.77803, -423.759, -215.602
3.51241, -11.9775, 45.6902
6.82305, 748.539, -640.914
6.52456, -173.235, -73.393
2.78861, -672.32, -534.438
4.40304, -68.6558, -613.236
4.56124, 30.3313, 599.803
2.80071, -235.962, 265.555
7.09746, 639.016, 554.004
3.35398, 567.025, 699.235
6.51634, -685.376, 227.51
3.88599, 570.562, 16.1054
4.44586, 140.932, 713.963
7.19936, 19.9242, 623.49
6.24573, 50.6797, -199.554
3.44774, -390.23, 617.698
6.89581, 264.353, 408.129
6.8953, 336.712, -684.836
3.30515, -658.483, -206.151
5.87346, -593.334, -201.57
6.89096, 459.904, 116.165
6.98262, 317.549, 409.033
3.06535, -82.2513, 610.71
5.93789, -179.706, -248.558
3.21651, -647.813, -477.769
3.6901, 262.438, 19.621
5.64383, 706.576, -133.63
4.312, 639.795, 342.034
4.64437, 675.992, 528.286
4.91936, -42.1892, -598.93
6.20379, 95.0305, -171.843
3.23098, -475.522, 554.49
7.36238, -649.539, -518.445
7.3158, -531.498, -246.801
3.14741, -347.42, 609.613
5.3784, -194.781, -425.364
4.66439, 69.8219, -191.96
5.50066, -244.479, -220.56
5.85098, -547.636, -110.242
4.5137, 429.136, 791.802
6.46691, 679.201, 510.79
4.89889, -636.788, -185.886
5.72449, 325.259, 196.343
4.28836, -246.816, 616.115
5.96794, -227.818, -231.886
5.83428, -429.515, -557.052
3.22071, -468.685, 559.423
7.10415, -659.566, 217.6
4.22228, -17.51, -186.951
6.66824, -302.414, -471.188
2.74349, 311.217, -537.092
3.27936, -269.624, -95.6439
2.55765, 284.278, 397.693
3.94327, 37.7551, 551.216
5.07295, -281.699, -161.114
3.65948, 622.804, 426.701
2.75022, -227.625, -35.9343
5.33091, -615.587, -544.825
6.69774, 17.7413, 646.33
4.28763, -595.353, -526.986
4.3452, 153.192, 733.296
7.22226, 270.708, 35.0494
4.72425, -630.314, -211.48
6.82086, 293.312, 238.764
5.82654, -625.78, -478.516
5.79297, 120.753, 557.497
7.10736, -810.982, 794.486
5.11536, 792.132, -707.038
5.45229, 368.073, -420.848
5.79944, 636.114, 549.217
4.24765, 285.161, 402.816
4.11714, 260.473, 5.59993
7.08984, -20.9971, 626.106
3.08619, 665.49, -536.281
7.31268, 541.638, -65.7119
5.17978, 49.9491, -224.639
5.81447, 664.714, 523.987
5.48362, 714.083, -453.338
6.93363, -515.28, -605.647
6.67999, -654.779, -482.706
6.69339, 298.368, 106.38
6.85642, -143.076, 227.603
2.5002, -752.954, 241.992
4.77274, 385.569, 194.968
4.25696, -679.475, 223.097
5.80713, -221.088, 603.167
6.22234, -688.255, 234.061
3.3821, -108.754, -424.66
7.4621, 755.824, -642.962
5.95466, -681.666, 227.459
6.97862, 308.167, 17.1378
3.51579, 284.82, 58.3004
7.2356, -440.443, -202.912
4.88476, 734.864, -443.322
6.78578, 719.301, -573.965
6.41237, -605.741, -522.216
5.70687, 777.518, -698.854
3.14521, -703.79, 245.622
5.77944, -79.056, 595.154
3.09199, 75.9716, -69.8388
3.88793, 239.367, 652.792
6.65548, -231.749, -214.361
6.14153, -599.663, -468.204
6.74348, -674.648, 231.287
3.43989, -669.399, -640.029
6.09602, 431.922, -297.999
4.25586, 241.767, 254.73
3.34555, -446.617, -560.056
4.52383, 165.504, -581.877
4.20924, 136.675, 663.673
6.67141, 291.756, 15.4859
3.9111, 666.278, 518.959
5.16766, -640.566, -527.273
6.25085, 759.303, -733.218
4.62554, -592.326, -528.408
4.66964, -420.15, 639.207
3.03022, 751.244, -829.322
6.4639, -132.092, -407.479
3.91232, -650.271, -583.434
7.14264, -339.566, -183.705
5.37926, 285.465, 418.492
3.4895, 654.471, -288.114
5.99081, 366.893, -593.974
3.07265, 323.338, -616.932
4.22945, 227.832, 659.228
4.15646, -524.362, -235.685
6.42735, 782.33, -674.738
6.65775, 396.135, -126.56
4.21712, -674.61, 663.62
4.2603, -216.381, 685.318
6.38197, 30.8628, -603.246
6.58658, -43.1755, 646.63
4.26157, -240.248, 185.167
7.09559, -396.287, -188.087
3.2877, 357.051, 123.958
5.56029, -431.252, 560.1
5.54222, -469.604, 560.888
3.16647, -170.578, -538.659
3.51409, -637.291, -522.709
4.79457, -659.273, 551.578
3.48759, -431.213, 600.414
6.77118, -683.901, 227.259
6.54562, -615.607, -499.296
2.80131, -716.41, 621.322
6.50584, -665.248, 545.205
5.49597, -129.023, -397.772
7.43182, -660.055, 225.174
2.65919, -23.4054, 598.968
6.8356, 746.272, -633.865
3.69109, 523.593, 238.64
3.6127, 216.316, 318.913
4.73907, -605.371, -527.805
2.61231, 769.644, -21.8037
6.79755, -221.413, -32.2568
4.15902, 299.977, 329.138
5.72195, 296.296, 229.396
7.43521, -616.324, -534.434
5.30162, 270.233, -485.598
4.74553, -620.79, -156.875
5.213, 36.4417, -594.184
2.90797, 648.397, -132.312
3.99606, -661.484, -205.661
6.63964, 644.458, 560.831
6.48936, 457.793, 752.471
5.71048, -30.5215, 688.901
4.84105, 486.771, 201.67
7.15326, -110.287, -428.252
5.08798, -219.886, -26.136
7.42924, 750.356, -403.244
5.94567, 7.48351, -568.013
6.19966, -139.839, -410.155
3.46323, -436.674, -690.922
6.08881, -455.465, 568.33
6.11146, 533.179, -99.6479
6.49298, 293.512, 120.301
4.23216, 232.369, -745.471
5.1481, 85.124, -185.437
3.19001, 625.484, -232.722
6.73218, -236.722, -216.902
6.32766, -13.8623, -563.448
7.5, 676.189, -517.447
4.24891, 477.643, 785.262
5.50367, -425.141, 702.16
3.50808, -416.804, -12.1411
6.2385, 63.626, 60.007
6.49225, 698.593, 181.326
3.03505, -649.625, 129.23
5.35813, -396.852, -15.8643
2.84683, 266.012, -303.459
4.16036, 726.655, 566.474
5.80945, 325.79, -589.052
5.27726, -12.0005, -188.685
7.12415, 226.99, -0.410801
2.69832, -386.422, 35.8175
2.62083, -202.154, 88.6328
4.61923, 257.477, -507.018
4.36987, 274.292, 110.326
2.93303, -244.478, -196.566
3.05403, -59.0406, 149.741
5.31992, 294.583, -377.587
7.37269, -46.0367, 637.533
3.05066, -32.1648, -586.473
5.99352, 144.322, 654.813
2.79674, -10.9148, -573.905
4.69755, 702.965, -60.0057
5.24651, 778.228, 632.841
3.45129, 562.307, -633.417
7.36597, 308.198, 212.899
3.19593, -544.583, -81.5278
5.48978, 744.563, -447.673
7.12812, -751.066, 644.179
3.91116, 12.2495, 698.71
6.8307, -123.292, -123.071
6.29598, -73.2775, -372.74
6.10793, 293.575, 370.501
3.34241, -260.989, 268.484
3.32882, 712.823, 345.035
3.39076, -628.794, -712.741
5.87226, 299.915, -453.39
4.83484, -126.68, -186.652
6.85219, -634.723, -368.81
5.76023, -579.266, -96.8898
5.80464, 777.332, 733.08
2.58037, -561.037, -483.402
4.30596, -602.99, -507.774
3.72747, 665.225, 106.763
6.93086, -775.577, -743.93
5.23701, 731.758, 788.924
6.57209, -15.653, -627.54
5.24453, 137.749, 648.481
4.16156, 400.857, -35.9174
4.40213, -64.4021, -572.68
2.52389, 656.265, 513.501
6.95226, -155.505, -443.213
6.16955, -433.579, 596.052
6.04239, -10.346, 621.748
5.1278, 50.5824, -138.951
6.41065, -14.1406, -583.15
3.42484, -374.9, -390.546
5.72673, 220.776, 384.173
3.42178, -448.258, -227.96
3.31214, 56.8667, -182.914
2.65594, -227.57, 696.575
7.42716, 30.5578, -591.414
4.04559, -244.905, -457.723
4.11075, -458.642, -233.647
5.51155, 229.991, -89.564
2.89107, -274.69, -704.605
3.93936, 54.7408, 69.9085
5.79307, -178.863, -428.141
7.36348, -698.023, -359.876
7.27758, -363.499, -590.719
7.42745, -494.16, -223.321
7.30478, -615.127, -529.759
3.0073, -404.943, 604.061
3.71505, -152.654, -415.83
6.91151, 94.6226, -176.169
5.28805, 293.322, 400.813
6.7669, 601.854, 562.752
7.49145, -421.512, 600.248
3.99751, -156.578, -569.685
6.33157, 752.188, 464.559
4.81901, 224.217, -85.8699
6.8168, -605.468, -563.115
6.99018, 670.451, -46.7377
7.377, 190.397, -356.889
2.77405, 465.609, 105.334
6.32605, 784.543, -714.329
5.09219, -738.727, 609.498
3.46574, 702.648, -123.698
6.98252, 269.122, -537.611
6.38492, -747.639, 200.213
2.75968, 326.573, 473.984
7.47331, -760.931, 666.885
5.93659, -141.47, -423.936
5.94854, 760.785, 445.969
6.57666, -450.238, 632.862
7.05426, -163.421, -417.606
3.34218, -140.301, 229.294
5.24183, -435.072, 639.648
6.53351, -358.285, -170.393
4.17803, 264.957, -448.998
5.53435, -95.5207, -29.3486
6.59602, -619.263, 187.711
7.3485, 51.3731, -175.493
6.29349, 595.606, 473.574
3.72113, -118.136, -120.085
5.80589, -571.539, 302.552
4.21574, -552.6, -244.572
7.27146, 285.99, -322.609
2.60828, 607.066, 602.914
4.54979, -823.77, 800.034
2.55789, 469.775, -601.01
3.04964, 680.085, 246.923
5.28259, -723.873, 211.346
4.45466, 31.1431, -139.285
7.20539, -17.9325, -180.783
2.55572, 199.131, 376.546
6.22897, -120.231, -362.376
3.84293, 263.047, 91.6157
4.27153, -605.653, -556.825
3.45835, -330.519, 663.008
5.14832, 243.823, 102.818
4.39478, -17.3846, -599.059
3.16407, -105.16, -632.702
4.26563, -172.54, -426.766
4.2497, 754.94, 739.494
7.41084, 485.616, -88.9165
5.25961, 79.7239, -190.809
4.99918, 25.7963, -613.882
3.58531, -701.105, 197.731
4.37311, -64.5362, -368.13
6.78251, -637.243, -564.177
6.45578, 757.529, -388.347
3.9204, -521.03, 658.09
5.07645, 264.245, 236.807
6.79238, -235.833, -37.8558
7.07844, -605.406, -278.012
7.48941, 95.6149, 665.445
6.53177, -8.36965, -183.767
5.22718, -679.353, -228.953
7.3461, 43.4058, -595.965
5.31931, -545.292, 335.243
4.03031, -425.702, 635.095
5.41853, 709.658, 726.541
2.91197, 48.8123, -201.438
5.47382, 296.005, 428.527
3.31968, -649.585, -528.088
6.46527, -638.536, -556.465
2.95373, 636.446, 536.555
6.3072, -520.636, -602.713
6.83996, -194.341, -27.8914
6.40105, 61.0661, -379.266
6.61399, 688.957, 698.639
6.70974, 251.957, 456.62
4.48328, 227.678, 101.172
6.508, -83.5262, 108.125
6.56811, 260.791, 10.8623
5.43493, -393.734, 18.532
4.64621, 680.639, -42.7786
2.5002, -103.951, -393.957
5.31153, -751.137, 244.529
6.22632, 317.166, 169.46
3.89846, 699.639, 202.76
2.93406, -714.099, 499.941
3.5733, 774.029, -680.314
3.93296, -465.234, 674.977
4.86595, -390.097, 434.541
6.95893, 731.764, 711.913
5.91955, 436.42, -415.328
3.54376, 51.5585, -214.196
6.67533, 735.686, -78.4392
7.09218, 790.041, 778.785
4.48244, -532.354, -628.356
6.37858, 427.224, 423.534
5.68161, -58.1916, -83.8071
6.64746, 316.443, 159.394
3.40204, 498.699, -418.703
7.45927, 473.517, -628.431
6.70558, -38.3895, -612.203
4.65177, 713.187, 227.019
4.38589, 487.324, 774.992
2.70802, 444.842, -413.696
6.80715, -548.024, -431.405
6.62116, 762.796, -741.185
6.25052, -98.5814, 613.757
3.55801, -224.649, 692.53
4.31029, -691.287, -200.454
4.43545, -679.263, -572.234
7.32918, 610.13, 545.818
6.5872, -29.4877, 597.384
4.5755, -4.13289, 384.831
5.83759, 297.268, 89.1141
2.52101, 480.267, 789.899
6.98048, -732.274, 233.45
3.68416, -266.15, 265.076
3.79415, 264.326, -228.618
5.4939, 337.297, -599.276
6.89823, -715.758, 238.232
6.16299, -689.402, -494
6.0773, 613.434, 566.698
3.57724, -456.004, 578.788
6.30413, 691.554, -777.789
3.85351, -139.268, -412.645
2.75246, 456.207, 172.339
4.78866, 319.696, 196.968
2.58759, 442.946, -564.66
3.01129, 67.0701, -166.149
2.639, -245.054, 188.013
5.65921, -301.547, -442.744
6.34425, 78.6447, -174.829
2.74132, 488.252, -578.064
6.6924, -43.0395, -630.944
6.76899, -207.588, -180.542
6.57649, -458.59, 566.51
6.85188, 715.472, 342.007
5.27222, -507.093, -221.848
6.12646, -245.01, -23.6035
3.20424, -492.093, 626.217
6.6115, 437.346, -406.343
5.51185, 474.379, -74.6938
4.93856, 430.88, -686.445
6.14942, -157.444, 651.234
4.05164, 790.141, -633.231
3.93925, -701.295, 247.467
5.45857, -732.272, 647.229
5.34055, 522.787, 661.52
5.41059, -586.205, -577.045
2.84132, -772.239, 184.686
4.34304, 84.579, -191.591
6.28475, -591.609, -539.856
6.35297, -443.407, -684.066
4.27217, -411.79, -215.073
5.98913, 92.5293, 663
5.08005, -495.332, -220.255
5.94494, 231.966, 116.265
6.18066, -35.7702, 692.764
2.56231, -280.915, -488.973
7.16549, 491.227, -92.4973
5.37826, 325.251, 110.642
3.05587, 491.875, 707.08
4.87388, -108.266, -45.0009
3.24247, 378.536, 172.014
4.22594, 234.779, 346.514
7.04476, -666.698, 221.527
4.54571, 60.1211, 480.688
5.96642, -624.936, -93.2654
3.35865, 383.163, -612.243
6.21715, 705.961, -466.582
4.16319, -436.333, 628.076
4.62157, 469.647, 225.586
2.79523, -259.542, -29.8374
5.09005, 218.067, -80.0065
5.94425, 333.606, -473.666
5.01149, -216.449, -27.6755
6.56617, -126.616, -608.812
3.07974, 121.367, -686.384
5.24841, 289.276, 414.988
5.06046, 255.849, 8.51662
6.02649, 748.895, 430.751
5.65083, -223.598, 704.515
4.0207, 34.3013, -608.074
6.74719, 322.059, 169.267
3.39619, 549.067, 0.462764
2.61737, -432.359, -92.6929
4.19467, 522.103, -22.1453
3.43818, 292.193, 16.1964
6.60467, -208.116, 68.6208
6.72507, -626.771, -187.177
6.78031, 761.298, -658.321
7.37454, -735.128, 603.202
2.99587, 336.371, -423.348
2.56182, 602.352, 517.642
2.58614, 299.517, 332.009
2.64527, 288.425, 84.2153
4.1031, 75.5787, -191.606
6.17815, 517.052, 244.924
3.14876, 231.679, 334.356
2.5161, -339.365, 371.38
6.91905, 48.0511, -623.139
3.70482, 276.387, -540.666
4.38481, -755.526, 650.149
4.44879, 458.383, 165.828
2.81534, 517.909, 227.868
7.30792, 166.293, 625.063
3.75349, 703.673, -290.397
6.85376, -563.349, -91.3522
2.85991, -705.05, 214.286
2.70653, -424.346, 496.3
3.46378, 282.308, -474.443
3.86708, -263.393, 308.93
7.4007, -721.834, -339.981
3.60607, 314.073, -447.053
6.43119, -752.952, 641.18
4.42306, 201.896, -323.475
3.78593, 342.324, -608.11
3.91087, -703.125, 226.13
7.33834, 601.339, -15.6406
4.22841, 478.592, 118.844
3.45922, -650.495, 573.061
5.05037, -526.982, -248.504
5.21857, -411.077, 652.955
5.72333, -656.795, -529.813
3.89738, -80.4584, 602.727
3.41887, -279.736, -477.8
2.71579, -716.677, 234.887
3.98408, -513.225, -215.144
4.25548, -208.325, 125.267
7.09372, -469.767, 556.357
5.81225, 451.63, -272.274
5.08041, 647.805, 553.404
4.03763, 401.529, 421.24
3.0007, -167.634, 115.798
3.47502, 296.661, -692.907
4.11407, 143.912, -170.119
5.56182, 694.258, 106.964
5.13511, 776.01, -745.063
3.45653, 341.764, 261.56
4.7178, -588.311, -503.856
4.48693, -431.44, 648.549
6.28051, -581.479, 678.023
6.6213, 647.458, 542.611
5.51573, 13.9951, -308.745
3.04573, 368.407, -595.904
4.11797, 357.076, -174.18
5.03403, 111.261, 253.079
4.76521, -436.437, 640.334
4.77315, -97.822, -446.526
4.91125, 787.47, 774.257
5.07896, 351.629, -573.831
4.50207, 109.196, 685.571
4.22945, 621.979, 322.085
6.64533, 710.818, -136.836
3.02204, -571.613, -512.818
6.40057, 410.899, 443.148
3.19919, -242.027, -192.658
2.62171, -622.367, -544.047
6.0664, 369.267, -559.037
7.15538, 72.7598, -614.376
7.47667, 312.263, 84.3017
3.86264, -681.65, 223.395
3.6923, -433.457, -225.284
3.87328, 601.292, 523.367
5.70836, -678.766, -546.136
5.17637, 256.291, 107.046
6.8967, 660.199, -322.982
6.75968, -608.92, -543.993
2.98004, 586.495, -1.14898
4.66818, -705.353, 202.265
3.17045, -10.8417, -599.13
5.86802, -134.193, 223.27
5.34964, -93.5188, -374.549
3.66474, -415.993, 694.249
5.50306, 257.435, -503.264
2.6551, -495.879, -48.606
7.08512, 412.09, -268.596
3.82958, 744.238, -152.781
6.50016, -132.125, -401.302
5.46389, 43.997, -630.484
5.0822, 293.258, 424.233
5.2567, 283.741, 416.542
3.47225, 403.531, -174.803
5.36152, 97.8151, -708.576
3.81992, 225.465, 299.84
4.41648, -732.065, 488.675
2.73626, -592.655, -628.762
4.22823, 472.225, -601.162
3.61594, 522.43, -390.665
3.81264, -85.9659, -618.898
3.05141, -361.156, -461.581
7.40088, -617.345, -91.86
5.93794, 661.631, 529.172
5.82158, -527.663, -242.924
5.99501, -649.546, -541.994
2.68746, -650.871, -522.369
3.6706, -637.152, -509.516
3.95397, 694.002, 543.936
3.50543, 96.9775, -129.945
2.7177, 326.696, 143.301
2.56571, -357.132, 655.911
6.07297, -480.139, 642.126
6.88348, -605.641, -563.649
5.35088, -683.872, 361.048
6.92743, 796.077, 739.846
5.20042, -401.91, -215.348
3.31357, 826.663, -734.121
3.30492, 838.915, 438.998
7.19182, 291.254, 224.286
3.45628, 522.986, -632.891
3.15761, 108.906, -169.741
4.41122, -185.768, -87.8974
6.12674, 223.46, -87.5943
2.50651, 597.026, 719.675
4.60222, -39.4373, 644.447
5.18984, 221.686, -46.3574
4.86596, -176.577, 227.774
6.33003, 591.641, 721.824
2.9396, 496.127, -415.309
7.04284, 222.109, 247.762
3.20818, -604.573, -524.924
2.54782, 250.214, 12.8486
2.82267, 336.843, 373.733
4.96742, 330.419, 149.775
5.40914, 500.49, 757.022
4.03373, -697.615, 524.633
4.57091, 691.334, -67.0409
4.33401, -640.651, -506.133
3.42687, 113.122, 556.768
2.76788, 503.62, 116.221
4.47222, 412.441, -70.4512
3.98388, -300.332, -216.149
5.05388, -387.263, 621.036
3.75392, -709.959, 217.632
5.01589, 772.048, 771.484
2.51168, -81.2778, 592.456
7.01807, 775.079, -407.06
2.79181, -780.146, -730.526
5.17506, -447.644, 637.584
3.95754, -388.07, 663.345
7.3023, -653.606, -204.967
4.73406, 285.018, 36.9905
5.08479, 698.899, 220.185
5.93861, -250.448, -63.4388
2.72187, -134.662, -51.7929
7.2946, -684.942, 513.121
5.70852, 301.859, 206.012
2.80215, 284.233, -607.453
3.33964, 215.003, 279.712
5.76491, 375.865, -106.38
6.19864, -730.946, 234.573
3.57011, 715.744, 203.876
4.31441, 62.6848, -595.893
6.56981, -571.04, 751.504
5.32057, 702.351, -372.372
7.45886, -32.1879, -580.787
6.5669, -667.669, 198.073
3.49157, -745.119, 8.22256
2.50003, -43.5273, -606.227
4.62608, 787.119, -685.105
4.07406, 700.336, 220.931
5.56218, 551.357, -740.747
3.83351, -159.479, -506.665
4.39881, -592.705, -23.6724
5.43397, 707.769, 178.014
5.95636, -195.034, -486.121
7.26736, -271.916, -501.41
4.89785, -321.887, -712.443
3.60319, 347.303, -612.635
5.33741, -626.235, -558.702
6.09873, 302.99, 91.4569
4.4953, -455.797, 570.034
3.48326, -601.298, 754.465
6.66971, -624.991, -499.712
5.59561, -444.298, -698.385
7.26866, -215.512, 82.2887
3.23222, 54.4744, -140.16
5.38953, -189.339, -422.682
7.26796, -468.622, 555.17
3.62331, 709.362, -786.417
7.25137, -466.561, 639.874
3.07874, 700.96, -443.477
2.58372, 42.4693, -181.89
3.90465, -282.832, -170.111
7.15042, 500.416, 134.392
3.04796, 740.067, 727.042
6.77266, 31.0214, 547.381
5.68532, -554.23, -541.77
5.63853, 341.861, -596.637
3.80589, 694.66, 539.958
5.13936, -688.399, 139.969
7.16608, -225.787, 708.169
3.98055, 666.897, 49.4335
4.78006, 215.152, 296.228
6.35659, -648.933, -480.581
4.17193, 300.573, 114.527
6.31775, 123.43, -654.068
6.65892, -106.066, 673.683
2.64618, -736.266, 505.803
4.31315, 608.831, -214.267
4.16221, 314.208, 403.802
3.17675, -454.021, -162.078
3.00839, -222.064, 620.971
5.11327, -498.933, 736.979
3.52046, -24.9914, -401.69
5.00728, -605.781, -556.372
5.1371, -12.2859, 700.043
4.13422, -250.241, -142.869
4.75888, 271.107, -301.974
6.85263, -64.7067, 648.757
4.72884, 523.457, 662.403
6.03726, -556.201, -538.569
6.83171, 757.054, -651.065
6.5822, 728.622, 244.45
2.67504, 756.661, 790.127
3.8644, -522.521, -286.672
5.21858, -297.465, -456.8
3.19942, -581.959, -566.731
5.57408, -647.888, -667.715
3.29182, -629.441, -620.225
4.41129, 185.841, 193.896
5.94997, -119.453, 151.26
3.21128, -340.537, 369.538
5.65284, -746.045, 654.817
3.15973, 129.431, 696.127
7.13583, -706.379, 231.389
5.53465, -699.202, 650.568
5.50388, -701.997, 209.422
3.33635, 447.449, -406.471
3.301, -595.564, -469.743
5.91628, 551.076, 24.4004
5.1456, -577.42, -74.5527
3.65264, -50.5708, 636.816
6.55373, -421.488, -101.93
5.76477, -330.061, -442.19
4.08597, -687.509, -558.084
2.53953, -220.086, -605.863
3.49176, 663.43, 541.102
3.78831, 106.008, 334.992
3.03825, 613.419, -100.252
3.49545, 83.9911, -169.376
6.75079, 844.821, -616.109
6.63912, -694.483, 253.022
6.76813, -653.341, -577.851
5.71027, 171.657, 574.42
3.6787, 704.206, -787.771
6.80638, -562.788, -567.431
5.4745, 121.146, -208.542
2.52745, 442.668, -52.9978
6.84925, -641.08, -533.553
7.37729, 510.96, 123.61
5.59653, 246.637, -62.0312
3.85574, -696.867, 110.633
7.46973, -125.595, -395.554
4.60751, -673.948, -530.451
4.20537, -594.558, -543.803
4.80717, 239.186, -146.576
4.44822, 191.037, -348.495
4.613, 114.176, 543.276
2.84879, 224.107, 326.822
5.5153, 64.4143, -193.191
7.36114, -86.9254, 109.208
5.07406, -621.487, -532.456
7.45461, 645.085, -116.611
5.84906, 458.519, -78.7254
4.01716, -580.453, -49.3811
3.47371, 650.888, 567.685
4.0109, -658.583, -656.742
4.93946, -386.51, 473.26
4.72438, 491.971, 758.495
5.7844, 363.233, -574.926
3.74227, -602.958, -506.117
4.72007, 61.9991, 480.539
5.75894, -595.252, -76.1872
6.67472, -693.475, 198.665
6.03698, 131.037, 715.399
4.93928, -610.011, -519.612
6.72039, 343.718, -102.826
7.00296, -538.222, -249.817
6.33082, -622.33, -571.339
5.29453, 557.897, 802.949
2.70603, 61.1067, 77.6478
5.46749, 536.85, 131.417
2.68674, -454.896, 632.473
4.53488, 160.74, 367.411
2.84243, -769.204, -820.257
7.38558, -633.031, -661.792
2.5956, -532.435, -235.001
6.60363, -217.399, -172.678
5.2195, -384.934, 655.04
5.72828, 653.88, -279.506
3.62934, -231.356, -27.556
2.733, 751.377, -641.497
3.63154, 264.434, -521.442
4.58371, -651.372, 108.839
6.40126, 219.345, -540.364
3.72852, -713.638, 233.807
4.81411, 499.923, 106.037
6.14756, 675.229, 136.906
5.35237, -381.341, 652.74
5.45997, 779.794, 781.776
4.98425, -662.276, 150.169
3.951, 275.45, 116.821
4.71107, 46.9742, -217.168
2.53669, 744.005, -552.503
7.41683, 454.338, -261.551
2.52822, -743.889, -158.912
4.8676, -19.062, 592.101
5.86497, -203.258, -257.504
