6.27803, -669.751, -639.253
3.5948, 136.732, -206.609
5.89648, 352.591, -689.768
5.09708, -263.516, 735.25
2.76731, -827.81, 644.911
2.53849, 282.976, -42.0781
4.58743, -689.133, -186.197
7.15218, 222.456, 342.195
2.95982, 57.4448, 561.287
6.00595, -184.97, 202.935
3.81226, 578.343, 705.093
4.14117, 438.73, -717.077
7.45519, 343.369, 146.182
7.41275, -534.758, -240.861
5.75759, 344.114, 350.742
6.92354, 227.075, -669.616
6.33247, -127.815, -472.288
3.87453, -536.084, -119.51
4.93259, -541.304, -251.237
2.80282, 758.583, 800.034
5.08146, -82.9373, 620.877
4.96988, 740.895, -468.382
7.23882, -599.992, -472.402
4.42071, -30.0162, -611.665
5.14874, 761.95, -411.913
2.75042, 717.559, 19.2078
6.63909, 445.596, 436.973
5.94228, -653.456, -500.404
6.18112, 249.001, 660.349
6.94286, 789.657, 460.309
4.25508, -333.359, -453.231
6.72991, 206.896, -15.3792
3.84659, 500.708, -84.1598
4.83959, 45.1584, -127.347
3.2686, -645.771, -497.358
2.66527, 522.852, 107.625
7.2768, 40.4695, 77.7757
6.95369, 146.655, 383.744
3.29884, 514.279, 83.2239
3.15214, 381.553, -528.595
2.515, -421.238, -697.422
6.0491, -645.656, -221.299
3.40448, -432.214, 662.614
5.76029, 668.99, -296.346
4.42907, 379.358, -610.801
3.23766, 22.9886, -197.602
5.45054, 573.089, -5.93313
3.24076, 99.4374, 692.588
3.2091, -147.444, 742.652
4.94257, -404.662, 47.2092
3.13015, 690.921, -28.8738
5.64635, -281.034, -459.998
5.60817, 238.712, -520.875
4.88216, -481.578, 551.025
2.64188, -392.14, -144.333
3.21011, 60.9387, 617.451
3.15594, -218.171, 755.266
3.31099, -766.831, 668.403
3.76529, -178.892, -631.705
4.77654, 482.546, -692.009
6.54472, -46.4647, -240.656
3.57624, 243.403, 679.993
3.75063, 659.169, 349.439
5.02978, -54.6048, 646.595
6.27922, 511.585, 106.832
5.66369, 717.83, -48.4323
5.9449, 552.005, -102.525
7.27207, 763.044, 430.891
5.18713, -459.645, 560.585
4.57014, -573.31, -97.2081
4.70019, 528.202, 122.972
6.07821, 614.607, 415.843
6.20858, 317.831, 402.313
5.12494, 687.201, -827.97
6.06711, -666.298, -130.436
5.91025, 342.92, 22.5851
6.82941, 759.653, -489.835
3.19597, -66.3602, 628.844
3.57766, 755.927, -176.879
5.0733, -268.283, -158.543
4.83766, 14.604, 561.521
3.55759, -256.412, 600.991
5.65244, -615.772, 789.172
2.5044, -718.303, 210.837
4.09589, 294.984, 421.608
5.90281, 277.992, 19.7415
6.0446, 558.758, -474.331
2.90869, -701.154, 530.287
3.56926, 284.448, 415.346
4.44412, -700.727, -601.074
4.44927, 760.029, 737.724
3.92018, 286.699, -463.568
4.6123, 473.71, 438.577
2.55658, -662.904, -525.987
3.72027, 772.682, -695.011
4.49072, -657.074, 576.008
6.64177, -762.732, 258.908
3.78584, 771.245, -642.807
3.59705, -611.923, -514.661
6.47385, 312.149, 342.728
5.8476, 378.898, 350.844
5.49108, -713.165, 217.648
5.99917, -295.821, -475.507
5.13062, 488.21, -669.658
4.14833, 272.505, 105.554
3.30844, -831.976, 270.234
6.56633, 549.769, 11.9365
4.08004, 271.152, 179.941
4.05369, -54.5038, -650.717
4.65424, 42.2399, 66.8087
4.46509, -153.225, -569.142
4.43916, -5.31145, -189.69
4.34871, -548.745, -444.956
5.88118, 289.756, -458.094
6.10384, 292.393, -30.8614
7.20082, 5.34392, 733.627
5.08573, -144.839, -436.704
5.5282, -155.377, 243.539
5.85049, -580.304, 773.134
5.11404, 49.6403, -102.835
3.87105, -740.344, 577.283
7.08924, 193.574, 319.326
3.73367, 759.005, -448.025
4.77876, 293.361, 397.977
3.30374, -769.826, 601.898
4.68319, 193.236, 253.947
7.45767, 314.279, 159.742
6.26931, -349.196, 378.587
4.97846, -660.662, -568.86
7.01651, -612.305, -607.051
4.68213, 487.214, 442.689
5.09239, 86.9359, -704.94
4.44866, 143.862, -586.922
5.63431, -180.882, -362.822
5.19331, 327.726, 204.309
4.35955, 529.211, -452.285
2.54674, -274.88, 280.361
6.3794, 29.6086, -624.469
2.85317, -728.902, -536.491
3.98511, 376.495, -630.131
4.78581, -73.0773, -639.03
3.25156, -102.914, -20.0749
5.97819, 547.212, -381.808
4.15587, 354.894, 153.87
5.21197, 779.957, -740.985
2.64678, 673.66, -845.146
5.38086, 57.9765, -205.006
5.18133, 227.827, 375.609
7.36678, -683.61, -700.763
5.57063, -257.286, -467.339
5.26431, -709.909, 229.528
6.69051, -237.978, 718.297
3.75764, -484.305, 654.051
6.98957, 490.274, -91.3259
5.97428, 494.565, -444.986
5.82752, -435.385, -91.8036
3.06838, -603.984, -528.717
3.37987, -709.933, 216.58
2.91253, -96.4016, 115.088
6.68103, -110.971, 278.471
2.64818, 743.728, -710.051
6.34719, -37.3475, -614.929
4.29829, -444.408, 686.881
6.24626, 58.6727, 484.687
6.28385, 308.465, 119.832
3.60834, -462.409, -688.002
5.58305, 262.22, 116.303
3.66846, -359.097, -200.501
6.22052, -689.837, 190.973
5.80997, -663.219, -539.967
4.9209, 789.249, -622.945
2.58972, 752.473, 102.93
4.98291, 316.379, 155.369
5.09587, 67.5475, -609.073
4.71395, -725.131, 399.232
4.14528, -66.5916, 740.204
3.52671, 420.404, -67.212
7.19863, -134.8, -420.93
2.85168, -534.167, 673.67
3.30042, 80.8649, -643.488
6.70788, -565.482, -74.8382
4.13614, -210.672, -189.656
6.85942, 213.942, 312.317
5.99896, 573.401, 502.001
5.52801, 753.817, -146.011
4.77536, 86.5766, -143.197
2.91543, -454.722, -191.585
3.94883, 63.6188, -148.306
6.51009, -711.589, -586.052
6.81821, 282.465, -29.0185
3.81831, 307.961, -481.606
4.79881, -657.821, -221.685
4.95672, 505.962, -434.503
5.82344, -441.069, -723.179
7.31738, -544.438, -185.576
7.23022, 476.761, -668.254
2.81902, 260.627, -524.525
5.04829, -508.645, -257.833
6.13222, 713.133, 498.845
5.65882, 431.715, -214.979
3.26658, -798.558, -810.324
5.09652, -728.184, 394.561
3.52281, -434.452, 633.616
6.03231, 373.896, -733.977
6.05786, -408.711, -120.559
3.66304, -363.836, -195.631
6.80594, 136.265, -241.176
2.67122, 5.55572, 739.964
6.26587, -698.998, 226.294
4.14789, 524.835, 113.276
4.65309, -45.7099, -387.554
7.33455, 673.352, -118.811
4.05803, 671.167, 604.238
5.69762, 780.558, -573.018
5.95386, 689.302, -37.7501
5.36403, 49.675, 564.978
6.60667, 792.452, -601.607
4.21807, -667.781, -544.185
5.09387, -652.001, -544.218
6.78438, 94.6439, -707.379
6.18587, 291.556, -6.81518
3.45992, -682.788, 192.787
2.83145, -298.737, 296.911
3.60828, 779.637, -665.259
3.33656, -8.48451, -209.749
6.31172, 346.942, -694.894
5.44905, -727.606, 270.937
4.65223, 805.362, 761.884
7.09618, 574.835, 3.38622
5.09668, 368.283, 176.346
7.38058, -587.358, -59.0111
5.15714, -379.16, 25.878
2.98716, 333.296, 144.832
5.83983, 306.917, 94.6049
5.44444, 233.591, 13.4133
5.01137, -575.045, -86.97
2.75808, -713.844, 185.597
2.6753, -143.705, -155.973
4.41484, -648.983, -462.165
5.55555, 264.683, 115.41
5.06574, 592.697, 742.691
5.98498, 303.747, -12.4628
4.89891, 13.4239, -117.099
3.88323, 81.9329, 406.704
6.01685, -394.465, 120.748
3.67701, 695.285, -44.2388
6.41501, 2.04466, -190.202
6.60589, 219.042, 642.352
3.21842, -455.054, -22.7666
5.75757, -436.959, 687.949
3.87677, 847.63, -726.667
7.26215, -476.103, 580.549
4.58238, -605.484, -84.1835
3.03869, -126.841, 272.967
4.70633, -728.364, 486.947
6.28811, -408.853, -195.443
2.77803, -418.378, -236.602
3.51241, -11.2698, 50.3395
6.82305, 754.968, -645.634
6.52456, -185.212, -71.5659
2.78861, -687.799, -524.548
4.40304, -46.8845, -642.519
4.56124, 20.1134, 624.869
2.80071, -263.969, 276.252
7.09746, 689.386, 554.568
3.35398, 569.204, 726.164
6.51634, -730.03, 222.035
3.88599, 589.039, 22.1857
4.44586, 140.804, 727.098
7.19936, 25.0791, 613.126
6.24573, 86.6904, -204.972
3.44774, -365.141, 668.746
6.89581, 302.319, 440.976
6.8953, 346.427, -706.067
3.30515, -678.555, -192.18
5.87346, -636.784, -206.897
6.89096, 499.426, 112.319
6.98262, 300.568, 421.762
3.06535, -90.4344, 626.042
5.93789, -171.313, -246.614
3.21651, -699.69, -539.184
3.6901, 263.75, -11.0162
5.64383, 737.587, -147.566
4.312, 659.696, 348.522
4.64437, 646.697, 563.044
4.91936, -28.4212, -613.7
6.20379, 92.9732, -175.814
3.23098, -430.023, 594.847
7.36238, -696.216, -561.717
7.3158, -530.687, -246.77
3.14741, -375.163, 591.151
5.3784, -216.433, -454.719
4.66439, 92.7861, -190.23
5.50066, -235.522, -232.507
5.85098, -565.968, -105.296
4.5137, 422.729, 820.313
6.46691, 675.026, 543.217
4.89889, -676.692, -197.467
5.72449, 338.054, 238.505
4.28836, -251.506, 609.701
5.96794, -254.36, -221.644
5.83428, -431.509, -577.247
3.22071, -464.16, 563.024
7.10415, -695.506, 232.949
4.22228, -14.9799, -202.759
6.66824, -320.289, -467.485
2.74349, 309.177, -564.49
3.27936, -272.534, -78.7936
2.55765, 284.665, 431.203
3.94327, 50.8531, 544.657
5.07295, -293.324, -161.382
3.65948, 632.523, 426.15
2.75022, -223.43, -25.5198
5.33091, -619.988, -607.761
6.69774, -9.86791, 668.634
4.28763, -627.27, -513.14
4.3452, 156.519, 765.08
7.22226, 312.834, 12.1572
4.72425, -692.286, -216.187
6.82086, 314.547, 229.849
5.82654, -677.399, -517.139
5.79297, 122.164, 571.859
7.10736, -829.454, 824.533
5.11536, 804.681, -718.823
5.45229, 383.414, -424.046
5.79944, 639.724, 549.662
4.24765, 272.086, 421.417
4.11714, 270.474, -4.88012
7.08984, -28.9654, 633.928
3.08619, 692.979, -522.562
7.31268, 562.242, -85.1057
5.17978, 42.5966, -199.334
5.81447, 681.505, 567.694
5.48362, 740.63, -452.611
6.93363, -517.73, -622.546
6.67999, -639.547, -505.352
6.69339, 252.91, 124.576
6.85642, -140.561, 239.933
2.5002, -785.493, 264.517
4.77274, 390.491, 217.634
4.25696, -730.748, 220.578
5.80713, -228.015, 619.558
6.22234, -704.041, 201.084
3.3821, -137.88, -429.667
7.4621, 796.974, -665.768
5.95466, -728.61, 223.224
6.97862, 269.174, 1.76319
3.51579, 266.929, 35.4173
7.2356, -444.146, -179.378
4.88476, 752.73, -444.808
6.78578, 741.982, -584.895
6.41237, -663.587, -553.819
5.70687, 795.633, -736.783
3.14521, -691.383, 260.982
5.77944, -64.6591, 595.402
3.09199, 73.0656, -54.1
3.88793, 252.375, 672.799
6.65548, -243.723, -236.187
6.14153, -610.799, -458.932
6.74348, -647.97, 251.183
3.43989, -682.336, -680.949
6.09602, 442.194, -301.939
4.25586, 203.445, 254.058
3.34555, -429.535, -578.322
4.52383, 183.679, -587.402
4.20924, 135.414, 665.25
6.67141, 278.084, 16.1202
3.9111, 669.708, 541.078
5.16766, -641.361, -502.962
6.25085, 778.547, -776.679
4.62554, -594.012, -572.705
4.66964, -430.725, 627.544
3.03022, 765.33, -853.032
6.4639, -119.85, -395.668
3.91232, -698.291, -565.059
7.14264, -363.756, -195
5.37926, 265.82, 414.481
3.4895, 667.664, -304.176
5.99081, 408.535, -613.885
3.07265, 333.536, -661.695
4.22945, 247.491, 675.323
4.15646, -533.999, -257.719
6.42735, 812.652, -725.197
6.65775, 409.064, -142.658
4.21712, -681.67, 681.258
4.2603, -222.12, 729.611
6.38197, 67.2622, -615.392
6.58658, -27.1129, 669.041
4.26157, -241.851, 209.654
7.09559, -391.2, -203.165
3.2877, 394.443, 143.077
5.56029, -417.543, 579.039
5.54222, -465.193, 564.269
3.16647, -185.955, -569.728
3.51409, -609.703, -514.172
4.79457, -687.886, 543.952
3.48759, -451.443, 643.828
6.77118, -731.616, 254.269
6.54562, -693.371, -552.533
2.80131, -766.988, 646.042
6.50584, -673.388, 562.165
5.49597, -125.194, -439.501
7.43182, -706.123, 214.887
2.65919, -58.776, 601.539
6.8356, 759.039, -655.963
3.69109, 536.166, 246.456
3.6127, 212.81, 340.328
4.73907, -665.952, -553.234
2.61231, 801.87, -52.4815
6.79755, -228.947, -31.5312
4.15902, 293.137, 352.153
5.72195, 305.624, 247.527
7.43521, -641.609, -584.948
5.30162, 276.513, -494.44
4.74553, -648.943, -154.857
5.213, 60.5336, -609.983
2.90797, 689.579, -114.8
3.99606, -668.158, -191.944
6.63964, 668.045, 540.935
6.48936, 474.612, 758.309
5.71048, -48.2554, 702.307
4.84105, 509.264, 220.758
7.15326, -140.059, -420.177
5.08798, -224.668, -29.6326
7.42924, 785.243, -410.103
5.94567, 5.75114, -576.939
6.19966, -158.396, -442.099
3.46323, -447.355, -736.351
6.08881, -485.833, 550.299
6.11146, 547.248, -86.139
6.49298, 290.533, 108.531
4.23216, 235.48, -782.333
5.1481, 81.3013, -185.531
3.19001, 655.861, -262.484
6.73218, -235.267, -233.451
6.32766, -41.6658, -627.425
7.5, 702.39, -504.529
4.24891, 483.984, 827.231
5.50367, -418.974, 688.781
3.50808, -426.953, -5.68487
6.2385, 51.1416, 62.7385
6.49225, 726.623, 193.896
3.03505, -645.637, 113.901
5.35813, -414.854, -2.6126
2.84683, 287.957, -315.402
4.16036, 725.214, 584.636
5.80945, 326.447, -605.965
5.27726, -13.9707, -181.596
7.12415, 211.435, 4.66194
2.69832, -393.457, 67.7098
2.62083, -207.683, 90.3799
4.61923, 241.852, -534.834
4.36987, 321.27, 140.734
2.93303, -244.346, -226.077
3.05403, -65.4935, 160.265
5.31992, 306.338, -378.027
7.37269, -16.0507, 657.678
3.05066, -34.0417, -619.864
5.99352, 148.816, 699.634
2.79674, -19.1319, -573.555
4.69755, 715.798, -59.6448
5.24651, 810.103, 643.664
3.45129, 582.133, -650.423
7.36597, 328.452, 233.131
3.19593, -573.251, -68.9063
5.48978, 744.976, -442.166
7.12812, -771.199, 680.313
3.91116, 6.4919, 730.979
6.8307, -121.677, -116.509
6.29598, -100.059, -390.411
6.10793, 305.973, 398.521
3.34241, -269.138, 281.061
3.32882, 733.775, 362.316
3.39076, -630.57, -757.944
5.87226, 291.281, -453.972
4.83484, -141.313, -154.419
6.85219, -661.546, -363.514
5.76023, -609.219, -61.5153
5.80464, 773.167, 735.453
2.58037, -555.844, -497.883
4.30596, -690.661, -539.168
3.72747, 698.032, 107.088
6.93086, -803.197, -768.363
5.23701, 746.6, 793.974
6.57209, -44.731, -634.881
5.24453, 134.989, 700.846
4.16156, 410.441, -42.2606
4.40213, -65.968, -572.875
2.52389, 711.617, 518.7
6.95226, -148.609, -441.006
6.16955, -438.192, 620.202
6.04239, -42.0213, 639.305
5.1278, 54.7517, -127.117
6.41065, -37.2863, -624.733
3.42484, -384.227, -392.951
5.72673, 218.161, 414.927
3.42178, -478.636, -234.272
3.31214, 38.3528, -142.209
2.65594, -236.942, 748.762
7.42716, 50.5045, -638.436
4.04559, -255.138, -498.347
4.11075, -508.344, -228.075
5.51155, 238.383, -101.202
2.89107, -277.281, -739.238
3.93936, 36.9673, 65.9371
5.79307, -183.473, -451.876
7.36348, -734.398, -361.281
7.27758, -362.114, -620.547
7.42745, -500.194, -231.271
7.30478, -675.267, -510.398
3.0073, -436.665, 600.845
3.71505, -168.977, -450.44
6.91151, 94.4521, -219.346
5.28805, 313.828, 427.568
6.7669, 643.872, 586.61
7.49145, -422.289, 612
3.99751, -146.754, -564.244
6.33157, 784.327, 455.564
4.81901, 223.919, -110.287
6.8168, -609.695, -603.27
6.99018, 719.24, -58.2457
7.377, 197.883, -374.305
2.77405, 494.64, 120.122
6.32605, 815.776, -705.862
5.09219, -765.229, 631.075
3.46574, 750.563, -121.853
6.98252, 267.542, -538.997
6.38492, -769.599, 177.324
2.75968, 327.986, 500.707
7.47331, -759.903, 658.943
5.93659, -111.879, -396.248
5.94854, 778.419, 466.55
6.57666, -481.443, 678.191
7.05426, -137.266, -435.224
3.34218, -143.452, 244.376
5.24183, -487.698, 649.986
6.53351, -370.108, -198.935
4.17803, 299.143, -463.161
5.53435, -95.686, -18.817
6.59602, -637.112, 219.223
7.3485, 40.1459, -166.066
6.29349, 595.035, 488.519
3.72113, -121.496, -118.993
5.80589, -572.074, 312.226
4.21574, -544.27, -250.12
7.27146, 298.976, -327.788
2.60828, 655.112, 594.397
4.54979, -839.121, 811.012
2.55789, 486.476, -626.765
3.04964, 720.371, 244.184
5.28259, -761.907, 174.921
4.45466, 31.1442, -142.538
7.20539, -3.97648, -185.491
2.55572, 191.167, 392.764
6.22897, -148.649, -381.366
3.84293, 254.795, 126.088
4.27153, -607.24, -619.318
3.45835, -350.367, 654.946
5.14832, 275.365, 59.7892
4.39478, -0.779065, -627.324
3.16407, -110.488, -679.432
4.26563, -190.008, -452.465
4.2497, 757.551, 783.384
7.41084, 504.091, -106.239
5.25961, 109.513, -223.173
4.99918, 20.9066, -632.621
3.58531, -716.398, 241.882
4.37311, -84.2354, -372.966
6.78251, -647.825, -533.061
6.45578, 779.704, -410.025
3.9204, -535.678, 672.4
5.07645, 280.809, 233.577
6.79238, -235.638, 0.214641
7.07844, -637.786, -271.468
7.48941, 103.083, 691.548
6.53177, -17.8544, -181.022
5.22718, -721.837, -219.996
7.3461, 57.3368, -622.447
5.31931, -546.905, 346.351
4.03031, -403.603, 645.971
5.41853, 717.449, 742.802
2.91197, 38.1897, -165.795
5.47382, 305.216, 461.939
3.31968, -673.586, -526.003
6.46527, -641.137, -544.69
2.95373, 614.344, 571.599
6.3072, -509.269, -627.086
6.83996, -229.182, -27.8697
6.40105, 71.9731, -381.933
6.61399, 716.949, 728.989
6.70974, 262.756, 490.179
4.48328, 291.389, 124.717
6.508, -94.6579, 115.623
6.56811, 273.961, 10.9972
5.43493, -392.448, 34.6602
4.64621, 707.772, -64.2937
2.5002, -82.8608, -405.504
5.31153, -789.076, 268.258
6.22632, 327.792, 186.35
3.89846, 725.338, 212.686
2.93406, -755.532, 493.38
3.5733, 801.678, -713.719
3.93296, -442.743, 673.714
4.86595, -388.16, 437.775
6.95893, 754.334, 732.131
5.91955, 460.787, -411.103
3.54376, 38.2102, -211.436
6.67533, 755.26, -63.2063
7.09218, 806.737, 804.106
4.48244, -513.932, -649.203
6.37858, 453.283, 437.309
5.68161, -71.2679, -82.7102
6.64746, 345.802, 137.289
3.40204, 489.069, -416.037
7.45927, 490.578, -650.093
6.70558, -78.5449, -639.273
4.65177, 739.541, 228.585
4.38589, 495.672, 778.303
2.70802, 457.199, -424.611
6.80715, -559.879, -426.862
6.62116, 775.372, -764.945
6.25052, -70.8145, 615.932
3.55801, -204.636, 720.566
4.31029, -723.46, -224.438
4.43545, -691.342, -623.307
7.32918, 612.145, 558.334
6.5872, -35.5692, 605.279
4.5755, -16.309, 393.195
5.83759, 256.106, 100.355
2.52101, 475.608, 818.558
6.98048, -704.972, 222.06
3.68416, -272.333, 282.44
3.79415, 278.843, -223.916
5.4939, 352.45, -612.028
6.89823, -714.654, 267.12
6.16299, -684.022, -477.801
6.0773, 625.403, 580.185
3.57724, -484.272, 533.547
6.30413, 707.563, -803.684
3.85351, -113.103, -417.758
2.75246, 476.778, 194.802
4.78866, 321.975, 241.479
2.58759, 443.155, -581.746
3.01129, 71.5861, -192.249
2.639, -238.312, 210.271
5.65921, -333.32, -470.311
6.34425, 63.1418, -193.355
2.74132, 502.142, -604.652
6.6924, -31.9025, -631.982
6.76899, -215.865, -175.73
6.57649, -478.994, 556.803
6.85188, 731.499, 344.314
5.27222, -521.852, -200.605
6.12646, -258.142, -21.8816
3.20424, -480.802, 654.132
6.6115, 465.673, -431.927
5.51185, 522.245, -100.857
4.93856, 442.614, -728.968
6.14942, -168.849, 677.334
4.05164, 779.092, -618.685
3.93925, -729.974, 248.771
5.45857, -746.173, 669.09
5.34055, 526.527, 694.96
5.41059, -654.224, -567.25
2.84132, -759.649, 176.841
4.34304, 112.783, -224.116
6.28475, -656.174, -582.151
6.35297, -441.121, -721.301
4.27217, -396.138, -210.013
5.98913, 126.835, 707.31
5.08005, -497.018, -231.04
5.94494, 231.963, 109.424
6.18066, -41.426, 702.074
2.56231, -283.815, -531.434
7.16549, 500.255, -102.12
5.37826, 278.253, 121.453
3.05587, 489.881, 737.707
4.87388, -99.6296, -25.6042
3.24247, 339.81, 159.082
4.22594, 198.38, 369.962
7.04476, -723.496, 203.618
4.54571, 60.4892, 480.974
5.96642, -625.261, -73.9883
3.35865, 380.471, -655.921
6.21715, 727.577, -458.105
4.16319, -441.711, 615.097
4.62157, 496.783, 246.252
2.79523, -241.247, -14.2405
5.09005, 210.668, -114.372
5.94425, 354.335, -487.328
5.01149, -224.663, -31.2236
6.56617, -141.918, -632.36
3.07974, 130.066, -733.806
5.24841, 318.472, 414.612
5.06046, 281.118, 18.0392
6.02649, 773.404, 424.207
5.65083, -247.273, 730.76
4.0207, 8.39265, -636.406
6.74719, 326.701, 189.198
3.39619, 546.995, -14.5802
2.61737, -430.106, -91.1692
4.19467, 551.543, -11.3608
3.43818, 278.083, 19.5126
6.60467, -221.859, 87.0197
6.72507, -686.755, -198.713
6.78031, 786.985, -648.715
7.37454, -768.012, 603.979
2.99587, 349.67, -422.182
2.56182, 589.659, 535.294
2.58614, 293.375, 356.537
2.64527, 278.28, 111.942
4.1031, 106.967, -223.443
6.17815, 537.37, 258.194
3.14876, 241.961, 361.755
2.5161, -342.335, 394.515
6.91905, 72.0514, -654.316
3.70482, 262.374, -538.481
4.38481, -761.861, 666.9
4.44879, 488.836, 175.39
2.81534, 548.648, 260.897
7.30792, 164.185, 656.948
3.75349, 716.517, -300.191
6.85376, -582.33, -74.5469
2.85991, -732.983, 272.409
2.70653, -441.72, 501.544
3.46378, 284.91, -488.038
3.86708, -276.318, 311.812
7.4007, -764.823, -338.669
3.60607, 319.849, -449.223
6.43119, -773.765, 697.527
4.42306, 209.776, -335.455
3.78593, 350.984, -617.955
3.91087, -742.82, 229.813
7.33834, 639.378, -14.9171
4.22841, 542.394, 114.595
3.45922, -681.217, 609.637
5.05037, -531.017, -280.729
5.21857, -422.145, 626.681
5.72333, -651.638, -525.208
3.89738, -90.8251, 624.687
3.41887, -275.151, -513.457
2.71579, -720.131, 276.204
3.98408, -521.347, -222.06
4.25548, -226.83, 126.183
7.09372, -448.844, 582.721
5.81225, 464.664, -273.194
5.08041, 657.95, 552.792
4.03763, 419.48, 445.921
3.0007, -190.071, 127.167
3.47502, 300.106, -734.535
4.11407, 134.451, -185.562
5.56182, 730.024, 105.462
5.13511, 808.21, -787.354
3.45653, 342.384, 274.898
4.7178, -596.414, -480.092
4.48693, -473.004, 668.375
6.28051, -593.245, 698.192
6.6213, 667.982, 567.461
5.51573, 25.4251, -325.738
3.04573, 407.557, -617.803
4.11797, 371.529, -182.081
5.03403, 93.6185, 261.428
4.76521, -490.532, 670.371
4.77315, -106.094, -464.855
4.91125, 808.828, 808.364
5.07896, 359.174, -607.999
4.50207, 120.133, 708.256
4.22945, 665.616, 325.229
6.64533, 733.41, -150.523
3.02204, -565.476, -558.335
6.40057, 437.361, 464.874
3.19919, -259.139, -191.905
2.62171, -618.894, -506.85
6.0664, 372.608, -566.762
7.15538, 75.4945, -631.858
7.47667, 298.614, 76.5555
3.86264, -701.206, 186.79
3.6923, -439.915, -227.168
3.87328, 649.603, 526.733
5.70836, -687.259, -553.157
5.17637, 263.656, 116.247
6.8967, 678.677, -320.516
6.75968, -588.167, -592.77
2.98004, 622.296, -7.36473
4.66818, -690.237, 203.185
3.17045, -61.9761, -653.74
5.86802, -158.02, 248.107
5.34964, -79.4329, -375.314
3.66474, -412.321, 694.849
5.50306, 262.267, -528.463
2.6551, -528.209, -28.5587
7.08512, 439.174, -282.736
3.82958, 774.169, -165.082
6.50016, -122.891, -424.514
5.46389, 88.8208, -655.492
5.0822, 301.73, 461.895
5.2567, 315.498, 465.342
3.47225, 418.931, -185.139
5.36152, 104.702, -716.007
3.81992, 194.192, 309.317
4.41648, -750.815, 496.033
2.73626, -610.413, -676.062
4.22823, 486.924, -625.356
3.61594, 541.928, -395.517
3.81264, -66.278, -665.311
3.05141, -371.564, -458.824
7.40088, -649.481, -82.5314
5.93794, 685.155, 559.871
5.82158, -531.274, -286.761
5.99501, -628.133, -568.865
2.68746, -694.302, -563.599
3.6706, -612.417, -568.181
3.95397, 718.884, 545.824
3.50543, 89.6733, -145.03
2.7177, 317.387, 176.79
2.56571, -380.65, 651.382
6.07297, -490.711, 697.236
6.88348, -646.844, -562.358
5.35088, -719.361, 368.392
6.92743, 804.502, 755.531
5.20042, -402.991, -212.204
3.31357, 853.948, -735.43
3.30492, 866.68, 445.804
7.19182, 319.329, 262.331
3.45628, 525.458, -648.197
3.15761, 90.8531, -172.795
4.41122, -190.488, -85.2092
6.12674, 244.551, -104.665
2.50651, 593.838, 742.215
4.60222, -71.7968, 640.116
5.18984, 237.844, -77.9607
4.86596, -180.848, 222.804
6.33003, 592.16, 742.019
2.9396, 492.32, -421.62
7.04284, 213.799, 258.259
3.20818, -632.422, -471.501
2.54782, 289.761, 16.2918
2.82267, 306.693, 406.382
4.96742, 321.024, 195.994
5.40914, 503.454, 790.042
4.03373, -739.905, 532.432
4.57091, 706.373, -57.3586
4.33401, -618.086, -508.108
3.42687, 138.065, 573.35
2.76788, 515.17, 121.266
4.47222, 421.358, -72.9987
3.98388, -308.527, -213.388
5.05388, -373.217, 657.392
3.75392, -688.516, 235.413
5.01589, 801.497, 811.475
2.51168, -49.8027, 604.599
7.01807, 768.048, -426.714
2.79181, -796.946, -761.016
5.17506, -485.647, 676.576
3.95754, -376.359, 685.253
7.3023, -675.356, -190.353
4.73406, 301.628, 10.7738
5.08479, 736.05, 203.59
5.93861, -247.92, -56.9405
2.72187, -139.971, -33.04
7.2946, -698.207, 524.403
5.70852, 319.186, 194.668
2.80215, 319.041, -610.781
3.33964, 189.582, 275.9
5.76491, 390.436, -121.341
6.19864, -757.371, 282.975
3.57011, 733.634, 199.322
4.31441, 95.4297, -610.273
6.56981, -587.353, 795.015
5.32057, 724.174, -389.384
7.45886, -36.3455, -621.231
6.5669, -738.328, 243.106
3.49157, -780.646, 3.86197
2.50003, -66.1432, -646.628
4.62608, 792.305, -699.906
4.07406, 726.107, 202.767
5.56218, 559.876, -768.999
3.83351, -154.696, -513.757
4.39881, -616.063, -47.16
5.43397, 735.248, 209.656
5.95636, -192.539, -500.241
7.26736, -292.616, -513.935
4.89785, -320.758, -745.417
3.60319, 340.71, -600.456
5.33741, -614.344, -507.602
6.09873, 313.281, 116.946
4.4953, -481.666, 552.693
3.48326, -618.635, 787.037
6.66971, -598.445, -542.523
5.59561, -440.636, -715.496
7.26866, -221.907, 102.45
3.23222, 59.3398, -129.666
5.38953, -170.539, -411.612
7.26796, -467.009, 573.61
3.62331, 693.095, -813.105
7.25137, -458.615, 672.175
3.07874, 734.328, -430.336
2.58372, 43.8817, -187.923
3.90465, -291.683, -152.684
7.15042, 502.352, 147.485
3.04796, 736.523, 740.605
6.77266, 33.7911, 560.728
5.68532, -553.365, -573.506
5.63853, 350.071, -612.36
3.80589, 719.269, 541.768
5.13936, -726.851, 123.32
7.16608, -216.724, 737.629
3.98055, 705.36, 55.0196
4.78006, 209.721, 314.562
6.35659, -644.056, -507.752
4.17193, 290.704, 138.144
6.31775, 114.256, -701.272
6.65892, -97.9027, 722.333
2.64618, -739.779, 518.683
4.31315, 623.315, -221.709
4.16221, 303.932, 420.22
3.17675, -464.742, -171.659
3.00839, -216.343, 617.337
5.11327, -524.398, 744.589
3.52046, -7.94407, -421.531
5.00728, -651.823, -560.12
5.1371, -23.6254, 742.368
4.13422, -245.517, -147.916
4.75888, 268.2, -310.533
6.85263, -70.328, 693.158
4.72884, 531.676, 692.347
6.03726, -527.827, -590.432
6.83171, 787.63, -660.179
6.5822, 759.332, 245.234
2.67504, 768.9, 796.647
3.8644, -554.047, -297.733
5.21858, -336.547, -454.663
3.19942, -673.187, -563.849
5.57408, -645.909, -708.459
3.29182, -626.487, -639.798
4.41129, 167.683, 196.919
5.94997, -123.964, 154.021
3.21128, -342.436, 390.154
5.65284, -778.289, 657.08
3.15973, 140.997, 714.211
7.13583, -692.746, 206.105
5.53465, -736.688, 674.035
5.50388, -729.711, 235.43
3.33635, 462.723, -424.798
3.301, -639.183, -439.034
5.91628, 562.84, 20.7506
5.1456, -607.824, -59.6055
3.65264, -56.3546, 644.544
6.55373, -427.968, -77.7678
5.76477, -326.64, -446.962
4.08597, -683.541, -547.06
2.53953, -230.083, -641.37
3.49176, 683.375, 522.69
3.78831, 86.8023, 341.21
3.03825, 655.423, -80.3335
3.49545, 106.446, -232.391
6.75079, 841.619, -640.002
6.63912, -737.431, 266.261
6.76813, -688.217, -585.791
5.71027, 199.039, 604.261
3.6787, 700.481, -809.673
6.80638, -541.44, -598.33
5.4745, 77.0509, -209.24
2.52745, 458.356, -49.4687
6.84925, -642.77, -504.556
7.37729, 531.859, 124.551
5.59653, 262.081, -55.1241
3.85574, -711.033, 144.272
7.46973, -135.707, -435.316
4.60751, -634.784, -515.084
4.20537, -647.82, -544.84
4.80717, 247.51, -146.936
4.44822, 198.223, -349.224
4.613, 103.157, 534.993
2.84879, 187.494, 315.465
5.5153, 74.2656, -179.23
7.36114, -73.7537, 128.927
5.07406, -623.712, -508.255
7.45461, 690.129, -127.674
5.84906, 488.04, -91.2136
4.01716, -582.719, -17.8384
3.47371, 676.894, 574.25
4.0109, -699.107, -689.285
4.93946, -385.234, 471.949
4.72438, 490.472, 794.755
5.7844, 379.533, -627.659
3.74227, -691.178, -537.676
4.72007, 39.8503, 479.707
5.75894, -602.535, -72.1722
6.67472, -675.499, 178.774
6.03698, 138.922, 749.707
4.93928, -686.268, -523.156
6.72039, 350.053, -122.602
7.00296, -521.427, -240.511
6.33082, -644.021, -587.685
5.29453, 572.896, 824.108
2.70603, 45.9118, 90.9158
5.46749, 545.059, 142.902
2.68674, -479.301, 668.615
4.53488, 139.015, 373.065
2.84243, -791.969, -834.344
7.38558, -652.622, -710.627
2.5956, -524.391, -259.464
6.60363, -199.805, -186.952
5.2195, -381.702, 689.401
5.72828, 677.113, -276.389
3.62934, -240.408, -14.1247
2.733, 750.877, -639.93
3.63154, 249.386, -513.026
4.58371, -653.347, 111.75
6.40126, 217.027, -560.917
3.72852, -714.443, 275.573
4.81411, 510.739, 127.185
6.14756, 708.7, 163.242
5.35237, -370.506, 671.423
5.45997, 821.105, 796.663
4.98425, -703.514, 147.88
3.951, 316.365, 112.691
4.71107, 26.254, -198.966
2.53669, 756.825, -534.61
7.41683, 463.277, -279.642
2.52822, -758.146, -175.275
4.8676, -44.7119, 609.888
5.86497, -217.99, -245.798
