6.27803, -712.398, -827.079
3.5948, 33.6721, -181.147
5.89648, 358.689, -820.887
5.09708, -231.035, 819.823
2.76731, -916.772, 653.87
2.53849, 334, 21.131
4.58743, -735.948, -212.41
7.15218, 165.554, 372.921
2.95982, -4.39368, 666.86
6.00595, -163.353, 250.551
3.81226, 587.122, 807.364
4.14117, 465.435, -818.649
7.45519, 406.048, 209.713
7.41275, -514.452, -260.663
5.75759, 439.725, 392.014
6.92354, 244.408, -761.157
6.33247, -201.678, -508.297
3.87453, -512.244, -89.737
4.93259, -625.907, -295.65
2.80282, 785.13, 767.916
5.08146, -12.6394, 676.791
4.96988, 852.312, -399.107
7.23882, -681.448, -508.432
4.42071, -55.7893, -751.582
5.14874, 803.835, -487.648
2.75042, 750.117, -5.59724
6.63909, 508.608, 515.032
5.94228, -779.34, -661.711
6.18112, 282.498, 718.878
6.94286, 875.966, 450.465
4.25508, -347.304, -533.444
6.72991, 186.534, 1.05263
3.84659, 553.701, -119.209
4.83959, 69.2345, -211.509
3.2686, -638.812, -469.619
2.66527, 584.988, 151.516
7.2768, 4.40631, 70.3591
6.95369, 128.228, 428.416
3.29884, 578.641, 176.218
3.15214, 426.792, -550.595
2.515, -445.841, -765.562
6.0491, -783.261, -192.68
3.40448, -478.829, 770.658
5.76029, 749.085, -294.74
4.42907, 409.122, -700.227
3.23766, 46.6076, -166.326
5.45054, 604.474, 53.4317
3.24076, 173.409, 826.583
3.2091, -153.426, 865.529
4.94257, -438.981, 97.6875
3.13015, 786.681, -35.6254
5.64635, -301.425, -538.823
5.60817, 261.433, -646.766
4.88216, -520.394, 556.135
2.64188, -420.575, -170.838
3.21011, -46.2346, 644.942
3.15594, -213.176, 791.588
3.31099, -762.696, 707.879
3.76529, -224.249, -733.392
4.77654, 555.119, -690.027
6.54472, -73.5347, -272.951
3.57624, 282.556, 711.879
3.75063, 725.488, 362.618
5.02978, -111.81, 668.466
6.27922, 565.349, 144.029
5.66369, 798.905, -84.6678
5.9449, 592.361, -110.006
7.27207, 876.115, 428.066
5.18713, -436.282, 652.18
4.57014, -665.103, -7.82342
4.70019, 674.85, 146.615
6.07821, 679.686, 438.471
6.20858, 347.828, 545.144
5.12494, 718.797, -894.594
6.06711, -770.786, -98.6112
5.91025, 359.864, -9.22711
6.82941, 800.301, -550.788
3.19597, -17.1221, 677.051
3.57766, 844.19, -153.281
5.0733, -314.46, -142.402
4.83766, -65.9835, 635.739
3.55759, -236.626, 606.698
5.65244, -644.712, 894.056
2.5044, -853.586, 183.094
4.09589, 393.086, 480.655
5.90281, 313.889, -66.3835
6.0446, 615.865, -531.53
2.90869, -746.436, 577.296
3.56926, 267.714, 442.521
4.44412, -759.808, -548.157
4.44927, 805.33, 807.143
3.92018, 345.921, -457.638
4.6123, 505.157, 484.761
2.55658, -608.891, -470.529
3.72027, 844.937, -678.306
4.49072, -694.235, 601.8
6.64177, -710.857, 233.914
3.78584, 799.108, -664.278
3.59705, -697.991, -498.482
6.47385, 314.297, 297.92
5.8476, 428.793, 378.451
5.49108, -839.461, 260.34
5.99917, -338.204, -516.355
5.13062, 524.215, -699.704
4.14833, 228.052, 130.568
3.30844, -762.227, 314.855
6.56633, 658.852, 1.46216
4.08004, 409.563, 196.127
4.05369, -3.85084, -705.239
4.65424, 52.9693, 125.979
4.46509, -134.8, -532.223
4.43916, 63.2366, -176.977
4.34871, -683.812, -508.478
5.88118, 318.877, -481.172
6.10384, 318.343, 13.3951
7.20082, -37.0076, 837.203
5.08573, -70.8166, -430.516
5.5282, -158.603, 286.494
5.85049, -620.747, 855.767
5.11404, 49.472, -191.248
3.87105, -848.211, 611.706
7.08924, 161.095, 310.234
3.73367, 802.916, -441.021
4.77876, 319.148, 555.953
3.30374, -851.432, 616.6
4.68319, 282.94, 284.976
7.45767, 418.375, 131.895
6.26931, -393.506, 381.291
4.97846, -820.817, -589.698
7.01651, -609.788, -689.42
4.68213, 499.819, 466.979
5.09239, 129.852, -852.725
4.44866, 117.474, -710.465
5.63431, -164.668, -501.328
5.19331, 311.393, 250.716
4.35955, 602.578, -453.497
2.54674, -318.566, 320.305
6.3794, 31.0422, -678.844
2.85317, -821.328, -546.873
3.98511, 373.965, -668.528
4.78581, -27.1395, -745.835
3.25156, -91.5568, -0.803863
5.97819, 604.773, -402.835
4.15587, 373.861, 145.845
5.21197, 880.727, -785.404
2.64678, 716.661, -873.677
5.38086, 39.0764, -170.752
5.18133, 291.756, 439.86
7.36678, -726.78, -807.878
5.57063, -292.182, -520.245
5.26431, -705.355, 195.505
6.69051, -249.517, 829.581
3.75764, -459.383, 796.983
6.98957, 578.401, -135.865
5.97428, 517.165, -463.136
5.82752, -438.458, -62.2215
3.06838, -637.551, -664.127
3.37987, -843.962, 116.658
2.91253, -131.516, 155.631
6.68103, -184.988, 289.764
2.64818, 864.893, -674.652
6.34719, -61.5339, -757.829
4.29829, -478.369, 751.127
6.24626, 35.7039, 516.856
6.28385, 322.382, 265.402
3.60834, -502.975, -804.527
5.58305, 280.446, 118.855
3.66846, -470.065, -231.704
6.22052, -717.699, 245.209
5.80997, -813.364, -651.067
4.9209, 856.036, -640.837
2.58972, 829.353, 147.005
4.98291, 425.87, 128.583
5.09587, 18.9925, -773.322
4.71395, -793.381, 450.288
4.14528, -76.1406, 851.99
3.52671, 452.152, -74.1467
7.19863, -168.456, -460.214
2.85168, -529.377, 768.869
3.30042, 51.9319, -724.101
6.70788, -670.366, -12.51
4.13614, -190.168, -236.267
6.85942, 208.363, 378.547
5.99896, 618.627, 500.626
5.52801, 836.911, -185.469
4.77536, 21.7335, -168.566
2.91543, -506.779, -187.252
3.94883, 70.8696, -206.488
6.51009, -666.868, -723.325
6.81821, 334.568, 26.5704
3.81831, 366.384, -470.06
4.79881, -712.96, -256.806
4.95672, 519.225, -459.065
5.82344, -452.663, -865.711
7.31738, -594.964, -164.703
7.23022, 514.444, -694.345
2.81902, 232.608, -593.501
5.04829, -548.07, -226.363
6.13222, 687.688, 637.505
5.65882, 495.972, -255.429
3.26658, -852.37, -891.898
5.09652, -794.478, 456.86
3.52281, -491.62, 784.526
6.03231, 360.231, -798.166
6.05786, -466.935, -88.362
3.66304, -460.481, -229.969
6.80594, 26.0153, -178.042
2.67122, -26.7689, 840.23
6.26587, -837.654, 116.382
4.14789, 578.602, 154.74
4.65309, 7.736, -455.629
7.33455, 773.094, -182.477
4.05803, 712.057, 606.829
5.69762, 826.64, -698.792
5.95386, 785.621, -37.9869
5.36403, 35.3116, 611.004
6.60667, 851.282, -642.81
4.21807, -815.071, -649.042
5.09387, -724.044, -656.054
6.78438, 104.574, -819.893
6.18587, 322.312, -25.6486
3.45992, -773.087, 342.314
2.83145, -280.987, 314.584
3.60828, 895.498, -709.481
3.33656, 45.9502, -233.31
6.31172, 368.869, -819.706
5.44905, -760.838, 327.166
4.65223, 810.406, 816.922
7.09618, 600.614, 9.87731
5.09668, 395.56, 148.373
7.38058, -637.62, -77.9952
5.15714, -429.765, 72.4324
2.98716, 333.331, 279.709
5.83983, 218.401, 117.282
5.44444, 185.622, 0.727729
5.01137, -651.219, -59.8415
2.75808, -801.026, 345.44
2.6753, -209.857, -44.802
4.41484, -671.493, -480.535
5.55555, 202.41, 132.111
5.06574, 565.201, 795.387
5.98498, 364.026, -4.60967
4.89891, 86.64, -185.829
3.88323, 48.6197, 423.229
6.01685, -425.229, 167.815
3.67701, 784.015, -42.3256
6.41501, 94.2115, -176.831
6.60589, 263.009, 741.931
3.21842, -484.599, 29.2668
5.75757, -473.152, 730.403
3.87677, 828.345, -858.272
7.26215, -431.439, 614.915
4.58238, -669.398, -10.6352
3.03869, -121.888, 347.793
4.70633, -754.033, 527.111
6.28811, -363.144, -245.153
2.77803, -384.345, -242.148
3.51241, 15.4194, 81.7496
6.82305, 852.304, -696.741
6.52456, -217.295, -66.6038
2.78861, -613.199, -580.654
4.40304, -18.7985, -629.876
4.56124, -84.3759, 680.039
2.80071, -315.152, 317.625
7.09746, 759.304, 573.841
3.35398, 596.764, 798.439
6.51634, -823.865, 199.26
3.88599, 632.592, 29.3702
4.44586, 164.909, 730.928
7.19936, 54.6522, 596.865
6.24573, 164.612, -206.721
3.44774, -367.771, 716.379
6.89581, 381.952, 458.521
6.8953, 384.944, -746.294
3.30515, -735.866, -217
5.87346, -759.59, -222.037
6.89096, 607.793, 132.767
6.98262, 253.978, 445.998
3.06535, -22.2694, 667.016
5.93789, -160.146, -225.635
3.21651, -744.29, -647.935
3.6901, 290.598, -10.5627
5.64383, 832.262, -184.203
4.312, 725.467, 362.132
4.64437, 594.911, 655.26
4.91936, -53.8587, -753.297
6.20379, -4.02471, -169.265
3.23098, -362.648, 748.484
7.36238, -739.84, -649.65
7.3158, -519.965, -238.452
3.14741, -514.255, 596.019
5.3784, -256.424, -544.08
4.66439, 47.0711, -159.644
5.50066, -232.773, -256.559
5.85098, -681.689, -31.2248
4.5137, 408.116, 902.239
6.46691, 639.18, 620.037
4.89889, -840.964, -217.162
5.72449, 333.76, 246.876
4.28836, -273.552, 606.016
5.96794, -286.872, -215.062
5.83428, -425.453, -643.546
3.22071, -452.823, 618.002
7.10415, -847.313, 182.583
4.22228, 61.5691, -180.96
6.66824, -388.208, -455.086
2.74349, 304.835, -652.385
3.27936, -249.786, 1.68252
2.55765, 329.219, 447.945
3.94327, 90.0302, 563.093
5.07295, -318.155, -149.633
3.65948, 646.322, 424.063
2.75022, -256.534, -6.07055
5.33091, -636.212, -697.526
6.69774, -116.831, 655.255
4.28763, -680.589, -486.949
4.3452, 155.013, 792.861
7.22226, 288.818, -57.3048
4.72425, -838.022, -190.865
6.82086, 398.943, 188.674
5.82654, -763.807, -686.332
5.79297, 144.034, 616.11
7.10736, -894.923, 896.665
5.11536, 837.199, -661.614
5.45229, 422.978, -434.618
5.79944, 684.58, 630.633
4.24765, 268.544, 445.975
4.11714, 326.66, 22.8679
7.08984, -92.8404, 657.309
3.08619, 835.387, -430.135
7.31268, 550.504, -124.273
5.17978, 29.6434, -146.065
5.81447, 687.065, 618.738
5.48362, 811.221, -469.679
6.93363, -508.827, -663.878
6.67999, -624.205, -547.139
6.69339, 240.549, 112.648
6.85642, -157.378, 287.001
2.5002, -802.553, 317.324
4.77274, 344.845, 273.108
4.25696, -826.263, 201.191
5.80713, -242.303, 665.671
6.22234, -836.204, 191.421
3.3821, -154.589, -483.101
7.4621, 833.504, -690.884
5.95466, -816.903, 195.506
6.97862, 173.792, -11.7722
3.51579, 298.644, -45.6238
7.2356, -464.74, -118.871
4.88476, 790.225, -449.35
6.78578, 841.786, -649.014
6.41237, -821.744, -543.308
5.70687, 854.239, -828.393
3.14521, -710.158, 225.568
5.77944, -2.67968, 702.421
3.09199, 62.9982, -19.1142
3.88793, 262.022, 710.253
6.65548, -253.14, -266.081
6.14153, -700.964, -499.675
6.74348, -615.028, 279.495
3.43989, -745.249, -810.652
6.09602, 526.799, -305.441
4.25586, 136.984, 271.384
3.34555, -413.302, -621.619
4.52383, 264.409, -572.431
4.20924, 149.527, 694.654
6.67141, 312.752, -60.0295
3.9111, 722.923, 622.799
5.16766, -637.924, -473.477
6.25085, 842.112, -836.189
4.62554, -624.117, -737.112
4.66964, -466.321, 578.202
3.03022, 805.682, -908.031
6.4639, -80.2465, -406.973
3.91232, -672.625, -491.85
7.14264, -448.578, -221.063
5.37926, 265.748, 442.922
3.4895, 739.794, -318.837
5.99081, 513.82, -685.322
3.07265, 413.428, -796.592
4.22945, 257.398, 709.793
4.15646, -501.41, -230.461
6.42735, 824.461, -846.373
6.65775, 433.837, -170.776
4.21712, -707.643, 724.817
4.2603, -236.842, 824.388
6.38197, 92.9855, -694.466
6.58658, 23.4908, 710.365
4.26157, -214.963, 288.971
7.09559, -387.873, -252.654
3.2877, 471.016, 210.44
5.56029, -426.599, 658.885
5.54222, -452.428, 616.819
3.16647, -220.925, -655.663
3.51409, -699.524, -507.165
4.79457, -775.896, 523.885
3.48759, -450.815, 787.51
6.77118, -805.433, 316.721
6.54562, -732.23, -618.698
2.80131, -844.875, 763.471
6.50584, -685.605, 613.499
5.49597, -190.041, -483.161
7.43182, -835.235, 252.923
2.65919, -71.0723, 676.838
6.8356, 867.058, -681.792
3.69109, 580.428, 271.888
3.6127, 216.152, 353.688
4.73907, -819.788, -540.876
2.61231, 868.12, -166.124
6.79755, -251.009, -23.7598
4.15902, 255.874, 472.147
5.72195, 349.511, 310.55
7.43521, -802.781, -583.504
5.30162, 291.409, -521.039
4.74553, -746.656, -177.128
5.213, 108.138, -725.58
2.90797, 796.35, -33.8059
3.99606, -739.425, -212.868
6.63964, 764.719, 573.531
6.48936, 557.902, 781.578
5.71048, -80.3951, 678.103
4.84105, 585.435, 305.843
7.15326, -160.795, -478.369
5.08798, -258.205, -6.42694
7.42924, 787.136, -482.838
5.94567, -20.9501, -649.797
6.19966, -165.07, -505.264
3.46323, -418.656, -816.406
6.08881, -513.315, 559.747
6.11146, 596.512, -86.9778
6.49298, 278.019, 146.755
4.23216, 244.779, -887.702
5.1481, 41.9743, -191.974
3.19001, 719.577, -343.444
6.73218, -242.68, -257.239
6.32766, -34.2975, -745.615
7.5, 826.238, -448.97
4.24891, 493.032, 910.818
5.50367, -443.922, 596
3.50808, -470.327, 38.1934
6.2385, 32.786, 112.631
6.49225, 840.469, 232.599
3.03505, -677.317, 100.921
5.35813, -462.361, 17.1831
2.84683, 338.531, -365.253
4.16036, 657.788, 605.956
5.80945, 413.533, -663.752
5.27726, 86.0529, -182.976
7.12415, 222.909, -4.26821
2.69832, -418.258, 146.744
2.62083, -248.941, 163.392
4.61923, 259.289, -606.267
4.36987, 388.274, 171.147
2.93303, -236.981, -276.281
3.05403, -91.3803, 162.339
5.31992, 339.308, -370.936
7.37269, 20.1345, 696.893
3.05066, -46.228, -758.733
5.99352, 108.156, 846.824
2.79674, -53.0901, -620.1
4.69755, 763.856, -9.09145
5.24651, 900.431, 677.286
3.45129, 637.286, -699.556
7.36597, 357.929, 313.706
3.19593, -627.814, -80.4049
5.48978, 791.445, -454.028
7.12812, -800.564, 707.749
3.91116, -35.3711, 840.475
6.8307, -123.06, -103.361
6.29598, -205.073, -511.847
6.10793, 330.822, 572.257
3.34241, -320.232, 311.128
3.32882, 778.05, 372.266
3.39076, -636.881, -876.774
5.87226, 295.488, -537.546
4.83484, -213.717, -40.0407
6.85219, -737.47, -355.148
5.76023, -654.995, -69.019
5.80464, 748.996, 800.213
2.58037, -604.572, -556.402
4.30596, -734.01, -672.01
3.72747, 812.397, 105.387
6.93086, -869.077, -851.693
5.23701, 822.757, 792.246
6.57209, -38.0488, -633.516
5.24453, 158.151, 825.02
4.16156, 456.22, -76.7524
4.40213, -50.0181, -596.719
2.52389, 841.328, 572.362
6.95226, -73.3278, -412.89
6.16955, -430.284, 649.706
6.04239, -78.7811, 686.336
5.1278, 45.0647, -197.28
6.41065, -117.737, -729.667
3.42484, -406.746, -403.196
5.72673, 238.466, 485.084
3.42178, -585.099, -247.733
3.31214, -14.212, -92.55
2.65594, -226.763, 811.023
7.42716, 148.946, -696.361
4.04559, -282.182, -618.485
4.11075, -608.3, -287.525
5.51155, 260.366, -144.166
2.89107, -293.499, -841.028
3.93936, 2.86283, 94.344
5.79307, -154.761, -485.993
7.36348, -842.117, -364.35
7.27758, -360.605, -706.69
7.42745, -588.587, -266.852
7.30478, -793.445, -623.78
3.0073, -472.561, 588.768
3.71505, -155.287, -483.47
6.91151, 120.954, -332.189
5.28805, 345.895, 529.819
6.7669, 763.088, 559.077
7.49145, -499.772, 583.855
3.99751, -139.465, -534.741
6.33157, 868.898, 447.497
4.81901, 269.83, -164.33
6.8168, -605.666, -690.692
6.99018, 796.162, -71.4157
7.377, 226.308, -407.194
2.77405, 611.823, 147.058
6.32605, 842.727, -684.318
5.09219, -855.196, 729.295
3.46574, 878.403, -147.709
6.98252, 227.423, -540.646
6.38492, -783.829, 114.275
2.75968, 347.11, 514.678
7.47331, -770.498, 700.173
5.93659, -72.5059, -412.063
5.94854, 831.507, 489.234
6.57666, -592.31, 745.52
7.05426, -85.6118, -417.203
3.34218, -168.958, 281.576
5.24183, -605.994, 759.185
6.53351, -474.129, -217.251
4.17803, 320.821, -486.101
5.53435, -98.9858, 18.6925
6.59602, -762.925, 315.126
7.3485, 37.175, -184.574
6.29349, 573.841, 531.555
3.72113, -122.914, -95.7697
5.80589, -575.743, 342.073
4.21574, -527.013, -235.724
7.27146, 331.736, -338.289
2.60828, 750.415, 519.877
4.54979, -864.078, 868.708
2.55789, 537.156, -719.827
3.04964, 804.978, 208.584
5.28259, -808.587, 126.979
4.45466, 63.3855, -197.405
7.20539, 96.8976, -184.592
2.55572, 183.426, 412.235
6.22897, -154.074, -507.705
3.84293, 238.705, 117.328
4.27153, -607.45, -687.434
3.45835, -447.435, 636.315
5.14832, 320.769, -96.2685
4.39478, -8.51668, -724.235
3.16407, -101.906, -793.194
4.26563, -157.215, -491.21
4.2497, 765.054, 891.233
7.41084, 564.084, -119.181
5.25961, 147.715, -292.87
4.99918, 24.7614, -670.764
3.58531, -784.597, 294.734
4.37311, -198.258, -493.108
6.78251, -645.82, -464.326
6.45578, 810.304, -453.04
3.9204, -528.663, 771.912
5.07645, 379.631, 195.067
6.79238, -238.242, 46.7469
7.07844, -737.649, -206.055
7.48941, 173.309, 808.882
6.53177, 97.0612, -181.271
5.22718, -818.946, -186.181
7.3461, 109.167, -724.395
5.31931, -557.417, 372.663
4.03031, -410.099, 643.406
5.41853, 820.162, 826.02
2.91197, 25.9444, -163.616
5.47382, 335.15, 523.151
3.31968, -605.518, -550.997
6.46527, -611.52, -464.828
2.95373, 605.155, 648.066
6.3072, -485.762, -667.461
6.83996, -260.639, -20.9038
6.40105, 102.412, -374.755
6.61399, 826.193, 797.216
6.70974, 323.645, 558.074
4.48328, 451.227, 199.862
6.508, -130.235, 157.119
6.56811, 327.541, 0.107083
5.43493, -390.191, 72.5793
4.64621, 771.609, -16.1075
2.5002, -80.6771, -394.617
5.31153, -808.389, 322.042
6.22632, 313.209, 245.574
3.89846, 838.823, 248.933
2.93406, -857.815, 520.418
3.5733, 878.592, -825.341
3.93296, -424.749, 641.194
4.86595, -383.051, 466.102
6.95893, 847.638, 796.111
5.91955, 504.289, -473.917
3.54376, 13.1193, -115.888
6.67533, 747.442, -41.8024
7.09218, 885.07, 878.289
4.48244, -515.347, -663.65
6.37858, 510.958, 505.718
5.68161, -125.07, -96.5135
6.64746, 400.227, 192.359
3.40204, 484.883, -451.985
7.45927, 537.223, -691.953
6.70558, -134.824, -737.447
4.65177, 805.181, 212.924
4.38589, 531.964, 793.048
2.70802, 550.268, -475.504
6.80715, -623.524, -453.245
6.62116, 862.656, -819.543
6.25052, 1.46095, 666.603
3.55801, -182.193, 842.383
4.31029, -747.57, -232.689
4.43545, -670.292, -694.134
7.32918, 710.488, 612.475
6.5872, -71.9262, 679.075
4.5755, -50.0416, 419.513
5.83759, 212.343, 111.768
2.52101, 494.924, 910.151
6.98048, -677.896, 196.348
3.68416, -332.471, 333.953
3.79415, 321.134, -192.785
5.4939, 394.382, -662.221
6.89823, -806.25, 309.049
6.16299, -639.069, -546.767
6.0773, 745.992, 582.46
3.57724, -548.632, 494.143
6.30413, 717.78, -910.097
3.85351, -119.536, -460.686
2.75246, 551.04, 247.551
4.78866, 368.802, 312.049
2.58759, 415.075, -646.974
3.01129, 50.1519, -260.628
2.639, -215.187, 285.047
5.65921, -376.96, -506.957
6.34425, 37.5586, -177.162
2.74132, 524.238, -741.216
6.6924, -38.2586, -641.089
6.76899, -234.522, -194.75
6.57649, -519.136, 563.076
6.85188, 771.872, 369.78
5.27222, -577.073, -180.253
6.12646, -236.726, -43.6409
3.20424, -459.034, 803.228
6.6115, 548.535, -476.527
5.51185, 633.141, -162.566
4.93856, 469.265, -830.422
6.14942, -205.609, 764.298
4.05164, 753.623, -635.795
3.93925, -717.368, 291.184
5.45857, -864.646, 704.671
5.34055, 557.802, 804.803
5.41059, -836.564, -512.585
2.84132, -693.882, 247.914
4.34304, 146.382, -291.119
6.28475, -810.077, -539.89
6.35297, -442.508, -810.457
4.27217, -393.648, -240.091
5.98913, 150.648, 804.694
5.08005, -583.686, -263.71
5.94494, 310.064, 136.72
6.18066, -81.4896, 683.237
2.56231, -307.621, -620.251
7.16549, 561.084, -128.164
5.37826, 158.658, 108.666
3.05587, 507.504, 857.646
4.87388, -102.091, 2.91454
3.24247, 219.438, 92.8822
4.22594, 95.3578, 419.11
7.04476, -836.791, 225.215
4.54571, 41.4991, 516.05
5.96642, -609.565, -63.9065
3.35865, 376.834, -769.038
6.21715, 843.882, -434.416
4.16319, -431.713, 676.618
4.62157, 594.031, 280.151
2.79523, -229.18, -68.7114
5.09005, 242.039, -202.479
5.94425, 406.883, -530.378
5.01149, -267.265, -18.9233
6.56617, -175.977, -692.927
3.07974, 127.017, -852.177
5.24841, 297.342, 464.298
5.06046, 335.72, 24.1817
6.02649, 883.596, 446.784
5.65083, -277.152, 821.426
4.0207, -57.2471, -632.581
6.74719, 321.314, 248.851
3.39619, 570.887, -23.3928
2.61737, -443.129, -60.6865
4.19467, 654.532, 29.5453
3.43818, 313.671, -51.5307
6.60467, -251.687, 161.41
6.72507, -834.195, -198.129
6.78031, 845.54, -676.728
7.37454, -854.734, 617.314
2.99587, 388.135, -425.442
2.56182, 572.574, 594.129
2.58614, 264.099, 469.661
2.64527, 186.817, 134.345
4.1031, 148.554, -294.247
6.17815, 576.282, 288.084
3.14876, 295.561, 447.234
2.5161, -360.525, 436.848
6.91905, 108.746, -704.473
3.70482, 225.866, -513.052
4.38481, -812.783, 708.684
4.44879, 583.857, 171.185
2.81534, 587.973, 322.621
7.30792, 142.852, 789.874
3.75349, 710.325, -332.702
6.85376, -656.453, -55.3267
2.85991, -773.758, 322.141
2.70653, -520.944, 562.907
3.46378, 308.885, -506.689
3.86708, -297.69, 293.943
7.4007, -879.768, -341.284
3.60607, 331.142, -506.262
6.43119, -831.086, 792.459
4.42306, 215.821, -367.521
3.78593, 417.128, -611.218
3.91087, -815.254, 141.271
7.33834, 764.97, -31.3268
4.22841, 649.348, 142.012
3.45922, -810.531, 709.891
5.05037, -540.591, -338.354
5.21857, -480.107, 560.501
5.72333, -616.143, -564.979
3.89738, -13.1006, 680.38
3.41887, -300.676, -601.94
2.71579, -803.094, 309.201
3.98408, -494.84, -266.967
4.25548, -230.473, 115.464
7.09372, -400.519, 671.948
5.81225, 478.505, -327.044
5.08041, 797.033, 546.651
4.03763, 523.36, 494.276
3.0007, -280.423, 125.424
3.47502, 322.529, -848.776
4.11407, 25.2846, -205.112
5.56182, 831.141, 103.63
5.13511, 888.216, -891.474
3.45653, 316.816, 248.58
4.7178, -710.328, -472.87
4.48693, -570.252, 739.14
6.28051, -598.606, 755.579
6.6213, 718.238, 620.148
5.51573, 64.6403, -370.927
3.04573, 518.754, -682.098
4.11797, 427.953, -184.604
5.03403, 48.1711, 287.385
4.76521, -577.561, 751.512
4.77315, -179.789, -477.1
4.91125, 872.443, 871.357
5.07896, 345.025, -657.685
4.50207, 157.935, 801.852
4.22945, 806.501, 362.055
6.64533, 838.052, -184.267
3.02204, -583.799, -688.858
6.40057, 491.393, 473.383
3.19919, -281.632, -217.489
2.62171, -693.482, -484.839
6.0664, 365.368, -622.542
7.15538, 111.518, -692.716
7.47667, 256.097, 131.045
3.86264, -835.81, 187.454
3.6923, -438.474, -224.946
3.87328, 820.835, 586.806
5.70836, -783.694, -617.065
5.17637, 298.303, 156.373
6.8967, 738.918, -297.889
6.75968, -642.586, -694.529
2.98004, 765.401, -12.9141
4.66818, -682.204, 206.811
3.17045, -137.793, -696.919
5.86802, -170.59, 311.023
5.34964, -86.481, -430.26
3.66474, -450.06, 590.936
5.50306, 236.719, -595.102
2.6551, -655.7, 16.0362
7.08512, 506.401, -288.984
3.82958, 836.06, -168.656
6.50016, -182.382, -469.124
5.46389, 148.911, -686.412
5.0822, 341.267, 521.707
5.2567, 337.377, 513.153
3.47225, 462.274, -208.539
5.36152, 101.216, -689.325
3.81992, 194.269, 371.72
4.41648, -781.022, 501.404
2.73626, -689.109, -803.543
4.22823, 534.326, -718.956
3.61594, 602.178, -404.62
3.81264, 18.5454, -718.68
3.05141, -364.197, -453.319
7.40088, -681.319, -42.2047
5.93794, 693.995, 609.32
5.82158, -540.301, -344.164
5.99501, -598.898, -629.855
2.68746, -736.495, -649.54
3.6706, -631.542, -689.062
3.95397, 710.7, 595.709
3.50543, 26.9085, -241.718
2.7177, 301.838, 239.265
2.56571, -464.078, 599.91
6.07297, -486.433, 778.153
6.88348, -820.97, -569.694
5.35088, -833.677, 380.863
6.92743, 813.044, 817.116
5.20042, -395.337, -248.261
3.31357, 877.059, -704.876
3.30492, 934.412, 466.737
7.19182, 338.993, 289.661
3.45628, 499.723, -738.357
3.15761, -14.8525, -162.56
4.41122, -239.232, -42.6606
6.12674, 266.515, -150.684
2.50651, 566.111, 794.211
4.60222, -36.658, 658.014
5.18984, 250.555, -183.007
4.86596, -211.418, 221.948
6.33003, 569.89, 791.516
2.9396, 479.744, -461.839
7.04284, 161.947, 294.571
3.20818, -759.904, -409.711
2.54782, 310.869, -13.8186
2.82267, 263.524, 447.107
4.96742, 354.073, 223.356
5.40914, 490.388, 882.695
4.03373, -853.152, 542.611
4.57091, 795.702, -70.2235
4.33401, -629.78, -599.45
3.42687, 166.584, 618.655
2.76788, 588.503, 101.481
4.47222, 467.732, -48.8564
3.98388, -328.479, -192.675
5.05388, -376.082, 786.534
3.75392, -681.209, 180.304
5.01589, 869.062, 863.202
2.51168, -21.6383, 719.637
7.01807, 810.924, -460.223
2.79181, -864.721, -846.131
5.17506, -546.424, 747.867
3.95754, -361.399, 747.831
7.3023, -738.21, -210.334
4.73406, 323.828, -81.7268
5.08479, 768.643, 195.842
5.93861, -286.55, 6.06986
2.72187, -152.063, 22.0463
7.2946, -745.742, 572.334
5.70852, 377.993, 146.368
2.80215, 459.483, -646.411
3.33964, 124.314, 255.422
5.76491, 440.061, -190.452
6.19864, -783.753, 359.226
3.57011, 820.091, 207.006
4.31441, 130.33, -666.054
6.56981, -646.727, 877.108
5.32057, 807.022, -484.766
7.45886, -39.0487, -770.504
6.5669, -821.327, 316.121
3.49157, -884.058, -9.06646
2.50003, -107.488, -733.142
4.62608, 833.466, -734.613
4.07406, 794.308, 214.258
5.56218, 583.729, -849.977
3.83351, -175.345, -465.544
4.39881, -595.656, -96.7753
5.43397, 824.864, 255.852
5.95636, -138.362, -479.773
7.26736, -350.288, -512.435
4.89785, -312.725, -840.011
3.60319, 361.94, -620.669
5.33741, -654.828, -439.755
6.09873, 318.022, 272.374
4.4953, -520.326, 558.873
3.48326, -646.18, 890.363
6.66971, -607.501, -687.232
5.59561, -444.246, -805.583
7.26866, -259.342, 135.185
3.23222, 42.0313, -189.622
5.38953, -39.9678, -416.029
7.26796, -449.088, 628.117
3.62331, 680.546, -884.684
7.25137, -489.548, 734.168
3.07874, 820.491, -454.406
2.58372, 41.7864, -174.715
3.90465, -296.273, -130.777
7.15042, 539.318, 136.974
3.04796, 725.351, 799.735
6.77266, 37.9299, 649.476
5.68532, -622.457, -695.883
5.63853, 395.394, -665.286
3.80589, 708.504, 585.906
5.13936, -827.754, 126.18
7.16608, -257.545, 819.547
3.98055, 820.042, 71.8552
4.78006, 183.427, 356.546
6.35659, -627.176, -551.769
4.17193, 249.035, 118.349
6.31775, 30.831, -789.501
6.65892, -25.8285, 836.898
2.64618, -722.419, 548.832
4.31315, 667.136, -243.546
4.16221, 269.859, 433.041
3.17675, -463.192, -228.421
3.00839, -250.898, 607.706
5.11327, -583.297, 731.344
3.52046, 32.5836, -478.185
5.00728, -828.236, -567.826
5.1371, -50.4753, 834.287
4.13422, -234.349, -207.745
4.75888, 268.23, -353.349
6.85263, -47.591, 816.492
4.72884, 552.37, 805.121
6.03726, -480.247, -740.244
6.83171, 848.872, -696.742
6.5822, 799.695, 196.712
2.67504, 793.804, 780.138
3.8644, -619.289, -284.307
5.21858, -375.242, -436.411
3.19942, -846.621, -531.212
5.57408, -690.325, -826.164
3.29182, -597.19, -627.992
4.41129, 127.081, 206.75
5.94997, -113.375, 156.514
3.21128, -357.406, 438.072
5.65284, -812.312, 704.57
3.15973, 160.39, 777.023
7.13583, -684.201, 216.866
5.53465, -851.649, 710.61
5.50388, -775.192, 326.842
3.33635, 557.533, -458.402
3.301, -751.633, -420.438
5.91628, 590.339, -19.1027
5.1456, -626.182, -80.1425
3.65264, -115.504, 675.665
6.55373, -456.833, -61.434
5.76477, -390.39, -521.477
4.08597, -620.279, -584.352
2.53953, -252.175, -742.119
3.49176, 738.683, 596.316
3.78831, 37.1426, 359.923
3.03825, 796.361, 7.25722
3.49545, 106.323, -339.958
6.75079, 795.931, -732.654
6.63912, -827.544, 175.437
6.76813, -774.787, -582.099
5.71027, 284.439, 726.159
3.6787, 687.903, -883.01
6.80638, -506.001, -708.594
5.4745, -32.7884, -154.584
2.52745, 502.927, -49.7258
6.84925, -635.678, -468.215
7.37729, 571.923, 148.357
5.59653, 325.761, 33.6465
3.85574, -788.804, 308.69
7.46973, -185.752, -483.962
4.60751, -618.605, -461.449
4.20537, -764.315, -574.856
4.80717, 289.477, -114.533
4.44822, 238.996, -377.079
4.613, 41.7397, 507.128
2.84879, 163.343, 291.015
5.5153, 56.0194, -180.04
7.36114, -54.7026, 178.246
5.07406, -708.193, -492.571
7.45461, 813.119, -127.564
5.84906, 573.975, -138.814
4.01716, -590.328, 36.3927
3.47371, 756.595, 555.239
4.0109, -760.121, -790.779
4.93946, -375.274, 451.89
4.72438, 487.476, 883.733
5.7844, 370.863, -774.358
3.74227, -734.046, -674.389
4.72007, 26.725, 494.96
5.75894, -646.022, -74.381
6.67472, -684.783, 233.107
6.03698, 156.482, 781.152
4.93928, -802.187, -596.729
6.72039, 372.913, -179.382
7.00296, -502.42, -220.144
6.33082, -714.555, -506.111
5.29453, 617.582, 873.118
2.70603, 6.74559, 76.479
5.46749, 540.27, 98.5237
2.68674, -603.524, 754.509
4.53488, 112.341, 413.739
2.84243, -874.25, -842.619
7.38558, -689.213, -818.28
2.5956, -513.818, -259.494
6.60363, -176.926, -231.324
5.2195, -367.886, 738.282
5.72828, 714.211, -310.204
3.62934, -235.182, -58.0362
2.733, 874.734, -685.681
3.63154, 235.577, -534.033
4.58371, -639.225, 122.388
6.40126, 229.848, -606.741
3.72852, -771.534, 328.991
4.81411, 586.02, 99.6821
6.14756, 856.34, 260.775
5.35237, -356.631, 764.401
5.45997, 874.624, 881.342
4.98425, -803.877, 227.21
3.951, 410.485, 139.583
4.71107, 46.5344, -167.227
2.53669, 809.224, -442.149
7.41683, 471.065, -325.266
2.52822, -733.68, -216.874
4.8676, -95.5676, 676.841
5.86497, -303.717, -187.613
