6.27803, -729.06, -942.469
3.5948, 7.83604, -118.311
5.89648, 364.771, -887.124
5.09708, -281.614, 873.18
2.76731, -958.159, 653.616
2.53849, 355.854, 33.4608
4.58743, -781.083, -247.261
7.15218, 188.178, 399.771
2.95982, 25.0395, 698.389
6.00595, -183.754, 314.918
3.81226, 539.354, 797.66
4.14117, 472.309, -876.794
7.45519, 456.906, 251.641
7.41275, -501.903, -242.867
5.75759, 483.213, 427.659
6.92354, 256.063, -820.248
6.33247, -155.238, -481.455
3.87453, -460.94, -61.3444
4.93259, -652.627, -295.258
2.80282, 803.13, 762.645
5.08146, 18.4963, 758.299
4.96988, 929.045, -372.268
7.23882, -787.31, -469.904
4.42071, -25.9494, -818.517
5.14874, 794.933, -488.125
2.75042, 846.763, -73.2138
6.63909, 549.993, 529.345
5.94228, -897.51, -718.953
6.18112, 258.533, 724.985
6.94286, 943.247, 441.799
4.25508, -358.688, -513.884
6.72991, 184.769, 21.3681
3.84659, 614.879, -109.295
4.83959, 60.1461, -199.496
3.2686, -645.087, -462.049
2.66527, 624.613, 123.082
7.2768, -13.8348, 87.2644
6.95369, 116.901, 472.82
3.29884, 644.172, 227.891
3.15214, 425.392, -558.322
2.515, -462.229, -801.776
6.0491, -868.974, -177.788
3.40448, -494.536, 829.244
5.76029, 770.156, -329.055
4.42907, 401.1, -718.856
3.23766, -6.7411, -214.693
5.45054, 601.388, 126.022
3.24076, 161.829, 882.716
3.2091, -165.685, 939.834
4.94257, -469.768, 109.822
3.13015, 837.738, -65.6909
5.64635, -333.49, -570.202
5.60817, 278.398, -711.369
4.88216, -480.822, 569.075
2.64188, -467.399, -232.135
3.21011, -120.771, 759.85
3.15594, -194.144, 853.997
3.31099, -818.572, 746.659
3.76529, -258.397, -810.329
4.77654, 527.887, -724.3
6.54472, -87.2878, -290.973
3.57624, 296.049, 817.317
3.75063, 799.524, 376.37
5.02978, -65.8362, 710.427
6.27922, 635.845, 149.484
5.66369, 828.391, -31.938
5.9449, 589.604, -144.102
7.27207, 946.949, 465.217
5.18713, -381.223, 681.186
4.57014, -739.418, 24.4645
4.70019, 738.924, 163.122
6.07821, 717.041, 451.394
6.20858, 369.428, 570.434
5.12494, 756.434, -938.831
6.06711, -833.445, -81.9388
5.91025, 316.529, -24.8227
6.82941, 820.325, -582.581
3.19597, 55.9331, 735.627
3.57766, 909.396, -125.208
5.0733, -329.22, -153.937
4.83766, -114.665, 741.322
3.55759, -239.385, 602.728
5.65244, -677.313, 958.694
2.5044, -904.813, 176.865
4.09589, 435.36, 523.642
5.90281, 359.698, -98.3248
6.0446, 651.865, -568.096
2.90869, -788.535, 632.485
3.56926, 254.591, 458.599
4.44412, -806.822, -560.648
4.44927, 914.865, 901.589
3.92018, 369.109, -457.602
4.6123, 558.034, 538.749
2.55658, -639.615, -432.415
3.72027, 904.924, -624.159
4.49072, -706.785, 638.205
6.64177, -662.161, 197.009
3.78584, 930.44, -703.482
3.59705, -767.268, -504.086
6.47385, 370.564, 264.064
5.8476, 476.007, 385.254
5.49108, -882.019, 271.684
5.99917, -359.089, -524.674
5.13062, 567.574, -735.82
4.14833, 204.08, 97.3019
3.30844, -723.788, 374.651
6.56633, 698.433, -18.7702
4.08004, 435.163, 124.325
4.05369, 29.0579, -723.256
4.65424, 29.7389, 134.414
4.46509, -217.344, -474.711
4.43916, -37.5949, -163.59
4.34871, -782.953, -477.976
5.88118, 328.076, -525.633
6.10384, 414.366, 30.286
7.20082, -65.5328, 870.331
5.08573, -81.9836, -368.578
5.5282, -172.305, 306.122
5.85049, -671.591, 935.75
5.11404, 63.4009, -295.22
3.87105, -916.336, 637.464
7.08924, 117.903, 281.098
3.73367, 906.522, -423.692
4.77876, 350.528, 643.656
3.30374, -911.745, 634.354
4.68319, 389.792, 356.41
7.45767, 443.678, 181.361
6.26931, -423.19, 387.22
4.97846, -933.821, -635.231
7.01651, -649.837, -775.061
4.68213, 487.265, 527.619
5.09239, 156.958, -938.706
4.44866, 91.4612, -817.368
5.63431, -186.6, -586.922
5.19331, 378.245, 327.531
4.35955, 643.717, -428.772
2.54674, -344.921, 350.12
6.3794, 33.7069, -750.054
2.85317, -868.479, -579.28
3.98511, 417.706, -685.048
4.78581, -54.4798, -841.991
3.25156, -93.4534, 21.4717
5.97819, 637.222, -422.43
4.15587, 378.247, 137.465
5.21197, 950.223, -833.815
2.64678, 726.761, -918.766
5.38086, 3.23103, -215.171
5.18133, 341.322, 466.008
7.36678, -740.876, -881.438
5.57063, -312.21, -587.503
5.26431, -728.577, 221.109
6.69051, -243.826, 876.942
3.75764, -495.091, 882.485
6.98957, 591.044, -125.831
5.97428, 512.308, -489.03
5.82752, -477.359, -76.9123
3.06838, -588.886, -775.817
3.37987, -921.755, 102.569
2.91253, -147.714, 164.644
6.68103, -222.299, 342.202
2.64818, 897.075, -707.392
6.34719, -17.8585, -824.929
4.29829, -508.741, 842.475
6.24626, 26.8294, 510.903
6.28385, 332.902, 314.257
3.60834, -526.283, -882.137
5.58305, 300.046, 153.943
3.66846, -561.532, -224.75
6.22052, -687.281, 274.269
5.80997, -864.504, -662.237
4.9209, 897.367, -757.839
2.58972, 851.636, 192.769
4.98291, 454.626, 169.493
5.09587, -22.1675, -853.139
4.71395, -841.603, 500.309
4.14528, -21.3833, 920.611
3.52671, 470.503, -98.0132
7.19863, -222.158, -597.611
2.85168, -522.247, 878.652
3.30042, 29.5728, -732.986
6.70788, -742.227, 19.2188
4.13614, -155.574, -253.714
6.85942, 164.704, 415.452
5.99896, 653.08, 510.449
5.52801, 857.533, -199.391
4.77536, 67.1954, -242.392
2.91543, -491.709, -256.612
3.94883, -17.5463, -116.689
6.51009, -601.563, -776.526
6.81821, 352.464, 31.6142
3.81831, 403.508, -496.532
4.79881, -800.058, -230.413
4.95672, 570.608, -502.736
5.82344, -461.991, -946.308
7.31738, -616.303, -175.818
7.23022, 555.201, -731.23
2.81902, 219.064, -642.968
5.04829, -464.681, -266.445
6.13222, 648.56, 655.626
5.65882, 562.847, -314.46
3.26658, -897.502, -918.24
5.09652, -837.41, 494.976
3.52281, -529.595, 820.839
6.03231, 398.698, -825.409
6.05786, -469.071, -71.9717
3.66304, -561.95, -223.131
6.80594, -18.3921, -111.361
2.67122, -92.3587, 906.902
6.26587, -909.656, 82.884
4.14789, 635.726, 133.181
4.65309, 50.0948, -510.862
7.33455, 885.604, -215.04
4.05803, 735.134, 671.198
5.69762, 912.616, -686.772
5.95386, 847.662, -58.3558
5.36403, 40.2038, 617.774
6.60667, 903.249, -726.463
4.21807, -871.028, -675.574
5.09387, -817.119, -715.769
6.78438, 115.365, -908.459
6.18587, 334.185, 45.1895
3.45992, -852.203, 354.308
2.83145, -305.817, 320.775
3.60828, 855.055, -703.219
3.33656, 144.585, -165.191
6.31172, 370.986, -872.253
5.44905, -829.575, 382.857
4.65223, 854.486, 832.316
7.09618, 638.942, 12.8309
5.09668, 458.482, 176.664
7.38058, -689.877, -41.5611
5.15714, -449.224, 127.939
2.98716, 341.229, 337.34
5.83983, 183.124, 121.125
5.44444, 153.635, -12.8015
5.01137, -658.305, -110.699
2.75808, -887.79, 427.035
2.6753, -313.58, 19.0313
4.41484, -773.679, -526.286
5.55555, 206.736, 93.0925
5.06574, 549.911, 841.091
5.98498, 339.439, -14.3579
4.89891, -6.2183, -201.349
3.88323, 44.4429, 433.006
6.01685, -433.521, 191.542
3.67701, 839.9, 18.1092
6.41501, 134.522, -177.2
6.60589, 334.199, 798.621
3.21842, -483.835, 45.0002
5.75757, -500.978, 765.278
3.87677, 844.523, -939.356
7.26215, -414.853, 684.481
4.58238, -737.255, 21.0371
3.03869, -123.835, 385.185
4.70633, -768.953, 531.773
6.28811, -395.4, -279.703
2.77803, -343.008, -286.722
3.51241, -11.4356, 127.707
6.82305, 901.456, -715.044
6.52456, -271.17, -5.04322
2.78861, -662.325, -643.552
4.40304, -56.0979, -703.202
4.56124, -93.2241, 711.467
2.80071, -361.947, 303.01
7.09746, 792.058, 616.195
3.35398, 536.305, 825.65
6.51634, -922.168, 203.317
3.88599, 709.365, 46.0622
4.44586, 163.993, 743.624
7.19936, 71.2204, 614.931
6.24573, 186.723, -203.783
3.44774, -338.61, 743.139
6.89581, 417.592, 474.023
6.8953, 399.216, -798.951
3.30515, -798.27, -247.652
5.87346, -779.882, -183.136
6.89096, 615.026, 163.127
6.98262, 260.482, 504.724
3.06535, 2.90714, 731.838
5.93789, -195.515, -223.418
3.21651, -802.374, -740.48
3.6901, 379.859, -37.3264
5.64383, 904.228, -205.086
4.312, 798.798, 378.888
4.64437, 582.753, 708.067
4.91936, -25.543, -815.993
6.20379, 14.2937, -121.331
3.23098, -349.79, 839.318
7.36238, -788.452, -737.904
7.3158, -505.277, -210.754
3.14741, -574.331, 643.907
5.3784, -283.965, -594.309
4.66439, 150.864, -174.278
5.50066, -234.947, -243.76
5.85098, -671.248, -60.4846
4.5137, 400.416, 957.407
6.46691, 665.003, 653.33
4.89889, -930.957, -241.758
5.72449, 290.882, 264.607
4.28836, -264.715, 607.771
5.96794, -318.954, -218.237
5.83428, -416.086, -668.815
3.22071, -426.277, 696.275
7.10415, -897.183, 183.767
4.22228, 28.0859, -223.53
6.66824, -391.978, -465.678
2.74349, 300.686, -712.063
3.27936, -242.409, -47.414
2.55765, 324.135, 477.248
3.94327, 111.274, 578.741
5.07295, -336.046, -153.406
3.65948, 668.713, 431.909
2.75022, -253.306, -46.8239
5.33091, -601.217, -774.74
6.69774, -155.92, 638.276
4.28763, -675.343, -472.866
4.3452, 162.272, 846.512
7.22226, 263.304, -67.784
4.72425, -879.212, -178.022
6.82086, 451.806, 154.911
5.82654, -776.763, -719.654
5.79297, 174.372, 649.657
7.10736, -937.356, 939.206
5.11536, 934.261, -635.315
5.45229, 443.087, -441.186
5.79944, 662.81, 663.063
4.24765, 261.917, 474.08
4.11714, 351.75, 38.2557
7.08984, -107.158, 714.698
3.08619, 919.084, -453.105
7.31268, 619.704, -122.931
5.17978, 60.3676, -279.971
5.81447, 772.646, 634.178
5.48362, 880.495, -486.911
6.93363, -507.601, -720.024
6.67999, -645.854, -601.026
6.69339, 249.619, 184.035
6.85642, -158.93, 296.87
2.5002, -773.627, 332.272
4.77274, 273.935, 330.274
4.25696, -920.936, 202.003
5.80713, -252.61, 693.6
6.22234, -887.516, 153.333
3.3821, -161.651, -473.791
7.4621, 801.78, -762.9
5.95466, -918.082, 196.159
6.97862, 149.842, -19.8604
3.51579, 349.68, -94.9208
7.2356, -481.048, -41.0401
4.88476, 851.315, -487.201
6.78578, 916.489, -750.825
6.41237, -901.002, -541.757
5.70687, 899.898, -871.395
3.14521, -708.381, 170.73
5.77944, 8.94028, 664.342
3.09199, 56.5052, -0.448119
3.88793, 304.587, 775.602
6.65548, -239.086, -245.167
6.14153, -744.979, -510.126
6.74348, -602.99, 291.06
3.43989, -769.051, -860.708
6.09602, 555.086, -305.815
4.25586, 143.75, 297.557
3.34555, -420.026, -689.325
4.52383, 336.112, -519.886
4.20924, 163.05, 731.494
6.67141, 344.254, -124.093
3.9111, 699.447, 589.223
5.16766, -633.518, -455.882
6.25085, 937.627, -850.608
4.62554, -665.452, -735.904
4.66964, -524.451, 549.472
3.03022, 843.768, -914.205
6.4639, -42.2102, -458.564
3.91232, -596.992, -463.428
7.14264, -539.724, -238.124
5.37926, 247.053, 509.207
3.4895, 816.327, -297.862
5.99081, 558.572, -733.656
3.07265, 486.251, -900.335
4.22945, 276.38, 748.921
4.15646, -544.854, -235.504
6.42735, 827.463, -929.018
6.65775, 458.787, -212.229
4.21712, -727.768, 746.005
4.2603, -279.96, 895.463
6.38197, 128.387, -766.54
6.58658, 2.4926, 683.3
4.26157, -157.063, 293.028
7.09559, -401.859, -276.063
3.2877, 511.354, 236.099
5.56029, -463.766, 594.709
5.54222, -426.29, 696.253
3.16647, -241.325, -713.031
3.51409, -716.872, -507.779
4.79457, -838.397, 526.453
3.48759, -472.205, 892.702
6.77118, -837.815, 376.145
6.54562, -757.995, -649.262
2.80131, -874.799, 850.646
6.50584, -709.745, 633.172
5.49597, -160.302, -511.405
7.43182, -880.753, 270.761
2.65919, -116.332, 680.182
6.8356, 898.495, -711.315
3.69109, 621.998, 306.382
3.6127, 184.67, 392.964
4.73907, -905.355, -553.231
2.61231, 848.981, -180.358
6.79755, -256.292, 2.72437
4.15902, 221.975, 554.472
5.72195, 316.614, 295.316
7.43521, -908.486, -503.214
5.30162, 285.842, -572.961
4.74553, -757.924, -247.726
5.213, 136.804, -727.753
2.90797, 787.278, -33.9029
3.99606, -785.977, -249.461
6.63964, 778.085, 634.323
6.48936, 610.808, 885.457
5.71048, -119.205, 680.353
4.84105, 618.562, 363.86
7.15326, -199.81, -553.113
5.08798, -245.876, -52.6989
7.42924, 790.734, -485.286
5.94567, -51.8127, -685.132
6.19966, -155.189, -479.761
3.46323, -399.105, -893.392
6.08881, -463.484, 593.764
6.11146, 574.987, -151.21
6.49298, 280.313, 147.405
4.23216, 251.461, -957.483
5.1481, -23.8406, -126.572
3.19001, 727.955, -333.407
6.73218, -241.841, -245.76
6.32766, -42.2255, -848.655
7.5, 883.978, -436.217
4.24891, 475.432, 942.604
5.50367, -577.817, 564.241
3.50808, -491.829, 59.0827
6.2385, 41.7171, 156.12
6.49225, 930.48, 220.254
3.03505, -696.117, 105.651
5.35813, -508.548, 43.2
2.84683, 360.125, -364.31
4.16036, 682.402, 675.994
5.80945, 465.545, -691.914
5.27726, 139.756, -168.874
7.12415, 227.517, -10.1653
2.69832, -463.151, 206.475
2.62083, -289.789, 218.839
4.61923, 228.921, -640.869
4.36987, 455.97, 138.8
2.93303, -243.105, -264.325
3.05403, -153.293, 166.321
5.31992, 351.366, -338.998
7.37269, 7.45836, 714.34
3.05066, -52.574, -835.116
5.99352, 100.328, 934.089
2.79674, -69.9142, -691.128
4.69755, 832.175, -79.4511
5.24651, 959.392, 701.727
3.45129, 672.299, -732.277
7.36597, 338.846, 322.318
3.19593, -667.509, -82.1007
5.48978, 889.217, -454.111
7.12812, -852.381, 701.403
3.91116, -67.6904, 868.548
6.8307, -156.68, -86.7323
6.29598, -194.511, -568.749
6.10793, 333.354, 613.213
3.34241, -340.253, 343.031
3.32882, 773.64, 360.237
3.39076, -643.189, -949.741
5.87226, 317.298, -574.396
4.83484, -316.767, 21.2964
6.85219, -785.159, -355.751
5.76023, -664.684, -107.967
5.80464, 742.073, 846.649
2.58037, -652.109, -567.377
4.30596, -748.223, -683.929
3.72747, 904.056, 92.1151
6.93086, -897.673, -905.021
5.23701, 818.052, 786.205
6.57209, -45.2272, -634.282
5.24453, 170.036, 837.83
4.16156, 492.575, -47.282
4.40213, -2.03239, -648.327
2.52389, 897.028, 628.203
6.95226, -84.1607, -399.619
6.16955, -464.762, 666.012
6.04239, -128.932, 659.572
5.1278, 83.5452, -182.693
6.41065, -168.84, -786.192
3.42484, -408.79, -437.126
5.72673, 270.47, 459.811
3.42178, -648.607, -273.561
3.31214, -6.0676, -122.494
2.65594, -184.058, 836.183
7.42716, 135.704, -674.937
4.04559, -306.824, -682.342
4.11075, -637.728, -291.676
5.51155, 275.602, -210.438
2.89107, -323.35, -893.346
3.93936, 3.61963, 58.5589
5.79307, -149.696, -477.682
7.36348, -924.826, -359.799
7.27758, -361.841, -763.969
7.42745, -657.068, -300.372
7.30478, -876.121, -697.474
3.0073, -518.76, 546.226
3.71505, -153.939, -475.488
6.91151, 113.674, -393.41
5.28805, 338.556, 656.284
6.7669, 785.372, 524.963
7.49145, -531.846, 555.456
3.99751, -209.983, -471.032
6.33157, 943.023, 429.562
4.81901, 293.093, -166.217
6.8168, -650.021, -747.98
6.99018, 839.208, -34.5456
7.377, 252.374, -392.585
2.77405, 615.334, 161.425
6.32605, 903.073, -632.314
5.09219, -907.57, 734.907
3.46574, 938.923, -199.82
6.98252, 226.517, -553.218
6.38492, -831.174, 101.065
2.75968, 398.517, 527.34
7.47331, -808.792, 753.553
5.93659, -65.7973, -430.111
5.94854, 868.229, 494.752
6.57666, -643.953, 810.13
7.05426, -57.0934, -442.462
3.34218, -201.51, 364.614
5.24183, -601.634, 778.742
6.53351, -489.073, -243.421
4.17803, 330.602, -525.119
5.53435, -93.8699, 25.7408
6.59602, -886.451, 342.297
7.3485, 63.6408, -232.935
6.29349, 549.357, 514.072
3.72113, -135.529, -98.7858
5.80589, -570.865, 381.946
4.21574, -469.696, -205.851
7.27146, 361.773, -380.313
2.60828, 787.284, 541.072
4.54979, -881.625, 917.735
2.55789, 567.429, -681.451
3.04964, 849.206, 219.443
5.28259, -808.75, 103.077
4.45466, 7.00256, -253.442
7.20539, 120.398, -183.11
2.55572, 182.842, 370.145
6.22897, -182.411, -464.394
3.84293, 149.994, 119.65
4.27153, -637.79, -757.569
3.45835, -444.538, 635.777
5.14832, 296.634, -138.099
4.39478, -43.2175, -851.19
3.16407, -39.0935, -829.67
4.26563, -175.827, -515.409
4.2497, 776.378, 952.311
7.41084, 635.322, -151.506
5.25961, 148.771, -347.975
4.99918, 41.0489, -719.661
3.58531, -829.25, 410.958
4.37311, -247.472, -609.501
6.78251, -630.134, -461.576
6.45578, 794.486, -517.311
3.9204, -521.378, 877.226
5.07645, 442.858, 126.16
6.79238, -243.404, 37.1594
7.07844, -849.777, -177.583
7.48941, 134.211, 878.016
6.53177, 141.634, -170.991
5.22718, -902.463, -176
7.3461, 131.75, -725.995
5.31931, -577.376, 366.04
4.03031, -448.159, 634.836
5.41853, 888.004, 885.54
2.91197, 66.6137, -273.164
5.47382, 352.59, 595.787
3.31968, -569.908, -576.857
6.46527, -638.282, -433.603
2.95373, 598.112, 688.558
6.3072, -485.282, -680.62
6.83996, -252.773, -9.57084
6.40105, 157.358, -337.784
6.61399, 905.339, 882.6
6.70974, 367.762, 542.714
4.48328, 491.033, 256.732
6.508, -138.05, 168.006
6.56811, 372.609, -38.5213
5.43493, -401.135, 90.7788
4.64621, 767.534, -24.5241
2.5002, -45.4626, -460.255
5.31153, -796.434, 331.326
6.22632, 358.63, 326.076
3.89846, 906.44, 286.302
2.93406, -937.818, 555.75
3.5733, 854.487, -866.967
3.93296, -473.519, 601.02
4.86595, -381.712, 460.716
6.95893, 838.982, 825.239
5.91955, 498.125, -482.235
3.54376, -5.24383, -124.95
6.67533, 772.724, -6.08379
7.09218, 905.142, 911.017
4.48244, -502.501, -673.128
6.37858, 560.956, 529.393
5.68161, -129.824, -106.513
6.64746, 473.262, 244.388
3.40204, 532.195, -472.788
7.45927, 561.254, -720.237
6.70558, -142.978, -807.602
4.65177, 864.812, 247.127
4.38589, 595.443, 852.47
2.70802, 617.663, -494.325
6.80715, -728.097, -503.133
6.62116, 888.286, -882.786
6.25052, 26.2846, 719.665
3.55801, -175.008, 929.834
4.31029, -779.917, -176.198
4.43545, -587.175, -738.954
7.32918, 792.57, 629.026
6.5872, -127.858, 663.177
4.5755, -71.02, 438.429
5.83759, 196.686, 149.862
2.52101, 480.298, 940.698
6.98048, -710.931, 203.439
3.68416, -358.343, 357.975
3.79415, 341.337, -126.134
5.4939, 390.835, -692.685
6.89823, -813.309, 357.193
6.16299, -578.71, -582.683
6.0773, 848.362, 569.085
3.57724, -586.995, 484.053
6.30413, 687.71, -940.19
3.85351, -191.32, -517.409
2.75246, 623.249, 300.891
4.78866, 311.562, 277.024
2.58759, 423.178, -742.816
3.01129, 59.6625, -202.182
2.639, -155.923, 291.31
5.65921, -355.419, -539.771
6.34425, 56.138, -228.347
2.74132, 539.768, -814.269
6.6924, -23.1713, -628.871
6.76899, -242.066, -259.942
6.57649, -492.891, 571.895
6.85188, 788.116, 380.19
5.27222, -615.289, -149.657
6.12646, -249.266, -21.3306
3.20424, -479.98, 885.396
6.6115, 585.341, -510.293
5.51185, 698.288, -185.927
4.93856, 481.101, -886.369
6.14942, -246.776, 863.49
4.05164, 754.744, -656.709
3.93925, -702.986, 332.579
5.45857, -908.843, 751.936
5.34055, 603.888, 832.882
5.41059, -918.992, -558.229
2.84132, -671.548, 291.273
4.34304, 146.516, -345.484
6.28475, -924.706, -560.255
6.35297, -452.257, -849.698
4.27217, -396.545, -280.112
5.98913, 210.048, 896.449
5.08005, -650.283, -291.58
5.94494, 346.669, 147.427
6.18066, -80.6873, 625.836
2.56231, -327.345, -651.561
7.16549, 633.963, -156.321
5.37826, 118.261, 116.61
3.05587, 509.301, 966.133
4.87388, -113.243, 27.7579
3.24247, 220.701, 108.732
4.22594, 55.9306, 432.401
7.04476, -878.111, 159.537
4.54571, 9.24559, 532.747
5.96642, -677.669, -92.0601
3.35865, 367.268, -853.561
6.21715, 858.508, -485.46
4.16319, -432.693, 663.417
4.62157, 635.465, 325.231
2.79523, -181.93, -75.6799
5.09005, 272.024, -216.777
5.94425, 452.419, -566.071
5.01149, -259.799, 10.2498
6.56617, -182.504, -731.233
3.07974, 98.7827, -898.978
5.24841, 281.795, 462.34
5.06046, 351.327, 34.3618
6.02649, 927.794, 443.9
5.65083, -252.805, 878.447
4.0207, -52.7367, -628.708
6.74719, 394.814, 342.426
3.39619, 619.555, -29.7168
2.61737, -501.254, -95.2044
4.19467, 692.818, 41.1749
3.43818, 339.475, -132.5
6.60467, -281.572, 159.91
6.72507, -904.573, -185.813
6.78031, 853.008, -701.221
7.37454, -912.824, 631.234
2.99587, 422.045, -435.365
2.56182, 567.083, 634.255
2.58614, 227.836, 546.897
2.64527, 220.47, 119.075
4.1031, 146.553, -343.2
6.17815, 608.346, 289.636
3.14876, 352.909, 461.886
2.5161, -377.5, 482.94
6.91905, 132.926, -787.159
3.70482, 203.651, -531.255
4.38481, -825.851, 730.958
4.44879, 608.913, 145.936
2.81534, 618.989, 298.912
7.30792, 184.978, 895.033
3.75349, 708.69, -351.595
6.85376, -667.801, -68.7112
2.85991, -886.097, 374.338
2.70653, -593.507, 577.788
3.46378, 316.771, -498.034
3.86708, -298.735, 306.348
7.4007, -941.019, -351.618
3.60607, 333.341, -511.05
6.43119, -864.014, 831.588
4.42306, 265.605, -404.263
3.78593, 458.043, -625.876
3.91087, -898.215, 63.1352
7.33834, 879.999, -52.397
4.22841, 713.89, 150.256
3.45922, -931.857, 726.343
5.05037, -545.21, -369.399
5.21857, -535.143, 608.069
5.72333, -662.146, -570.783
3.89738, 1.3772, 762.938
3.41887, -309.077, -682.301
2.71579, -819.514, 356.513
3.98408, -510.873, -244.187
4.25548, -229.498, 130.7
7.09372, -394.905, 699.289
5.81225, 495.185, -350.865
5.08041, 864.447, 561.949
4.03763, 579.004, 553.485
3.0007, -329.779, 143.158
3.47502, 362.657, -901.039
4.11407, 46.2457, -117.222
5.56182, 898.275, 93.0674
5.13511, 935.651, -951.845
3.45653, 310.219, 246.675
4.7178, -666.003, -472.462
4.48693, -668.907, 807.61
6.28051, -588.994, 746.93
6.6213, 724.648, 603.278
5.51573, 126.229, -384.479
3.04573, 583.971, -786.496
4.11797, 468.316, -165.408
5.03403, 21.8703, 306.73
4.76521, -663.14, 779.346
4.77315, -169.344, -469.48
4.91125, 906.819, 896.449
5.07896, 361.67, -648.273
4.50207, 179.782, 793.516
4.22945, 912.255, 424.833
6.64533, 906.473, -200.407
3.02204, -696.728, -753.741
6.40057, 528.382, 510.646
3.19919, -290.94, -231.813
2.62171, -779.481, -534.381
6.0664, 373.284, -684.588
7.15538, 145.664, -779.741
7.47667, 222.033, 164.808
3.86264, -895.619, 153.386
3.6923, -525.054, -247.307
3.87328, 916.393, 606.999
5.70836, -880.798, -726.253
5.17637, 294.79, 125.76
6.8967, 792.664, -292.978
6.75968, -637.478, -777.201
2.98004, 852.105, -45.6988
4.66818, -725.045, 216.84
3.17045, -164.143, -730.072
5.86802, -195.942, 311.989
5.34964, -35.6985, -442.59
3.66474, -558.017, 564.407
5.50306, 254.07, -659.766
2.6551, -761.141, -13.3239
7.08512, 541.077, -283.503
3.82958, 850.723, -185.479
6.50016, -170.17, -530.835
5.46389, 149.697, -719.481
5.0822, 355.61, 586.206
5.2567, 350.16, 591.898
3.47225, 456.242, -224.939
5.36152, 152.774, -690.231
3.81992, 168.617, 393.515
4.41648, -782.913, 522.483
2.73626, -717.898, -880.355
4.22823, 564.49, -679.318
3.61594, 640.188, -436.779
3.81264, 18.8746, -704.199
3.05141, -407.788, -440.659
7.40088, -676.377, -5.01977
5.93794, 790.467, 632.513
5.82158, -545.531, -364.486
5.99501, -584.331, -665.211
2.68746, -788.128, -737.224
3.6706, -658.314, -752.409
3.95397, 736.667, 678.121
3.50543, 60.4945, -224.272
2.7177, 327.766, 280.947
2.56571, -521.782, 557.967
6.07297, -494.784, 771.574
6.88348, -848.807, -590.269
5.35088, -872.506, 332.558
6.92743, 855.021, 836.235
5.20042, -368.856, -269.753
3.31357, 881.574, -635.316
3.30492, 940.826, 454.954
7.19182, 291.182, 262.95
3.45628, 521.776, -809.093
3.15761, -6.7767, -121.902
4.41122, -238.614, 10.8953
6.12674, 277.239, -203.361
2.50651, 551.17, 842.644
4.60222, 32.2588, 721.454
5.18984, 255.032, -231.264
4.86596, -229.843, 237.172
6.33003, 546.172, 846.54
2.9396, 536.8, -466.503
7.04284, 153.294, 326.38
3.20818, -827.232, -405.784
2.54782, 350.898, -34.4033
2.82267, 246.577, 513.122
4.96742, 373.693, 220.167
5.40914, 513.975, 955.12
4.03373, -915.691, 538.698
4.57091, 845.021, -47.2513
4.33401, -603.554, -647.549
3.42687, 150.124, 646.613
2.76788, 623.685, 147.19
4.47222, 504.2, -59.6701
3.98388, -335.646, -131.443
5.05388, -387.465, 809.316
3.75392, -712.367, 231.874
5.01589, 902.156, 914.008
2.51168, 5.59813, 784.548
7.01807, 934.557, -440.927
2.79181, -922.091, -920.22
5.17506, -617.581, 779.208
3.95754, -385.33, 827.249
7.3023, -792.483, -249.029
4.73406, 349.624, -106.235
5.08479, 849.676, 180.548
5.93861, -293.181, -9.57479
2.72187, -157.991, 57.1928
7.2946, -778.805, 593.146
5.70852, 375.394, 143.873
2.80215, 574.543, -741.283
3.33964, 74.0658, 262.609
5.76491, 480.717, -217.156
6.19864, -773.347, 330.365
3.57011, 844.358, 225.234
4.31441, 135.923, -796.257
6.56981, -643.528, 909.336
5.32057, 807.054, -460.77
7.45886, -52.3615, -837.469
6.5669, -763.231, 364.47
3.49157, -953.787, -17.9599
2.50003, -142.6, -808.912
4.62608, 893.415, -716.683
4.07406, 829.568, 200.786
5.56218, 598.855, -903.421
3.83351, -168.027, -519.925
4.39881, -590.796, -74.061
5.43397, 895.444, 277.867
5.95636, -121.459, -457.64
7.26736, -425.381, -550.143
4.89785, -296.047, -912.821
3.60319, 412.994, -696.086
5.33741, -684.513, -477.892
6.09873, 365.005, 339.968
4.4953, -482.439, 571.753
3.48326, -675.938, 956.726
6.66971, -643.416, -759.212
5.59561, -450.589, -855.462
7.26866, -274.956, 176.123
3.23222, 6.64076, -212.596
5.38953, 15.3357, -442.375
7.26796, -425.407, 698.965
3.62331, 701.758, -957.697
7.25137, -488.227, 784.489
3.07874, 802.468, -516.151
2.58372, 2.75958, -227.121
3.90465, -333.48, -162.304
7.15042, 628.678, 135.33
3.04796, 763.265, 855.509
6.77266, 3.22626, 755.578
5.68532, -702.182, -716.344
5.63853, 392.438, -691.595
3.80589, 720.226, 678.138
5.13936, -912.671, 210.723
7.16608, -255.45, 855.289
3.98055, 891.423, 112.23
4.78006, 188.681, 394.565
6.35659, -643.665, -590.621
4.17193, 157.989, 116.25
6.31775, -51.7264, -830.154
6.65892, -18.4967, 907.547
2.64618, -722.253, 559.913
4.31315, 697.759, -258.809
4.16221, 265.463, 485.169
3.17675, -470.633, -236.979
3.00839, -293.253, 616.596
5.11327, -583.212, 786.585
3.52046, 33.0835, -507.396
5.00728, -843.419, -591.719
5.1371, -25.5386, 930.297
4.13422, -258.469, -289.919
4.75888, 239.913, -408.18
6.85263, -38.6618, 915.355
4.72884, 608.699, 834.905
6.03726, -450.526, -846.029
6.83171, 877.871, -692.932
6.5822, 811.905, 192.856
2.67504, 827.104, 825.746
3.8644, -624.952, -252.319
5.21858, -413.55, -421.353
3.19942, -924.659, -559.445
5.57408, -745.529, -872.39
3.29182, -629.006, -633.564
4.41129, 107.915, 215.308
5.94997, -98.205, 182.413
3.21128, -400.702, 476.176
5.65284, -783.122, 756.118
3.15973, 161.724, 912.468
7.13583, -716.348, 211.128
5.53465, -917.219, 781.049
5.50388, -888.263, 363.002
3.33635, 592.258, -507.462
3.301, -830.725, -402.954
5.91628, 594.389, -22.5802
5.1456, -691.444, -5.04449
3.65264, -119.997, 741.403
6.55373, -481.345, -58.8498
5.76477, -413.559, -545.119
4.08597, -597.727, -584.999
2.53953, -251.225, -790.984
3.49176, 717.135, 688.016
3.78831, 7.34259, 373.612
3.03825, 853.419, 42.5514
3.49545, 103.939, -414.008
6.75079, 798.712, -771.531
6.63912, -892.274, 196.84
6.76813, -898.711, -560.09
5.71027, 300.743, 768.249
3.6787, 711.408, -956.277
6.80638, -503.412, -774.107
5.4745, 7.50643, -119.57
2.52745, 519.222, -59.4566
6.84925, -628.113, -455.291
7.37729, 619.301, 128.542
5.59653, 359.623, 23.8054
3.85574, -894.51, 339.223
7.46973, -188.956, -582.224
4.60751, -684.684, -504.947
4.20537, -781.651, -602.089
4.80717, 331.445, -99.3506
4.44822, 250.729, -414.471
4.613, -24.4322, 509.779
2.84879, 128.694, 305.699
5.5153, -23.4792, -120.015
7.36114, -50.6315, 212.175
5.07406, -710.955, -498.283
7.45461, 913.415, -129.476
5.84906, 587.191, -124.899
4.01716, -599.517, 59.4629
3.47371, 835.034, 584.864
4.0109, -733.484, -883.76
4.93946, -344.235, 452.266
4.72438, 507.555, 941.005
5.7844, 337.723, -894.719
3.74227, -746.527, -681.599
4.72007, 49.0116, 543.183
5.75894, -692.672, -5.22683
6.67472, -717.749, 245.791
6.03698, 186.067, 805.112
4.93928, -841.298, -629.014
6.72039, 389.888, -217.638
7.00296, -510.912, -216.706
6.33082, -666.037, -488.052
5.29453, 643.987, 881.751
2.70603, -5.98008, 77.413
5.46749, 552.718, 75.0943
2.68674, -634.907, 797.168
4.53488, 76.1091, 424.386
2.84243, -941.502, -864.853
7.38558, -755.253, -893.255
2.5956, -492.707, -249.958
6.60363, -168.952, -264.706
5.2195, -386.676, 822.438
5.72828, 753.627, -342.285
3.62934, -270.976, 5.19995
2.733, 872.227, -706.606
3.63154, 205.102, -543.558
4.58371, -634.62, 129.923
6.40126, 256.172, -614.575
3.72852, -895.925, 355.944
4.81411, 623.697, 142.109
6.14756, 928.961, 286.232
5.35237, -337.35, 795.125
5.45997, 914.984, 896.077
4.98425, -869.455, 270.635
3.951, 452.795, 157.684
4.71107, -4.54451, -214.037
2.53669, 833.734, -405.07
7.41683, 486.196, -347.671
2.52822, -758.988, -196.16
4.8676, -105.281, 731.785
5.86497, -329.816, -133.707
