6.27803, -608.829, -455.211
3.5948, 163.76, -175.653
5.89648, 339.499, -570.64
5.09708, -224.518, 647.655
2.76731, -725.603, 635.085
2.53849, 245.148, -39.7439
4.58743, -592.587, -218.118
7.15218, 244.53, 324.563
2.95982, 70.947, 477.262
6.00595, -166.697, 173.986
3.81226, 552.009, 659.36
4.14117, 419.313, -623.602
7.45519, 289.702, 178.76
7.41275, -533.268, -236.469
5.75759, 253.706, 341.699
6.92354, 214.209, -588.948
6.33247, -111.85, -362.907
3.87453, -554.844, -116.541
4.93259, -470.05, -191.463
2.80282, 722.47, 772.214
5.08146, -71.9075, 587.358
4.96988, 665.794, -448.679
7.23882, -601.708, -486.752
4.42071, -30.0719, -568.127
5.14874, 701.792, -415.821
2.75042, 671.888, 13.6461
6.63909, 400.439, 406.174
5.94228, -586.063, -517.093
6.18112, 209.513, 625.736
6.94286, 698.684, 447.782
4.25508, -291.259, -439.365
6.72991, 269.128, 25.4252
3.84659, 467.004, -77.1897
4.83959, 28.471, -182.071
3.2686, -624.118, -546.216
2.66527, 483.855, 126.889
7.2768, 78.7508, 57.2406
6.95369, 175.569, 341.865
3.29884, 478.823, 107.044
3.15214, 332.093, -519.023
2.515, -450.113, -648.455
6.0491, -592.951, -193.497
3.40448, -409.15, 605.767
5.76029, 623.378, -278.779
4.42907, 326.244, -580.649
3.23766, 71.6738, -212.019
5.45054, 514.599, 4.81676
3.24076, 87.2452, 634.292
3.2091, -140.633, 634.145
4.94257, -374.821, -16.3436
3.13015, 652.8, -64.317
5.64635, -256.539, -429.75
5.60817, 265.44, -426.799
4.88216, -456.954, 589.255
2.64188, -377.859, -133.961
3.21011, 106.896, 581.106
3.15594, -186.33, 687.122
3.31099, -724.277, 606.774
3.76529, -138.651, -534.837
4.77654, 401.457, -634.267
6.54472, -8.94038, -193.229
3.57624, 214.543, 612.282
3.75063, 609.343, 332.552
5.02978, -30.625, 630.599
6.27922, 471.441, 103.537
5.66369, 621.096, -48.2648
5.9449, 494.602, -69.659
7.27207, 675.585, 440.942
5.18713, -439.248, 552.732
4.57014, -524.622, -128.362
4.70019, 422.967, 121.416
6.07821, 572.205, 404.195
6.20858, 244.117, 316.697
5.12494, 692.999, -735.921
6.06711, -570.925, -180.134
5.91025, 264.519, 22.6366
6.82941, 701.358, -412.886
3.19597, -110.673, 574.695
3.57766, 697.38, -128.431
5.0733, -228.932, -188.956
4.83766, 78.4811, 511.442
3.55759, -235.694, 598.916
5.65244, -563.478, 710.437
2.5044, -670.747, 257.365
4.09589, 281.5, 391.236
5.90281, 301.775, 24.927
6.0446, 501.077, -420.549
2.90869, -686.778, 508.023
3.56926, 319.631, 377.81
4.44412, -596.947, -592.335
4.44927, 689.215, 700.713
3.92018, 247.208, -443.837
4.6123, 446.023, 399.33
2.55658, -607.566, -511.814
3.72027, 767.496, -655.793
4.49072, -651.339, 516.256
6.64177, -708.103, 234.15
3.78584, 763.62, -695.048
3.59705, -638.569, -537.986
6.47385, 287.195, 359.216
5.8476, 306.015, 317.557
5.49108, -627.453, 245.558
5.99917, -264.935, -418.838
5.13062, 437.178, -625.898
4.14833, 320.966, 142.232
3.30844, -815.978, 215.199
6.56633, 486.151, -44.8909
4.08004, 217.586, 143.102
4.05369, -54.3866, -519.273
4.65424, 3.4064, 33.3481
4.46509, -153.785, -567.485
4.43916, -2.83522, -174.645
4.34871, -501.978, -423.501
5.88118, 241.491, -448.879
6.10384, 222.945, 5.28065
7.20082, 0.987348, 630.339
5.08573, -213.618, -404.273
5.5282, -146.212, 200.883
5.85049, -563.557, 714.794
5.11404, 83.3739, -140.193
3.87105, -665.49, 561.197
7.08924, 249.244, 302.397
3.73367, 704.907, -445.926
4.77876, 252.753, 323.557
3.30374, -701.726, 613.009
4.68319, 161.448, 252.794
7.45767, 277.872, 139.457
6.26931, -318.553, 388.773
4.97846, -569.698, -494.408
7.01651, -625.886, -456.771
4.68213, 424.915, 414.077
5.09239, 96.2201, -557.232
4.44866, 153.696, -526.682
5.63431, -172.669, -320.335
5.19331, 290.896, 121.537
4.35955, 457.381, -429.905
2.54674, -240.898, 248.024
6.3794, 24.7328, -563.612
2.85317, -562.881, -533.479
3.98511, 320.853, -570.51
4.78581, -39.2149, -555.415
3.25156, -91.897, -46.2286
5.97819, 488.503, -386.809
4.15587, 281.315, 139.495
5.21197, 748.371, -691.525
2.64678, 639.491, -779.637
5.38086, 95.7055, -141.755
5.18133, 236.45, 281.305
7.36678, -618.955, -586.187
5.57063, -237.787, -430.447
5.26431, -689.495, 212.796
6.69051, -213.6, 660.671
3.75764, -474.925, 580.601
6.98957, 463.614, -69.9127
5.97428, 475.669, -392.089
5.82752, -418.364, -126.814
3.06838, -647.324, -522.677
3.37987, -626.964, 243.018
2.91253, -80.59, 100.953
6.68103, -91.5654, 259.175
2.64818, 675.458, -692.12
6.34719, -13.4249, -555.073
4.29829, -421.303, 576.661
6.24626, 62.2678, 471.233
6.28385, 298.317, 67.0516
3.60834, -433.408, -614.369
5.58305, 329.521, 110.286
3.66846, -335.257, -139.574
6.22052, -725.059, 240.08
5.80997, -575.971, -509.732
4.9209, 728.471, -649.596
2.58972, 659.773, 73.1891
4.98291, 250.411, 119.705
5.09587, 113.741, -558.619
4.71395, -669.672, 337.212
4.14528, -47.3675, 636.662
3.52671, 366.629, -74.571
7.19863, -132.495, -410.845
2.85168, -491.42, 633.216
3.30042, 35.6445, -581.474
6.70788, -540.34, -101.563
4.13614, -223.082, -168.54
6.85942, 211.722, 287.768
5.99896, 569.749, 517.58
5.52801, 643.78, -118.687
4.77536, 90.7277, -187.923
2.91543, -410.093, -225.997
3.94883, 36.2471, -107.307
6.51009, -637.176, -441.107
6.81821, 250.294, 3.87729
3.81831, 280.222, -476.473
4.79881, -611.797, -162.106
4.95672, 464.784, -403.625
5.82344, -445.675, -608.276
7.31738, -479.128, -241.445
7.23022, 444.104, -634.1
2.81902, 261.847, -469.192
5.04829, -450.293, -234.994
6.13222, 697.947, 411.098
5.65882, 379.857, -178.285
3.26658, -749.65, -737.962
5.09652, -664.257, 339.966
3.52281, -384.867, 524.618
6.03231, 389.271, -638.912
6.05786, -373.316, -152.146
3.66304, -315.49, -156.979
6.80594, 127.278, -267.949
2.67122, -0.941563, 629.257
6.26587, -643.332, 229.088
4.14789, 475.416, 126.596
4.65309, -110.574, -351.634
7.33455, 625.571, -77.7529
4.05803, 601.785, 515.171
5.69762, 682.14, -516.466
5.95386, 640.171, -61.0052
5.36403, 18.7459, 536.877
6.60667, 724.125, -601.804
4.21807, -560.645, -508.549
5.09387, -600.691, -476.924
6.78438, 86.2172, -626.136
6.18587, 267.236, 80.4819
3.45992, -665.929, 127.552
2.83145, -295.228, 281.635
3.60828, 728.054, -631.088
3.33656, -17.3736, -113.399
6.31172, 328.871, -572.477
5.44905, -661.096, 170.49
4.65223, 762.257, 729.086
7.09618, 536.663, 7.01262
5.09668, 301.055, 157.654
7.38058, -569.373, -38.1148
5.15714, -372.376, 3.51997
2.98716, 336.834, 102.812
5.83983, 282.525, 126.281
5.44444, 290.394, -1.92556
5.01137, -517.927, -146.253
2.75808, -649.787, 149.053
2.6753, -104.838, -222.955
4.41484, -623.417, -547.557
5.55555, 338.424, 110.381
5.06574, 595.969, 685.476
5.98498, 234.298, 53.5377
4.89891, -18.536, -95.3255
3.88323, 116.216, 390.212
6.01685, -368.008, 74.5093
3.67701, 673.088, -56.9957
6.41501, -45.2076, -161.202
6.60589, 196.66, 568.64
3.21842, -416.685, -67.4741
5.75757, -413.939, 573.074
3.87677, 827.083, -650.141
7.26215, -430.852, 565.597
4.58238, -539.322, -78.9542
3.03869, -134.558, 177.126
4.70633, -700.458, 484.522
6.28811, -393.276, -177.939
2.77803, -425.13, -189.252
3.51241, -8.68103, 38.2533
6.82305, 744.634, -630.352
6.52456, -163.057, -79.6244
2.78861, -589.878, -547.135
4.40304, -81.8279, -546.749
4.56124, 32.0434, 570.93
2.80071, -206.447, 251.26
7.09746, 578.322, 528.385
3.35398, 563.129, 655.614
6.51634, -641.474, 215.209
3.88599, 542.404, -0.911687
4.44586, 124.351, 683.874
7.19936, 9.91557, 637.058
6.24573, 21.215, -174.2
3.44774, -448.542, 577.984
6.89581, 242.44, 346.966
6.8953, 324.542, -644.031
3.30515, -614.408, -230.909
5.87346, -538.707, -195.875
6.89096, 422.062, 111.273
6.98262, 308.077, 388.859
3.06535, -85.8858, 569.013
5.93789, -197.01, -251.926
3.21651, -541.983, -458.886
3.6901, 225.024, 48.0547
5.64383, 654.565, -111.601
4.312, 609.756, 331.032
4.64437, 693.197, 479
4.91936, -28.8056, -568.261
6.20379, 63.4901, -174.615
3.23098, -485.607, 507.918
7.36238, -545.446, -500.244
7.3158, -521.656, -243.931
3.14741, -319.177, 635.449
5.3784, -130.847, -395.224
4.66439, 69.2324, -176.641
5.50066, -236.283, -186.211
5.85098, -540.425, -134.864
4.5137, 441.876, 746.659
6.46691, 658.982, 488.806
4.89889, -572.439, -184.837
5.72449, 293.08, 114.285
4.28836, -232.875, 619.241
5.96794, -189.979, -227.569
5.83428, -436.34, -530.121
3.22071, -471.138, 580.325
7.10415, -666.168, 236.56
4.22228, -13.1574, -183.163
6.66824, -265.473, -453.819
2.74349, 310.605, -499.928
3.27936, -261.402, -118.945
2.55765, 285.567, 385.043
3.94327, 18.7186, 532.07
5.07295, -261.228, -181.382
3.65948, 606.027, 428.258
2.75022, -222.042, -36.1192
5.33091, -583.112, -476.373
6.69774, 41.5424, 606.552
4.28763, -598.657, -546.909
4.3452, 139.047, 677.174
7.22226, 227.209, 37.1388
4.72425, -548.243, -197.418
6.82086, 283.42, 225.53
5.82654, -555.452, -463.452
5.79297, 110.234, 533.369
7.10736, -791.664, 755.063
5.11536, 749.322, -677.501
5.45229, 343.642, -417.294
5.79944, 633.565, 550.845
4.24765, 275.828, 390.273
4.11714, 250.631, 5.45626
7.08984, -9.77008, 613.316
3.08619, 634.421, -544.986
7.31268, 503.939, -42.0759
5.17978, 82.5219, -207.654
5.81447, 638.823, 490.814
5.48362, 675.024, -463.073
6.93363, -534.451, -565.881
6.67999, -616.148, -495.886
6.69339, 327.014, 118.296
6.85642, -137.205, 204.534
2.5002, -676.199, 192.393
4.77274, 370.093, 156.263
4.25696, -648.198, 214.679
5.80713, -213.837, 587.17
6.22234, -672.795, 236.176
3.3821, -87.7532, -419.157
7.4621, 718.246, -627.938
5.95466, -636.593, 216.83
6.97862, 319.55, 64.9178
3.51579, 309.829, 98.354
7.2356, -420.067, -233.836
4.88476, 711.133, -449.458
6.78578, 691.604, -558.987
6.41237, -561.923, -504.634
5.70687, 761.742, -634.931
3.14521, -716.015, 190.222
5.77944, -95.5792, 601.996
3.09199, 79.127, -98.2003
3.88793, 200.267, 633.854
6.65548, -236.779, -189.621
6.14153, -608.102, -507.448
6.74348, -733.159, 180.197
3.43989, -623.491, -584.144
6.09602, 417.24, -285.832
4.25586, 287.916, 242.83
3.34555, -461.519, -528.875
4.52383, 138.023, -570.197
4.20924, 148.719, 652.672
6.67141, 299.294, 24.3133
3.9111, 636.188, 513.344
5.16766, -621.975, -533.585
6.25085, 753.013, -693.845
4.62554, -632.938, -471.023
4.66964, -431.323, 620.114
3.03022, 729.805, -791.236
6.4639, -145.483, -419.098
3.91232, -578.263, -555.341
7.14264, -310.004, -164.302
5.37926, 315.46, 383.737
3.4895, 629.195, -285.358
5.99081, 313.856, -567.852
3.07265, 339.498, -555.561
4.22945, 216.709, 609.987
4.15646, -514.565, -238.534
6.42735, 719.132, -627.81
6.65775, 374.8, -98.5507
4.21712, -668.56, 631.756
4.2603, -225.552, 642.654
6.38197, 14.5339, -581.258
6.58658, -63.7755, 585.474
4.26157, -240.513, 154.653
7.09559, -406.682, -195.057
3.2877, 279.215, 99.6548
5.56029, -470.041, 560.172
5.54222, -471.132, 581.511
3.16647, -146.872, -490.984
3.51409, -640.108, -554.307
4.79457, -635.769, 562.104
3.48759, -426.926, 562.278
6.77118, -639.731, 227.49
6.54562, -506.027, -468.195
2.80131, -659.185, 588.791
6.50584, -645.863, 529.899
5.49597, -125.637, -379.358
7.43182, -661.397, 218.002
2.65919, 14.612, 589.273
6.8356, 743.686, -632.351
3.69109, 480.096, 224.264
3.6127, 235.675, 281.968
4.73907, -562.194, -510.21
2.61231, 719.177, 17.3814
6.79755, -221.73, -39.8695
4.15902, 309.261, 311.966
5.72195, 265.109, 191.307
7.43521, -582.118, -470.015
5.30162, 258.993, -477.919
4.74553, -573.082, -157.443
5.213, 4.11077, -584.894
2.90797, 598.538, -133.616
3.99606, -610.701, -231.91
6.63964, 632.237, 532.949
6.48936, 440.556, 745.497
5.71048, -10.9872, 662.449
4.84105, 451.223, 173.263
7.15326, -93.6709, -419.622
5.08798, -225.031, -34.6203
7.42924, 699.079, -394.829
5.94567, 0.651301, -576.856
6.19966, -106.943, -367.022
3.46323, -451.629, -618.985
6.08881, -409.146, 606.634
6.11146, 506.026, -100.8
6.49298, 305.958, 109.474
4.23216, 227.932, -690.705
5.1481, 51.8061, -188.006
3.19001, 577.039, -192.172
6.73218, -230.051, -182.497
6.32766, 20.586, -510.296
7.5, 640.955, -535.023
4.24891, 485.758, 724.264
5.50367, -426.481, 696.212
3.50808, -392.921, -23.2261
6.2385, 72.3692, 53.0848
6.49225, 670.006, 161.728
3.03505, -663.489, 157.702
5.35813, -375.026, -30.4876
2.84683, 253.988, -275.422
4.16036, 718.312, 537.042
5.80945, 344.956, -578.885
5.27726, -13.4319, -167.895
7.12415, 272.08, -4.50212
2.69832, -377.821, -24.2862
2.62083, -204.979, 72.6749
4.61923, 275.671, -447.374
4.36987, 230.763, 69.2498
2.93303, -221.883, -165.554
3.05403, -52.9, 131.178
5.31992, 277.372, -377.568
7.37269, -73.8019, 611.914
3.05066, -7.03367, -560.395
5.99352, 127.145, 582.401
2.79674, -31.3502, -570.095
4.69755, 649.974, -61.9639
5.24651, 730.933, 617.573
3.45129, 531.708, -608.2
7.36597, 267.468, 175.215
3.19593, -548.819, -98.3046
5.48978, 703.034, -446.282
7.12812, -708.116, 617.704
3.91116, 1.63918, 634.366
6.8307, -121.85, -129.526
6.29598, -40.7473, -346.251
6.10793, 265.692, 317.083
3.34241, -241.264, 250.745
3.32882, 693.646, 323.053
3.39076, -625.102, -640.152
5.87226, 302.809, -455.599
4.83484, -95.0348, -222.333
6.85219, -595.714, -379.568
5.76023, -525.27, -129.942
5.80464, 782.83, 730.801
2.58037, -594.636, -491.412
4.30596, -517.77, -502.397
3.72747, 627.224, 108.933
6.93086, -738.044, -702.197
5.23701, 718.203, 764.65
6.57209, 17.1799, -582.695
5.24453, 131.146, 593.827
4.16156, 386.349, -29.6057
4.40213, -46.077, -582.231
2.52389, 600.042, 543.472
6.95226, -163.002, -408.122
6.16955, -418.663, 592.978
6.04239, 13.1978, 603.122
5.1278, 45.8676, -165.076
6.41065, -4.0127, -545.542
3.42484, -360.155, -387.194
5.72673, 231.502, 333.406
3.42178, -413.226, -203.965
3.31214, 81.5509, -221.902
2.65594, -224.181, 627.933
7.42716, 24.4061, -575.145
4.04559, -255.194, -407.189
4.11075, -400.752, -223.377
5.51155, 207.22, -43.8727
2.89107, -271.811, -653.903
3.93936, 69.8183, 37.0738
5.79307, -150.681, -400.11
7.36348, -645.9, -357.358
7.27758, -366.433, -546.905
7.42745, -503.089, -217.15
7.30478, -535.166, -551.987
3.0073, -396.901, 614.985
3.71505, -102.58, -366.315
6.91151, 67.951, -135.628
5.28805, 266.423, 392.968
6.7669, 565.214, 527.265
7.49145, -441.573, 579.59
3.99751, -146.35, -561.103
6.33157, 694.277, 453.869
4.81901, 218.077, -45.7632
6.8168, -605.495, -459.672
6.99018, 621.612, -56.0571
7.377, 182.329, -326.206
2.77405, 413.657, 121.91
6.32605, 724.214, -709.495
5.09219, -686.555, 586.978
3.46574, 635.443, -137.626
6.98252, 279.365, -523.935
6.38492, -675.232, 243.858
2.75968, 320.252, 427.444
7.47331, -735.02, 650.018
5.93659, -185.582, -442.862
5.94854, 700.916, 431.526
6.57666, -374.28, 590.369
7.05426, -172.742, -408.206
3.34218, -135.564, 201.426
5.24183, -381.122, 615.406
6.53351, -332.36, -148.84
4.17803, 243.757, -441.256
5.53435, -96.3932, -45.7509
6.59602, -609.474, 152.768
7.3485, 83.2276, -201.142
6.29349, 597.274, 457.452
3.72113, -119.661, -127.245
5.80589, -572.517, 287.547
4.21574, -520.058, -244.801
7.27146, 263.519, -309.082
2.60828, 545.198, 601.754
4.54979, -788.829, 777.292
2.55789, 448.925, -571.705
3.04964, 628.902, 243.824
5.28259, -652.365, 256.792
4.45466, 33.5104, -145.301
7.20539, -17.7164, -178.286
2.55572, 222.478, 346.114
6.22897, -81.0446, -353.351
3.84293, 284.207, 49.5966
4.27153, -636.025, -461.191
3.45835, -311.128, 668.091
5.14832, 217.016, 164.416
4.39478, -37.4258, -542.566
3.16407, -92.0194, -555.627
4.26563, -145.585, -397.238
4.2497, 748.677, 681.726
7.41084, 461.494, -51.6265
5.25961, 30.9701, -140.628
4.99918, 22.0582, -567.897
3.58531, -677.936, 207.58
4.37311, -73.2072, -364.85
6.78251, -605.739, -557.254
6.45578, 719.96, -381.327
3.9204, -491.295, 635.548
5.07645, 250.747, 238.286
6.79238, -222.937, -75.906
7.07844, -556.475, -281.484
7.48941, 81.7619, 616.372
6.53177, -12.9752, -182.848
5.22718, -609.137, -223.988
7.3461, -9.48146, -565.977
5.31931, -544.795, 317.395
4.03031, -450.889, 609.943
5.41853, 707.574, 688.682
2.91197, 73.0843, -227.506
5.47382, 264.226, 348.453
3.31968, -579.586, -514.75
6.46527, -588.288, -543.73
2.95373, 675.678, 508.219
6.3072, -531.403, -571.527
6.83996, -170.277, -38.1379
6.40105, 44.6649, -373.239
6.61399, 654.239, 659.098
6.70974, 243.109, 399.235
4.48328, 167.012, 87.4984
6.508, -80.9327, 101.904
6.56811, 250.511, 21.0988
5.43493, -367.223, -1.25489
4.64621, 606.158, -49.3907
2.5002, -150.978, -377.086
5.31153, -667.023, 200.374
6.22632, 283.422, 141.092
3.89846, 674.193, 200.76
2.93406, -656.265, 514.577
3.5733, 717.029, -619.593
3.93296, -487.956, 654.816
4.86595, -392.011, 432.699
6.95893, 691.861, 702.326
5.91955, 420.29, -394.455
3.54376, 81.2075, -215.872
6.67533, 697.478, -98.562
7.09218, 740.733, 743.124
4.48244, -558.256, -582.197
6.37858, 406.117, 399.361
5.68161, -39.7551, -88.3918
6.64746, 299.745, 153.939
3.40204, 501.149, -408.095
7.45927, 444.528, -600.319
6.70558, 10.176, -553.349
4.65177, 659.793, 222.472
4.38589, 467.363, 754.679
2.70802, 396.338, -390.433
6.80715, -535.707, -446.207
6.62116, 741.729, -679.558
6.25052, -107.94, 595.883
3.55801, -236.232, 681.232
4.31029, -628.665, -172.754
4.43545, -627.916, -481.783
7.32918, 620.812, 535.668
6.5872, -0.848157, 594.733
4.5755, 14.1814, 373.136
5.83759, 345.298, 101.141
2.52101, 486.474, 737.149
6.98048, -708.686, 237.225
3.68416, -239.677, 246.631
3.79415, 242.98, -233.224
5.4939, 336.631, -564.46
6.89823, -684.545, 173.873
6.16299, -661.165, -528.602
6.0773, 617.834, 511.194
3.57724, -402.212, 592.556
6.30413, 684.337, -753.728
3.85351, -149.304, -390.614
2.75246, 422.199, 128.707
4.78866, 279.331, 116.003
2.58759, 438.894, -543.239
3.01129, 69.5949, -180.059
2.639, -240.734, 151.443
5.65921, -248.535, -422.461
6.34425, 99.6474, -171.644
2.74132, 462.78, -545.993
6.6924, -51.0232, -597.81
6.76899, -215.86, -180.821
6.57649, -437.686, 556.679
6.85188, 683.257, 338.771
5.27222, -484.242, -237.882
6.12646, -199.887, -44.229
3.20424, -473.878, 585.815
6.6115, 409.771, -398.405
5.51185, 419.773, -63.1602
4.93856, 421.101, -630.242
6.14942, -138.746, 614.573
4.05164, 779.16, -663.397
3.93925, -613.297, 200.257
5.45857, -727.702, 615.522
5.34055, 517.586, 617.022
5.41059, -523.1, -536.124
2.84132, -769.403, 208.448
4.34304, 33.278, -141.015
6.28475, -588.022, -474.861
6.35297, -435.379, -630.88
4.27217, -418.815, -209.629
5.98913, 55.9916, 602.425
5.08005, -507.313, -213.973
5.94494, 257.712, 121.478
6.18066, -15.0991, 661.867
2.56231, -286.272, -421.606
7.16549, 451.791, -52.2332
5.37826, 349.075, 95.7252
3.05587, 495.674, 665.501
4.87388, -116.847, -65.9405
3.24247, 411.667, 189.593
4.22594, 268.927, 297.418
7.04476, -626.938, 249.339
4.54571, 69.9834, 463.052
5.96642, -600.733, -126.124
3.35865, 367.324, -543.331
6.21715, 678.359, -452.629
4.16319, -413.414, 639.728
4.62157, 432.193, 191.089
2.79523, -255.745, -51.7414
5.09005, 232.891, -58.2833
5.94425, 293.307, -451.038
5.01149, -221.696, -35.8933
6.56617, -97.9938, -570.141
3.07974, 101.621, -613.447
5.24841, 265.454, 384.891
5.06046, 243.673, 15.0095
6.02649, 709.864, 449.994
5.65083, -218.547, 660.776
4.0207, 18.8472, -553.23
6.74719, 288.616, 138.571
3.39619, 538.183, 35.5608
2.61737, -408.604, -108.128
4.19467, 475.222, -28.8649
3.43818, 299.046, 25.0894
6.60467, -199.086, 55.2859
6.72507, -569.948, -185.067
6.78031, 732.432, -633.02
7.37454, -697.755, 610.4
2.99587, 315.414, -428.493
2.56182, 627.274, 514.206
2.58614, 305.352, 313.228
2.64527, 306.054, 91.3398
4.1031, 29.2624, -136.612
6.17815, 494.388, 218.327
3.14876, 229.472, 294.966
2.5161, -328.607, 347.47
6.91905, -8.56522, -563.189
3.70482, 282.527, -522.563
4.38481, -714.166, 606.843
4.44879, 418.955, 151.001
2.81534, 476.953, 189.091
7.30792, 164.295, 582.323
3.75349, 679.446, -277.867
6.85376, -541.498, -114.159
2.85991, -674.238, 184.105
2.70653, -401.789, 495.315
3.46378, 266, -458.011
3.86708, -245.364, 300.027
7.4007, -654.768, -345.815
3.60607, 301.039, -461.833
6.43119, -715.995, 570.805
4.42306, 188.485, -311.41
3.78593, 319.459, -554.221
3.91087, -623.388, 229.907
7.33834, 540.409, -12.0333
4.22841, 390.94, 112.257
3.45922, -618.489, 515.424
5.05037, -521.672, -189.899
5.21857, -417.406, 659.335
5.72333, -615.1, -545.463
3.89738, -81.4828, 579.581
3.41887, -282.196, -429.802
2.71579, -676.886, 183.834
3.98408, -494.687, -230.414
4.25548, -181.03, 119.553
7.09372, -472.055, 518.653
5.81225, 432.9, -248.842
5.08041, 616.068, 541.881
4.03763, 382.21, 391.53
3.0007, -138.152, 98.8424
3.47502, 295.378, -629.42
4.11407, 144.957, -152.918
5.56182, 637.15, 110.158
5.13511, 726.001, -667.453
3.45653, 332.405, 236.49
4.7178, -600.954, -551.013
4.48693, -394.114, 590.094
6.28051, -561.513, 648.422
6.6213, 608.019, 536.041
5.51573, -1.93729, -282.451
3.04573, 297.377, -567.548
4.11797, 338.181, -159.742
5.03403, 140.101, 241.211
4.76521, -397.452, 586.162
4.77315, -103.733, -397.219
4.91125, 742.309, 720.338
5.07896, 352.748, -537.072
4.50207, 94.3762, 638.275
4.22945, 564.533, 320.916
6.64533, 657.921, -110.954
3.02204, -623.076, -487.971
6.40057, 377.558, 401.015
3.19919, -232.384, -208.039
2.62171, -625.975, -557.552
6.0664, 343.238, -560.328
7.15538, 50.3174, -572.251
7.47667, 297.739, 120.923
3.86264, -676.351, 268.755
3.6923, -430.141, -218.248
3.87328, 546.131, 518.144
5.70836, -626.706, -517.256
5.17637, 277.886, 89.5992
6.8967, 632.766, -319.73
6.75968, -629.378, -468.104
2.98004, 526.236, 16.7154
4.66818, -711.388, 243.255
3.17045, 36.9634, -507.835
5.86802, -132.622, 193.855
5.34964, -116.381, -381.508
3.66474, -433.555, 686.803
5.50306, 266.56, -472.294
2.6551, -453.204, -80.47
7.08512, 379.084, -249.571
3.82958, 687.234, -137.095
6.50016, -162.279, -404.796
5.46389, -8.4308, -548.644
5.0822, 262.616, 345.531
5.2567, 281.385, 338.555
3.47225, 381.131, -160.525
5.36152, 87.1052, -685.597
3.81992, 247.522, 295.484
4.41648, -697.805, 472.588
2.73626, -576.358, -545.175
4.22823, 446.516, -570.886
3.61594, 486.053, -373.462
3.81264, -96.7179, -546.324
3.05141, -340.81, -461.445
7.40088, -563.348, -100.333
5.93794, 644.757, 488.178
5.82158, -522.626, -184.529
5.99501, -611.828, -498.593
2.68746, -554.039, -504.632
3.6706, -641.475, -459.353
3.95397, 639.419, 530.37
3.50543, 94.0945, -128.973
2.7177, 305.61, 88.9542
2.56571, -336.929, 653.703
6.07297, -437.77, 562.831
6.88348, -563.525, -496.674
5.35088, -641.525, 349.652
6.92743, 754.238, 722.343
5.20042, -427.132, -206.739
3.31357, 779.882, -723.865
3.30492, 795.991, 429.581
7.19182, 276.02, 169.716
3.45628, 514.525, -609.672
3.15761, 85.364, -174.589
4.41122, -174.117, -83.6393
6.12674, 220.286, -45.7935
2.50651, 594.287, 686.052
4.60222, -21.1591, 638.976
5.18984, 211.579, -1.71354
4.86596, -158.752, 227.425
6.33003, 592.362, 686.192
2.9396, 503.584, -410.49
7.04284, 243.437, 239.607
3.20818, -632.933, -584.129
2.54782, 257.181, 17.2714
2.82267, 359.959, 328.015
4.96742, 297.158, 85.3444
5.40914, 482.53, 715.787
4.03373, -639.629, 507.009
4.57091, 658.047, -60.2213
4.33401, -619.811, -556.97
3.42687, 92.8685, 530.258
2.76788, 471.331, 110.583
4.47222, 394.796, -63.4782
3.98388, -286.544, -214.434
5.05388, -436.56, 581.769
3.75392, -688.575, 214.678
5.01589, 755.916, 720.742
2.51168, -121.34, 608.795
7.01807, 768.245, -376.078
2.79181, -746.809, -702.838
5.17506, -379.787, 588.25
3.95754, -408.332, 589.081
7.3023, -595.823, -215.835
4.73406, 254.104, 38.8536
5.08479, 655.933, 235.326
5.93861, -244.478, -65.4388
2.72187, -125.5, -77.5184
7.2946, -670.745, 508.325
5.70852, 289.768, 210.964
2.80215, 244.418, -596.748
3.33964, 253.777, 301.525
5.76491, 356.066, -83.8266
6.19864, -660.604, 185.182
3.57011, 664.215, 216.306
4.31441, -9.92919, -590.778
6.56981, -552.53, 691.132
5.32057, 672.663, -352.169
7.45886, -10.4854, -573.327
6.5669, -574.374, 166.286
3.49157, -693.147, 14.6885
2.50003, 4.18829, -537.7
4.62608, 754.902, -663.487
4.07406, 672.355, 220.344
5.56218, 538.699, -699.032
3.83351, -165.068, -490.885
4.39881, -553.895, -6.62598
5.43397, 654.443, 157.838
5.95636, -194.869, -457.424
7.26736, -241.229, -465.9
4.89785, -323.197, -663.679
3.60319, 325.029, -597.947
5.33741, -633.453, -578.203
6.09873, 293.307, 70.9879
4.4953, -457.306, 590.522
3.48326, -567.191, 708.184
6.66971, -668.538, -481.54
5.59561, -438.066, -641.611
7.26866, -190.73, 46.314
3.23222, 47.7635, -170.386
5.38953, -208.107, -443.662
7.26796, -436.225, 568.718
3.62331, 710.939, -744.509
7.25137, -456.24, 569.845
3.07874, 666.1, -471.712
2.58372, 79.1718, -171.236
3.90465, -260.948, -172.179
7.15042, 467.568, 90.0406
3.04796, 743.312, 695.832
6.77266, 42.8979, 530.468
5.68532, -594.868, -496.523
5.63853, 342.624, -571.762
3.80589, 640.101, 533.189
5.13936, -624.657, 168.645
7.16608, -241.666, 640.511
3.98055, 611.036, 40.681
4.78006, 218.701, 297.086
6.35659, -624.826, -494.93
4.17193, 312.15, 73.8432
6.31775, 127.184, -586.404
6.65892, -110.958, 600.029
2.64618, -718.583, 482.484
4.31315, 592.285, -202.816
4.16221, 305.798, 392.173
3.17675, -436.641, -156.098
3.00839, -239.11, 618.873
5.11327, -463.074, 718.756
3.52046, -54.7281, -372.168
5.00728, -563.126, -499.475
5.1371, 13.4216, 627.068
4.13422, -255.248, -145.682
4.75888, 266.572, -306.759
6.85263, -34.857, 582.926
4.72884, 515.838, 619.626
6.03726, -631.811, -469.217
6.83171, 721.379, -615.969
6.5822, 675.794, 234.788
2.67504, 739.21, 765.969
3.8644, -481.071, -253.54
5.21858, -242.783, -449.108
3.19942, -492.15, -539.917
5.57408, -627.904, -568.194
3.29182, -634.474, -582.97
4.41129, 217.7, 188.665
5.94997, -112.711, 145.388
3.21128, -331.506, 348.73
5.65284, -734.829, 650.176
3.15973, 118.79, 671.185
7.13583, -722.985, 235.829
5.53465, -655.033, 615.133
5.50388, -680.216, 205.259
3.33635, 408.002, -383.142
3.301, -569.396, -548.089
5.91628, 538.529, 8.22955
5.1456, -547.827, -107.401
3.65264, -32.3805, 627.007
6.55373, -414.527, -118.309
5.76477, -316.223, -431.384
4.08597, -635.3, -548.75
2.53953, -203.705, -552.59
3.49176, 602.161, 566.463
3.78831, 137.218, 325.7
3.03825, 560.061, -123.963
3.49545, 29.2849, -144.686
6.75079, 840.756, -585.463
6.63912, -633.524, 195.525
6.76813, -582.513, -531.619
5.71027, 131.219, 535.107
3.6787, 703.837, -744.428
6.80638, -616.647, -498.42
5.4745, 170.667, -180.273
2.52745, 424.713, -67.4824
6.84925, -624.524, -537.406
7.37729, 460.411, 117.768
5.59653, 217.99, -70.2766
3.85574, -675.274, 78.5815
7.46973, -139.802, -370.041
4.60751, -677.144, -547.544
4.20537, -578.013, -509.326
4.80717, 225.643, -140.718
4.44822, 180.052, -349.268
4.613, 123.639, 562.974
2.84879, 269.298, 338.319
5.5153, 63.6291, -180.334
7.36114, -87.7966, 75.8015
5.07406, -603.28, -555.334
7.45461, 582.808, -95.7725
5.84906, 441.069, -55.4397
4.01716, -568.366, -109.741
3.47371, 620.192, 518.549
4.0109, -604.19, -595.918
4.93946, -389.899, 476.544
4.72438, 495.842, 712.525
5.7844, 330.766, -530.964
3.74227, -518.832, -505.507
4.72007, 89.9519, 473.95
5.75894, -556.958, -90.5924
6.67472, -729.917, 257.938
6.03698, 126.85, 658.45
4.93928, -559.52, -504.238
6.72039, 337.294, -73.1955
7.00296, -520.761, -247.14
6.33082, -575.422, -484.608
5.29453, 536.123, 769.394
2.70603, 72.1665, 41.0598
5.46749, 507.464, 110.331
2.68674, -390.407, 553.911
4.53488, 192.619, 336.005
2.84243, -736.931, -796.495
7.38558, -626.273, -586.034
2.5956, -505.596, -221.371
6.60363, -243.191, -160.179
5.2195, -414.828, 610.588
5.72828, 635.742, -292.939
3.62934, -209.158, -36.127
2.733, 731.471, -641.21
3.63154, 280.155, -533.788
4.58371, -648.994, 116.36
6.40126, 227.194, -508.341
3.72852, -690.447, 187.693
4.81411, 471.216, 88.0449
6.14756, 627.125, 99.4096
5.35237, -410.839, 604.809
5.45997, 737.924, 730.072
4.98425, -617.97, 165.269
3.951, 250.682, 70.4176
4.71107, 77.4258, -214.94
2.53669, 727.052, -572.972
7.41683, 433.366, -255.146
2.52822, -717.269, -138.474
4.8676, -9.08105, 598.967
5.86497, -182.962, -262.309
