6.27803, -724.357, -903.394
3.5948, -13.3533, -132.035
5.89648, 363.112, -850.695
5.09708, -269.877, 861.892
2.76731, -946.005, 655.132
2.53849, 349.472, 27.1374
4.58743, -760.728, -227.685
7.15218, 169.18, 396.876
2.95982, 5.60513, 719.712
6.00595, -162.127, 293.907
3.81226, 543.671, 801.121
4.14117, 477.077, -870.789
7.45519, 442.518, 231.802
7.41275, -500.444, -225.141
5.75759, 467.842, 415.58
6.92354, 251.679, -798.422
6.33247, -190.209, -472.675
3.87453, -483.38, -73.7155
4.93259, -640.812, -305.091
2.80282, 794.358, 762.694
5.08146, 27.1729, 707.395
4.96988, 901.159, -380.632
7.23882, -758.066, -476.917
4.42071, -47.1944, -811.532
5.14874, 775.758, -488.809
2.75042, 792.392, -55.975
6.63909, 544.516, 519.417
5.94228, -845.835, -704.477
6.18112, 260.763, 721.208
6.94286, 911.732, 430.63
4.25508, -364.672, -527.697
6.72991, 186.49, 16.5633
3.84659, 587.675, -104.85
4.83959, 52.5992, -227.604
3.2686, -614.47, -457.05
2.66527, 603.916, 168.496
7.2768, -4.13623, 77.9097
6.95369, 121.396, 457.217
3.29884, 619.557, 212.494
3.15214, 428.246, -550.751
2.515, -467.046, -794.372
6.0491, -836.218, -182.651
3.40448, -501.875, 815.439
5.76029, 762.065, -317.365
4.42907, 410.996, -718.945
3.23766, 23.2452, -197.864
5.45054, 602.502, 86.0473
3.24076, 176.155, 862.363
3.2091, -158.762, 914.246
4.94257, -450.557, 102.213
3.13015, 820.814, -45.8911
5.64635, -315.172, -553.964
5.60817, 270.937, -687.732
4.88216, -499.929, 565.702
2.64188, -442.111, -200.338
3.21011, -116.952, 700.828
3.15594, -202.461, 827.362
3.31099, -790.996, 745.34
3.76529, -245.783, -775.987
4.77654, 532.681, -697.02
6.54472, -82.3444, -284.491
3.57624, 293.254, 784.189
3.75063, 763.676, 370.131
5.02978, -81.48, 703.146
6.27922, 614.324, 143.052
5.66369, 821.439, -35.7267
5.9449, 573.775, -128.367
7.27207, 927.017, 459.172
5.18713, -390.408, 668.325
4.57014, -704.172, 15.2985
4.70019, 717.344, 157.741
6.07821, 703.3, 446.545
6.20858, 349.844, 569.39
5.12494, 744.395, -922.592
6.06711, -810.5, -87.8035
5.91025, 326.968, -22.3084
6.82941, 812.811, -570.985
3.19597, 14.4156, 702.136
3.57766, 890.451, -141.968
5.0733, -326.038, -146.293
4.83766, -109.857, 718.168
3.55759, -235.858, 603.86
5.65244, -665.49, 937.269
2.5044, -882.479, 159.098
4.09589, 421.144, 508.234
5.90281, 327.707, -97.5267
6.0446, 638.572, -554.559
2.90869, -773.756, 615.226
3.56926, 255.179, 435.907
4.44412, -788.297, -554.483
4.44927, 871.254, 863.352
3.92018, 360.287, -456.378
4.6123, 547.694, 524.242
2.55658, -634.974, -463.923
3.72027, 881.293, -639.595
4.49072, -707.359, 614.676
6.64177, -678.235, 196.981
3.78584, 857.694, -693.886
3.59705, -735.098, -497.666
6.47385, 352.998, 264.246
5.8476, 457.68, 381.596
5.49108, -870.931, 271.953
5.99917, -342.792, -516.915
5.13062, 556.225, -709.315
4.14833, 212.528, 104.969
3.30844, -733.443, 352.853
6.56633, 684.344, -11.7477
4.08004, 414.427, 151.407
4.05369, 27.7056, -710.324
4.65424, 34.6325, 131.94
4.46509, -166.957, -476.624
4.43916, -10.0279, -163.048
4.34871, -748.186, -504.725
5.88118, 330.548, -514.63
6.10384, 383.609, 31.2886
7.20082, -56.5958, 861.201
5.08573, -82.6537, -383.075
5.5282, -160.4, 285.201
5.85049, -653.233, 903.318
5.11404, 67.7211, -269.351
3.87105, -901.848, 638.429
7.08924, 139.482, 286.146
3.73367, 885.322, -430.199
4.77876, 333.856, 623.083
3.30374, -887.928, 624.088
4.68319, 366.939, 305.116
7.45767, 429.524, 152.006
6.26931, -412.128, 384.803
4.97846, -895.137, -619.84
7.01651, -615.089, -726.221
4.68213, 486.755, 505.631
5.09239, 148.338, -907.762
4.44866, 95.9214, -783.583
5.63431, -171.875, -568.196
5.19331, 338.639, 318.235
4.35955, 627.49, -446.079
2.54674, -330.381, 331.463
6.3794, 25.3693, -707.604
2.85317, -846.883, -585.687
3.98511, 392.03, -693.519
4.78581, -32.6647, -795.192
3.25156, -100.795, 24.2357
5.97819, 628.87, -416.593
4.15587, 374.81, 137.812
5.21197, 926.692, -813.059
2.64678, 723.519, -896.927
5.38086, 9.32349, -201.667
5.18133, 333.404, 456.855
7.36678, -730.395, -857.072
5.57063, -310.584, -567.328
5.26431, -734.245, 207.006
6.69051, -261.89, 862.159
3.75764, -471.074, 852.569
6.98957, 586.017, -139.438
5.97428, 518.237, -472.759
5.82752, -454.534, -60.4204
3.06838, -627.791, -761.26
3.37987, -878.619, 97.1784
2.91253, -144.274, 163.118
6.68103, -200.545, 319.09
2.64818, 863.421, -679.25
6.34719, -54.7465, -811.735
4.29829, -499.28, 812.366
6.24626, 33.3803, 509.826
6.28385, 331.623, 293.334
3.60834, -517.938, -853.426
5.58305, 287.307, 139.488
3.66846, -538.275, -220.343
6.22052, -697.319, 256.434
5.80997, -846.462, -669.539
4.9209, 887.859, -721.441
2.58972, 850.008, 170.29
4.98291, 442.55, 152.651
5.09587, 3.44448, -833.131
4.71395, -825.605, 479.729
4.14528, -53.1156, 895.357
3.52671, 461.455, -90.6823
7.19863, -206.072, -555.156
2.85168, -529.433, 840.231
3.30042, 39.212, -742.759
6.70788, -707.868, 9.17889
4.13614, -175.111, -255.449
6.85942, 180.429, 391.741
5.99896, 640.252, 506.707
5.52801, 841.493, -183.828
4.77536, 49.9157, -200.916
2.91543, -524.505, -227.857
3.94883, 5.86084, -150.087
6.51009, -620.935, -752.528
6.81821, 341.487, 19.2807
3.81831, 390.581, -486.641
4.79881, -758.119, -251.558
4.95672, 551.214, -483.626
5.82344, -458.479, -916.649
7.31738, -603.933, -172.341
7.23022, 553.752, -711.049
2.81902, 241.11, -631.177
5.04829, -498.025, -232.879
6.13222, 667.725, 641.245
5.65882, 530.589, -288.29
3.26658, -878.326, -914.205
5.09652, -820.38, 478.734
3.52281, -506.237, 800.75
6.03231, 386.891, -815.347
6.05786, -490.147, -74.5878
3.66304, -535.817, -215.293
6.80594, 17.0226, -132.898
2.67122, -76.8479, 875.349
6.26587, -882.344, 98.5706
4.14789, 592.283, 146.876
4.65309, 28.4099, -489.189
7.33455, 834.403, -208.602
4.05803, 717.021, 653.901
5.69762, 853.219, -704.222
5.95386, 821.775, -46.1861
5.36403, 35.4523, 614.793
6.60667, 889.759, -714.459
4.21807, -843.375, -657.947
5.09387, -791.754, -689.061
6.78438, 106.867, -873.397
6.18587, 360.149, 9.67661
3.45992, -814.323, 353.596
2.83145, -290.9, 310.087
3.60828, 889.468, -705.204
3.33656, 100.371, -182.455
6.31172, 358.754, -859.454
5.44905, -828.904, 343.656
4.65223, 819.029, 826.497
7.09618, 624.565, 12.1741
5.09668, 441.503, 140.744
7.38058, -676.392, -48.6135
5.15714, -449.547, 110.302
2.98716, 332.372, 290.75
5.83983, 184.982, 134.708
5.44444, 154.867, -22.3103
5.01137, -646.757, -87.9337
2.75808, -856.256, 401.983
2.6753, -288.632, 5.14991
4.41484, -747.697, -518.68
5.55555, 214.264, 101.025
5.06574, 552.661, 819.583
5.98498, 351.82, -7.32079
4.89891, 31.8267, -217.21
3.88323, 40.9818, 429.627
6.01685, -430.916, 179.922
3.67701, 812.497, -3.12976
6.41501, 120.783, -181.207
6.60589, 311.769, 771.251
3.21842, -476.022, 47.6487
5.75757, -491.15, 757.182
3.87677, 824.539, -896.654
7.26215, -442.807, 672.349
4.58238, -730.47, 17.1878
3.03869, -122.635, 371.81
4.70633, -760.997, 531.277
6.28811, -382.476, -264.441
2.77803, -351.857, -262.848
3.51241, 0.830969, 113.337
6.82305, 892.485, -692.488
6.52456, -258.853, -33.9822
2.78861, -647.21, -621.397
4.40304, -43.5157, -666.405
4.56124, -101.836, 685.88
2.80071, -347.356, 305.138
7.09746, 789.463, 597.295
3.35398, 565.59, 832.402
6.51634, -890.025, 204.894
3.88599, 673.488, 37.9475
4.44586, 165.778, 740.654
7.19936, 67.2396, 607.328
6.24573, 181.332, -207.52
3.44774, -348.626, 732.396
6.89581, 404.544, 467.456
6.8953, 394.68, -777.052
3.30515, -773.194, -238.02
5.87346, -775.896, -197.845
6.89096, 611.471, 157.76
6.98262, 264.453, 487.099
3.06535, 25.0502, 703.224
5.93789, -178.178, -218.755
3.21651, -768.773, -714.505
3.6901, 336.483, -33.6008
5.64383, 882.209, -193.029
4.312, 764.055, 368.614
4.64437, 585.324, 690.083
4.91936, -45.6943, -813.604
6.20379, -12.0973, -127.712
3.23098, -345.226, 808.919
7.36238, -767.254, -700.127
7.3158, -502.437, -250.054
3.14741, -554.24, 628.056
5.3784, -273.103, -577.337
4.66439, 96.2646, -168.249
5.50066, -251.97, -268.936
5.85098, -666.605, -58.8304
4.5137, 403.155, 936.726
6.46691, 649.488, 638.115
4.89889, -898.565, -234.47
5.72449, 298.347, 246.642
4.28836, -266.769, 608.273
5.96794, -308.953, -216.846
5.83428, -419.183, -663.282
3.22071, -423.857, 667.916
7.10415, -852.03, 175.76
4.22228, 19.2426, -194.47
6.66824, -388.347, -459.922
2.74349, 304.318, -690.187
3.27936, -256.961, -20.0231
2.55765, 329.82, 456.707
3.94327, 103.866, 572.456
5.07295, -322.739, -152.264
3.65948, 659.781, 428.558
2.75022, -257.721, -20.7743
5.33091, -609.372, -726.337
6.69774, -146.31, 641.053
4.28763, -669.874, -495.33
4.3452, 163.517, 828.288
7.22226, 269.867, -63.8758
4.72425, -873.954, -181.21
6.82086, 426.37, 170.267
5.82654, -781.402, -718.386
5.79297, 165.558, 637.163
7.10736, -921.674, 923.532
5.11536, 897.397, -644.856
5.45229, 436.938, -439.006
5.79944, 676.579, 666.046
4.24765, 262.399, 455.093
4.11714, 340.026, 21.578
7.08984, -91.024, 715.787
3.08619, 903.052, -447.002
7.31268, 584.913, -104.891
5.17978, 57.5337, -238.244
5.81447, 735.478, 641.056
5.48362, 838.211, -469.323
6.93363, -508.246, -700.945
6.67999, -639.005, -573.145
6.69339, 249.537, 164.833
6.85642, -160.133, 283.018
2.5002, -782.133, 337.688
4.77274, 289.161, 313.482
4.25696, -893.636, 209.935
5.80713, -248.801, 683.208
6.22234, -891.466, 158.383
3.3821, -158.164, -499.38
7.4621, 811.969, -736.455
5.95466, -891.472, 203.822
6.97862, 163.566, -8.28552
3.51579, 333.203, -100.05
7.2356, -474.954, -78.7257
4.88476, 846.391, -472.019
6.78578, 878.843, -722.299
6.41237, -884.323, -542.497
5.70687, 873.975, -863.008
3.14521, -700.509, 200.962
5.77944, 12.732, 695.587
3.09199, 58.8359, -7.20139
3.88793, 289.512, 743.255
6.65548, -237.446, -259.554
6.14153, -728.815, -504.467
6.74348, -607.006, 287.203
3.43989, -768.134, -835.552
6.09602, 551.031, -312.463
4.25586, 134.083, 283.364
3.34555, -417.367, -656.649
4.52383, 307.659, -544.681
4.20924, 157.042, 714.132
6.67141, 329.697, -92.7259
3.9111, 706.607, 597.808
5.16766, -625.605, -453.55
6.25085, 905.079, -841.167
4.62554, -629.044, -755.047
4.66964, -487.624, 581.895
3.03022, 825.313, -917.958
6.4639, -55.4325, -439.13
3.91232, -642.065, -452.322
7.14264, -485.492, -239.052
5.37926, 263.854, 478.892
3.4895, 784.878, -295.138
5.99081, 551.199, -721.583
3.07265, 457.163, -852.211
4.22945, 271.136, 730.177
4.15646, -492.394, -237.741
6.42735, 834.658, -904.351
6.65775, 456.271, -207.933
4.21712, -720.09, 738.945
4.2603, -272.269, 848.562
6.38197, 128.993, -761.647
6.58658, 13.3617, 679.756
4.26157, -180.684, 311.241
7.09559, -380.185, -262.135
3.2877, 491.066, 224.628
5.56029, -450.582, 620.651
5.54222, -423.431, 668.149
3.16647, -233.941, -691.384
3.51409, -707.685, -496.391
4.79457, -815.793, 529.226
3.48759, -472.296, 858.454
6.77118, -811.139, 352.165
6.54562, -747.529, -635.581
2.80131, -854.987, 811.126
6.50584, -696.484, 632.658
5.49597, -155.706, -485.821
7.43182, -868.456, 263.815
2.65919, -113.449, 682.13
6.8356, 869.589, -698.33
3.69109, 591.954, 281.578
3.6127, 209.61, 372.426
4.73907, -885.085, -543.083
2.61231, 853.85, -193.794
6.79755, -246.435, -3.06981
4.15902, 234.626, 520.262
5.72195, 340.509, 296.973
7.43521, -881.973, -528.2
5.30162, 290.697, -564.279
4.74553, -778.226, -237.845
5.213, 123.439, -727.81
2.90797, 786.234, -23.6002
3.99606, -747.998, -237.02
6.63964, 778.375, 611.578
6.48936, 601.416, 846.906
5.71048, -107.353, 661.141
4.84105, 609.793, 345.915
7.15326, -173.16, -535.15
5.08798, -249.273, -23.295
7.42924, 805.054, -482.823
5.94567, -41.4022, -681.396
6.19966, -164.294, -488.888
3.46323, -404.756, -865.19
6.08881, -488.256, 575.828
6.11146, 598.246, -116.826
6.49298, 294.605, 149.673
4.23216, 248.923, -931.411
5.1481, 9.08868, -149.917
3.19001, 736.307, -336.317
6.73218, -232.51, -254.613
6.32766, -31.226, -798.576
7.5, 864.016, -436.469
4.24891, 488.852, 920.434
5.50367, -535.629, 561.196
3.50808, -493.673, 35.1715
6.2385, 42.3193, 140.535
6.49225, 898.544, 223.899
3.03505, -689.322, 103.569
5.35813, -489.788, 39.2885
2.84683, 353.698, -380.53
4.16036, 652.548, 652.602
5.80945, 449.16, -681.425
5.27726, 131.443, -181.445
7.12415, 226.216, -8.42857
2.69832, -445.279, 190.927
2.62083, -274.56, 202.429
4.61923, 231.143, -632.704
4.36987, 415.246, 171.599
2.93303, -258.75, -257.181
3.05403, -120.537, 160.487
5.31992, 346.227, -345.769
7.37269, 1.09055, 703.957
3.05066, -28.602, -797.773
5.99352, 102.362, 902.07
2.79674, -70.4064, -664.903
4.69755, 816.794, -37.0547
5.24651, 937.471, 692.422
3.45129, 659.386, -720.124
7.36597, 363.742, 325.031
3.19593, -643.686, -106.209
5.48978, 860.225, -473.233
7.12812, -837.195, 701.699
3.91116, -65.1306, 850.473
6.8307, -143.699, -84.3694
6.29598, -209.026, -551.52
6.10793, 334.037, 600.013
3.34241, -332.083, 337.567
3.32882, 768.364, 372.604
3.39076, -640.651, -922.888
5.87226, 302.274, -553.504
4.83484, -281.881, 0.837403
6.85219, -767.643, -354.94
5.76023, -651.996, -82.8844
5.80464, 742.759, 830.569
2.58037, -658.245, -570.623
4.30596, -736.073, -680.592
3.72747, 882.334, 99.4473
6.93086, -885.455, -881.082
5.23701, 814.003, 788.13
6.57209, -26.3419, -627.292
5.24453, 164.126, 822.907
4.16156, 485.345, -64.204
4.40213, -27.1806, -636.716
2.52389, 875.046, 607.683
6.95226, -77.778, -404.479
6.16955, -433.339, 653.354
6.04239, -105.622, 687.233
5.1278, 83.2856, -197.46
6.41065, -150.087, -770.004
3.42484, -410.821, -413.18
5.72673, 268.234, 472.562
3.42178, -626.343, -251.678
3.31214, -23.1608, -97.7493
2.65594, -192.165, 831.564
7.42716, 148.155, -682.921
4.04559, -292.354, -660.675
4.11075, -647.018, -297.269
5.51155, 267.387, -177.094
2.89107, -317.17, -874.978
3.93936, 2.15083, 63.2586
5.79307, -183.733, -482.594
7.36348, -890.701, -363.368
7.27758, -361.172, -742.596
7.42745, -627.934, -284.025
7.30478, -847.191, -662.826
3.0073, -498.669, 574.332
3.71505, -180.786, -482.516
6.91151, 124.844, -370.129
5.28805, 331.974, 608.539
6.7669, 776.427, 537.921
7.49145, -532.71, 562.997
3.99751, -174.309, -478.887
6.33157, 907.258, 449.527
4.81901, 291.355, -166.89
6.8168, -641.638, -729.063
6.99018, 821.59, -73.5378
7.377, 244.315, -406.446
2.77405, 623.944, 146.547
6.32605, 887.072, -635.165
5.09219, -889.289, 739.687
3.46574, 922.757, -177.229
6.98252, 230.384, -546.655
6.38492, -806.938, 107.549
2.75968, 383.193, 519.746
7.47331, -789.049, 734.42
5.93659, -84.0029, -425.321
5.94854, 854.771, 493.019
6.57666, -626.063, 790.487
7.05426, -54.2919, -416.053
3.34218, -202.955, 328.974
5.24183, -609.278, 763.326
6.53351, -514.22, -234.824
4.17803, 330.019, -508.38
5.53435, -94.003, 12.6731
6.59602, -855.466, 347.357
7.3485, 57.2598, -205.478
6.29349, 553.444, 540.822
3.72113, -127.824, -111.639
5.80589, -575.506, 359.506
4.21574, -500.93, -236.681
7.27146, 350.589, -362.003
2.60828, 771.898, 519.982
4.54979, -874.938, 898.965
2.55789, 546.4, -692.45
3.04964, 835.105, 222.046
5.28259, -813.436, 107.268
4.45466, 33.5288, -250.226
7.20539, 134.517, -165.085
2.55572, 189.163, 394.335
6.22897, -141.033, -502.46
3.84293, 187.953, 111.33
4.27153, -632.566, -754.23
3.45835, -459.754, 630.616
5.14832, 306.211, -128.804
4.39478, -32.5392, -776.244
3.16407, -80.935, -824.628
4.26563, -199.157, -477.4
4.2497, 771.812, 929.902
7.41084, 612.652, -152.205
5.25961, 153.847, -322.47
4.99918, 22.3468, -712.881
3.58531, -823.569, 365.448
4.37311, -232.854, -574.107
6.78251, -623.411, -452.594
6.45578, 800.658, -496.026
3.9204, -529.742, 837.439
5.07645, 444.793, 154.101
6.79238, -240.576, 48.825
7.07844, -806.146, -182.282
7.48941, 148.159, 855.13
6.53177, 122.329, -175.338
5.22718, -880.19, -189.067
7.3461, 118.855, -726.461
5.31931, -566.536, 376.961
4.03031, -448.478, 641.47
5.41853, 853.023, 869.325
2.91197, 59.1006, -233.91
5.47382, 352.574, 551.037
3.31968, -575.737, -562.645
6.46527, -631.945, -467.281
2.95373, 602.144, 671.512
6.3072, -480.834, -675.992
6.83996, -237.349, -5.23197
6.40105, 123.866, -352.838
6.61399, 883.146, 836.679
6.70974, 362.321, 544.339
4.48328, 487.892, 237.444
6.508, -139.948, 161.938
6.56811, 361.278, -28.758
5.43493, -396.278, 84.0022
4.64621, 766.396, -6.94199
2.5002, -53.4156, -442.2
5.31153, -777.701, 334.968
6.22632, 340.345, 323.745
3.89846, 871.675, 279.155
2.93406, -903.227, 547.235
3.5733, 859.846, -859.251
3.93296, -454.8, 608.903
4.86595, -378.215, 465.124
6.95893, 852.137, 824.321
5.91955, 494.897, -470.355
3.54376, 3.5443, -123.359
6.67533, 757.241, -26.3073
7.09218, 884.413, 902.041
4.48244, -511.284, -665.491
6.37858, 547.371, 514.949
5.68161, -128.632, -103.61
6.64746, 439.211, 235.032
3.40204, 517.703, -475.252
7.45927, 541.628, -731.271
6.70558, -132.002, -779.404
4.65177, 845.876, 230.927
4.38589, 585.116, 811.532
2.70802, 584.596, -490.649
6.80715, -685.356, -486.039
6.62116, 885.219, -853.912
6.25052, 0.476911, 715.023
3.55801, -178.993, 895.648
4.31029, -753.437, -186.644
4.43545, -605.048, -724.141
7.32918, 754.813, 623.034
6.5872, -112.331, 674.211
4.5755, -63.3491, 431.298
5.83759, 212.045, 129.231
2.52101, 492.445, 922.094
6.98048, -708.712, 215.964
3.68416, -352.058, 352.026
3.79415, 337.248, -161.535
5.4939, 402.522, -676.801
6.89823, -814.156, 354.01
6.16299, -604.117, -580.703
6.0773, 813.395, 579.526
3.57724, -572.862, 487.123
6.30413, 703.472, -935.698
3.85351, -168.889, -489.445
2.75246, 594.038, 277.278
4.78866, 343.793, 307.804
2.58759, 405.257, -708.428
3.01129, 44.8685, -233.978
2.639, -174.931, 306.345
5.65921, -360.781, -531.823
6.34425, 54.0942, -207.682
2.74132, 536.853, -789.832
6.6924, -30.0108, -631.155
6.76899, -235.167, -219.738
6.57649, -486.496, 570.831
6.85188, 793.856, 375.425
5.27222, -608.773, -160.16
6.12646, -250.683, -54.0032
3.20424, -465.934, 852.788
6.6115, 581.076, -493.41
5.51185, 674.59, -177.785
4.93856, 472.583, -858.751
6.14942, -227.1, 816.604
4.05164, 753.519, -648.604
3.93925, -707.159, 317.858
5.45857, -894.16, 719.472
5.34055, 582.084, 825.215
5.41059, -883.336, -549.985
2.84132, -675.467, 280.566
4.34304, 154.038, -325.534
6.28475, -877.186, -541.162
6.35297, -448.188, -836.657
4.27217, -406.35, -280.048
5.98913, 174.084, 863.386
5.08005, -624.957, -279.799
5.94494, 333.003, 142.39
6.18066, -81.6628, 636.056
2.56231, -314.705, -637.725
7.16549, 614.638, -153.641
5.37826, 130.741, 113.39
3.05587, 519.831, 923.447
4.87388, -104.903, 23.381
3.24247, 203.53, 93.7182
4.22594, 69.6566, 428.853
7.04476, -861.893, 196.089
4.54571, 19.9902, 524.075
5.96642, -652.974, -96.3236
3.35865, 366.109, -813.208
6.21715, 849.128, -469.528
4.16319, -434.033, 683.134
4.62157, 609.789, 308.671
2.79523, -200.686, -76.9526
5.09005, 264.732, -221.264
5.94425, 434.532, -554.964
5.01149, -237.183, -7.97992
6.56617, -182.905, -716.987
3.07974, 117.763, -885.185
5.24841, 258.308, 462.598
5.06046, 332.506, 54.5152
6.02649, 918.391, 433.802
5.65083, -242.418, 861.229
4.0207, -65.285, -628.495
6.74719, 354.579, 322.488
3.39619, 607.085, -25.8542
2.61737, -475.283, -78.1042
4.19467, 686.08, 39.7675
3.43818, 327.082, -100.797
6.60467, -266.425, 169.339
6.72507, -873.584, -182.83
6.78031, 892.395, -699.767
7.37454, -885.133, 621.083
2.99587, 406.809, -430.434
2.56182, 568.975, 619.271
2.58614, 228.638, 530.058
2.64527, 206.376, 134.852
4.1031, 148.681, -317.855
6.17815, 609.105, 290.862
3.14876, 318.919, 458.927
2.5161, -382.475, 457.609
6.91905, 126.562, -744.408
3.70482, 210.651, -518.73
4.38481, -817.983, 715.646
4.44879, 585.022, 142.628
2.81534, 612.039, 318.395
7.30792, 180.32, 863.657
3.75349, 705.744, -347.126
6.85376, -673.639, -48.7608
2.85991, -843.944, 332.904
2.70653, -574.536, 572.764
3.46378, 319.219, -489.09
3.86708, -301.323, 307.135
7.4007, -921.692, -345.824
3.60607, 324.642, -503.086
6.43119, -855.586, 821.071
4.42306, 233.096, -383.495
3.78593, 443.261, -619.368
3.91087, -881.116, 88.2687
7.33834, 852.102, -44.1059
4.22841, 689.476, 146.759
3.45922, -885.425, 724.248
5.05037, -543.48, -360.874
5.21857, -515.713, 584.491
5.72333, -644.354, -555.262
3.89738, 12.8415, 701.219
3.41887, -316.123, -652.503
2.71579, -816.404, 356.646
3.98408, -517.624, -229.122
4.25548, -229.065, 124.601
7.09372, -390.292, 695.749
5.81225, 477.55, -338.879
5.08041, 843.271, 553.612
4.03763, 538.32, 521.811
3.0007, -313.005, 135.822
3.47502, 343.055, -889.595
4.11407, 36.9648, -135.073
5.56182, 860.714, 99.853
5.13511, 918.378, -929.869
3.45653, 320.45, 237.693
4.7178, -695.868, -502.168
4.48693, -631.79, 775.084
6.28051, -581.338, 756.164
6.6213, 716.544, 604.781
5.51573, 93.7178, -385.152
3.04573, 564.105, -754.736
4.11797, 456.228, -167.772
5.03403, 31.3382, 299.271
4.76521, -644.468, 768.396
4.77315, -152.974, -487.871
4.91125, 906.167, 902.268
5.07896, 359.999, -652.178
4.50207, 174.968, 799.054
4.22945, 868.072, 396.088
6.64533, 883.589, -189.448
3.02204, -662.244, -722.285
6.40057, 513.239, 488.539
3.19919, -285.477, -227.101
2.62171, -751.785, -509.564
6.0664, 357.149, -658.135
7.15538, 132.055, -755.279
7.47667, 234.75, 150.383
3.86264, -885.148, 166.145
3.6923, -504.486, -236.874
3.87328, 883.153, 599.758
5.70836, -860.104, -688.602
5.17637, 285.682, 135.653
6.8967, 777.881, -297.002
6.75968, -652.311, -721.178
2.98004, 824.03, -50.147
4.66818, -700.953, 196.692
3.17045, -151.1, -716.573
5.86802, -205.908, 318.366
5.34964, -55.5776, -457.401
3.66474, -521.59, 559.756
5.50306, 241.792, -635.635
2.6551, -726.868, 0.349386
7.08512, 528.894, -282.401
3.82958, 859.869, -194.182
6.50016, -161.293, -503.147
5.46389, 157.792, -710.762
5.0822, 346.914, 554.044
5.2567, 352.86, 577.606
3.47225, 468.75, -206.618
5.36152, 127.476, -675.216
3.81992, 183.933, 405.777
4.41648, -783.487, 512.088
2.73626, -700.727, -868.678
4.22823, 550.086, -695.53
3.61594, 622.547, -411.738
3.81264, 35.5105, -714.928
3.05141, -396.571, -456.917
7.40088, -673.261, -10.3663
5.93794, 761.046, 615.676
5.82158, -543.746, -355.49
5.99501, -585.816, -653.395
2.68746, -765.481, -699.646
3.6706, -645.589, -728.824
3.95397, 714.789, 652.205
3.50543, 52.6432, -253.551
2.7177, 315.878, 252.692
2.56571, -491.134, 548.109
6.07297, -480.514, 781.338
6.88348, -836.552, -575.015
5.35088, -872.519, 364.858
6.92743, 837.305, 823.174
5.20042, -393.964, -264.605
3.31357, 863.309, -655.963
3.30492, 947.982, 472.526
7.19182, 301.028, 274.61
3.45628, 510.701, -783.435
3.15761, -4.27438, -126.676
4.41122, -251.627, -2.91817
6.12674, 270.536, -184.455
2.50651, 554.104, 818.918
4.60222, 26.2043, 714.034
5.18984, 247.209, -212.719
4.86596, -223.363, 231.121
6.33003, 546.34, 826.425
2.9396, 502.886, -483.552
7.04284, 154.343, 320.834
3.20818, -808.549, -401.796
2.54782, 317.626, -21.5835
2.82267, 264.458, 476.461
4.96742, 367.291, 220.39
5.40914, 492.268, 925.76
4.03373, -895.725, 536.549
4.57091, 818.769, -62.215
4.33401, -612.098, -627.661
3.42687, 152.786, 635.617
2.76788, 616.446, 110.277
4.47222, 483.857, -49.6621
3.98388, -322.361, -169.864
5.05388, -382.793, 813.43
3.75392, -678.952, 213.442
5.01589, 910.312, 890.452
2.51168, -7.18144, 767.005
7.01807, 884.991, -440.534
2.79181, -905.774, -897.881
5.17506, -584.929, 756.107
3.95754, -380.601, 784.41
7.3023, -777.237, -232.981
4.73406, 342.143, -79.0673
5.08479, 817.477, 199.306
5.93861, -304.025, -2.69514
2.72187, -155.841, 44.3299
7.2946, -766.215, 584.417
5.70852, 375.43, 143.196
2.80215, 518.238, -689.319
3.33964, 91.8857, 259.333
5.76491, 449.827, -205.581
6.19864, -784.854, 341.575
3.57011, 834.427, 223.228
4.31441, 117.577, -724.557
6.56981, -642.874, 895.149
5.32057, 798.584, -477.445
7.45886, -27.9188, -816.009
6.5669, -772.184, 336.521
3.49157, -927.648, -14.6246
2.50003, -152.903, -775.273
4.62608, 862.594, -698.84
4.07406, 805.446, 189.116
5.56218, 593.321, -883.506
3.83351, -165.702, -516.195
4.39881, -590.199, -82.9442
5.43397, 871.394, 267.379
5.95636, -121.149, -459.911
7.26736, -394.863, -530.5
4.89785, -299.379, -884.879
3.60319, 388.805, -665.63
5.33741, -659.307, -471.05
6.09873, 337.223, 306.448
4.4953, -503.011, 571.758
3.48326, -667.424, 937.056
6.66971, -634.392, -760.084
5.59561, -447.035, -842.319
7.26866, -272.896, 152.101
3.23222, 16.7087, -201.751
5.38953, -3.08131, -432.148
7.26796, -431.722, 660.128
3.62331, 693.464, -928.825
7.25137, -493.369, 752.324
3.07874, 786.878, -487.163
2.58372, 1.57458, -190.872
3.90465, -310.215, -134.146
7.15042, 591.061, 127.015
3.04796, 749.9, 831.861
6.77266, -0.0912853, 718.456
5.68532, -683.226, -709.187
5.63853, 401.4, -674.058
3.80589, 725.555, 655.199
5.13936, -874.888, 169.313
7.16608, -252.944, 849.727
3.98055, 869.956, 90.9203
4.78006, 183.903, 367.118
6.35659, -630.71, -581.549
4.17193, 175.295, 118.941
6.31775, -34.8853, -805.742
6.65892, -8.8773, 880.035
2.64618, -721.276, 555.187
4.31315, 686.268, -253.074
4.16221, 264.47, 492.623
3.17675, -453.134, -241.534
3.00839, -281.665, 611.445
5.11327, -582.833, 769.374
3.52046, 42.1143, -497.761
5.00728, -832.564, -576.575
5.1371, -29.9246, 879.087
4.13422, -250.199, -254.573
4.75888, 261.773, -379.913
6.85263, -40.1376, 895.559
4.72884, 586.769, 827.03
6.03726, -458.471, -797.195
6.83171, 880.452, -693.285
6.5822, 808.157, 191.326
2.67504, 822.321, 795.201
3.8644, -611.759, -265.973
5.21858, -397.831, -427.875
3.19942, -873.348, -536.828
5.57408, -714.958, -867.412
3.29182, -620.774, -638.149
4.41129, 114.456, 211.88
5.94997, -102.349, 176.201
3.21128, -385.982, 470.963
5.65284, -797.88, 734.686
3.15973, 154.898, 870.5
7.13583, -702.232, 207.126
5.53465, -894.518, 761.474
5.50388, -838.282, 325.339
3.33635, 576.789, -499.691
3.301, -795.54, -414.194
5.91628, 589.139, -22.8462
5.1456, -684.651, -35.0572
3.65264, -92.4005, 696.52
6.55373, -458.581, -62.7286
5.76477, -415.715, -540.635
4.08597, -593.348, -584.163
2.53953, -251.887, -781.33
3.49176, 731.924, 639.47
3.78831, 18.214, 368.332
3.03825, 833.921, 31.5573
3.49545, 108.157, -395.379
6.75079, 793.283, -762.026
6.63912, -859.565, 189.14
6.76813, -851.319, -581.151
5.71027, 295.098, 765.442
3.6787, 691.531, -922.131
6.80638, -504.267, -750.299
5.4745, -32.1982, -139.634
2.52745, 516.977, -54.5644
6.84925, -624.244, -452.358
7.37729, 617.815, 164.157
5.59653, 341.139, 42.0472
3.85574, -847.99, 352.77
7.46973, -200.15, -536.669
4.60751, -667.452, -468.052
4.20537, -773.894, -592.251
4.80717, 336.262, -97.3062
4.44822, 244.695, -401.815
4.613, -5.20068, 507.309
2.84879, 141.934, 304.247
5.5153, 14.7439, -139.45
7.36114, -51.7307, 199.615
5.07406, -712.454, -503.24
7.45461, 873.198, -124.431
5.84906, 582.65, -136.553
4.01716, -595.774, 51.427
3.47371, 816.005, 567.542
4.0109, -757.313, -843.756
4.93946, -352.928, 447.717
4.72438, 496.894, 937.079
5.7844, 362.681, -858.531
3.74227, -736.939, -683.393
4.72007, 42.7842, 532.538
5.75894, -675.669, -49.763
6.67472, -707.758, 257.205
6.03698, 170.802, 784.005
4.93928, -825.714, -619.543
6.72039, 383.622, -203.542
7.00296, -498.913, -238.8
6.33082, -693.881, -469.691
5.29453, 635.766, 883.173
2.70603, -12.7446, 92.0602
5.46749, 546.615, 82.7417
2.68674, -631.148, 798.74
4.53488, 92.5638, 418.391
2.84243, -918.064, -854.708
7.38558, -735.094, -854.043
2.5956, -508.689, -224.467
6.60363, -166.428, -250.316
5.2195, -380.946, 788.885
5.72828, 730.501, -331.813
3.62934, -257.67, -43.8813
2.733, 874.266, -701.395
3.63154, 208.11, -547.152
4.58371, -635.923, 126.892
6.40126, 249.058, -605.921
3.72852, -844.791, 325.755
4.81411, 614.009, 111.901
6.14756, 906.237, 277.966
5.35237, -344.272, 782.904
5.45997, 900.532, 892.725
4.98425, -836.527, 251.378
3.951, 456.37, 166.756
4.71107, 24.7893, -197.247
2.53669, 821.9, -413.579
7.41683, 488.74, -342.543
2.52822, -747.044, -201.141
4.8676, -90.2582, 700.436
5.86497, -337.684, -155.101
