6.27803, -725.358, -911.76
3.5948, -15.8213, -126.121
5.89648, 363.272, -858.301
5.09708, -274.412, 864.802
2.76731, -948.997, 655.033
2.53849, 349.473, 25.8245
4.58743, -763.187, -228.575
7.15218, 173.878, 399.133
2.95982, 7.10919, 719.273
6.00595, -168.966, 297.336
3.81226, 542.399, 799.623
4.14117, 477.354, -874.763
7.45519, 442.56, 234.571
7.41275, -498.059, -223.136
5.75759, 471.071, 418.154
6.92354, 252.58, -802.956
6.33247, -182.624, -469.666
3.87453, -476.843, -68.8485
4.93259, -643.734, -306.865
2.80282, 795.957, 762.476
5.08146, 26.3054, 720.535
4.96988, 906.972, -378.758
7.23882, -764.646, -474.501
4.42071, -44.1659, -819.817
5.14874, 776.893, -489.01
2.75042, 800.654, -62.2146
6.63909, 543.807, 519.124
5.94228, -854.605, -707.837
6.18112, 259.914, 721.572
6.94286, 917.137, 434.305
4.25508, -365.295, -523.543
6.72991, 186.146, 17.7069
3.84659, 594.304, -100.276
4.83959, 55.0066, -224.431
3.2686, -612.308, -456.14
2.66527, 610.11, 163.124
7.2768, -5.6345, 79.2811
6.95369, 120.477, 460.512
3.29884, 624.634, 215.879
3.15214, 426.646, -551.78
2.515, -466.786, -795.236
6.0491, -842.673, -181.634
3.40448, -500.225, 815.403
5.76029, 764.031, -319.76
4.42907, 410.214, -719.228
3.23766, 20.4297, -197.587
5.45054, 601.803, 92.0568
3.24076, 170.989, 865.315
3.2091, -159.782, 919.922
4.94257, -454.936, 102.831
3.13015, 824.66, -46.6478
5.64635, -319.084, -556.724
5.60817, 272.27, -692.641
4.88216, -499.369, 567.702
2.64188, -445.81, -205.528
3.21011, -117.843, 712.246
3.15594, -201.177, 832.849
3.31099, -793.116, 748.242
3.76529, -250.209, -782.831
4.77654, 529.842, -703.009
6.54472, -83.3776, -285.853
3.57624, 293.609, 791.59
3.75063, 771.125, 372.343
5.02978, -76.4751, 704.682
6.27922, 622.345, 142.809
5.66369, 822.56, -31.4719
5.9449, 572.509, -133.076
7.27207, 931.982, 460.68
5.18713, -387.466, 670.211
4.57014, -712.531, 14.1734
4.70019, 722.072, 158.968
6.07821, 706.158, 447.541
6.20858, 349.107, 568.911
5.12494, 747.025, -926.049
6.06711, -815.28, -86.5554
5.91025, 323.19, -24.1745
6.82941, 814.346, -573.392
3.19597, 25.2697, 709.64
3.57766, 895.133, -140.647
5.0733, -329.327, -148.507
4.83766, -113.913, 725.606
3.55759, -236.268, 603.573
5.65244, -668.406, 943.439
2.5044, -886.945, 164.433
4.09589, 424.23, 511.465
5.90281, 332.355, -96.8857
6.0446, 641.333, -557.369
2.90869, -776.868, 618.947
3.56926, 254.216, 438.73
4.44412, -792.033, -555.658
4.44927, 879.042, 870.444
3.92018, 362.085, -456.542
4.6123, 552.753, 530.606
2.55658, -641.124, -457.315
3.72027, 885.129, -638.753
4.49072, -708.323, 617.5
6.64177, -674.121, 196.529
3.78584, 873.41, -701.349
3.59705, -742.097, -497.76
6.47385, 357.03, 263.727
5.8476, 461.425, 382.277
5.49108, -873.002, 271.97
5.99917, -344.707, -517.853
5.13062, 564.373, -713.382
4.14833, 215.666, 97.8751
3.30844, -731.16, 357.51
6.56633, 687.294, -13.2393
4.08004, 416.893, 144.638
4.05369, 28.9851, -706.576
4.65424, 33.1354, 131.719
4.46509, -181.78, -474.093
4.43916, -16.6896, -164.145
4.34871, -756.339, -499.438
5.88118, 331.73, -519.772
6.10384, 390.441, 31.2252
7.20082, -57.6713, 863.796
5.08573, -82.6733, -379.395
5.5282, -160.115, 290.605
5.85049, -657.317, 909.798
5.11404, 67.3085, -275.878
3.87105, -906.179, 639.67
7.08924, 133.747, 283.551
3.73367, 889.876, -427.103
4.77876, 333.828, 628.334
3.30374, -889.625, 625.187
4.68319, 373.98, 313.321
7.45767, 429.502, 157.712
6.26931, -414.417, 385.289
4.97846, -903.366, -623.107
7.01651, -620.4, -734.347
4.68213, 486.599, 510.108
5.09239, 150.174, -914.209
4.44866, 94.8384, -790.875
5.63431, -173.571, -573.506
5.19331, 342.61, 325.066
4.35955, 630.304, -444.217
2.54674, -333.418, 338.085
6.3794, 25.6458, -719.14
2.85317, -851.928, -586.466
3.98511, 396.684, -694.718
4.78581, -28.6212, -807.374
3.25156, -97.2164, 26.5649
5.97819, 628.628, -417.003
4.15587, 377.58, 141.934
5.21197, 931.929, -816.91
2.64678, 724.26, -900.839
5.38086, 6.50892, -206.783
5.18133, 337.299, 458.308
7.36678, -729.681, -859.77
5.57063, -310.795, -572.166
5.26431, -735.456, 209.784
6.69051, -259.23, 867.339
3.75764, -477.314, 857.415
6.98957, 585.398, -138.787
5.97428, 516.429, -476.458
5.82752, -458.102, -58.1378
3.06838, -617.941, -768.949
3.37987, -885.858, 101.362
2.91253, -142.184, 161.789
6.68103, -205.228, 325.23
2.64818, 865.357, -686.451
6.34719, -46.0718, -817.162
4.29829, -500.907, 821.484
6.24626, 32.3035, 509.548
6.28385, 332.415, 294.177
3.60834, -519.695, -859.389
5.58305, 287.411, 145.782
3.66846, -543.221, -216.365
6.22052, -694.547, 260.505
5.80997, -848.6, -667.865
4.9209, 887.396, -729.21
2.58972, 851.712, 174.122
4.98291, 448.883, 157.795
5.09587, -0.088318, -838.546
4.71395, -825.015, 484.285
4.14528, -46.773, 898.887
3.52671, 463.25, -92.3
7.19863, -210.571, -565.738
2.85168, -527.891, 846.468
3.30042, 36.7716, -743.527
6.70788, -712.386, 13.3447
4.13614, -169.448, -255.407
6.85942, 177.165, 394.711
5.99896, 642.914, 507.478
5.52801, 844.299, -184.416
4.77536, 49.6731, -205.068
2.91543, -523.201, -240.005
3.94883, 3.61318, -139.108
6.51009, -615.949, -758.169
6.81821, 344.646, 23.2349
3.81831, 393.312, -488.68
4.79881, -765.296, -247.654
4.95672, 554.615, -487.211
5.82344, -459.2, -922.805
7.31738, -606.418, -173.757
7.23022, 555.323, -716.375
2.81902, 237.511, -632.433
5.04829, -486.161, -240.33
6.13222, 665.156, 642.06
5.65882, 536.735, -293.693
3.26658, -881.913, -916.02
5.09652, -827.628, 481.214
3.52281, -511.643, 804.358
6.03231, 389.553, -817.666
6.05786, -488.66, -76.4307
3.66304, -543.615, -219.965
6.80594, 10.8843, -127.946
2.67122, -80.5641, 882.033
6.26587, -889.219, 94.2982
4.14789, 597.505, 143.201
4.65309, 31.6248, -493.952
7.33455, 843.943, -211.209
4.05803, 722.662, 663.886
5.69762, 864.08, -703.254
5.95386, 822.032, -51.0235
5.36403, 36.0357, 615.353
6.60667, 895.21, -718.178
4.21807, -846.691, -659.453
5.09387, -797.537, -694.013
6.78438, 107.665, -880.661
6.18587, 358.312, 17.7364
3.45992, -823.277, 349.92
2.83145, -294.146, 308.436
3.60828, 881.687, -697.462
3.33656, 108.102, -175.569
6.31172, 363.366, -859.997
5.44905, -831.949, 351.24
4.65223, 823.678, 826.2
7.09618, 627.526, 12.3668
5.09668, 444.733, 145.001
7.38058, -682.541, -48.6098
5.15714, -449.1, 114.862
2.98716, 340.113, 296.006
5.83983, 183.959, 133.049
5.44444, 153.335, -22.8613
5.01137, -647.528, -88.1093
2.75808, -862.876, 407.469
2.6753, -296.581, 10.9403
4.41484, -754.559, -522.216
5.55555, 211.783, 100.988
5.06574, 551.993, 823.943
5.98498, 349.826, -8.82001
4.89891, 23.266, -218.827
3.88323, 40.7962, 430.376
6.01685, -431.305, 182.225
3.67701, 818.048, 1.64483
6.41501, 121.674, -182.758
6.60589, 316.965, 777.047
3.21842, -476.171, 47.5122
5.75757, -497.111, 757.555
3.87677, 825.453, -904.307
7.26215, -441.611, 677.221
4.58238, -734.615, 19.2658
3.03869, -122.838, 374.635
4.70633, -762.239, 531.652
6.28811, -389.521, -263.275
2.77803, -349.53, -267.689
3.51241, -1.71916, 116.519
6.82305, 899.474, -695.062
6.52456, -265.713, -28.6471
2.78861, -650.641, -626.046
4.40304, -44.4083, -673.006
4.56124, -98.2842, 689.597
2.80071, -350.483, 304.555
7.09746, 791.358, 599.698
3.35398, 559.132, 835.276
6.51634, -894.601, 202.64
3.88599, 680.292, 39.0841
4.44586, 165.604, 741.75
7.19936, 68.3355, 608.839
6.24573, 182.825, -207.135
3.44774, -346.489, 734.584
6.89581, 407.262, 468.744
6.8953, 395.696, -781.234
3.30515, -784.217, -235.617
5.87346, -777.543, -194.997
6.89096, 609.201, 162.083
6.98262, 263.366, 494.369
3.06535, 23.0647, 707.991
5.93789, -181.267, -219.151
3.21651, -775.056, -724.043
3.6901, 343.704, -35.2064
5.64383, 890.619, -192.637
4.312, 771.277, 371.969
4.64437, 584.602, 693.985
4.91936, -43.0359, -817.449
6.20379, -7.15264, -127.296
3.23098, -345.794, 815.445
7.36238, -771.015, -706.22
7.3158, -500.027, -242.437
3.14741, -558.544, 631.452
5.3784, -275.259, -581.006
4.66439, 102.647, -173.204
5.50066, -253.224, -267.639
5.85098, -665.771, -62.209
4.5137, 402.58, 940.992
6.46691, 650.406, 641.271
4.89889, -905.346, -236.098
5.72449, 295.856, 248.438
4.28836, -266.278, 608.121
5.96794, -311.172, -217.111
5.83428, -417.67, -662.786
3.22071, -420.942, 676.658
7.10415, -857.536, 176.472
4.22228, 23.1022, -202.982
6.66824, -388.546, -461.563
2.74349, 303.991, -694.754
3.27936, -252.189, -30.6703
2.55765, 326.316, 458.009
3.94327, 105.447, 573.707
5.07295, -322.313, -154.266
3.65948, 661.578, 429.21
2.75022, -250.021, -25.3325
5.33091, -605.736, -735.539
6.69774, -148.831, 640.084
4.28763, -669.852, -493.222
4.3452, 162.233, 833.737
7.22226, 268.341, -64.6835
4.72425, -872.713, -179.2
6.82086, 429.483, 166.304
5.82654, -781.689, -719.784
5.79297, 167.913, 639.788
7.10736, -924.929, 926.786
5.11536, 906.215, -642.989
5.45229, 438.434, -439.51
5.79944, 674.755, 667.512
4.24765, 262.745, 460.542
4.11714, 341.465, 17.403
7.08984, -94.7563, 717.885
3.08619, 907.985, -450.002
7.31268, 591.87, -108.258
5.17978, 60.1462, -249.699
5.81447, 742.35, 640.482
5.48362, 847.331, -471.941
6.93363, -508.154, -705.004
6.67999, -639.109, -576.522
6.69339, 249.781, 169.338
6.85642, -157.779, 281.673
2.5002, -784.349, 337.7
4.77274, 285.541, 317.191
4.25696, -902.071, 210.864
5.80713, -249.595, 685.358
6.22234, -893.659, 155.645
3.3821, -154.129, -490.973
7.4621, 810.138, -741.211
5.95466, -901.053, 204.99
6.97862, 161.515, -8.87375
3.51579, 343.418, -101.432
7.2356, -478.382, -69.7623
4.88476, 850.948, -471.371
6.78578, 888.094, -732.47
6.41237, -890.699, -537.119
5.70687, 878.716, -866.007
3.14521, -701.611, 191.038
5.77944, 10.7212, 688.296
3.09199, 58.3469, -5.78944
3.88793, 291.57, 748.223
6.65548, -239.136, -256.533
6.14153, -732.18, -506.659
6.74348, -606.132, 288.044
3.43989, -769.61, -840.03
6.09602, 553.166, -312.503
4.25586, 138.167, 287.548
3.34555, -419.349, -666.205
4.52383, 312.016, -540.366
4.20924, 158.116, 717.049
6.67141, 330.835, -101.426
3.9111, 704.307, 595.35
5.16766, -629.281, -451.299
6.25085, 911.832, -843.273
4.62554, -636.911, -750.176
4.66964, -493.613, 574.369
3.03022, 828.666, -916.814
6.4639, -49.894, -441.915
3.91232, -630.557, -453.069
7.14264, -501.07, -239.745
5.37926, 258.242, 482.265
3.4895, 793.13, -295.598
5.99081, 549.553, -720.356
3.07265, 464.054, -859.875
4.22945, 272.426, 734.195
4.15646, -498.852, -237.544
6.42735, 835.187, -910.44
6.65775, 456.47, -213.392
4.21712, -721.67, 740.488
4.2603, -275.167, 857.749
6.38197, 127.255, -764.898
6.58658, 12.7558, 678.523
4.26157, -177.423, 311.255
7.09559, -379.979, -265.768
3.2877, 495.923, 226.399
5.56029, -454.886, 616.124
5.54222, -420.88, 676.407
3.16647, -235.493, -695.834
3.51409, -707.881, -501.75
4.79457, -820.469, 529.192
3.48759, -472.457, 865.165
6.77118, -815.558, 362.114
6.54562, -749.667, -638.123
2.80131, -856.101, 820.739
6.50584, -698.422, 634.163
5.49597, -157.04, -494.077
7.43182, -872.304, 265.475
2.65919, -110.875, 681.442
6.8356, 866.66, -697.498
3.69109, 596.849, 281.457
3.6127, 207.256, 375.705
4.73907, -887.069, -543.688
2.61231, 856.048, -191.928
6.79755, -250.103, 4.24465
4.15902, 232.756, 526.284
5.72195, 332.225, 295.743
7.43521, -887.588, -521.078
5.30162, 289.118, -566.487
4.74553, -773.25, -243.183
5.213, 126.69, -725.333
2.90797, 786.696, -25.6156
3.99606, -752.321, -240.983
6.63964, 781.474, 618.178
6.48936, 603.609, 855.119
5.71048, -115.299, 663.011
4.84105, 611.665, 349.874
7.15326, -177.774, -538.783
5.08798, -249.873, -26.9327
7.42924, 803.373, -483.267
5.94567, -44.4559, -683.299
6.19966, -159.528, -481.545
3.46323, -403.482, -871.06
6.08881, -481.378, 580.558
6.11146, 594.81, -122.575
6.49298, 294.23, 148.007
4.23216, 249.445, -936.793
5.1481, 1.91401, -149.916
3.19001, 734.445, -332.12
6.73218, -230.736, -252.628
6.32766, -38.1466, -806.609
7.5, 867.611, -435.695
4.24891, 486.068, 921.727
5.50367, -546.54, 561.511
3.50808, -491.1, 37.7377
6.2385, 42.6681, 144.39
6.49225, 905.266, 223.076
3.03505, -690.745, 103.976
5.35813, -495.977, 41.4424
2.84683, 355.159, -379.711
4.16036, 657.582, 658.126
5.80945, 452.716, -683.568
5.27726, 132.894, -175.855
7.12415, 226.511, -8.83438
2.69832, -449.3, 194.411
2.62083, -277.732, 205.996
4.61923, 228.81, -634.524
4.36987, 424.814, 169.857
2.93303, -256.198, -257.373
3.05403, -126.134, 162.126
5.31992, 347.155, -343.811
7.37269, -1.14437, 704.234
3.05066, -28.3189, -811.403
5.99352, 101.857, 908.731
2.79674, -71.4723, -670.058
4.69755, 827.403, -45.2972
5.24651, 942.008, 694.328
3.45129, 662.071, -722.644
7.36597, 357.982, 323.833
3.19593, -647.291, -104.69
5.48978, 867.744, -469.797
7.12812, -840.514, 701.438
3.91116, -67.3868, 852.203
6.8307, -146.558, -84.318
6.29598, -203.651, -556.228
6.10793, 333.217, 602.63
3.34241, -333.239, 336.369
3.32882, 764.692, 369.315
3.39076, -641.161, -928.467
5.87226, 305.65, -558.038
4.83484, -287.714, 4.93533
6.85219, -771.288, -355.052
5.76023, -652.721, -90.13
5.80464, 741.824, 833.671
2.58037, -660.241, -569.895
4.30596, -737.859, -682.579
3.72747, 888.871, 97.9305
6.93086, -887.893, -885.534
5.23701, 814.666, 787.296
6.57209, -32.2872, -626.173
5.24453, 166.067, 824.232
4.16156, 488.718, -61.1697
4.40213, -20.5488, -641.117
2.52389, 879.315, 612.332
6.95226, -79.2471, -403.003
6.16955, -440.81, 654.817
6.04239, -110.594, 684.241
5.1278, 83.847, -194.293
6.41065, -154.363, -772.588
3.42484, -410.427, -415.436
5.72673, 272.468, 468.887
3.42178, -631.309, -254.571
3.31214, -23.4176, -100.707
2.65594, -189.364, 832.398
7.42716, 145.816, -682.661
4.04559, -294.341, -665.483
4.11075, -647.709, -294.384
5.51155, 269.529, -181.37
2.89107, -318.696, -878.646
3.93936, 2.83607, 61.4691
5.79307, -180.066, -484.291
7.36348, -897.167, -362.958
7.27758, -361.293, -747.012
7.42745, -630.529, -284.508
7.30478, -855.922, -670.694
3.0073, -507.688, 570.445
3.71505, -182.064, -481.475
6.91151, 123.037, -374.003
5.28805, 336.325, 618.999
6.7669, 778.214, 535.945
7.49145, -532.828, 563.183
3.99751, -180.883, -475.224
6.33157, 915.576, 447.498
4.81901, 292.093, -166.778
6.8168, -650.362, -734.495
6.99018, 825.779, -69.6562
7.377, 247.147, -402.467
2.77405, 621.353, 149.393
6.32605, 890.674, -631.919
5.09219, -893.363, 740.542
3.46574, 926.988, -181.516
6.98252, 229.971, -548.097
6.38492, -814.069, 107.127
2.75968, 386.632, 521.12
7.47331, -796.287, 738.895
5.93659, -81.5511, -426.466
5.94854, 857.587, 493.397
6.57666, -629.703, 796.071
7.05426, -54.1302, -420.123
3.34218, -202.516, 338.162
5.24183, -609.682, 765.704
6.53351, -508.35, -235.348
4.17803, 331.01, -509.723
5.53435, -93.6212, 13.3698
6.59602, -862.777, 349.21
7.3485, 57.7293, -209.021
6.29349, 548.862, 539.473
3.72113, -127.356, -112.262
5.80589, -574.975, 362.622
4.21574, -490.477, -227.111
7.27146, 352.957, -365.187
2.60828, 775.063, 521.904
4.54979, -876.309, 902.805
2.55789, 552.166, -690.216
3.04964, 833.827, 224.027
5.28259, -809.707, 105.098
4.45466, 27.5922, -252.347
7.20539, 137.314, -168.864
2.55572, 188.985, 389.179
6.22897, -145.179, -496.874
3.84293, 181.454, 111.569
4.27153, -633.272, -761.79
3.45835, -459.263, 632.295
5.14832, 303.956, -130.858
4.39478, -36.4466, -786.746
3.16407, -76.0718, -827.061
4.26563, -198.444, -484.947
4.2497, 772.726, 934.563
7.41084, 616.264, -155.932
5.25961, 154.479, -329.584
4.99918, 26.7937, -715.141
3.58531, -825.274, 376.794
4.37311, -236.279, -581.724
6.78251, -622.478, -458.106
6.45578, 800.9, -501.439
3.9204, -529.226, 847.057
5.07645, 447.636, 144.832
6.79238, -240.974, 47.7002
7.07844, -814.342, -181.123
7.48941, 144.622, 859.82
6.53177, 127.413, -172.37
5.22718, -886.684, -190.322
7.3461, 120.736, -726.38
5.31931, -568.284, 376.382
4.03031, -446.992, 639.187
5.41853, 858.646, 872.811
2.91197, 58.9087, -239.716
5.47382, 356.305, 556.86
3.31968, -573.55, -564.837
6.46527, -636.686, -460.919
2.95373, 601.466, 674.788
6.3072, -481.199, -677.036
6.83996, -236.076, -8.27519
6.40105, 129.072, -350.698
6.61399, 888.119, 844.528
6.70974, 364.214, 542.92
4.48328, 489.198, 241.971
6.508, -141.52, 163.604
6.56811, 365.392, -31.1104
5.43493, -397.212, 85.4014
4.64621, 766.278, -8.43978
2.5002, -56.2297, -448.258
5.31153, -779.657, 338.562
6.22632, 347.357, 328.446
3.89846, 878.827, 282.237
2.93406, -910.664, 549.366
3.5733, 858.064, -860.771
3.93296, -454.51, 606.876
4.86595, -377.146, 463.564
6.95893, 850.838, 827.212
5.91955, 494.347, -472.359
3.54376, 1.07738, -129.588
6.67533, 760.022, -23.3473
7.09218, 886.76, 906.096
4.48244, -509.999, -666.711
6.37858, 553.808, 514.734
5.68161, -129.717, -102.711
6.64746, 449.032, 238.685
3.40204, 524.158, -472.561
7.45927, 544.744, -733.716
6.70558, -133.224, -785.316
4.65177, 850.333, 234.759
4.38589, 592.31, 819.852
2.70802, 593.165, -490.306
6.80715, -693.858, -488.795
6.62116, 886.537, -859.018
6.25052, 7.52455, 714.263
3.55801, -178.469, 902.404
4.31029, -757.937, -183.252
4.43545, -599.687, -725.309
7.32918, 760.704, 626.416
6.5872, -113.866, 669.599
4.5755, -64.9501, 432.767
5.83759, 207.771, 133.732
2.52101, 486.113, 928.499
6.98048, -709.309, 213.657
3.68416, -353.852, 353.646
3.79415, 338.817, -156.136
5.4939, 399.525, -677.105
6.89823, -812.262, 355.097
6.16299, -599.042, -582.721
6.0773, 819.148, 577.191
3.57724, -575.795, 486.421
6.30413, 700.063, -936.816
3.85351, -175.283, -497.355
2.75246, 597.888, 285.987
4.78866, 334.152, 303.874
2.58759, 407.575, -717.342
3.01129, 51.4431, -226.365
2.639, -170.447, 306.315
5.65921, -359.799, -535.112
6.34425, 56.33, -214.855
2.74132, 537.883, -795.152
6.6924, -26.6345, -631.521
6.76899, -235.514, -224.79
6.57649, -484.052, 567.71
6.85188, 794.883, 375.466
5.27222, -610.383, -157.071
6.12646, -250.666, -50.7022
3.20424, -465.856, 862.082
6.6115, 583.264, -496.781
5.51185, 679.547, -179.515
4.93856, 472.795, -863.633
6.14942, -230.071, 824.806
4.05164, 753.714, -650.264
3.93925, -706.177, 320.948
5.45857, -895.353, 723.71
5.34055, 584.724, 826.529
5.41059, -894.706, -555.692
2.84132, -674.185, 283.255
4.34304, 153.412, -326.799
6.28475, -883.502, -548.187
6.35297, -449.086, -841.705
4.27217, -405.926, -282.384
5.98913, 183.483, 874.06
5.08005, -633.065, -285.541
5.94494, 335.558, 143.381
6.18066, -81.3083, 633.577
2.56231, -317.42, -640.25
7.16549, 620.982, -151.631
5.37826, 127.82, 114.032
3.05587, 519.854, 932.781
4.87388, -108.317, 24.6576
3.24247, 203.183, 98.2985
4.22594, 66.9221, 429.775
7.04476, -866.13, 187.107
4.54571, 17.3105, 526.303
5.96642, -661.046, -97.0205
3.35865, 365.856, -820.656
6.21715, 846.909, -477.266
4.16319, -434.158, 678.55
4.62157, 614.601, 313.446
2.79523, -197.227, -76.8377
5.09005, 266.865, -221.708
5.94425, 438.798, -557.516
5.01149, -241.239, -1.79408
6.56617, -183.243, -719.931
3.07974, 115.965, -887.989
5.24841, 259.357, 460.113
5.06046, 335.149, 54.1243
6.02649, 919.571, 430.426
5.65083, -241.516, 865.525
4.0207, -64.0756, -628.414
6.74719, 365.271, 329.691
3.39619, 610.273, -26.8514
2.61737, -480.711, -85.2276
4.19467, 688.092, 40.6468
3.43818, 327.204, -111.31
6.60467, -268.807, 169.009
6.72507, -881.69, -181.227
6.78031, 886.734, -700.11
7.37454, -891.453, 622.755
2.99587, 409.513, -431.282
2.56182, 568.575, 622.368
2.58614, 226.744, 535.755
2.64527, 212.396, 132.403
4.1031, 148.569, -321.107
6.17815, 609.897, 290.734
3.14876, 324.624, 462.356
2.5161, -383.809, 463.064
6.91905, 126.707, -753.881
3.70482, 209.05, -520.491
4.38481, -819.867, 718.421
4.44879, 586.169, 143.859
2.81534, 616.014, 314.781
7.30792, 181.703, 867.881
3.75349, 706.004, -348.296
6.85376, -671.105, -51.3097
2.85991, -852.25, 335.726
2.70653, -579.194, 573.971
3.46378, 317.919, -489.468
3.86708, -300.595, 309.745
7.4007, -926.292, -346.693
3.60607, 325.892, -501.879
6.43119, -858.629, 822.696
4.42306, 236.688, -386.798
3.78593, 446.352, -620.637
3.91087, -884.198, 81.4601
7.33834, 859.363, -45.4893
4.22841, 694.423, 147.407
3.45922, -897.583, 725.115
5.05037, -543.746, -363.327
5.21857, -520.338, 590.291
5.72333, -647.333, -557.428
3.89738, 7.98954, 712.341
3.41887, -315.779, -658.635
2.71579, -813.735, 350.5
3.98408, -522.493, -231.607
4.25548, -229.089, 125.828
7.09372, -390.28, 697.472
5.81225, 478.02, -340.251
5.08041, 848.244, 554.948
4.03763, 547.569, 528.383
3.0007, -316.583, 137.28
3.47502, 346.614, -893.543
4.11407, 40.1118, -131.1
5.56182, 866.046, 97.9484
5.13511, 921.984, -934.458
3.45653, 318.838, 238.3
4.7178, -691.769, -498.147
4.48693, -639.993, 781.517
6.28051, -581.695, 753.059
6.6213, 718.377, 604.416
5.51573, 99.1708, -386.419
3.04573, 568.471, -761.652
4.11797, 458.701, -167.05
5.03403, 29.3481, 300.787
4.76521, -649.208, 769.588
4.77315, -152.308, -485.003
4.91125, 911.97, 902.644
5.07896, 360.17, -650.139
4.50207, 177.385, 799.491
4.22945, 876.308, 401.144
6.64533, 886.082, -194.143
3.02204, -670.752, -728.651
6.40057, 515.841, 492.203
3.19919, -286.593, -228.03
2.62171, -756.602, -513.992
6.0664, 359.476, -664.112
7.15538, 138.713, -760.96
7.47667, 232.143, 153.457
3.86264, -886.543, 160.073
3.6923, -514.556, -237.47
3.87328, 890.334, 601.037
5.70836, -866.744, -697.334
5.17637, 287.219, 131.391
6.8967, 780.274, -295.957
6.75968, -648.429, -727.69
2.98004, 835.438, -48.4236
4.66818, -701.89, 198.985
3.17045, -153.167, -719.255
5.86802, -205.375, 315.207
5.34964, -51.7691, -457.137
3.66474, -529.536, 555.986
5.50306, 245.181, -641.53
2.6551, -734.595, -2.8951
7.08512, 530.758, -281.36
3.82958, 855.913, -193.947
6.50016, -162.409, -509.882
5.46389, 157.543, -712.526
5.0822, 350.894, 563.019
5.2567, 351.888, 583.218
3.47225, 466.002, -205.415
5.36152, 132.483, -675.201
3.81992, 176.358, 407.559
4.41648, -783.669, 513.898
2.73626, -702.361, -871.706
4.22823, 552.635, -690.377
3.61594, 630.227, -416.065
3.81264, 33.0144, -711.257
3.05141, -399.92, -453.777
7.40088, -672.986, -7.95889
5.93794, 766.502, 615.111
5.82158, -544.208, -356.85
5.99501, -585.157, -656
2.68746, -769.274, -706.833
3.6706, -643.874, -732.36
3.95397, 716.895, 657.994
3.50543, 56.435, -249.763
2.7177, 318.664, 257.279
2.56571, -497.119, 546.304
6.07297, -481.553, 781.059
6.88348, -838.68, -578.303
5.35088, -875.048, 360.794
6.92743, 841.455, 824.458
5.20042, -388.526, -268.16
3.31357, 865.944, -651.546
3.30492, 947.834, 472.389
7.19182, 298.235, 273.346
3.45628, 512.61, -788.741
3.15761, -5.3451, -120.144
4.41122, -249.18, -3.26928
6.12674, 271.437, -189.654
2.50651, 550.84, 822.955
4.60222, 33.077, 715.768
5.18984, 247.817, -216.837
4.86596, -224.738, 232.336
6.33003, 546.751, 829.186
2.9396, 508.856, -482.652
7.04284, 154.265, 322.303
3.20818, -813.763, -401.583
2.54782, 325.018, -21.858
2.82267, 257.262, 486.512
4.96742, 368.699, 220.235
5.40914, 497, 932.113
4.03373, -899.633, 536.703
4.57091, 819.116, -57.0455
4.33401, -609.92, -631.506
3.42687, 151.41, 637.765
2.76788, 615.801, 113.191
4.47222, 485.921, -51.2893
3.98388, -321.25, -163.531
5.05388, -383.302, 815.123
3.75392, -683.647, 218.096
5.01589, 909.485, 891.326
2.51168, -4.84089, 771.547
7.01807, 895.599, -440.421
2.79181, -909.754, -902.684
5.17506, -591.539, 761.286
3.95754, -381.861, 796.349
7.3023, -782.174, -237.843
4.73406, 346.209, -83.1001
5.08479, 825.051, 195.589
5.93861, -303.699, -4.61249
2.72187, -156.293, 47.0196
7.2946, -768.804, 586.185
5.70852, 373.931, 140.039
2.80215, 527.863, -696.386
3.33964, 88.1369, 259.983
5.76491, 456.738, -205.921
6.19864, -783.202, 333.634
3.57011, 839.742, 221.748
4.31441, 118.761, -738.126
6.56981, -642.569, 897.682
5.32057, 799.879, -471.651
7.45886, -28.2724, -815.467
6.5669, -768.08, 343.108
3.49157, -933.038, -15.3136
2.50003, -152.803, -784.218
4.62608, 870.219, -691.218
4.07406, 812.571, 189.442
5.56218, 594.478, -887.624
3.83351, -165.881, -521.238
4.39881, -590.143, -81.0934
5.43397, 875.792, 268.626
5.95636, -120.448, -459.054
7.26736, -399.745, -534.01
4.89785, -298.547, -890.721
3.60319, 392.493, -673.931
5.33741, -660.995, -472.985
6.09873, 342.625, 311.344
4.4953, -498.982, 572.63
3.48326, -668.831, 939.527
6.66971, -637.573, -762.329
5.59561, -447.395, -843.936
7.26866, -274.022, 155.6
3.23222, 11.8158, -196.28
5.38953, 0.88997, -434.185
7.26796, -429.505, 664.702
3.62331, 698.143, -935.166
7.25137, -490.637, 758.351
3.07874, 787.387, -495.306
2.58372, -3.20778, -198.697
3.90465, -313.799, -136.587
7.15042, 600.348, 127.878
3.04796, 753.934, 837.141
6.77266, -1.19543, 729.432
5.68532, -687.517, -710.413
5.63853, 402.082, -676.696
3.80589, 724.61, 657.49
5.13936, -882.399, 177.202
7.16608, -253.743, 849.487
3.98055, 875.802, 96.0555
4.78006, 184.39, 370.377
6.35659, -634.336, -586.59
4.17193, 169.22, 118.794
6.31775, -45.5953, -806.158
6.65892, -9.21743, 885.111
2.64618, -721.396, 556.118
4.31315, 688.64, -254.26
4.16221, 269.875, 491.59
3.17675, -454.808, -240.959
3.00839, -284.478, 612.585
5.11327, -582.032, 774.153
3.52046, 42.0613, -499.368
5.00728, -833.467, -578.873
5.1371, -28.7256, 887.693
4.13422, -251.377, -264.081
4.75888, 259.71, -384.353
6.85263, -41.1446, 903.17
4.72884, 589.496, 827.975
6.03726, -456.785, -806.105
6.83171, 878.908, -700.871
6.5822, 805.992, 192.456
2.67504, 822.86, 800.74
3.8644, -613.667, -262.924
5.21858, -401.192, -427.394
3.19942, -884.751, -541.886
5.57408, -720.401, -871.792
3.29182, -623.142, -637.978
4.41129, 113.047, 212.566
5.94997, -101.32, 177.616
3.21128, -390.226, 473.035
5.65284, -792.08, 737.37
3.15973, 155.642, 880.189
7.13583, -707.677, 209.141
5.53465, -899.356, 766.022
5.50388, -851.152, 329.699
3.33635, 577.433, -503.118
3.301, -801.535, -412.855
5.91628, 589.843, -22.7173
5.1456, -688.295, -27.273
3.65264, -91.5815, 708.422
6.55373, -460.318, -65.9181
5.76477, -417.476, -542.35
4.08597, -593.677, -582.445
2.53953, -249.091, -783.72
3.49176, 728.121, 645.716
3.78831, 15.943, 369.405
3.03825, 838.129, 34.0278
3.49545, 107.361, -400.604
6.75079, 793.732, -764.909
6.63912, -864.215, 194.189
6.76813, -861.22, -577.54
5.71027, 296.866, 766.987
3.6787, 692.674, -928.771
6.80638, -504.073, -755.266
5.4745, -27.9826, -137.425
2.52745, 518.15, -55.4449
6.84925, -623.219, -451.433
7.37729, 620.018, 160.368
5.59653, 342.146, 40.7605
3.85574, -852.851, 348.928
7.46973, -201.131, -543.987
4.60751, -672.042, -476.173
4.20537, -775.437, -594.338
4.80717, 334.587, -91.4512
4.44822, 244.447, -408.741
4.613, -9.39151, 507.707
2.84879, 138.719, 305.584
5.5153, 14.3476, -131.367
7.36114, -51.465, 202.222
5.07406, -715.379, -500.559
7.45461, 881.149, -124.356
5.84906, 586.788, -133.942
4.01716, -596.522, 53.1405
3.47371, 822.404, 571.641
4.0109, -754.86, -850.01
4.93946, -350.897, 448.503
4.72438, 499.357, 938.835
5.7844, 355.61, -868.067
3.74227, -739.192, -681.831
4.72007, 44.3263, 535.028
5.75894, -678.246, -39.3944
6.67472, -710.635, 255.631
6.03698, 172.972, 786.736
4.93928, -828.784, -621.738
6.72039, 384.917, -206.473
7.00296, -503.722, -244.008
6.33082, -688.914, -469.813
5.29453, 637.803, 883.532
2.70603, -13.5016, 91.3081
5.46749, 547.736, 81.0681
2.68674, -631.097, 798.18
4.53488, 89.6642, 419.386
2.84243, -922.977, -856.714
7.38558, -741.609, -863.277
2.5956, -504.55, -222.128
6.60363, -167.714, -253.32
5.2195, -382.667, 791.087
5.72828, 735.017, -336.169
3.62934, -260.168, -36.438
2.733, 880.105, -699.819
3.63154, 206.648, -546.892
4.58371, -635.611, 127.495
6.40126, 250.608, -607.409
3.72852, -856.211, 333.083
4.81411, 618.534, 114.743
6.14756, 911.511, 279.759
5.35237, -342.615, 785.29
5.45997, 902.71, 895.789
4.98425, -841.939, 254.772
3.951, 457.939, 168.617
4.71107, 17.4468, -197.911
2.53669, 824.173, -411.578
7.41683, 490.632, -344.537
2.52822, -748.509, -200.175
4.8676, -95.825, 704.106
5.86497, -339.939, -149.614
