6.27803, -732.006, -964.917
3.5948, 27.3392, -115.762
5.89648, 372.228, -901.196
5.09708, -274.9, 883.694
2.76731, -960.413, 650.382
2.53849, 341.371, 37.2201
4.58743, -816.771, -246.375
7.15218, 183.24, 389.954
2.95982, 38.1934, 692.905
6.00595, -182.61, 308.374
3.81226, 537.7, 799.604
4.14117, 470.689, -886.247
7.45519, 483.183, 260.592
7.41275, -498.513, -252.063
5.75759, 492.298, 434.614
6.92354, 258.773, -833.409
6.33247, -126.725, -466.191
3.87453, -475.746, -65.383
4.93259, -655.225, -278.117
2.80282, 810.281, 764.653
5.08146, -2.15464, 777.743
4.96988, 945.858, -367.968
7.23882, -798.372, -472.496
4.42071, -12.3142, -833.937
5.14874, 805.128, -473.206
2.75042, 870.903, -46.0248
6.63909, 562.413, 540.876
5.94228, -926.869, -731.334
6.18112, 258.426, 728.893
6.94286, 948.128, 434.809
4.25508, -349.259, -523.536
6.72991, 183.758, 23.6063
3.84659, 638.438, -145.978
4.83959, 59.6842, -191.427
3.2686, -654.835, -468.94
2.66527, 630.314, 120.787
7.2768, -16.7938, 88.6534
6.95369, 114.067, 481.989
3.29884, 659.273, 236.525
3.15214, 426.335, -564.224
2.515, -457.955, -807.722
6.0491, -890.732, -177.314
3.40448, -494.44, 842.843
5.76029, 767.635, -343.072
4.42907, 388.867, -702.513
3.23766, -7.72361, -227.304
5.45054, 626.993, 163.806
3.24076, 154.663, 896.982
3.2091, -175.64, 946.919
4.94257, -480.012, 116.945
3.13015, 868.327, -58.6769
5.64635, -344.258, -581.649
5.60817, 287.453, -725.648
4.88216, -480.53, 570.513
2.64188, -515.927, -254.632
3.21011, -124.987, 784.923
3.15594, -188.276, 869.677
3.31099, -836.481, 755.829
3.76529, -262.796, -828.921
4.77654, 538.546, -744.676
6.54472, -90.2756, -294.806
3.57624, 298.548, 835.492
3.75063, 812.9, 373.539
5.02978, -61.7039, 714.675
6.27922, 618.716, 150.126
5.66369, 850.844, -43.8951
5.9449, 605.843, -135.634
7.27207, 947.83, 450.186
5.18713, -389.208, 697.169
4.57014, -761.587, 29.2416
4.70019, 749.565, 165.105
6.07821, 725.293, 454.417
6.20858, 387.689, 581.667
5.12494, 762.974, -948.048
6.06711, -847.243, -78.5822
5.91025, 319.353, -22.6638
6.82941, 825.069, -589.584
3.19597, 70.1939, 752.612
3.57766, 935.453, -111.059
5.0733, -340.98, -137.383
4.83766, -103.622, 735.739
3.55759, -245.202, 602.751
5.65244, -682.594, 960.342
2.5044, -933.568, 206.026
4.09589, 443.168, 532.682
5.90281, 374.08, -110.182
6.0446, 659.887, -576.28
2.90869, -797.223, 642.283
3.56926, 267.086, 488.295
4.44412, -818.521, -564.909
4.44927, 933.328, 911.108
3.92018, 374.735, -458.8
4.6123, 544.377, 531.543
2.55658, -626.545, -427.621
3.72027, 914.959, -632.864
4.49072, -707.713, 652.297
6.64177, -655.24, 198.437
3.78584, 957.695, -702.651
3.59705, -783.514, -513.413
6.47385, 379.387, 265.645
5.8476, 487.329, 387.828
5.49108, -881.138, 272.643
5.99917, -371.574, -529.877
5.13062, 543.869, -743.808
4.14833, 198.093, 96.2121
3.30844, -719.359, 387.038
6.56633, 706.879, -22.8564
4.08004, 460.554, 124.435
4.05369, 38.3973, -739.452
4.65424, 28.5684, 139.825
4.46509, -227.201, -473.054
4.43916, -49.4586, -158.343
4.34871, -808.919, -456.129
5.88118, 339.04, -506.901
6.10384, 431.246, 29.4136
7.20082, -73.7213, 874.478
5.08573, -81.054, -362.904
5.5282, -191.757, 319.934
5.85049, -683.254, 969.016
5.11404, 65.2663, -294.362
3.87105, -919.472, 626.158
7.08924, 107.406, 281.757
3.73367, 915.24, -429.831
4.77876, 366.057, 661.084
3.30374, -931.754, 646.355
4.68319, 400.563, 382.244
7.45767, 469.403, 185.724
6.26931, -429.925, 388.755
4.97846, -956.276, -644.078
7.01651, -660.386, -802.715
4.68213, 488.968, 541.573
5.09239, 161.921, -957.315
4.44866, 89.66, -836.507
5.63431, -199.999, -573.909
5.19331, 395.608, 321.057
4.35955, 641.966, -427.337
2.54674, -349.618, 353.509
6.3794, 36.6618, -768.04
2.85317, -876.718, -571.463
3.98511, 431.14, -681.39
4.78581, -54.8904, -845.183
3.25156, -110.851, 29.7373
5.97819, 658.398, -432.02
4.15587, 370.369, 142.481
5.21197, 957.012, -856.251
2.64678, 728.143, -936.962
5.38086, -13.8982, -238.063
5.18133, 348.526, 470.13
7.36678, -764.727, -907.846
5.57063, -311.991, -597.722
5.26431, -716.099, 207.167
6.69051, -253.737, 871.196
3.75764, -511.288, 901.799
6.98957, 596.102, -124.341
5.97428, 501.974, -489.96
5.82752, -475.901, -88.4521
3.06838, -592.04, -776.676
3.37987, -947.75, 99.702
2.91253, -143.208, 171.903
6.68103, -233.196, 354.416
2.64818, 914.085, -745.258
6.34719, -23.6742, -820.987
4.29829, -512.751, 855.356
6.24626, 21.0002, 514.625
6.28385, 344.587, 333.565
3.60834, -531.174, -899.427
5.58305, 304.783, 150.043
3.66846, -564.265, -233.451
6.22052, -681.105, 285.309
5.80997, -879.869, -668.943
4.9209, 915.392, -769.745
2.58972, 835.939, 211.725
4.98291, 446.331, 177.385
5.09587, -68.3379, -857.845
4.71395, -851.45, 512.555
4.14528, -36.2825, 922.862
3.52671, 476.414, -102.015
7.19863, -228.632, -620.196
2.85168, -506.223, 901.247
3.30042, 41.111, -718.936
6.70788, -763.448, 25.6619
4.13614, -156.52, -260.052
6.85942, 161.758, 422.973
5.99896, 660.802, 512.75
5.52801, 861.854, -209.703
4.77536, 70.2953, -233.177
2.91543, -480.868, -231.271
3.94883, -46.4115, -130.022
6.51009, -586.858, -782.442
6.81821, 347.399, 41.11
3.81831, 411.084, -502.618
4.79881, -823.896, -229.88
4.95672, 598.176, -519.064
5.82344, -464.168, -964.289
7.31738, -623.313, -174.328
7.23022, 577.194, -742.229
2.81902, 227.624, -646.878
5.04829, -452.114, -281.011
6.13222, 656.575, 671.362
5.65882, 579.687, -326.074
3.26658, -905.918, -907.712
5.09652, -848.748, 517.537
3.52281, -541.567, 834.665
6.03231, 405.011, -825.479
6.05786, -461.923, -51.4275
3.66304, -554.159, -238.506
6.80594, -36.332, -124.959
2.67122, -99.8855, 925.335
6.26587, -924.275, 74.7882
4.14789, 647.846, 162.299
4.65309, 59.919, -520.504
7.33455, 926.932, -203.866
4.05803, 737.57, 683.533
5.69762, 940.669, -686.295
5.95386, 865.857, -52.6646
5.36403, 47.1939, 620.038
6.60667, 902.68, -707.429
4.21807, -888.496, -679.955
5.09387, -828.349, -736.658
6.78438, 118.871, -926.552
6.18587, 328.73, 56.8398
3.45992, -876.786, 363.275
2.83145, -307.15, 330.061
3.60828, 847.768, -707.863
3.33656, 160.372, -200.337
6.31172, 368.706, -891.361
5.44905, -833.308, 402.964
4.65223, 866.445, 854.883
7.09618, 647.843, 12.8185
5.09668, 449.036, 189.89
7.38058, -688.195, -34.8123
5.15714, -450.419, 136.333
2.98716, 336.672, 363.896
5.83983, 186.321, 106.796
5.44444, 150.328, -9.50844
5.01137, -679.57, -121.773
2.75808, -906.491, 441.076
2.6753, -328.414, 23.3985
4.41484, -791.589, -533.776
5.55555, 198.436, 103.089
5.06574, 543.152, 859.521
5.98498, 327.162, -20.8059
4.89891, -15.8353, -191.812
3.88323, 62.0573, 430.531
6.01685, -435.698, 198.925
3.67701, 857.996, 30.7646
6.41501, 157.194, -168.101
6.60589, 345.877, 814.752
3.21842, -499.073, 45.1947
5.75757, -494.304, 784.319
3.87677, 855.887, -959.904
7.26215, -394.136, 704.308
4.58238, -739.021, 17.1381
3.03869, -124.841, 392.954
4.70633, -783.721, 528.197
6.28811, -410.194, -289.212
2.77803, -340.23, -301.102
3.51241, -18.5689, 135.296
6.82305, 911.093, -731.537
6.52456, -248.755, 14.9518
2.78861, -669.862, -656.343
4.40304, -68.6234, -712.34
4.56124, -105.167, 738.593
2.80071, -370.307, 302.453
7.09746, 797.902, 650.767
3.35398, 531.536, 821.552
6.51634, -918.365, 186.622
3.88599, 723.752, 49.8214
4.44586, 166.249, 736.453
7.19936, 70.6934, 619.896
6.24573, 185.716, -197.398
3.44774, -332.796, 749.902
6.89581, 425.405, 478.436
6.8953, 401.896, -818.365
3.30515, -784.095, -252.673
5.87346, -789.318, -167.167
6.89096, 634.751, 139.417
6.98262, 246.604, 507.767
3.06535, -11.3553, 741.493
5.93789, -212.854, -231.314
3.21651, -805.131, -745.072
3.6901, 402.034, -41.9754
5.64383, 912.154, -217.735
4.312, 812.449, 372.518
4.64437, 582.875, 717.117
4.91936, -14.2011, -833.365
6.20379, 2.55647, -112.646
3.23098, -355.652, 856.371
7.36238, -805.315, -757.451
7.3158, -514.98, -204.12
3.14741, -585.847, 652.964
5.3784, -292.666, -603.637
4.66439, 164.231, -147.034
5.50066, -232.041, -223.848
5.85098, -677.581, -79.6654
4.5137, 398.785, 970.054
6.46691, 653.801, 669.297
4.89889, -950.228, -245.632
5.72449, 298.53, 278.117
4.28836, -261.709, 607.287
5.96794, -324.153, -219.222
5.83428, -415.83, -677.318
3.22071, -429.439, 705.623
7.10415, -928.604, 201.634
4.22228, 30.218, -238.466
6.66824, -396.446, -466.538
2.74349, 289.194, -725.231
3.27936, -246.571, -69.2848
2.55765, 326.957, 491.401
3.94327, 115.485, 582.855
5.07295, -347.809, -161.388
3.65948, 674.421, 434.191
2.75022, -242.96, -59.7515
5.33091, -599.525, -809.188
6.69774, -155.706, 641.421
4.28763, -656.931, -467.626
4.3452, 173.801, 848.419
7.22226, 260.1, -70.1349
4.72425, -875.315, -174.799
6.82086, 476.113, 158.836
5.82654, -780.421, -725.757
5.79297, 176.811, 657.024
7.10736, -946.836, 948.687
5.11536, 950.222, -629.37
5.45229, 442.081, -441.295
5.79944, 664.019, 649.702
4.24765, 262.491, 474.548
4.11714, 354.569, 40.686
7.08984, -112.351, 719.685
3.08619, 922.657, -445.837
7.31268, 632.698, -136.565
5.17978, 62.7906, -305.555
5.81447, 816.027, 627.444
5.48362, 896.632, -494.744
6.93363, -507.037, -730.985
6.67999, -652.411, -603.076
6.69339, 248.689, 193.153
6.85642, -177.183, 315.018
2.5002, -770.613, 334.165
4.77274, 266.844, 339.217
4.25696, -918.147, 182.903
5.80713, -254.874, 699.92
6.22234, -883.812, 155.454
3.3821, -141.81, -489.913
7.4621, 795.799, -787.969
5.95466, -923.316, 195.653
6.97862, 144.512, -24.1618
3.51579, 345.496, -120.643
7.2356, -475.645, -30.5512
4.88476, 867.961, -498.162
6.78578, 927.597, -755.039
6.41237, -930.578, -567.811
5.70687, 906.558, -883.417
3.14521, -714.411, 160.217
5.77944, 7.50897, 656.56
3.09199, 55.1133, 3.59872
3.88793, 318.801, 789.042
6.65548, -233.129, -249.754
6.14153, -744.601, -508.803
6.74348, -600.796, 293.155
3.43989, -754.621, -884.012
6.09602, 554.84, -297.506
4.25586, 143.205, 309.658
3.34555, -419.262, -700.513
4.52383, 327.498, -513.446
4.20924, 162.99, 752.456
6.67141, 350.679, -139.904
3.9111, 697.983, 586.43
5.16766, -649.499, -459.652
6.25085, 962.446, -848.991
4.62554, -682.714, -743.53
4.66964, -542.267, 557.527
3.03022, 850.099, -920.762
6.4639, -48.8317, -458.206
3.91232, -585.42, -471.586
7.14264, -568.59, -230.314
5.37926, 251.864, 524.622
3.4895, 828.672, -298.819
5.99081, 563.652, -743.619
3.07265, 490.334, -926.503
4.22945, 280.299, 760.936
4.15646, -561.591, -234.615
6.42735, 826.668, -942.549
6.65775, 457.974, -211.275
4.21712, -732.556, 749.854
4.2603, -278.149, 914.254
6.38197, 136.727, -778.84
6.58658, -5.00507, 685.033
4.26157, -144.051, 288.467
7.09559, -402.406, -292.645
3.2877, 518.106, 245.854
5.56029, -484.599, 575.157
5.54222, -429.468, 705.455
3.16647, -245.676, -726.345
3.51409, -728.011, -493.1
4.79457, -850.465, 512.311
3.48759, -489.682, 907.298
6.77118, -847.641, 380.897
6.54562, -763.748, -661.415
2.80131, -888.339, 866.21
6.50584, -717.249, 633.724
5.49597, -181.135, -532.056
7.43182, -881.61, 280.466
2.65919, -134.56, 673.35
6.8356, 912.093, -734.013
3.69109, 640.049, 313.541
3.6127, 169.317, 426.013
4.73907, -920.071, -557.772
2.61231, 855.531, -182.782
6.79755, -270.19, -3.61121
4.15902, 219.905, 567.529
5.72195, 310.123, 287.817
7.43521, -923.721, -493.559
5.30162, 284.857, -577.358
4.74553, -755.65, -247.22
5.213, 142.468, -726.955
2.90797, 783.359, -37.3708
3.99606, -810.598, -261.195
6.63964, 788.927, 628.273
6.48936, 616.646, 907.539
5.71048, -109.836, 681.023
4.84105, 623.638, 373.554
7.15326, -213.345, -574.442
5.08798, -247.846, -54.0861
7.42924, 788.877, -498.185
5.94567, -59.439, -693.64
6.19966, -169.562, -471.629
3.46323, -396.168, -910.313
6.08881, -458.683, 606.784
6.11146, 571.028, -165.17
6.49298, 273.349, 150.378
4.23216, 253.022, -973.414
5.1481, -19.796, -91.9692
3.19001, 725.019, -338.319
6.73218, -235.101, -248.563
6.32766, -56.3168, -859.676
7.5, 905.145, -444.823
4.24891, 474.297, 955.79
5.50367, -598.512, 569.662
3.50808, -493.007, 71.181
6.2385, 39.3427, 162.274
6.49225, 949.326, 218.417
3.03505, -700.162, 107.051
5.35813, -512.203, 45.8186
2.84683, 365.019, -359.199
4.16036, 698.857, 683.958
5.80945, 474.593, -698.474
5.27726, 144.537, -176.078
7.12415, 228.178, -10.951
2.69832, -472.76, 214.942
2.62083, -298.844, 227.926
4.61923, 218.072, -648.395
4.36987, 466.026, 122.573
2.93303, -238.054, -237.257
3.05403, -147.321, 172.477
5.31992, 355.236, -337.481
7.37269, 33.2379, 727.511
3.05066, -52.5418, -863.769
5.99352, 99.5725, 953.354
2.79674, -57.3755, -712.335
4.69755, 832.117, -93.2863
5.24651, 972.711, 707.493
3.45129, 680.083, -739.616
7.36597, 330.145, 318.309
3.19593, -671.52, -60.9177
5.48978, 899.311, -431.609
7.12812, -860.926, 702.168
3.91116, -62.4858, 884.862
6.8307, -163.304, -90.7945
6.29598, -197.286, -587.925
6.10793, 343.61, 612.831
3.34241, -359.516, 359.249
3.32882, 787.911, 358.03
3.39076, -644.783, -965.984
5.87226, 325.098, -586.213
4.83484, -334.173, 30.1998
6.85219, -795.7, -356.552
5.76023, -672.99, -117.503
5.80464, 744.83, 857.598
2.58037, -644.975, -583.812
4.30596, -756.136, -680.099
3.72747, 907.086, 94.6011
6.93086, -909.442, -926.45
5.23701, 820.322, 785.777
6.57209, -48.2004, -630.72
5.24453, 164.064, 856.043
4.16156, 497.61, -44.9883
4.40213, 9.29862, -651.214
2.52389, 911.063, 639.322
6.95226, -87.0605, -398.5
6.16955, -479.176, 674.522
6.04239, -147.416, 650.572
5.1278, 80.9395, -176.773
6.41065, -178.455, -797.691
3.42484, -408.914, -455.624
5.72673, 260.986, 480.421
3.42178, -666.587, -312.155
3.31214, 30.5545, -113.565
2.65594, -182.686, 841.057
7.42716, 133.27, -669.836
4.04559, -320.232, -696.139
4.11075, -660.967, -297.745
5.51155, 279.944, -217.931
2.89107, -326.13, -905.064
3.93936, 1.64055, 61.1847
5.79307, -142.955, -487.935
7.36348, -956.668, -352.77
7.27758, -362.338, -777.003
7.42745, -660.268, -296.322
7.30478, -890.233, -719.146
3.0073, -544.638, 537.372
3.71505, -146.685, -485.722
6.91151, 110.982, -414.834
5.28805, 338.208, 675.542
6.7669, 792.235, 520.356
7.49145, -525.626, 540.474
3.99751, -236.686, -477.905
6.33157, 949.182, 447.089
4.81901, 293.137, -163.115
6.8168, -638.86, -771.509
6.99018, 848.087, -14.6294
7.377, 254.949, -402.794
2.77405, 622.558, 142.382
6.32605, 913.345, -625.895
5.09219, -917.578, 735.809
3.46574, 938.44, -216.465
6.98252, 219.946, -555.033
6.38492, -839.822, 96.9004
2.75968, 406.241, 532.741
7.47331, -818.081, 753.715
5.93659, -42.7999, -443.157
5.94854, 876.269, 495.661
6.57666, -653.295, 810.477
7.05426, -55.4028, -462.516
3.34218, -201.408, 381.584
5.24183, -590.314, 794.626
6.53351, -500.508, -257.151
4.17803, 330.794, -538.055
5.53435, -93.4357, 31.4431
6.59602, -912.797, 335.028
7.3485, 72.0201, -246.811
6.29349, 564.983, 501.265
3.72113, -133.552, -100.931
5.80589, -570.905, 391.835
4.21574, -459.442, -196.4
7.27146, 367.634, -387.767
2.60828, 793.918, 548.362
4.54979, -885.745, 929.363
2.55789, 577.45, -677.085
3.04964, 851.84, 221.995
5.28259, -814.459, 101.739
4.45466, -8.18833, -241.306
7.20539, 116.647, -183.918
2.55572, 180.628, 366.156
6.22897, -201.355, -450.826
3.84293, 130.696, 121.973
4.27153, -653.656, -752.111
3.45835, -441.906, 627.633
5.14832, 292.431, -145.69
4.39478, -45.3249, -876.867
3.16407, -8.68836, -817.823
4.26563, -149.071, -539.899
4.2497, 779.314, 965.811
7.41084, 643.754, -146.464
5.25961, 142.364, -366.74
4.99918, 32.0709, -725.14
3.58531, -831.837, 431.721
4.37311, -253.088, -629.016
6.78251, -648.579, -460.488
6.45578, 793.871, -529.442
3.9204, -507.275, 903.032
5.07645, 435.974, 114.43
6.79238, -254.191, 8.1438
7.07844, -895.277, -176.839
7.48941, 129.2, 892.06
6.53177, 151.209, -180.004
5.22718, -910.196, -183.011
7.3461, 150.848, -720.013
5.31931, -580.993, 363.419
4.03031, -441.123, 643.175
5.41853, 927.258, 916.754
2.91197, 58.6728, -306.128
5.47382, 347.808, 605.111
3.31968, -582.551, -588.353
6.46527, -633.308, -425.624
2.95373, 593.75, 701.686
6.3072, -496.782, -679.347
6.83996, -268.769, 12.8919
6.40105, 173.52, -334.454
6.61399, 909.44, 929.685
6.70974, 369.509, 545.954
4.48328, 479.95, 259.415
6.508, -151.317, 168.235
6.56811, 373.432, -40.2939
5.43493, -404.472, 94.9351
4.64621, 776.891, -33.6718
2.5002, -31.6996, -450.849
5.31153, -804.621, 324.021
6.22632, 357.811, 332.382
3.89846, 920.217, 285.291
2.93406, -957.849, 559.771
3.5733, 853.476, -872.243
3.93296, -479.232, 569.773
4.86595, -387.11, 462.126
6.95893, 839.07, 820.075
5.91955, 513.237, -496.38
3.54376, -26.8786, -91.7134
6.67533, 781.097, 2.52026
7.09218, 911.071, 893.554
4.48244, -486.091, -684.953
6.37858, 547.498, 532.684
5.68161, -140.671, -96.8497
6.64746, 484.351, 256.556
3.40204, 540.672, -474.215
7.45927, 568.276, -718.722
6.70558, -151.435, -826.891
4.65177, 874.698, 255.195
4.38589, 594.747, 868.251
2.70802, 633.68, -498.65
6.80715, -757.56, -512.962
6.62116, 897.493, -893.409
6.25052, 29.6105, 726.648
3.55801, -167.8, 958.116
4.31029, -783.981, -184.968
4.43545, -580.515, -755.612
7.32918, 792.366, 635.965
6.5872, -139.91, 664.154
4.5755, -75.605, 442.796
5.83759, 190.503, 160.646
2.52101, 473.991, 960.011
6.98048, -723.841, 226.524
3.68416, -351.953, 354.452
3.79415, 347.411, -95.3899
5.4939, 387.674, -706.199
6.89823, -820.211, 360.624
6.16299, -564.136, -580.839
6.0773, 878.443, 566.066
3.57724, -595.575, 482.604
6.30413, 683.182, -946.896
3.85351, -183.885, -529.392
2.75246, 646.475, 323.411
4.78866, 291.852, 255.675
2.58759, 433.555, -757.925
3.01129, 60.6172, -193.344
2.639, -142.94, 284.759
5.65921, -353.081, -531.247
6.34425, 73.3758, -245.689
2.74132, 532.495, -825.483
6.6924, -29.1829, -629.627
6.76899, -253.479, -282.117
6.57649, -476.625, 581.547
6.85188, 788.905, 392.205
5.27222, -619.095, -147.764
6.12646, -266.682, 23.964
3.20424, -488.641, 904.741
6.6115, 584.141, -515.6
5.51185, 712.464, -190.618
4.93856, 493.396, -900.055
6.14942, -268.412, 901.884
4.05164, 755.783, -661.708
3.93925, -701.151, 341.318
5.45857, -923.14, 770.329
5.34055, 625.02, 848.031
5.41059, -936.79, -555.847
2.84132, -674.887, 291.853
4.34304, 143.896, -356.912
6.28475, -928.194, -561.804
6.35297, -449.814, -857.774
4.27217, -392.999, -264.17
5.98913, 224.581, 911.058
5.08005, -662.617, -303.729
5.94494, 360.618, 149.729
6.18066, -80.8814, 621.222
2.56231, -334.254, -660.892
7.16549, 639.497, -147.588
5.37826, 114.695, 118.885
3.05587, 495.502, 977.477
4.87388, -104.652, 26.2181
3.24247, 221.842, 109.208
4.22594, 43.9962, 434.411
7.04476, -904.193, 150.142
4.54571, 5.53888, 534.776
5.96642, -674.54, -74.8158
3.35865, 370.112, -899.614
6.21715, 863.089, -492.644
4.16319, -426.954, 659.33
4.62157, 647.646, 325.904
2.79523, -163.042, -77.4987
5.09005, 285.281, -210.268
5.94425, 461.685, -572.294
5.01149, -274.454, -4.44903
6.56617, -174.716, -739.263
3.07974, 90.7693, -914.586
5.24841, 290.024, 458.666
5.06046, 382.281, 19.0948
6.02649, 956.155, 457.914
5.65083, -250.598, 872.267
4.0207, -38.0588, -646.243
6.74719, 404.727, 352.249
3.39619, 622.904, -30.4886
2.61737, -514.075, -98.1174
4.19467, 703.669, 42.6962
3.43818, 357.043, -118.513
6.60467, -288.342, 161.22
6.72507, -909.796, -173.531
6.78031, 844.738, -704.243
7.37454, -931.993, 641.632
2.99587, 440.225, -440.986
2.56182, 566.011, 643.373
2.58614, 221.236, 566.281
2.64527, 234.209, 103.697
4.1031, 146.501, -357.185
6.17815, 617.068, 296.199
3.14876, 361.491, 466.021
2.5161, -373.192, 493.778
6.91905, 147.319, -793.469
3.70482, 211.13, -548.563
4.38481, -826.257, 749.578
4.44879, 645.492, 154.564
2.81534, 604.061, 290.063
7.30792, 187.353, 917.023
3.75349, 713.126, -351.966
6.85376, -679.829, -81.2018
2.85991, -899.634, 399.064
2.70653, -596.335, 573.6
3.46378, 326.225, -515.718
3.86708, -303.149, 304.099
7.4007, -941.704, -359.966
3.60607, 338.862, -534.747
6.43119, -868.515, 841.27
4.42306, 282.971, -412.533
3.78593, 466.912, -630.206
3.91087, -911.292, 54.215
7.33834, 883.498, -59.3592
4.22841, 730.388, 153.41
3.45922, -953.786, 730.399
5.05037, -546.677, -369.15
5.21857, -544.865, 619.408
5.72333, -669.489, -580.585
3.89738, 15.6539, 786.091
3.41887, -299.883, -698.337
2.71579, -822.649, 363.052
3.98408, -483.641, -248.761
4.25548, -230.124, 134.617
7.09372, -410.425, 691.67
5.81225, 497.337, -355.062
5.08041, 864.634, 569.946
4.03763, 594.522, 568.265
3.0007, -339.398, 147.922
3.47502, 370.757, -882.641
4.11407, 41.7346, -108.383
5.56182, 928.708, 90.0078
5.13511, 945.989, -964.987
3.45653, 291.721, 267.177
4.7178, -631.509, -452.076
4.48693, -686.837, 827.342
6.28051, -596.09, 745.03
6.6213, 729.444, 602.794
5.51573, 143.053, -372.429
3.04573, 594.88, -804.288
4.11797, 475.851, -164.995
5.03403, 16.3097, 311.438
4.76521, -670.109, 792.422
4.77315, -174.902, -451.489
4.91125, 920.526, 901.545
5.07896, 364.131, -648.92
4.50207, 184.996, 800.643
4.22945, 958.363, 452.691
6.64533, 915.676, -213.395
3.02204, -712.587, -772.426
6.40057, 551.519, 534.648
3.19919, -293.903, -234.961
2.62171, -785.011, -532.451
6.0664, 397.46, -715.435
7.15538, 136.874, -804.169
7.47667, 213.002, 172.082
3.86264, -875.135, 154.4
3.6923, -521.791, -248.533
3.87328, 935.542, 612.077
5.70836, -892.488, -735.542
5.17637, 300.49, 129.078
6.8967, 804.259, -291.962
6.75968, -645.121, -805.965
2.98004, 851.851, -61.6015
4.66818, -729.373, 238.077
3.17045, -186.334, -740.526
5.86802, -172.945, 314.26
5.34964, -30.6808, -438.641
3.66474, -577.645, 575.154
5.50306, 259.442, -672.22
2.6551, -779.058, -19.9012
7.08512, 552.838, -291.598
3.82958, 853.281, -176.981
6.50016, -173.847, -518.982
5.46389, 132.162, -732.013
5.0822, 338.493, 617.819
5.2567, 357.153, 602.454
3.47225, 468.669, -237.113
5.36152, 158.618, -710.844
3.81992, 191.782, 391.886
4.41648, -772.665, 533.138
2.73626, -749.074, -888.328
4.22823, 573.533, -674.498
3.61594, 637.698, -431.747
3.81264, 15.2355, -707.783
3.05141, -418.969, -418.773
7.40088, -694.898, 0.777614
5.93794, 795.654, 636.525
5.82158, -546.185, -374.16
5.99501, -587.173, -669.786
2.68746, -804.895, -756.945
3.6706, -641.239, -751.321
3.95397, 739.515, 678.856
3.50543, 28.8338, -228.092
2.7177, 325.854, 311.977
2.56571, -540.43, 548.323
6.07297, -511.776, 765.376
6.88348, -856.704, -600.727
5.35088, -879.398, 313.688
6.92743, 856.953, 837.52
5.20042, -362.329, -273.427
3.31357, 906.011, -622.003
3.30492, 954.955, 431.004
7.19182, 295.447, 258.404
3.45628, 535.937, -826.535
3.15761, -1.08747, -117.595
4.41122, -257.214, 14.5373
6.12674, 267.241, -235.099
2.50651, 542.994, 856.607
4.60222, 13.9633, 721.93
5.18984, 270.111, -233.847
4.86596, -233.563, 241.091
6.33003, 549.332, 852.641
2.9396, 547.977, -458.004
7.04284, 151.721, 327.041
3.20818, -837.86, -406.471
2.54782, 382.853, -41.5824
2.82267, 251.735, 526.325
4.96742, 377.129, 220.72
5.40914, 522.504, 966.795
4.03373, -928.672, 540.944
4.57091, 867.502, -61.4872
4.33401, -596.806, -662.405
3.42687, 152.987, 653.982
2.76788, 614.067, 147.162
4.47222, 522.91, -61.6283
3.98388, -347.235, -126.669
5.05388, -391.363, 811.709
3.75392, -734.213, 232.673
5.01589, 917.457, 907.025
2.51168, 9.1278, 775.508
7.01807, 960.902, -443.652
2.79181, -925.307, -931.54
5.17506, -633.737, 792.304
3.95754, -390.3, 838.169
7.3023, -794.39, -257.712
4.73406, 335.812, -107.871
5.08479, 868.529, 173.888
5.93861, -263.576, -3.54229
2.72187, -159.218, 64.8012
7.2946, -786.54, 598.611
5.70852, 378.036, 142.433
2.80215, 600.302, -759.251
3.33964, 63.6271, 264.749
5.76491, 489.782, -226.614
6.19864, -770.375, 332.485
3.57011, 852.553, 214.326
4.31441, 145.014, -831.475
6.56981, -645.134, 919.202
5.32057, 811.311, -459.73
7.45886, -51.4191, -860.414
6.5669, -762.618, 378.503
3.49157, -969.783, -19.9865
2.50003, -135.029, -817.333
4.62608, 911.316, -739.747
4.07406, 844.042, 207.262
5.56218, 602.129, -915.543
3.83351, -177.217, -530.291
4.39881, -592.086, -68.7975
5.43397, 923.927, 287.582
5.95636, -130.966, -463.389
7.26736, -440.842, -559.553
4.89785, -294.589, -929.577
3.60319, 409.402, -700.947
5.33741, -702.538, -464.873
6.09873, 386.283, 353.784
4.4953, -481.109, 583.256
3.48326, -680.767, 961.606
6.66971, -658.602, -754.078
5.59561, -450.909, -854.879
7.26866, -278.345, 184.364
3.23222, -11.5927, -221.708
5.38953, 25.6814, -449.132
7.26796, -411.209, 713.397
3.62331, 714.453, -969.111
7.25137, -488.645, 793.942
3.07874, 802.261, -514.782
2.58372, 18.1042, -225.947
3.90465, -336.555, -170.778
7.15042, 621.575, 160.578
3.04796, 766.705, 867.881
6.77266, 10.8707, 786.376
5.68532, -712.475, -721.961
5.63853, 386.12, -703.156
3.80589, 724.087, 702.837
5.13936, -946.853, 219.297
7.16608, -248.862, 880.148
3.98055, 903.866, 116.933
4.78006, 181.141, 413.043
6.35659, -652.19, -607.249
4.17193, 147.765, 119.584
6.31775, -42.1375, -887.211
6.65892, -31.4699, 932.549
2.64618, -723.25, 563.063
4.31315, 704.782, -262.302
4.16221, 267.219, 467.312
3.17675, -492.938, -244.445
3.00839, -298.83, 619.462
5.11327, -595.39, 792.431
3.52046, 31.2223, -517.995
5.00728, -855.297, -602.064
5.1371, -16.6505, 956.243
4.13422, -260.482, -301.153
4.75888, 231.96, -424.495
6.85263, -16.5605, 929.61
4.72884, 618.813, 843.941
6.03726, -453.317, -882.994
6.83171, 885.596, -688.663
6.5822, 825.09, 195.408
2.67504, 849.448, 844.829
3.8644, -635.896, -245.356
5.21858, -416.65, -426.427
3.19942, -932.795, -562.526
5.57408, -754.627, -880.64
3.29182, -633.265, -624.797
4.41129, 104.235, 217.542
5.94997, -96.4216, 185.569
3.21128, -404.089, 476.137
5.65284, -782.603, 771.469
3.15973, 170.119, 932.265
7.13583, -719.446, 219.216
5.53465, -929.769, 788.931
5.50388, -907.056, 372.861
3.33635, 586.821, -512.348
3.301, -852.738, -397.788
5.91628, 600.191, -23.087
5.1456, -684.977, -3.5661
3.65264, -134.469, 766.275
6.55373, -498.264, -55.471
5.76477, -414.585, -550.633
4.08597, -590.799, -588.452
2.53953, -255.496, -800.252
3.49176, 719.12, 715.599
3.78831, 0.882056, 376.935
3.03825, 863.567, 46.8279
3.49545, 107.027, -414.114
6.75079, 803.453, -766.905
6.63912, -937.369, 192.931
6.76813, -940.241, -542.368
5.71027, 299.978, 774.143
3.6787, 709.178, -973.911
6.80638, -503.029, -788.412
5.4745, 29.2887, -116.156
2.52745, 508.382, -57.3946
6.84925, -643.921, -458.389
7.37729, 637.628, 104.972
5.59653, 368.243, 22.6479
3.85574, -910.392, 354.116
7.46973, -173.5, -606.398
4.60751, -695.198, -516.999
4.20537, -786.707, -607.734
4.80717, 353.201, -113.52
4.44822, 255.11, -396.745
4.613, -35.1663, 511.835
2.84879, 126.834, 299.743
5.5153, -33.7628, -113.209
7.36114, -50.1738, 219.737
5.07406, -708.177, -513.101
7.45461, 930.735, -134.669
5.84906, 590.649, -127.543
4.01716, -601.929, 64.0537
3.47371, 846.686, 586.312
4.0109, -720.488, -907.227
4.93946, -340.102, 455.665
4.72438, 517.796, 956.011
5.7844, 329.033, -914.076
3.74227, -755.34, -681.652
4.72007, 51.7725, 548.564
5.75894, -694.818, 24.5117
6.67472, -727.521, 216.559
6.03698, 193.241, 812.201
4.93928, -852.006, -631.834
6.72039, 393.769, -226.181
7.00296, -505.416, -194.799
6.33082, -660.128, -506.052
5.29453, 644.663, 875.803
2.70603, -4.47973, 74.2424
5.46749, 557.067, 71.0259
2.68674, -645.562, 803.814
4.53488, 57.0099, 432.17
2.84243, -955.505, -871.49
7.38558, -755.583, -897.452
2.5956, -492.087, -263.815
6.60363, -164.063, -267.844
5.2195, -385.349, 849.574
5.72828, 773.282, -338.254
3.62934, -254.8, 10.4423
2.733, 862.443, -715.992
3.63154, 200.793, -536.798
4.58371, -634.08, 131.927
6.40126, 260.162, -621.069
3.72852, -922.561, 372.907
4.81411, 628.216, 138.036
6.14756, 934.956, 290.132
5.35237, -334.184, 803.233
5.45997, 900.588, 904.677
4.98425, -906.814, 276.585
3.951, 453.846, 143.587
4.71107, -4.86638, -227.375
2.53669, 841.749, -401.054
7.41683, 491.795, -352.884
2.52822, -774.423, -191.033
4.8676, -118.102, 748.632
5.86497, -318.583, -126.719
