6.27803, -731.466, -960.927
3.5948, 23.349, -117.423
5.89648, 370.112, -901.065
5.09708, -277.549, 881.589
2.76731, -960.586, 651.21
2.53849, 340.464, 36.9028
4.58743, -812.814, -248.78
7.15218, 185.341, 391.559
2.95982, 36.0889, 693.487
6.00595, -185.927, 311.018
3.81226, 538.016, 798.97
4.14117, 470.763, -884.341
7.45519, 475.848, 260.046
7.41275, -502.097, -252.894
5.75759, 490.672, 433.38
6.92354, 258.281, -831.04
6.33247, -131.552, -468.763
3.87453, -472.675, -65.753
4.93259, -655.219, -279.052
2.80282, 808.829, 764.065
5.08146, -0.139922, 774.808
4.96988, 942.825, -368.706
7.23882, -796.252, -472.774
4.42071, -16.6396, -832.062
5.14874, 803.68, -475.986
2.75042, 870.367, -52.4353
6.63909, 562.055, 539.257
5.94228, -921.848, -729.184
6.18112, 258.407, 728.127
6.94286, 949.112, 436.405
4.25508, -350.486, -520.348
6.72991, 183.94, 23.2342
3.84659, 632.217, -137.518
4.83959, 60.5554, -191.732
3.2686, -654.448, -468.674
2.66527, 627.184, 120.329
7.2768, -16.5544, 88.7222
6.95369, 114.587, 480.349
3.29884, 656.536, 234.99
3.15214, 426.096, -563.129
2.515, -458.742, -806.625
6.0491, -889.341, -177.574
3.40448, -494.167, 840.249
5.76029, 769.103, -338.748
4.42907, 392.801, -709.145
3.23766, -4.14006, -225.276
5.45054, 617.483, 159.721
3.24076, 156.208, 894.429
3.2091, -174.463, 945.355
4.94257, -478.207, 115.597
3.13015, 860.827, -64.3671
5.64635, -342.339, -579.568
5.60817, 284.687, -723.115
4.88216, -480.487, 566.062
2.64188, -507.591, -251.828
3.21011, -124.262, 780.87
3.15594, -189.314, 866.866
3.31099, -834.384, 754.912
3.76529, -262.032, -825.626
4.77654, 535.032, -740.646
6.54472, -89.734, -294.12
3.57624, 298.068, 832.284
3.75063, 811.055, 372.446
5.02978, -62.3122, 713.894
6.27922, 617.156, 148.167
5.66369, 845.279, -41.2196
5.9449, 602.949, -138.632
7.27207, 946.313, 456.951
5.18713, -385.705, 693.345
4.57014, -760.132, 24.5538
4.70019, 747.9, 164.894
6.07821, 723.811, 453.866
6.20858, 384.593, 579.54
5.12494, 761.839, -946.428
6.06711, -844.759, -79.177
5.91025, 317.702, -23.4665
6.82941, 824.2, -588.324
3.19597, 67.8519, 749.563
3.57766, 930.608, -112.863
5.0733, -338.295, -140.643
4.83766, -106.239, 737.569
3.55759, -243.707, 602.648
5.65244, -680.804, 963.478
2.5044, -922.558, 205.128
4.09589, 441.804, 531.073
5.90281, 372.574, -107.59
6.0446, 658.443, -574.806
2.90869, -795.671, 640.546
3.56926, 266.454, 483.436
4.44412, -816.396, -564.114
4.44927, 933.111, 909.919
3.92018, 373.701, -458.561
4.6123, 548.997, 528.907
2.55658, -629.164, -427.888
3.72027, 912.628, -634.015
4.49072, -707.157, 650.461
6.64177, -656.387, 198.127
3.78584, 953.354, -702.932
3.59705, -780.864, -511.25
6.47385, 377.868, 265.303
5.8476, 485.281, 387.349
5.49108, -880.305, 271.496
5.99917, -370.123, -528.795
5.13062, 547.187, -743.338
4.14833, 200.721, 97.9033
3.30844, -720.09, 384.848
6.56633, 705.359, -22.1263
4.08004, 455.702, 123.366
4.05369, 36.2264, -737.911
4.65424, 28.6655, 138.549
4.46509, -224.282, -472.597
4.43916, -47.5663, -159.718
4.34871, -804.626, -458.6
5.88118, 337.149, -510.084
6.10384, 428.262, 29.5731
7.20082, -72.9711, 872.994
5.08573, -81.2391, -363.797
5.5282, -189.319, 316.608
5.85049, -681.633, 960.584
5.11404, 62.5909, -294.226
3.87105, -917.312, 626.744
7.08924, 109.247, 281.505
3.73367, 914.405, -427.676
4.77876, 363.4, 657.964
3.30374, -929.601, 643.301
4.68319, 398.732, 378.025
7.45767, 465.419, 185.318
6.26931, -428.708, 388.475
4.97846, -952.273, -642.51
7.01651, -659.534, -797.97
4.68213, 488.598, 539.005
5.09239, 161.04, -953.967
4.44866, 89.9393, -833.107
5.63431, -198.337, -576.517
5.19331, 392.744, 321.897
4.35955, 642.771, -424.792
2.54674, -346.973, 350.818
6.3794, 36.1187, -765.046
2.85317, -875.361, -572.861
3.98511, 429.035, -681.79
4.78581, -55.7177, -841.099
3.25156, -106.769, 26.2931
5.97819, 654.945, -431.312
4.15587, 372.279, 143.751
5.21197, 956.743, -850.928
2.64678, 727.948, -933.274
5.38086, -12.591, -232.347
5.18133, 346.82, 469.494
7.36678, -762.084, -902.784
5.57063, -312.331, -595.879
5.26431, -714.615, 210.174
6.69051, -247.752, 871.641
3.75764, -505.752, 898.871
6.98957, 592.426, -123.586
5.97428, 503.316, -489.926
5.82752, -476.348, -86.9434
3.06838, -590.112, -774.104
3.37987, -943.167, 100.294
2.91253, -149.552, 168.893
6.68103, -231.305, 352.206
2.64818, 910.657, -738.239
6.34719, -24.1524, -819.688
4.29829, -512.209, 853.152
6.24626, 22.208, 513.716
6.28385, 341.769, 331.562
3.60834, -530.301, -896.318
5.58305, 304.185, 151.19
3.66846, -568.86, -231.8
6.22052, -682.553, 282.978
5.80997, -876.744, -667.188
4.9209, 911.525, -768.602
2.58972, 839.472, 206.591
4.98291, 447.078, 174.903
5.09587, -58.7509, -854.647
4.71395, -848.049, 506.663
4.14528, -31.0475, 921.734
3.52671, 475.326, -101.311
7.19863, -227.446, -616.163
2.85168, -511.059, 899.255
3.30042, 37.7546, -718.496
6.70788, -758.598, 27.4422
4.13614, -155.424, -258.081
6.85942, 161.137, 422.165
5.99896, 659.414, 512.334
5.52801, 861.018, -208.057
4.77536, 68.5411, -235.636
2.91543, -479.428, -237.026
3.94883, -43.9749, -129.085
6.51009, -589.574, -782.214
6.81821, 348.698, 42.0381
3.81831, 409.731, -501.516
4.79881, -819.885, -229.358
4.95672, 593.368, -517.218
5.82344, -463.773, -961.045
7.31738, -622.12, -174.852
7.23022, 574.656, -739.222
2.81902, 226.755, -645.926
5.04829, -454.392, -278.552
6.13222, 652.346, 669.773
5.65882, 576.838, -324.202
3.26658, -904.967, -908.392
5.09652, -846.834, 513.724
3.52281, -539.494, 832.115
6.03231, 404.062, -826.722
6.05786, -462.425, -54.6395
3.66304, -555.262, -237.012
6.80594, -33.4321, -122.866
2.67122, -98.5824, 922.042
6.26587, -921.732, 76.3266
4.14789, 649.043, 157.468
4.65309, 58.2827, -518.786
7.33455, 920.593, -206.728
4.05803, 737.944, 683.436
5.69762, 935.629, -685.932
5.95386, 862.813, -52.5212
5.36403, 45.483, 619.597
6.60667, 902.366, -709.935
4.21807, -885.81, -679.703
5.09387, -826.747, -732.462
6.78438, 118.317, -923.33
6.18587, 329, 55.1794
3.45992, -872.048, 361.515
2.83145, -306.972, 328.534
3.60828, 845.155, -703.61
3.33656, 159.051, -194.787
6.31172, 369.659, -886.89
5.44905, -832.323, 399.778
4.65223, 865.687, 851.681
7.09618, 646.224, 12.8473
5.09668, 450.228, 189.302
7.38058, -688.896, -36.0954
5.15714, -450.156, 134.876
2.98716, 337.28, 359.637
5.83983, 185.013, 110.037
5.44444, 151.323, -9.12482
5.01137, -676.627, -118.281
2.75808, -903.13, 438.587
2.6753, -324.724, 21.4281
4.41484, -787.165, -533.632
5.55555, 199.215, 99.0451
5.06574, 544.225, 855.773
5.98498, 330.319, -19.2973
4.89891, -14.3565, -193.014
3.88323, 58.0727, 432.339
6.01685, -435.283, 197.584
3.67701, 854.562, 28.3011
6.41501, 154.435, -167.74
6.60589, 343.845, 811.86
3.21842, -495.499, 44.9925
5.75757, -495.335, 780.521
3.87677, 853.966, -956.344
7.26215, -397.329, 700.518
4.58238, -737.796, 17.6289
3.03869, -124.642, 391.574
4.70633, -780.839, 528.255
6.28811, -408.668, -286.808
2.77803, -340.609, -298.554
3.51241, -17.305, 133.988
6.82305, 904.147, -727.561
6.52456, -251.996, 12.0892
2.78861, -668.57, -654.085
4.40304, -66.8843, -712.116
4.56124, -100.488, 732.67
2.80071, -368.82, 302.515
7.09746, 794.108, 646.301
3.35398, 532.131, 822.248
6.51634, -918.435, 188.927
3.88599, 721.478, 49.2576
4.44586, 165.302, 736.86
7.19936, 71.1235, 618.982
6.24573, 186.414, -198.974
3.44774, -333.834, 748.666
6.89581, 424.004, 477.617
6.8953, 401.251, -813.727
3.30515, -783.161, -252.301
5.87346, -786.932, -169.024
6.89096, 631.616, 140.77
6.98262, 249.444, 506.733
3.06535, -9.15217, 739.783
5.93789, -208.756, -229.402
3.21651, -806.161, -743.054
3.6901, 398.762, -41.1366
5.64383, 911.562, -211.359
4.312, 810.342, 374.953
4.64437, 582.684, 715.699
4.91936, -14.1024, -829.929
6.20379, 4.62349, -113.053
3.23098, -354.305, 853.391
7.36238, -802.496, -754.726
7.3158, -514.299, -206.471
3.14741, -583.801, 651.357
5.3784, -290.761, -602.052
4.66439, 163.025, -151.066
5.50066, -232.285, -225.837
5.85098, -675.563, -72.1769
4.5137, 399.078, 967.768
6.46691, 658.757, 666.466
4.89889, -946.776, -244.954
5.72449, 296.052, 277.181
4.28836, -262.574, 607.441
5.96794, -323.261, -219.038
5.83428, -415.838, -675.556
3.22071, -430.564, 703.328
7.10415, -924.893, 197.134
4.22228, 29.6604, -236.357
6.66824, -395.416, -466.643
2.74349, 293.592, -722.773
3.27936, -247.151, -67.2946
2.55765, 326.391, 488.963
3.94327, 114.742, 582.098
5.07295, -346.656, -160.003
3.65948, 673.377, 433.766
2.75022, -244.477, -54.3279
5.33091, -600.118, -803.921
6.69774, -156.58, 640.119
4.28763, -662.978, -468.91
4.3452, 172.224, 846.984
7.22226, 260.646, -69.7122
4.72425, -874.008, -175.721
6.82086, 472.589, 157.843
5.82654, -779.598, -724.526
5.79297, 176.589, 655.716
7.10736, -945.129, 946.978
5.11536, 947.758, -630.447
5.45229, 443.451, -441.57
5.79944, 663.195, 650.61
4.24765, 261.826, 478.558
4.11714, 355.005, 37.0428
7.08984, -111.925, 718.075
3.08619, 922.796, -447.753
7.31268, 630.862, -132.681
5.17978, 65.7283, -300.078
5.81447, 809.711, 627.266
5.48362, 894.137, -493.485
6.93363, -507.143, -729.045
6.67999, -654.001, -603.927
6.69339, 248.898, 191.63
6.85642, -171.271, 310.513
2.5002, -770.362, 329.265
4.77274, 268.031, 337.666
4.25696, -915.844, 186.946
5.80713, -254.47, 698.78
6.22234, -885.215, 156.071
3.3821, -149.274, -490.858
7.4621, 796.211, -784.288
5.95466, -925.036, 200.035
6.97862, 145.11, -24.1908
3.51579, 342.932, -115.114
7.2356, -476.796, -31.8021
4.88476, 865.941, -493.517
6.78578, 926.545, -755.018
6.41237, -920.686, -564.416
5.70687, 906.02, -880.569
3.14521, -713.283, 161.957
5.77944, 7.8374, 657.707
3.09199, 55.364, 2.86994
3.88793, 316.523, 786.976
6.65548, -238.019, -251.471
6.14153, -744.725, -508.421
6.74348, -601.179, 292.791
3.43989, -760.107, -879.148
6.09602, 555.431, -300.167
4.25586, 143.54, 306.957
3.34555, -419.45, -698.883
4.52383, 330.405, -513.519
4.20924, 163.581, 749.558
6.67141, 349.02, -138.442
3.9111, 698.144, 586.849
5.16766, -642.366, -462.095
6.25085, 957.205, -850.317
4.62554, -679.975, -741.728
4.66964, -538.968, 556.072
3.03022, 849.044, -919.449
6.4639, -46.6018, -459.664
3.91232, -587.245, -470.107
7.14264, -561.523, -231.816
5.37926, 250.719, 522.078
3.4895, 826.845, -298.747
5.99081, 562.713, -743.945
3.07265, 489.677, -922.074
4.22945, 279.388, 758.625
4.15646, -558.782, -233.399
6.42735, 826.65, -940.109
6.65775, 457.993, -211.254
4.21712, -731.68, 749.18
4.2603, -279.05, 911.596
6.38197, 134.652, -775.814
6.58658, -3.81678, 684.697
4.26157, -145.317, 286.569
7.09559, -401.621, -290.963
3.2877, 517.404, 243.924
5.56029, -477.81, 580.755
5.54222, -430.425, 703.543
3.16647, -244.896, -723.936
3.51409, -726.044, -495.597
4.79457, -849.759, 518.155
3.48759, -485.301, 906.733
6.77118, -846.232, 380.071
6.54562, -762.858, -658.706
2.80131, -885.958, 863.551
6.50584, -716.145, 633.132
5.49597, -178.297, -528.919
7.43182, -881.23, 278.581
2.65919, -131.509, 675.712
6.8356, 910.527, -732.73
3.69109, 635.54, 312.061
3.6127, 172.102, 420.187
4.73907, -916.713, -555.873
2.61231, 853.406, -180.301
6.79755, -268.084, -1.1285
4.15902, 219.162, 566.436
5.72195, 311.326, 289.715
7.43521, -921.001, -495.14
5.30162, 284.979, -576.572
4.74553, -755.775, -247.35
5.213, 141.19, -725.187
2.90797, 784.995, -37.2925
3.99606, -807.009, -258.282
6.63964, 783.42, 628.686
6.48936, 615.545, 903.656
5.71048, -110.927, 681.152
4.84105, 622.735, 371.861
7.15326, -211.829, -569.622
5.08798, -246.716, -54.6653
7.42924, 788.492, -495.784
5.94567, -57.7308, -691.528
6.19966, -167.678, -472.681
3.46323, -396.672, -907.274
6.08881, -458.797, 604.977
6.11146, 571.464, -162.908
6.49298, 274.447, 149.862
4.23216, 252.74, -970.535
5.1481, -22.3473, -96.7113
3.19001, 725.682, -337.154
6.73218, -232.832, -246.919
6.32766, -49.0264, -857.195
7.5, 900.245, -443.837
4.24891, 473.144, 952.153
5.50367, -594.82, 567.676
3.50808, -492.759, 69.2528
6.2385, 39.8912, 161.405
6.49225, 945.953, 218.727
3.03505, -699.436, 106.791
5.35813, -512.064, 45.2991
2.84683, 364.22, -360.068
4.16036, 695.637, 682.712
5.80945, 473.01, -697.287
5.27726, 142.837, -175.809
7.12415, 228.066, -10.8246
2.69832, -471.073, 213.449
2.62083, -297.23, 226.333
4.61923, 219.494, -647.203
4.36987, 465.643, 125.355
2.93303, -239.949, -241.133
3.05403, -144.938, 170.186
5.31992, 354.471, -337.581
7.37269, 26.7246, 725.022
3.05066, -55.5501, -862.097
5.99352, 99.6829, 949.888
2.79674, -59.6091, -707.604
4.69755, 831.941, -91.115
5.24651, 970.309, 706.447
3.45129, 678.681, -738.295
7.36597, 331.617, 318.13
3.19593, -673.783, -62.7064
5.48978, 897.92, -435.127
7.12812, -859.405, 701.992
3.91116, -62.1918, 883.183
6.8307, -162.235, -90.1272
6.29598, -195.779, -584.945
6.10793, 339.674, 614.784
3.34241, -355.612, 356.749
3.32882, 784.878, 358.062
3.39076, -644.494, -963.055
5.87226, 323.742, -584.131
4.83484, -331.833, 29.3723
6.85219, -793.804, -356.391
5.76023, -670.423, -117.677
5.80464, 744.147, 855.539
2.58037, -645.865, -579.869
4.30596, -754.885, -682.663
3.72747, 905.462, 93.8419
6.93086, -906.738, -923.042
5.23701, 819.971, 785.904
6.57209, -49.3361, -631.517
5.24453, 164.693, 853.598
4.16156, 496.383, -45.1275
4.40213, 7.35213, -650.757
2.52389, 908.52, 637.36
6.95226, -86.5783, -398.667
6.16955, -476.726, 673.028
6.04239, -144.113, 651.154
5.1278, 81.6365, -177.525
6.41065, -176.784, -795.588
3.42484, -409.212, -452.43
5.72673, 262.651, 473.363
3.42178, -662.627, -304.467
3.31214, 21.856, -120.706
2.65594, -182.854, 840.068
7.42716, 133.662, -670.595
4.04559, -318.518, -693.525
4.11075, -652.153, -296.222
5.51155, 278.308, -216.88
2.89107, -325.665, -902.928
3.93936, 2.28628, 60.166
5.79307, -143.551, -486.46
7.36348, -951.265, -353.677
7.27758, -362.244, -774.649
7.42745, -659.745, -297.431
7.30478, -887.607, -714.764
3.0073, -540.141, 536.723
3.71505, -145.067, -484.077
6.91151, 112.263, -410.332
5.28805, 338.121, 672.245
6.7669, 790.971, 521.053
7.49145, -525.467, 543.248
3.99751, -233.665, -477.387
6.33157, 950.089, 440.842
4.81901, 293.141, -164.14
6.8168, -639.749, -768.35
6.99018, 846.715, -17.4616
7.377, 254.699, -399.054
2.77405, 620.656, 151.472
6.32605, 912.456, -625.31
5.09219, -915.705, 735.48
3.46574, 939.855, -213.354
6.98252, 221.672, -555.074
6.38492, -838.505, 97.5777
2.75968, 404.928, 531.739
7.47331, -815.636, 754.243
5.93659, -47.775, -439.415
5.94854, 874.821, 495.506
6.57666, -651.882, 811.309
7.05426, -57.484, -459.04
3.34218, -201.412, 378.64
5.24183, -594.69, 792.162
6.53351, -497.107, -250.915
4.17803, 330.247, -537.414
5.53435, -92.3112, 31.0003
6.59602, -907.733, 335.669
7.3485, 68.3671, -242.506
6.29349, 562.344, 502.916
3.72113, -134.853, -101.529
5.80589, -570.826, 390.222
4.21574, -461.105, -197.883
7.27146, 366.592, -386.567
2.60828, 792.738, 547.261
4.54979, -884.999, 927.255
2.55789, 573.005, -675.972
3.04964, 850.679, 222.872
5.28259, -813.066, 102.029
4.45466, -5.28045, -245.4
7.20539, 116.877, -184.003
2.55572, 181.028, 366.268
6.22897, -198.315, -453.012
3.84293, 133.954, 121.819
4.27153, -654.541, -750.56
3.45835, -441.664, 628.261
5.14832, 293.121, -143.916
4.39478, -45.3919, -875.355
3.16407, -10.1407, -821.609
4.26563, -152.608, -536.403
4.2497, 778.777, 963.382
7.41084, 641.534, -151.126
5.25961, 144.013, -364.876
4.99918, 35.1512, -724.926
3.58531, -831.401, 428.215
4.37311, -252.375, -625.644
6.78251, -644.911, -455.234
6.45578, 793.595, -527.869
3.9204, -512.371, 896.193
5.07645, 436.271, 116.477
6.79238, -248.554, 17.2876
7.07844, -884.425, -176.425
7.48941, 129.88, 889.503
6.53177, 147.555, -178.956
5.22718, -910.52, -181.731
7.3461, 148.95, -722.553
5.31931, -580.411, 363.71
4.03031, -443.073, 642.281
5.41853, 921.339, 909.196
2.91197, 58.3289, -302.834
5.47382, 347.551, 602.094
3.31968, -580.283, -587.306
6.46527, -634.095, -426.033
2.95373, 594.773, 698.991
6.3072, -494.709, -679.9
6.83996, -268.921, 7.64621
6.40105, 170.989, -334.764
6.61399, 910.092, 923.371
6.70974, 369.182, 545.225
4.48328, 484.503, 261.258
6.508, -148.096, 169.477
6.56811, 373.643, -39.9341
5.43493, -403.851, 94.1816
4.64621, 774.481, -31.859
2.5002, -31.8984, -453.331
5.31153, -803.234, 325.18
6.22632, 358.69, 331.195
3.89846, 919.603, 283.009
2.93406, -954.268, 559.079
3.5733, 853.589, -871.258
3.93296, -479.82, 574.549
4.86595, -385.997, 461.675
6.95893, 838.821, 820.531
5.91955, 510.885, -493.743
3.54376, -20.589, -95.9764
6.67533, 779.552, 1.14909
7.09218, 912.679, 894.94
4.48244, -488.987, -682.278
6.37858, 548.918, 536.885
5.68161, -137.455, -98.3454
6.64746, 483.371, 251.788
3.40204, 539.083, -474.25
7.45927, 567.117, -717.795
6.70558, -150.347, -823.646
4.65177, 872.96, 253.81
4.38589, 594.759, 865.533
2.70802, 630.884, -497.85
6.80715, -752.394, -511.865
6.62116, 895.286, -892.116
6.25052, 32.611, 725.904
3.55801, -168.523, 953.276
4.31029, -784.553, -184.368
4.43545, -581.543, -752.027
7.32918, 793.86, 631.99
6.5872, -137.498, 664.67
4.5755, -74.7816, 442.007
5.83759, 191.29, 158.655
2.52101, 476.85, 958.263
6.98048, -722.309, 222.115
3.68416, -354.736, 356.181
3.79415, 346.991, -98.4379
5.4939, 386.712, -703.406
6.89823, -820.364, 358.969
6.16299, -566.08, -580.536
6.0773, 873.196, 565.872
3.57724, -594.026, 482.841
6.30413, 683.89, -945.618
3.85351, -188.282, -526.868
2.75246, 643.537, 317.984
4.78866, 297.213, 260.648
2.58759, 431.681, -755.267
3.01129, 58.9421, -196.471
2.639, -145.97, 289.322
5.65921, -353.039, -533.958
6.34425, 74.2406, -244.652
2.74132, 536.35, -824.446
6.6924, -27.2306, -629.145
6.76899, -251.616, -278.602
6.57649, -484.412, 580.505
6.85188, 788.432, 390.276
5.27222, -618.347, -147.791
6.12646, -261.362, 15.0518
3.20424, -486.601, 899.419
6.6115, 586.892, -513.922
5.51185, 709.91, -189.786
4.93856, 491.325, -897.579
6.14942, -264.683, 895.931
4.05164, 755.582, -660.803
3.93925, -701.444, 339.751
5.45857, -920.441, 766.774
5.34055, 621.861, 845.08
5.41059, -937.947, -555.581
2.84132, -673.423, 292.656
4.34304, 145.736, -354.896
6.28475, -928.715, -565.298
6.35297, -449.533, -858.36
4.27217, -393.025, -266.086
5.98913, 222.143, 908.451
5.08005, -664.146, -303.987
5.94494, 357.201, 149.582
6.18066, -80.8086, 621.992
2.56231, -333.051, -659.189
7.16549, 641.132, -147.692
5.37826, 114.819, 118.415
3.05587, 497.982, 976.097
4.87388, -108.17, 27.1382
3.24247, 222.794, 110.723
4.22594, 44.6935, 434.137
7.04476, -900.083, 149.878
4.54571, 5.97931, 534.7
5.96642, -676.145, -80.9788
3.35865, 370.405, -887.799
6.21715, 861.202, -493.458
4.16319, -427.987, 660.027
4.62157, 646.003, 327.086
2.79523, -167.396, -76.2527
5.09005, 283.756, -208.387
5.94425, 460.06, -571.18
5.01149, -270.728, -6.86205
6.56617, -176.246, -737.94
3.07974, 92.0481, -911.672
5.24841, 289.226, 459.038
5.06046, 377.355, 19.1941
6.02649, 952.03, 456.278
5.65083, -255.006, 875.067
4.0207, -39.5233, -643.145
6.74719, 403.711, 350.442
3.39619, 622.667, -30.4926
2.61737, -511.894, -97.7075
4.19467, 701.413, 42.3349
3.43818, 355.81, -122.153
6.60467, -287.291, 160.585
6.72507, -909.481, -175.911
6.78031, 847.574, -705.346
7.37454, -928.504, 640.808
2.99587, 434.769, -439.421
2.56182, 566.199, 641.728
2.58614, 224.054, 560.947
2.64527, 231.203, 104.984
4.1031, 144.826, -350.911
6.17815, 615.492, 295.442
3.14876, 360.834, 464.967
2.5161, -373.909, 491.951
6.91905, 146.847, -793.691
3.70482, 208.312, -546.092
4.38481, -826.758, 744.728
4.44879, 641.953, 151.231
2.81534, 606.236, 290.097
7.30792, 187.067, 912.986
3.75349, 712.077, -352.162
6.85376, -676.151, -80.416
2.85991, -897.222, 395.133
2.70653, -596.799, 576.364
3.46378, 321.876, -511.499
3.86708, -302.299, 304.389
7.4007, -941.239, -358.822
3.60607, 339.209, -531.073
6.43119, -867.673, 839.479
4.42306, 280.299, -411.168
3.78593, 465.315, -629.407
3.91087, -908.744, 55.474
7.33834, 884.524, -58.0716
4.22841, 727.186, 152.705
3.45922, -949.952, 729.59
5.05037, -546.541, -367.275
5.21857, -543.186, 617.455
5.72333, -668.67, -578.431
3.89738, 13.4663, 785.893
3.41887, -300.681, -695.646
2.71579, -817.891, 364.279
3.98408, -486.66, -249.361
4.25548, -229.993, 133.899
7.09372, -407.444, 692.732
5.81225, 499.068, -355.124
5.08041, 864.595, 569.222
4.03763, 591.837, 565.731
3.0007, -337.694, 147.051
3.47502, 369.12, -887.062
4.11407, 43.9056, -109.655
5.56182, 924.009, 90.5332
5.13511, 944.131, -962.626
3.45653, 298.171, 262.685
4.7178, -636.871, -456.949
4.48693, -683.815, 823.851
6.28051, -594.777, 745.241
6.6213, 728.565, 602.861
5.51573, 139.444, -376.128
3.04573, 592.965, -801.146
4.11797, 474.482, -165.025
5.03403, 17.3013, 310.578
4.76521, -669.262, 789.578
4.77315, -174.092, -453.958
4.91125, 915.833, 900.372
5.07896, 363.618, -648.743
4.50207, 183.526, 798.549
4.22945, 947.189, 447.348
6.64533, 911.523, -213.721
3.02204, -709.892, -769.111
6.40057, 544.622, 528.485
3.19919, -293.397, -234.384
2.62171, -786.53, -531.676
6.0664, 394.764, -707.807
7.15538, 136.942, -798.953
7.47667, 214.826, 170.921
3.86264, -875.934, 154.714
3.6923, -523.645, -248.682
3.87328, 932.124, 611.139
5.70836, -890.339, -734.659
5.17637, 299.44, 127.911
6.8967, 801.989, -292.059
6.75968, -642.826, -801.34
2.98004, 848.969, -58.4302
4.66818, -730.274, 233.894
3.17045, -182.14, -738.309
5.86802, -176.346, 314.974
5.34964, -30.5012, -438.695
3.66474, -573.704, 573.218
5.50306, 258.519, -670.029
2.6551, -775.936, -18.7858
7.08512, 550.103, -288.942
3.82958, 853.214, -179.581
6.50016, -173.465, -522.301
5.46389, 133.032, -730.502
5.0822, 342.463, 612.873
5.2567, 358.399, 599.221
3.47225, 466.087, -235.469
5.36152, 158.187, -706.113
3.81992, 185.708, 390.218
4.41648, -774.712, 531.831
2.73626, -741.334, -886.506
4.22823, 573.546, -676.266
3.61594, 636.982, -434.299
3.81264, 15.5975, -706.781
3.05141, -416.656, -423.895
7.40088, -692.042, -2.39676
5.93794, 798.789, 639.139
5.82158, -545.96, -374.105
5.99501, -586.155, -669.359
2.68746, -799.013, -753.989
3.6706, -644.562, -753.06
3.95397, 738.968, 676.369
3.50543, 35.2421, -226.363
2.7177, 326.536, 305.047
2.56571, -541.012, 551.854
6.07297, -509.533, 765.734
6.88348, -852.588, -599.309
5.35088, -877.969, 317.347
6.92743, 856.58, 836.831
5.20042, -363.294, -272.683
3.31357, 899.707, -624.257
3.30492, 949.468, 430.318
7.19182, 292.197, 256.937
3.45628, 531.352, -822.661
3.15761, -3.39775, -120.097
4.41122, -251.557, 16.2673
6.12674, 270.564, -229.935
2.50651, 544.547, 855.742
4.60222, 15.6506, 721.275
5.18984, 265.609, -235.496
4.86596, -232.905, 240.37
6.33003, 548.833, 851.381
2.9396, 546.231, -459.044
7.04284, 152.104, 327.232
3.20818, -835.434, -406.681
2.54782, 375.471, -40.6098
2.82267, 250.019, 526.743
4.96742, 376.532, 220.581
5.40914, 521.498, 965.362
4.03373, -926.301, 540.512
4.57091, 863.365, -58.3329
4.33401, -598.601, -659.224
3.42687, 152.129, 652.604
2.76788, 621.336, 145.729
4.47222, 520.163, -60.9416
3.98388, -345.902, -126.666
5.05388, -390.707, 810.917
3.75392, -734.579, 235.923
5.01589, 911.181, 910.929
2.51168, 10.008, 778.868
7.01807, 956.343, -443.126
2.79181, -925.493, -929.803
5.17506, -630.582, 789.476
3.95754, -389.638, 834.599
7.3023, -793.592, -255.434
4.73406, 339.4, -108.131
5.08479, 865.217, 174.889
5.93861, -272.001, -8.29692
2.72187, -159.004, 63.4403
7.2946, -785.142, 597.621
5.70852, 378.09, 140.793
2.80215, 596.168, -756.316
3.33964, 65.4856, 264.355
5.76491, 488.52, -224.85
6.19864, -770.997, 333.802
3.57011, 852.611, 216.528
4.31441, 143.369, -825.782
6.56981, -644.82, 917.387
5.32057, 810.725, -459.27
7.45886, -55.6623, -856.932
6.5669, -762.627, 376.071
3.49157, -966.891, -19.6213
2.50003, -135.095, -815.415
4.62608, 915.31, -733.632
4.07406, 841.033, 206.594
5.56218, 601.544, -913.355
3.83351, -172.161, -525.79
4.39881, -591.808, -69.7358
5.43397, 916.202, 287.412
5.95636, -128.067, -460.26
7.26736, -438.338, -557.969
4.89785, -294.83, -926.562
3.60319, 411.364, -700.056
5.33741, -699.589, -467.138
6.09873, 381.976, 351.699
4.4953, -477.27, 581.99
3.48326, -680.503, 959.325
6.66971, -654.299, -754.165
5.59561, -451.881, -850.933
7.26866, -277.58, 183.231
3.23222, -13.3547, -220.516
5.38953, 23.8527, -447.888
7.26796, -413.751, 712.619
3.62331, 712.059, -969.05
7.25137, -488.012, 793.126
3.07874, 803.427, -514.905
2.58372, 15.7659, -226.604
3.90465, -335.411, -170.229
7.15042, 622.8, 154.193
3.04796, 766.369, 865.798
6.77266, 9.94634, 777.892
5.68532, -710.666, -720.892
5.63853, 384.519, -700.956
3.80589, 723.258, 698.015
5.13936, -941.204, 219.292
7.16608, -249.311, 873.771
3.98055, 901.502, 116.432
4.78006, 183.787, 410.928
6.35659, -647.586, -603.339
4.17193, 150.12, 118.815
6.31775, -43.2418, -878.149
6.65892, -31.1171, 930.063
2.64618, -723.054, 562.476
4.31315, 703.513, -261.671
4.16221, 265.531, 469.425
3.17675, -487.703, -239.933
3.00839, -297.867, 618.952
5.11327, -590.579, 791.034
3.52046, 31.4221, -516.05
5.00728, -856.777, -599.25
5.1371, -18.1559, 952.443
4.13422, -260.391, -299.662
4.75888, 232.965, -421.757
6.85263, -20.147, 924.902
4.72884, 616.151, 841.849
6.03726, -452.6, -877.939
6.83171, 883.969, -688.856
6.5822, 822.021, 194.628
2.67504, 843.649, 842.211
3.8644, -633.843, -246.558
5.21858, -416.343, -424.329
3.19942, -932.278, -559.498
5.57408, -751.934, -877.433
3.29182, -632.259, -627.061
4.41129, 104.885, 217.13
5.94997, -96.718, 185.031
3.21128, -403.803, 476.354
5.65284, -782.519, 768.711
3.15973, 168.228, 929.115
7.13583, -717.802, 213.664
5.53465, -927.651, 787.947
5.50388, -903.216, 371.556
3.33635, 582.529, -511.328
3.301, -849.262, -398.403
5.91628, 598.925, -22.9311
5.1456, -684.21, -1.49075
3.65264, -132.556, 761.92
6.55373, -495.749, -56.0285
5.76477, -414.112, -549.515
4.08597, -592.868, -587.917
2.53953, -254.689, -798.488
3.49176, 718.522, 711.439
3.78831, 2.03748, 376.33
3.03825, 861.917, 46.3904
3.49545, 104.604, -415.65
6.75079, 803.263, -766.827
6.63912, -929.362, 189.346
6.76813, -932.714, -543.292
5.71027, 300.078, 772.924
3.6787, 709.746, -969.096
6.80638, -503.09, -785.836
5.4745, 28.4533, -113.596
2.52745, 509.743, -58.763
6.84925, -642.339, -459.894
7.37729, 635.009, 107.982
5.59653, 367.328, 24.0027
3.85574, -908.607, 351.752
7.46973, -175.585, -602.616
4.60751, -692.78, -515.212
4.20537, -785.777, -606.738
4.80717, 348.222, -110.989
4.44822, 253.962, -402.734
4.613, -33.2709, 511.438
2.84879, 126.664, 301.107
5.5153, -31.0935, -114.298
7.36114, -50.2463, 218.379
5.07406, -708.733, -510.319
7.45461, 927.703, -134.096
5.84906, 591.885, -126.59
4.01716, -601.487, 63.2409
3.47371, 844.398, 586.282
4.0109, -722.272, -903.409
4.93946, -340.798, 455.028
4.72438, 515.618, 952.301
5.7844, 330.41, -910.664
3.74227, -753.189, -680.323
4.72007, 51.3143, 547.631
5.75894, -695.159, 20.1035
6.67472, -725.499, 224.395
6.03698, 192.365, 811.445
4.93928, -849.969, -631.696
6.72039, 393.062, -224.638
7.00296, -505.462, -196.79
6.33082, -661.184, -503.13
5.29453, 644.952, 877.286
2.70603, -4.43187, 74.6459
5.46749, 556.258, 71.7311
2.68674, -642.978, 802.166
4.53488, 62.4671, 429.512
2.84243, -952.988, -870.269
7.38558, -754.412, -898.54
2.5956, -491.387, -264.364
6.60363, -165.431, -267.833
5.2195, -385.552, 846.216
5.72828, 768.777, -340.806
3.62934, -262.373, 12.404
2.733, 864.514, -714.782
3.63154, 201.963, -536.586
4.58371, -634.164, 131.554
6.40126, 259.454, -619.851
3.72852, -919.029, 370.002
4.81411, 630.019, 146.199
6.14756, 934.981, 289.667
5.35237, -334.711, 801.743
5.45997, 899.589, 902.124
4.98425, -901.526, 276.237
3.951, 452.633, 146.067
4.71107, -3.42766, -224.969
2.53669, 840.267, -401.728
7.41683, 489.102, -351.318
2.52822, -770.829, -192.352
4.8676, -116.345, 746.876
5.86497, -320.126, -127.582
