6.27803, -722.138, -885.725
3.5948, -1.98735, -136.094
5.89648, 364.06, -844.933
5.09708, -254.402, 851.162
2.76731, -939.386, 655.109
2.53849, 341.564, 24.2828
4.58743, -758.692, -228.408
7.15218, 164.905, 391.003
2.95982, -9.21263, 706.114
6.00595, -153.77, 279.13
3.81226, 547.883, 806.747
4.14117, 475.197, -859.92
7.45519, 437.597, 228.911
7.41275, -510.245, -240.674
5.75759, 461.158, 410.177
6.92354, 249.849, -789.143
6.33247, -201.36, -481.863
3.87453, -495.658, -81.4547
4.93259, -637.892, -298.561
2.80282, 791.387, 763.406
5.08146, 18.8922, 684.367
4.96988, 889.204, -384.693
7.23882, -743.664, -482.983
4.42071, -54.6753, -798.881
5.14874, 777.295, -487.605
2.75042, 778.357, -43.0272
6.63909, 541.842, 518.596
5.94228, -828.664, -695.858
6.18112, 265.101, 722.103
6.94286, 906.836, 428.527
4.25508, -358.845, -535.384
6.72991, 187.122, 13.9065
3.84659, 570.537, -113.245
4.83959, 52.7301, -231.887
3.2686, -632.018, -452.454
2.66527, 596.113, 172.558
7.2768, -0.855884, 74.3737
6.95369, 123.248, 450.364
3.29884, 609.237, 205.083
3.15214, 433.477, -552.927
2.515, -461.768, -791.06
6.0491, -823.124, -184.838
3.40448, -499.128, 809.376
5.76029, 758.18, -312.063
4.42907, 411.276, -715.972
3.23766, 28.7536, -198.784
5.45054, 603.674, 75.8234
3.24076, 183.292, 858.24
3.2091, -157.021, 902.373
4.94257, -444.817, 105.445
3.13015, 816.951, -39.2962
5.64635, -307.216, -551.385
5.60817, 268.387, -677.669
4.88216, -502.148, 573.732
2.64188, -435.566, -191.09
3.21011, -106.077, 675.584
3.15594, -204.466, 817.136
3.31099, -787.109, 732.366
3.76529, -239.29, -764.813
4.77654, 541.007, -687.515
6.54472, -80.2111, -281.679
3.57624, 293.427, 766.035
3.75063, 752.205, 366.844
5.02978, -96.8194, 694.992
6.27922, 598.919, 147.266
5.66369, 815.073, -52.0713
5.9449, 580.409, -120.979
7.27207, 915.724, 454.771
5.18713, -397.81, 665.058
4.57014, -694.117, 7.18055
4.70019, 707.354, 155.122
6.07821, 697.445, 444.518
6.20858, 353.336, 570.198
5.12494, 738.755, -915.431
6.06711, -800.69, -90.4037
5.91025, 333.553, -18.7705
6.82941, 809.694, -566.052
3.19597, -1.61416, 687.461
3.57766, 879.952, -144.331
5.0733, -320.355, -149.651
4.83766, -98.919, 699.838
3.55759, -235.377, 604.495
5.65244, -661.991, 926.998
2.5044, -879.447, 156.836
4.09589, 414.614, 501.572
5.90281, 328.05, -91.6355
6.0446, 632.921, -548.812
2.90869, -767.299, 607.303
3.56926, 257.548, 432.354
4.44412, -780.833, -552.28
4.44927, 855.192, 849.413
3.92018, 356.645, -456.22
4.6123, 531.648, 507.32
2.55658, -618.645, -476.264
3.72027, 881.913, -641.788
4.49072, -704.845, 609.967
6.64177, -689.266, 200.291
3.78584, 837.101, -683.166
3.59705, -718.021, -503.204
6.47385, 344.113, 266.653
5.8476, 450.138, 380.36
5.49108, -862.59, 263.246
5.99917, -340.086, -515.895
5.13062, 539.181, -701.698
4.14833, 208.805, 111.609
3.30844, -738.643, 343.177
6.56633, 678.233, -8.63389
4.08004, 412.911, 166.37
4.05369, 16.7034, -713.818
4.65424, 41.6406, 135.217
4.46509, -147.84, -491.53
4.43916, 5.94208, -159.315
4.34871, -733.386, -516.362
5.88118, 324.511, -500.102
6.10384, 368.657, 30.8001
7.20082, -55.4097, 855.029
5.08573, -82.0605, -392.084
5.5282, -161.236, 280.782
5.85049, -641.8, 888.23
5.11404, 67.2908, -254.507
3.87105, -891.88, 634.823
7.08924, 147.497, 290.733
3.73367, 871.787, -442.169
4.77876, 333.695, 609.12
3.30374, -875.412, 617.037
4.68319, 347.738, 291.897
7.45767, 433.865, 142.201
6.26931, -407.458, 383.842
4.97846, -877.891, -613.042
7.01651, -603.901, -712.024
4.68213, 487.6, 496.557
5.09239, 144.462, -894.492
4.44866, 98.4739, -768.086
5.63431, -169.427, -555.788
5.19331, 336.142, 306.258
4.35955, 621.599, -448.918
2.54674, -326.672, 325.255
6.3794, 25.5538, -693.193
2.85317, -835.781, -577.616
3.98511, 384.459, -689.232
4.78581, -34.1008, -781.905
3.25156, -107.934, 17.2182
5.97819, 625.75, -413.236
4.15587, 371.13, 140.27
5.21197, 915.656, -805.602
2.64678, 721.933, -889.728
5.38086, 23.7087, -188.025
5.18133, 323.375, 454.126
7.36678, -733.103, -846.959
5.57063, -310.216, -554.322
5.26431, -729.778, 202.087
6.69051, -267.056, 849.777
3.75764, -460.4, 842.755
6.98957, 581.275, -136.338
5.97428, 519.979, -469.142
5.82752, -455.021, -65.5778
3.06838, -638.5, -735.711
3.37987, -875.193, 94.6643
2.91253, -136.594, 160.029
6.68103, -198.452, 309.104
2.64818, 861.631, -669.879
6.34719, -55.9776, -799.557
4.29829, -500.031, 794.209
6.24626, 34.8443, 511.683
6.28385, 335.492, 296.644
3.60834, -514.302, -841.232
5.58305, 286.032, 129.152
3.66846, -519.651, -223.922
6.22052, -706.786, 251.474
5.80997, -842.43, -664.279
4.9209, 880.186, -696.097
2.58972, 845.78, 163.37
4.98291, 428.252, 141.421
5.09587, 9.03528, -821.121
4.71395, -816.499, 469.976
4.14528, -61.9104, 886.958
3.52671, 457.976, -87.1713
7.19863, -199.949, -528.732
2.85168, -529.746, 821.869
3.30042, 43.4787, -739.748
6.70788, -695.287, 6.75615
4.13614, -181.883, -252.264
6.85942, 186.089, 389.135
5.99896, 634.821, 505.14
5.52801, 837.145, -184.033
4.77536, 55.5688, -201.722
2.91543, -520.305, -207.42
3.94883, 17.2168, -168.011
6.51009, -637.75, -746.727
6.81821, 336.398, 16.5434
3.81831, 384.883, -482.485
4.79881, -745.074, -256.012
4.95672, 544.54, -476.659
5.82344, -457.015, -904.038
7.31738, -600.934, -166.737
7.23022, 545.638, -701.146
2.81902, 239.264, -631.036
5.04829, -523.896, -229.371
6.13222, 671.367, 640.098
5.65882, 519.154, -275.217
3.26658, -871.375, -909.679
5.09652, -814.989, 474.685
3.52281, -495.807, 797.96
6.03231, 380.828, -810.428
6.05786, -485.311, -74.9959
3.66304, -519.823, -215.091
6.80594, 21.961, -151.804
2.67122, -67.6874, 861.269
6.26587, -866.282, 101.132
4.14789, 581.813, 149.303
4.65309, 22.7443, -480.161
7.33455, 816.739, -202.375
4.05803, 708.937, 633.426
5.69762, 840.171, -702.293
5.95386, 815.507, -39.6124
5.36403, 34.7281, 613.727
6.60667, 875.787, -703.71
4.21807, -838.757, -662.277
5.09387, -779.059, -679.862
6.78438, 105.911, -859.382
6.18587, 359.482, -6.44174
3.45992, -798.292, 361.055
2.83145, -286.933, 312.507
3.60828, 899.837, -712.237
3.33656, 85.3113, -194.846
6.31172, 355.359, -852.809
5.44905, -820.755, 330.021
4.65223, 812.082, 826.116
7.09618, 618.532, 11.7104
5.09668, 431.917, 142.59
7.38058, -664.707, -52.6552
5.15714, -447.375, 96.6781
2.98716, 321.891, 295.22
5.83983, 188.599, 135.78
5.44444, 159.271, -19.3119
5.01137, -650.501, -86.7079
2.75808, -842.661, 389.998
2.6753, -266.163, -10.3268
4.41484, -733.022, -505.172
5.55555, 214.71, 107.797
5.06574, 553.129, 815.543
5.98498, 356.457, -2.84176
4.89891, 50.8671, -211.553
3.88323, 42.067, 428.063
6.01685, -430.63, 175.691
3.67701, 801.299, -14.1437
6.41501, 120.921, -175.264
6.60589, 298.574, 759.491
3.21842, -477.24, 46.2968
5.75757, -482.24, 750.789
3.87677, 825.471, -883.959
7.26215, -439.866, 659.776
4.58238, -720.067, 11.7199
3.03869, -122.293, 365.96
4.70633, -758.791, 530.336
6.28811, -371.416, -263.016
2.77803, -357.794, -253.407
3.51241, 5.87686, 106.451
6.82305, 871.832, -696.08
6.52456, -243.473, -43.4402
2.78861, -639.743, -611.821
4.40304, -41.3524, -654.425
4.56124, -113.299, 681.518
2.80071, -340.734, 306.627
7.09746, 783.956, 593.596
3.35398, 580.125, 822.196
6.51634, -878.652, 207.764
3.88599, 661.77, 35.8448
4.44586, 165.916, 738.221
7.19936, 64.6792, 604.366
6.24573, 177.852, -207.878
3.44774, -353.115, 728.007
6.89581, 398.965, 464.944
6.8953, 392.489, -768.833
3.30515, -759.963, -235.517
5.87346, -771.881, -204.287
6.89096, 616.946, 151.197
6.98262, 268.484, 466.044
3.06535, 23.1894, 696.841
5.93789, -172.393, -218.748
3.21651, -758.561, -689.386
3.6901, 322.42, -27.3227
5.64383, 868.548, -186.668
4.312, 752.235, 367.341
4.64437, 587.075, 681.882
4.91936, -56.3475, -796.665
6.20379, -16.2922, -135.679
3.23098, -344.639, 795.012
7.36238, -759.28, -689.126
7.3158, -506.51, -250.755
3.14741, -545.146, 620.901
5.3784, -268.769, -569.558
4.66439, 85.0207, -161.319
5.50066, -247.137, -266.374
5.85098, -675.996, -46.2617
4.5137, 404.348, 928.047
6.46691, 649.426, 634.275
4.89889, -884.578, -230.915
5.72449, 305.321, 244.24
4.28836, -268.828, 608.776
5.96794, -304.186, -216.316
5.83428, -421.3, -659.86
3.22071, -434.398, 646.864
7.10415, -844.708, 177.415
4.22228, 18.8401, -185.713
6.66824, -390.945, -457.204
2.74349, 304.674, -680.809
3.27936, -261.682, -3.43519
2.55765, 335.784, 454.711
3.94327, 100.564, 569.979
5.07295, -324.829, -143.663
3.65948, 656.203, 427.293
2.75022, -262.509, -10.9424
5.33091, -615.99, -712.226
6.69774, -140.486, 643.502
4.28763, -671.542, -496.668
4.3452, 164.157, 814.21
7.22226, 273.333, -62.2427
4.72425, -871.461, -191.094
6.82086, 418.566, 174.728
5.82654, -778.424, -713.132
5.79297, 158.003, 631.528
7.10736, -915.016, 916.869
5.11536, 875.334, -645.426
5.45229, 433.691, -437.939
5.79944, 679.817, 661.35
4.24765, 259.385, 451.277
4.11714, 342.955, 24.3946
7.08984, -84.8457, 705.77
3.08619, 890.3, -440.493
7.31268, 574.937, -102.844
5.17978, 48.9662, -212.288
5.81447, 718.875, 639.514
5.48362, 829.721, -466.911
6.93363, -508.342, -692.448
6.67999, -636.322, -567.494
6.69339, 248.319, 154.295
6.85642, -162.277, 289.433
2.5002, -774.505, 330.546
4.77274, 297.732, 305.426
4.25696, -871.079, 198.974
5.80713, -247.173, 678.823
6.22234, -880.705, 167.371
3.3821, -169.813, -507.042
7.4621, 815.926, -726.923
5.95466, -874.562, 206.976
6.97862, 167.187, -8.21817
3.51579, 314.455, -84.1301
7.2356, -471.498, -92.3371
4.88476, 837.522, -469.005
6.78578, 868.52, -694.34
6.41237, -865.451, -545.614
5.70687, 864.022, -854.801
3.14521, -701.901, 220.157
5.77944, 12.474, 712.661
3.09199, 59.8485, -10.1105
3.88793, 284.913, 733.959
6.65548, -234.107, -259.804
6.14153, -723.348, -497.62
6.74348, -608.861, 285.42
3.43989, -761.955, -828.84
6.09602, 545.99, -311.64
4.25586, 132.406, 278.32
3.34555, -415.148, -645.001
4.52383, 293.92, -555.046
4.20924, 155.002, 708.681
6.67141, 328.083, -88.1376
3.9111, 715.548, 606.859
5.16766, -621.371, -456.791
6.25085, 890.428, -837.371
4.62554, -624.882, -760.662
4.66964, -478.085, 585.908
3.03022, 819.735, -917.447
6.4639, -63.4683, -435.833
3.91232, -659.49, -455.707
7.14264, -468.588, -234.185
5.37926, 271.702, 469.653
3.4895, 764.177, -298.863
5.99081, 552.809, -718.553
3.07265, 445.099, -837.62
4.22945, 265.439, 720.437
4.15646, -493.149, -230.062
6.42735, 831.591, -891.316
6.65775, 450.405, -195.42
4.21712, -716.891, 735.668
4.2603, -263.374, 834.642
6.38197, 130.917, -744.584
6.58658, 15.0113, 688.81
4.26157, -185.131, 307.126
7.09559, -383.269, -259.281
3.2877, 480.813, 223.918
5.56029, -443.978, 629.976
5.54222, -434.698, 646.689
3.16647, -230.741, -682.352
3.51409, -708.491, -490.424
4.79457, -806.147, 528.777
3.48759, -466.313, 836.173
6.77118, -812.785, 337.376
6.54562, -743.282, -630.703
2.80131, -853.292, 797.201
6.50584, -693.011, 628.875
5.49597, -159.384, -479.722
7.43182, -862.492, 266.442
2.65919, -106.525, 683.611
6.8356, 876.106, -701.045
3.69109, 588.129, 278.446
3.6127, 212.975, 366.475
4.73907, -863.247, -541.27
2.61231, 856.839, -197.321
6.79755, -238.118, -17.9886
4.15902, 238.058, 508.946
5.72195, 350.25, 302.011
7.43521, -866.503, -550.019
5.30162, 295.419, -557.206
4.74553, -778.321, -219.11
5.213, 112.029, -729.898
2.90797, 785.545, -20.2997
3.99606, -742.882, -228.976
6.63964, 771.169, 597.906
6.48936, 595.568, 829.489
5.71048, -92.3579, 662.158
4.84105, 605.837, 337.267
7.15326, -165.013, -525.769
5.08798, -252.862, -11.9582
7.42924, 800.467, -484.281
5.94567, -35.5839, -675.592
6.19966, -167.67, -501.489
3.46323, -407.572, -853.152
6.08881, -506.596, 567.975
6.11146, 601.437, -106.217
6.49298, 292.322, 149.154
4.23216, 247.867, -920.446
5.1481, 21.0004, -144.871
3.19001, 733.466, -341.056
6.73218, -240.943, -263.313
6.32766, -23.4641, -783.614
7.5, 858.78, -439.295
4.24891, 498.814, 921.372
5.50367, -509.487, 564.753
3.50808, -492.492, 36.7575
6.2385, 38.4905, 130.402
6.49225, 884.604, 225.708
3.03505, -686.386, 102.782
5.35813, -480.458, 31.3635
2.84683, 350.369, -380.239
4.16036, 644.631, 638.02
5.80945, 441.546, -677.074
5.27726, 119.335, -186.088
7.12415, 225.559, -7.52391
2.69832, -435.955, 182.703
2.62083, -268.034, 194.758
4.61923, 243.025, -627.418
4.36987, 402.052, 172.064
2.93303, -257.279, -257.709
3.05403, -110.674, 158.04
5.31992, 345.144, -353.002
7.37269, 11.5343, 706.701
3.05066, -41.0456, -778.968
5.99352, 103.531, 888.416
2.79674, -67.0425, -654.452
4.69755, 804.211, -27.4806
5.24651, 928.21, 688.565
3.45129, 653.888, -714.977
7.36597, 368.953, 324.548
3.19593, -638.435, -104.936
5.48978, 839.706, -476.122
7.12812, -829.915, 702.661
3.91116, -58.1246, 850.492
6.8307, -137.632, -85.3821
6.29598, -212.918, -543.313
6.10793, 331.477, 597.088
3.34241, -328.299, 334.495
3.32882, 770.639, 371.282
3.39076, -639.64, -911.459
5.87226, 298.231, -544.486
4.83484, -272.045, -6.83576
6.85219, -760.17, -354.802
5.76023, -647.107, -74.8812
5.80464, 747.113, 823.842
2.58037, -651.345, -571.137
4.30596, -733.117, -682.284
3.72747, 867.035, 101.603
6.93086, -880.667, -872.445
5.23701, 814.999, 790.594
6.57209, -23.3183, -635.96
5.24453, 162.067, 823.769
4.16156, 478.491, -68.5541
4.40213, -38.1076, -620.757
2.52389, 869.515, 595.559
6.95226, -74.5907, -408.344
6.16955, -424.475, 660.146
6.04239, -94.2882, 687.311
5.1278, 80.6608, -203.029
6.41065, -143.972, -765.954
3.42484, -410.664, -409.721
5.72673, 260.095, 483.729
3.42178, -615.931, -247.737
3.31214, -21.746, -94.0072
2.65594, -199.764, 828.565
7.42716, 151.589, -683.994
4.04559, -288.896, -650.576
4.11075, -639.285, -303.658
5.51155, 267.332, -174.743
2.89107, -313.276, -867.859
3.93936, -0.321819, 70.0845
5.79307, -180.324, -479.345
7.36348, -877.983, -363.933
7.27758, -360.961, -733.592
7.42745, -617.999, -277.273
7.30478, -828.23, -650.975
3.0073, -479.835, 574.019
3.71505, -182.108, -479.832
6.91151, 127.143, -360.544
5.28805, 329.364, 585.44
6.7669, 772.715, 541.694
7.49145, -528.558, 561.336
3.99751, -156.849, -493.435
6.33157, 892.926, 451.514
4.81901, 288.795, -167.201
6.8168, -628.063, -717.096
6.99018, 813.12, -75.5046
7.377, 238.883, -409.485
2.77405, 621.766, 141.649
6.32605, 877.354, -646.597
5.09219, -880.96, 736.798
3.46574, 913.146, -168.968
6.98252, 230.721, -543.721
6.38492, -798.31, 108.113
2.75968, 375.768, 517.312
7.47331, -779.656, 727.317
5.93659, -87.3102, -422.261
5.94854, 848.988, 492.211
6.57666, -620.012, 779.101
7.05426, -56.2143, -409.386
3.34218, -199.627, 303.964
5.24183, -607.766, 759.299
6.53351, -512.359, -228.772
4.17803, 325.017, -506.035
5.53435, -96.932, 14.4333
6.59602, -836.063, 345.078
7.3485, 48.2921, -197.75
6.29349, 560.796, 540.108
3.72113, -128.185, -102.87
5.80589, -576.03, 354.239
4.21574, -512.61, -251.297
7.27146, 345.279, -353.938
2.60828, 765.966, 518.001
4.54979, -872.164, 891.206
2.55789, 543.497, -709.482
3.04964, 836.818, 224.355
5.28259, -814.281, 112.441
4.45466, 46.9465, -242.12
7.20539, 125.695, -161.946
2.55572, 185.589, 403.944
6.22897, -138.429, -510.541
3.84293, 201.65, 112.299
4.27153, -624.855, -748.034
3.45835, -457.1, 626.557
5.14832, 311.023, -123.916
4.39478, -25.1935, -759.358
3.16407, -88.545, -818.424
4.26563, -190.567, -467.389
4.2497, 770, 920.344
7.41084, 604.745, -147.591
5.25961, 150.612, -314.357
4.99918, 25.2738, -703.862
3.58531, -811.832, 337.944
4.37311, -225.167, -557.917
6.78251, -627.664, -451.729
6.45578, 800.893, -479.02
3.9204, -531.41, 821.661
5.07645, 432.34, 168.944
6.79238, -239.856, 49.8958
7.07844, -789.8, -185.19
7.48941, 157.67, 846.862
6.53177, 116.578, -185.279
5.22718, -860.905, -180.777
7.3461, 119.399, -729.701
5.31931, -563.631, 376.926
4.03031, -449.625, 646.121
5.41853, 843.291, 861.368
2.91197, 45.7946, -223.8
5.47382, 342.31, 541.241
3.31968, -581.124, -558.855
6.46527, -622.831, -471.392
2.95373, 603.363, 665.106
6.3072, -480.739, -673.838
6.83996, -248.727, -7.13899
6.40105, 114.699, -358.498
6.61399, 872.046, 821.907
6.70974, 353.997, 548.945
4.48328, 484.343, 226.026
6.508, -140.96, 161.124
6.56811, 351.583, -22.6543
5.43493, -394.495, 81.151
4.64621, 766.55, -5.64986
2.5002, -57.6903, -424.3
5.31153, -778.495, 333.876
6.22632, 332.601, 301.67
3.89846, 858.678, 268.501
2.93406, -887.1, 540.142
3.5733, 868.022, -856.423
3.93296, -454.956, 616.158
4.86595, -382.653, 468.112
6.95893, 852.098, 818.875
5.91955, 497.668, -467.578
3.54376, 6.2849, -116.321
6.67533, 752.662, -31.4211
7.09218, 881.943, 892.619
4.48244, -513.462, -663.479
6.37858, 533.087, 522.298
5.68161, -127.362, -109.326
6.64746, 424.864, 223.978
3.40204, 504.619, -474.64
7.45927, 538.061, -722.596
6.70558, -131.039, -766.784
4.65177, 833.383, 220.758
4.38589, 569.818, 799.444
2.70802, 568.218, -496.154
6.80715, -668.757, -481.005
6.62116, 881.218, -844.44
6.25052, -3.92278, 712.044
3.55801, -179.877, 882.088
4.31029, -745.125, -195.219
4.43545, -625.638, -718.409
7.32918, 747.157, 613.663
6.5872, -106.934, 688.864
4.5755, -60.0598, 428.314
5.83759, 218.545, 121.739
2.52101, 489.894, 919.833
6.98048, -702.595, 214.952
3.68416, -347.923, 348.293
3.79415, 333.622, -171.203
5.4939, 402.999, -671.374
6.89823, -817.123, 350.906
6.16299, -613.083, -577.088
6.0773, 801.377, 582.561
3.57724, -566.855, 488.657
6.30413, 707.885, -931.046
3.85351, -148.828, -476.782
2.75246, 581.153, 266.819
4.78866, 353.676, 316.456
2.58759, 401.352, -691.452
3.01129, 38.4625, -246.191
2.639, -188.655, 310.452
5.65921, -365.57, -524.604
6.34425, 50.5547, -192.852
2.74132, 534.323, -778.576
6.6924, -30.583, -629.713
6.76899, -234.614, -211.146
6.57649, -500.392, 579.441
6.85188, 790.532, 375.102
5.27222, -602.361, -170.204
6.12646, -252.232, -54.687
3.20424, -471.293, 842.299
6.6115, 574.351, -489.227
5.51185, 664.383, -174.174
4.93856, 471.899, -850.393
6.14942, -221.333, 801.303
4.05164, 753.239, -645.264
3.93925, -709.347, 311.447
5.45857, -888.645, 713.967
5.34055, 579.848, 823.908
5.41059, -866.381, -527.763
2.84132, -678.724, 274.483
4.34304, 150.11, -310.58
6.28475, -869.68, -533.057
6.35297, -445.629, -834.089
4.27217, -405.728, -273.656
5.98913, 162.632, 841.362
5.08005, -615.349, -276.322
5.94494, 327.792, 140.524
6.18066, -82.7543, 642.032
2.56231, -309.492, -633.918
7.16549, 600.139, -152.294
5.37826, 137.076, 112.117
3.05587, 518.175, 905.252
4.87388, -95.7395, 18.6149
3.24247, 206.759, 88.6704
4.22594, 75.4069, 426.759
7.04476, -852.838, 208.565
4.54571, 26.7823, 518.657
5.96642, -636.358, -89.3677
3.35865, 367.779, -799.157
6.21715, 848.416, -457.091
4.16319, -434.165, 686.404
4.62157, 600.843, 299.48
2.79523, -207.528, -76.8377
5.09005, 259.553, -218.95
5.94425, 424.744, -547.539
5.01149, -240.251, -14.7819
6.56617, -181.791, -710.979
3.07974, 120.015, -877.767
5.24841, 262.649, 468.97
5.06046, 328.959, 52.5874
6.02649, 907.957, 438.437
5.65083, -249.706, 850.056
4.0207, -66.5084, -628.839
6.74719, 330.77, 302.599
3.39619, 599.109, -23.5161
2.61737, -465.807, -64.1416
4.19467, 679.858, 37.6045
3.43818, 331.845, -77.9444
6.60467, -262.211, 168.355
6.72507, -863.971, -186.652
6.78031, 891.526, -699.072
7.37454, -877.042, 620.558
2.99587, 401.682, -428.891
2.56182, 569.81, 612.957
2.58614, 234.191, 515.808
2.64527, 196.926, 133.07
4.1031, 155.184, -317.752
6.17815, 606.027, 291.965
3.14876, 310.727, 451.596
2.5161, -377.593, 451.951
6.91905, 124.153, -726.042
3.70482, 214.102, -515.942
4.38481, -814.237, 710.278
4.44879, 587.527, 142.007
2.81534, 602.725, 320.968
7.30792, 169.35, 853.398
3.75349, 705.775, -344.33
6.85376, -677.835, -47.4288
2.85991, -821.591, 321.633
2.70653, -564.148, 570.298
3.46378, 322.68, -490.933
3.86708, -301.031, 302.615
7.4007, -911.808, -344.333
3.60607, 329.752, -510.721
6.43119, -849.124, 815.139
4.42306, 227.209, -378.209
3.78593, 436.887, -616.936
3.91087, -868.186, 107.799
7.33834, 834.968, -41.743
4.22841, 679.453, 145.511
3.45922, -865.407, 720.885
5.05037, -543.063, -350.436
5.21857, -501.978, 568.158
5.72333, -638.058, -553.262
3.89738, 18.685, 684.73
3.41887, -315.888, -639.184
2.71579, -814.398, 348.517
3.98408, -501.563, -237.241
4.25548, -229.133, 122.153
7.09372, -391.2, 691.19
5.81225, 482.103, -337.727
5.08041, 832.556, 551.282
4.03763, 536.773, 508.048
3.0007, -305.482, 132.952
3.47502, 336.675, -880.475
4.11407, 26.0834, -144.808
5.56182, 851.749, 102.26
5.13511, 910.96, -920.435
3.45653, 322.718, 238.425
4.7178, -707.344, -506.637
4.48693, -615.434, 763.399
6.28051, -584.065, 762.737
6.6213, 711.091, 604.292
5.51573, 84.4243, -382.346
3.04573, 554.54, -739.598
4.11797, 451.205, -169.736
5.03403, 35.4489, 296.219
4.76521, -632.328, 767.013
4.77315, -166.834, -491.685
4.91125, 892.919, 894.9
5.07896, 355.533, -658.02
4.50207, 169.277, 797.174
4.22945, 851.984, 386.572
6.64533, 873.021, -186.211
3.02204, -640.249, -711.328
6.40057, 508.226, 482.132
3.19919, -283.355, -225.217
2.62171, -731.335, -503.104
6.0664, 357.109, -645.103
7.15538, 117.864, -745.93
7.47667, 240.477, 144.553
3.86264, -879.782, 172.474
3.6923, -481.092, -231.258
3.87328, 866.2, 598.795
5.70836, -844.445, -669.654
5.17637, 287.146, 146.681
6.8967, 774.333, -297.453
6.75968, -656.23, -712.765
2.98004, 801.613, -37.7876
4.66818, -696.391, 203.758
3.17045, -147.361, -711.263
5.86802, -197.657, 324.023
5.34964, -63.397, -454.759
3.66474, -508.083, 570.018
5.50306, 234.052, -622.675
2.6551, -709.881, 8.20003
7.08512, 524.745, -286.903
3.82958, 862.607, -192.803
6.50016, -160.949, -483
5.46389, 156.688, -706.932
5.0822, 347.784, 537.609
5.2567, 351.079, 561.217
3.47225, 469.778, -208.617
5.36152, 118.826, -676.29
3.81992, 195.214, 396.029
4.41648, -782.991, 508.723
2.73626, -701.303, -860.994
4.22823, 541.155, -707.145
3.61594, 612.8, -408.376
3.81264, 33.1309, -718.828
3.05141, -383.209, -460.927
7.40088, -674.231, -16.6335
5.93794, 745.408, 619.83
5.82158, -542.665, -357.255
5.99501, -587.665, -647.97
2.68746, -761.079, -689.345
3.6706, -644.872, -719.464
3.95397, 716.616, 639.391
3.50543, 45.7238, -255.676
2.7177, 309.323, 243.687
2.56571, -481.137, 555.674
6.07297, -479.333, 780.952
6.88348, -831.508, -572.527
5.35088, -865.081, 371.178
6.92743, 830.488, 820.808
5.20042, -398.409, -256.677
3.31357, 859.552, -666.375
3.30492, 946.488, 471.845
7.19182, 308.069, 277.021
3.45628, 507.227, -772.514
3.15761, -8.49302, -140.61
4.41122, -243.107, -7.01972
6.12674, 265.657, -168.817
2.50651, 551.14, 815.513
4.60222, 4.34996, 700.083
5.18984, 247.055, -204.503
4.86596, -220.502, 228.695
6.33003, 552.849, 814.579
2.9396, 492.593, -481.997
7.04284, 154.285, 317.135
3.20818, -797.273, -402.83
2.54782, 310.171, -22.7587
2.82267, 271.375, 471.93
4.96742, 364.284, 220.86
5.40914, 488.162, 909.075
4.03373, -888.478, 538.268
4.57091, 818.295, -71.9011
4.33401, -617.032, -620.787
3.42687, 160.127, 631.807
2.76788, 606.543, 106.767
4.47222, 479.868, -48.0804
3.98388, -325.083, -179.433
5.05388, -381.476, 808.459
3.75392, -673.231, 202.234
5.01589, 904.646, 891.146
2.51168, -11.5901, 756.8
7.01807, 863.172, -438.4
2.79181, -896.932, -887.743
5.17506, -570.264, 751.226
3.95754, -378.721, 768.828
7.3023, -764.826, -230.309
4.73406, 331.297, -75.1642
5.08479, 800.586, 203.229
5.93861, -302.235, 0.844417
2.72187, -154.917, 38.8075
7.2946, -760.963, 580.895
5.70852, 377.424, 142.25
2.80215, 501.664, -676.985
3.33964, 99.6485, 258.07
5.76491, 444.709, -206.326
6.19864, -782.535, 350.993
3.57011, 827.95, 222.948
4.31441, 121.315, -704.275
6.56981, -646.461, 892.223
5.32057, 803.345, -491.621
7.45886, -30.411, -809.683
6.5669, -787.295, 327.796
3.49157, -916.681, -13.2231
2.50003, -141.918, -755.173
4.62608, 852.599, -714.914
4.07406, 799.197, 194.281
5.56218, 590.942, -875.106
3.83351, -165.772, -498.596
4.39881, -590.643, -86.7108
5.43397, 861.954, 267.616
5.95636, -123.506, -462.218
7.26736, -384.949, -523.768
4.89785, -301.533, -872.772
3.60319, 383.459, -651.534
5.33741, -658.719, -464.375
6.09873, 332.626, 294.331
4.4953, -500.256, 569.077
3.48326, -660.103, 927.048
6.66971, -621.668, -742.723
5.59561, -447.41, -829.422
7.26866, -270.004, 146.497
3.23222, 31.3809, -201.617
5.38953, -11.4759, -428.065
7.26796, -430.245, 651.963
3.62331, 688.715, -911.526
7.25137, -496.017, 745.796
3.07874, 788.681, -472.409
2.58372, 16.3428, -177.95
3.90465, -304.722, -131.206
7.15042, 574.362, 127.708
3.04796, 737.438, 821.932
6.77266, 8.79184, 693.868
5.68532, -673.293, -707.01
5.63853, 402.479, -673.623
3.80589, 722.212, 645.989
5.13936, -862.126, 154.839
7.16608, -252.763, 853.298
3.98055, 857.327, 83.3858
4.78006, 183.166, 362.33
6.35659, -626.155, -568.864
4.17193, 190.14, 119.577
6.31775, -13.0929, -802.023
6.65892, -9.95227, 869.705
2.64618, -721.184, 553.373
4.31315, 681.44, -250.661
4.16221, 253.898, 481.529
3.17675, -451.803, -242.239
3.00839, -274.084, 608.877
5.11327, -583.726, 754.137
3.52046, 40.8237, -493.605
5.00728, -837.088, -571.39
5.1371, -32.9164, 863.128
4.13422, -246.715, -239.588
4.75888, 264.671, -372.049
6.85263, -39.3948, 878.487
4.72884, 574.327, 822.51
6.03726, -464.095, -780.464
6.83171, 883.818, -688.673
6.5822, 809.601, 188.697
2.67504, 816.802, 784.353
3.8644, -610.602, -273.673
5.21858, -391.522, -429.011
3.19942, -872.538, -536.608
5.57408, -705.027, -857.13
3.29182, -615.197, -636.54
4.41129, 117.423, 210.515
5.94997, -104.875, 172.877
3.21128, -374.967, 462.316
5.65284, -803.421, 730.044
3.15973, 155.264, 845.929
7.13583, -693.659, 201.401
5.53465, -884.318, 751.105
5.50388, -819.956, 321.141
3.33635, 577.63, -482.805
3.301, -783.864, -416.416
5.91628, 588.613, -23.1917
5.1456, -670.993, -55.4394
3.65264, -97.4388, 681.28
6.55373, -451.584, -58.3242
5.76477, -410.883, -536.54
4.08597, -597.052, -585.986
2.53953, -253.761, -772.311
3.49176, 740.408, 632.617
3.78831, 22.8815, 366.173
3.03825, 825.11, 26.235
3.49545, 108.98, -383.486
6.75079, 792.983, -755.514
6.63912, -852.003, 180.69
6.76813, -828.257, -586.43
5.71027, 293.472, 763.034
3.6787, 689.357, -916.583
6.80638, -504.683, -740.077
5.4745, -37.0044, -143.56
2.52745, 514.049, -52.9971
6.84925, -624.451, -456.592
7.37729, 608.694, 165.133
5.59653, 338.672, 42.9003
3.85574, -839.37, 354.121
7.46973, -198.029, -525.086
4.60751, -654.051, -456.095
4.20537, -770.868, -587.917
4.80717, 323.666, -106.64
4.44822, 244.705, -393.416
4.613, 3.85396, 506.736
2.84879, 148.612, 300.069
5.5153, 17.3217, -151.052
7.36114, -52.3367, 194.288
5.07406, -703.824, -505.292
7.45461, 857.466, -124.949
5.84906, 581.112, -140.993
4.01716, -594.299, 47.846
3.47371, 802.303, 562.689
4.0109, -762.071, -830.007
4.93946, -357.503, 446.447
4.72438, 491.11, 928.229
5.7844, 369.023, -834.817
3.74227, -733.087, -679.847
4.72007, 38.8674, 526.479
5.75894, -665.727, -62.2495
6.67472, -698.191, 255.918
6.03698, 166.799, 780.173
4.93928, -819.716, -614.746
6.72039, 380.973, -197.529
7.00296, -492.617, -225.587
6.33082, -701.775, -472.013
5.29453, 631.397, 881.689
2.70603, -9.67117, 91.7855
5.46749, 544.575, 86.2945
2.68674, -627.627, 793.214
4.53488, 98.0314, 416.652
2.84243, -907.881, -850.811
7.38558, -719.743, -840.599
2.5956, -509.734, -239.474
6.60363, -167.131, -245.777
5.2195, -376.649, 779.079
5.72828, 725.262, -324.914
3.62934, -249.843, -55.7853
2.733, 867.418, -697.227
3.63154, 212.325, -547.192
4.58371, -636.623, 125.694
6.40126, 245.713, -603.681
3.72852, -813.223, 320.292
4.81411, 609.631, 107.05
6.14756, 894.847, 274.137
5.35237, -348.119, 778.367
5.45997, 899.487, 889.534
4.98425, -826.566, 244.957
3.951, 449.29, 161.312
4.71107, 25.9179, -199.472
2.53669, 817.631, -418.176
7.41683, 480.675, -337.069
2.52822, -745.676, -202.381
4.8676, -82.2053, 694.352
5.86497, -329.586, -164.561
