6.27803, -719.989, -870.202
3.5948, 6.38273, -144.159
5.89648, 365.953, -839.959
5.09708, -242.406, 841.619
2.76731, -933.409, 654.907
2.53849, 333.496, 15.7068
4.58743, -758.724, -231.915
7.15218, 163.762, 385.944
2.95982, -14.5735, 696.086
6.00595, -155.619, 268.241
3.81226, 558.074, 817.307
4.14117, 471.925, -846.478
7.45519, 430.113, 225.331
7.41275, -514.791, -251.931
5.75759, 455.421, 405.448
6.92354, 248.32, -781.331
6.33247, -206.114, -488.549
3.87453, -502.049, -83.8418
4.93259, -637.571, -297.34
2.80282, 789.199, 764.26
5.08146, 5.37573, 676.016
4.96988, 879.058, -388.357
7.23882, -729.643, -489.565
4.42071, -62.7545, -786.552
5.14874, 781.549, -485.601
2.75042, 768.451, -31.9178
6.63909, 531.484, 516.019
5.94228, -814.638, -687.278
6.18112, 270.21, 721.67
6.94286, 903.16, 432.566
4.25508, -355.135, -536.855
6.72991, 187.543, 11.2715
3.84659, 560.404, -117.154
4.83959, 53.6082, -231.797
3.2686, -635.423, -450.05
2.66527, 592.142, 172.187
7.2768, 1.4872, 70.1491
6.95369, 124.763, 444.459
3.29884, 600.608, 198.213
3.15214, 432.783, -553.199
2.515, -456.419, -784.294
6.0491, -812.13, -186.821
3.40448, -495.939, 799.678
5.76029, 755.415, -305.637
4.42907, 411.02, -712.372
3.23766, 36.1191, -199.032
5.45054, 604.285, 68.6904
3.24076, 182.717, 851.769
3.2091, -155.818, 892.199
4.94257, -443.426, 104.708
3.13015, 809.096, -36.0241
5.64635, -304.828, -551.391
5.60817, 266.363, -669.151
4.88216, -506.217, 570.861
2.64188, -430.81, -184.444
3.21011, -87.5006, 661.843
3.15594, -206.334, 809.547
3.31099, -780.015, 718.294
3.76529, -234.699, -755.883
4.77654, 548.112, -685.258
6.54472, -78.3891, -279.282
3.57624, 294.101, 745.947
3.75063, 743.875, 366.285
5.02978, -107.448, 684.692
6.27922, 585.961, 150.278
5.66369, 810.01, -61.0667
5.9449, 585.68, -116.11
7.27207, 904.775, 449.342
5.18713, -405.503, 662.527
4.57014, -688.816, -1.2206
4.70019, 698.637, 152.827
6.07821, 692.507, 442.822
6.20858, 354.99, 565.502
5.12494, 733.682, -909.373
6.06711, -792.394, -92.64
5.91025, 340.445, -16.4208
6.82941, 807.079, -561.871
3.19597, -7.35267, 682.504
3.57766, 870.444, -146.346
5.0733, -320.763, -150.377
4.83766, -88.9505, 676.972
3.55759, -235.289, 605.069
5.65244, -656.213, 918.987
2.5044, -876.038, 161.042
4.09589, 408.898, 495.888
5.90281, 327.497, -79.2987
6.0446, 628.161, -543.98
2.90869, -761.75, 600.201
3.56926, 259.811, 431.374
4.44412, -774.723, -550.681
4.44927, 841.427, 838.169
3.92018, 353.613, -456.303
4.6123, 522.533, 499.247
2.55658, -615.739, -472.678
3.72027, 874.908, -654.591
4.49072, -702.32, 606.839
6.64177, -701.427, 208.166
3.78584, 823.705, -676.679
3.59705, -706.283, -506.339
6.47385, 335.749, 270.953
5.8476, 443.928, 379.508
5.49108, -854.119, 258.462
5.99917, -338.695, -515.652
5.13062, 536.429, -696.905
4.14833, 211.094, 115.129
3.30844, -743.664, 334.976
6.56633, 672.989, -5.93947
4.08004, 414.983, 181.194
4.05369, 9.56391, -711.802
4.65424, 46.5666, 134.187
4.46509, -144.523, -504.524
4.43916, 25.7364, -155.339
4.34871, -720.016, -519.816
5.88118, 320.875, -495.305
6.10384, 354.784, 29.5443
7.20082, -55.8559, 848.895
5.08573, -80.4703, -401.742
5.5282, -159.118, 285.797
5.85049, -634.361, 877.879
5.11404, 65.0691, -240.418
3.87105, -882.403, 630.783
7.08924, 153.633, 296.648
3.73367, 851.793, -450.311
4.77876, 332.08, 593.208
3.30374, -867.756, 619.409
4.68319, 323.71, 289.565
7.45767, 433.512, 135.321
6.26931, -403.541, 383.074
4.97846, -862.878, -607.158
7.01651, -601.232, -701.733
4.68213, 489.041, 488.929
5.09239, 141.02, -883.198
4.44866, 101.146, -754.034
5.63431, -168.023, -543.689
5.19331, 329.312, 281.164
4.35955, 616.493, -450.654
2.54674, -324.269, 323.033
6.3794, 25.1893, -686.625
2.85317, -825.071, -565.476
3.98511, 380.017, -684.416
4.78581, -33.9927, -770.874
3.25156, -106.919, 11.6062
5.97819, 621.504, -410.178
4.15587, 376.559, 144.182
5.21197, 906.112, -799.659
2.64678, 720.54, -884.417
5.38086, 34.8351, -175.324
5.18133, 315.598, 451.811
7.36678, -732.289, -836.117
5.57063, -305.695, -541.179
5.26431, -724.398, 198.827
6.69051, -263.89, 839.711
3.75764, -457.916, 831.229
6.98957, 577.449, -137.325
5.97428, 519.388, -467.139
5.82752, -455.353, -62.6704
3.06838, -638.412, -715.49
3.37987, -869.882, 99.3535
2.91253, -140.18, 159.285
6.68103, -196.21, 300.849
2.64818, 857.685, -664.409
6.34719, -53.5394, -784.991
4.29829, -495.157, 780.185
6.24626, 33.6983, 516.735
6.28385, 331.898, 300.745
3.60834, -511.195, -830.974
5.58305, 284.735, 124.599
3.66846, -498.683, -229.804
6.22052, -711.769, 250.827
5.80997, -833.714, -660.068
4.9209, 863.487, -679.044
2.58972, 841.646, 158.268
4.98291, 425.373, 136.201
5.09587, 12.2964, -810.138
4.71395, -807.353, 469.168
4.14528, -67.4075, 878.332
3.52671, 455.335, -83.9562
7.19863, -193.952, -505.767
2.85168, -531.943, 806.966
3.30042, 46.3953, -736.106
6.70788, -684.292, 4.87153
4.13614, -185.649, -248.452
6.85942, 191.492, 388.601
5.99896, 630.272, 503.841
5.52801, 834.35, -184.758
4.77536, 49.9118, -199.944
2.91543, -517.448, -198.791
3.94883, 29.0963, -181.519
6.51009, -648.065, -742.2
6.81821, 336.18, 19.2886
3.81831, 379.948, -479.001
4.79881, -735.246, -257.57
4.95672, 538.873, -471.101
5.82344, -455.793, -893.395
7.31738, -600.439, -164.181
7.23022, 529.445, -697.398
2.81902, 234.635, -618.947
5.04829, -534.27, -227.544
6.13222, 673.94, 639.219
5.65882, 512.12, -268.348
3.26658, -865.831, -905.231
5.09652, -811.757, 464.943
3.52281, -493.682, 797.322
6.03231, 375.04, -806.271
6.05786, -480.563, -78.5293
3.66304, -502.709, -221.788
6.80594, 18.1093, -162.349
2.67122, -54.7708, 847.869
6.26587, -857.479, 104.097
4.14789, 577.175, 147.008
4.65309, 18.3968, -473.008
7.33455, 803.396, -196.794
4.05803, 708.567, 621.016
5.69762, 833.509, -700.045
5.95386, 808.924, -37.5977
5.36403, 34.5218, 612.91
6.60667, 864.671, -682.216
4.21807, -838.488, -665.343
5.09387, -766.904, -673.141
6.78438, 105.407, -848.067
6.18587, 352.457, -17.1059
3.45992, -788.49, 361.691
2.83145, -284.682, 313.711
3.60828, 901.62, -713.397
3.33656, 71.7857, -208.538
6.31172, 355.821, -843.835
5.44905, -806.979, 318.824
4.65223, 808.373, 824.868
7.09618, 613.477, 11.2596
5.09668, 419.433, 146.102
7.38058, -663.303, -63.1699
5.15714, -442.249, 88.53
2.98716, 328.105, 298.66
5.83983, 194.575, 132.526
5.44444, 164.858, -14.3636
5.01137, -651.116, -83.3795
2.75808, -831.265, 378.887
2.6753, -242.899, -15.4255
4.41484, -712.708, -492.072
5.55555, 208.336, 118.308
5.06574, 552.476, 809.209
5.98498, 362.191, -1.97104
4.89891, 64.2251, -203.378
3.88323, 43.5063, 426.725
6.01685, -431.059, 174.432
3.67701, 792.803, -27.4024
6.41501, 118.561, -175.139
6.60589, 284.54, 754.901
3.21842, -479.114, 43.1005
5.75757, -477.884, 744.658
3.87677, 829.567, -878.459
7.26215, -432.516, 643.895
4.58238, -708.803, 6.2741
3.03869, -122.082, 360.97
4.70633, -757.198, 529.449
6.28811, -366.777, -259.027
2.77803, -364.502, -246.921
3.51241, 9.78354, 100.209
6.82305, 860.575, -701.61
6.52456, -233.1, -51.0964
2.78861, -632.896, -603.68
4.40304, -38.858, -644.315
4.56124, -112.603, 680.602
2.80071, -334.833, 308.296
7.09746, 777.149, 590.741
3.35398, 590.642, 813.893
6.51634, -859.926, 205.465
3.88599, 652.996, 34.0971
4.44586, 165.833, 736.12
7.19936, 62.2221, 602.026
6.24573, 174.542, -207.833
3.44774, -357.037, 724.439
6.89581, 394.247, 462.959
6.8953, 390.53, -762.199
3.30515, -756.357, -223.04
5.87346, -769.287, -211.124
6.89096, 618.497, 145.284
6.98262, 271.756, 455.182
3.06535, 11.0725, 686.509
5.93789, -168.031, -219.587
3.21651, -755.828, -669.044
3.6901, 312.214, -20.0504
5.64383, 861.434, -183.027
4.312, 744.133, 365.117
4.64437, 588.833, 674.758
4.91936, -60.4477, -788.207
6.20379, -13.5258, -145.611
3.23098, -345.077, 782.153
7.36238, -753.667, -679.894
7.3158, -515.006, -243.476
3.14741, -537.112, 614.598
5.3784, -265.21, -562.722
4.66439, 75.897, -157.601
5.50066, -237.792, -260.778
5.85098, -683.264, -40.3713
4.5137, 405.372, 920.789
6.46691, 646.124, 632.848
4.89889, -872.658, -227.635
5.72449, 313.923, 241.818
4.28836, -272.87, 608.442
5.96794, -299.921, -215.871
5.83428, -422.646, -655.786
3.22071, -443.031, 633.948
7.10415, -844.955, 180.399
4.22228, 26.3803, -183.086
6.66824, -391.358, -456.883
2.74349, 304.779, -672.885
3.27936, -262.245, -0.535876
2.55765, 335.378, 452.805
3.94327, 97.7119, 567.974
5.07295, -321.714, -141.202
3.65948, 653.301, 426.301
2.75022, -262.708, -1.78502
5.33091, -623.018, -707.531
6.69774, -134.91, 646.033
4.28763, -673.393, -495.161
4.3452, 162.656, 807.471
7.22226, 276.707, -60.8938
4.72425, -860.109, -195.127
6.82086, 411.381, 174.733
5.82654, -774.958, -706.979
5.79297, 152.387, 626.961
7.10736, -909.411, 911.251
5.11536, 859.705, -645.284
5.45229, 430.813, -437.018
5.79944, 682.283, 655.68
4.24765, 258.668, 451.901
4.11714, 342.015, 22.2963
7.08984, -82.7824, 690.27
3.08619, 877.238, -435.396
7.31268, 567.463, -106.066
5.17978, 42.6787, -187.61
5.81447, 706.336, 636.928
5.48362, 829.506, -468.466
6.93363, -508.32, -685.049
6.67999, -629.872, -561.569
6.69339, 245.389, 142.149
6.85642, -160.527, 287.73
2.5002, -781.806, 328.228
4.77274, 307.138, 297.661
4.25696, -855.4, 197.984
5.80713, -245.806, 675.143
6.22234, -869.325, 177.8
3.3821, -169.701, -501.485
7.4621, 819.858, -718.689
5.95466, -864.594, 206.667
6.97862, 169.271, -9.65192
3.51579, 307.475, -71.7806
7.2356, -469.342, -101.141
4.88476, 826.219, -467.86
6.78578, 869.997, -676.182
6.41237, -849.253, -537.657
5.70687, 858.145, -848.132
3.14521, -705.729, 225.769
5.77944, 6.73312, 714.834
3.09199, 60.7141, -12.5846
3.88793, 280.26, 726.665
6.65548, -239.804, -261.67
6.14153, -717.719, -496.869
6.74348, -610.492, 283.851
3.43989, -756.67, -825.525
6.09602, 541.195, -310.381
4.25586, 132.975, 275.739
3.34555, -414.169, -637.446
4.52383, 284.097, -561.76
4.20924, 153.398, 704.475
6.67141, 326.077, -86.0483
3.9111, 720.515, 614.837
5.16766, -631.954, -457.205
6.25085, 875.239, -836.829
4.62554, -624.388, -756.662
4.66964, -473.788, 585.632
3.03022, 815.554, -915.616
6.4639, -69.3361, -431.602
3.91232, -666.357, -465.864
7.14264, -459.642, -229.988
5.37926, 266.749, 460.958
3.4895, 752.258, -305.645
5.99081, 548.597, -713.153
3.07265, 435.87, -825.877
4.22945, 259.682, 715.114
4.15646, -496.163, -217.207
6.42735, 827.147, -877.709
6.65775, 443.969, -187.564
4.21712, -714.245, 732.783
4.2603, -254.8, 827.738
6.38197, 125.796, -726.535
6.58658, 18.0025, 697.46
4.26157, -194.854, 304.369
7.09559, -384.104, -258.593
3.2877, 479.075, 223.932
5.56029, -438.861, 641.184
5.54222, -442.932, 633.665
3.16647, -228.024, -674.824
3.51409, -710.331, -489.642
4.79457, -797.891, 527.935
3.48759, -460.947, 820.099
6.77118, -815.935, 326.947
6.54562, -739.881, -626.904
2.80131, -851.383, 787.205
6.50584, -690.494, 625.142
5.49597, -166.343, -483.743
7.43182, -857.499, 266.297
2.65919, -98.5173, 696.453
6.8356, 878.23, -694.819
3.69109, 585.357, 275.454
3.6127, 214.753, 362.15
4.73907, -848.003, -543.221
2.61231, 863.764, -194.155
6.79755, -236.615, -22.0616
4.15902, 239.946, 501.821
5.72195, 351.899, 305.566
7.43521, -849.975, -561.438
5.30162, 297.585, -546.099
4.74553, -771.593, -204.008
5.213, 115.768, -731.497
2.90797, 786.662, -19.0133
3.99606, -742.323, -222.525
6.63964, 766.793, 586.649
6.48936, 587.336, 813.754
5.71048, -81.7128, 665.901
4.84105, 602.157, 329.041
7.15326, -159.525, -514.876
5.08798, -253.143, -1.83412
7.42924, 794.763, -487.728
5.94567, -31.0103, -669.593
6.19966, -167.331, -507.68
3.46323, -410.209, -842.977
6.08881, -514.308, 570.769
6.11146, 601.6, -99.0597
6.49298, 286.602, 146.959
4.23216, 246.99, -911.259
5.1481, 30.4818, -151.103
3.19001, 730.112, -342.977
6.73218, -245.928, -267.778
6.32766, -22.4334, -771.943
7.5, 856.854, -442.855
4.24891, 500.627, 919.82
5.50367, -486.12, 578.607
3.50808, -487.906, 37.6106
6.2385, 35.8167, 124.539
6.49225, 872.645, 227.37
3.03505, -683.89, 102.176
5.35813, -474.463, 26.2185
2.84683, 347.328, -378.698
4.16036, 646.552, 624.06
5.80945, 434.67, -673.428
5.27726, 105.843, -184.983
7.12415, 224.938, -6.68821
2.69832, -426.651, 170.617
2.62083, -262.496, 187.757
4.61923, 250.219, -622.588
4.36987, 395.324, 171.22
2.93303, -251.345, -259.056
3.05403, -103.198, 157.629
5.31992, 344.278, -359.959
7.37269, 19.7413, 706.669
3.05066, -44.1609, -771.626
5.99352, 104.653, 876.888
2.79674, -63.1159, -645.443
4.69755, 793.683, -23.2189
5.24651, 920.434, 685.362
3.45129, 649.257, -710.657
7.36597, 369.934, 321.78
3.19593, -634.74, -100.631
5.48978, 820.854, -469.579
7.12812, -822.877, 704.056
3.91116, -50.387, 855.599
6.8307, -132.298, -87.3755
6.29598, -213.002, -534.708
6.10793, 328.169, 593.613
3.34241, -325.033, 329.531
3.32882, 771.114, 369.737
3.39076, -638.826, -901.814
5.87226, 295.461, -542.49
4.83484, -255.679, -13.9086
6.85219, -753.859, -354.783
5.76023, -644.349, -71.2122
5.80464, 748.25, 817.241
2.58037, -642.363, -570.091
4.30596, -731.159, -679.112
3.72747, 852.087, 102.765
6.93086, -876.906, -865.606
5.23701, 817.602, 790.579
6.57209, -27.4585, -640.298
5.24453, 161.88, 823.522
4.16156, 472.803, -71.2622
4.40213, -42.1072, -611.935
2.52389, 863.188, 587.961
6.95226, -71.4023, -412.223
6.16955, -427.18, 662.449
6.04239, -89.9553, 687.02
5.1278, 76.1158, -204.01
6.41065, -136.589, -760.039
3.42484, -409.936, -407.486
5.72673, 254.792, 487.518
3.42178, -607.22, -246.1
3.31214, -20.0132, -92.4682
2.65594, -206.983, 824.401
7.42716, 153.44, -685.795
4.04559, -286.496, -641.828
4.11075, -628.383, -301.844
5.51155, 267.25, -167.903
2.89107, -307.58, -862.614
3.93936, -1.9796, 79.8173
5.79307, -176.13, -480.071
7.36348, -867.668, -364.202
7.27758, -360.819, -726.046
7.42745, -605.139, -270.693
7.30478, -815.542, -644.045
3.0073, -470.574, 574.667
3.71505, -177.469, -477.511
6.91151, 126.41, -351.883
5.28805, 331.303, 569.113
6.7669, 769.642, 545.014
7.49145, -519.677, 561.622
3.99751, -141.937, -505.043
6.33157, 883.339, 451.807
4.81901, 285.272, -167.373
6.8168, -617.452, -707.727
6.99018, 810.869, -72.9438
7.377, 234.99, -409.792
2.77405, 615.936, 142.976
6.32605, 870.686, -653.777
5.09219, -874.104, 735.201
3.46574, 904.229, -162.485
6.98252, 230.406, -541.373
6.38492, -793.196, 109.239
2.75968, 369.058, 515.648
7.47331, -775.834, 722.69
5.93659, -87.9178, -418.998
5.94854, 844.107, 491.476
6.57666, -615.347, 767.556
7.05426, -60.2914, -405.792
3.34218, -189.359, 292.772
5.24183, -608.084, 758.281
6.53351, -506.111, -224.711
4.17803, 321.66, -493.453
5.53435, -98.3743, 19.5124
6.59602, -815.696, 343.748
7.3485, 43.3466, -191.045
6.29349, 565.393, 538.162
3.72113, -127.076, -99.7725
5.80589, -576.14, 350.452
4.21574, -511.285, -249.947
7.27146, 340.859, -347.062
2.60828, 761.35, 517.581
4.54979, -869.863, 884.783
2.55789, 537.312, -717.095
3.04964, 831.38, 224.143
5.28259, -812.929, 116.449
4.45466, 57.0387, -229.996
7.20539, 116.681, -163.325
2.55572, 184.495, 408.353
6.22897, -140.131, -514.279
3.84293, 218.24, 114.616
4.27153, -616.299, -734.311
3.45835, -452.049, 621.677
5.14832, 315.249, -118.436
4.39478, -19.7943, -747.976
3.16407, -93.3512, -812.205
4.26563, -179.712, -466.268
4.2497, 768.539, 912.268
7.41084, 591.741, -147.841
5.25961, 153.145, -309.392
4.99918, 28.4749, -695.849
3.58531, -802.306, 315.073
4.37311, -217.548, -542.989
6.78251, -627.496, -463.007
6.45578, 801.682, -467.891
3.9204, -530.084, 807.859
5.07645, 418.784, 178.782
6.79238, -239.327, 49.816
7.07844, -776.11, -188.618
7.48941, 167.544, 838.078
6.53177, 115.335, -189.215
5.22718, -847.074, -180.142
7.3461, 118.249, -732.62
5.31931, -561.609, 376.178
4.03031, -445.026, 648.912
5.41853, 836.481, 853.41
2.91197, 33.1506, -212.519
5.47382, 342.156, 530.945
3.31968, -586.521, -556.191
6.46527, -613.955, -473.14
2.95373, 604.212, 659.984
6.3072, -481.301, -672.04
6.83996, -258.923, -15.3013
6.40105, 109.707, -363.846
6.61399, 861.001, 810.567
6.70974, 344.302, 553.726
4.48328, 475.322, 215.951
6.508, -136.564, 159.659
6.56811, 342.405, -15.1812
5.43493, -393.128, 78.7605
4.64621, 766.976, -5.97033
2.5002, -65.6553, -410.18
5.31153, -780.576, 328.895
6.22632, 333.568, 283.69
3.89846, 854.147, 259.301
2.93406, -878.016, 531.525
3.5733, 873.962, -850.988
3.93296, -453.806, 626.579
4.86595, -383.651, 468.59
6.95893, 851.448, 815.048
5.91955, 501.159, -468.716
3.54376, 8.1186, -114.103
6.67533, 749.879, -35.1239
7.09218, 884.621, 884.832
4.48244, -514.912, -662.344
6.37858, 527.119, 522.836
5.68161, -127.745, -110.033
6.64746, 416.677, 215.302
3.40204, 494.583, -468.863
7.45927, 538.703, -710.61
6.70558, -133.376, -755.917
4.65177, 821.351, 217.281
4.38589, 556.642, 793.201
2.70802, 562.025, -495.474
6.80715, -655.331, -476.668
6.62116, 878.925, -835.309
6.25052, -2.26592, 701.699
3.55801, -180.52, 870.866
4.31029, -741.71, -205.773
4.43545, -641.935, -707.908
7.32918, 740.584, 610.506
6.5872, -97.8413, 693.507
4.5755, -57.2773, 425.826
5.83759, 220.171, 113.56
2.52101, 488.733, 921.919
6.98048, -692.876, 211.79
3.68416, -344.03, 344.763
3.79415, 330.281, -178.221
5.4939, 401.064, -670.49
6.89823, -816.491, 339.875
6.16299, -621.75, -573.095
6.0773, 789.944, 584.749
3.57724, -561.786, 490.051
6.30413, 710.851, -926.109
3.85351, -136.892, -473.478
2.75246, 571.817, 260.663
4.78866, 357.216, 320.277
2.58759, 397.988, -675.306
3.01129, 40.9347, -255.518
2.639, -199.51, 309.489
5.65921, -369.476, -521.126
6.34425, 44.5541, -193.186
2.74132, 531.835, -768.711
6.6924, -29.0532, -629.825
6.76899, -234.348, -205.253
6.57649, -512.849, 570.416
6.85188, 786.718, 374.603
5.27222, -593.927, -175.669
6.12646, -250.337, -51.9826
3.20424, -469.922, 833.645
6.6115, 567.398, -485.238
5.51185, 655.728, -171.053
4.93856, 472.051, -846.624
6.14942, -216.654, 789.75
4.05164, 753.142, -642.521
3.93925, -711.358, 305.937
5.45857, -882.878, 710.406
5.34055, 569.551, 819.222
5.41059, -858.815, -519.385
2.84132, -682.215, 268.619
4.34304, 148.544, -305.645
6.28475, -858.055, -537.475
6.35297, -445.968, -826.154
4.27217, -403.988, -266.726
5.98913, 152.827, 829.984
5.08005, -609.582, -275.093
5.94494, 323.25, 139.144
6.18066, -84.1367, 648.682
2.56231, -307.587, -632.129
7.16549, 591.63, -143.851
5.37826, 142.731, 111.087
3.05587, 515.711, 890.96
4.87388, -94.0072, 10.2748
3.24247, 209.997, 87.5212
4.22594, 80.5001, 424.814
7.04476, -847.28, 216.406
4.54571, 36.7886, 512.986
5.96642, -626.036, -81.7468
3.35865, 370.26, -788.912
6.21715, 846.451, -448.272
4.16319, -433.972, 686.047
4.62157, 597.574, 289.336
2.79523, -213.288, -76.265
5.09005, 254.669, -215.654
5.94425, 419.183, -542.183
5.01149, -249.063, -17.0068
6.56617, -180.496, -705.932
3.07974, 121.395, -870.691
5.24841, 275.164, 472.349
5.06046, 328.128, 48.4252
6.02649, 898.134, 439.2
5.65083, -262.809, 843.779
4.0207, -66.3014, -629.372
6.74719, 318.413, 281.779
3.39619, 587.896, -21.9828
2.61737, -454.589, -56.2176
4.19467, 673.518, 35.577
3.43818, 328.97, -65.4743
6.60467, -259.073, 166.593
6.72507, -859.528, -188.174
6.78031, 878.828, -696.353
7.37454, -869.679, 617.094
2.99587, 397.673, -427.763
2.56182, 570.538, 607.668
2.58614, 241.921, 498.387
2.64527, 187.724, 132.937
4.1031, 150.768, -308.418
6.17815, 599.423, 294.694
3.14876, 305.916, 446.393
2.5161, -372.567, 450.777
6.91905, 115.786, -715.086
3.70482, 217.186, -514.321
4.38481, -811.973, 706.091
4.44879, 590.672, 146.259
2.81534, 595.318, 322.424
7.30792, 157.977, 839.522
3.75349, 706.355, -341.54
6.85376, -673.04, -49.2247
2.85991, -796.516, 320.657
2.70653, -554.513, 568.294
3.46378, 323.303, -499.744
3.86708, -300.21, 299.548
7.4007, -903.134, -343.301
3.60607, 332.263, -511.537
6.43119, -843.906, 809.262
4.42306, 223.275, -374.668
3.78593, 431.461, -615.077
3.91087, -851.724, 118.211
7.33834, 817.339, -40.1904
4.22841, 671.071, 144.517
3.45922, -850.295, 718.43
5.05037, -542.126, -350.729
5.21857, -492.782, 560.001
5.72333, -631.781, -555.561
3.89738, 14.1244, 680.107
3.41887, -313.261, -627.131
2.71579, -820.655, 340.348
3.98408, -495.732, -248.887
4.25548, -229.321, 120.165
7.09372, -392.794, 686.5
5.81225, 485.362, -336.222
5.08041, 823.089, 549.656
4.03763, 535.938, 501.98
3.0007, -298.898, 130.659
3.47502, 332.072, -872.069
4.11407, 12.7916, -162.351
5.56182, 845.723, 103.315
5.13511, 904.671, -912.437
3.45653, 322.86, 240.809
4.7178, -718.395, -503.127
4.48693, -600.122, 754.178
6.28051, -586.267, 763.619
6.6213, 709.133, 605.607
5.51573, 77.9413, -379.547
3.04573, 545.515, -724.631
4.11797, 446.971, -172.21
5.03403, 38.9505, 293.699
4.76521, -618.742, 766.853
4.77315, -173.071, -492.869
4.91125, 882.16, 883.959
5.07896, 351.623, -658.933
4.50207, 163.986, 795.744
4.22945, 838.984, 379.202
6.64533, 856.834, -186.85
3.02204, -621.433, -708.747
6.40057, 504.136, 477.843
3.19919, -281.855, -223.548
2.62171, -713.284, -499.98
6.0664, 358.392, -637.919
7.15538, 110.434, -733.95
7.47667, 246.81, 141.98
3.86264, -872.708, 171.234
3.6923, -469.164, -226.874
3.87328, 852.815, 596.238
5.70836, -828.535, -650.348
5.17637, 292.898, 153.631
6.8967, 767.733, -297.944
6.75968, -655.877, -706.852
2.98004, 791.373, -22.9902
4.66818, -688.097, 207.678
3.17045, -144.542, -706.994
5.86802, -189.285, 322.974
5.34964, -70.0487, -450.322
3.66474, -490.512, 573.14
5.50306, 232.056, -616.839
2.6551, -694.658, 14.2079
7.08512, 519.642, -288
3.82958, 864.78, -185.973
6.50016, -163.325, -469.887
5.46389, 154.226, -703.167
5.0822, 344.24, 532.065
5.2567, 348.434, 547.8
3.47225, 468.672, -209.322
5.36152, 112.568, -678.214
3.81992, 198.579, 385.382
4.41648, -782.534, 506.219
2.73626, -704.314, -846.706
4.22823, 538.651, -718.568
3.61594, 607.237, -406.874
3.81264, 29.2292, -719.917
3.05141, -375.741, -459.091
7.40088, -675.269, -22.9622
5.93794, 731.432, 618.855
5.82158, -542.242, -350.679
5.99501, -589.774, -643.345
2.68746, -749.872, -679.817
3.6706, -640.645, -709.194
3.95397, 718.539, 629.846
3.50543, 39.0491, -251.991
2.7177, 302.335, 239.852
2.56571, -476.04, 565.023
6.07297, -479.395, 780.256
6.88348, -834.086, -572.775
5.35088, -857.278, 375.106
6.92743, 825.414, 818.879
5.20042, -399.439, -251.43
3.31357, 862.144, -677.753
3.30492, 943.996, 470.723
7.19182, 316.32, 280.277
3.45628, 504.693, -763.21
3.15761, -15.0852, -144.786
4.41122, -239.842, -20.5905
6.12674, 262.741, -160.807
2.50651, 555.195, 808.383
4.60222, -12.6309, 686.365
5.18984, 247.706, -198.001
4.86596, -218.043, 226.719
6.33003, 557.038, 805.388
2.9396, 486.405, -477.941
7.04284, 154.123, 312.964
3.20818, -787.305, -404.197
2.54782, 307.754, -23.7504
2.82267, 265.005, 464.851
4.96742, 361.636, 221.391
5.40914, 488.834, 899.165
4.03373, -879.193, 541.686
4.57091, 810.057, -80.0043
4.33401, -621.061, -615.573
3.42687, 164.949, 628.435
2.76788, 604.58, 104.202
4.47222, 476.538, -47.7074
3.98388, -327.306, -184.875
5.05388, -380.146, 803.202
3.75392, -673.065, 193.148
5.01589, 891.423, 889.927
2.51168, -14.9178, 747.35
7.01807, 845.182, -439.14
2.79181, -888.777, -878.726
5.17506, -562.001, 750.254
3.95754, -376.186, 760.519
7.3023, -750.81, -228.604
4.73406, 323.384, -79.2317
5.08479, 788.275, 201.887
5.93861, -299.121, 3.09522
2.72187, -154.135, 34.1408
7.2946, -756.596, 578.065
5.70852, 373.363, 140.745
2.80215, 489.155, -667.679
3.33964, 106.31, 257.108
5.76491, 443.303, -203.824
6.19864, -782.188, 354.934
3.57011, 829.599, 217.351
4.31441, 124.608, -691.541
6.56981, -647.742, 888.249
5.32057, 807.351, -493.388
7.45886, -32.4507, -800.737
6.5669, -799.12, 325.54
3.49157, -907.508, -12.0523
2.50003, -129.595, -745.337
4.62608, 846.79, -723.727
4.07406, 798.142, 200.67
5.56218, 588.933, -868.062
3.83351, -171.805, -479.598
4.39881, -591.424, -89.8225
5.43397, 850.097, 267.615
5.95636, -126.66, -464.865
7.26736, -375.552, -518.632
4.89785, -304.766, -862.215
3.60319, 379.08, -641.32
5.33741, -658.968, -454.744
6.09873, 332.641, 292.79
4.4953, -506.865, 574.468
3.48326, -658.13, 916.539
6.66971, -618.111, -730.229
5.59561, -445.101, -824.598
7.26866, -267.227, 142.718
3.23222, 36.6723, -192.332
5.38953, -18.866, -424.673
7.26796, -430.704, 645.602
3.62331, 688.962, -901.947
7.25137, -495.639, 741.922
3.07874, 794.058, -464.242
2.58372, 30.4215, -169.51
3.90465, -301.4, -130.114
7.15042, 562.661, 129.811
3.04796, 732.253, 815.525
6.77266, 21.2504, 678.602
5.68532, -662.484, -705.762
5.63853, 403.959, -670.883
3.80589, 714.265, 628.384
5.13936, -852.86, 145.585
7.16608, -253.481, 850.297
3.98055, 846.748, 79.0465
4.78006, 182.84, 359.654
6.35659, -627.034, -558.418
4.17193, 205.589, 120.515
6.31775, 1.25884, -797.84
6.65892, -12.3806, 860.897
2.64618, -721.282, 551.95
4.31315, 677.404, -248.647
4.16221, 253.495, 469.287
3.17675, -453.068, -241.737
3.00839, -264.136, 607.849
5.11327, -583.122, 744.353
3.52046, 38.9776, -489.599
5.00728, -830.536, -572.554
5.1371, -36.6749, 851.653
4.13422, -243.199, -229.878
4.75888, 266.236, -366.25
6.85263, -39.0765, 862.397
4.72884, 573.618, 821.122
6.03726, -469.038, -768.659
6.83171, 879.066, -696.495
6.5822, 807.789, 189.181
2.67504, 808.869, 781.244
3.8644, -617, -280.141
5.21858, -386.605, -430.404
3.19942, -870.807, -534.537
5.57408, -697.566, -850.653
3.29182, -610.586, -633.734
4.41129, 120.01, 209.411
5.94997, -107.407, 169.216
3.21128, -369.486, 454.556
5.65284, -806.088, 725.47
3.15973, 163.542, 822.805
7.13583, -689.526, 201.255
5.53465, -875.171, 740.309
5.50388, -802.873, 323.829
3.33635, 573.592, -473.275
3.301, -774.474, -417.898
5.91628, 590.854, -23.1159
5.1456, -653.476, -67.0542
3.65264, -105.768, 680.653
6.55373, -449.326, -62.1076
5.76477, -405.948, -532.692
4.08597, -602.166, -586.251
2.53953, -253.986, -764.068
3.49176, 744.261, 625.014
3.78831, 26.8335, 364.391
3.03825, 817.473, 21.4462
3.49545, 109.39, -372.345
6.75079, 793.26, -749.55
6.63912, -842.132, 173.899
6.76813, -811.337, -585.794
5.71027, 294.69, 756.902
3.6787, 685.238, -908.44
6.80638, -505.045, -731.399
5.4745, -38.1771, -146.541
2.52745, 511.214, -51.8893
6.84925, -626.466, -456.768
7.37729, 600.008, 162.162
5.59653, 335.808, 42.3791
3.85574, -828.503, 348.962
7.46973, -196.53, -517.26
4.60751, -644.51, -449.469
4.20537, -768.5, -584.22
4.80717, 311.913, -109.033
4.44822, 243.666, -388.372
4.613, 12.2021, 506.585
2.84879, 153.36, 291.85
5.5153, 25.4094, -158.203
7.36114, -52.912, 189.809
5.07406, -700.631, -506.076
7.45461, 844.665, -125.603
5.84906, 582.402, -136.645
4.01716, -593.115, 44.7514
3.47371, 790.611, 560.267
4.0109, -764.03, -817.111
4.93946, -362.075, 445.944
4.72438, 487.764, 915.459
5.7844, 369.63, -817.877
3.74227, -731.8, -681.853
4.72007, 33.8577, 517.682
5.75894, -659.197, -60.0869
6.67472, -692.682, 250.153
6.03698, 163.671, 778.447
4.93928, -814.914, -610.27
6.72039, 378.732, -192.455
7.00296, -492.29, -223.175
6.33082, -707.377, -476.197
5.29453, 627.601, 879.824
2.70603, -5.8056, 90.0843
5.46749, 543.114, 89.4438
2.68674, -623.116, 785.511
4.53488, 102.283, 415.469
2.84243, -899.106, -847.806
7.38558, -709.408, -832.404
2.5956, -512.887, -253.125
6.60363, -169.165, -242.124
5.2195, -373.335, 768.21
5.72828, 721.611, -320.186
3.62934, -245.399, -61.8952
2.733, 880.268, -695.125
3.63154, 217.303, -546.653
4.58371, -637.276, 124.723
6.40126, 242.619, -602.952
3.72852, -798.291, 324.452
4.81411, 601.496, 104.341
6.14756, 884.707, 270.724
5.35237, -351.757, 775.15
5.45997, 898.67, 891.124
4.98425, -819.132, 239.891
3.951, 440.19, 156.263
4.71107, 34.4281, -199.309
2.53669, 814.528, -422.717
7.41683, 474.473, -332.769
2.52822, -741.796, -200.29
4.8676, -83.9597, 692.776
5.86497, -321.61, -171.319
