6.27803, -361.53, -367.597
3.5948, 165.934, -73.5149
5.89648, 231.459, -235.523
5.09708, -212.863, 385.498
2.76731, -416.303, 416.168
2.53849, 314.607, 181.144
4.58743, -290.213, -121.136
7.15218, 224.042, 102.628
2.95982, 113.352, 308.667
6.00595, -69.1243, 20.524
3.81226, 501.786, 398.376
4.14117, 222.145, -363.202
7.45519, 273.425, 41.5264
7.41275, -358.146, -288.032
5.75759, 159.586, 97.8526
6.92354, 285.657, -325.492
6.33247, -192.097, -210.626
3.87453, -300.646, -296.386
4.93259, -382.23, -230.211
2.80282, 526.361, 509.68
5.08146, -2.43365, 441.109
4.96988, 460.622, -375.279
7.23882, -346.189, -547.953
4.42071, -11.3056, -316.499
5.14874, 498.029, -423.97
2.75042, 400.828, -41.1485
6.63909, 239.11, 47.8599
5.94228, -421.717, -482.391
6.18112, 30.7117, 378.384
6.94286, 421.072, 445.949
4.25508, -88.7496, -262.045
6.72991, 250.486, 86.3206
3.84659, 270.976, 50.7988
4.83959, 100.899, -141.007
3.2686, -389.179, -383.092
2.66527, 192.837, 93.4164
7.2768, 222.827, -18.2132
6.95369, 337.599, 69.1867
3.29884, 190.805, 67.071
3.15214, 185.383, -315.734
2.515, -557.127, -304.389
6.0491, -250.791, -205.338
3.40448, -449.905, 372.356
5.76029, 516.424, -319.461
4.42907, 271.195, -318.372
3.23766, 133.827, -51.155
5.45054, 262.789, -30.3018
3.24076, 22.1372, 325.996
3.2091, 83.594, 304.372
4.94257, -305.078, -212.877
3.13015, 373.435, 13.3291
5.64635, -98.3646, -270.144
5.60817, 244.192, -333.81
4.88216, -342.157, 397.841
2.64188, -429.241, -251.225
3.21011, 245.484, 424.163
3.15594, -207.647, 387.914
3.31099, -455.032, 446.777
3.76529, -105.155, -165.2
4.77654, 155.689, -324.273
6.54472, 45.2882, -115.409
3.57624, 24.7617, 342.206
3.75063, 423.302, 267.297
5.02978, 129.62, 369.173
6.27922, 170.638, 11.7055
5.66369, 336.518, -61.1301
5.9449, 203.378, 149.405
7.27207, 448.59, 476.295
5.18713, -417.832, 488.348
4.57014, -304.158, -324.066
4.70019, 256.329, 64.3292
6.07821, 480.855, 416.279
6.20858, 198.328, 138.578
5.12494, 630.619, -402.191
6.06711, -294.714, -138.442
5.91025, 281.773, 102.691
6.82941, 432.759, -247.448
3.19597, -33.9359, 461.684
3.57766, 280.969, 24.6407
5.0733, -189.489, -144.353
4.83766, 2.06383, 445.91
3.55759, -71.8491, 565.94
5.65244, -399.139, 408.555
2.5044, -546.494, 59.7295
4.09589, 261.608, 104.777
5.90281, 293.819, 39.8161
6.0446, 304.197, -198.656
2.90869, -534.114, 458.691
3.56926, 251.638, 19.0564
4.44412, -424.918, -284.058
4.44927, 568.147, 569.483
3.92018, 244.772, -402.254
4.6123, 233.398, 222.431
2.55658, -398.84, -348.25
3.72027, 576.584, -561.146
4.49072, -548.205, 455.803
6.64177, -484.741, 158.632
3.78584, 491.831, -672.137
3.59705, -260.934, -312.712
6.47385, 234.666, 137.941
5.8476, 138.793, 110.848
5.49108, -474.395, 161.584
5.99917, -49.8765, -329.154
5.13062, 236.122, -294.676
4.14833, 275.932, -41.7874
3.30844, -638.336, 67.9482
6.56633, 273.042, 28.0156
4.08004, 312.027, 10.1083
4.05369, 31.4813, -299.076
4.65424, -61.5955, -35.445
4.46509, -53.3705, -404.022
4.43916, 37.5094, -135.212
4.34871, -417.987, -492.181
5.88118, 238.596, -397.848
6.10384, 307.279, 104.156
7.20082, 100.82, 397.759
5.08573, -151.207, -302.459
5.5282, -78.5302, 42.2341
5.85049, -398.317, 398.991
5.11404, 46.0549, -285.123
3.87105, -442.213, 477.003
7.08924, 263.907, 102.375
3.73367, 497.627, -420.787
4.77876, 228.417, 96.7618
3.30374, -531.68, 454.394
4.68319, 283.658, 151.057
7.45767, 256.72, 77.0389
6.26931, -248.087, 402.686
4.97846, -404.665, -420.071
7.01651, -489.432, -214.116
4.68213, 205.751, 129.947
5.09239, 79.3675, -129.483
4.44866, 167.586, -325.889
5.63431, -105.606, -315.068
5.19331, 254.393, 45.8751
4.35955, 215.549, -368.894
2.54674, -104.909, 117.406
6.3794, -78.275, -347.32
2.85317, -368.036, -342.842
3.98511, 214.725, -315.042
4.78581, -8.91669, -318.199
3.25156, -201.857, -146.816
5.97819, 227.442, -370.955
4.15587, 266.45, 107.491
5.21197, 496.039, -436.555
2.64678, 623.181, -526.125
5.38086, -18.9812, -114.181
5.18133, 291.388, 6.87133
7.36678, -310.834, -240.368
5.57063, -39.995, -311.4
5.26431, -499.954, 126.449
6.69051, -177.609, 371.153
3.75764, -323.492, 465.452
6.98957, 176.118, 101.409
5.97428, 286.332, -321.422
5.82752, -396.765, -193.56
3.06838, -299.369, -479.713
3.37987, -458.467, 192.094
2.91253, -63.8951, -21.7742
6.68103, -52.7305, 124.792
2.64818, 587.335, -537.477
6.34719, -20.686, -322.418
4.29829, -444.061, 372.076
6.24626, 88.9752, 448.828
6.28385, 288.763, 43.5762
3.60834, -519.235, -310.099
5.58305, 224.511, 35.8847
3.66846, -152.75, -163.86
6.22052, -607.734, 193.111
5.80997, -385.085, -372.359
4.9209, 613.766, -569.679
2.58972, 197.584, 40.4104
4.98291, 224.374, 80.3971
5.09587, 267.324, -343.15
4.71395, -463.19, 75.4692
4.14528, 80.733, 397.148
3.52671, 257.55, 152.079
7.19863, -70.0052, -335.578
2.85168, -350.674, 428.143
3.30042, -111.67, -259.549
6.70788, -382.744, -246.93
4.13614, -145.694, -139.156
6.85942, 286.748, 217.06
5.99896, 596.975, 495.261
5.52801, 281.211, 37.6224
4.77536, 44.3463, -98.9302
2.91543, -432.169, -281.091
3.94883, 82.4654, -135.074
6.51009, -363.91, -404.514
6.81821, 243.516, 50.1708
3.81831, 141.861, -384.357
4.79881, -232.89, -283.422
4.95672, 327.966, -346.447
5.82344, -539.306, -344.429
7.31738, -368.562, -197.313
7.23022, 218.161, -354.789
2.81902, 224.708, -373.972
5.04829, -388.171, -230.71
6.13222, 540.906, 256.661
5.65882, 218.746, -4.91678
3.26658, -502.21, -456.424
5.09652, -465.964, 67.2054
3.52281, -349.415, 412.618
6.03231, 354.255, -292.79
6.05786, -409.755, -209.518
3.66304, -196.946, -122.961
6.80594, 58.5939, -240.311
2.67122, 123.545, 413.829
6.26587, -477.729, 208.788
4.14789, 196.543, 86.4695
4.65309, -267.093, -345.696
7.33455, 347.227, -73.9276
4.05803, 425.575, 405.649
5.69762, 432.877, -338.581
5.95386, 278.549, 21.3132
5.36403, 81.4914, 486.21
6.60667, 579.367, -540
4.21807, -411.161, -387.85
5.09387, -429.555, -331.168
6.78438, -20.5066, -312.802
6.18587, 205.368, 243.721
3.45992, -485.812, 252.732
2.83145, -248.109, 222.421
3.60828, 587.677, -556.161
3.33656, -75.6754, -18.2402
6.31172, 320.81, -179.985
5.44905, -497.767, 198.888
4.65223, 527.35, 490.889
7.09618, 181.44, 67.9939
5.09668, 273.969, 107.797
7.38058, -435.52, -101.831
5.15714, -293.679, -259.839
2.98716, 239.735, 38.9873
5.83983, 328.148, 31.866
5.44444, 230.608, 176.705
5.01137, -279.843, -170.043
2.75808, -486.527, 185.222
2.6753, -12.8763, -356.266
4.41484, -369.277, -354.763
5.55555, 207.266, 102.209
5.06574, 537.421, 457.414
5.98498, 238.401, 59.0514
4.89891, -83.7236, -195.893
3.88323, 254.646, 283.459
6.01685, -262.61, -144.567
3.67701, 435.775, -0.0729895
6.41501, -40.9818, -148.244
6.60589, 33.6488, 418.754
3.21842, -381.493, -268.94
5.75757, -490.982, 517.616
3.87677, 606.161, -433.568
7.26215, -413.216, 495.424
4.58238, -297.733, -246.841
3.03869, -76.8728, -38.2759
4.70633, -506.058, 454.939
6.28811, -406.848, -278.339
2.77803, -409.233, -265.1
3.51241, -9.81835, -136.404
6.82305, 574.45, -544.058
6.52456, -96.5808, -137.881
2.78861, -325.457, -332.575
4.40304, -79.3632, -170.543
4.56124, -9.05225, 437.257
2.80071, -73.1496, 114.547
7.09746, 506.25, 400.862
3.35398, 497.683, 402.535
6.51634, -490.131, 199.566
3.88599, 217.782, 89.237
4.44586, 31.9255, 328.947
7.19936, -48.5985, 444.243
6.24573, 64.502, -125.413
3.44774, -538.427, 470.375
6.89581, 259.239, -57.0172
6.8953, 219.939, -353.153
3.30515, -311.925, -144.256
5.87346, -376.324, -215.208
6.89096, 185.903, 0.540269
6.98262, 273.313, 1.9199
3.06535, -182.715, 450.34
5.93789, -216.146, -242.808
3.21651, -228.13, -514.472
3.6901, 345.939, 67.1333
5.64383, 270.389, 21.0904
4.312, 423.274, 266.685
4.64437, 607.06, 221.287
4.91936, -51.6449, -288.771
6.20379, 14.2749, -151.369
3.23098, -331.35, 431.015
7.36238, -434.213, -362.09
7.3158, -256.233, -172.376
3.14741, -210.412, 666.857
5.3784, 61.2329, -106.245
4.66439, 4.31567, -81.0898
5.50066, -179.408, -131.508
5.85098, -269.683, -237.79
4.5137, 522.991, 451.745
6.46691, 461.589, 383.647
4.89889, -289.239, -201.045
5.72449, 310.105, -61.5098
4.28836, -172.168, 494.089
5.96794, -51.9729, -219.069
5.83428, -537.173, -360.855
3.22071, -373.72, 478.625
7.10415, -478.131, 179.21
4.22228, 66.791, -130.185
6.66824, -6.13093, -187.677
2.74349, 236.841, -360.9
3.27936, -196.126, -262.234
2.55765, 230.137, 53.248
3.94327, 44.3606, 484.767
5.07295, -168.067, -136.803
3.65948, 557.128, 517.679
2.75022, -124.788, -175.393
5.33091, -365.816, -357.143
6.69774, -16.7433, 322.101
4.28763, -382.288, -405.751
4.3452, 49.8009, 381.903
7.22226, 212.523, 82.764
4.72425, -371.388, -209.871
6.82086, 258.65, 25.7716
5.82654, -464.368, -388.938
5.79297, 95.235, 415.42
7.10736, -644.544, 561.382
5.11536, 607.813, -418
5.45229, 266.282, -410.481
5.79944, 455.044, 371.463
4.24765, 264.342, 99.4866
4.11714, 278.294, 72.9517
7.08984, 40.2957, 413.832
3.08619, 504.466, -559.997
7.31268, 213.98, 103.674
5.17978, 32.901, -120.221
5.81447, 447.285, 415.88
5.48362, 445.314, -386.988
6.93363, -386.098, -240.357
6.67999, -434.52, -337.943
6.69339, 199.193, 25.5828
6.85642, -84.5241, 41.3846
2.5002, -336.294, 115.635
4.77274, 189.431, 37.8461
4.25696, -473.663, 181.177
5.80713, -229.488, 530.397
6.22234, -474.184, 178.675
3.3821, -153.618, -267.237
7.4621, 588.132, -559.922
5.95466, -484.468, 190.872
6.97862, 243.36, 305.041
3.51579, 270.678, 45.8996
7.2356, -369.537, -174.323
4.88476, 497.91, -437.23
6.78578, 514.372, -523.51
6.41237, -387.133, -348.252
5.70687, 471.7, -486.374
3.14521, -533.023, 6.90946
5.77944, -53.3842, 399.719
3.09199, -12.7106, -155.839
3.88793, -7.48165, 339.715
6.65548, -181.821, -147.968
6.14153, -364.221, -553.692
6.74348, -849.961, -2.74734
3.43989, -328.937, -183.396
6.09602, 260.273, -167.84
4.25586, 282.425, 1.45662
3.34555, -564.353, -431.432
4.52383, -112.692, -377.407
4.20924, 85.9889, 464.552
6.67141, 292.207, 70.42
3.9111, 476.539, 370.02
5.16766, -405.916, -374.706
6.25085, 493.065, -401.661
4.62554, -496.917, -213.562
4.66964, -448.76, 449.077
3.03022, 539.99, -468.549
6.4639, -100.114, -285.017
3.91232, -558.733, -248.697
7.14264, -199.136, -121.438
5.37926, 256.93, 37.9148
3.4895, 464.192, -267.077
5.99081, 253.596, -315.353
3.07265, 250.478, -361.516
4.22945, -2.51129, 348.709
4.15646, -261.624, -174.058
6.42735, 595.397, -502.332
6.65775, 197.572, 181.781
4.21712, -577.751, 395.535
4.2603, -189.045, 373.295
6.38197, -97.2263, -256.76
6.58658, -80.8308, 428.476
4.26157, -179.317, -45.2677
7.09559, -361.858, -217.63
3.2877, 239.927, 88.5817
5.56029, -345.847, 566.577
5.54222, -373.547, 478.844
3.16647, -62.9217, -236.773
3.51409, -443.529, -358.133
4.79457, -466.565, 508.079
3.48759, -336.177, 513.278
6.77118, -479.072, 161.741
6.54562, -144.357, -364.015
2.80131, -518.559, 459.31
6.50584, -520.831, 463.994
5.49597, -76.4607, -284.026
7.43182, -454.594, 171.206
2.65919, 78.0325, 434.695
6.8356, 570.211, -541.033
3.69109, 161.471, 12.6713
3.6127, 272.87, 97.3531
4.73907, -401.904, -420.96
2.61231, 326.484, 157.601
6.79755, -132.797, -166.387
4.15902, 215.566, 157.972
5.72195, 281.267, -98.3713
7.43521, -394.822, -423.294
5.30162, 207.274, -367.525
4.74553, -319.016, -254.705
5.213, 3.31521, -349.21
2.90797, 357.207, -60.3573
3.99606, -293.294, -179.894
6.63964, 448.636, 369.458
6.48936, 430.512, 623.182
5.71048, 132.8, 370.316
4.84105, 185.777, 30.5206
7.15326, -148.462, -265.272
5.08798, -134.889, -192.514
7.42924, 490.341, -422.187
5.94567, -13.8329, -228.251
6.19966, -106.847, -273.287
3.46323, -573.149, -274.591
6.08881, -238.653, 545.254
6.11146, 273.167, 84.2287
6.49298, 254.725, 59.1375
4.23216, 256.505, -299.246
5.1481, 72.8874, -171.553
3.19001, 302.456, 46.4326
6.73218, -180.619, -129.581
6.32766, 88.5488, -339.342
7.5, 524.312, -558.098
4.24891, 496.176, 407.791
5.50367, -416.293, 480.944
3.50808, -276.094, -196.975
6.2385, 216.695, -13.4992
6.49225, 364.795, 69.7131
3.03505, -477.394, 334.019
5.35813, -311.461, -211.438
2.84683, 158.302, -160.984
4.16036, 531.057, 352.297
5.80945, 243.375, -338.258
5.27726, 125.818, -174.894
7.12415, 193.008, 91.5597
2.69832, -257.726, -197.668
2.62083, -102.272, -124.483
4.61923, 317.586, -302.056
4.36987, 268.561, -48.8148
2.93303, -178.135, -81.7089
3.05403, -84.3397, -39.434
5.31992, 243.823, -458.972
7.37269, -150.31, 451.616
3.05066, -29.9145, -319.466
5.99352, 2.2665, 367.104
2.79674, 120.209, -322.191
4.69755, 275.085, 20.4812
5.24651, 435.191, 440.891
3.45129, 340.904, -447.565
7.36597, 260.989, 77.4605
3.19593, -312.071, -191.124
5.48978, 501.12, -421.585
7.12812, -396.249, 500.788
3.91116, 92.6697, 390.866
6.8307, -147.169, -175.529
6.29598, 16.1197, -240.267
6.10793, 250.318, 103.113
3.34241, -87.9268, 120.897
3.32882, 481.473, 303.093
3.39076, -388.282, -112.809
5.87226, 234.233, -329.222
4.83484, -7.85347, -370.406
6.85219, -426.713, -467.86
5.76023, -365.947, -302.029
5.80464, 619.06, 614.341
2.58037, -487.076, -571.939
4.30596, -427.237, -352.381
3.72747, 400.563, 131.351
6.93086, -508.447, -442.589
5.23701, 626.973, 506.354
6.57209, -75.0791, -313.326
5.24453, 4.28504, 359.722
4.16156, 202.033, 121.025
4.40213, 122.709, -329.876
2.52389, 494.545, 459.015
6.95226, -97.2137, -283.901
6.16955, -426.003, 510.19
6.04239, 66.77, 447.722
5.1278, 36.2523, -165.637
6.41065, -7.11965, -331.708
3.42484, -250.872, -324.175
5.72673, 291.316, 124.255
3.42178, -406.279, -241.626
3.31214, 50.9867, -124.969
2.65594, -293.555, 428.318
7.42716, -104.995, -258.719
4.04559, -283.162, -268.798
4.11075, -262.895, -73.8251
5.51155, 314.83, 146.168
2.89107, -254.888, -315.462
3.93936, 260.598, 30.1852
5.79307, -127.625, -340.362
7.36348, -300.085, -447.241
7.27758, -440.101, -272.491
7.42745, -311.52, -208.176
7.30478, -441.572, -368.766
3.0073, -445.248, 532.649
3.71505, -105.217, -266.96
6.91151, -105.802, -184.802
5.28805, 269.033, 100.086
6.7669, 498.517, 405.787
7.49145, -334.016, 432.391
3.99751, -50.6431, -398.716
6.33157, 428.5, 471.347
4.81901, 310.096, 143.819
6.8168, -447.698, -173.017
6.99018, 327.757, -77.5446
7.377, 118.15, -198.107
2.77405, 234.655, 112.29
6.32605, 592.079, -528.031
5.09219, -390.126, 503.853
3.46574, 308.859, 37.862
6.98252, 297.25, -369.021
6.38492, -300.728, 228.646
2.75968, 258.89, 22.1184
7.47331, -489.508, 463.04
5.93659, -317.216, -307.299
5.94854, 409.094, 440.462
6.57666, -238.284, 371.353
7.05426, -120.094, -265.538
3.34218, -82.7458, 48.4781
5.24183, -385.732, 398.69
6.53351, -137.906, -144.287
4.17803, 245.254, -359.003
5.53435, -205.196, -147.334
6.59602, -533.11, 248.09
7.3485, 33.5825, -139.166
6.29349, 425.623, 469.2
3.72113, -145.137, -180.884
5.80589, -569.634, 115.277
4.21574, -252.158, -237.415
7.27146, 153.421, -242.148
2.60828, 251.526, 455.1
4.54979, -599.038, 566.472
2.55789, 208.163, -392.02
3.04964, 395.246, 166.189
5.28259, -480.29, 169.513
4.45466, 64.3514, -164.673
7.20539, 51.1179, -163.634
2.55572, 259.283, -106.946
6.22897, -122.523, -354.023
3.84293, 273.636, 89.544
4.27153, -376.67, -413.721
3.45835, -250.112, 564.065
5.14832, 318.414, 320.226
4.39478, 3.07889, -297.452
3.16407, -146.198, -263.968
4.26563, -129.839, -336.267
4.2497, 584.679, 494.658
7.41084, 237.997, 55.6059
5.25961, -97.717, -87.6482
4.99918, -150.486, -247.011
3.58531, -513.078, 202.622
4.37311, -109.871, -288.905
6.78251, -380.29, -381.758
6.45578, 466.225, -458.785
3.9204, -342.125, 428.073
5.07645, 309.816, 314.72
6.79238, -177.215, -183.187
7.07844, -318.067, -101.406
7.48941, 20.1849, 309.712
6.53177, 36.5931, -137.612
5.22718, -365.823, -201.829
7.3461, 39.2179, -311.75
5.31931, -506.595, 105.136
4.03031, -308.643, 438.952
5.41853, 552.455, 561.59
2.91197, 134.396, -61.3952
5.47382, 274.328, 35.4778
3.31968, -464.65, -409.332
6.46527, -472.989, -363.713
2.95373, 674.272, 325.481
6.3072, -468.378, -224.831
6.83996, -141.544, -184.908
6.40105, -108.659, -325.503
6.61399, 457.676, 472.67
6.70974, 252.334, -46.7921
4.48328, -14.6757, -36.1972
6.508, -63.2182, -21.7687
6.56811, 294.137, 169.956
5.43493, -254.641, -225.279
4.64621, 296.463, -104.729
2.5002, -109.805, -269.28
5.31153, -371.994, 113.647
6.22632, 293.452, 16.4676
3.89846, 362.727, 179.531
2.93406, -349.644, 515.697
3.5733, 536.373, -446.126
3.93296, -507.629, 470.382
4.86595, -395.798, 502.385
6.95893, 571.305, 574.181
5.91955, 240.914, -377.249
3.54376, 40.4347, -141.694
6.67533, 340.214, -137.718
7.09218, 539.822, 469.294
4.48244, -726.892, -333.705
6.37858, 194.216, 140.992
5.68161, 161.272, -113.989
6.64746, 250.273, 88.2531
3.40204, 336.125, -323.355
7.45927, 241.354, -338.622
6.70558, 16.9488, -289.924
4.65177, 365.7, 210.932
4.38589, 346.662, 536.507
2.70802, 220.631, -365.971
6.80715, -451.358, -470.642
6.62116, 495.325, -441.197
6.25052, -136.706, 430.896
3.55801, -186.721, 442.686
4.31029, -224.476, -232.094
4.43545, -287.56, -279.254
7.32918, 454.928, 419.556
6.5872, 73.4183, 434.743
4.5755, 140.881, 305.957
5.83759, 254.469, 39.1695
2.52101, 468.271, 399.859
6.98048, -475.188, 202.83
3.68416, -90.0925, 116.176
3.79415, 77.8221, -232.954
5.4939, 180.865, -364.522
6.89823, -507.754, 194.009
6.16299, -333.718, -331.166
6.0773, 489.87, 262.524
3.57724, -172.704, 375.606
6.30413, 637.102, -477.617
3.85351, -84.8932, -289.508
2.75246, 234.292, 150.311
4.78866, 162.202, -107.042
2.58759, 330.153, -424.495
3.01129, -16.1235, -115.192
2.639, -180.884, -40.6593
5.65921, -77.8597, -261.161
6.34425, 51.437, -117.413
2.74132, 254.771, -441.168
6.6924, 103.532, -255.632
6.76899, -336.812, -60.3257
6.57649, -439.156, 519.033
6.85188, 467.659, 304.785
5.27222, -342.997, -199.562
6.12646, -110.586, -158.787
3.20424, -201.03, 389.91
6.6115, 240.644, -349.64
5.51185, 240.113, 96.5453
4.93856, 183.818, -327.533
6.14942, 39.4296, 449.153
4.05164, 520.825, -669.134
3.93925, -357.546, 67.9108
5.45857, -464.978, 439.544
5.34055, 533.335, 376.505
5.41059, -426.637, -231.566
2.84132, -546.823, 266.183
4.34304, -102.759, -85.1794
6.28475, -393.791, -385.068
6.35297, -560.193, -396.887
4.27217, -325.845, -194.613
5.98913, -3.9401, 341.836
5.08005, -321.649, -215.347
5.94494, 227.074, 62.6664
6.18066, 2.59039, 320.462
2.56231, -143.396, -215.976
7.16549, 258.133, 57.1039
5.37826, 191.204, 25.6695
3.05587, 478.745, 357.518
4.87388, -172.181, -150.525
3.24247, 480.756, 87.5624
4.22594, 256.751, 118.423
7.04476, -470.416, 190.518
4.54571, 133.513, 453.02
5.96642, -271.657, -160.647
3.35865, 221.45, -329.054
6.21715, 459.38, -409.966
4.16319, -336.352, 425.996
4.62157, 186.05, 84.0942
2.79523, -165.086, -194.95
5.09005, 313.744, 178.556
5.94425, 258.079, -337.741
5.01149, -135.451, -195.565
6.56617, 48.5318, -314.972
3.07974, -93.6073, -270.81
5.24841, 267.631, 34.2097
5.06046, 292.189, 117.172
6.02649, 448.016, 496.342
5.65083, -200.444, 380.904
4.0207, -32.9163, -272.064
6.74719, 297.853, 20.0974
3.39619, 340.782, 68.3236
2.61737, -416.697, -213.904
4.19467, 229.314, 108.609
3.43818, 294.553, 68.1385
6.60467, -101.049, -146.925
6.72507, -288.509, -200.026
6.78031, 586.216, -551.556
7.37454, -528.247, 453.966
2.99587, 144.597, -376.245
2.56182, 382.616, 410.603
2.58614, 213.436, 159
2.64527, 267.523, 64.2622
4.1031, -101.108, -84.2596
6.17815, 216.433, 37.291
3.14876, 279.167, 110.505
2.5161, -265.599, 243.939
6.91905, -163.192, -241.423
3.70482, 304.156, -368.197
4.38481, -467.845, 446.431
4.44879, 167.746, -5.45605
2.81534, 164.685, 41.939
7.30792, -0.50703, 406.976
3.75349, 445.198, -270.59
6.85376, -292.735, -189.307
2.85991, -476.821, 244.411
2.70653, -305.247, 533.852
3.46378, 266.95, -399.47
3.86708, -141.517, 208.703
7.4007, -325.398, -461.064
3.60607, 212.941, -344.031
6.43119, -386.639, 357.336
4.42306, 120.637, -226.812
3.78593, 214.459, -326.958
3.91087, -474.06, 193.647
7.33834, 166.008, 62.4067
4.22841, 49.7061, -131.693
3.45922, -510.086, 286.173
5.05037, -479.436, -195.702
5.21857, -393.059, 444.281
5.72333, -388.585, -382.215
3.89738, 6.35683, 476.337
3.41887, -140.405, -216.575
2.71579, -321.407, 163.969
3.98408, -278.188, -172.051
4.25548, -50.2284, 129.955
7.09372, -335.441, 445.269
5.81225, 295.773, -172.432
5.08041, 478.905, 375.205
4.03763, 204.118, 128.553
3.0007, -49.0024, 54.4431
3.47502, 242.862, -180.334
4.11407, 25.2534, -150.945
5.56182, 226.546, -6.71405
5.13511, 585.609, -441.436
3.45653, 285.846, 22.0457
4.7178, -378.63, -416.93
4.48693, -402.445, 390.575
6.28051, -398.569, 369.362
6.6213, 474.477, 366.475
5.51573, -83.393, -94.9323
3.04573, 217.156, -348.466
4.11797, 250.176, 16.7861
5.03403, 319.621, 223.753
4.76521, -457.123, 446.177
4.77315, -88.1882, -295.71
4.91125, 518.128, 496.331
5.07896, 220.481, -338.269
4.50207, 29.707, 370.72
4.22945, 251.856, 277.091
6.64533, 271.204, 6.14625
3.02204, -674.534, -481.535
6.40057, 177.194, 150.809
3.19919, -133.597, -97.0377
2.62171, -385.962, -347.011
6.0664, 254.261, -279.132
7.15538, -121.29, -232.118
7.47667, 280.802, 53.7336
3.86264, -466.482, 122.287
3.6923, -341.316, -264.152
3.87328, 500.817, 440.247
5.70836, -355.011, -334.94
5.17637, 243.335, 92.7233
6.8967, 456.304, -291.476
6.75968, -531.252, -282.988
2.98004, 226.309, 29.2623
4.66818, -609.865, 201.175
3.17045, 137.045, -144.662
5.86802, -75.6233, 43.011
5.34964, -82.1958, -261.3
3.66474, -443.491, 454.306
5.50306, 215.362, -386.268
2.6551, -357.421, -301.113
7.08512, 217.895, -127.056
3.82958, 250.541, 22.4896
6.50016, -96.9759, -271.843
5.46389, -29.3036, -273.866
5.0822, 267.99, 39.2678
5.2567, 256.229, 60.9613
3.47225, 242.329, 66.9693
5.36152, 19.5673, -445.683
3.81992, 193.672, 268.928
4.41648, -471.516, 481.852
2.73626, -393.207, -187.323
4.22823, 209.454, -390.093
3.61594, 190.477, -369.872
3.81264, -75.663, -192.961
3.05141, -191.993, -324.429
7.40088, -350.336, -362.906
5.93794, 423.07, 452.612
5.82158, -482.342, -195.624
5.99501, -434.654, -313.507
2.68746, -467.25, -362.329
3.6706, -394.095, -380.959
3.95397, 482.644, 364.572
3.50543, 31.0077, -255.038
2.7177, 379.036, -10.8492
2.56571, -214.293, 529.255
6.07297, -308.92, 467.343
6.88348, -464.161, -350.108
5.35088, -463.807, 145.13
6.92743, 537.303, 492.838
5.20042, -396.135, -217.705
3.31357, 577.18, -544.633
3.30492, 478.854, 399.598
7.19182, 254.815, 94.154
3.45628, 422.952, -423.036
3.15761, -97.0883, -125.759
4.41122, -87.1934, -108.557
6.12674, 304.729, 146.1
2.50651, 539.179, 455.65
4.60222, 114.265, 349.465
5.18984, 243.754, 54.9857
4.86596, -39.3412, 105.719
6.33003, 538.869, 455.617
2.9396, 333.513, -324.642
7.04284, 253.95, 110.215
3.20818, -630.31, -469.697
2.54782, 228.073, 98.5226
2.82267, 274.099, 43.9103
4.96742, 253.354, 71.2861
5.40914, 480.595, 399.877
4.03373, -395.613, 477.612
4.57091, 346.671, -73.2157
4.33401, -378.28, -367.055
3.42687, 72.352, 399.647
2.76788, 132.72, 56.5561
4.47222, 207.912, 99.4685
3.98388, -97.4385, -99.8147
5.05388, -504.096, 476.884
3.75392, -446.132, 169.098
5.01589, 539.372, 540.324
2.51168, -258.778, 501.775
7.01807, 638.244, -241.281
2.79181, -507.702, -422.539
5.17506, -218.49, 401.99
3.95754, -504.106, 385.547
7.3023, -282.228, -122.194
4.73406, 252.418, 102.396
5.08479, 382.055, 190.241
5.93861, -128.998, -171.657
2.72187, -132.042, -188.583
7.2946, -531.33, 456.762
5.70852, 301.935, 136.496
2.80215, 77.6701, -410.616
3.33964, 243.529, 77.3765
5.76491, 290.3, 51.5912
6.19864, -481.451, 194.819
3.57011, 369.621, 189.059
4.31441, -218.204, -263.85
6.56981, -396.014, 413.374
5.32057, 453.319, -242.874
7.45886, -36.1928, -294.012
6.5669, -203.786, 13.4178
3.49157, -394.555, 63.7156
2.50003, -28.6892, -429.593
4.62608, 638.111, -403.518
4.07406, 378.758, 210.417
5.56218, 474.661, -432.342
3.83351, -76.5515, -228.732
4.39881, -338.165, -8.722
5.43397, 386.087, 49.1776
5.95636, -176.772, -297.466
7.26736, -112.525, -269.632
4.89785, -356.468, -334.897
3.60319, 214.49, -361.738
5.33741, -446.702, -381.262
6.09873, 244.524, 193.289
4.4953, -341, 398.868
3.48326, -393.49, 403.487
6.66971, -551.778, -437.584
5.59561, -486.808, -375.502
7.26866, -93.9421, -140.398
3.23222, 33.822, -168.386
5.38953, -189.547, -244.015
7.26796, -338.964, 438.508
3.62331, 612.559, -381.654
7.25137, -300.866, 456.594
3.07874, 485.161, -417.566
2.58372, 44.6618, -122.474
3.90465, -168.079, -136.069
7.15042, 222.494, 48.1908
3.04796, 605.85, 572.628
6.77266, 59.2252, 455.03
5.68532, -623.761, -339.423
5.63853, 239.466, -343.724
3.80589, 487.85, 362.418
5.13936, -556.75, 212.214
7.16608, -201.342, 382.214
3.98055, 168.586, 87.3748
4.78006, 215.043, 111.631
6.35659, -435.861, -333.489
4.17193, 250.891, 194.848
6.31775, 31.0312, -263.344
6.65892, -22.7451, 313.313
2.64618, -458.089, 488.949
4.31315, 424.722, -47.653
4.16221, 276.058, 3.00957
3.17675, -402.966, -209.239
3.00839, -198.445, 548.146
5.11327, -339.431, 421.431
3.52046, -253.427, -219.152
5.00728, -409.605, -287.603
5.1371, 101.599, 398.824
4.13422, -166.138, -119.615
4.75888, 131.606, -272.176
6.85263, 97.7783, 379.632
4.72884, 534.938, 375.022
6.03726, -685.483, -134.508
6.83171, 549.347, -555.673
6.5822, 378.058, 216.946
2.67504, 628.58, 502.361
3.8644, -325.711, -278.254
5.21858, -94.0593, -260.127
3.19942, -243.846, -296.816
5.57408, -296.147, -109.727
3.29182, -295.609, -255.762
4.41129, 243.829, 62.2481
5.94997, -110.391, 11.828
3.21128, -266.045, 247.542
5.65284, -460.715, 433.762
3.15973, 13.4415, 321.141
7.13583, -604.163, 199.362
5.53465, -502.377, 408.392
5.50388, -451.655, 167.094
3.33635, 240.884, -351.735
3.301, -600.845, -496.425
5.91628, 266.21, -14.013
5.1456, -298.883, -193.343
3.65264, 80.0909, 410.084
6.55373, -421.298, -177.636
5.76477, -96.4107, -327.508
4.08597, -397.437, -372.372
2.53953, -74.7036, -183.909
3.49176, 428.727, 532.46
3.78831, 359.711, 45.5517
3.03825, 292.12, -140.696
3.49545, -29.1001, -156.719
6.75079, 727.314, -447.264
6.63912, -364.072, 135.157
6.76813, -427.862, -351.781
5.71027, 1.30264, 481.469
3.6787, 631.408, -394.874
6.80638, -487.567, -113.461
5.4745, 273.979, 148.584
2.52745, 227.11, 8.64175
6.84925, -401.055, -371.25
7.37729, 221.177, 84.9579
5.59653, 121.622, 12.196
3.85574, -495.826, -27.3541
7.46973, -190.889, -303.029
4.60751, -384.811, -305.841
4.20537, -409.235, -425.747
4.80717, 150.044, -114.138
4.44822, 99.2362, -219.719
4.613, -6.79374, 467.321
2.84879, 265.571, 237.254
5.5153, 12.0744, -91.681
7.36114, -56.5869, -36.2217
5.07406, -382.798, -364.067
7.45461, 196.126, 125.205
5.84906, 259.845, 56.5904
4.01716, -223.837, -225.616
3.47371, 426.65, 371.44
4.0109, -330.526, -178.677
4.93946, -320.044, 605.418
4.72438, 467.427, 463.691
5.7844, 212.093, -336.342
3.74227, -428.571, -356.762
4.72007, 25.8135, 458.981
5.75894, -356.487, -244.415
6.67472, -665.329, 352.716
6.03698, 65.4211, 377.163
4.93928, -375.557, -345.799
6.72039, 277.311, 74.4674
7.00296, -243.766, -172.838
6.33082, -466.762, -413.778
5.29453, 419.544, 508.191
2.70603, 211.149, -4.77886
5.46749, 224.293, 67.2688
2.68674, -250.226, 316.122
4.53488, 227.615, 103.872
2.84243, -551.044, -620.659
7.38558, -323.74, -254.306
2.5956, -345.896, -269.033
6.60363, -201.822, -114.624
5.2195, -475.578, 342.331
5.72828, 465.165, -265.29
3.62934, -126.552, -169.872
2.733, 586.726, -533.116
3.63154, 306.975, -350.201
4.58371, -468.766, 247.442
6.40126, 268.369, -380.497
3.72852, -452.279, 232.834
4.81411, 224.363, 73.6095
6.14756, 288.545, -24.1488
5.35237, -482.259, 343.733
5.45997, 514.168, 502.832
4.98425, -552.474, 146.998
3.951, 100.209, -25.8151
4.71107, 44.7333, -138.542
2.53669, 650.866, -596.707
7.41683, 302.992, -173.129
2.52822, -488.257, -62.7884
4.8676, 33.8384, 391.949
5.86497, -98.6625, -277.287
