6.27803, -732.863, -971.166
3.5948, 40.8151, -108.806
5.89648, 371.664, -897.781
5.09708, -268.878, 887.26
2.76731, -959.161, 648.729
2.53849, 349.756, 41.8872
4.58743, -822.677, -242.35
7.15218, 181.663, 387.864
2.95982, 41.3248, 692.266
6.00595, -174.081, 308.895
3.81226, 537.131, 800.981
4.14117, 470.697, -889.352
7.45519, 493.374, 258.996
7.41275, -493.047, -252.127
5.75759, 494.85, 436.54
6.92354, 259.552, -837.139
6.33247, -122.876, -460.552
3.87453, -480.887, -64.4094
4.93259, -655.438, -278.058
2.80282, 812.788, 765.951
5.08146, -3.32308, 782.809
4.96988, 950.643, -366.835
7.23882, -801.799, -471.864
4.42071, -10.3766, -835.894
5.14874, 808.007, -467.613
2.75042, 868.957, -40.048
6.63909, 559.211, 541.606
5.94228, -934.585, -734.648
6.18112, 258.483, 730.144
6.94286, 949.058, 435.855
4.25508, -351.044, -531.355
6.72991, 183.469, 24.1684
3.84659, 650.337, -156.15
4.83959, 60.4085, -191.771
3.2686, -650.58, -460.715
2.66527, 635.409, 123.576
7.2768, -16.8324, 88.1587
6.95369, 113.238, 484.565
3.29884, 663.598, 238.925
3.15214, 426.761, -565.973
2.515, -456.706, -809.469
6.0491, -896.88, -176.426
3.40448, -495.225, 847.109
5.76029, 767.746, -348.104
4.42907, 380.375, -698.287
3.23766, -9.4215, -230.073
5.45054, 640.649, 165.534
3.24076, 151.781, 900.926
3.2091, -177.165, 949.847
4.94257, -482.828, 119.111
3.13015, 875.353, -49.2836
5.64635, -347.258, -584.94
5.60817, 292.144, -729.267
4.88216, -482.572, 581.958
2.64188, -527.987, -257.138
3.21011, -126.205, 790.895
3.15594, -186.66, 874.1
3.31099, -837.683, 756.461
3.76529, -263.981, -834.075
4.77654, 547.421, -748.824
6.54472, -91.1345, -295.884
3.57624, 299.329, 840.498
3.75063, 815.052, 371.826
5.02978, -60.8212, 715.914
6.27922, 623.276, 152.274
5.66369, 861.954, -49.5913
5.9449, 609.393, -129.293
7.27207, 953.313, 437.141
5.18713, -397.286, 708.164
4.57014, -766.092, 31.9365
4.70019, 751.791, 165.193
6.07821, 727.625, 455.291
6.20858, 392.436, 585.062
5.12494, 764.719, -950.562
6.06711, -851.158, -77.6525
5.91025, 325.438, -20.9242
6.82941, 826.451, -591.569
3.19597, 73.7183, 757.427
3.57766, 943.079, -108.504
5.0733, -346.115, -130.688
4.83766, -100.883, 734.213
3.55759, -248.416, 603.139
5.65244, -683.852, 960.423
2.5044, -947.692, 200.001
4.09589, 445.281, 535.197
5.90281, 374.938, -114.794
6.0446, 662.161, -578.604
2.90869, -799.656, 644.996
3.56926, 265.596, 493.233
4.44412, -821.879, -566.183
4.44927, 929.422, 913.902
3.92018, 376.383, -459.201
4.6123, 544.399, 537.521
2.55658, -629.567, -426.277
3.72027, 915.824, -624.52
4.49072, -708.847, 654.705
6.64177, -653.507, 198.97
3.78584, 963.961, -701.916
3.59705, -787.324, -517.625
6.47385, 381.731, 266.225
5.8476, 490.561, 388.599
5.49108, -882.86, 280.515
5.99917, -372.988, -531.619
5.13062, 537.167, -746.337
4.14833, 192.613, 100.145
3.30844, -718.261, 390.455
6.56633, 709.27, -24.0028
4.08004, 470.853, 122.8
4.05369, 41.687, -741.026
4.65424, 28.5821, 142.259
4.46509, -233.132, -474.576
4.43916, -52.1628, -155.492
4.34871, -815.417, -452.736
5.88118, 340.697, -502.72
6.10384, 435.908, 29.1583
7.20082, -74.3318, 877.333
5.08573, -80.7478, -361.594
5.5282, -192.776, 323.667
5.85049, -684.668, 977.656
5.11404, 69.1804, -296.334
3.87105, -923.562, 625.958
7.08924, 104.561, 282.269
3.73367, 915.068, -435.187
4.77876, 370.146, 665.947
3.30374, -936.08, 643.452
4.68319, 403.355, 388.581
7.45767, 475.203, 185.887
6.26931, -431.849, 389.2
4.97846, -962.545, -646.523
7.01651, -660.153, -810.294
4.68213, 489.605, 545.678
5.09239, 163.297, -962.586
4.44866, 89.2608, -841.827
5.63431, -203.956, -570.722
5.19331, 399.967, 319.976
4.35955, 638.366, -432.65
2.54674, -356.761, 358.02
6.3794, 37.5386, -772.579
2.85317, -878.81, -569.284
3.98511, 434.278, -680.883
4.78581, -53.1308, -855.633
3.25156, -113.285, 33.5085
5.97819, 663.11, -432.988
4.15587, 370.257, 142.305
5.21197, 959.101, -862.417
2.64678, 728.371, -943.282
5.38086, -11.1061, -244.52
5.18133, 351.986, 470.911
7.36678, -767.568, -914.235
5.57063, -310.809, -600.763
5.26431, -721.294, 206.086
6.69051, -260.904, 874.304
3.75764, -514.572, 906.62
6.98957, 598.558, -129.086
5.97428, 501.013, -490.633
5.82752, -475.188, -90.4573
3.06838, -591.949, -783.501
3.37987, -954.895, 98.7309
2.91253, -139.525, 177.874
6.68103, -236.131, 357.919
2.64818, 918.764, -749.712
6.34719, -21.581, -824.371
4.29829, -513.353, 858.693
6.24626, 18.8682, 516.39
6.28385, 351.126, 335.904
3.60834, -532.542, -904.321
5.58305, 305.458, 147.53
3.66846, -555.981, -236.658
6.22052, -677.31, 290.552
5.80997, -885.516, -672.615
4.9209, 922.113, -769.782
2.58972, 832.608, 218.842
4.98291, 445.98, 183.12
5.09587, -80.142, -863.437
4.71395, -853.417, 524.485
4.14528, -43.4209, 926.813
3.52671, 478.148, -103.112
7.19863, -230.659, -626.547
2.85168, -500.952, 910.877
3.30042, 45.1198, -721.024
6.70788, -769.295, 25.8731
4.13614, -160.98, -266.107
6.85942, 165.356, 425.384
5.99896, 662.986, 513.406
5.52801, 863.228, -212.155
4.77536, 73.4712, -232.057
2.91543, -484.414, -222.763
3.94883, -47.2242, -130.039
6.51009, -584.186, -781.079
6.81821, 346.492, 39.025
3.81831, 413.209, -504.358
4.79881, -829.863, -231.559
4.95672, 604.032, -521.213
5.82344, -464.793, -969.406
7.31738, -625.098, -173.166
7.23022, 579.486, -746.828
2.81902, 227.038, -648.686
5.04829, -448.27, -284.838
6.13222, 661.256, 671.78
5.65882, 584.113, -328.929
3.26658, -907.569, -907.214
5.09652, -855.783, 517.75
3.52281, -544.77, 838.73
6.03231, 404.413, -820.561
6.05786, -461.882, -46.0787
3.66304, -556.748, -237.619
6.80594, -41.8654, -127.539
2.67122, -101.905, 930.505
6.26587, -928.145, 72.1987
4.14789, 642.811, 166.456
4.65309, 62.4118, -523.205
7.33455, 936.13, -200.531
4.05803, 739.123, 680.547
5.69762, 948.724, -687.264
5.95386, 874.915, -56.7733
5.36403, 50.6522, 620.768
6.60667, 903.007, -703.688
4.21807, -891.744, -679.201
5.09387, -830.25, -743.83
6.78438, 119.695, -931.609
6.18587, 328.993, 58.982
3.45992, -884.749, 366.173
2.83145, -307.398, 332.367
3.60828, 848.776, -710.278
3.33656, 162.343, -208.542
6.31172, 369.764, -901.455
5.44905, -835.034, 407.739
4.65223, 866.977, 859.317
7.09618, 650.407, 12.7484
5.09668, 447.306, 188.788
7.38058, -686.737, -32.6567
5.15714, -450.871, 138.591
2.98716, 335.872, 370.296
5.83983, 191.624, 100.49
5.44444, 148.299, -11.3569
5.01137, -680.783, -124.388
2.75808, -911.785, 444.963
2.6753, -336.779, 29.8509
4.41484, -795.882, -532.765
5.55555, 195.281, 106.145
5.06574, 544.46, 858.947
5.98498, 318.884, -23.5976
4.89891, -18.019, -190.14
3.88323, 64.921, 428.16
6.01685, -436.371, 201.043
3.67701, 863.669, 35.1575
6.41501, 159.988, -170.969
6.60589, 349.021, 819.295
3.21842, -506.964, 45.7537
5.75757, -490.908, 793.378
3.87677, 858.839, -965.427
7.26215, -390.022, 707.326
4.58238, -741.245, 16.4216
3.03869, -125.17, 395.109
4.70633, -787.377, 528.562
6.28811, -408.144, -294.654
2.77803, -339.724, -305.073
3.51241, -20.5405, 137.308
6.82305, 921.96, -742.443
6.52456, -250.777, 14.7031
2.78861, -671.854, -659.86
4.40304, -70.2505, -711.886
4.56124, -113.231, 745.863
2.80071, -372.635, 302.39
7.09746, 803.466, 655.113
3.35398, 530.826, 820.272
6.51634, -920.867, 182.765
3.88599, 726.961, 50.5686
4.44586, 167.68, 736.279
7.19936, 69.4442, 621.351
6.24573, 183.747, -194.382
3.44774, -331.174, 751.866
6.89581, 427.605, 479.747
6.8953, 404.753, -828.299
3.30515, -787.993, -254.385
5.87346, -792.944, -164.772
6.89096, 634.631, 138.044
6.98262, 242.553, 509.812
3.06535, -14.6141, 744.19
5.93789, -221.302, -235.054
3.21651, -803.566, -750.86
3.6901, 406.597, -43.2838
5.64383, 916.684, -224.034
4.312, 815.782, 371.594
4.64437, 583.452, 718.977
4.91936, -11.3442, -837.73
6.20379, -1.36616, -114.194
3.23098, -358.197, 860.947
7.36238, -810.303, -760.26
7.3158, -514.612, -199.417
3.14741, -589.049, 655.474
5.3784, -296.349, -605.932
4.66439, 165.794, -141.269
5.50066, -231.334, -222.41
5.85098, -681.352, -90.4007
4.5137, 398.322, 973.663
6.46691, 648.272, 675.091
4.89889, -955.648, -246.689
5.72449, 303.452, 279.032
4.28836, -259.665, 606.87
5.96794, -325.522, -219.517
5.83428, -415.86, -680.383
3.22071, -426.097, 708.61
7.10415, -934.873, 206.17
4.22228, 30.6473, -240.286
6.66824, -398.669, -465.855
2.74349, 281.566, -729.87
3.27936, -245.001, -69.7389
2.55765, 327.862, 495.154
3.94327, 116.641, 584.061
5.07295, -348.823, -163.845
3.65948, 676.079, 434.875
2.75022, -244.251, -67.6952
5.33091, -598.617, -817.204
6.69774, -152.307, 646.284
4.28763, -644.444, -461.706
4.3452, 175.249, 851.49
7.22226, 259.264, -70.8009
4.72425, -879.454, -173.59
6.82086, 481.259, 160.745
5.82654, -781.857, -727.768
5.79297, 176.863, 659.053
7.10736, -949.527, 951.38
5.11536, 953.621, -627.657
5.45229, 439.457, -440.916
5.79944, 665.074, 649.054
4.24765, 264.905, 469.401
4.11714, 347.374, 44.8036
7.08984, -112.498, 723.314
3.08619, 920.094, -441.89
7.31268, 639.286, -147.049
5.17978, 56.1806, -312.522
5.81447, 824.992, 628.206
5.48362, 900.111, -496.59
6.93363, -506.869, -734.015
6.67999, -650.079, -604.881
6.69339, 248.33, 195.449
6.85642, -186.934, 320.359
2.5002, -770.354, 336.487
4.77274, 265.045, 341.608
4.25696, -922.61, 184.453
5.80713, -255.507, 701.717
6.22234, -879.141, 154.211
3.3821, -134.692, -483.083
7.4621, 795.315, -793.445
5.95466, -921.956, 186.241
6.97862, 143.974, -23.1081
3.51579, 352.03, -128.131
7.2356, -473.538, -29.2757
4.88476, 868.153, -501.957
6.78578, 927.364, -753.857
6.41237, -945.348, -565.353
5.70687, 905.907, -889.558
3.14521, -716.231, 157.569
5.77944, 6.94669, 654.914
3.09199, 54.7177, 4.7475
3.88793, 322.258, 792.164
6.65548, -227.343, -245.064
6.14153, -745.416, -509.717
6.74348, -600.202, 293.715
3.43989, -747.519, -891.119
6.09602, 553.334, -290.465
4.25586, 142.804, 314.794
3.34555, -418.905, -702.59
4.52383, 323.491, -516.59
4.20924, 162.12, 756.579
6.67141, 353.325, -140.879
3.9111, 697.807, 585.835
5.16766, -653.897, -459.082
6.25085, 969.306, -848.778
4.62554, -686.636, -746.659
4.66964, -547.156, 558.146
3.03022, 851.706, -922.909
6.4639, -54.6593, -458.331
3.91232, -582.721, -473.926
7.14264, -575.648, -231.18
5.37926, 253.708, 527.914
3.4895, 831.039, -298.784
5.99081, 566.087, -742.309
3.07265, 491.344, -933.314
4.22945, 282.113, 764.834
4.15646, -569.152, -233.433
6.42735, 826.8, -946.39
6.65775, 458.044, -211.407
4.21712, -733.951, 750.9
4.2603, -275.447, 916.46
6.38197, 140.853, -784.95
6.58658, -6.75705, 685.578
4.26157, -140.63, 286.114
7.09559, -407.747, -293.544
3.2877, 518.493, 249.14
5.56029, -487.97, 566.859
5.54222, -426.17, 708.59
3.16647, -246.905, -730.149
3.51409, -731.274, -489.468
4.79457, -850.638, 506.718
3.48759, -496.44, 906.649
6.77118, -849.552, 382.08
6.54562, -764.744, -666.765
2.80131, -892.049, 870.303
6.50584, -718.829, 635.001
5.49597, -183.029, -533.106
7.43182, -882.224, 279.581
2.65919, -141.377, 666.004
6.8356, 914.617, -739.63
3.69109, 648.335, 317.829
3.6127, 161.74, 431.901
4.73907, -933.266, -562.712
2.61231, 857.343, -182.55
6.79755, -272.83, -5.03825
4.15902, 221.689, 568.943
5.72195, 306.881, 283.283
7.43521, -927.999, -491.198
5.30162, 284.705, -578.599
4.74553, -755.682, -247.005
5.213, 145.304, -728.612
2.90797, 777.417, -35.0293
3.99606, -815.428, -264.868
6.63964, 799.463, 634.325
6.48936, 618.403, 913.565
5.71048, -108.308, 680.805
4.84105, 625.049, 376.178
7.15326, -213.819, -582.643
5.08798, -248.116, -54.9207
7.42924, 789.951, -502.432
5.94567, -62.3837, -697.701
6.19966, -172.253, -469.794
3.46323, -395.395, -915.095
6.08881, -458.77, 609.503
6.11146, 570.494, -168.575
6.49298, 271.73, 151.162
4.23216, 253.468, -977.958
5.1481, -18.221, -84.7617
3.19001, 723.605, -340.67
6.73218, -236.438, -250.534
6.32766, -64.9418, -865.165
7.5, 913.625, -444.981
4.24891, 474.021, 964.509
5.50367, -601.023, 574.409
3.50808, -493.461, 74.0517
6.2385, 38.3234, 163.317
6.49225, 954.623, 217.948
3.03505, -701.302, 107.465
5.35813, -511.02, 46.5889
2.84683, 366.122, -357.658
4.16036, 704.402, 685.869
5.80945, 477.05, -700.347
5.27726, 153.391, -178.681
7.12415, 228.347, -11.1361
2.69832, -475.383, 217.268
2.62083, -301.369, 230.398
4.61923, 217.118, -650.071
4.36987, 463.625, 122.266
2.93303, -232.717, -233.015
3.05403, -154.022, 167.693
5.31992, 356.539, -337.544
7.37269, 41.1122, 730.837
3.05066, -48.461, -858.966
5.99352, 99.4207, 958.81
2.79674, -54.9896, -719.425
4.69755, 832.51, -96.5178
5.24651, 976.5, 709.147
3.45129, 682.291, -741.693
7.36597, 326.662, 317.993
3.19593, -668.667, -60.3036
5.48978, 902.868, -427.281
7.12812, -863.31, 702.472
3.91116, -63.9059, 886.637
6.8307, -164.385, -91.3894
6.29598, -200.456, -591.166
6.10793, 351.152, 607.798
3.34241, -363.021, 361.539
3.32882, 793.261, 358.406
3.39076, -645.239, -970.601
5.87226, 327.2, -589.449
4.83484, -336.259, 29.5818
6.85219, -798.686, -356.82
5.76023, -680.218, -119.156
5.80464, 746.14, 860.955
2.58037, -644.176, -591.551
4.30596, -758.1, -678.923
3.72747, 909.901, 96.0957
6.93086, -914.297, -931.768
5.23701, 820.788, 785.448
6.57209, -45.0143, -629.709
5.24453, 163.953, 859.275
4.16156, 499.992, -45.2447
4.40213, 12.3068, -651.909
2.52389, 915.081, 642.38
6.95226, -87.794, -398.244
6.16955, -482.932, 676.844
6.04239, -153.678, 648.483
5.1278, 79.4679, -176.01
6.41065, -181.045, -801.024
3.42484, -407.358, -461.546
5.72673, 260.5, 490.647
3.42178, -671.507, -320.357
3.31214, 40.1058, -107.912
2.65594, -182.468, 842.698
7.42716, 132.669, -668.752
4.04559, -322.75, -700.26
4.11075, -672.695, -301.841
5.51155, 283.959, -217.773
2.89107, -326.837, -908.448
3.93936, 0.134184, 63.7095
5.79307, -144.179, -489.511
7.36348, -964.437, -351.715
7.27758, -362.489, -780.717
7.42745, -662.774, -299.194
7.30478, -894.583, -727.39
3.0073, -550.778, 540.015
3.71505, -141.367, -492.28
6.91151, 106.971, -420.423
5.28805, 338.449, 680.635
6.7669, 794.246, 519.343
7.49145, -526.585, 536.436
3.99751, -239.583, -477.873
6.33157, 949.191, 457.516
4.81901, 293.089, -160.474
6.8168, -637.84, -776.099
6.99018, 850.317, -10.4812
7.377, 255.368, -406.544
2.77405, 628.584, 127.27
6.32605, 914.844, -628.344
5.09219, -920.577, 736.409
3.46574, 933.963, -220.673
6.98252, 215.362, -553.381
6.38492, -841.587, 95.9308
2.75968, 408.247, 534.341
7.47331, -825.019, 752.566
5.93659, -32.7117, -449.868
5.94854, 878.548, 495.896
6.57666, -654.104, 807.39
7.05426, -48.9119, -464.045
3.34218, -201.405, 386.142
5.24183, -586.384, 796.679
6.53351, -503.919, -263.36
4.17803, 334.681, -537.991
5.53435, -97.4802, 30.9966
6.59602, -920.69, 334.381
7.3485, 77.7866, -251.313
6.29349, 569.035, 499.055
3.72113, -134.994, -97.8114
5.80589, -571.072, 394.277
4.21574, -456.955, -194.214
7.27146, 369.266, -389.567
2.60828, 795.775, 549.983
4.54979, -886.922, 932.693
2.55789, 576.469, -673.75
3.04964, 852.901, 216.497
5.28259, -817.09, 101.194
4.45466, -15.3463, -231.357
7.20539, 116.535, -183.693
2.55572, 180.056, 366.702
6.22897, -205.948, -447.548
3.84293, 124.977, 121.879
4.27153, -659.189, -756.603
3.45835, -442.584, 627.058
5.14832, 291.439, -149.418
4.39478, -45.4721, -878.714
3.16407, -7.95133, -812.99
4.26563, -143.915, -545.151
4.2497, 780.169, 969.637
7.41084, 639.543, -140.102
5.25961, 143.819, -368.161
4.99918, 27.8449, -725.189
3.58531, -832.488, 437.054
4.37311, -253.778, -634.154
6.78251, -653.55, -466.958
6.45578, 794.515, -531.171
3.9204, -498.938, 909.364
5.07645, 435.76, 111.392
6.79238, -267.119, -1.47546
7.07844, -912.782, -177.778
7.48941, 128.41, 896.13
6.53177, 154.082, -178.192
5.22718, -906.666, -179.606
7.3461, 154.205, -715.845
5.31931, -581.871, 363.067
4.03031, -437.669, 644.353
5.41853, 936.356, 926.031
2.91197, 63.2194, -310.727
5.47382, 348.997, 612.529
3.31968, -589.5, -589.599
6.46527, -629.362, -426.716
2.95373, 591.721, 706.524
6.3072, -499.097, -678.982
6.83996, -264.316, 20.0163
6.40105, 177.358, -334.124
6.61399, 908.791, 938.607
6.70974, 370.044, 547.194
4.48328, 480.216, 255.895
6.508, -152.171, 169.7
6.56811, 374.302, -41.0242
5.43493, -405.469, 96.1274
4.64621, 782.879, -37.9623
2.5002, -35.2824, -444.561
5.31153, -806.754, 322.327
6.22632, 353.829, 334.498
3.89846, 928.403, 292.585
2.93406, -963.471, 560.836
3.5733, 853.354, -873.821
3.93296, -483.692, 569.524
4.86595, -389.102, 463.09
6.95893, 839.738, 819.613
5.91955, 515.89, -499.88
3.54376, -33.1218, -86.0252
6.67533, 783.563, 4.56382
7.09218, 909.271, 894.106
4.48244, -482.915, -688.533
6.37858, 545.061, 526.469
5.68161, -144.52, -95.3676
6.64746, 482.702, 267.024
3.40204, 543.215, -473.935
7.45927, 569.989, -721.172
6.70558, -152.959, -831.805
4.65177, 877.402, 257.326
4.38589, 594.823, 872.481
2.70802, 638.023, -499.926
6.80715, -764.971, -514.333
6.62116, 902.238, -893.997
6.25052, 26.5032, 728.189
3.55801, -166.974, 965.329
4.31029, -781.76, -186.55
4.43545, -579.158, -762.14
7.32918, 791.556, 639.387
6.5872, -143.677, 663.293
4.5755, -76.9004, 444.04
5.83759, 189.787, 163.956
2.52101, 473.677, 958.31
6.98048, -727.191, 229.37
3.68416, -347.924, 353.007
3.79415, 348.022, -91.8096
5.4939, 390.487, -705.441
6.89823, -822.593, 364.424
6.16299, -561.504, -581.48
6.0773, 885.906, 566.662
3.57724, -598.017, 482.252
6.30413, 682.14, -948.95
3.85351, -174.118, -536.72
2.75246, 651.91, 332.288
4.78866, 285.842, 251.307
2.58759, 436.525, -762.071
3.01129, 60.4687, -186.931
2.639, -140.846, 286.453
5.65921, -351.273, -524.893
6.34425, 71.3529, -247.668
2.74132, 529.528, -827.83
6.6924, -33.6621, -630.907
6.76899, -256.522, -287.958
6.57649, -467.5, 580.761
6.85188, 789.797, 395.095
5.27222, -620.378, -148.153
6.12646, -273.749, 33.8546
3.20424, -496.73, 914.028
6.6115, 583.118, -515.947
5.51185, 716.497, -191.919
4.93856, 496.562, -903.977
6.14942, -275.012, 911.451
4.05164, 756.11, -663.137
3.93925, -700.723, 343.779
5.45857, -927.666, 776.648
5.34055, 626.381, 850.435
5.41059, -928.884, -560.855
2.84132, -680.593, 287.054
4.34304, 145.315, -367.291
6.28475, -931.082, -558.682
6.35297, -450.906, -855.679
4.27217, -393.053, -261.444
5.98913, 228.303, 915.155
5.08005, -660.151, -296.395
5.94494, 368.302, 148.453
6.18066, -81.0291, 620.055
2.56231, -336.115, -663.589
7.16549, 638.268, -143.356
5.37826, 115.596, 119.796
3.05587, 491.392, 979.021
4.87388, -99.2168, 27.1684
3.24247, 219.988, 106.295
4.22594, 45.0993, 434.606
7.04476, -910.403, 151.361
4.54571, 5.17, 534.475
5.96642, -675.672, -68.3214
3.35865, 371.959, -914.526
6.21715, 868.733, -494.132
4.16319, -425.45, 658.149
4.62157, 648.672, 322.119
2.79523, -155.526, -81.6519
5.09005, 285.216, -216.706
5.94425, 464.213, -574.044
5.01149, -270.942, 0.806234
6.56617, -173.1, -741.447
3.07974, 88.8579, -919.237
5.24841, 290.714, 458.388
5.06046, 389.085, 19.3078
6.02649, 962.615, 454.463
5.65083, -244.586, 870.264
4.0207, -35.6344, -650.044
6.74719, 405.05, 355.172
3.39619, 622.745, -30.279
2.61737, -517.421, -98.6912
4.19467, 707.578, 43.3828
3.43818, 356.161, -110.987
6.60467, -289.819, 162.638
6.72507, -907.181, -173.963
6.78031, 842.661, -705.091
7.37454, -937.085, 646.157
2.99587, 449.689, -443.368
2.56182, 565.716, 645.963
2.58614, 215.947, 575.042
2.64527, 238.292, 101.923
4.1031, 142.891, -369.25
6.17815, 619.294, 297.326
3.14876, 361.096, 468.146
2.5161, -372.104, 496.57
6.91905, 146.398, -792.891
3.70482, 218.495, -554.782
4.38481, -821.755, 758.375
4.44879, 648.929, 162.16
2.81534, 601.479, 290.499
7.30792, 187.548, 923.56
3.75349, 715.196, -351.183
6.85376, -681.575, -79.8347
2.85991, -903.398, 404.979
2.70653, -600.84, 566.146
3.46378, 335.139, -518.208
3.86708, -304.516, 303.716
7.4007, -943.184, -361.394
3.60607, 334.235, -540.421
6.43119, -869.864, 844.121
4.42306, 286.905, -414.572
3.78593, 469.429, -631.481
3.91087, -915.561, 52.6563
7.33834, 877.798, -60.54
4.22841, 735.836, 154.766
3.45922, -959.753, 731.722
5.05037, -546.442, -376.313
5.21857, -547.463, 622.421
5.72333, -670.203, -584.59
3.89738, 12.1475, 787.081
3.41887, -298.866, -702.534
2.71579, -824.204, 358.364
3.98408, -482.093, -247.794
4.25548, -230.347, 135.762
7.09372, -415.166, 691.29
5.81225, 491.441, -353.676
5.08041, 865.39, 570.96
4.03763, 598.71, 572.191
3.0007, -342.056, 149.306
3.47502, 372.854, -879.951
4.11407, 34.5402, -109.43
5.56182, 935.899, 89.2416
5.13511, 948.911, -968.701
3.45653, 282.642, 271.412
4.7178, -625.496, -444.744
4.48693, -691.465, 832.777
6.28051, -598.177, 744.796
6.6213, 730.838, 602.704
5.51573, 146.239, -360.612
3.04573, 597.862, -809.189
4.11797, 478.014, -164.981
5.03403, 14.7571, 312.803
4.76521, -670.661, 797.609
4.77315, -176.116, -448.289
4.91125, 925.606, 905.915
5.07896, 364.997, -649.239
4.50207, 188.283, 805.294
4.22945, 968.13, 463.065
6.64533, 921.131, -215.09
3.02204, -716.714, -777.597
6.40057, 561.346, 544.168
3.19919, -294.679, -235.869
2.62171, -786.361, -534.301
6.0664, 400.029, -725.374
7.15538, 137.613, -811.478
7.47667, 209.777, 173.691
3.86264, -878.982, 154.468
3.6923, -516.75, -249.576
3.87328, 940.902, 613.573
5.70836, -895.706, -735.142
5.17637, 302.242, 131.768
6.8967, 808.082, -291.91
6.75968, -650.221, -812.677
2.98004, 858.988, -65.3036
4.66818, -728.462, 239.724
3.17045, -191.24, -743.883
5.86802, -173.013, 311.729
5.34964, -33.2017, -441.053
3.66474, -584.7, 578.085
5.50306, 260.869, -675.635
2.6551, -783.901, -21.6052
7.08512, 557.695, -298.33
3.82958, 854.59, -175.904
6.50016, -175.436, -515.873
5.46389, 132.912, -733.314
5.0822, 335.137, 622.44
5.2567, 350.153, 610.03
3.47225, 473.223, -239.229
5.36152, 155.763, -720.809
3.81992, 197.789, 394.29
4.41648, -770.419, 534.72
2.73626, -763.308, -888.176
4.22823, 578.306, -674.982
3.61594, 642.827, -426.438
3.81264, 15.0565, -709.774
3.05141, -421.568, -413.966
7.40088, -697.964, 5.48426
5.93794, 788.137, 631.189
5.82158, -546.927, -370.575
5.99501, -590.685, -669.115
2.68746, -813.499, -761.102
3.6706, -637.533, -749.242
3.95397, 737.487, 686.181
3.50543, 17.0005, -231.079
2.7177, 329.009, 325.797
2.56571, -538.912, 543.404
6.07297, -515.101, 765.049
6.88348, -861.009, -604.486
5.35088, -881.764, 307.15
6.92743, 856.749, 839.794
5.20042, -360.955, -274.644
3.31357, 919.688, -623.217
3.30492, 958.966, 437.306
7.19182, 299.055, 261.688
3.45628, 540.709, -832.03
3.15761, 4.11201, -109.136
4.41122, -262.898, 1.09517
6.12674, 264.075, -242.239
2.50651, 544.779, 861.544
4.60222, 12.7378, 723.424
5.18984, 275.693, -230.873
4.86596, -234.587, 242.24
6.33003, 546.076, 858.311
2.9396, 550.556, -456.758
7.04284, 150.855, 326.147
3.20818, -842.039, -405.931
2.54782, 392.012, -42.6024
2.82267, 254.197, 523.606
4.96742, 378.052, 220.97
5.40914, 523.052, 966.885
4.03373, -932.434, 541.645
4.57091, 875.052, -59.2085
4.33401, -591.426, -669.251
3.42687, 154.82, 656.222
2.76788, 610.042, 154.875
4.47222, 526.842, -62.5835
3.98388, -347.839, -128.921
5.05388, -392.374, 813.15
3.75392, -725.469, 226.672
5.01589, 929.269, 898.414
2.51168, 7.10966, 773.569
7.01807, 967.962, -444.493
2.79181, -923.383, -933.731
5.17506, -639.506, 797.532
3.95754, -390.63, 845.121
7.3023, -795.305, -260.798
4.73406, 331.43, -107.93
5.08479, 873.691, 172.428
5.93861, -254.257, 10.0205
2.72187, -159.543, 66.9391
7.2946, -788.746, 600.175
5.70852, 373.487, 145.281
2.80215, 606.519, -763.685
3.33964, 60.7203, 265.378
5.76491, 491.349, -229.523
6.19864, -769.825, 332.685
3.57011, 849.687, 211.232
4.31441, 147.548, -840.149
6.56981, -645.646, 922.093
5.32057, 811.613, -461.931
7.45886, -48.1708, -866.436
6.5669, -762.673, 382.265
3.49157, -974.346, -20.562
2.50003, -135.525, -820.694
4.62608, 906.981, -743.101
4.07406, 849.1, 210.629
5.56218, 603.044, -918.994
3.83351, -189.517, -535.765
4.39881, -592.56, -67.3295
5.43397, 935.241, 287.04
5.95636, -132.595, -471.452
7.26736, -444.631, -561.988
4.89785, -294.224, -934.326
3.60319, 404.154, -702.987
5.33741, -707.058, -461.36
6.09873, 394.262, 356.825
4.4953, -484.614, 577.424
3.48326, -685.596, 964.797
6.66971, -659.975, -752.92
5.59561, -448.681, -862.871
7.26866, -279.718, 185.781
3.23222, -7.09868, -232.757
5.38953, 28.5418, -451.113
7.26796, -406.732, 712.803
3.62331, 715.735, -970.935
7.25137, -491.227, 792.618
3.07874, 799.305, -514.542
2.58372, 23.2087, -227.042
3.90465, -339.283, -170.786
7.15042, 621.866, 169.321
3.04796, 766.85, 870.966
6.77266, 15.0893, 797.509
5.68532, -715.277, -723.701
5.63853, 392.514, -708.491
3.80589, 725.171, 710.988
5.13936, -954.918, 217.973
7.16608, -250.986, 885.596
3.98055, 907.681, 117.339
4.78006, 175.897, 416.404
6.35659, -659.221, -609.509
4.17193, 143.407, 120.87
6.31775, -41.2147, -899.376
6.65892, -31.4255, 935.041
2.64618, -723.574, 564.008
4.31315, 706.787, -263.301
4.16221, 267.864, 467.656
3.17675, -501.463, -258.052
3.00839, -300.322, 620.263
5.11327, -600.043, 796.477
3.52046, 30.9848, -521.078
5.00728, -855.93, -604.986
5.1371, -14.3688, 961.458
4.13422, -260.233, -302.565
4.75888, 230.545, -428.663
6.85263, -12.1653, 937.64
4.72884, 627.453, 850.644
6.03726, -454.426, -890.551
6.83171, 888.561, -688.969
6.5822, 830.821, 197.266
2.67504, 861.114, 846.342
3.8644, -639.203, -243.514
5.21858, -417.694, -427.965
3.19942, -927.583, -563.211
5.57408, -758.048, -893.42
3.29182, -635.465, -620.162
4.41129, 103.221, 218.201
5.94997, -95.9704, 186.389
3.21128, -404.097, 475.472
5.65284, -782.834, 775.808
3.15973, 173.694, 936.623
7.13583, -727.38, 230.821
5.53465, -932.819, 789.67
5.50388, -913.718, 374.331
3.33635, 589.572, -519.58
3.301, -857.877, -397.012
5.91628, 602.499, -23.43
5.1456, -688.781, -6.27982
3.65264, -136.997, 773.183
6.55373, -501.747, -54.6854
5.76477, -415.47, -552.451
4.08597, -584.307, -589.407
2.53953, -256.792, -803.096
3.49176, 720.409, 721.144
3.78831, -0.929792, 377.893
3.03825, 865.89, 46.8002
3.49545, 114.914, -414.531
6.75079, 803.629, -767.381
6.63912, -946.696, 201.723
6.76813, -951.495, -542.994
5.71027, 299.632, 775.987
3.6787, 710.753, -979.444
6.80638, -502.938, -792.471
5.4745, 30.218, -117.461
2.52745, 506.212, -54.7217
6.84925, -655.105, -460.826
7.37729, 641.539, 101.051
5.59653, 370.019, 20.5902
3.85574, -912.95, 358.224
7.46973, -170.447, -612.107
4.60751, -700.702, -519.202
4.20537, -788.19, -609.281
4.80717, 361.716, -119.352
4.44822, 256.974, -391.139
4.613, -38.1207, 512.48
2.84879, 127.449, 297.493
5.5153, -38.2091, -113.406
7.36114, -50.0675, 221.871
5.07406, -705.841, -517.87
7.45461, 935.496, -135.431
5.84906, 595.693, -126.955
4.01716, -602.632, 65.3225
3.47371, 850.575, 586.05
4.0109, -717.967, -913.111
4.93946, -339.042, 456.686
4.72438, 522.222, 964.45
5.7844, 326.994, -919.385
3.74227, -759.524, -678.63
4.72007, 52.4624, 550.006
5.75894, -694.195, 30.9796
6.67472, -725.967, 206.536
6.03698, 193.88, 812.454
4.93928, -855.352, -631.427
6.72039, 394.891, -228.616
7.00296, -506.681, -193.295
6.33082, -658.431, -510.428
5.29453, 643.656, 872.842
2.70603, -4.71251, 73.3904
5.46749, 558.36, 69.9374
2.68674, -652.839, 808.047
4.53488, 49.3065, 436.177
2.84243, -959.465, -873.436
7.38558, -757.742, -892.937
2.5956, -496.502, -257.984
6.60363, -160.281, -265.995
5.2195, -385.329, 853.721
5.72828, 777.893, -336.027
3.62934, -244.489, 12.1684
2.733, 858.295, -717.129
3.63154, 199.601, -537.863
4.58371, -633.958, 132.523
6.40126, 261.272, -623.029
3.72852, -926.628, 377.223
4.81411, 627.009, 128.355
6.14756, 931.103, 289.183
5.35237, -333.387, 805.603
5.45997, 904.73, 908.201
4.98425, -914.622, 277.19
3.951, 456.248, 139.136
4.71107, -12.564, -230.963
2.53669, 844.118, -400.029
7.41683, 498.541, -356.345
2.52822, -782.773, -186.863
4.8676, -119.845, 750.261
5.86497, -316.475, -125.559
