6.27803, -343.439, -362.503
3.5948, 159.467, -45.6029
5.89648, 205.751, -191.267
5.09708, -198.83, 333.413
2.76731, -359.598, 354.074
2.53849, 328.641, 189.562
4.58743, -252.28, -125.709
7.15218, 238.88, 18.4856
2.95982, 115.942, 296.958
6.00595, -54.0663, -16.5504
3.81226, 443.516, 341.392
4.14117, 167.204, -333.872
7.45519, 241.64, 59.5469
7.41275, -317.56, -323.189
5.75759, 197.826, 45.782
6.92354, 287.801, -289.146
6.33247, -193.051, -189.115
3.87453, -265.033, -340.8
4.93259, -357.378, -233.741
2.80282, 478.851, 454.875
5.08146, 16.418, 418.75
4.96988, 404.732, -372.017
7.23882, -302.407, -524.509
4.42071, -23.9426, -237.636
5.14874, 441.619, -424.327
2.75042, 325.849, -47.5369
6.63909, 271.119, -31.7408
5.94228, -394.032, -468.795
6.18112, 25.4297, 330.611
6.94286, 399.323, 433.279
4.25508, -120.096, -255.217
6.72991, 219.019, 41.7296
3.84659, 185.1, 79.0951
4.83959, 90.3831, -123.159
3.2686, -372.939, -338.62
2.66527, 209.847, 53.8542
7.2768, 262.87, 20.7859
6.95369, 309.074, 2.83884
3.29884, 212.725, 69.3301
3.15214, 191.119, -245.508
2.515, -542.762, -249.01
6.0491, -208.893, -230.223
3.40448, -440.01, 353.626
5.76029, 489.111, -322.548
4.42907, 276.677, -307.37
3.23766, 137.808, -30.7955
5.45054, 216.094, 26.4681
3.24076, 36.7074, 277.838
3.2091, 122.894, 238.747
4.94257, -280.233, -258.05
3.13015, 297.118, 45.178
5.64635, -107.86, -244.92
5.60817, 182.398, -347.568
4.88216, -331.003, 367.734
2.64188, -450.3, -274.706
3.21011, 258.145, 386.566
3.15594, -204.284, 377.095
3.31099, -417.02, 427.29
3.76529, -115.755, -104.928
4.77654, 124.105, -270.601
6.54472, 44.3024, -155.054
3.57624, -0.724416, 277.57
3.75063, 382.955, 251.912
5.02978, 124.852, 304.753
6.27922, 177.45, -11.2853
5.66369, 253.834, -55.5827
5.9449, 163.092, 141.567
7.27207, 427.684, 453.689
5.18713, -409.717, 431.533
4.57014, -260.252, -354.556
4.70019, 261.146, 51.8134
6.07821, 459.677, 400.154
6.20858, 188.71, 64.9232
5.12494, 602.979, -358.297
6.06711, -256.808, -151.73
5.91025, 286.174, 78.3893
6.82941, 384.24, -225.505
3.19597, -4.10558, 411.111
3.57766, 172.508, 90.2698
5.0733, -157.199, -143.012
4.83766, -41.2668, 422.639
3.55759, -42.6618, 539.537
5.65244, -368.827, 351.985
2.5044, -514.978, 40.9081
4.09589, 224.895, 19.54
5.90281, 269.444, 8.18094
6.0446, 257.968, -149.371
2.90869, -466.398, 447.404
3.56926, 265.534, -16.995
4.44412, -371.607, -237.579
4.44927, 541.141, 528.239
3.92018, 218.685, -329.567
4.6123, 195.668, 157.591
2.55658, -370.328, -357.099
3.72027, 581.619, -523.27
4.49072, -484.011, 453.718
6.64177, -485.355, 153.335
3.78584, 441.274, -654.505
3.59705, -197.275, -240.257
6.47385, 230.054, 12.995
5.8476, 168.093, 53.8025
5.49108, -466.946, 176.366
5.99917, -40.8205, -308.849
5.13062, 204.948, -249.66
4.14833, 225.464, -47.4238
3.30844, -594.014, 45.8336
6.56633, 225.476, 93.0803
4.08004, 238.858, 21.1361
4.05369, 40.7895, -266.866
4.65424, -72.4696, -62.337
4.46509, -30.3963, -335.089
4.43916, 46.6545, -160.631
4.34871, -370.853, -479.578
5.88118, 224.886, -333.521
6.10384, 256.757, 79.315
7.20082, 120.728, 373.234
5.08573, -110.785, -246.041
5.5282, -46.85, -9.02916
5.85049, -367.646, 373.213
5.11404, 16.7876, -290.672
3.87105, -390.795, 440.288
7.08924, 225.264, 17.9504
3.73367, 438.248, -423.383
4.77876, 232.73, 22.6151
3.30374, -473.48, 415.863
4.68319, 318.977, 79.8993
7.45767, 274.074, 115.925
6.26931, -227, 406.468
4.97846, -364.809, -357.156
7.01651, -436.26, -182.386
4.68213, 214.997, 36.5781
5.09239, 60.969, -54.6648
4.44866, 180.393, -288.704
5.63431, -104.395, -315.44
5.19331, 217.489, 35.2244
4.35955, 193.538, -337.587
2.54674, -60.4062, 86.59
6.3794, -87.2055, -264.431
2.85317, -357.258, -320.34
3.98511, 187.205, -286.014
4.78581, -23.7811, -239.425
3.25156, -230.67, -152.592
5.97819, 151.785, -335.695
4.15587, 276.84, 78.4528
5.21197, 452.81, -386.511
2.64678, 610.111, -491.184
5.38086, -18.2704, -142.398
5.18133, 275.065, 31.406
7.36678, -257.661, -192.834
5.57063, 5.37792, -278.841
5.26431, -455.787, 100.961
6.69051, -157.719, 329.036
3.75764, -317.889, 439.9
6.98957, 154.871, 100.02
5.97428, 225.01, -325.2
5.82752, -354.193, -225.858
3.06838, -247.85, -433.342
3.37987, -408.098, 183.692
2.91253, -53.6538, -67.4722
6.68103, -49.8253, 83.41
2.64818, 533.057, -488.045
6.34719, -50.8542, -243.336
4.29829, -445.876, 345.047
6.24626, 61.3011, 410.841
6.28385, 266.143, 5.65157
3.60834, -503.241, -242.95
5.58305, 209.757, 70.8663
3.66846, -109.603, -195.789
6.22052, -567.617, 190.197
5.80997, -371.715, -339.463
4.9209, 571.473, -521.294
2.58972, 116.965, 71.2505
4.98291, 186.315, 59.0685
5.09587, 285.182, -282.89
4.71395, -431.446, 43.1633
4.14528, 72.5405, 373.81
3.52671, 247.466, 175.526
7.19863, -36.9287, -287.768
2.85168, -319.778, 402.085
3.30042, -100.082, -157.428
6.70788, -351.97, -247.484
4.13614, -101.751, -158.418
6.85942, 264.567, 173.825
5.99896, 598.533, 464.189
5.52801, 167.532, 94.1129
4.77536, 41.4659, -112.533
2.91543, -415.783, -289.775
3.94883, 64.3653, -130.226
6.51009, -360.11, -387.135
6.81821, 222.479, 58.0516
3.81831, 144.357, -354.439
4.79881, -185.113, -302.46
4.95672, 269.875, -336.525
5.82344, -551.377, -315.529
7.31738, -317.988, -185.59
7.23022, 177.699, -273.506
2.81902, 203.814, -304.425
5.04829, -349.58, -259.608
6.13222, 491.862, 230.047
5.65882, 205.865, 52.5128
3.26658, -454.505, -391.987
5.09652, -425.889, 35.288
3.52281, -312.527, 415.271
6.03231, 315.135, -229.79
6.05786, -416.831, -219.51
3.66304, -155.414, -156.693
6.80594, 38.425, -222.148
2.67122, 112.054, 376.156
6.26587, -461.648, 180.775
4.14789, 173.099, 126.039
4.65309, -288.309, -309.086
7.33455, 265.812, -42.1044
4.05803, 422.277, 386.241
5.69762, 394.39, -306.569
5.95386, 171.488, 88.8193
5.36403, 96.6749, 434.481
6.60667, 545.216, -520.821
4.21807, -381.242, -378.241
5.09387, -386.007, -295.169
6.78438, -53.7108, -270.321
6.18587, 181.451, 238.934
3.45992, -433.386, 275.087
2.83145, -240.737, 213.023
3.60828, 545.631, -554.746
3.33656, -79.9126, -25.4419
6.31172, 289.756, -111.413
5.44905, -477.313, 186.946
4.65223, 481.321, 421.638
7.09618, 154.626, 81.7923
5.09668, 205.73, 70.7879
7.38058, -397.022, -126.176
5.15714, -290.53, -295.192
2.98716, 232.614, 41.137
5.83983, 319.912, 39.114
5.44444, 198.957, 165.946
5.01137, -207.656, -174.757
2.75808, -420.389, 168.299
2.6753, 13.2472, -338.93
4.41484, -353.46, -311.958
5.55555, 206.769, 51.2444
5.06574, 503.115, 425.412
5.98498, 229.362, 45.4113
4.89891, -99.9761, -219.276
3.88323, 266.942, 240.236
6.01685, -243.586, -214.849
3.67701, 364.563, 9.23297
6.41501, -45.4377, -155.111
6.60589, 26.7238, 387.282
3.21842, -389.276, -303.58
5.75757, -483.467, 490.876
3.87677, 551.424, -396.44
7.26215, -396.692, 435.123
4.58238, -244.354, -245.609
3.03869, -51.4885, -50.8366
4.70633, -494.5, 453.542
6.28811, -375.803, -302.36
2.77803, -374.704, -307.829
3.51241, -14.3603, -181.357
6.82305, 550.937, -519.284
6.52456, -99.0815, -167.008
2.78861, -333.175, -290.05
4.40304, -96.8862, -123.997
4.56124, 20.8457, 389.03
2.80071, -50.7724, 85.8002
7.09746, 491.058, 395.791
3.35398, 484.405, 347.53
6.51634, -423.754, 202.955
3.88599, 220.92, 101.429
4.44586, -7.72115, 280.173
7.19936, -42.4345, 387.81
6.24573, 72.9337, -119.44
3.44774, -516.473, 415.672
6.89581, 253.558, -61.6318
6.8953, 231.762, -326.234
3.30515, -245.925, -162.88
5.87346, -323.664, -244.473
6.89096, 172.525, -5.26416
6.98262, 297.213, -59.1533
3.06535, -199.026, 409.9
5.93789, -206.55, -221.748
3.21651, -185.558, -504.201
3.6901, 335.664, 55.0081
5.64383, 172.643, 92.9853
4.312, 383.061, 250.951
4.64437, 580.607, 186.18
4.91936, -90.5223, -227.397
6.20379, 38.3388, -132.608
3.23098, -335.961, 404.908
7.36238, -411.066, -293.678
7.3158, -194.076, -188.848
3.14741, -193.151, 655.118
5.3784, 46.5444, -48.3044
4.66439, 5.00648, -83.547
5.50066, -146.12, -143.314
5.85098, -212.965, -226.568
4.5137, 532.269, 395.372
6.46691, 450.74, 361.133
4.89889, -239.801, -185.965
5.72449, 302.296, -51.1648
4.28836, -167.483, 452.155
5.96794, -48.5677, -226.449
5.83428, -522.378, -306.207
3.22071, -378.913, 443.951
7.10415, -445.864, 178.524
4.22228, 88.2765, -138.64
6.66824, 24.5082, -146.03
2.74349, 223.943, -322.241
3.27936, -175.921, -273.416
2.55765, 258.767, 0.962221
3.94327, 45.4701, 437.61
5.07295, -166.651, -156.141
3.65948, 524.551, 531.255
2.75022, -118.67, -200.567
5.33091, -319.522, -270.72
6.69774, -7.65099, 277.72
4.28763, -359.345, -368.139
4.3452, 26.1214, 352.921
7.22226, 214.515, 46.6756
4.72425, -368.513, -213.058
6.82086, 229.479, 23.5525
5.82654, -423.469, -325.31
5.79297, 89.1369, 384.797
7.10736, -609.122, 523.428
5.11536, 582.005, -390.024
5.45229, 284.583, -363.539
5.79944, 402.265, 348.744
4.24765, 219.763, 20.8122
4.11714, 253.889, 50.7524
7.08984, 39.624, 351.852
3.08619, 494.234, -545.05
7.31268, 180.703, 158.3
5.17978, 42.3331, -142.816
5.81447, 420.066, 414.506
5.48362, 399.691, -389.613
6.93363, -328.881, -185.21
6.67999, -382.325, -292.269
6.69339, 164.789, 46.0333
6.85642, -71.7583, 17.9952
2.5002, -293.514, 117.936
4.77274, 220.663, 57.1618
4.25696, -444.637, 174.215
5.80713, -232.864, 508.063
6.22234, -417.589, 194.767
3.3821, -117.721, -235.372
7.4621, 538.314, -522.181
5.95466, -416.003, 159.824
6.97862, 244.424, 315.284
3.51579, 247.66, 48.2751
7.2356, -346.522, -182.252
4.88476, 461.229, -422.911
6.78578, 474.848, -514.758
6.41237, -347.238, -298.877
5.70687, 425, -454.44
3.14521, -486.648, -17.4332
5.77944, -33.4311, 362.044
3.09199, -31.9609, -122.245
3.88793, -18.6635, 258.331
6.65548, -143.23, -134.643
6.14153, -307.925, -526.527
6.74348, -858.152, -31.5378
3.43989, -255.885, -126.804
6.09602, 223.578, -147.239
4.25586, 211.266, -29.8255
3.34555, -547.087, -401.597
4.52383, -147.265, -302.559
4.20924, 61.1125, 399.582
6.67141, 231.505, 49.0658
3.9111, 448.392, 356.43
5.16766, -346.408, -312.311
6.25085, 444.393, -356.888
4.62554, -420.673, -183.822
4.66964, -449.463, 412.676
3.03022, 478.675, -409.767
6.4639, -88.8264, -251.692
3.91232, -530.554, -201.027
7.14264, -153.776, -155.538
5.37926, 308.523, -9.05632
3.4895, 412.514, -256.331
5.99081, 230.217, -299.828
3.07265, 228.497, -295.11
4.22945, -26.3613, 262.542
4.15646, -178.335, -181.047
6.42735, 554.783, -497.122
6.65775, 174.563, 195.939
4.21712, -536.248, 359.777
4.2603, -195.945, 348.488
6.38197, -80.5579, -199.693
6.58658, -64.1729, 384.201
4.26157, -159.115, -90.445
7.09559, -308.041, -239.441
3.2877, 255.786, 39.0564
5.56029, -321.961, 541.111
5.54222, -378.156, 443.74
3.16647, -68.4789, -215.581
3.51409, -429.041, -332.538
4.79457, -415.473, 461
3.48759, -318.463, 478.382
6.77118, -449.427, 151.815
6.54562, -84.5439, -316.8
2.80131, -490.283, 451.926
6.50584, -484.316, 442.958
5.49597, -79.609, -253.878
7.43182, -452.727, 182.856
2.65919, 91.9985, 381.345
6.8356, 547.206, -528.436
3.69109, 112.328, -34.9009
3.6127, 199.995, 36.3385
4.73907, -370.07, -359.395
2.61231, 224.994, 157.973
6.79755, -113.775, -203.096
4.15902, 222.448, 57.7104
5.72195, 297.775, -108.331
7.43521, -354.39, -358.675
5.30162, 206.191, -326.949
4.74553, -289.042, -247.886
5.213, -11.8227, -277.498
2.90797, 306.532, -41.9268
3.99606, -231.826, -221.324
6.63964, 409.137, 350.873
6.48936, 429.054, 587.786
5.71048, 136.517, 294.964
4.84105, 197.675, 36.0303
7.15326, -123.62, -234.768
5.08798, -94.8036, -203.564
7.42924, 463.929, -431.623
5.94567, -27.8515, -159.821
6.19966, -117.523, -254.671
3.46323, -579.594, -215.916
6.08881, -218.907, 512.19
6.11146, 179.402, 114.483
6.49298, 254.51, 43.0535
4.23216, 266.282, -230.387
5.1481, 40.4854, -149.921
3.19001, 166.368, 82.6466
6.73218, -141.478, -142.337
6.32766, 86.1728, -293.846
7.5, 516.068, -545.577
4.24891, 490.676, 328.211
5.50367, -410.055, 434.862
3.50808, -285.814, -222.994
6.2385, 272.177, 14.8746
6.49225, 275.008, 49.4316
3.03505, -433.315, 361.947
5.35813, -290.585, -265.597
2.84683, 128.992, -136.309
4.16036, 472.454, 329.383
5.80945, 231.639, -321.612
5.27726, 134.843, -165.931
7.12415, 191.75, 73.2103
2.69832, -252.642, -243.798
2.62083, -91.7776, -178.472
4.61923, 292.709, -275.671
4.36987, 263.365, -7.2703
2.93303, -136.391, -92.1042
3.05403, -72.8791, -92.311
5.31992, 249.039, -450.782
7.37269, -155.72, 423.486
3.05066, -37.1285, -255.837
5.99352, -5.05176, 340.456
2.79674, 149.541, -269.978
4.69755, 171.615, 88.2499
5.24651, 403.481, 383.399
3.45129, 301.4, -402.143
7.36597, 249.58, 121.797
3.19593, -302.666, -187.639
5.48978, 444.589, -423.581
7.12812, -337.429, 480.029
3.91116, 65.3297, 374.089
6.8307, -139.735, -211.611
6.29598, 15.2461, -225.212
6.10793, 237.703, 9.3743
3.34241, -45.9808, 81.6982
3.32882, 439.208, 298.826
3.39076, -319.425, -38.0863
5.87226, 227.659, -277.619
4.83484, 14.5592, -353.922
6.85219, -386.492, -441.193
5.76023, -316.908, -306.895
5.80464, 579.013, 580.891
2.58037, -444.755, -562.013
4.30596, -420.239, -301.918
3.72747, 329.189, 134.88
6.93086, -446.634, -377.365
5.23701, 590.859, 450.51
6.57209, -109.585, -257.746
5.24453, -2.0191, 347.144
4.16156, 164.71, 149.964
4.40213, 140.139, -255.674
2.52389, 469.241, 394.968
6.95226, -107.744, -225.613
6.16955, -422.296, 474.815
6.04239, 75.5761, 374.989
5.1278, 43.6613, -128.321
6.41065, -45.0203, -247.824
3.42484, -240.491, -285.422
5.72673, 271.893, 34.4729
3.42178, -359.99, -290.499
3.31214, 11.8824, -149.321
2.65594, -318.22, 401.719
7.42716, -90.056, -182.377
4.04559, -290.505, -231.997
4.11075, -240.268, -70.8919
5.51155, 275.527, 125.969
2.89107, -237.967, -227.957
3.93936, 283.819, 80.4041
5.79307, -100.462, -312.176
7.36348, -247.447, -460.953
7.27758, -436.317, -228.399
7.42745, -256.259, -214.756
7.30478, -425.04, -326.33
3.0073, -465.097, 490.385
3.71505, -126.325, -275.286
6.91151, -140.135, -191.079
5.28805, 213.688, 20.771
6.7669, 457.351, 361.006
7.49145, -334.506, 399.963
3.99751, -34.1434, -344.281
6.33157, 385.735, 430.172
4.81901, 272.867, 129.553
6.8168, -393.636, -141.252
6.99018, 256.929, -57.0289
7.377, 94.2779, -177.135
2.77405, 254.993, 69.8091
6.32605, 560.212, -494.952
5.09219, -342.479, 475.698
3.46574, 187.003, 57.9248
6.98252, 271.075, -311.088
6.38492, -244.745, 219.841
2.75968, 268.926, -11.3994
7.47331, -430.436, 409.181
5.93659, -338.447, -272.739
5.94854, 379.048, 437.399
6.57666, -215.088, 338.287
7.05426, -82.8437, -224.729
3.34218, -75.5679, 11.4072
5.24183, -403.222, 382.145
6.53351, -110.485, -179.367
4.17803, 211.414, -299.112
5.53435, -218.207, -149.763
6.59602, -492.116, 273.562
7.3485, 42.0264, -126.546
6.29349, 380.519, 463.238
3.72113, -146.22, -194.802
5.80589, -539.822, 96.9146
4.21574, -197.473, -254.142
7.27146, 122.045, -229.25
2.60828, 204.689, 416.909
4.54979, -562.713, 520.71
2.55789, 175.876, -316.256
3.04964, 317.443, 147.416
5.28259, -445.915, 185.66
4.45466, 37.2308, -132.708
7.20539, 39.724, -149.517
2.55572, 271.893, -169.383
6.22897, -143.277, -310.637
3.84293, 191.231, 54.5777
4.27153, -320.137, -369.447
3.45835, -238.839, 521.964
5.14832, 345.933, 305.859
4.39478, -20.7967, -234.963
3.16407, -158.861, -246.399
4.26563, -102.738, -315.245
4.2497, 533.813, 465.537
7.41084, 178.633, 79.5683
5.25961, -113.922, -108.95
4.99918, -159.771, -173.222
3.58531, -447.667, 182.645
4.37311, -72.6696, -250.497
6.78251, -376.402, -331.932
6.45578, 427.518, -452.238
3.9204, -320.784, 404.893
5.07645, 311.045, 319.367
6.79238, -156.603, -182.292
7.07844, -274.778, -80.0412
7.48941, 10.3403, 271.382
6.53177, 43.2955, -157.849
5.22718, -362.73, -225.698
7.3461, 36.7508, -257.694
5.31931, -458.685, 76.522
4.03031, -322.064, 409.691
5.41853, 510.146, 530.61
2.91197, 136.643, -23.3414
5.47382, 278.898, -12.6056
3.31968, -416.014, -404.093
6.46527, -416.591, -346.306
2.95373, 656.786, 294.055
6.3072, -427.613, -178.109
6.83996, -146.302, -199.554
6.40105, -141.192, -297.716
6.61399, 400.095, 434.458
6.70974, 226.614, -101.545
4.48328, -42.1779, -69.9334
6.508, -58.1605, -70.1995
6.56811, 306.403, 157.319
5.43493, -241.188, -257.251
4.64621, 228.828, -84.5597
2.5002, -100.264, -230.045
5.31153, -332.521, 102.15
6.22632, 257.648, 51.8585
3.89846, 302.161, 162.015
2.93406, -297.254, 471.395
3.5733, 498.392, -411.829
3.93296, -494.545, 438.574
4.86595, -399.408, 511.68
6.95893, 541.693, 526.568
5.91955, 172.491, -350.236
3.54376, 44.2706, -131.944
6.67533, 259.579, -130.134
7.09218, 493.464, 415.04
4.48244, -735.68, -298.616
6.37858, 208.54, 45.6501
5.68161, 183.857, -85.9206
6.64746, 221.735, 52.1529
3.40204, 287.251, -302.545
7.45927, 182.303, -279.716
6.70558, 15.3695, -203.423
4.65177, 303.956, 187.644
4.38589, 330.618, 488.282
2.70802, 180.65, -352.905
6.80715, -401.874, -426.475
6.62116, 449.8, -383.285
6.25052, -150.485, 396.484
3.55801, -172.526, 392.572
4.31029, -167.11, -251.96
4.43545, -248.942, -229.335
7.32918, 414.381, 411.416
6.5872, 96.2581, 378.332
4.5755, 163.897, 284.306
5.83759, 304.775, 54.0144
2.52101, 448.925, 332.259
6.98048, -471.871, 194.506
3.68416, -51.5771, 85.9509
3.79415, 30.2728, -225.138
5.4939, 191.735, -334.607
6.89823, -460.454, 194.064
6.16299, -305.588, -290.173
6.0773, 450.728, 231.924
3.57724, -161.972, 312.916
6.30413, 600.328, -421.827
3.85351, -37.2206, -225.426
2.75246, 266.765, 131.452
4.78866, 147.532, -128.502
2.58759, 295.342, -390.626
3.01129, -26.3893, -104.15
2.639, -160.848, -96.2435
5.65921, -103.076, -219.731
6.34425, 25.9233, -102.823
2.74132, 207.747, -390.187
6.6924, 119.88, -191.667
6.76899, -339.161, -58.64
6.57649, -431.153, 455.952
6.85188, 411.188, 303.796
5.27222, -295.447, -246.819
6.12646, -116.868, -176.044
3.20424, -174.593, 339.594
6.6115, 179.71, -348.069
5.51185, 177.649, 75.6934
4.93856, 142.482, -285.017
6.14942, 76.9874, 407.976
4.05164, 471.08, -646.374
3.93925, -318.353, 49.1689
5.45857, -411.635, 431.54
5.34055, 514.814, 327.934
5.41059, -381.33, -176.018
2.84132, -479.485, 260.062
4.34304, -116.856, -106.568
6.28475, -336.697, -331.78
6.35297, -562.998, -376.219
4.27217, -259.748, -208.606
5.98913, 19.7858, 296.611
5.08005, -266.704, -232.495
5.94494, 250.604, 71.1468
6.18066, -14.9827, 278.818
2.56231, -89.8286, -183.911
7.16549, 177.361, 81.3207
5.37826, 149.137, 55.6062
3.05587, 437.788, 292.962
4.87388, -203.023, -152.919
3.24247, 465.843, 58.0226
4.22594, 253.122, 23.9928
7.04476, -448.906, 169.998
4.54571, 121.24, 429.646
5.96642, -229.273, -183.124
3.35865, 247.142, -275.933
6.21715, 416.273, -398.806
4.16319, -333.899, 419.901
4.62157, 213.581, 90.8072
2.79523, -152.618, -238.557
5.09005, 306.453, 167.595
5.94425, 225.105, -255.939
5.01149, -96.6649, -199.053
6.56617, 22.6148, -254.678
3.07974, -156.677, -227.362
5.24841, 285.92, 9.39019
5.06046, 254.313, 78.3473
6.02649, 414.388, 487.636
5.65083, -211.16, 335.217
4.0207, -53.2788, -211.619
6.74719, 251.834, 50.6263
3.39619, 251.03, 59.9934
2.61737, -395.709, -205.472
4.19467, 214.881, 127.436
3.43818, 230.721, 48.9084
6.60467, -76.6121, -205.599
6.72507, -243.832, -183.979
6.78031, 542.122, -513.242
7.37454, -474.793, 416.619
2.99587, 136.429, -360.502
2.56182, 336.012, 397.994
2.58614, 218.97, 59.8173
2.64527, 279.366, -4.71614
4.1031, -116.041, -105.53
6.17815, 239.543, 57.3647
3.14876, 223.098, 30.2922
2.5161, -251.744, 222.412
6.91905, -182.918, -173.278
3.70482, 261.448, -316.143
4.38481, -410.958, 421.803
4.44879, 178.119, -2.24412
2.81534, 161.102, 70.3397
7.30792, -52.4721, 390.655
3.75349, 389.832, -281.797
6.85376, -236.81, -205.795
2.85991, -445.84, 237.799
2.70653, -296.62, 523.608
3.46378, 286.182, -370.84
3.86708, -119.886, 187.024
7.4007, -287.284, -458.178
3.60607, 234.586, -331.304
6.43119, -330.582, 350.831
4.42306, 99.5075, -194.305
3.78593, 224.332, -265.192
3.91087, -431.323, 154.841
7.33834, 98.7744, 105.059
4.22841, 1.02493, -190.805
3.45922, -481.367, 244.931
5.05037, -443.557, -218.662
5.21857, -377.052, 393.589
5.72333, -365.547, -335.783
3.89738, 31.5547, 442.959
3.41887, -105.852, -174.217
2.71579, -273.987, 156.684
3.98408, -180.897, -187.156
4.25548, -26.7239, 122.431
7.09372, -283.28, 424.993
5.81225, 261.851, -154.473
5.08041, 444.667, 349.948
4.03763, 194.228, 30.6993
3.0007, -51.2912, 36.9378
3.47502, 231.915, -110.118
4.11407, -14.9028, -139.592
5.56182, 150.796, -7.09271
5.13511, 553.544, -412.644
3.45653, 288.376, 0.753136
4.7178, -310.069, -344.128
4.48693, -371.418, 384.534
6.28051, -352.297, 307.48
6.6213, 466.731, 377.338
5.51573, -117.064, -74.7492
3.04573, 182.062, -295.497
4.11797, 239.688, 101.188
5.03403, 319.143, 197.348
4.76521, -443.538, 415.742
4.77315, -102.379, -222.749
4.91125, 467.116, 432.224
5.07896, 241.088, -323.274
4.50207, 33.9149, 359.505
4.22945, 188.856, 255.775
6.64533, 195.916, 79.1821
3.02204, -661.061, -471.688
6.40057, 160.193, 52.1382
3.19919, -105.772, -108.779
2.62171, -349.26, -296.206
6.0664, 247.569, -238.195
7.15538, -113.124, -166.757
7.47667, 218.73, 46.7562
3.86264, -411.728, 100.525
3.6923, -287.13, -280.125
3.87328, 521.071, 420.741
5.70836, -355.549, -303.408
5.17637, 262.705, 39.6596
6.8967, 412.867, -287.107
6.75968, -486.868, -259.319
2.98004, 177.241, 83.3075
4.66818, -562.327, 177.561
3.17045, 146.826, -84.7288
5.86802, -64.2906, 6.85005
5.34964, -68.594, -205.518
3.66474, -464.355, 406.565
5.50306, 184.472, -342.352
2.6551, -368.713, -313.58
7.08512, 186.791, -95.0573
3.82958, 183.083, 88.0519
6.50016, -89.4638, -212.4
5.46389, -35.3344, -227.383
5.0822, 284.571, -18.3899
5.2567, 308.559, -15.4966
3.47225, 265.911, 129.84
5.36152, 5.49461, -382.173
3.81992, 189.72, 221.746
4.41648, -412.291, 475.95
2.73626, -342.329, -147.898
4.22823, 178.754, -315.718
3.61594, 143.237, -363.619
3.81264, -105.116, -130.315
3.05141, -152.845, -257.518
7.40088, -328.336, -387.318
5.93794, 408.941, 446.581
5.82158, -453.01, -225.025
5.99501, -402.752, -254.018
2.68746, -400.73, -301.118
3.6706, -337.68, -372.111
3.95397, 459.834, 377.299
3.50543, 6.8792, -265.581
2.7177, 359.662, -11.3671
2.56571, -182.927, 507.869
6.07297, -305.49, 448.884
6.88348, -399.78, -345.637
5.35088, -435.94, 121.937
6.92743, 508.288, 434.872
5.20042, -340.501, -252.466
3.31357, 567.31, -489.065
3.30492, 407.702, 415.64
7.19182, 240.928, 96.8628
3.45628, 406.559, -379.658
3.15761, -138.593, -127.488
4.41122, -80.8487, -130.579
6.12674, 280.759, 123.534
2.50651, 502.594, 425.465
4.60222, 108.318, 297.459
5.18984, 220.685, 27.1604
4.86596, -25.8718, 78.2513
6.33003, 499.497, 424.958
2.9396, 288.65, -303.282
7.04284, 243.297, 12.5182
3.20818, -609.324, -439.152
2.54782, 290.682, 59.1958
2.82267, 208.948, -28.7847
4.96742, 216.27, 87.5113
5.40914, 471.853, 336.454
4.03373, -344.137, 475.985
4.57091, 255.075, -59.1596
4.33401, -351.794, -309.231
3.42687, 75.1299, 369.75
2.76788, 98.6055, 47.2906
4.47222, 187.237, 161.287
3.98388, -48.128, -94.3046
5.05388, -508.282, 437.66
3.75392, -432.121, 171.53
5.01589, 488.666, 506.179
2.51168, -283.63, 473.066
7.01807, 604.497, -219.794
2.79181, -452.016, -357.153
5.17506, -187.1, 357.863
3.95754, -502.842, 367.218
7.3023, -266.307, -124.126
4.73406, 235.824, 38.9199
5.08479, 306.477, 189.63
5.93861, -122.168, -196.038
2.72187, -154.939, -199.289
7.2946, -467.154, 451.304
5.70852, 310.249, 85.7926
2.80215, 50.7474, -355.047
3.33964, 222.459, 23.1999
5.76491, 198.107, 58.4759
6.19864, -425.361, 158.27
3.57011, 291.226, 180.316
4.31441, -227.85, -173.717
6.56981, -367.98, 352.149
5.32057, 413.357, -229.745
7.45886, -52.3342, -220.892
6.5669, -138.562, -21.7878
3.49157, -338.64, 73.7332
2.50003, -43.5672, -377.563
4.62608, 609.008, -356.29
4.07406, 324.4, 202.648
5.56218, 478.905, -393.239
3.83351, -37.6621, -191.673
4.39881, -294.752, -20.2667
5.43397, 298.763, 26.7309
5.95636, -150.529, -271.71
7.26736, -81.7231, -258.374
4.89785, -374.761, -263.832
3.60319, 230.795, -331.409
5.33741, -408.659, -347.6
6.09873, 275.02, 184.602
4.4953, -330.262, 370.317
3.48326, -380.986, 366.588
6.66971, -507.207, -423.492
5.59561, -447.26, -340.293
7.26866, -79.1298, -192.204
3.23222, 42.2924, -125.589
5.38953, -173.448, -193.031
7.26796, -325.655, 389.724
3.62331, 576.837, -339.222
7.25137, -303.834, 424.333
3.07874, 446.429, -426.497
2.58372, 29.0469, -138.146
3.90465, -165.779, -161.872
7.15042, 235.542, 46.4482
3.04796, 556.449, 541.099
6.77266, 68.1329, 412.919
5.68532, -598.274, -304.292
5.63853, 237.437, -318.793
3.80589, 460.228, 375.536
5.13936, -536.177, 187.381
7.16608, -209.881, 333.047
3.98055, 121.945, 127.387
4.78006, 191.826, 30.8655
6.35659, -372.589, -291.964
4.17193, 273.195, 188.54
6.31775, 5.07592, -209.712
6.65892, 9.38212, 288.627
2.64618, -406.56, 482.653
4.31315, 367.036, -9.58181
4.16221, 295.667, -59.4451
3.17675, -346.415, -207.341
3.00839, -196.427, 511.879
5.11327, -335.482, 348.365
3.52046, -289.093, -208.436
5.00728, -358.807, -260.437
5.1371, 118.563, 371.86
4.13422, -164.556, -137.504
4.75888, 103.788, -253.849
6.85263, 99.9904, 351.486
4.72884, 511.501, 333.062
6.03726, -674.707, -83.0865
6.83171, 527.042, -503.785
6.5822, 305.684, 192.633
2.67504, 591.7, 453.862
3.8644, -255.537, -275.48
5.21858, -91.7067, -272.437
3.19942, -204.678, -243.06
5.57408, -252.533, -48.1906
3.29182, -265.31, -188.353
4.41129, 191.532, 14.5617
5.94997, -87.8272, -33.2642
3.21128, -255.178, 225.095
5.65284, -382.505, 413.489
3.15973, -28.9355, 251.847
7.13583, -562.289, 194.084
5.53465, -466.361, 387.572
5.50388, -396.11, 186.306
3.33635, 177.682, -345.885
3.301, -588.283, -469.146
5.91628, 217.394, 35.4638
5.1456, -228.042, -200.614
3.65264, 72.2608, 342.049
6.55373, -383.088, -178.643
5.76477, -51.5514, -264.578
4.08597, -336.427, -352.776
2.53953, -51.2837, -127.615
3.49176, 412.298, 507.546
3.78831, 343.068, -34.0297
3.03825, 235.776, -131.916
3.49545, -15.4071, -160.884
6.75079, 694.924, -423.353
6.63912, -326.431, 124.751
6.76813, -354.326, -349.468
5.71027, 3.86311, 452.808
3.6787, 600.729, -326.11
6.80638, -432.273, -63.3764
5.4745, 254.116, 216.632
2.52745, 206.555, 96.5203
6.84925, -342.754, -305.703
7.37729, 216.424, 115.568
5.59653, 125.754, 37.174
3.85574, -452.938, -45.3931
7.46973, -178.254, -258.359
4.60751, -350.369, -240.197
4.20537, -332.678, -347.214
4.80717, 139.715, -110.334
4.44822, 81.8254, -192.373
4.613, -34.8623, 406.045
2.84879, 237.066, 182.125
5.5153, 16.7112, -81.769
7.36114, -59.8565, -48.578
5.07406, -329.366, -298.478
7.45461, 171.325, 165.238
5.84906, 176.877, 81.5526
4.01716, -183.079, -221.54
3.47371, 393.299, 343.906
4.0109, -256.054, -131.238
4.93946, -297.376, 611.807
4.72438, 460.218, 392.707
5.7844, 186.171, -301.727
3.74227, -420.137, -304.98
4.72007, -12.7427, 415.443
5.75894, -334.641, -233.956
6.67472, -640.077, 361.726
6.03698, 68.9855, 354.878
4.93928, -314.176, -284.277
6.72039, 181.714, 70.791
7.00296, -190.191, -184.079
6.33082, -414.896, -397.317
5.29453, 409.076, 438.294
2.70603, 271.153, 11.5252
5.46749, 254.588, 70.8648
2.68674, -226.528, 285.312
4.53488, 216.063, 14.9473
2.84243, -514.083, -581.268
7.38558, -264.812, -198.6
2.5956, -301.164, -272.886
6.60363, -180.347, -119.472
5.2195, -476.216, 311.425
5.72828, 415.275, -255.561
3.62934, -119.417, -191.383
2.733, 567.17, -500.828
3.63154, 273.465, -271.965
4.58371, -414.155, 230.5
6.40126, 226.306, -351.821
3.72852, -447.339, 239.42
4.81411, 262.85, 49.3645
6.14756, 204.931, -4.78397
5.35237, -466.754, 309.871
5.45997, 482.788, 442.167
4.98425, -516.007, 111.975
3.951, 92.0795, -28.0664
4.71107, 33.3202, -130.102
2.53669, 631.882, -565.492
7.41683, 273.904, -147.892
2.52822, -433.996, -56.3966
4.8676, 54.0063, 337.021
5.86497, -91.6944, -287.122
