6.27803, -570.351, -398.148
3.5948, 171.86, -166.373
5.89648, 331.492, -494.057
5.09708, -207.465, 609.424
2.76731, -659.045, 621.864
2.53849, 215.626, -24.2856
4.58743, -544.865, -224.779
7.15218, 260.351, 289.467
2.95982, 77.9388, 434.015
6.00595, -148.317, 162.871
3.81226, 548.169, 634.296
4.14117, 416.043, -563.363
7.45519, 269.719, 182.051
7.41275, -496.792, -219.501
5.75759, 209.71, 313.875
6.92354, 209.597, -541.596
6.33247, -132.24, -319.636
3.87453, -522.289, -99.2011
4.93259, -453.468, -171.953
2.80282, 717.865, 733.805
5.08146, -65.8782, 568.529
4.96988, 662.321, -443.214
7.23882, -591.034, -541.578
4.42071, 10.1683, -534.07
5.14874, 670.708, -416.905
2.75042, 639.685, 7.6665
6.63909, 373.684, 377.908
5.94228, -546.395, -508.973
6.18112, 187.094, 585.758
6.94286, 644.186, 446.186
4.25508, -254.272, -432.899
6.72991, 295.063, 47.5446
3.84659, 442.854, -37.2947
4.83959, 33.2356, -204.089
3.2686, -583.655, -540.715
2.66527, 436.798, 100.626
7.2768, 91.8752, 39.0112
6.95369, 210.243, 317.312
3.29884, 443.247, 116.989
3.15214, 300.806, -530.053
2.515, -475.027, -596.013
6.0491, -555.383, -171.289
3.40448, -426.408, 567.068
5.76029, 593.154, -279.76
4.42907, 297.475, -552.105
3.23766, 117.207, -188.674
5.45054, 502.185, -2.65615
3.24076, 86.1395, 591.116
3.2091, -123.814, 567.121
4.94257, -366.765, -43.1288
3.13015, 586.683, -70.5249
5.64635, -222.823, -403.222
5.60817, 286.846, -398.788
4.88216, -447.421, 582.435
2.64188, -365.851, -139.226
3.21011, 140.49, 558.443
3.15594, -175.786, 638.649
3.31099, -694.776, 583.838
3.76529, -124.092, -478.176
4.77654, 365.106, -590.722
6.54472, -0.998489, -147.184
3.57624, 180.625, 589.401
3.75063, 580.77, 321.622
5.02978, 3.28049, 619.556
6.27922, 449.599, 119.455
5.66369, 586.968, -63.8627
5.9449, 444.99, -44.3074
7.27207, 644.851, 448.17
5.18713, -407.572, 586.376
4.57014, -528.329, -146.229
4.70019, 377.912, 124.945
6.07821, 551.693, 400.306
6.20858, 239.099, 276.952
5.12494, 698.082, -681.062
6.06711, -516.099, -217.096
5.91025, 210.479, 25.4447
6.82941, 660.656, -373.329
3.19597, -103.926, 572.696
3.57766, 651.582, -95.3161
5.0733, -222.215, -198.399
4.83766, 103.69, 485.161
3.55759, -220.365, 614.538
5.65244, -533.795, 671.765
2.5044, -623.622, 219.09
4.09589, 257.687, 359.578
5.90281, 285.969, 47.9495
6.0446, 467.543, -376.755
2.90869, -657.126, 492.368
3.56926, 297.93, 346.998
4.44412, -560.92, -544.783
4.44927, 673.258, 687.839
3.92018, 232.258, -441.269
4.6123, 419.451, 381.681
2.55658, -562.172, -454.297
3.72027, 729.351, -624.564
4.49072, -640.99, 488.358
6.64177, -631.815, 235.602
3.78584, 738.308, -710.248
3.59705, -622.629, -521.955
6.47385, 254.414, 364.315
5.8476, 247.731, 290.903
5.49108, -638.184, 225.087
5.99917, -245.756, -406.071
5.13062, 410.908, -604.365
4.14833, 334.789, 144.85
3.30844, -795.932, 186.883
6.56633, 456.168, -68.5706
4.08004, 215.35, 119.434
4.05369, -31.1737, -464.604
4.65424, -13.3102, 25.3504
4.46509, -135.967, -552.085
4.43916, 0.342952, -165.181
4.34871, -489.951, -420.745
5.88118, 234.423, -442.278
6.10384, 213.567, 41.0842
7.20082, 1.98221, 566.477
5.08573, -226.297, -385.685
5.5282, -122.873, 166.218
5.85049, -541.556, 650.685
5.11404, 94.064, -181.874
3.87105, -622.999, 554.263
7.08924, 259.979, 303.044
3.73367, 674.453, -447.755
4.77876, 239.899, 294.539
3.30374, -673.963, 606.585
4.68319, 154.999, 249.556
7.45767, 283.262, 116.472
6.26931, -305.675, 389.446
4.97846, -564.42, -489.765
7.01651, -619.463, -395.636
4.68213, 377.666, 383.52
5.09239, 96.1232, -480.229
4.44866, 156.382, -496.967
5.63431, -163.487, -304.427
5.19331, 257.516, 86.061
4.35955, 419.591, -406.299
2.54674, -228.766, 225.594
6.3794, -9.40611, -518.499
2.85317, -495.641, -480.418
3.98511, 281.208, -549.189
4.78581, 13.5524, -537.926
3.25156, -99.9207, -69.791
5.97819, 446.566, -383.26
4.15587, 290.766, 114.403
5.21197, 737.957, -627.744
2.64678, 625.156, -739.233
5.38086, 82.4646, -110.12
5.18133, 255.873, 233.875
7.36678, -578.875, -499.647
5.57063, -234.81, -403.469
5.26431, -633.06, 201.773
6.69051, -211.186, 603.173
3.75764, -410.288, 544.584
6.98957, 444.717, -45.5842
5.97428, 471.991, -373.89
5.82752, -409.802, -139.925
3.06838, -614.588, -560.004
3.37987, -602.491, 224.164
2.91253, -79.3867, 87.8888
6.68103, -83.3076, 243.865
2.64818, 650.547, -677.776
6.34719, 10.9201, -547.101
4.29829, -440.25, 525.592
6.24626, 77.1931, 466.926
6.28385, 283.806, 72.996
3.60834, -437.896, -591.305
5.58305, 352.1, 101.014
3.66846, -309.319, -134.933
6.22052, -716.81, 230.968
5.80997, -555.954, -515.394
4.9209, 697.498, -666.33
2.58972, 602.075, 60.5342
4.98291, 262.617, 87.6294
5.09587, 132.219, -538.283
4.71395, -630.338, 303.544
4.14528, -18.0226, 570.268
3.52671, 331.783, -71.47
7.19863, -146.142, -367.226
2.85168, -455.269, 606.045
3.30042, -29.3639, -525.442
6.70788, -534.826, -138.099
4.13614, -241.559, -184.504
6.85942, 252.866, 295.899
5.99896, 569.532, 536.058
5.52801, 606.125, -81.7665
4.77536, 55.3389, -207.297
2.91543, -414.441, -258.616
3.94883, 26.7018, -110.587
6.51009, -568.76, -406.942
6.81821, 238.807, 56.7458
3.81831, 248.888, -450.911
4.79881, -566.106, -143.962
4.95672, 448.167, -384.994
5.82344, -448.096, -562.386
7.31738, -464.935, -266.615
7.23022, 404.347, -591.822
2.81902, 278.056, -437.767
5.04829, -425.036, -206.327
6.13222, 689.837, 381.048
5.65882, 353.843, -149.205
3.26658, -720.093, -693.484
5.09652, -628.127, 300.245
3.52281, -372.824, 486.745
6.03231, 402.168, -577.854
6.05786, -360.715, -170.807
3.66304, -291.547, -145.574
6.80594, 117.874, -273.249
2.67122, -2.63629, 570.253
6.26587, -615.79, 186.849
4.14789, 442.884, 107.701
4.65309, -139.769, -364.624
7.33455, 604.58, -53.2784
4.05803, 567.564, 496.05
5.69762, 628.551, -489.502
5.95386, 605.156, -70.2114
5.36403, 19.7561, 534.804
6.60667, 705.663, -631.512
4.21807, -496.616, -508.708
5.09387, -551.039, -498.229
6.78438, 80.6219, -570.803
6.18587, 268.391, 135.074
3.45992, -652.437, 119.019
2.83145, -289.127, 272.067
3.60828, 705.47, -618.81
3.33656, -22.5053, -76.0316
6.31172, 350.016, -492.421
5.44905, -627.138, 167.626
4.65223, 708.294, 707.499
7.09618, 498.339, -3.65825
5.09668, 252.58, 100.886
7.38058, -555.695, -40.4765
5.15714, -371.477, -42.7258
2.98716, 307.225, 97.51
5.83983, 273.73, 138.276
5.44444, 298.67, 6.46576
5.01137, -496.094, -152.507
2.75808, -610.347, 158.499
2.6753, -73.8122, -254.301
4.41484, -590.659, -576.964
5.55555, 352.921, 86.7998
5.06574, 593.895, 650.65
5.98498, 238.845, 80.7638
4.89891, -30.6039, -94.1354
3.88323, 137.234, 379.189
6.01685, -352.783, 46.406
3.67701, 652.603, -43.1574
6.41501, -53.2099, -162.109
6.60589, 177.914, 532.813
3.21842, -394.611, -95.9139
5.75757, -433.824, 549.876
3.87677, 803.371, -609.699
7.26215, -415.592, 571.78
4.58238, -507.385, -108.859
3.03869, -139.86, 136.101
4.70633, -667.118, 492.267
6.28811, -401.147, -168.145
2.77803, -416.804, -185.478
3.51241, -1.37905, 18.5432
6.82305, 701.57, -627.253
6.52456, -164.569, -81.4553
2.78861, -511.754, -543.888
4.40304, -95.4379, -487.753
4.56124, 29.4772, 552.219
2.80071, -182.253, 235.579
7.09746, 539.518, 493.469
3.35398, 551.359, 616.047
6.51634, -622.333, 209.191
3.88599, 488.302, 0.0267381
4.44586, 117.933, 633.762
7.19936, -17.5476, 633.311
6.24573, 9.3391, -146.103
3.44774, -487.894, 566.398
6.89581, 246.191, 261.2
6.8953, 313.437, -597.056
3.30515, -542.819, -236.377
5.87346, -492.349, -187.256
6.89096, 379.412, 127.986
6.98262, 297.927, 366.59
3.06535, -93.7625, 554.476
5.93789, -209.458, -255.753
3.21651, -464.367, -474.31
3.6901, 201.217, 63.7573
5.64383, 600.313, -95.1414
4.312, 580.35, 322.145
4.64437, 688.774, 426.818
4.91936, 11.7941, -532.799
6.20379, 37.3849, -184.127
3.23098, -475.628, 483.629
7.36238, -502.341, -510.93
7.3158, -507.549, -215.872
3.14741, -298.947, 655.974
5.3784, -92.13, -353.37
4.66439, 64.3802, -157.09
5.50066, -216.868, -154.018
5.85098, -520.186, -143.398
4.5137, 452.25, 700.436
6.46691, 618.048, 472.89
4.89889, -510.195, -184.473
5.72449, 283.117, 44.507
4.28836, -215.971, 619.232
5.96794, -159.873, -223.226
5.83428, -450.571, -505.675
3.22071, -433.28, 585.549
7.10415, -661.141, 232.465
4.22228, -11.7758, -168.781
6.66824, -216.015, -420.271
2.74349, 304.417, -468.405
3.27936, -250.389, -146.759
2.55765, 256.61, 349.529
3.94327, -0.815463, 525.491
5.07295, -224.719, -178.127
3.65948, 590.328, 434.989
2.75022, -219.956, -48.9023
5.33091, -561.348, -468.007
6.69774, 52.8812, 560.538
4.28763, -602.532, -537.921
4.3452, 113.599, 615.662
7.22226, 215.417, 40.3791
4.72425, -472.955, -186.017
6.82086, 272.436, 198.689
5.82654, -517.005, -467.804
5.79297, 100.211, 508.051
7.10736, -772.566, 722.256
5.11536, 706.326, -634.785
5.45229, 317.107, -416.055
5.79944, 599.405, 512.445
4.24765, 254.685, 359.054
4.11714, 255.879, 18.8199
7.08984, 19.8488, 593.293
3.08619, 617.28, -540.302
7.31268, 458.135, -23.1019
5.17978, 94.1547, -203.169
5.81447, 627.308, 477.459
5.48362, 643.111, -460.422
6.93363, -559.193, -514.664
6.67999, -550.996, -503.948
6.69339, 331.587, 120.498
6.85642, -132.816, 172.304
2.5002, -603.765, 147.315
4.77274, 347.314, 111.619
4.25696, -624.132, 215.128
5.80713, -210.511, 578.952
6.22234, -644.794, 235.013
3.3821, -88.9477, -400.078
7.4621, 718.663, -619.631
5.95466, -628.257, 208.795
6.97862, 302.763, 118.055
3.51579, 301.767, 133.23
7.2356, -395.881, -242.051
4.88476, 668.201, -445.237
6.78578, 667.51, -546.807
6.41237, -573.433, -479.14
5.70687, 727.435, -587.829
3.14521, -698.663, 146.927
5.77944, -110.681, 586.065
3.09199, 80.8116, -134.249
3.88793, 181.465, 610.37
6.65548, -221.57, -157.365
6.14153, -598.749, -542.088
6.74348, -766.8, 143.084
3.43989, -589.688, -497.811
6.09602, 403.285, -269.909
4.25586, 321.605, 220.217
3.34555, -482.462, -500.936
4.52383, 104.154, -553.574
4.20924, 149.684, 638.321
6.67141, 283.015, 48.5163
3.9111, 600.931, 523.745
5.16766, -580.838, -558.724
6.25085, 727.617, -634.354
4.62554, -630.936, -405.656
4.66964, -425.638, 564.907
3.03022, 708.317, -750.567
6.4639, -158.443, -396.592
3.91232, -546.714, -492.962
7.14264, -293.362, -136.027
5.37926, 306.899, 329.746
3.4895, 617.86, -292.772
5.99081, 305.628, -556.804
3.07265, 336.107, -543.392
4.22945, 186.918, 575.05
4.15646, -519.565, -230.128
6.42735, 701.325, -581.207
6.65775, 348.418, -62.3369
4.21712, -667.194, 588.312
4.2603, -214.559, 615.12
6.38197, -1.13664, -531.482
6.58658, -89.928, 550.571
4.26157, -235.491, 125.011
7.09559, -422.308, -210.391
3.2877, 233.856, 87.5515
5.56029, -472.31, 583.258
5.54222, -432.652, 585.356
3.16647, -128.822, -441.458
3.51409, -573.753, -536.175
4.79457, -620.675, 565.252
3.48759, -448.345, 568.81
6.77118, -632.101, 231.04
6.54562, -430.213, -451.422
2.80131, -613.263, 556.684
6.50584, -638.08, 509.284
5.49597, -123.543, -385.277
7.43182, -664.147, 201.361
2.65919, 15.8523, 602.38
6.8356, 700.475, -616.613
3.69109, 447.216, 195.665
3.6127, 257.856, 272.43
4.73907, -575.758, -483.442
2.61231, 668.234, 50.2172
6.79755, -221.667, -54.5985
4.15902, 295.668, 312.965
5.72195, 251.53, 134.489
7.43521, -558.241, -477.173
5.30162, 264.575, -452.15
4.74553, -515.015, -170.852
5.213, -3.90166, -512.608
2.90797, 553.956, -127.427
3.99606, -541.803, -240.477
6.63964, 601.496, 506.392
6.48936, 434.829, 737.834
5.71048, 0.339083, 613.658
4.84105, 412.629, 143.754
7.15326, -89.9241, -398.453
5.08798, -208.49, -51.4674
7.42924, 663.585, -396.593
5.94567, -7.50558, -557.646
6.19966, -83.4903, -331.595
3.46323, -444.106, -555.613
6.08881, -364.99, 611.456
6.11146, 476.192, -91.5903
6.49298, 313.224, 95.4545
4.23216, 223.974, -636.932
5.1481, 53.9573, -175.562
3.19001, 532.871, -160.12
6.73218, -228.391, -164.034
6.32766, 47.4057, -477.613
7.5, 608.38, -552.55
4.24891, 487.315, 669.073
5.50367, -434.705, 672.568
3.50808, -352.547, -41.9581
6.2385, 98.7806, 45.5785
6.49225, 632.235, 140.124
3.03505, -672.468, 197.805
5.35813, -373.329, -33.6901
2.84683, 244.278, -254.659
4.16036, 702.488, 507.567
5.80945, 326.165, -526.093
5.27726, 6.05989, -179.389
7.12415, 309, 7.90331
2.69832, -351.029, -62.5293
2.62083, -201.988, 44.9555
4.61923, 287.573, -412.708
4.36987, 212.575, 26.0512
2.93303, -220.89, -165.751
3.05403, -50.1594, 110.916
5.31992, 261.181, -380.255
7.37269, -90.0277, 574.191
3.05066, 5.10803, -559.18
5.99352, 114.197, 532.188
2.79674, -12.3753, -530.138
4.69755, 602.12, -71.6563
5.24651, 685.199, 603.716
3.45129, 496.517, -587.076
7.36597, 246.708, 121.288
3.19593, -528.828, -142.938
5.48978, 657.913, -441.891
7.12812, -654.525, 592.459
3.91116, -5.93928, 562.093
6.8307, -118.485, -134.435
6.29598, -20.6464, -328.089
6.10793, 228.252, 283.45
3.34241, -219.497, 228.256
3.32882, 667.706, 315.923
3.39076, -615.28, -557.203
5.87226, 291.082, -465.893
4.83484, -76.7271, -254.283
6.85219, -560.426, -396.106
5.76023, -493.432, -163.122
5.80464, 766.712, 719.817
2.58037, -627.892, -517.378
4.30596, -478.082, -505.017
3.72747, 605.924, 108.544
6.93086, -706.752, -669.052
5.23701, 708.9, 739.878
6.57209, 26.5457, -504.861
5.24453, 113.697, 524.911
4.16156, 372.372, -25.7965
4.40213, -9.37303, -579.21
2.52389, 578.722, 559.444
6.95226, -163.842, -371.711
6.16955, -416.112, 592.402
6.04239, 14.5516, 596.921
5.1278, 49.6771, -193.877
6.41065, 8.96643, -552.426
3.42484, -344.936, -383.781
5.72673, 268.142, 288.796
3.42178, -397.568, -181.045
3.31214, 76.3391, -208.752
2.65594, -248.303, 588.165
7.42716, -6.27462, -530.049
4.04559, -268.544, -385.667
4.11075, -368.818, -194.725
5.51155, 226.886, -5.11715
2.89107, -269.65, -604.949
3.93936, 81.7456, 24.8083
5.79307, -122.247, -384.087
7.36348, -596.294, -349.71
7.27758, -370.714, -504.793
7.42745, -509.205, -229.101
7.30478, -493.273, -555.657
3.0073, -422.25, 586.154
3.71505, -72.1946, -338.412
6.91151, 42.6194, -118.248
5.28805, 271.414, 363.07
6.7669, 558.324, 497.541
7.49145, -435.838, 551.254
3.99751, -142.722, -558.433
6.33157, 649.427, 428.47
4.81901, 213.76, -4.21498
6.8168, -594.427, -392.022
6.99018, 584.23, -59.9609
7.377, 177.012, -297.266
2.77405, 383.537, 119.697
6.32605, 677.76, -694.699
5.09219, -641.578, 580.773
3.46574, 573.366, -132.955
6.98252, 299.272, -511.996
6.38492, -588.117, 258.828
2.75968, 308.709, 372.39
7.47331, -701.811, 623.039
5.93659, -225.522, -446.462
5.94854, 638.816, 449.722
6.57666, -331.839, 544.02
7.05426, -140.445, -381.777
3.34218, -148.277, 172.112
5.24183, -361.159, 566.79
6.53351, -308.383, -125.253
4.17803, 230.511, -447.47
5.53435, -95.106, -66.1311
6.59602, -612.457, 138.018
7.3485, 92.9762, -210.684
6.29349, 601.086, 446.737
3.72113, -124.185, -132.716
5.80589, -577.077, 270.465
4.21574, -492.843, -233.39
7.27146, 250.146, -292.779
2.60828, 485.239, 589.455
4.54979, -755.526, 747.909
2.55789, 420.237, -546.822
3.04964, 587.234, 236.741
5.28259, -595.16, 255.498
4.45466, 52.7841, -148.398
7.20539, 13.284, -166.656
2.55572, 268.044, 292.624
6.22897, -61.2641, -361.772
3.84293, 308.26, 26.3858
4.27153, -622.665, -437.141
3.45835, -296.523, 664.426
5.14832, 205.584, 212.229
4.39478, -27.3078, -517.122
3.16407, -81.2509, -477.616
4.26563, -120.999, -387.474
4.2497, 735.2, 640.812
7.41084, 423.359, -33.4485
5.25961, -6.26476, -117.39
4.99918, -26.0625, -531.556
3.58531, -657.599, 222.734
4.37311, -88.7959, -345.098
6.78251, -595.291, -527.324
6.45578, 675.543, -383.707
3.9204, -456.509, 603.369
5.07645, 242.775, 241.284
6.79238, -211.071, -100.961
7.07844, -507.541, -276.2
7.48941, 65.2835, 573.963
6.53177, 0.875329, -160.587
5.22718, -527.24, -218.875
7.3461, -26.2498, -527.328
5.31931, -546.882, 298.159
4.03031, -448.285, 559.873
5.41853, 697.345, 657.98
2.91197, 100.927, -195.543
5.47382, 222.743, 272.052
3.31968, -530.831, -462.161
6.46527, -545.836, -521.528
2.95373, 693.932, 477.021
6.3072, -562.126, -515.227
6.83996, -156.059, -53.4546
6.40105, 28.1024, -366.01
6.61399, 623.002, 623.28
6.70974, 247.882, 334.525
4.48328, 123.414, 74.0356
6.508, -83.2247, 90.7199
6.56811, 257.924, 31.5998
5.43493, -344.209, -22.3523
4.64621, 555.108, -73.6821
2.5002, -172.968, -372.736
5.31153, -581.413, 193.074
6.22632, 260.175, 106.714
3.89846, 643.099, 211.372
2.93406, -600.561, 526.941
3.5733, 664.235, -586.949
3.93296, -501.703, 624.381
4.86595, -393.293, 434.211
6.95893, 658.881, 685.37
5.91955, 385.805, -380.763
3.54376, 104.191, -194.746
6.67533, 651.076, -117.711
7.09218, 696.956, 688.882
4.48244, -597.594, -518.665
6.37858, 370.511, 385.723
5.68161, -15.2508, -99.68
6.64746, 261.705, 113.49
3.40204, 487.598, -403.233
7.45927, 409.53, -576.747
6.70558, 30.9523, -527.28
4.65177, 625.509, 228.284
4.38589, 443.442, 721.49
2.70802, 381.488, -378.522
6.80715, -537.613, -481.429
6.62116, 724.998, -631.806
6.25052, -104.286, 591.807
3.55801, -233.218, 655.972
4.31029, -556.132, -144.814
4.43545, -544.821, -417.072
7.32918, 619.206, 499.982
6.5872, 22.8491, 601.896
4.5755, 32.2895, 362.455
5.83759, 349.126, 109.389
2.52101, 485.52, 670.879
6.98048, -667.932, 231.305
3.68416, -215.228, 234.356
3.79415, 222.352, -236.419
5.4939, 331.338, -535.824
6.89823, -636.711, 158.725
6.16299, -590.958, -546.396
6.0773, 635.75, 465.027
3.57724, -349.686, 577.408
6.30413, 691.358, -722.574
3.85351, -152.413, -394.014
2.75246, 375.163, 87.1804
4.78866, 233.54, 47.6683
2.58759, 434.319, -526.519
3.01129, 57.6384, -184.508
2.639, -236.736, 119.925
5.65921, -206.93, -425.069
6.34425, 88.8221, -172.711
2.74132, 431.037, -521.958
6.6924, -42.5701, -549.271
6.76899, -255.733, -160.757
6.57649, -405.648, 583.844
6.85188, 652.873, 330.773
5.27222, -451.551, -235.981
6.12646, -168.937, -61.4705
3.20424, -408.039, 553.533
6.6115, 392.498, -373.869
5.51185, 389.371, -48.2068
4.93856, 412.822, -586.26
6.14942, -112.042, 583.375
4.05164, 744.311, -686.979
3.93925, -549.258, 171.074
5.45857, -690.978, 575.623
5.34055, 517.19, 577.866
5.41059, -490.84, -487.797
2.84132, -752.675, 231.023
4.34304, -6.06793, -118.888
6.28475, -587.454, -435.297
6.35297, -436.311, -575.929
4.27217, -439.707, -201.902
5.98913, 19.3374, 560.576
5.08005, -514.397, -227.698
5.94494, 303.413, 131.114
6.18066, 4.81347, 606.876
2.56231, -274.675, -379.078
7.16549, 434.825, -29.6479
5.37826, 339.387, 115.106
3.05587, 500.523, 627.313
4.87388, -125.098, -89.1886
3.24247, 436.447, 195.556
4.22594, 275.909, 269.077
7.04476, -621.357, 243.366
4.54571, 71.4565, 470.582
5.96642, -565.99, -160.42
3.35865, 327.825, -494.235
6.21715, 644.352, -442.018
4.16319, -395.877, 624.578
4.62157, 395.465, 153.364
2.79523, -232.135, -75.5716
5.09005, 218.681, -18.8137
5.94425, 249.836, -436.86
5.01149, -207.212, -57.3333
6.56617, -61.2366, -524.236
3.07974, 77.0674, -544.353
5.24841, 266.951, 350.955
5.06046, 244.351, 38.5474
6.02649, 645.737, 456.795
5.65083, -221.784, 603.884
4.0207, -18.7485, -547.198
6.74719, 259.113, 105.834
3.39619, 521.755, 50.1423
2.61737, -404.134, -150.148
4.19467, 425.205, -49.3791
3.43818, 288.483, 48.1208
6.60467, -187.304, 31.9656
6.72507, -515.365, -184.014
6.78031, 705.072, -621.785
7.37454, -679.994, 607.817
2.99587, 289.7, -438.73
2.56182, 623.242, 520.736
2.58614, 296.773, 312.31
2.64527, 278.135, 126.376
4.1031, -10.9711, -115.261
6.17815, 461.867, 195.68
3.14876, 250.873, 263.066
2.5161, -321.079, 327.757
6.91905, -46.5569, -506.414
3.70482, 299.164, -505.813
4.38481, -693.043, 578.312
4.44879, 380.559, 119.119
2.81534, 433.626, 152.497
7.30792, 157.126, 542.953
3.75349, 651.697, -267.935
6.85376, -530.797, -123.173
2.85991, -643.387, 186.977
2.70653, -381.465, 498.755
3.46378, 248.735, -447.403
3.86708, -228.678, 288.681
7.4007, -586.752, -363.973
3.60607, 283.322, -461.445
6.43119, -672.317, 517.475
4.42306, 171.461, -310.722
3.78593, 301.393, -513.107
3.91087, -609.712, 245.316
7.33834, 489.726, 12.603
4.22841, 308.626, 104.468
3.45922, -600.855, 467.144
5.05037, -518.823, -143.131
5.21857, -424.01, 645.144
5.72333, -578.777, -539.135
3.89738, -58.5545, 570.801
3.41887, -274.629, -377.516
2.71579, -593.825, 167.301
3.98408, -505.434, -242.256
4.25548, -154.644, 112.747
7.09372, -467.492, 498.066
5.81225, 406.276, -243.063
5.08041, 593.917, 507.056
4.03763, 352.319, 369.533
3.0007, -110.812, 83.051
3.47502, 299.315, -562.493
4.11407, 139.017, -140.716
5.56182, 573.599, 102.972
5.13511, 713.451, -589.154
3.45653, 314.249, 209.911
4.7178, -608.994, -564.945
4.48693, -397.1, 552.949
6.28051, -539.645, 621.273
6.6213, 591.417, 530.15
5.51573, -16.2343, -255.973
3.04573, 264.91, -532.327
4.11797, 322.524, -143.534
5.03403, 173.367, 232.547
4.76521, -395.765, 559.657
4.77315, -122.96, -357.545
4.91125, 715.911, 690.806
5.07896, 338.824, -510.38
4.50207, 70.0169, 590.174
4.22945, 513.902, 319.555
6.64533, 597.501, -89.9812
3.02204, -662.784, -495.464
6.40057, 362.278, 358.179
3.19919, -226.906, -194.575
2.62171, -565.987, -534.846
6.0664, 292.442, -558.543
7.15538, -7.79318, -532.425
7.47667, 261.868, 143.69
3.86264, -670.168, 268.863
3.6923, -417.379, -203.38
3.87328, 514.068, 510.628
5.70836, -539.971, -474.907
5.17637, 299.724, 80.314
6.8967, 607.225, -310.837
6.75968, -635.702, -428.309
2.98004, 486.362, 30.2707
4.66818, -728.467, 229.651
3.17045, 62.7546, -437.804
5.86802, -139.399, 181.956
5.34964, -150.818, -376.632
3.66474, -437.022, 679.536
5.50306, 274.32, -442.297
2.6551, -414.02, -114.357
7.08512, 350.957, -231.667
3.82958, 634.371, -112.041
6.50016, -171.386, -391.323
5.46389, -48.639, -513.044
5.0822, 229.956, 271.06
5.2567, 259.866, 277.816
3.47225, 354.039, -153.614
5.36152, 76.5749, -657.206
3.81992, 255.969, 328.882
4.41648, -676.31, 465.148
2.73626, -566.81, -448.374
4.22823, 422.394, -546.309
3.61594, 448.299, -388.502
3.81264, -84.4866, -489.459
3.05141, -318.767, -456.64
7.40088, -503.109, -131.076
5.93794, 631.378, 473.953
5.82158, -513.712, -149.198
5.99501, -548.812, -484.063
2.68746, -537.211, -530.206
3.6706, -611.106, -445.626
3.95397, 569.858, 509.623
3.50543, 90.137, -144.773
2.7177, 279.726, 35.4408
2.56571, -320.898, 644.377
6.07297, -393.932, 528.432
6.88348, -551.332, -447.42
5.35088, -608.531, 332.977
6.92743, 711.674, 712.627
5.20042, -428.934, -204.807
3.31357, 732.081, -701.79
3.30492, 752.607, 421.135
7.19182, 279.036, 116.749
3.45628, 508.359, -582.842
3.15761, 41.811, -185.269
4.41122, -151.233, -81.8443
6.12674, 218.882, -2.17646
2.50651, 594.53, 650.081
4.60222, -7.9386, 615.128
5.18984, 222.053, 50.635
4.86596, -137.099, 217.26
6.33003, 589.725, 651.425
2.9396, 490.579, -404.059
7.04284, 269.503, 233.347
3.20818, -656.89, -580.196
2.54782, 234.043, 32.8281
2.82267, 370.442, 286.339
4.96742, 288.202, 35.7187
5.40914, 490.642, 677.934
4.03373, -597.263, 497.039
4.57091, 593.249, -65.3056
4.33401, -584.449, -546.762
3.42687, 86.1223, 507.522
2.76788, 448.538, 86.3621
4.47222, 380.823, -54.5611
3.98388, -269.676, -206.396
5.05388, -475.376, 548.937
3.75392, -645.738, 210.891
5.01589, 726.622, 683.78
2.51168, -148.931, 600.935
7.01807, 754.351, -350.094
2.79181, -701.764, -659.855
5.17506, -343.045, 552.78
3.95754, -441.281, 513.467
7.3023, -540.015, -218.097
4.73406, 239.559, 28.4556
5.08479, 625.358, 221.992
5.93861, -230.073, -62.8132
2.72187, -116.139, -92.212
7.2946, -650.393, 508.286
5.70852, 267.415, 210.887
2.80215, 210.933, -579.783
3.33964, 251.147, 311.614
5.76491, 347.206, -62.9315
6.19864, -615.015, 169.8
3.57011, 626.252, 234.938
4.31441, -66.4737, -563.28
6.56981, -539.617, 644.011
5.32057, 644.566, -336.034
7.45886, 9.04151, -534.915
6.5669, -502.953, 139.579
3.49157, -643.42, 21.3924
2.50003, 22.2297, -514.336
4.62608, 708.91, -644.671
4.07406, 615.459, 227.254
5.56218, 526.492, -658.554
3.83351, -166.597, -469.994
4.39881, -518.181, 0.659796
5.43397, 611.91, 148.383
5.95636, -201.548, -416.742
7.26736, -206.099, -414.574
4.89785, -324.391, -616.158
3.60319, 303.588, -543.784
5.33741, -595.611, -558.674
6.09873, 283.861, 68.8048
4.4953, -448.08, 584.349
3.48326, -537.824, 669.192
6.66971, -673.318, -468.492
5.59561, -435.81, -567.078
7.26866, -170.738, 24.0394
3.23222, 50.4963, -199.162
5.38953, -217.757, -444.965
7.26796, -432.881, 582.639
3.62331, 692.923, -692.338
7.25137, -418.718, 520.138
3.07874, 646.524, -479.899
2.58372, 100.786, -173.305
3.90465, -225.118, -183.878
7.15042, 428.058, 70.2854
3.04796, 744.425, 673.318
6.77266, 47.1215, 519.93
5.68532, -637.39, -476.581
5.63853, 324.846, -526.548
3.80589, 569.429, 512.177
5.13936, -579.001, 187.429
7.16608, -234.204, 577.565
3.98055, 556.626, 31.7468
4.78006, 251.648, 285.668
6.35659, -541.444, -509.977
4.17193, 313.122, 59.8647
6.31775, 123.147, -522.061
6.65892, -104.173, 532.007
2.64618, -688.035, 461.707
4.31315, 575.042, -185.316
4.16221, 300.228, 368.417
3.17675, -417.965, -155.351
3.00839, -239.71, 625.749
5.11327, -429.228, 692.744
3.52046, -94.0216, -335.273
5.00728, -544.76, -424.67
5.1371, 14.9072, 563.35
4.13422, -251.195, -168.448
4.75888, 245.886, -313.635
6.85263, -6.69528, 532.842
4.72884, 512.616, 582.124
6.03726, -670.075, -399.717
6.83171, 708.013, -622.508
6.5822, 615.488, 215.851
2.67504, 715.203, 732.567
3.8644, -462.678, -209.312
5.21858, -205.819, -439.059
3.19942, -431.564, -504.102
5.57408, -559.722, -471.784
3.29182, -576.11, -523.639
4.41129, 255.141, 177.938
5.94997, -107.819, 139.323
3.21128, -319.666, 331.953
5.65284, -718.47, 630.465
3.15973, 113.702, 644.113
7.13583, -719.023, 238.333
5.53465, -621.406, 580.181
5.50388, -643.027, 213.648
3.33635, 371.335, -382.727
3.301, -583.612, -583.447
5.91628, 508.745, -20.4623
5.1456, -531.131, -127.034
3.65264, 0.448807, 615.191
6.55373, -401.628, -146.03
5.76477, -293.433, -420.611
4.08597, -569.926, -534.187
2.53953, -185.984, -499.325
3.49176, 557.643, 571.357
3.78831, 172.419, 315.581
3.03825, 513.809, -139.109
3.49545, -13.695, -139.255
6.75079, 830.919, -559.522
6.63912, -577.162, 171.266
6.76813, -560.24, -464.541
5.71027, 84.7504, 509.621
3.6787, 700.439, -696.801
6.80638, -640.42, -416.318
5.4745, 202.997, -145.248
2.52745, 396.697, -81.92
6.84925, -583.862, -549.627
7.37729, 435.063, 105.101
5.59653, 193.827, -67.0778
3.85574, -651.787, 56.0075
7.46973, -139.878, -383.23
4.60751, -646.221, -553.791
4.20537, -559.702, -477.839
4.80717, 211.116, -132.391
4.44822, 170.905, -336.516
4.613, 121.05, 575.598
2.84879, 299.716, 339.163
5.5153, 62.5847, -152.379
7.36114, -84.5568, 53.186
5.07406, -603.233, -533.009
7.45461, 528.885, -73.7198
5.84906, 441.636, -26.9282
4.01716, -532.606, -156.766
3.47371, 594.952, 478.937
4.0109, -576.422, -498.594
4.93946, -394.705, 485.723
4.72438, 478.514, 683.782
5.7844, 303.753, -509.56
3.74227, -478.92, -507.454
4.72007, 102.787, 468.582
5.75894, -516.771, -150.761
6.67472, -732.09, 285.553
6.03698, 118.729, 610.329
4.93928, -572.293, -483.169
6.72039, 337.558, -46.6372
7.00296, -503.076, -215.541
6.33082, -537.982, -435.483
5.29453, 515.327, 734.651
2.70603, 84.9433, 19.65
5.46749, 464.713, 90.5201
2.68674, -356.157, 500.823
4.53488, 225.802, 304.127
2.84243, -706.783, -771.667
7.38558, -603.661, -489.288
2.5956, -497.029, -199.757
6.60363, -254.524, -161.979
5.2195, -432.369, 531.712
5.72828, 610.432, -288.498
3.62934, -220.084, -47.1795
2.733, 706.874, -599.175
3.63154, 282.572, -533.469
4.58371, -648.455, 134.315
6.40126, 239.947, -475.156
3.72852, -640.745, 163.459
4.81411, 419.75, 93.27
6.14756, 579.855, 75.4105
5.35237, -439.581, 535.479
5.45997, 720.768, 678.46
4.98425, -590.415, 200.283
3.951, 237.612, 17.6174
4.71107, 105.183, -191.004
2.53669, 706.544, -603.427
7.41683, 415.358, -238.223
2.52822, -687.497, -121.577
4.8676, 13.6124, 614.385
5.86497, -168.179, -256.862
