6.27803, -341.855, -355.257
3.5948, 158.304, -34.1417
5.89648, 196.583, -176.138
5.09708, -198.386, 321.456
2.76731, -343.704, 329.928
2.53849, 327.891, 191.797
4.58743, -242.508, -129.045
7.15218, 241.239, -1.79085
2.95982, 116.162, 293.734
6.00595, -48.2058, -28.3125
3.81226, 422.144, 327.303
4.14117, 153.4, -324.898
7.45519, 225.66, 63.014
7.41275, -308.953, -330.698
5.75759, 227.724, 33.2502
6.92354, 282.051, -276.148
6.33247, -189.325, -177.962
3.87453, -255.075, -354.301
4.93259, -342.146, -234.876
2.80282, 462.363, 431.387
5.08146, 22.2877, 409.799
4.96988, 386.65, -373.176
7.23882, -290.828, -516.267
4.42071, -32.5385, -209.065
5.14874, 428.494, -421.418
2.75042, 296.227, -47.6707
6.63909, 281.079, -49.5029
5.94228, -383.515, -461.658
6.18112, 25.394, 316.051
6.94286, 393.442, 430.561
4.25508, -124.604, -247.854
6.72991, 211.739, 27.9472
3.84659, 147.097, 80.2208
4.83959, 83.2424, -118.167
3.2686, -363.714, -323.769
2.66527, 219.167, 33.7088
7.2768, 272.396, 38.94
6.95369, 293.4, -18.1089
3.29884, 226.026, 64.3417
3.15214, 194.039, -224.355
2.515, -535.949, -230.514
6.0491, -194.988, -233.911
3.40448, -440.292, 350.331
5.76029, 478.801, -323.768
4.42907, 276.687, -303.852
3.23766, 141.004, -20.7307
5.45054, 213.399, 59.3487
3.24076, 38.938, 262.777
3.2091, 136.478, 216.219
4.94257, -275.97, -270.737
3.13015, 265.909, 57.3965
5.64635, -112.164, -235.024
5.60817, 158.28, -350.668
4.88216, -327.606, 359.919
2.64188, -454.715, -282.087
3.21011, 262.135, 372.948
3.15594, -200.97, 371.952
3.31099, -397.389, 419.622
3.76529, -118.278, -87.825
4.77654, 114.523, -252.092
6.54472, 35.4381, -166.863
3.57624, -16.9726, 258.834
3.75063, 369.101, 244.558
5.02978, 123.202, 281.098
6.27922, 186.175, -11.8071
5.66369, 229.155, -55.8405
5.9449, 154.216, 135.378
7.27207, 418.611, 442.765
5.18713, -406.342, 415.915
4.57014, -246.72, -360.941
4.70019, 241.276, 35.4029
6.07821, 452, 391.931
6.20858, 195.736, 37.5977
5.12494, 596.839, -342.001
6.06711, -242.274, -158.72
5.91025, 275.281, 66.2422
6.82941, 367.432, -218.405
3.19597, 5.66808, 395.597
3.57766, 142.729, 106.049
5.0733, -137.852, -146.986
4.83766, -54.3484, 411.536
3.55759, -32.8672, 529.554
5.65244, -359.862, 334.502
2.5044, -503.294, 34.9403
4.09589, 206.016, 0.970727
5.90281, 255.2, -2.70649
6.0446, 244.597, -129.351
2.90869, -441.668, 439.882
3.56926, 268.863, -18.7614
4.44412, -347.728, -223.222
4.44927, 528.242, 508.552
3.92018, 219.133, -302.829
4.6123, 184.69, 132.248
2.55658, -361.216, -355.579
3.72027, 578.201, -509.537
4.49072, -459.399, 447.303
6.64177, -481.499, 153.97
3.78584, 424.543, -647.77
3.59705, -177.535, -211.559
6.47385, 231.871, -25.0629
5.8476, 185.296, 37.8327
5.49108, -455.681, 186.179
5.99917, -39.2798, -296.728
5.13062, 194.215, -236.649
4.14833, 209.849, -45.2833
3.30844, -578.141, 38.5503
6.56633, 207.947, 106.323
4.08004, 203.535, 32.3624
4.05369, 44.195, -248.994
4.65424, -70.8133, -72.3574
4.46509, -24.9076, -311.842
4.43916, 44.8288, -155.139
4.34871, -355.432, -472.621
5.88118, 220.195, -300.773
6.10384, 229.799, 60.2264
7.20082, 125.156, 365.468
5.08573, -92.3776, -226.336
5.5282, -39.1872, -28.0814
5.85049, -358.842, 362.934
5.11404, 6.7357, -288.272
3.87105, -374.316, 428.893
7.08924, 203.406, 8.24434
3.73367, 424.651, -425.693
4.77876, 220.445, 0.743485
3.30374, -455.984, 405.688
4.68319, 322.626, 52.4917
7.45767, 272.646, 126.486
6.26931, -219.746, 406.72
4.97846, -350.336, -332.491
7.01651, -410.921, -172.363
4.68213, 223.326, 11.5552
5.09239, 53.2687, -30.9728
4.44866, 188.13, -274.95
5.63431, -103.041, -312.106
5.19331, 213.955, 44.2946
4.35955, 179.673, -320.876
2.54674, -37.3224, 72.2765
6.3794, -90.2073, -228.321
2.85317, -347.237, -309.787
3.98511, 176.014, -278.891
4.78581, -30.9825, -209.106
3.25156, -234.877, -157.253
5.97819, 131.181, -319.628
4.15587, 273.511, 61.9974
5.21197, 435.999, -365.617
2.64678, 603.638, -479.368
5.38086, -16.8838, -152.021
5.18133, 253.233, 39.5183
7.36678, -242.061, -182.091
5.57063, 17.5045, -264.435
5.26431, -439.821, 93.3588
6.69051, -151.933, 314.047
3.75764, -314.7, 428.887
6.98957, 158.072, 93.3613
5.97428, 203.318, -326.688
5.82752, -340.772, -244.297
3.06838, -232.841, -416.931
3.37987, -395.689, 179.541
2.91253, -56.6973, -84.3817
6.68103, -50.1047, 69.964
2.64818, 516.739, -475.471
6.34719, -57.8794, -216.312
4.29829, -442.469, 335.843
6.24626, 50.7416, 394.401
6.28385, 251.348, 0.551766
3.60834, -493.934, -220.148
5.58305, 205.175, 76.2742
3.66846, -93.503, -211.479
6.22052, -549.057, 190.372
5.80997, -362.246, -318.724
4.9209, 553.826, -502.135
2.58972, 96.597, 81.7246
4.98291, 191.238, 55.6574
5.09587, 290.504, -263.598
4.71395, -418.733, 29.8817
4.14528, 77.0557, 361.977
3.52671, 244.504, 179.877
7.19863, -26.922, -267.623
2.85168, -308.918, 394.684
3.30042, -101.096, -128.853
6.70788, -335.336, -247.346
4.13614, -86.3871, -172.825
6.85942, 254.886, 159.241
5.99896, 598.194, 450.987
5.52801, 148.464, 99.6141
4.77536, 39.6029, -126.242
2.91543, -403.191, -295.174
3.94883, 54.2713, -127.514
6.51009, -359.586, -374.541
6.81821, 215.993, 47.1626
3.81831, 147.365, -344.873
4.79881, -168.217, -305.071
4.95672, 246.335, -329.674
5.82344, -553.041, -305.629
7.31738, -301.37, -184.553
7.23022, 169.662, -251.744
2.81902, 198.226, -280.685
5.04829, -338.303, -266.27
6.13222, 474.072, 221.328
5.65882, 212.303, 76.4312
3.26658, -435.921, -366.926
5.09652, -413.268, 27.6194
3.52281, -299.486, 412.132
6.03231, 300.265, -208.773
6.05786, -416.826, -222.61
3.66304, -137.557, -174.948
6.80594, 26.9119, -213.318
2.67122, 107.913, 357.421
6.26587, -452.925, 169.548
4.14789, 169.933, 132.846
4.65309, -296.28, -292.776
7.33455, 235.463, -27.9883
4.05803, 421.776, 380.657
5.69762, 380.919, -294.933
5.95386, 141.168, 104.225
5.36403, 100.701, 414.157
6.60667, 528.504, -511.343
4.21807, -366.363, -370.393
5.09387, -363.302, -281.333
6.78438, -65.9872, -248.298
6.18587, 173.708, 235.021
3.45992, -415.563, 281.339
2.83145, -239.854, 212.838
3.60828, 529.825, -548.804
3.33656, -80.7483, -30.5595
6.31172, 277.011, -86.353
5.44905, -460.412, 184.661
4.65223, 467.431, 396.98
7.09618, 158.446, 84.1544
5.09668, 179.183, 45.4836
7.38058, -381.854, -136.836
5.15714, -291.905, -304.121
2.98716, 227.57, 54.6905
5.83983, 309.277, 39.87
5.44444, 184.557, 157.731
5.01137, -182.054, -179.818
2.75808, -406.71, 154.702
2.6753, 21.1921, -331.654
4.41484, -349.574, -290.749
5.55555, 222.179, 31.4349
5.06574, 483.076, 414.309
5.98498, 218.09, 44.8915
4.89891, -109.761, -226.625
3.88323, 270.202, 223.358
6.01685, -235.715, -239.199
3.67701, 337.094, 11.8907
6.41501, -46.9879, -158.632
6.60589, 24.2291, 375.273
3.21842, -387.407, -315.506
5.75757, -479.225, 479.43
3.87677, 532.523, -384.884
7.26215, -395.732, 413.327
4.58238, -226.643, -241.31
3.03869, -48.6938, -52.6659
4.70633, -485.82, 455.097
6.28811, -363.38, -307.753
2.77803, -363.745, -323.696
3.51241, -17.2885, -196.049
6.82305, 539.961, -513.339
6.52456, -101.535, -180.65
2.78861, -339.076, -280.744
4.40304, -106.569, -111.863
4.56124, 33.8585, 371.79
2.80071, -40.8946, 72.564
7.09746, 482.679, 394.933
3.35398, 476.002, 328.007
6.51634, -402.09, 198.237
3.88599, 221.912, 96.0059
4.44586, -20.5168, 262.547
7.19936, -40.6687, 366.918
6.24573, 72.8738, -120.711
3.44774, -505.005, 397.951
6.89581, 252.11, -54.4478
6.8953, 230.27, -313.665
3.30515, -221.585, -170.263
5.87346, -307.568, -256.116
6.89096, 171.412, -7.05067
6.98262, 299.721, -76.5692
3.06535, -204.274, 394.817
5.93789, -205.255, -215.904
3.21651, -171.488, -499.305
3.6901, 325.239, 50.1682
5.64383, 152.639, 112.021
4.312, 368.227, 246.875
4.64437, 570.719, 174.478
4.91936, -110.028, -202.888
6.20379, 49.9456, -122.367
3.23098, -331.088, 391.289
7.36238, -401.491, -274.793
7.3158, -166.971, -191.754
3.14741, -187.388, 650.348
5.3784, 42.321, -31.371
4.66439, 7.94969, -86.785
5.50066, -134.539, -153.266
5.85098, -188.973, -221.74
4.5137, 532.299, 378.058
6.46691, 449.14, 348.761
4.89889, -220.611, -185.066
5.72449, 292.864, -47.1831
4.28836, -165.978, 436.625
5.96794, -52.3987, -230.051
5.83428, -516.147, -287.398
3.22071, -381.859, 428.994
7.10415, -433.75, 179.646
4.22228, 91.5852, -140.207
6.66824, 39.786, -130.152
2.74349, 225.621, -313.159
3.27936, -169.161, -273.223
2.55765, 271.919, -1.90394
3.94327, 45.3622, 418.934
5.07295, -161.262, -162.066
3.65948, 513.326, 535.001
2.75022, -116.337, -204.312
5.33091, -306.873, -243.502
6.69774, -2.5182, 266.219
4.28763, -350.485, -348.336
4.3452, 24.0102, 340.603
7.22226, 222.968, 37.4036
4.72425, -360.453, -216.199
6.82086, 211.915, 34.5958
5.82654, -407.637, -302.006
5.79297, 85.1789, 370.84
7.10736, -596.435, 510.191
5.11536, 572.24, -380.785
5.45229, 287.686, -346.903
5.79944, 388.319, 342.083
4.24765, 206.894, 1.47688
4.11714, 234.692, 43.157
7.08984, 37.3949, 330.095
3.08619, 492.353, -538.405
7.31268, 170.052, 174.178
5.17978, 36.5966, -154.092
5.81447, 407.029, 407.275
5.48362, 387.23, -390.187
6.93363, -308.48, -168.747
6.67999, -356.522, -281.226
6.69339, 161.609, 59.2969
6.85642, -65.3901, 3.73891
2.5002, -279.614, 118.454
4.77274, 238.084, 62.4642
4.25696, -444.63, 171.101
5.80713, -233, 501.597
6.22234, -404.335, 197.995
3.3821, -107.413, -223.618
7.4621, 528.744, -503.238
5.95466, -400.089, 151.344
6.97862, 244.436, 317.219
3.51579, 237.101, 60.1933
7.2356, -336.566, -188.179
4.88476, 447.821, -416.458
6.78578, 462.241, -511.084
6.41237, -333.067, -288.534
5.70687, 411.895, -439.61
3.14521, -469.943, -25.6701
5.77944, -25.5896, 349.825
3.09199, -37.0301, -112.668
3.88793, -18.9505, 233.952
6.65548, -133.766, -135.794
6.14153, -285.174, -514.529
6.74348, -860.338, -41.1474
3.43989, -228.035, -116.901
6.09602, 211.407, -138.393
4.25586, 186.956, -32.9311
3.34555, -539.859, -390.579
4.52383, -152.361, -272.153
4.20924, 55.2413, 380.362
6.67141, 197.959, 34.5808
3.9111, 444.194, 352.625
5.16766, -327.179, -280.25
6.25085, 427.225, -343.436
4.62554, -394.654, -173.067
4.66964, -443.449, 398.609
3.03022, 456.322, -389.071
6.4639, -79.635, -238.137
3.91232, -519.382, -185.579
7.14264, -140.112, -168.031
5.37926, 318.726, -18.2982
3.4895, 396.542, -253.29
5.99081, 218.254, -296.272
3.07265, 222.119, -276.165
4.22945, -27.8939, 230.779
4.15646, -154.251, -187.458
6.42735, 544.829, -498.246
6.65775, 168.234, 197.073
4.21712, -520.755, 347.816
4.2603, -200.204, 339.146
6.38197, -78.741, -183.977
6.58658, -55.8876, 369.601
4.26157, -150.212, -110.77
7.09559, -289.477, -248.219
3.2877, 259.668, 18.0768
5.56029, -313.835, 530.873
5.54222, -382.626, 430.002
3.16647, -78.3809, -207.275
3.51409, -411.51, -322.433
4.79457, -396.224, 446.097
3.48759, -313.25, 464.959
6.77118, -437.928, 154.77
6.54562, -67.0151, -294.903
2.80131, -473.994, 437.81
6.50584, -471.889, 436.417
5.49597, -88.7133, -239.788
7.43182, -453.168, 186.168
2.65919, 102.503, 359.787
6.8356, 541.013, -513
3.69109, 98.2805, -50.0234
3.6127, 183.163, 25.0879
4.73907, -350.465, -332.56
2.61231, 189.986, 154.632
6.79755, -106.94, -212.495
4.15902, 216.131, 13.7561
5.72195, 299.622, -110.696
7.43521, -343.248, -329.947
5.30162, 208.326, -314.632
4.74553, -279.484, -244.452
5.213, -18.0303, -249.174
2.90797, 283.827, -35.0739
3.99606, -210.116, -231.178
6.63964, 393.763, 344.152
6.48936, 428.42, 574.89
5.71048, 134.979, 269.962
4.84105, 213.144, 45.7297
7.15326, -106.99, -221.95
5.08798, -84.4271, -202.358
7.42924, 448.496, -429.463
5.94567, -32.2723, -136.699
6.19966, -115.178, -239.378
3.46323, -580.057, -196.468
6.08881, -213.805, 498.858
6.11146, 149.653, 112.248
6.49298, 240.72, 45.6274
4.23216, 266.66, -208.146
5.1481, 25.2672, -137.657
3.19001, 122.111, 83.5395
6.73218, -132.464, -148.114
6.32766, 85.1637, -276.735
7.5, 514.097, -539.16
4.24891, 484.523, 303.93
5.50367, -404.145, 411.553
3.50808, -285.164, -232.061
6.2385, 287.888, 32.4861
6.49225, 233.009, 39.3044
3.03505, -417.436, 370.14
5.35813, -282.217, -280.332
2.84683, 118.45, -127.316
4.16036, 452.862, 326.414
5.80945, 224.493, -317.205
5.27726, 136.237, -162.411
7.12415, 200.864, 65.5899
2.69832, -250.807, -257.397
2.62083, -92.0296, -202.469
4.61923, 280.488, -270.379
4.36987, 259.983, 14.7555
2.93303, -121.042, -99.0439
3.05403, -68.2963, -110.931
5.31992, 250.386, -446.119
7.37269, -157.771, 412.556
3.05066, -45.7997, -234.503
5.99352, -7.58728, 335.07
2.79674, 159.966, -248.93
4.69755, 158.005, 114.723
5.24651, 395.55, 364.422
3.45129, 286.903, -384.471
7.36597, 242.477, 128.666
3.19593, -298.517, -189.192
5.48978, 423.274, -422.104
7.12812, -324.05, 467.413
3.91116, 57.6743, 367.422
6.8307, -135.502, -216.938
6.29598, 13.5939, -219.16
6.10793, 224.798, -14.2077
3.34241, -37.3149, 73.1666
3.32882, 421.147, 297.946
3.39076, -295.194, -14.7476
5.87226, 225.048, -263.075
4.83484, 21.1257, -345.276
6.85219, -373.079, -430.051
5.76023, -301.487, -307.317
5.80464, 564.89, 568.741
2.58037, -430.095, -557.632
4.30596, -409.775, -284.909
3.72747, 301.185, 135.585
6.93086, -423.656, -353.972
5.23701, 574.78, 433.923
6.57209, -121.05, -231.503
5.24453, -0.459663, 337.645
4.16156, 157.262, 156.374
4.40213, 146.3, -232.755
2.52389, 455.424, 369.869
6.95226, -103.373, -202.721
6.16955, -419.14, 456.779
6.04239, 76.8421, 348.089
5.1278, 41.7551, -117.244
6.41065, -61.4771, -213.541
3.42484, -238.083, -268.475
5.72673, 253.978, 5.90568
3.42178, -341.702, -309.406
3.31214, 4.37454, -157.073
2.65594, -331.917, 398.21
7.42716, -88.4747, -160.486
4.04559, -291.206, -219.419
4.11075, -232.417, -71.8462
5.51155, 264.693, 117.813
2.89107, -234.589, -195.74
3.93936, 279.57, 92.3499
5.79307, -90.894, -302.862
7.36348, -229.718, -463.454
7.27758, -432.865, -213.899
7.42745, -235.713, -214.968
7.30478, -417.251, -312.664
3.0073, -471.119, 473.409
3.71505, -129.519, -270.21
6.91151, -150.138, -194.57
5.28805, 211.71, 2.24647
6.7669, 439.829, 345.49
7.49145, -334.328, 392.011
3.99751, -27.1933, -319.541
6.33157, 375.224, 416.333
4.81901, 256.754, 117.564
6.8168, -374.556, -131.57
6.99018, 230.654, -46.7154
7.377, 84.9723, -170.367
2.77405, 249.177, 46.3695
6.32605, 543.761, -487.28
5.09219, -322.524, 467.127
3.46574, 145.386, 61.3286
6.98252, 259.215, -288.454
6.38492, -226.55, 217.818
2.75968, 267.514, -19.3371
7.47331, -408.953, 394.3
5.93659, -345.114, -261.631
5.94854, 374.973, 434.684
6.57666, -201.231, 323.046
7.05426, -72.3697, -210.017
3.34218, -67.6864, 2.481
5.24183, -405.758, 375.009
6.53351, -99.0271, -195.345
4.17803, 199.413, -280.91
5.53435, -221.878, -155.304
6.59602, -477.048, 280.258
7.3485, 40.0838, -132.999
6.29349, 367.982, 457.536
3.72113, -145.513, -197.939
5.80589, -528.227, 91.321
4.21574, -180.135, -255.668
7.27146, 110.547, -224.333
2.60828, 188.701, 402.943
4.54979, -549.907, 504.632
2.55789, 176.022, -289.886
3.04964, 287.445, 140.939
5.28259, -432.47, 176.463
4.45466, 27.2468, -119.303
7.20539, 36.2799, -140.173
2.55572, 273.291, -188.514
6.22897, -149.489, -289.953
3.84293, 171.772, 38.3453
4.27153, -305.213, -349.09
3.45835, -233.931, 504.803
5.14832, 354.473, 300.292
4.39478, -36.4543, -216.034
3.16407, -160.009, -238.32
4.26563, -93.0948, -298.041
4.2497, 515.277, 454.637
7.41084, 170.49, 89.6398
5.25961, -116.221, -118.317
4.99918, -161.514, -148.203
3.58531, -424.416, 177.125
4.37311, -67.5232, -234.66
6.78251, -367.014, -315.319
6.45578, 413.591, -449.72
3.9204, -317.596, 390.847
5.07645, 311.575, 319.767
6.79238, -147.776, -183.968
7.07844, -258.589, -74.7526
7.48941, 4.47852, 262.083
6.53177, 47.7348, -155.61
5.22718, -357.032, -234.877
7.3461, 29.8098, -238.686
5.31931, -441.491, 68.184
4.03031, -330.316, 394.367
5.41853, 496.865, 518.598
2.91197, 139.297, -10.7634
5.47382, 276.49, -18.1079
3.31968, -395.062, -392.464
6.46527, -390.088, -335.588
2.95373, 650.036, 283.481
6.3072, -414.946, -168.121
6.83996, -141.915, -202.03
6.40105, -152.175, -286.85
6.61399, 379.469, 422.413
6.70974, 219.697, -117.165
4.48328, -54.797, -82.7784
6.508, -51.7129, -85.7554
6.56811, 307.897, 154.472
5.43493, -237.452, -263.063
4.64621, 205.547, -75.6793
2.5002, -95.3711, -212.321
5.31153, -318.957, 98.6791
6.22632, 227.307, 58.6518
3.89846, 279.266, 155.679
2.93406, -281.448, 454.501
3.5733, 483.219, -400.202
3.93296, -488.038, 434.611
4.86595, -400.302, 511.724
6.95893, 532.069, 512.881
5.91955, 155.72, -330.043
3.54376, 40.2386, -131.813
6.67533, 231.592, -127.846
7.09218, 480.806, 397.685
4.48244, -737.818, -286.742
6.37858, 224.959, 14.6605
5.68161, 191.276, -77.281
6.64746, 211.463, 26.542
3.40204, 266.771, -295.167
7.45927, 160.784, -261.572
6.70558, 11.01, -173.802
4.65177, 285.016, 182.405
4.38589, 325.694, 470.922
2.70802, 167.897, -333.715
6.80715, -383.517, -409.556
6.62116, 435.947, -368.976
6.25052, -155.803, 384.604
3.55801, -167.645, 375.273
4.31029, -147.57, -256.326
4.43545, -234.977, -209.261
7.32918, 401.015, 412.894
6.5872, 97.5807, 359.111
4.5755, 170.932, 276.049
5.83759, 312.114, 59.4814
2.52101, 442.442, 314.446
6.98048, -464.451, 181.592
3.68416, -33.2332, 70.7756
3.79415, 14.5994, -224.64
5.4939, 196.383, -328.663
6.89823, -441.623, 187.14
6.16299, -299.784, -272.633
6.0773, 436.572, 221.883
3.57724, -160.153, 295.118
6.30413, 586.702, -402.893
3.85351, -24.5243, -203.208
2.75246, 276.202, 114.784
4.78866, 141.264, -134.043
2.58759, 282.869, -378.027
3.01129, -30.1054, -103.015
2.639, -153.274, -114.965
5.65921, -109.562, -207.654
6.34425, 19.1006, -102.163
2.74132, 191.579, -369.741
6.6924, 123.477, -168.816
6.76899, -338.67, -58.9829
6.57649, -423.91, 430.512
6.85188, 392.473, 304.047
5.27222, -277.227, -262.988
6.12646, -116.558, -186.941
3.20424, -168.416, 321.085
6.6115, 162.763, -343.821
5.51185, 161.299, 57.5843
4.93856, 130.287, -269.992
6.14942, 88.3182, 393.97
4.05164, 454.051, -637.991
3.93925, -305.036, 42.7501
5.45857, -392.033, 427.201
5.34055, 503.948, 314.624
5.41059, -364.671, -159.606
2.84132, -454.068, 259.126
4.34304, -121.922, -116.152
6.28475, -322.724, -311.011
6.35297, -562.338, -368.823
4.27217, -231.719, -218.004
5.98913, 25.7254, 278.703
5.08005, -245.584, -236.667
5.94494, 252.939, 61.3406
6.18066, -14.4733, 261.404
2.56231, -74.3206, -176.285
7.16549, 151.976, 77.7132
5.37826, 146.053, 68.1517
3.05587, 425.818, 273.33
4.87388, -211.336, -155.479
3.24247, 459.095, 48.1008
4.22594, 242.595, -3.84675
7.04476, -436.495, 176.175
4.54571, 115.462, 419.785
5.96642, -213.414, -195.401
3.35865, 252.429, -259.218
6.21715, 401.98, -394.031
4.16319, -328.754, 411.779
4.62157, 225.11, 80.2595
2.79523, -145.536, -250.728
5.09005, 301.303, 158.715
5.94425, 210.777, -232.778
5.01149, -85.3329, -204
6.56617, 13.1641, -234.521
3.07974, -174.946, -214.429
5.24841, 282.335, 4.839
5.06046, 237.9, 51.7685
6.02649, 402.851, 482.156
5.65083, -209.356, 320.502
4.0207, -62.9343, -197.047
6.74719, 227.601, 64.2856
3.39619, 210.733, 47.5515
2.61737, -386.402, -204.651
4.19467, 209.451, 123.082
3.43818, 201.103, 32.1792
6.60467, -73.1535, -224.056
6.72507, -222.087, -183.086
6.78031, 526.959, -508.939
7.37454, -452.445, 405.59
2.99587, 137.244, -351.3
2.56182, 321.324, 393.144
2.58614, 219.144, 11.6647
2.64527, 272.247, -29.0271
4.1031, -118.695, -121.543
6.17815, 246.864, 58.3148
3.14876, 195.318, 3.32126
2.5161, -248.771, 212.244
6.91905, -188.504, -153.688
3.70482, 248.601, -298.32
4.38481, -396.27, 423.001
4.44879, 181.578, 0.685774
2.81534, 171.311, 83.2774
7.30792, -67.8845, 384.973
3.75349, 371.512, -285.395
6.85376, -221.776, -209.896
2.85991, -433.651, 235.661
2.70653, -294.126, 518.595
3.46378, 292.689, -356.382
3.86708, -112.18, 179.333
7.4007, -274.296, -455.287
3.60607, 236.883, -316.79
6.43119, -313.898, 351.667
4.42306, 91.3769, -182.136
3.78593, 228.39, -246.94
3.91087, -410.652, 149.209
7.33834, 80.7939, 118.09
4.22841, -15.1202, -207.823
3.45922, -471.175, 230.909
5.05037, -430.405, -227.583
5.21857, -370.749, 375.216
5.72333, -360.617, -322.602
3.89738, 40.1108, 428.878
3.41887, -96.0094, -160.688
2.71579, -258.124, 153.921
3.98408, -149.569, -185.881
4.25548, -18.7417, 118.088
7.09372, -269.177, 418.487
5.81225, 250.499, -145.771
5.08041, 440.65, 348.044
4.03763, 203.922, 3.64015
3.0007, -52.3287, 29.2867
3.47502, 227.213, -85.2981
4.11407, -29.8032, -139.321
5.56182, 130.119, -0.626721
5.13511, 542.298, -401.981
3.45653, 279.499, -0.0820369
4.7178, -289.952, -317.901
4.48693, -356.315, 382.266
6.28051, -336.444, 288.281
6.6213, 457.855, 385.066
5.51573, -128.384, -72.2105
3.04573, 171.866, -276.728
4.11797, 232.55, 123.77
5.03403, 317.251, 182.8
4.76521, -440.597, 399.158
4.77315, -111.707, -198.652
4.91125, 452.176, 409.249
5.07896, 238.645, -316.424
4.50207, 34.9691, 356.373
4.22945, 167.407, 246.088
6.64533, 174.037, 105.913
3.02204, -655.743, -467.897
6.40057, 163.287, 17.4037
3.19919, -100.877, -111.833
2.62171, -328.731, -289.232
6.0664, 244.43, -225.905
7.15538, -109.759, -147.025
7.47667, 197.202, 39.5166
3.86264, -393.777, 94.4543
3.6923, -271.071, -283.37
3.87328, 523.804, 417.025
5.70836, -351.267, -294.451
5.17637, 254.342, 16.5692
6.8967, 396.667, -284.849
6.75968, -470.653, -251.657
2.98004, 179.444, 105.994
4.66818, -542.73, 174.664
3.17045, 152.113, -65.178
5.86802, -62.3071, -6.41745
5.34964, -70.7081, -189.775
3.66474, -468.569, 395.991
5.50306, 170.451, -321.252
2.6551, -368.833, -318.547
7.08512, 176.252, -81.2048
3.82958, 156.834, 102.966
6.50016, -91.5704, -194.238
5.46389, -42.679, -211.589
5.0822, 281.242, -29.4726
5.2567, 315.864, -35.1772
3.47225, 273.851, 139.192
5.36152, 0.477091, -358.469
3.81992, 188.655, 204.813
4.41648, -395.777, 474.335
2.73626, -323.426, -138.059
4.22823, 173.48, -291.309
3.61594, 128.615, -355.13
3.81264, -117.769, -110.747
3.05141, -138.222, -231.717
7.40088, -324.201, -390.689
5.93794, 403.309, 439.101
5.82158, -437.029, -232.97
5.99501, -388.715, -235.361
2.68746, -373.66, -277.442
3.6706, -321.955, -363.08
3.95397, 449.008, 375.788
3.50543, -2.86709, -267.33
2.7177, 350.622, -9.62361
2.56571, -173.822, 500.4
6.07297, -305.905, 439.394
6.88348, -378.636, -342.185
5.35088, -426.75, 116.312
6.92743, 493.197, 410.342
5.20042, -324.107, -266.203
3.31357, 559.464, -475.285
3.30492, 387.949, 424.121
7.19182, 233.467, 85.2717
3.45628, 398.615, -363.014
3.15761, -151.722, -135.242
4.41122, -80.9555, -140.436
6.12674, 262.044, 112.654
2.50651, 483.318, 414.207
4.60222, 108.376, 280.033
5.18984, 214.291, 32.8532
4.86596, -22.5809, 68.6808
6.33003, 487.363, 412.958
2.9396, 267.187, -293.646
7.04284, 227.733, -3.96763
3.20818, -601.284, -428.462
2.54782, 305.469, 39.0454
2.82267, 194.005, -45.5396
4.96742, 202.829, 80.0615
5.40914, 464.499, 316.873
4.03373, -321.139, 474.777
4.57091, 221.947, -45.3669
4.33401, -345.42, -284.711
3.42687, 73.7246, 365.642
2.76788, 91.1263, 43.9431
4.47222, 178.638, 173.587
3.98388, -32.571, -93.5213
5.05388, -503.845, 422.202
3.75392, -434.222, 174.755
5.01589, 471.71, 493.507
2.51168, -293.35, 461.21
7.01807, 592.37, -212.635
2.79181, -429.839, -333.809
5.17506, -178.385, 339.896
3.95754, -500.678, 361.52
7.3023, -256.425, -129.648
4.73406, 216.368, 15.7996
5.08479, 275.65, 186.937
5.93861, -112.462, -208.922
2.72187, -156.492, -204.521
7.2946, -449.737, 445.371
5.70852, 308.276, 67.3127
2.80215, 41.2086, -334.401
3.33964, 216.335, 22.1242
5.76491, 167.957, 59.3472
6.19864, -410.456, 151.189
3.57011, 264.843, 177.506
4.31441, -232.405, -145.581
6.56981, -357.512, 339.675
5.32057, 398.231, -226.291
7.45886, -59.6445, -195.874
6.5669, -115.685, -35.2696
3.49157, -319.38, 77.1493
2.50003, -48.6058, -357.28
4.62608, 592.909, -341.952
4.07406, 300.357, 195.552
5.56218, 477.051, -384.411
3.83351, -26.9693, -181.374
4.39881, -279.581, -25.3748
5.43397, 259.801, 20.5699
5.95636, -141.623, -258.795
7.26736, -74.0459, -248.48
4.89785, -377.229, -241.446
3.60319, 233.604, -308.393
5.33741, -394.515, -331.09
6.09873, 281.537, 177.353
4.4953, -326.708, 359.509
3.48326, -374.961, 355.228
6.66971, -491.053, -417.483
5.59561, -428.942, -327.398
7.26866, -79.8673, -213.981
3.23222, 43.2315, -124.735
5.38953, -167.093, -172.521
7.26796, -322.931, 380.765
3.62331, 564.755, -325.601
7.25137, -306.813, 409.683
3.07874, 432.219, -432.618
2.58372, 32.058, -143.235
3.90465, -161.712, -165.756
7.15042, 243.167, 51.2622
3.04796, 537.824, 528.855
6.77266, 71.759, 390.083
5.68532, -588.254, -292.349
5.63853, 225.69, -319.918
3.80589, 455.082, 377.277
5.13936, -528.426, 178.826
7.16608, -214.942, 319.198
3.98055, 110.887, 137.413
4.78006, 203.886, 12.4904
6.35659, -353.142, -281.787
4.17193, 287.847, 179.458
6.31775, -1.5789, -192.631
6.65892, 19.8501, 277.893
2.64618, -394.113, 477.25
4.31315, 343.205, 3.63586
4.16221, 301.69, -75.6164
3.17675, -325.861, -212.043
3.00839, -196.35, 497.904
5.11327, -335.462, 327.197
3.52046, -298.184, -205.082
5.00728, -337.966, -252.25
5.1371, 117.59, 362.45
4.13422, -159.989, -153.269
4.75888, 94.6562, -246.69
6.85263, 99.1368, 343.781
4.72884, 502.813, 317.102
6.03726, -670.255, -65.9705
6.83171, 522.867, -487.387
6.5822, 279.077, 177.904
2.67504, 581.826, 437.582
3.8644, -232.535, -271.842
5.21858, -92.7656, -269.425
3.19942, -188.789, -221.792
5.57408, -237.047, -30.0094
3.29182, -251.613, -166.82
4.41129, 185.18, 7.62588
5.94997, -77.8921, -49.6736
3.21128, -247.124, 214.724
5.65284, -357.224, 407.615
3.15973, -40.6455, 233.501
7.13583, -550.712, 187.589
5.53465, -452.692, 382.173
5.50388, -382.713, 192.401
3.33635, 163.023, -341.464
3.301, -583.298, -459.173
5.91628, 211.511, 56.9776
5.1456, -210.385, -204.86
3.65264, 66.392, 322.251
6.55373, -367.528, -181.294
5.76477, -38.2104, -240.432
4.08597, -316.573, -342.714
2.53953, -44.1106, -110.619
3.49176, 406.903, 496.538
3.78831, 332.923, -59.1169
3.03825, 216.028, -128.615
3.49545, -11.5636, -162.356
6.75079, 683.232, -415.173
6.63912, -313.89, 120.403
6.76813, -327.903, -345.151
5.71027, 5.53508, 440.347
3.6787, 589.296, -304.447
6.80638, -413.221, -46.3688
5.4745, 247.809, 235.575
2.52745, 202.16, 126.752
6.84925, -328.816, -285.005
7.37729, 215.476, 115.254
5.59653, 131.502, 46.4114
3.85574, -437.061, -52.0861
7.46973, -171.291, -240.225
4.60751, -340.96, -219.396
4.20537, -310.338, -318.057
4.80717, 135.938, -108.648
4.44822, 76.2482, -181.545
4.613, -42.687, 383.102
2.84879, 228.742, 159.637
5.5153, 16.9483, -81.0681
7.36114, -62.1207, -57.9931
5.07406, -316.022, -274.741
7.45461, 168.374, 170.862
5.84906, 153.817, 76.1293
4.01716, -169.428, -218.851
3.47371, 386.533, 336.607
4.0109, -228.552, -112.156
4.93946, -289.723, 612.749
4.72438, 459.555, 367.915
5.7844, 178.975, -287.789
3.74227, -412.219, -285.557
4.72007, -24.839, 396.721
5.75894, -325.988, -230.835
6.67472, -630.713, 364.461
6.03698, 71.3595, 349.301
4.93928, -291.614, -263.657
6.72039, 147.5, 64.6645
7.00296, -172.271, -194.874
6.33082, -397.156, -393.103
5.29453, 403.616, 410.215
2.70603, 285.724, 17.164
5.46749, 260.814, 65.1005
2.68674, -218.306, 275.369
4.53488, 225.248, 4.82164
2.84243, -501.212, -567.354
7.38558, -236.941, -179.067
2.5956, -284.857, -273.857
6.60363, -170.278, -125.578
5.2195, -470.601, 300.09
5.72828, 395.097, -251.834
3.62934, -111.946, -209.313
2.733, 552.237, -486.716
3.63154, 261.637, -247.96
4.58371, -397.295, 222.547
6.40126, 209.034, -335.642
3.72852, -445.771, 239.038
4.81411, 262.55, 34.1885
6.14756, 177.954, 9.57823
5.35237, -464.741, 299.446
5.45997, 472.09, 418.178
4.98425, -502.487, 100.605
3.951, 90.9005, -29.0745
4.71107, 44.4606, -134.525
2.53669, 624.531, -554.249
7.41683, 259.191, -138.595
2.52822, -413.417, -56.8073
4.8676, 59.9169, 320.65
5.86497, -88.5928, -281.252
