6.27803, -648.412, -542.761
3.5948, 157.74, -189.388
5.89648, 334.3, -632.514
5.09708, -250.051, 682.353
2.76731, -777.359, 639.675
2.53849, 264.559, -48.1979
4.58743, -636.987, -205.54
7.15218, 236.383, 333.571
2.95982, 67.4616, 512.979
6.00595, -176.399, 185.542
3.81226, 561.813, 677.168
4.14117, 428.858, -676.462
7.45519, 304.373, 159.15
7.41275, -526.297, -256.484
5.75759, 296.412, 340.565
6.92354, 219.608, -626.071
6.33247, -104.967, -413.659
3.87453, -552.165, -126.643
4.93259, -488.038, -214.823
2.80282, 732.349, 779.235
5.08146, -82.8014, 595.599
4.96988, 686.169, -457.031
7.23882, -604.373, -461.074
4.42071, -42.6798, -593.463
5.14874, 724.981, -412.305
2.75042, 694.614, 17.1878
6.63909, 427.806, 415.676
5.94228, -602.887, -496.363
6.18112, 227.29, 649.08
6.94286, 733.022, 453.76
4.25508, -312.54, -438.359
6.72991, 237.611, 2.71501
3.84659, 474.042, -82.9127
4.83959, 24.9935, -154.795
3.2686, -640.906, -531.522
2.66527, 494.49, 135.228
7.2768, 57.001, 55.213
6.95369, 157.969, 357.203
3.29884, 484.981, 93.243
3.15214, 355.599, -520.712
2.515, -426.533, -674.545
6.0491, -614.571, -214.019
3.40448, -413.67, 621.098
5.76029, 650.766, -292.733
4.42907, 359.824, -585.238
3.23766, 59.2048, -220.762
5.45054, 534.73, 1.69952
3.24076, 92.5062, 650.589
3.2091, -144.328, 684.246
4.94257, -381.451, 10.3843
3.13015, 674.359, -52.9882
5.64635, -273.767, -438.692
5.60817, 245.681, -464.893
4.88216, -458.816, 575.747
2.64188, -385.851, -140.673
3.21011, 87.9615, 597.242
3.15594, -198.033, 721.955
3.31099, -737.329, 647.892
3.76529, -153.383, -582.085
4.77654, 438.772, -664.079
6.54472, -28.0723, -219.703
3.57624, 236.081, 633.43
3.75063, 632.362, 340.745
5.02978, -42.8304, 636.616
6.27922, 488.461, 92.9644
5.66369, 655.772, -54.8821
5.9449, 521.786, -84.2261
7.27207, 712.854, 434.165
5.18713, -470.021, 563.282
4.57014, -539.971, -118.844
4.70019, 457.492, 111.239
6.07821, 590.283, 408.545
6.20858, 276.576, 352.081
5.12494, 690.107, -782.912
6.06711, -611.519, -151.58
5.91025, 304.168, 30.0707
6.82941, 727.852, -451.446
3.19597, -100.49, 588.96
3.57766, 724.008, -155.163
5.0733, -249.548, -172.285
4.83766, 56.0416, 536.118
3.55759, -246.896, 596.543
5.65244, -592.23, 745.26
2.5044, -697.302, 260.318
4.09589, 284.114, 400.094
5.90281, 296.766, 17.477
6.0446, 528.971, -446.09
2.90869, -700.024, 521.443
3.56926, 317.443, 410.587
4.44412, -644.954, -607.413
4.44927, 712.955, 716.578
3.92018, 260.656, -454.124
4.6123, 462.041, 414.065
2.55658, -649.577, -546.99
3.72027, 774.066, -680.648
4.49072, -657.303, 548.794
6.64177, -753.638, 244.185
3.78584, 764.907, -674.171
3.59705, -615.752, -540.579
6.47385, 305.605, 354.848
5.8476, 342.939, 332.265
5.49108, -642.868, 246.175
5.99917, -269.414, -443.082
5.13062, 456.857, -648.131
4.14833, 289.107, 131.03
3.30844, -827.051, 239.519
6.56633, 509.03, -19.2337
4.08004, 234.108, 162.54
4.05369, -69.6688, -573.707
4.65424, 17.7111, 46.4595
4.46509, -151.943, -564.507
4.43916, -22.2683, -189.323
4.34871, -517.837, -431.11
5.88118, 267.153, -445.59
6.10384, 246.985, -18.8534
7.20082, 6.44316, 680.416
5.08573, -198.734, -426.358
5.5282, -157.834, 216.986
5.85049, -568.858, 745.779
5.11404, 70.6454, -116.21
3.87105, -699.071, 568.108
7.08924, 222.869, 311.545
3.73367, 729.457, -444.558
4.77876, 265.521, 348.201
3.30374, -726.739, 605.938
4.68319, 171.458, 252.925
7.45767, 282.642, 155.807
6.26931, -329.969, 387.026
4.97846, -579.346, -533.638
7.01651, -627.882, -536.227
4.68213, 455.517, 431.536
5.09239, 94.6405, -623.191
4.44866, 149.918, -552.31
5.63431, -177.999, -336.756
5.19331, 314.845, 161.13
4.35955, 489.772, -444.031
2.54674, -246.293, 267.144
6.3794, 25.7976, -610.192
2.85317, -642.57, -555.366
3.98511, 359.651, -601.99
4.78581, -60.1744, -590.382
3.25156, -98.0087, -28.1923
5.97819, 514.845, -379.532
4.15587, 301.933, 142.293
5.21197, 756.617, -727.218
2.64678, 653.163, -810.615
5.38086, 85.9229, -179.995
5.18133, 222.22, 331.637
7.36678, -652.685, -638.079
5.57063, -247.877, -450.117
5.26431, -723.098, 210.96
6.69051, -233.65, 694.285
3.75764, -490.897, 615.154
6.98957, 480.274, -75.8605
5.97428, 479.614, -419.231
5.82752, -419.456, -102.76
3.06838, -634.718, -506.511
3.37987, -653.431, 257.031
2.91253, -84.7191, 109.062
6.68103, -99.2081, 269.586
2.64818, 702.042, -701.649
6.34719, -25.6951, -584.721
4.29829, -417.593, 626.435
6.24626, 63.2364, 467.538
6.28385, 298.354, 82.4845
3.60834, -442.518, -641.099
5.58305, 305.913, 118.058
3.66846, -349.83, -167.497
6.22052, -712.556, 225.889
5.80997, -608.325, -500.769
4.9209, 761.707, -623.887
2.58972, 703.599, 85.1857
4.98291, 269.314, 139.232
5.09587, 98.5145, -577.17
4.71395, -692.501, 364.748
4.14528, -59.5718, 687.235
3.52671, 387.893, -71.1175
7.19863, -130.489, -429.549
2.85168, -515.401, 652.648
3.30042, 63.125, -603.422
6.70788, -549.136, -79.8467
4.13614, -215.994, -167.157
6.85942, 199.878, 296.388
5.99896, 568.06, 508.543
5.52801, 681.141, -134.021
4.77536, 103.978, -162.353
2.91543, -422.068, -198.711
3.94883, 44.919, -116.676
6.51009, -684.675, -499.326
6.81821, 269.631, -23.2401
3.81831, 296.871, -481.989
4.79881, -636.596, -185.574
4.95672, 487.804, -410.061
5.82344, -445.183, -653.424
7.31738, -511.402, -207.472
7.23022, 464.66, -651.111
2.81902, 253.403, -495.865
5.04829, -472.119, -250.689
6.13222, 701.945, 447.015
5.65882, 403.274, -196.157
3.26658, -772.22, -771.597
5.09652, -698.238, 367.689
3.52281, -402.344, 564.041
6.03231, 382.992, -683.86
6.05786, -387.475, -134.814
3.66304, -329.459, -181.216
6.80594, 133.162, -259.381
2.67122, 9.12853, 676.156
6.26587, -662.605, 250.017
4.14789, 494.051, 120.269
4.65309, -80.817, -360.569
7.33455, 646.852, -94.7595
4.05803, 642.864, 552.719
5.69762, 726.873, -538.751
5.95386, 669.149, -52.3502
5.36403, 29.7135, 535.132
6.60667, 755.722, -596.078
4.21807, -612.456, -502.044
5.09387, -633.915, -484.391
6.78438, 89.9332, -665.714
6.18587, 281.165, 42.6346
3.45992, -668.884, 146.255
2.83145, -298.575, 288.995
3.60828, 735.041, -630.178
3.33656, -17.2686, -148.369
6.31172, 340.811, -631.518
5.44905, -695.965, 198.815
4.65223, 781.183, 732.806
7.09618, 562.572, 6.65784
5.09668, 342.633, 171.625
7.38058, -577.248, -40.9671
5.15714, -368.396, 17.3819
2.98716, 348.436, 117.997
5.83983, 299.327, 117.156
5.44444, 268.652, 12.0738
5.01137, -541.578, -132.607
2.75808, -683.618, 157.763
2.6753, -112.539, -191.777
4.41484, -644.535, -498.459
5.55555, 297.446, 113.494
5.06574, 594.443, 713.597
5.98498, 247.655, 14.0746
4.89891, -6.31096, -101.287
3.88323, 100.182, 398.084
6.01685, -380.061, 95.9959
3.67701, 671.363, -58.4635
6.41501, -28.4432, -163.448
6.60589, 208.057, 600.248
3.21842, -434.488, -46.6976
5.75757, -432.262, 625.24
3.87677, 840.657, -683.964
7.26215, -456.658, 552.16
4.58238, -572.328, -73.9721
3.03869, -126.678, 224.106
4.70633, -715.581, 477.609
6.28811, -394.541, -191.702
2.77803, -425.283, -207.542
3.51241, -11.7291, 44.046
6.82305, 751.407, -636.964
6.52456, -170.072, -74.5546
2.78861, -658.304, -536.14
4.40304, -73.3334, -598.012
4.56124, 31.3405, 592.449
2.80071, -228.316, 262.297
7.09746, 621.053, 547.844
3.35398, 566.717, 689.551
6.51634, -668.386, 227.192
3.88599, 561.948, 10.6417
4.44586, 137.84, 708.971
7.19936, 18.1542, 626.559
6.24573, 40.5977, -194.723
3.44774, -401.022, 602.185
6.89581, 256.853, 394.021
6.8953, 333.732, -676.022
3.30515, -654.098, -211.124
5.87346, -579.815, -200.011
6.89096, 451.01, 116.09
6.98262, 315.908, 404.03
3.06535, -79.7614, 602.962
5.93789, -183.214, -248.937
3.21651, -623.329, -465.683
3.6901, 254.637, 27.4277
5.64383, 698.12, -127.015
4.312, 632.775, 339.228
4.64437, 682.918, 516.575
4.91936, -43.1697, -591.386
6.20379, 91.1775, -174.385
3.23098, -482.244, 540.13
7.36238, -626.746, -507.803
7.3158, -531.509, -250.266
3.14741, -339.695, 616.019
5.3784, -182.422, -416.857
4.66439, 63.509, -192.341
5.50066, -238.66, -211.341
5.85098, -546.637, -115.606
4.5137, 431.624, 781.834
6.46691, 675.981, 503.508
4.89889, -623.545, -184.33
5.72449, 314.065, 180.827
4.28836, -244.673, 617.373
5.96794, -218.165, -231.603
5.83428, -430.467, -550.705
3.22071, -476.044, 565.085
7.10415, -660.5, 219.455
4.22228, -12.2165, -177.071
6.66824, -295.641, -469.354
2.74349, 311.48, -527.999
3.27936, -268.031, -101.092
2.55765, 280.544, 392.933
3.94327, 33.1203, 550.717
5.07295, -277.623, -164.291
3.65948, 619.015, 426.871
2.75022, -226.858, -31.6007
5.33091, -609.437, -517.61
6.69774, 25.4391, 637.639
4.28763, -595.257, -534.6
4.3452, 151.075, 721.103
7.22226, 258.017, 38.4356
4.72425, -609.236, -207.63
6.82086, 291.554, 237.81
5.82654, -607.414, -471.049
5.79297, 118.815, 551.732
7.10736, -806.086, 784.435
5.11536, 783.966, -701.184
5.45229, 362.562, -419.865
5.79944, 639.507, 551.415
4.24765, 291.721, 399.172
4.11714, 257.222, 14.7155
7.08984, -18.336, 623.492
3.08619, 657.206, -539.523
7.31268, 533.471, -59.96
5.17978, 50.3568, -223.716
5.81447, 659.218, 513.017
5.48362, 705.153, -454.229
6.93363, -517.89, -600.586
6.67999, -648.302, -478.877
6.69339, 310.908, 105.89
6.85642, -140.033, 222.321
2.5002, -734.351, 232.446
4.77274, 382.374, 186.511
4.25696, -672.539, 229.994
5.80713, -218.954, 598.758
6.22234, -688.148, 236.561
3.3821, -107.064, -424.862
7.4621, 744.133, -635.143
5.95466, -668.179, 225.628
6.97862, 314.531, 27.6873
3.51579, 291.369, 64.7232
7.2356, -438.519, -210.355
4.88476, 724.625, -442.211
6.78578, 712.327, -570.357
6.41237, -589.803, -515.326
5.70687, 773.086, -684.164
3.14521, -710.875, 234.193
5.77944, -84.8994, 598.882
3.09199, 76.8582, -75.8608
3.88793, 227.735, 643.288
6.65548, -233.533, -208.468
6.14153, -601.689, -474.951
6.74348, -689.413, 219.14
3.43989, -663.117, -627.296
6.09602, 428.443, -295.626
4.25586, 253.172, 253.169
3.34555, -450.368, -552.753
4.52383, 159.186, -579.457
4.20924, 140.385, 661.819
6.67141, 296.566, 13.1786
3.9111, 663.466, 519.238
5.16766, -638.648, -536.021
6.25085, 753.934, -719.706
4.62554, -602.793, -515.56
4.66964, -423.957, 642.88
3.03022, 746.297, -820.731
6.4639, -133.913, -413.453
3.91232, -631.257, -583.608
7.14264, -330.635, -178.16
5.37926, 295.92, 416.048
3.4895, 648.262, -282.485
5.99081, 351.931, -582.599
3.07265, 322.009, -600.536
4.22945, 225.109, 648.882
4.15646, -518.649, -237.335
6.42735, 767.106, -662.282
6.65775, 391.368, -120.518
4.21712, -672.704, 657.097
4.2603, -218.354, 671.888
6.38197, 20.5622, -599.901
6.58658, -48.298, 630.285
4.26157, -240.715, 176.717
7.09559, -400.7, -187.329
3.2877, 341.179, 117.58
5.56029, -438.779, 555.978
5.54222, -475.698, 565.128
3.16647, -164.834, -527.94
3.51409, -646.421, -531.754
4.79457, -653.011, 556.529
3.48759, -426.373, 584.466
6.77118, -668.587, 215.56
6.54562, -584.894, -488.759
2.80131, -701.439, 613.422
6.50584, -659.034, 539.446
5.49597, -126.798, -390.433
7.43182, -653.727, 226.395
2.65919, -11.0095, 596.884
6.8356, 749.885, -630.34
3.69109, 513.868, 238.714
3.6127, 218.666, 307.18
4.73907, -590.581, -517.218
2.61231, 758.062, -12.0462
6.79755, -218.183, -25.7074
4.15902, 303.776, 323.72
5.72195, 287.747, 222.539
7.43521, -608.767, -517.884
5.30162, 268.179, -482.617
4.74553, -611.887, -156.848
5.213, 28.0323, -595.459
2.90797, 636.365, -133.811
3.99606, -650.097, -213.268
6.63964, 641.715, 562.701
6.48936, 453.097, 750.589
5.71048, -30.1026, 684.065
4.84105, 478.733, 195.114
7.15326, -102.24, -427.854
5.08798, -221.879, -32.6306
7.42924, 738.146, -400.568
5.94567, 6.51163, -567.096
6.19966, -128.9, -400.605
3.46323, -439.335, -671.289
6.08881, -444.342, 579.014
6.11146, 527.428, -101.433
6.49298, 292.579, 120.068
4.23216, 231.309, -732.689
5.1481, 80.0607, -188.301
3.19001, 615.203, -222.846
6.73218, -238.948, -213.67
6.32766, -5.19811, -547.945
7.5, 667.637, -521.609
4.24891, 478.025, 769.49
5.50367, -425.798, 703.297
3.50808, -412.089, -14.6144
6.2385, 64.0457, 60.58
6.49225, 692.013, 178.33
3.03505, -652.017, 134.466
5.35813, -391.381, -20.0079
2.84683, 261.887, -295.579
4.16036, 725.619, 559.716
5.80945, 328.885, -584.751
5.27726, -14.4709, -190.643
7.12415, 236.04, -4.67874
2.69832, -384.07, 22.4564
2.62083, -202.64, 86.6112
4.61923, 264.344, -492.529
4.36987, 261.421, 97.2811
2.93303, -240.019, -187.468
3.05403, -57.2757, 145.658
5.31992, 290.537, -377.47
7.37269, -56.789, 633.309
3.05066, -31.4351, -572.953
5.99352, 138.313, 637.854
2.79674, -12.3607, -577.189
4.69755, 693.964, -59.6374
5.24651, 767.169, 629.191
3.45129, 555.333, -627.524
7.36597, 300.267, 204.009
3.19593, -540.539, -84.7099
5.48978, 739.76, -449.018
7.12812, -744.391, 635.856
3.91116, 11.7587, 682.785
6.8307, -122.933, -123.499
6.29598, -64.4334, -364.199
6.10793, 289.268, 358.763
3.34241, -255.56, 261.348
3.32882, 708.686, 335.708
3.39076, -628.117, -696.458
5.87226, 301.275, -454.365
4.83484, -120.346, -195.318
6.85219, -625.5, -370.97
5.76023, -567.619, -105.622
5.80464, 779.498, 734.074
2.58037, -565.524, -480.089
4.30596, -575.892, -502.273
3.72747, 654.51, 106.828
6.93086, -766.185, -734.578
5.23701, 729.252, 785.577
6.57209, -8.2871, -621.173
5.24453, 138.843, 634.577
4.16156, 397.488, -34.186
4.40213, -62.3991, -574.353
2.52389, 639.674, 517.819
6.95226, -157.529, -438.573
6.16955, -428.298, 591.81
6.04239, -3.2072, 616.907
5.1278, 49.4853, -143.641
6.41065, -11.6683, -569.36
3.42484, -371.543, -389.753
5.72673, 222.393, 372.844
3.42178, -439.366, -225.261
3.31214, 62.4896, -197.717
2.65594, -223.137, 679.166
7.42716, 29.7485, -580.981
4.04559, -245.171, -442.664
4.11075, -444.06, -234.725
5.51155, 218.235, -79.3231
2.89107, -273.934, -692.695
3.93936, 61.7099, 66.2263
5.79307, -170.263, -419.033
7.36348, -685.584, -359.392
7.27758, -364.082, -580.432
7.42745, -498.02, -220.834
7.30478, -589.961, -538.521
3.0073, -399.064, 608.167
3.71505, -145.354, -400.945
6.91151, 89.5646, -161.872
5.28805, 281.125, 398.821
6.7669, 590.667, 555.179
7.49145, -425.935, 595.27
3.99751, -156.345, -568.58
6.33157, 739.495, 465.085
4.81901, 225.666, -77.6358
6.8168, -607.046, -540.153
6.99018, 656.11, -46.3561
7.377, 188.233, -348.261
2.77405, 456.737, 105.844
6.32605, 771.715, -714.765
5.09219, -726.883, 598.896
3.46574, 687.066, -128.155
6.98252, 272.772, -535.063
6.38492, -736.358, 209.207
2.75968, 325.482, 463.815
7.47331, -757.043, 665.059
5.93659, -152.867, -430.754
5.94854, 750.071, 440.738
6.57666, -436.693, 621.968
7.05426, -167.928, -415.621
3.34218, -143.651, 227.911
5.24183, -419.616, 639.341
6.53351, -351.085, -163.418
4.17803, 259.461, -448.491
5.53435, -92.8924, -32.944
6.59602, -615.336, 178.019
7.3485, 59.1533, -181.515
6.29349, 595.859, 469.247
3.72113, -118.606, -123.937
5.80589, -571.54, 299.16
4.21574, -549.184, -242.681
7.27146, 281.013, -320.385
2.60828, 591.701, 603.415
4.54979, -816.158, 795.871
2.55789, 466.832, -592.952
3.04964, 667.257, 246.789
5.28259, -706.851, 227.854
4.45466, 29.4261, -138.568
7.20539, -14.6362, -183.207
2.55572, 203.078, 370.244
6.22897, -110.659, -358.52
3.84293, 267.54, 80.748
4.27153, -613.976, -531.263
3.45835, -325.323, 664.958
5.14832, 235.818, 119.135
4.39478, -26.0238, -587.849
3.16407, -102.323, -615.72
4.26563, -171.47, -418.182
4.2497, 754.179, 724.682
7.41084, 478.53, -81.9914
5.25961, 68.3129, -176.105
4.99918, 32.8297, -603.42
3.58531, -697.544, 193.161
4.37311, -64.3389, -370.325
6.78251, -630.042, -568.173
6.45578, 749.378, -385.377
3.9204, -513.914, 654.948
5.07645, 260.439, 237.165
6.79238, -233.405, -49.0095
7.07844, -594.126, -279.494
7.48941, 93.2314, 654.241
6.53177, -13.6944, -182.104
5.22718, -664.148, -230.348
7.3461, 29.9937, -586.955
5.31931, -544.963, 331.223
4.03031, -435.851, 631.6
5.41853, 708.751, 719.947
2.91197, 57.1055, -210.123
5.47382, 289.467, 410.244
3.31968, -635.161, -523.363
6.46527, -629.375, -554.653
2.95373, 647.436, 529.532
6.3072, -522.976, -592.464
6.83996, -187.467, -29.8707
6.40105, 57.2652, -378.04
6.61399, 680.35, 689.019
6.70974, 249.073, 444.071
4.48328, 211.252, 97.7488
6.508, -79.6398, 107.096
6.56811, 256.729, 6.48679
5.43493, -391.014, 15.2459
4.64621, 662.807, -38.8437
2.5002, -113.596, -390.257
5.31153, -739.325, 231.289
6.22632, 314.713, 160.382
3.89846, 693.218, 201.032
2.93406, -701.471, 502.277
3.5733, 766.981, -668.188
3.93296, -471.524, 671.525
4.86595, -390.624, 433.805
6.95893, 723.519, 708.205
5.91955, 434.302, -413.553
3.54376, 53.5743, -217.129
6.67533, 727.622, -83.3542
7.09218, 780.382, 773.189
4.48244, -538.478, -619.166
6.37858, 422.988, 420.302
5.68161, -53.8774, -84.5234
6.64746, 309.902, 165.807
3.40204, 500.208, -414.907
7.45927, 467.058, -621.541
6.70558, -26.2351, -601.344
4.65177, 702.29, 224.657
4.38589, 485.127, 772.636
2.70802, 432.065, -406.296
6.80715, -544.39, -433.952
6.62116, 762.267, -726.995
6.25052, -104.004, 609.439
3.55801, -230.99, 689.22
4.31029, -677.753, -193.267
4.43545, -670.615, -551.706
7.32918, 612.131, 542.765
6.5872, -25.1523, 596.055
4.5755, 0.120714, 382.025
5.83759, 313.37, 89.4733
2.52101, 479.696, 779.006
6.98048, -731.21, 238.36
3.68416, -262.648, 262.46
3.79415, 259.323, -229.893
5.4939, 336.582, -598.623
6.89823, -710.05, 221.825
6.16299, -686.911, -501.984
6.0773, 610.601, 556.733
3.57724, -448.264, 587
6.30413, 687.344, -771.312
3.85351, -143.221, -408.078
2.75246, 450.017, 160.41
4.78866, 319.052, 179.961
2.58759, 442.294, -559.23
3.01129, 67.6437, -164.658
2.639, -244.34, 181.074
5.65921, -290.899, -435.874
6.34425, 85.4293, -172.373
2.74132, 482.777, -569.915
6.6924, -45.9615, -625.307
6.76899, -207.562, -181.104
6.57649, -451.145, 564.619
6.85188, 708.043, 343.087
5.27222, -501.459, -230.605
6.12646, -237.105, -26.5396
3.20424, -488.816, 613.88
6.6115, 428.309, -403.591
5.51185, 459.5, -70.7095
4.93856, 426.447, -668.848
6.14942, -153.407, 642.489
4.05164, 789.958, -640.045
3.93925, -684.35, 240.289
5.45857, -731.157, 639.675
5.34055, 518.934, 652.841
5.41059, -568.371, -570.332
2.84132, -773.341, 189.938
4.34304, 69.6898, -175.334
6.28475, -585.706, -524.422
6.35297, -441.933, -672.591
4.27217, -414.242, -213.392
5.98913, 81.5114, 647.76
5.08005, -494.682, -220.186
5.94494, 235.95, 116.684
6.18066, -28.015, 687.25
2.56231, -281.319, -475.021
7.16549, 485.064, -80.8462
5.37826, 335.12, 105.48
3.05587, 492.654, 697.049
4.87388, -110.411, -50.1522
3.24247, 388.171, 176.443
4.22594, 246.057, 334.464
7.04476, -651.186, 231.068
4.54571, 58.5563, 476.637
5.96642, -621.226, -101.352
3.35865, 381.63, -595.892
6.21715, 699.785, -466.427
4.16319, -431.494, 635.584
4.62157, 460.69, 217.956
2.79523, -260.386, -34.6024
5.09005, 226.135, -72.8007
5.94425, 325.801, -468.973
5.01149, -219.016, -29.8553
6.56617, -120.876, -600.253
3.07974, 117.391, -669.525
5.24841, 278.853, 413.801
5.06046, 257.605, 9.42841
6.02649, 739.573, 434.765
5.65083, -217.607, 695.37
4.0207, 37.6781, -592.254
6.74719, 316.938, 163.78
3.39619, 546.637, 9.85299
2.61737, -427.423, -93.1885
4.19467, 512.484, -22.6865
3.43818, 294.584, 16.2909
6.60467, -203.94, 64.4923
6.72507, -611.224, -186.398
6.78031, 751.224, -655.969
7.37454, -725.808, 607.183
2.99587, 331.658, -424.119
2.56182, 607.993, 514.535
2.58614, 300.72, 325.756
2.64527, 297.72, 77.2412
4.1031, 62.4764, -179.953
6.17815, 511.979, 237.428
3.14876, 228.26, 323.292
2.5161, -336.52, 362.439
6.91905, 38.7972, -612.522
3.70482, 273.731, -539.918
4.38481, -745.379, 643.533
4.44879, 447.879, 164.32
2.81534, 508.43, 218.014
7.30792, 166.375, 614.703
3.75349, 698.485, -287.259
6.85376, -557.375, -96.4544
2.85991, -694.833, 197.843
2.70653, -418.789, 495.466
3.46378, 280.225, -470.04
3.86708, -259.076, 307.21
7.4007, -706.582, -340.817
3.60607, 310.281, -447.346
6.43119, -745.975, 621.727
4.42306, 198.93, -320.065
3.78593, 341.546, -597.409
3.91087, -680.678, 221.124
7.33834, 587.715, -15.5553
4.22841, 456.2, 121.861
3.45922, -640.961, 559.499
5.05037, -527.926, -226.946
5.21857, -412.122, 658.033
5.72333, -647.429, -533.61
3.89738, -79.7665, 590.797
3.41887, -281.806, -466.242
2.71579, -718.311, 217.352
3.98408, -506.025, -215.482
4.25548, -201.9, 124.218
7.09372, -472.038, 543.971
5.81225, 449.865, -269.051
5.08041, 644.545, 552.706
4.03763, 396.428, 413.287
3.0007, -160.455, 111.79
3.47502, 295.928, -678.269
4.11407, 145.202, -165.549
5.56182, 681.724, 107.534
5.13511, 762.106, -728.059
3.45653, 340.381, 256.094
4.7178, -592.587, -514.153
4.48693, -420.111, 633.173
6.28051, -577.048, 671.048
6.6213, 638.098, 537.66
5.51573, 10.1602, -302.712
3.04573, 348.799, -590.255
4.11797, 352.405, -171.055
5.03403, 117.656, 250.249
4.76521, -417.045, 627.946
4.77315, -98.1306, -437.465
4.91125, 778.135, 760.39
5.07896, 350.813, -565.414
4.50207, 105.871, 675.397
4.22945, 607.848, 321.694
6.64533, 698.247, -131.797
3.02204, -579.125, -499.824
6.40057, 402.384, 434.286
3.19919, -238.36, -195.465
2.62171, -625.767, -552.888
6.0664, 366.643, -558.46
7.15538, 70.9347, -605.091
7.47667, 310.174, 92.0611
3.86264, -678.317, 242.857
3.6923, -431.448, -222.952
3.87328, 586.448, 522.646
5.70836, -672.417, -539.945
5.17637, 260.205, 102.38
6.8967, 653.734, -322.801
6.75968, -619.87, -521.935
2.98004, 573.652, 0.539958
4.66818, -702.696, 215.138
3.17045, 3.679, -576.42
5.86802, -130.985, 213.381
5.34964, -97.3381, -375.995
3.66474, -419.955, 692.472
5.50306, 256.972, -496.475
2.6551, -485.49, -55.8583
7.08512, 403.831, -264.039
3.82958, 732.238, -148.676
6.50016, -140.362, -401.527
5.46389, 28.5053, -614.289
5.0822, 284.844, 409.31
5.2567, 281.544, 393.827
3.47225, 398.267, -171.268
5.36152, 95.3275, -704.045
3.81992, 233.872, 297.032
4.41648, -723.203, 486.407
2.73626, -587.491, -611.044
4.22823, 465.302, -593.896
3.61594, 515.467, -386.995
3.81264, -89.9729, -601.297
3.05141, -356.784, -462.012
7.40088, -605.942, -93.691
5.93794, 654.545, 517.231
5.82158, -528.501, -230.671
5.99501, -649.921, -529.128
2.68746, -623.01, -512.194
3.6706, -646.847, -493.473
3.95397, 682.942, 539.158
3.50543, 97.6776, -128.066
2.7177, 325.484, 134.53
2.56571, -351.468, 656.187
6.07297, -472.465, 621.626
6.88348, -592.546, -551.781
5.35088, -672.848, 358.668
6.92743, 788.801, 736.258
5.20042, -405.333, -215.529
3.31357, 816.31, -732.516
3.30492, 829.048, 436.728
7.19182, 283.946, 209.931
3.45628, 521.301, -627.525
3.15761, 107.675, -171.444
4.41122, -183.615, -87.638
6.12674, 219.91, -81.2345
2.50651, 592.806, 712.829
4.60222, -33.3871, 646.162
5.18984, 217.64, -35.9257
4.86596, -173.389, 228.731
6.33003, 595.292, 711.359
2.9396, 500.954, -416.758
7.04284, 226.221, 245.701
3.20818, -606.146, -547.273
2.54782, 246.713, 14.1735
2.82267, 343.856, 362.854
4.96742, 324.42, 132.288
5.40914, 494.891, 746.862
4.03373, -682.611, 521.492
4.57091, 685.768, -65.551
4.33401, -642.62, -515.901
3.42687, 106.078, 550.347
2.76788, 496.278, 123.102
4.47222, 408.352, -68.9412
3.98388, -297.353, -216.378
5.05388, -394.747, 610.445
3.75392, -712.713, 211.287
5.01589, 765.811, 758.458
2.51168, -93.4788, 595.681
7.01807, 774.659, -399.392
2.79181, -773.861, -722.716
5.17506, -430.51, 628.377
3.95754, -388.63, 649.041
7.3023, -638.391, -209.614
4.73406, 275.907, 37.4438
5.08479, 685.601, 225.107
5.93861, -250.253, -64.593
2.72187, -132.714, -58.1315
7.2946, -681.404, 510.718
5.70852, 300.146, 210.32
2.80215, 274.09, -605.507
3.33964, 224.186, 282.422
5.76491, 371.04, -101.295
6.19864, -716.038, 215.661
3.57011, 705.172, 206.136
4.31441, 49.124, -592.26
6.56981, -565.727, 735.184
5.32057, 695.22, -367.226
7.45886, -25.9761, -576.524
6.5669, -643.345, 189.7
3.49157, -732.895, 9.72463
2.50003, -31.7478, -587.911
4.62608, 783.714, -678.993
4.07406, 694.57, 223.102
5.56218, 548.397, -730.979
3.83351, -161.037, -503.331
4.39881, -583.618, -18.2028
5.43397, 695.323, 169.977
5.95636, -195.333, -480.261
7.26736, -264.299, -494.284
4.89785, -322.219, -701.036
3.60319, 345.337, -612.956
5.33741, -630.006, -571.044
6.09873, 301.024, 82.8758
4.4953, -459.54, 577.4
3.48326, -593.088, 746.542
6.66971, -638.614, -494.426
5.59561, -443.601, -687.535
7.26866, -211.753, 74.1421
3.23222, 49.1452, -145.82
5.38953, -193.704, -429.794
7.26796, -456.194, 552.823
3.62331, 712.809, -776.442
7.25137, -465.609, 626.84
3.07874, 691.945, -450.024
2.58372, 47.3574, -179.65
3.90465, -278.344, -172.444
7.15042, 498.655, 124.36
3.04796, 740.541, 719.392
6.77266, 35.0857, 542.801
5.68532, -557.035, -529.912
5.63853, 338.944, -590.625
3.80589, 683.713, 542.056
5.13936, -674.169, 146.846
7.16608, -230.537, 691.964
3.98055, 653.756, 47.4315
4.78006, 214.398, 295.229
6.35659, -648.606, -481.884
4.17193, 300.397, 102.152
6.31775, 125.103, -638.112
6.65892, -107.906, 656.82
2.64618, -733.492, 500.618
4.31315, 604.015, -211.796
4.16221, 315.052, 397.529
3.17675, -450.048, -160.004
3.00839, -224.997, 620.472
5.11327, -490.371, 733.411
3.52046, -31.3422, -394.878
5.00728, -592.527, -554.264
5.1371, -8.15319, 683.749
4.13422, -251.803, -142.469
4.75888, 270.58, -302.256
6.85263, -59.634, 632.214
4.72884, 524.146, 649.802
6.03726, -570.393, -522.986
6.83171, 741.449, -645.98
6.5822, 717.073, 243.123
2.67504, 752.551, 786.121
3.8644, -511.886, -280.537
5.21858, -283.618, -455.581
3.19942, -556.449, -562.214
5.57408, -647.112, -648.906
3.29182, -630.316, -610.955
4.41129, 192.696, 192.845
5.94997, -117.833, 150.021
3.21128, -338.908, 366.195
5.65284, -742.434, 656.636
3.15973, 125.134, 689.834
7.13583, -711.695, 238.927
5.53465, -688.093, 642.12
5.50388, -691.471, 208.048
3.33635, 439.831, -397.999
3.301, -584.57, -485.489
5.91628, 547.321, 23.5189
5.1456, -570.587, -83.1666
3.65264, -40.3732, 633.558
6.55373, -423.808, -107.366
5.76477, -328.243, -439.544
4.08597, -680.016, -558.601
2.53953, -216.435, -593.497
3.49176, 649.083, 545.578
3.78831, 112.967, 332.848
3.03825, 600.086, -106.517
3.49545, 72.0895, -156.95
6.75079, 844.615, -608.494
6.63912, -681.448, 236.364
6.76813, -638.647, -570.963
5.71027, 162.365, 564.726
3.6787, 704.062, -778.43
6.80638, -572.837, -555.246
5.4745, 134.09, -202.749
2.52745, 437.628, -54.7767
6.84925, -639.812, -539.466
7.37729, 496.804, 121.095
5.59653, 241.121, -63.2511
3.85574, -692.188, 101.977
7.46973, -131.092, -383.443
4.60751, -680.396, -534.582
4.20537, -588.204, -538.523
4.80717, 236.124, -145.629
4.44822, 188.494, -351.736
4.613, 117.789, 547.851
2.84879, 234.401, 331.636
5.5153, 67.2969, -195.044
7.36114, -89.0922, 99.1603
5.07406, -617.985, -542.915
7.45461, 629.632, -112.023
5.84906, 452.801, -74.4757
4.01716, -578.811, -61.6787
3.47371, 642.072, 558.935
4.0109, -643.085, -645.93
4.93946, -387.12, 473.79
4.72438, 495.224, 746.682
5.7844, 355.337, -560.098
3.74227, -576.963, -505.429
4.72007, 70.9733, 479.764
5.75894, -587.966, -78.8049
6.67472, -703.483, 213.171
6.03698, 130.195, 701.898
4.93928, -586.339, -520.447
6.72039, 341.818, -95.916
7.00296, -535.667, -250.475
6.33082, -611.967, -554.123
5.29453, 552.765, 795.317
2.70603, 64.3644, 69.0585
5.46749, 531.466, 126.635
2.68674, -437.798, 611.005
4.53488, 169.52, 360.66
2.84243, -761.521, -814.931
7.38558, -628.889, -645.565
2.5956, -526.831, -231.496
6.60363, -225.2, -168.29
5.2195, -387.157, 642.21
5.72828, 646.385, -284.132
3.62934, -223.583, -37.6956
2.733, 749.206, -646.589
3.63154, 269.805, -522.169
4.58371, -650.673, 109.52
6.40126, 220.724, -532.994
3.72852, -707.748, 214.825
4.81411, 496.84, 99.2886
6.14756, 664.049, 128.277
5.35237, -390.197, 648.172
5.45997, 767.194, 771.302
4.98425, -650.138, 152.998
3.951, 266.843, 108.987
4.71107, 56.5504, -218.867
2.53669, 740.676, -557.302
7.41683, 447.944, -258.018
2.52822, -738.141, -153.788
4.8676, -14.9453, 590.413
5.86497, -198.581, -260.164
