6.27803, -619.05, -475.089
3.5948, 162.955, -178.123
5.89648, 338.88, -588.442
5.09708, -231.115, 655.7
2.76731, -739.924, 636.328
2.53849, 250.475, -42.5424
4.58743, -607.065, -217.855
7.15218, 240.535, 327.595
2.95982, 70.1125, 486.668
6.00595, -169.483, 176.761
3.81226, 553.748, 663.778
4.14117, 421.859, -639.951
7.45519, 292.643, 175.73
7.41275, -534.258, -240.657
5.75759, 264.114, 342.238
6.92354, 215.488, -598.597
6.33247, -106.393, -375.7
3.87453, -556.171, -120.24
4.93259, -473.886, -196.494
2.80282, 721.919, 776.285
5.08146, -73.8291, 589.539
4.96988, 669.295, -449.96
7.23882, -601.782, -476.992
4.42071, -35.6748, -573.893
5.14874, 707.477, -413.763
2.75042, 678.017, 14.6843
6.63909, 405.509, 409.156
5.94228, -590.705, -514.91
6.18112, 215.067, 633.346
6.94286, 706.926, 448.734
4.25508, -297.575, -439.284
6.72991, 262.939, 19.8364
3.84659, 468.204, -82.1867
4.83959, 27.6716, -174.598
3.2686, -629.243, -545.998
2.66527, 488.398, 131.447
7.2768, 75.4965, 56.493
6.95369, 170.167, 346.046
3.29884, 482.384, 105.287
3.15214, 338.34, -518.683
2.515, -443.593, -657.57
6.0491, -598.62, -198.567
3.40448, -411.1, 611.532
5.76029, 631.356, -280.393
4.42907, 332.582, -581.955
3.23766, 69.5535, -214.55
5.45054, 519.032, 3.96271
3.24076, 88.7613, 640.137
3.2091, -141.728, 647.311
4.94257, -375.077, -10.2119
3.13015, 657.828, -59.1799
5.64635, -261.419, -434.279
5.60817, 260.724, -434.67
4.88216, -459.139, 587.583
2.64188, -380.665, -133.954
3.21011, 102.118, 585.185
3.15594, -189.02, 696.482
3.31099, -727.09, 614.376
3.76529, -141.361, -546.653
4.77654, 409.712, -642.883
6.54472, -14.0926, -201.564
3.57624, 220.557, 614.896
3.75063, 615.089, 334.77
5.02978, -32.9494, 629.987
6.27922, 473.159, 99.7564
5.66369, 630.094, -48.6996
5.9449, 501.962, -73.7439
7.27207, 684.45, 439.382
5.18713, -449.77, 552.311
4.57014, -525.894, -125.718
4.70019, 428.873, 117.697
6.07821, 576.71, 405.198
6.20858, 251.276, 326.004
5.12494, 692.614, -747.523
6.06711, -580.744, -172.177
5.91025, 275.245, 25.1642
6.82941, 708.15, -422.48
3.19597, -109.014, 577.214
3.57766, 705.633, -134.858
5.0733, -234.804, -182.714
4.83766, 73.0033, 517.56
3.55759, -238.862, 597.837
5.65244, -572.432, 719.926
2.5044, -679.051, 259.702
4.09589, 284.246, 392.46
5.90281, 301.904, 19.2011
6.0446, 508.629, -427.627
2.90869, -691.244, 511.679
3.56926, 322.398, 386.19
4.44412, -607.825, -597.679
4.44927, 691.941, 705.283
3.92018, 250.674, -444.877
4.6123, 450.678, 402.955
2.55658, -618.168, -522.174
3.72027, 772.289, -663.155
4.49072, -654.82, 524.646
6.64177, -724.267, 235.497
3.78584, 765.876, -690.082
3.59705, -636.344, -542.85
6.47385, 293.401, 358.381
5.8476, 316.677, 321.804
5.49108, -626.968, 248.674
5.99917, -266.399, -422.54
5.13062, 441.673, -630.897
4.14833, 315.602, 139.187
3.30844, -819.309, 221.332
6.56633, 492.164, -39.0762
4.08004, 220.098, 148.143
4.05369, -58.8441, -532.196
4.65424, 7.07684, 36.6743
4.46509, -155.473, -568.301
4.43916, -4.79469, -175.763
4.34871, -505.432, -425.017
5.88118, 247.092, -445.617
6.10384, 227.669, -1.77007
7.20082, 5.12118, 644.531
5.08573, -210.565, -409.409
5.5282, -150.727, 204.599
5.85049, -563.653, 724.285
5.11404, 80.7176, -132.604
3.87105, -674.093, 562.948
7.08924, 243.21, 305.242
3.73367, 708.411, -445.128
4.77876, 258.026, 327.758
3.30374, -705.465, 611.252
4.68319, 163.546, 252.851
7.45767, 275.975, 144.769
6.26931, -321.376, 388.487
4.97846, -566.459, -502.026
7.01651, -627.098, -475.421
4.68213, 433.106, 419.101
5.09239, 96.0974, -574.074
4.44866, 152.872, -533.072
5.63431, -174.234, -324.208
5.19331, 298.672, 129.411
4.35955, 465.523, -434.045
2.54674, -239.486, 254.371
6.3794, 27.233, -578.538
2.85317, -579.555, -542.761
3.98511, 333.275, -575.169
4.78581, -45.8109, -563.707
3.25156, -94.5429, -45.0182
5.97819, 495.426, -385.668
4.15587, 284.25, 139.71
5.21197, 749.952, -705.402
2.64678, 642.798, -787.746
5.38086, 94.5255, -149.804
5.18133, 232.179, 294.375
7.36678, -627.346, -600.339
5.57063, -239.567, -435.789
5.26431, -696.264, 213.552
6.69051, -219.311, 670.685
3.75764, -480.391, 590.323
6.98957, 469.682, -73.0018
5.97428, 476.949, -398.126
5.82752, -417.299, -122.616
3.06838, -647.554, -517.197
3.37987, -635.475, 249.995
2.91253, -77.3487, 101.902
6.68103, -93.4248, 262.038
2.64818, 681.715, -694.756
6.34719, -19.6275, -561.382
4.29829, -421.595, 592.04
6.24626, 62.3955, 471.282
6.28385, 297.63, 71.4083
3.60834, -434.16, -620.494
5.58305, 324.409, 112.055
3.66846, -341.031, -144.521
6.22052, -720.809, 243.481
5.80997, -582.66, -506.513
4.9209, 737.53, -642.447
2.58972, 671.257, 76.0949
4.98291, 253.72, 126.149
5.09587, 110.424, -563.058
4.71395, -677.778, 346.339
4.14528, -51.1833, 650.286
3.52671, 372.093, -73.5785
7.19863, -130.281, -417.057
2.85168, -498.627, 639.384
3.30042, 43.7358, -588.606
6.70788, -541.014, -95.2187
4.13614, -219.436, -166.821
6.85942, 206.792, 289.281
5.99896, 568.968, 514.316
5.52801, 651.998, -122.554
4.77536, 97.1489, -183.389
2.91543, -409.475, -218.438
3.94883, 38.2321, -108.654
6.51009, -651.12, -453.722
6.81821, 254.886, -5.98428
3.81831, 285.129, -478.526
4.79881, -619.051, -167.468
4.95672, 469.794, -406.24
5.82344, -446.186, -619.168
7.31738, -484.962, -232.984
7.23022, 450.617, -639.522
2.81902, 262.823, -476.929
5.04829, -455.455, -239.598
6.13222, 698.885, 418.748
5.65882, 385.867, -183.164
3.26658, -755.535, -746.771
5.09652, -671.344, 345.448
3.52281, -388.569, 533.796
6.03231, 387.526, -650.796
6.05786, -376.478, -148.136
3.66304, -321.217, -162.465
6.80594, 128.971, -266.154
2.67122, 0.204877, 648.948
6.26587, -647.975, 237.383
4.14789, 482.225, 126.527
4.65309, -103.106, -352.5
7.33455, 630.929, -82.5066
4.05803, 611.045, 520.865
5.69762, 693.54, -521.999
5.95386, 647.191, -58.7492
5.36403, 19.0908, 535.288
6.60667, 732.261, -599.202
4.21807, -576.009, -505.909
5.09387, -610.597, -474.075
6.78438, 87.1797, -636.7
6.18587, 269.518, 70.6584
3.45992, -667.261, 130.94
2.83145, -296.259, 283.567
3.60828, 729.356, -631.681
3.33656, -17.6668, -121.734
6.31172, 328.763, -590.661
5.44905, -668.322, 175.078
4.65223, 770.1, 728.299
7.09618, 545.757, 8.01405
5.09668, 314.275, 162.822
7.38058, -571.677, -38.3274
5.15714, -370.209, 9.21307
2.98716, 342.185, 107.659
5.83983, 283.41, 123.802
5.44444, 285.969, 0.219238
5.01137, -523.183, -143.645
2.75808, -659.425, 149.439
2.6753, -108.265, -216.558
4.41484, -628.99, -533.362
5.55555, 331.305, 115.747
5.06574, 597.143, 691.18
5.98498, 233.96, 46.0646
4.89891, -15.5375, -96.3444
3.88323, 112.017, 392.311
6.01685, -371.121, 80.1236
3.67701, 675.017, -60.6884
6.41501, -42.0116, -161.266
6.60589, 199.855, 576.522
3.21842, -421.287, -61.9922
5.75757, -417.88, 582.909
3.87677, 831.115, -658.739
7.26215, -439.317, 562.413
4.58238, -547.314, -75.826
3.03869, -133.516, 187.386
4.70633, -706.559, 482.412
6.28811, -392.375, -180.833
2.77803, -426.05, -192.4
3.51241, -9.90228, 39.864
6.82305, 748.131, -627.548
6.52456, -164.306, -78.1272
2.78861, -607.727, -542.509
4.40304, -80.0354, -559.651
4.56124, 32.1952, 576.095
2.80071, -211.778, 254.213
7.09746, 587.371, 533.377
3.35398, 564.756, 664.483
6.51634, -645.337, 216.787
3.88599, 547.068, -1.25846
4.44586, 127.576, 691.468
7.19936, 13.6225, 634.213
6.24573, 24.4474, -180.815
3.44774, -435.221, 580.617
6.89581, 245.02, 359.679
6.8953, 326.864, -652.733
3.30515, -622.287, -225.427
5.87346, -548.959, -196.747
6.89096, 432.01, 111.232
6.98262, 309.076, 389.848
3.06535, -82.9192, 574.738
5.93789, -193.536, -250.797
3.21651, -561.587, -456.541
3.6901, 235.024, 43.3507
5.64383, 668.093, -118.433
4.312, 615.909, 333.008
4.64437, 691.668, 488.588
4.91936, -34.1003, -577.253
6.20379, 71.8073, -173.414
3.23098, -486.118, 514.88
7.36238, -561.592, -498.131
7.3158, -526.318, -249.869
3.14741, -323.943, 630.708
5.3784, -142.055, -401.182
4.66439, 67.4705, -185.328
5.50066, -233.452, -192.234
5.85098, -542.359, -131.678
4.5137, 438.656, 756.835
6.46691, 664.353, 491.876
4.89889, -587.882, -184.4
5.72449, 297.438, 131.215
4.28836, -237.3, 619.453
5.96794, -196.917, -228.637
5.83428, -434.442, -535.436
3.22071, -474.486, 575.046
7.10415, -666.591, 233.789
4.22228, -9.26449, -179.88
6.66824, -273.901, -459.142
2.74349, 311.084, -506.894
3.27936, -263.3, -114.214
2.55765, 286.678, 393.029
3.94327, 23.807, 538.038
5.07295, -266.245, -178.474
3.65948, 609.431, 427.715
2.75022, -216.622, -29.9489
5.33091, -590.642, -479.211
6.69774, 38.2762, 614.487
4.28763, -594.837, -547.365
4.3452, 142.993, 689.003
7.22226, 233.39, 36.8125
4.72425, -563.723, -200.59
6.82086, 285.83, 229.409
5.82654, -567.181, -463.724
5.79297, 112.496, 537.403
7.10736, -795.371, 762.236
5.11536, 758.787, -683.913
5.45229, 348.677, -417.848
5.79944, 638.596, 553.936
4.24765, 280.24, 392.358
4.11714, 248.377, 8.00895
7.08984, -12.1196, 616.133
3.08619, 639.605, -544.438
7.31268, 512.115, -46.6631
5.17978, 71.9091, -209.588
5.81447, 642.608, 497.641
5.48362, 682.186, -461.169
6.93363, -530.304, -577.403
6.67999, -626.501, -490.821
6.69339, 325.262, 113.335
6.85642, -135.934, 211.082
2.5002, -693.401, 203.916
4.77274, 373.616, 164.252
4.25696, -654.948, 221.72
5.80713, -214.924, 589.78
6.22234, -677.578, 237.202
3.3821, -88.8458, -423.837
7.4621, 722.781, -626.945
5.95466, -644.088, 218.937
6.97862, 319.629, 54.9163
3.51579, 305.663, 89.0981
7.2356, -425.972, -229.625
4.88476, 715.403, -448.544
6.78578, 696.742, -561.828
6.41237, -564.073, -508.847
5.70687, 765.396, -646.558
3.14521, -717.881, 200.46
5.77944, -93.1263, 601.787
3.09199, 78.6657, -91.9838
3.88793, 204.92, 636.593
6.65548, -240.349, -197.328
6.14153, -607.166, -498.296
6.74348, -724.136, 189.047
3.43989, -638.121, -597.058
6.09602, 420.118, -288.62
4.25586, 279.448, 246.317
3.34555, -458.617, -535.031
4.52383, 143.655, -572.702
4.20924, 147.167, 655.165
6.67141, 300.238, 23.0529
3.9111, 643.809, 515.011
5.16766, -630.635, -535.886
6.25085, 754.829, -700.396
4.62554, -625.975, -483.828
4.66964, -431.144, 627.668
3.03022, 734.112, -799.071
6.4639, -142.587, -419.267
3.91232, -590.198, -565.896
7.14264, -313.706, -168.42
5.37926, 312.821, 395.44
3.4895, 632.48, -283.816
5.99081, 320.048, -569.065
3.07265, 333.683, -563.265
4.22945, 220.011, 620.465
4.15646, -514.478, -238.295
6.42735, 728.611, -638.8
6.65775, 379.234, -104.612
4.21712, -669.489, 639.017
4.2603, -223.632, 649.134
6.38197, 16.5637, -587.797
6.58658, -60.3379, 596.096
4.26157, -241.993, 161.98
7.09559, -405.252, -192.701
3.2877, 295.138, 102.36
5.56029, -464.213, 556.785
5.54222, -474.853, 577.013
3.16647, -151.141, -500.899
3.51409, -644.976, -552.073
4.79457, -639.925, 561.286
3.48759, -424.191, 565.392
6.77118, -642.398, 222.486
6.54562, -524.138, -472.389
2.80131, -669.368, 594.968
6.50584, -647.72, 532.58
5.49597, -126.638, -380.803
7.43182, -659.91, 221.837
2.65919, 9.39538, 590.162
6.8356, 749.362, -634.03
3.69109, 487.708, 229.327
3.6127, 230.638, 285.631
4.73907, -566.251, -510.856
2.61231, 729.359, 10.103
6.79755, -220.024, -33.234
4.15902, 306.993, 313.966
5.72195, 269.879, 200.459
7.43521, -587.86, -478.828
5.30162, 261.296, -479.738
4.74553, -584.034, -155.702
5.213, 9.40306, -592.648
2.90797, 608.089, -134.188
3.99606, -625.682, -226.536
6.63964, 635.932, 541.85
6.48936, 443.618, 746.233
5.71048, -17.6857, 672.141
4.84105, 458.542, 179.004
7.15326, -95.7091, -422.002
5.08798, -226.641, -33.1068
7.42924, 708.949, -395.66
5.94567, 3.79939, -573.246
6.19966, -111.76, -374.757
3.46323, -449.78, -632.08
6.08881, -421.035, 603.026
6.11146, 511.815, -101.649
6.49298, 302.888, 112.576
4.23216, 228.789, -701.591
5.1481, 56.5966, -188.71
3.19001, 586.686, -198.879
6.73218, -232.061, -190.657
6.32766, 14.2646, -518.572
7.5, 647.709, -531.501
4.24891, 483.625, 735.868
5.50367, -426.207, 699.452
3.50808, -398.554, -20.9682
6.2385, 67.1168, 57.6195
6.49225, 676.527, 166.422
3.03505, -659.951, 151.548
5.35813, -379.039, -28.5067
2.84683, 255.875, -280.137
4.16036, 720.696, 542.959
5.80945, 345.141, -582.827
5.27726, -16.2782, -171.242
7.12415, 263.877, -5.63338
2.69832, -381.332, -13.2421
2.62083, -204.67, 77.1542
4.61923, 272.673, -457.031
4.36987, 236.857, 76.1511
2.93303, -226.755, -170.42
3.05403, -53.835, 135.07
5.31992, 280.767, -377.444
7.37269, -70.3711, 618.397
3.05066, -13.3715, -559.738
5.99352, 128.97, 595.386
2.79674, -26.3926, -574.941
4.69755, 661.68, -62.9224
5.24651, 740.305, 620.527
3.45129, 537.989, -613.201
7.36597, 276.17, 184.917
3.19593, -546.066, -92.2517
5.48978, 715.265, -448.385
7.12812, -718.559, 624.013
3.91116, 0.107981, 643.162
6.8307, -119.623, -127.842
6.29598, -45.988, -350.356
6.10793, 273.924, 327.343
3.34241, -247.758, 250.627
3.32882, 698.098, 325.377
3.39076, -626.061, -655.224
5.87226, 304.754, -454.231
4.83484, -100.652, -214.94
6.85219, -603.341, -377.086
5.76023, -536.069, -123.381
5.80464, 784.423, 732.549
2.58037, -584.722, -485.913
4.30596, -530.075, -503.741
3.72747, 631.64, 108.798
6.93086, -744.768, -710.748
5.23701, 722.007, 769.605
6.57209, 10.6672, -597.592
5.24453, 134.563, 605.561
4.16156, 389.236, -30.6509
4.40213, -52.4445, -581.073
2.52389, 607.071, 536.774
6.95226, -161.882, -418.015
6.16955, -417.97, 590.003
6.04239, 9.85933, 606.506
5.1278, 45.6488, -160.933
6.41065, -6.75041, -547.745
3.42484, -363.155, -387.857
5.72673, 228.225, 343.943
3.42178, -419.515, -209.84
3.31214, 80.9299, -217.441
2.65594, -221.566, 639.343
7.42716, 26.2629, -574.808
4.04559, -251.96, -414.589
4.11075, -410.217, -228.475
5.51155, 206.896, -52.4564
2.89107, -272.317, -663.915
3.93936, 68.9292, 44.9251
5.79307, -157.855, -400.655
7.36348, -655.935, -358.04
7.27758, -365.753, -555.554
7.42745, -501.973, -216.095
7.30478, -547.015, -550.167
3.0073, -393.024, 614.368
3.71505, -115.566, -374.228
6.91151, 73.4568, -141.11
5.28805, 267.744, 395.255
6.7669, 570.42, 535.01
7.49145, -439.146, 583.538
3.99751, -148.332, -562.361
6.33157, 705.947, 458.956
4.81901, 217.358, -56.1961
6.8168, -607.837, -478.038
6.99018, 629.667, -54.8457
7.377, 183.764, -331.517
2.77405, 423.939, 121.235
6.32605, 735.162, -712.618
5.09219, -696.445, 588.904
3.46574, 648.753, -137.214
6.98252, 277.666, -529.465
6.38492, -692.568, 235.508
2.75968, 321.835, 437.33
7.47331, -742.625, 655.297
5.93659, -177.981, -441.366
5.94854, 714.866, 432.078
6.57666, -389.489, 600.029
7.05426, -174.54, -410.903
3.34218, -140.832, 207.885
5.24183, -388.537, 623.729
6.53351, -336.275, -153.027
4.17803, 246.2, -447.787
5.53435, -94.5908, -40.0452
6.59602, -610.05, 158.172
7.3485, 79.5895, -196.797
6.29349, 596.807, 460.189
3.72113, -124.032, -126.795
5.80589, -572.098, 290.654
4.21574, -529.349, -241.385
7.27146, 268.066, -313.231
2.60828, 556.778, 602.47
4.54979, -795.926, 782.685
2.55789, 452.298, -575.711
3.04964, 638.308, 244.884
5.28259, -666.275, 252.438
4.45466, 29.4041, -142.195
7.20539, -15.9887, -182.248
2.55572, 216.291, 353.111
6.22897, -87.7741, -353.886
3.84293, 280.504, 57.1347
4.27153, -633.884, -472.621
3.45835, -314.503, 667.76
5.14832, 221.245, 153.582
4.39478, -36.9315, -552.4
3.16407, -94.4369, -571.645
4.26563, -153.547, -400.928
4.2497, 750.699, 691.728
7.41084, 467.422, -58.6849
5.25961, 37.4003, -149.437
4.99918, 31.5119, -576.647
3.58531, -679.928, 202.729
4.37311, -70.3926, -366.524
6.78251, -612.883, -563.578
6.45578, 727.958, -381.797
3.9204, -497.175, 640.188
5.07645, 253.259, 237.982
6.79238, -225.534, -69.8172
7.07844, -566.333, -281.42
7.48941, 84.7726, 625.445
6.53177, -18.3784, -184.241
5.22718, -623.668, -228.139
7.3461, -1.77618, -571.744
5.31931, -544.699, 321.075
4.03031, -448.552, 616.916
5.41853, 709.281, 696.133
2.91197, 70.2132, -228.68
5.47382, 267.004, 363.513
3.31968, -595.346, -519.217
6.46527, -600.118, -546.952
2.95373, 670.024, 514.163
6.3072, -527.53, -575.748
6.83996, -174.149, -35.7317
6.40105, 47.953, -374.578
6.61399, 660.779, 666.657
6.70974, 244.047, 411.436
4.48328, 177.406, 90.1449
6.508, -82.2097, 104.406
6.56811, 248.215, 17.2271
5.43493, -374.538, 3.28288
4.64621, 619.127, -44.5463
2.5002, -142.992, -381.044
5.31153, -687.06, 204.419
6.22632, 294.216, 148.435
3.89846, 679.298, 199.852
2.93406, -667.508, 510.973
3.5733, 733.685, -629.804
3.93296, -484.15, 659.824
4.86595, -391.693, 432.795
6.95893, 700.483, 703.937
5.91955, 425.438, -399.919
3.54376, 71.488, -222.15
6.67533, 705.803, -94.7347
7.09218, 751.492, 752.38
4.48244, -553.112, -592.876
6.37858, 413.128, 404.305
5.68161, -43.4907, -87.1278
6.64746, 303.521, 160.033
3.40204, 503.576, -411.53
7.45927, 450.564, -605.626
6.70558, 0.701639, -564.743
4.65177, 669.42, 222.192
4.38589, 471.948, 760.707
2.70802, 402.932, -393.166
6.80715, -537.333, -442.291
6.62116, 747.312, -690.247
6.25052, -108.576, 598.106
3.55801, -236.367, 685.014
4.31029, -642.01, -177.708
4.43545, -642.83, -498.863
7.32918, 618.905, 539.451
6.5872, -7.41018, 593.857
4.5755, 10.5245, 375.394
5.83759, 338.612, 96.3993
2.52101, 484.919, 747.995
6.98048, -715.527, 237.798
3.68416, -245.213, 252.268
3.79415, 247.206, -232.461
5.4939, 340.311, -573.833
6.89823, -691.733, 181.529
6.16299, -670.121, -521.908
6.0773, 613.724, 522.253
3.57724, -415.418, 593.316
6.30413, 683.628, -758.779
3.85351, -147.239, -392.289
2.75246, 429.572, 137.019
4.78866, 291.394, 132.335
2.58759, 439.914, -547.09
3.01129, 67.3439, -173.477
2.639, -239.903, 156.223
5.65921, -259.667, -424.711
6.34425, 98.1683, -171.861
2.74132, 468.256, -551.822
6.6924, -50.374, -606.079
6.76899, -212.276, -181.078
6.57649, -440.554, 556.576
6.85188, 689.563, 340.229
5.27222, -488.808, -239.088
6.12646, -207.936, -40.1819
3.20424, -481.112, 594.162
6.6115, 413.752, -400.413
5.51185, 427.773, -66.4774
4.93856, 423.074, -637.612
6.14942, -142.87, 621.724
4.05164, 783.699, -657.322
3.93925, -630.18, 206.708
5.45857, -731.837, 622.781
5.34055, 520.101, 624.982
5.41059, -532.66, -545.55
2.84132, -771.37, 203.62
4.34304, 41.0793, -150.073
6.28475, -584.836, -486.291
6.35297, -436.152, -641.608
4.27217, -415.427, -210.574
5.98913, 62.3675, 613.737
5.08005, -505.726, -215.259
5.94494, 251.011, 119.088
6.18066, -17.1717, 666.812
2.56231, -285.543, -433.563
7.16549, 458.259, -57.5242
5.37826, 348.718, 97.1591
3.05587, 494.824, 673.504
4.87388, -115.17, -61.8754
3.24247, 406.248, 186.764
4.22594, 264.351, 305.762
7.04476, -631.124, 244.758
4.54571, 66.2777, 464.105
5.96642, -606.847, -119.744
3.35865, 372.362, -556.567
6.21715, 684.972, -456.605
4.16319, -417.717, 640.687
4.62157, 439.504, 198.345
2.79523, -257.836, -47.0359
5.09005, 234.345, -63.7302
5.94425, 303.099, -456.046
5.01149, -226.92, -37.5273
6.56617, -104.715, -578.504
3.07974, 106.122, -627.978
5.24841, 267.464, 394.75
5.06046, 249.474, 14.321
6.02649, 718.879, 446.548
5.65083, -215.48, 669.977
4.0207, 26.5873, -559.934
6.74719, 293.915, 146.422
3.39619, 540.713, 31.1044
2.61737, -413.018, -102.591
4.19467, 484.282, -25.5278
3.43818, 298.121, 22.6577
6.60467, -200.127, 58.9643
6.72507, -579.004, -185.86
6.78031, 735.469, -640.507
7.37454, -704.896, 609.491
2.99587, 319.787, -427.042
2.56182, 622.566, 512.289
2.58614, 306.306, 315.674
2.64527, 309.234, 85.5346
4.1031, 40.714, -145.506
6.17815, 499.895, 222.835
3.14876, 226.311, 303.66
2.5161, -330.288, 353.71
6.91905, 4.28073, -577.016
3.70482, 276.707, -523.553
4.38481, -718.986, 615.479
4.44879, 426.328, 155.169
2.81534, 485.229, 196.387
7.30792, 165.172, 590.539
3.75349, 684.642, -280.168
6.85376, -545.081, -109.701
2.85991, -679.764, 183.801
2.70653, -406.052, 495.033
3.46378, 271.19, -461.825
3.86708, -248.856, 302.072
7.4007, -668.529, -344.055
3.60607, 299.427, -458.363
6.43119, -724.434, 582.837
4.42306, 191.342, -313.194
3.78593, 325.61, -564.398
3.91087, -632.071, 226.907
7.33834, 553.125, -13.7622
4.22841, 406.234, 115.252
3.45922, -623.395, 526.439
5.05037, -525.415, -196.329
5.21857, -415.984, 660.554
5.72333, -620.185, -543.27
3.89738, -83.454, 581.418
3.41887, -283.086, -440.055
2.71579, -690.796, 189.027
3.98408, -494.81, -225.466
4.25548, -186.404, 120.882
7.09372, -472.466, 524.06
5.81225, 440.381, -254.138
5.08041, 623.069, 547.548
4.03763, 385.669, 396.245
3.0007, -143.795, 102.153
3.47502, 295.239, -642.203
4.11407, 145.503, -155.859
5.56182, 649.661, 109.549
5.13511, 732.568, -682.482
3.45653, 334.959, 241.77
4.7178, -600.85, -541.355
4.48693, -399.674, 595.553
6.28051, -565.674, 654.225
6.6213, 615.658, 535.09
5.51573, 1.12375, -287.757
3.04573, 307.125, -574.069
4.11797, 341.708, -162.811
5.03403, 134.019, 243.501
4.76521, -399.705, 598.003
4.77315, -102.475, -406.936
4.91125, 750.006, 730
5.07896, 353.088, -543.335
4.50207, 97.6958, 648.521
4.22945, 575.38, 321.11
6.64533, 667.517, -113.667
3.02204, -609.256, -488.265
6.40057, 383.444, 410.26
3.19919, -232.787, -207.151
2.62171, -628.649, -559.811
6.0664, 351.139, -559.58
7.15538, 57.181, -580.666
7.47667, 299.48, 112.884
3.86264, -676.463, 265.518
3.6923, -432.231, -218.354
3.87328, 554.97, 519.759
5.70836, -641.797, -523.358
5.17637, 273.032, 92.5411
6.8967, 638.149, -320.86
6.75968, -630.126, -477.994
2.98004, 535.893, 11.0523
4.66818, -706.735, 239.48
3.17045, 29.9261, -524.063
5.86802, -130.278, 198.088
5.34964, -110.126, -381.412
3.66474, -430.429, 688.101
5.50306, 260.92, -479.308
2.6551, -461.371, -73.9725
7.08512, 385.212, -253.269
3.82958, 698.282, -140.967
6.50016, -156.682, -406.369
5.46389, 1.39165, -562.366
5.0822, 271.154, 363.033
5.2567, 282.096, 351.633
3.47225, 385.572, -163.118
5.36152, 89.2434, -690.788
3.81992, 246.53, 293.423
4.41648, -702.245, 475.854
2.73626, -577.759, -563.667
4.22823, 452.348, -577.267
3.61594, 494.092, -374.541
3.81264, -95.8111, -559.603
3.05141, -345.129, -461.88
7.40088, -576.279, -98.5387
5.93794, 648.133, 492.195
5.82158, -523.276, -196.872
5.99501, -624.086, -506.242
2.68746, -568.383, -497.373
3.6706, -646.027, -465.311
3.95397, 651.649, 535.98
3.50543, 96.0832, -127.652
2.7177, 311.98, 102.171
2.56571, -340.346, 654.818
6.07297, -447.385, 577.324
6.88348, -569.968, -512.11
5.35088, -649.022, 352.287
6.92743, 762.495, 724.501
5.20042, -422.961, -208.727
3.31357, 789.629, -726.619
3.30492, 804.645, 431.388
7.19182, 276.005, 178.266
3.45628, 516.351, -614.338
3.15761, 91.493, -172.142
4.41122, -177.08, -85.1346
6.12674, 221.644, -53.0764
2.50651, 593.947, 692.104
4.60222, -24.1463, 642.092
5.18984, 211.93, -10.6881
4.86596, -162.945, 228.411
6.33003, 592.108, 694.521
2.9396, 501.168, -410.176
7.04284, 238.241, 241.207
3.20818, -624.058, -578.625
2.54782, 256.12, 13.3973
2.82267, 356.627, 336.867
4.96742, 303.915, 95.3051
5.40914, 484.55, 723.217
4.03373, -649.666, 510.144
4.57091, 667.991, -58.7511
4.33401, -630.212, -548.983
3.42687, 95.6028, 535.19
2.76788, 478.309, 115.585
4.47222, 398.212, -64.9644
3.98388, -289.527, -215.327
5.05388, -425.485, 588.302
3.75392, -701.268, 214.072
5.01589, 758.294, 731.32
2.51168, -115.008, 607.252
7.01807, 770.434, -381.836
2.79181, -755.183, -707.39
5.17506, -387.217, 597.406
3.95754, -401.61, 605.625
7.3023, -605.141, -213.16
4.73406, 259.564, 39.0597
5.08479, 662.521, 233.667
5.93861, -246.732, -65.4893
2.72187, -127.534, -72.8233
7.2946, -674.048, 508.488
5.70852, 293.369, 211.645
2.80215, 251.713, -599.36
3.33964, 246.315, 295.481
5.76491, 359.773, -88.5837
6.19864, -672.921, 190.3
3.57011, 675.146, 212.742
4.31441, 4.49825, -590.566
6.56981, -555.578, 701.893
5.32057, 678.42, -355.835
7.45886, -15.1844, -575.895
6.5669, -590.769, 172.324
3.49157, -703.389, 13.3905
2.50003, -1.51682, -548.661
4.62608, 762.357, -667.438
4.07406, 679.976, 222.44
5.56218, 541.206, -707.293
3.83351, -164.351, -494.293
4.39881, -561.465, -8.92389
5.43397, 664.166, 159.925
5.95636, -195.148, -463.983
7.26736, -246.957, -474.033
4.89785, -322.954, -673.348
3.60319, 331.945, -605.025
5.33741, -635.455, -577.535
6.09873, 294.155, 71.0299
4.4953, -458.553, 586.589
3.48326, -574.473, 716.332
6.66971, -664.159, -484.594
5.59561, -439.681, -654.398
7.26866, -196.311, 52.0535
3.23222, 48.4247, -163.27
5.38953, -204.948, -440.748
7.26796, -436.913, 562.202
3.62331, 713.089, -752.86
7.25137, -461.102, 585.934
3.07874, 671.463, -467.643
2.58372, 71.9329, -173.666
3.90465, -265.734, -170.301
7.15042, 477.542, 97.7533
3.04796, 742.228, 701.721
6.77266, 41.6172, 533.295
5.68532, -583.709, -504.009
5.63853, 339.313, -577.745
3.80589, 653.101, 532.897
5.13936, -637.33, 162.858
7.16608, -240.774, 653.843
3.98055, 622.069, 42.4543
4.78006, 216.363, 296.724
6.35659, -635.511, -491.984
4.17193, 310.119, 79.2249
6.31775, 127.036, -599.777
6.65892, -110.551, 615.452
2.64618, -723.309, 487.212
4.31315, 595.408, -206.053
4.16221, 309.098, 396.904
3.17675, -440.175, -156.74
3.00839, -233.923, 618.218
5.11327, -470.05, 722.974
3.52046, -48.224, -378.185
5.00728, -569.223, -520.433
5.1371, 8.00197, 641.33
4.13422, -254.706, -144.155
4.75888, 267.788, -303.927
6.85263, -40.4404, 594.821
4.72884, 515.216, 628.581
6.03726, -616.705, -484.476
6.83171, 722.429, -622.029
6.5822, 687.065, 237.636
2.67504, 742.847, 772.167
3.8644, -488.426, -261.59
5.21858, -252.613, -451.688
3.19942, -506.771, -545.857
5.57408, -635.274, -589.148
3.29182, -634.652, -589.814
4.41129, 210.809, 189.941
5.94997, -113.984, 146.637
3.21128, -333.771, 350.947
5.65284, -735.142, 652.164
3.15973, 118.897, 676.393
7.13583, -721.456, 235.042
5.53465, -663.024, 621.965
5.50388, -682.384, 208.418
3.33635, 416.394, -385.333
3.301, -570.217, -534.756
5.91628, 540.275, 14.4477
5.1456, -554.725, -101.127
3.65264, -36.8871, 632.297
6.55373, -418.394, -113.935
5.76477, -319.987, -433.42
4.08597, -650.646, -552.179
2.53953, -207.119, -563.241
3.49176, 612.275, 563.277
3.78831, 130.701, 327.583
3.03825, 569.984, -119.961
3.49545, 42.695, -142.581
6.75079, 842.15, -591.171
6.63912, -646.809, 202.247
6.76813, -593.529, -543.794
5.71027, 139.522, 542.4
3.6787, 703.94, -753.779
6.80638, -606.031, -515.2
5.4745, 161.907, -186.972
2.52745, 428.284, -61.717
6.84925, -631.476, -536.196
7.37729, 467.656, 119.271
5.59653, 223.772, -69.1844
3.85574, -679.835, 84.0285
7.46973, -138.855, -371.037
4.60751, -680.295, -544.972
4.20537, -580.863, -519.166
4.80717, 228.417, -142.199
4.44822, 182.101, -351.068
4.613, 122.657, 559.924
2.84879, 260.082, 337.827
5.5153, 63.4814, -183.892
7.36114, -88.3837, 81.1261
5.07406, -606.413, -555.547
7.45461, 594.497, -100.067
5.84906, 444, -60.2957
4.01716, -571.551, -97.3991
3.47371, 627.386, 527.384
4.0109, -613.101, -612.397
4.93946, -389.053, 475.615
4.72438, 497.377, 720.743
5.7844, 336.451, -536.858
3.74227, -530.293, -503.031
4.72007, 86, 475.434
5.75894, -565.286, -85.9389
6.67472, -727.253, 249.589
6.03698, 128.362, 669.363
4.93928, -557.598, -512.588
6.72039, 338.153, -79.06
7.00296, -521.416, -249.792
6.33082, -587.065, -501.183
5.29453, 540.408, 776.23
2.70603, 69.2555, 42.6468
5.46749, 514.506, 114.595
2.68674, -399.523, 566.794
4.53488, 186.907, 342.443
2.84243, -743.216, -801.384
7.38558, -625.802, -603.955
2.5956, -512.167, -224.485
6.60363, -239.026, -160.96
5.2195, -405.6, 621.025
5.72828, 638.525, -292.827
3.62934, -210.585, -38.7353
2.733, 736.903, -649.202
3.63154, 280.697, -530.402
4.58371, -649.362, 113.943
6.40126, 225.234, -514.792
3.72852, -697.041, 193.481
4.81411, 479.601, 87.8072
6.14756, 637.267, 106.43
5.35237, -407.058, 620.367
5.45997, 743.693, 741.172
4.98425, -625.243, 161.599
3.951, 253.11, 80.7493
4.71107, 73.2279, -217.295
2.53669, 730.829, -568.66
7.41683, 435.003, -255.682
2.52822, -722.929, -142.246
4.8676, -10.7862, 596.349
5.86497, -186.722, -262.844
