6.27803, -467.861, -354.633
3.5948, 178.936, -133.645
5.89648, 284.918, -349.371
5.09708, -201.152, 484.39
2.76731, -523.761, 529.283
2.53849, 220.615, 84.775
4.58743, -382.482, -165.239
7.15218, 271.754, 216.405
2.95982, 103.344, 360.641
6.00595, -97.6288, 122.138
3.81226, 547.009, 544.43
4.14117, 356.844, -465.735
7.45519, 254.143, 147.403
7.41275, -450.334, -193.122
5.75759, 164.257, 208.117
6.92354, 216.955, -413.548
6.33247, -172.172, -260.661
3.87453, -409.369, -159.047
4.93259, -439.437, -199.335
2.80282, 620.921, 615.747
5.08146, -53.5476, 517.458
4.96988, 570.062, -412.193
7.23882, -478.011, -584.106
4.42071, -4.39929, -471.799
5.14874, 574.629, -427.581
2.75042, 539.963, -14.7975
6.63909, 276.476, 271.717
5.94228, -517.638, -476.959
6.18112, 89.6777, 485.774
6.94286, 519.094, 475.378
4.25508, -136.204, -385.43
6.72991, 259.431, 98.0127
3.84659, 394.416, 5.09766
4.83959, 75.8698, -189.802
3.2686, -493.883, -444.737
2.66527, 282.224, 119.797
7.2768, 137.763, -3.33149
6.95369, 327.173, 202.741
3.29884, 306.051, 92.5384
3.15214, 223.421, -488.286
2.515, -544.75, -434.176
6.0491, -390.092, -138.712
3.40448, -437.147, 444.068
5.76029, 558.583, -309.671
4.42907, 262.887, -441.455
3.23766, 134.507, -124.586
5.45054, 391.327, -54.959
3.24076, 26.0443, 449.103
3.2091, -25.3537, 455.459
4.94257, -349.945, -95.2888
3.13015, 497.208, -43.0294
5.64635, -134.399, -365.668
5.60817, 300.889, -372.525
4.88216, -373.594, 520.053
2.64188, -362.341, -176.588
3.21011, 207.867, 498.944
3.15594, -171.861, 498.981
3.31099, -588.096, 504.624
3.76529, -80.8307, -331.123
4.77654, 285.454, -453.658
6.54472, 35.3865, -112.629
3.57624, 98.0928, 494.545
3.75063, 506.567, 298.064
5.02978, 90.3651, 526.8
6.27922, 307.781, 90.8734
5.66369, 490.349, -82.921
5.9449, 326.774, 52.2051
7.27207, 519.521, 497.138
5.18713, -441.541, 563.513
4.57014, -430.114, -201.106
4.70019, 261.032, 78.8741
6.07821, 509.219, 400.984
6.20858, 279.449, 209.267
5.12494, 678.113, -537.812
6.06711, -377.812, -164.679
5.91025, 187.948, 83.3983
6.82941, 556.135, -301.457
3.19597, -78.3179, 546.391
3.57766, 489.764, -32.3143
5.0733, -238.321, -155.814
4.83766, 101.307, 451.45
3.55759, -141.586, 609.435
5.65244, -478.081, 520.492
2.5044, -602.814, 114.764
4.09589, 256.213, 217.397
5.90281, 224.874, 99.5625
6.0446, 397.483, -281.262
2.90869, -591.209, 480.823
3.56926, 234.21, 214.748
4.44412, -496.506, -385.503
4.44927, 625.516, 648.652
3.92018, 263.606, -436.74
4.6123, 333.748, 325.538
2.55658, -445.774, -378.577
3.72027, 612.878, -595.746
4.49072, -615.445, 486.987
6.64177, -499.71, 197.831
3.78584, 619.816, -699.383
3.59705, -430.271, -451.965
6.47385, 237.678, 302.665
5.8476, 148.915, 221.787
5.49108, -548.295, 211.582
5.99917, -138.307, -338.862
5.13062, 316.377, -457.97
4.14833, 350.902, 46.0837
3.30844, -727.648, 123.862
6.56633, 377.808, -68.9056
4.08004, 309.893, 48.5997
4.05369, 15.7163, -366.913
4.65424, -30.7454, 4.82522
4.46509, -98.1998, -500.811
4.43916, 35.1209, -118.883
4.34871, -498.032, -441.561
5.88118, 257.192, -432.167
6.10384, 279.822, 117.065
7.20082, 36.029, 456.549
5.08573, -210.702, -388.365
5.5282, -120.112, 103.096
5.85049, -475.092, 506.88
5.11404, 92.2961, -250.368
3.87105, -536.898, 554.023
7.08924, 255.026, 223.26
3.73367, 573.152, -437.305
4.77876, 280.221, 205.358
3.30374, -629.522, 551.341
4.68319, 186.027, 229.304
7.45767, 223.492, 42.4551
6.26931, -277.873, 390.941
4.97846, -476.819, -491.658
7.01651, -584.374, -300.33
4.68213, 277.782, 285.432
5.09239, 83.6663, -309.276
4.44866, 160.674, -424.874
5.63431, -124.579, -278.958
5.19331, 277.719, 88.3839
4.35955, 309.844, -350.855
2.54674, -154.428, 183.373
6.3794, -59.5757, -467.145
2.85317, -393.356, -408.415
3.98511, 263.274, -482.601
4.78581, -2.11487, -472.929
3.25156, -123.108, -130.959
5.97819, 365.483, -385.535
4.15587, 215.29, 79.2882
5.21197, 597.73, -517.078
2.64678, 605.158, -627.759
5.38086, 23.737, -80.5766
5.18133, 271.446, 110.329
7.36678, -443.702, -359.057
5.57063, -159.672, -361.93
5.26431, -571.97, 220.089
6.69051, -211.108, 496.055
3.75764, -320.012, 488.897
6.98957, 352.64, 47.0147
5.97428, 390.815, -347.82
5.82752, -438.881, -206.804
3.06838, -445.792, -551.735
3.37987, -598.824, 225.572
2.91253, -84.0088, 45.4429
6.68103, -66.3191, 196.451
2.64818, 624.514, -635.655
6.34719, 23.5803, -446.776
4.29829, -448.008, 432.928
6.24626, 97.1853, 488.826
6.28385, 230.466, 95.1895
3.60834, -478.913, -474.543
5.58305, 323.655, 91.2802
3.66846, -218.317, -118.557
6.22052, -681.589, 212.48
5.80997, -473.617, -468.176
4.9209, 672.668, -648.596
2.58972, 429.621, 35.7603
4.98291, 300.541, 51.3491
5.09587, 179.737, -458.798
4.71395, -540.754, 171.578
4.14528, 63.9393, 452.469
3.52671, 267.148, 2.85174
7.19863, -141.44, -368.665
2.85168, -365.042, 492.961
3.30042, -70.7295, -425.352
6.70788, -447.484, -213.649
4.13614, -211.395, -164.817
6.85942, 312.219, 276.34
5.99896, 574.319, 536.194
5.52801, 447.96, -48.0956
4.77536, 26.437, -161.223
2.91543, -425.084, -288.099
3.94883, 40.8312, -144.723
6.51009, -437.655, -398.081
6.81821, 273.28, 86.4998
3.81831, 174.423, -402.742
4.79881, -362.49, -198.996
4.95672, 411.815, -346.908
5.82344, -466.855, -421.74
7.31738, -442.87, -264.674
7.23022, 346.163, -464.036
2.81902, 264.589, -403.466
5.04829, -401.594, -152.707
6.13222, 637.188, 323.29
5.65882, 291.013, -88.4238
3.26658, -624.109, -565.962
5.09652, -546.658, 170.1
3.52281, -368.272, 431.668
6.03231, 408.209, -441.293
6.05786, -360.455, -203.55
3.66304, -255.253, -96.1209
6.80594, 91.1331, -267.86
2.67122, 80.1682, 459.006
6.26587, -524.35, 163.864
4.14789, 336.898, 46.6368
4.65309, -225.06, -387.887
7.33455, 494.13, -67.9121
4.05803, 470.949, 458.927
5.69762, 521.108, -414.493
5.95386, 468.657, -32.6413
5.36403, 20.7268, 541.502
6.60667, 665.133, -594.968
4.21807, -423.283, -453.967
5.09387, -490.448, -452.634
6.78438, 54.1058, -428.835
6.18587, 266.842, 206.261
3.45992, -591.009, 154.056
2.83145, -269.793, 247.592
3.60828, 639.762, -588.542
3.33656, -46.3221, -33.9727
6.31172, 355.672, -332.669
5.44905, -532.596, 156.65
4.65223, 596.418, 626.689
7.09618, 359.793, 12.111
5.09668, 251.013, 41.5892
7.38058, -507.134, -61.8615
5.15714, -317.54, -149.766
2.98716, 243.769, 74.0937
5.83983, 236.696, 89.7374
5.44444, 297.468, 113.415
5.01137, -444.305, -178.924
2.75808, -568.415, 193.847
2.6753, -41.5145, -325.13
4.41484, -500.49, -490.512
5.55555, 318.577, 129.438
5.06574, 584.322, 551.483
5.98498, 265.828, 76.6579
4.89891, -58.0112, -141.762
3.88323, 193.875, 341.792
6.01685, -312.715, -32.4094
3.67701, 566.237, -20.5286
6.41501, -46.3637, -154.313
6.60589, 94.4353, 468.01
3.21842, -347.915, -189.611
5.75757, -479.709, 548.216
3.87677, 722.723, -516.562
7.26215, -426.833, 566.861
4.58238, -445.309, -236.332
3.03869, -124.774, 47.4345
4.70633, -560.23, 487.347
6.28811, -411.349, -189.406
2.77803, -415.037, -203.466
3.51241, -7.18795, -43.9915
6.82305, 654.858, -609.69
6.52456, -119.611, -88.527
2.78861, -381.716, -451.701
4.40304, -90.5198, -318.431
4.56124, -11.3527, 521.421
2.80071, -127.516, 185.341
7.09746, 498.491, 433.287
3.35398, 522.081, 519.844
6.51634, -574.269, 201.153
3.88599, 337.468, 10.8561
4.44586, 97.5832, 475.353
7.19936, -43.1499, 559.71
6.24573, 8.41826, -119.364
3.44774, -522.301, 554.216
6.89581, 273.51, 49.3491
6.8953, 269.449, -434.088
3.30515, -412.62, -143.462
5.87346, -464.831, -188.226
6.89096, 264.961, 82.5528
6.98262, 254.325, 233.992
3.06535, -140.813, 513.293
5.93789, -225.425, -256.368
3.21651, -334.43, -513.547
3.6901, 250.396, 82.0177
5.64383, 456.69, -27.8744
4.312, 507.221, 296.891
4.64437, 650.935, 308.123
4.91936, 10.7831, -453.031
6.20379, 13.7283, -184.226
3.23098, -411.538, 479.143
7.36238, -425.227, -461.08
7.3158, -422.13, -171.055
3.14741, -252.333, 678.725
5.3784, -9.88235, -237.513
4.66439, 21.5422, -133.88
5.50066, -222.032, -152.294
5.85098, -418.309, -215.721
4.5137, 490.559, 591.3
6.46691, 553.541, 410.64
4.89889, -393.817, -197.052
5.72449, 297.323, -53.5297
4.28836, -187.066, 573.145
5.96794, -98.997, -217.077
5.83428, -533.084, -469.649
3.22071, -380.913, 543.573
7.10415, -529.732, 199.26
4.22228, 28.7031, -99.1641
6.66824, -88.802, -279.724
2.74349, 249.378, -394.197
3.27936, -232.688, -221.678
2.55765, 257.441, 218.292
3.94327, 27.274, 535.482
5.07295, -175.279, -140.578
3.65948, 598.192, 476.106
2.75022, -171.478, -110.984
5.33091, -518.771, -490.041
6.69774, 23.4949, 457.828
4.28763, -500.008, -447.254
4.3452, 94.0074, 469.345
7.22226, 279.295, 71.657
4.72425, -362.612, -192.41
6.82086, 248.691, 141.072
5.82654, -529.326, -481.724
5.79297, 82.6583, 437.779
7.10736, -716.131, 644.5
5.11536, 667.274, -509.671
5.45229, 227.795, -426.132
5.79944, 546.58, 426.623
4.24765, 257.871, 219.657
4.11714, 240.367, 109.296
7.08984, 37.2335, 530.653
3.08619, 564.318, -558.538
7.31268, 335.633, -24.563
5.17978, 84.7494, -140.067
5.81447, 557.714, 407.573
5.48362, 575.132, -396.52
6.93363, -521.539, -357.927
6.67999, -494.472, -458.729
6.69339, 339.665, 84.8264
6.85642, -109.509, 97.0861
2.5002, -455.069, 109.694
4.77274, 245.798, 21.0724
4.25696, -597.472, 200.101
5.80713, -226.205, 570.726
6.22234, -585.697, 190.194
3.3821, -131.562, -318.403
7.4621, 660.189, -588.11
5.95466, -568.73, 197.546
6.97862, 252.317, 240.762
3.51579, 244.336, 127.159
7.2356, -374.386, -229.349
4.88476, 567.914, -436.33
6.78578, 613.59, -535.867
6.41237, -492.314, -479.775
5.70687, 594.13, -527.305
3.14521, -627.064, 68.2672
5.77944, -84.6195, 490.416
3.09199, 54.4337, -201.943
3.88793, 116.88, 506.515
6.65548, -219.658, -141.422
6.14153, -466.558, -580.586
6.74348, -819.36, 67.0234
3.43989, -479.857, -318.873
6.09602, 346.112, -205.256
4.25586, 358.237, 133.95
3.34555, -566.436, -479.562
4.52383, -17.0596, -473.772
4.20924, 129.754, 572.876
6.67141, 237.861, 83.2763
3.9111, 531.911, 462.096
5.16766, -471.29, -444.794
6.25085, 605.117, -536.149
4.62554, -573.246, -295.523
4.66964, -434.55, 487.504
3.03022, 662.578, -616.363
6.4639, -115.379, -320.086
3.91232, -587.125, -375.701
7.14264, -254.857, -102.372
5.37926, 221.97, 202.489
3.4895, 534.202, -289.147
5.99081, 252.048, -436.736
3.07265, 244.887, -428.518
4.22945, 108.355, 493.119
4.15646, -451.381, -169.939
6.42735, 677.412, -540.338
6.65775, 292.29, 60.0798
4.21712, -649.114, 484.6
4.2603, -205.481, 500.633
6.38197, -88.6952, -422.195
6.58658, -109.35, 520.207
4.26157, -216.855, 46.951
7.09559, -476.598, -176.916
3.2877, 273.788, 97.7235
5.56029, -402.65, 596.862
5.54222, -380.028, 543.145
3.16647, -90.4601, -309.706
3.51409, -451.471, -472.405
4.79457, -561.865, 568.014
3.48759, -393.608, 571.88
6.77118, -543.245, 203.13
6.54562, -281.591, -417.582
2.80131, -548.967, 502.047
6.50584, -599.882, 468.951
5.49597, -152.303, -332.156
7.43182, -567.872, 204.439
2.65919, 30.7819, 560.958
6.8356, 652.615, -578.913
3.69109, 357.002, 135.158
3.6127, 240.031, 229.948
4.73907, -474.059, -493.564
2.61231, 522.685, 121.851
6.79755, -170.196, -116.698
4.15902, 228.874, 279.623
5.72195, 242.624, -30.7695
7.43521, -503.498, -511.058
5.30162, 287.186, -399.185
4.74553, -398.486, -211.62
5.213, 5.28613, -430.501
2.90797, 445.187, -102.997
3.99606, -382.337, -161.689
6.63964, 530.651, 435.532
6.48936, 432.572, 691.419
5.71048, 85.8143, 519.823
4.84105, 269.87, 61.695
7.15326, -134.056, -318.23
5.08798, -212.061, -98.9557
7.42924, 568.282, -390.953
5.94567, 4.18177, -394.974
6.19966, -66.3845, -289.524
3.46323, -508.574, -419.029
6.08881, -290.496, 588.85
6.11146, 389.373, -35.8067
6.49298, 250.825, 52.2195
4.23216, 218.975, -487.826
5.1481, 88.1492, -186.356
3.19001, 435.502, -72.2369
6.73218, -223.174, -155.929
6.32766, 85.5568, -416.572
7.5, 552.009, -568.388
4.24891, 477.5, 545.709
5.50367, -442.855, 610.982
3.50808, -288.905, -105.759
6.2385, 137.528, 5.50587
6.49225, 508.864, 94.8737
3.03505, -589.165, 287.533
5.35813, -356.774, -92.1507
2.84683, 209.598, -208.907
4.16036, 637.04, 429.762
5.80945, 240.127, -434.13
5.27726, 72.1202, -179.414
7.12415, 315.946, 63.244
2.69832, -297.425, -126.573
2.62083, -161.664, -45.8031
4.61923, 325.756, -363.153
4.36987, 234.92, -50.2838
2.93303, -249.654, -117.433
3.05403, -57.9207, 51.7709
5.31992, 235.149, -412.019
7.37269, -133.623, 497.694
3.05066, 8.32578, -458.23
5.99352, 55.9762, 404.94
2.79674, 68.9971, -441.169
4.69755, 464.024, -33.3278
5.24651, 560.325, 563.085
3.45129, 422.702, -529.779
7.36597, 230.31, 11.9996
3.19593, -379.424, -230.602
5.48978, 570.209, -425.537
7.12812, -534.706, 543.854
3.91116, 65.0263, 449.05
6.8307, -124.574, -128.827
6.29598, 7.19289, -285.941
6.10793, 280.328, 235.016
3.34241, -164.498, 178.683
3.32882, 566.503, 314.443
3.39076, -515.061, -321.413
5.87226, 263.379, -468.03
4.83484, -40.073, -329.138
6.85219, -483.051, -469.511
5.76023, -459.805, -265.295
5.80464, 702.553, 678.2
2.58037, -578.771, -573.06
4.30596, -443.103, -473.622
3.72747, 528.914, 117.077
6.93086, -614.881, -571.377
5.23701, 684.875, 628.953
6.57209, -7.30767, -388.567
5.24453, 42.3643, 415.876
4.16156, 321.018, -8.25105
4.40213, 71.0186, -483.896
2.52389, 530.84, 553.618
6.95226, -139.874, -337.96
6.16955, -417.278, 539.469
6.04239, 28.7713, 555.692
5.1278, 32.6219, -200.865
6.41065, 24.9919, -449.238
3.42484, -303.03, -371.439
5.72673, 236.671, 236.589
3.42178, -431.412, -146.896
3.31214, 80.3751, -126.6
2.65594, -271.788, 501.362
7.42716, -81.9263, -423.183
4.04559, -282.641, -331.144
4.11075, -319.472, -119.998
5.51155, 286.766, 123.792
2.89107, -265.587, -476.048
3.93936, 161.453, 12.7146
5.79307, -149.565, -348.975
7.36348, -449.706, -387.799
7.27758, -395.914, -390.687
7.42745, -422.296, -176.577
7.30478, -426.808, -491.308
3.0073, -435.358, 550.14
3.71505, -63.173, -298.086
6.91151, -33.0858, -148.127
5.28805, 258.236, 216.356
6.7669, 564.028, 459.478
7.49145, -390.474, 486.485
3.99751, -102.742, -505.922
6.33157, 542.65, 468.833
4.81901, 289.653, 119.351
6.8168, -539.784, -269.663
6.99018, 495.765, -88.0772
7.377, 153.067, -243.894
2.77405, 262.089, 79.3189
6.32605, 611.72, -640.518
5.09219, -534.327, 542.197
3.46574, 428.307, -71.3833
6.98252, 329.337, -464.127
6.38492, -432.085, 249.954
2.75968, 234.957, 215.236
7.47331, -600.206, 558.155
5.93659, -277.582, -383.641
5.94854, 509.445, 465.237
6.57666, -278.046, 468.866
7.05426, -90.9908, -344.782
3.34218, -92.9095, 92.503
5.24183, -356, 455.147
6.53351, -220.927, -124.16
4.17803, 256.264, -438.25
5.53435, -123.853, -136.725
6.59602, -608.633, 172.124
7.3485, 78.3005, -165.088
6.29349, 565.525, 472.111
3.72113, -128.081, -130.396
5.80589, -609.483, 174.888
4.21574, -429.282, -187.145
7.27146, 210.633, -267.698
2.60828, 362.289, 529.367
4.54979, -678.492, 664.045
2.55789, 341.533, -497.273
3.04964, 521.213, 207.577
5.28259, -503.352, 216.332
4.45466, 100.334, -187.435
7.20539, 48.9935, -135.033
2.55572, 254.018, 99.5436
6.22897, -66.3909, -378.796
3.84293, 343.833, 47.5152
4.27153, -531.03, -403.806
3.45835, -271.859, 629.983
5.14832, 236.58, 306.519
4.39478, 18.2187, -456.387
3.16407, -86.9988, -335.852
4.26563, -150.168, -344.22
4.2497, 678.84, 563.099
7.41084, 397.475, 29.9883
5.25961, -60.0446, -83.8044
4.99918, -86.0066, -396.029
3.58531, -568.811, 179.012
4.37311, -109.602, -294.738
6.78251, -486.292, -480.869
6.45578, 572.359, -442.83
3.9204, -364.402, 490.868
5.07645, 300.967, 290.372
6.79238, -189.189, -161.196
7.07844, -385.673, -206.942
7.48941, 16.6988, 455.722
6.53177, 30.6265, -100.401
5.22718, -386.509, -200.773
7.3461, 8.87941, -421.657
5.31931, -567.859, 220.73
4.03031, -355.588, 507.611
5.41853, 651.323, 621.069
2.91197, 138.752, -113.554
5.47382, 203.161, 170.932
3.31968, -524.112, -390.867
6.46527, -523.352, -408.062
2.95373, 699.577, 400.288
6.3072, -546.911, -340.413
6.83996, -127.422, -118.457
6.40105, -21.2641, -345.42
6.61399, 541.345, 544.887
6.70974, 286.666, 149.639
4.48328, 45.2852, 26.6027
6.508, -77.387, 41.1333
6.56811, 245.423, 119.824
5.43493, -302.362, -111.704
4.64621, 442.922, -113.707
2.5002, -124.188, -317.508
5.31153, -456.447, 157.175
6.22632, 258.655, 20.8205
3.89846, 499.651, 226.147
2.93406, -485.447, 556.249
3.5733, 586.542, -519.92
3.93296, -524.306, 545.69
4.86595, -395.359, 456.836
6.95893, 621.056, 644.952
5.91955, 314.789, -353.483
3.54376, 88.2788, -168.325
6.67533, 506.514, -140.746
7.09218, 629.676, 567.663
4.48244, -687.392, -415.735
6.37858, 270.08, 291.765
5.68161, 73.0999, -140.319
6.64746, 257.164, 55.8594
3.40204, 423.002, -373.084
7.45927, 325.662, -493.86
6.70558, 7.09336, -473.993
4.65177, 511.549, 209.204
4.38589, 389.977, 635.512
2.70802, 336.696, -348.358
6.80715, -534.594, -533.787
6.62116, 600.92, -513.283
6.25052, -110.917, 512.042
3.55801, -211.637, 557.039
4.31029, -364.156, -157.996
4.43545, -395.978, -345.85
7.32918, 552.641, 416.893
6.5872, 28.8983, 564.998
4.5755, 80.7883, 337.75
5.83759, 280.967, 123.3
2.52101, 483.931, 558.104
6.98048, -542.286, 174.793
3.68416, -170.733, 180.434
3.79415, 169.032, -243.311
5.4939, 230.981, -425.003
6.89823, -525.213, 196.912
6.16299, -433.394, -431.678
6.0773, 573.291, 351.324
3.57724, -260.047, 500.682
6.30413, 695.283, -609.39
3.85351, -139.423, -337.682
2.75246, 224.729, 99.3258
4.78866, 187.798, -56.8071
2.58759, 394.343, -482.674
3.01129, 2.00827, -155.876
2.639, -211.036, 46.5543
5.65921, -151.207, -377.079
6.34425, 57.9364, -179.066
2.74132, 351.477, -514.281
6.6924, 43.4631, -391.134
6.76899, -312.973, -95.2738
6.57649, -416.172, 603.279
6.85188, 582.093, 310.174
5.27222, -411.626, -171.212
6.12646, -134.431, -125.746
3.20424, -285.439, 466.123
6.6115, 331.676, -350.954
5.51185, 329.851, 2.33805
4.93856, 323.709, -452.886
6.14942, -37.795, 522.782
4.05164, 631.73, -707.452
3.93925, -447.583, 116.254
5.45857, -581.882, 510.432
5.34055, 524.802, 488.853
5.41059, -464.397, -365.417
2.84132, -665.562, 264.75
4.34304, -58.2745, -82.6793
6.28475, -525.382, -410.464
6.35297, -497.386, -436.518
4.27217, -453.853, -200.445
5.98913, -28.136, 445.354
5.08005, -432.666, -179.322
5.94494, 330.577, 74.0799
6.18066, 35.6964, 445.278
2.56231, -221.66, -298.073
7.16549, 389.033, 10.7176
5.37826, 314.027, 92.142
3.05587, 518.331, 525.846
4.87388, -115.222, -138.54
3.24247, 480.333, 152.672
4.22594, 260.992, 231.095
7.04476, -581.923, 192.878
4.54571, 127.197, 478.066
5.96642, -393.458, -210.915
3.35865, 261.512, -465.245
6.21715, 592.011, -433.358
4.16319, -385.104, 523.591
4.62157, 280.316, 54.476
2.79523, -180.206, -89.555
5.09005, 248.571, 132.525
5.94425, 227.404, -449.362
5.01149, -211.771, -104.718
6.56617, 33.5972, -421.508
3.07974, -9.43973, -392.832
5.24841, 265.383, 233.481
5.06046, 287.492, 119.695
6.02649, 515.637, 469.05
5.65083, -215.697, 487.128
4.0207, -27.3784, -435.728
6.74719, 255.53, 25.9727
3.39619, 457.992, 67.149
2.61737, -396.84, -220.694
4.19467, 305.04, -22.1077
3.43818, 240.732, 82.9726
6.60467, -132.601, -35.4173
6.72507, -392.242, -200.06
6.78031, 650.439, -588.799
7.37454, -627.724, 550.344
2.99587, 182.048, -415.423
2.56182, 518.146, 461.103
2.58614, 229.496, 279.831
2.64527, 193.992, 124.554
4.1031, -61.5803, -88.7729
6.17815, 344.653, 124.112
3.14876, 251.95, 235.992
2.5161, -294.371, 290.214
6.91905, -83.228, -410.662
3.70482, 330.292, -463.519
4.38481, -591.112, 513.634
4.44879, 228.337, 48.5878
2.81534, 296.283, 46.0292
7.30792, 123.976, 448.046
3.75349, 565.827, -253.638
6.85376, -431.444, -206.852
2.85991, -554.747, 255.819
2.70653, -336.344, 530.367
3.46378, 208.785, -438.876
3.86708, -187.293, 253.346
7.4007, -431.563, -423.266
3.60607, 259.032, -433.556
6.43119, -531.582, 413.536
4.42306, 148.108, -287.997
3.78593, 267.329, -467.969
3.91087, -577.129, 188.754
7.33834, 377.326, 37.3849
4.22841, 134.915, 15.4717
3.45922, -563.106, 373.433
5.05037, -523.517, -148.86
5.21857, -425.895, 560.916
5.72333, -498.161, -450.428
3.89738, -25.1551, 518.293
3.41887, -215.783, -292.469
2.71579, -441.47, 174.343
3.98408, -437.87, -178.736
4.25548, -99.093, 123.344
7.09372, -416.99, 458.162
5.81225, 354.208, -217.212
5.08041, 541.657, 441.986
4.03763, 268.78, 288.865
3.0007, -61.0015, 74.2091
3.47502, 273.94, -349.794
4.11407, 107.419, -128.515
5.56182, 419.066, 65.4471
5.13511, 662.822, -497.89
3.45653, 243.769, 150.597
4.7178, -541.647, -515.97
4.48693, -429.678, 467.409
6.28051, -468.317, 544.201
6.6213, 544.236, 444.826
5.51573, -45.3758, -185.3
3.04573, 259.916, -428.842
4.11797, 293.672, -99.3821
5.03403, 287.04, 239.576
4.76521, -441.654, 495.817
4.77315, -135.9, -372.382
4.91125, 630.566, 593.334
5.07896, 254.405, -437.484
4.50207, 8.8143, 441.864
4.22945, 391.883, 309.746
6.64533, 461.866, -32.6388
3.02204, -688.526, -496.3
6.40057, 294.77, 292.833
3.19919, -184.159, -119.731
2.62171, -496.454, -448.063
6.0664, 261.82, -451.396
7.15538, -95.6148, -386.384
7.47667, 255.731, 63.7762
3.86264, -610.233, 217.465
3.6923, -447.006, -178.989
3.87328, 474.504, 481.094
5.70836, -412.15, -405.012
5.17637, 252.384, 77.9773
6.8967, 547.568, -274.749
6.75968, -611.358, -348.884
2.98004, 398.146, 29.8719
4.66818, -688.252, 216.359
3.17045, 107.915, -289.368
5.86802, -121.934, 109.543
5.34964, -167.798, -375.296
3.66474, -427.362, 588.898
5.50306, 269.521, -394.875
2.6551, -345.352, -232.67
7.08512, 286.022, -185.058
3.82958, 488.578, -29.1721
6.50016, -122.128, -344.899
5.46389, -48.6726, -406.404
5.0822, 199.28, 176.04
5.2567, 191.146, 175.356
3.47225, 276.381, -74.4572
5.36152, 49.3479, -567.456
3.81992, 220.931, 341.396
4.41648, -604.347, 464.179
2.73626, -475.367, -319.004
4.22823, 343.857, -496.646
3.61594, 341.042, -375.827
3.81264, -57.6014, -341.633
3.05141, -261.224, -424.858
7.40088, -424.303, -272.624
5.93794, 518.016, 439.584
5.82158, -530.769, -148.165
5.99501, -481.598, -489.721
2.68746, -561.86, -464.288
3.6706, -503.488, -398.309
3.95397, 486.895, 417.906
3.50543, 57.2291, -221.69
2.7177, 343.698, -14.3154
2.56571, -284.733, 602.863
6.07297, -330.743, 498.296
6.88348, -556.265, -394.454
5.35088, -534.541, 264.869
6.92743, 603.558, 625.262
5.20042, -433.967, -204.477
3.31357, 629.785, -627.735
3.30492, 631.57, 402.593
7.19182, 265.925, 9.90255
3.45628, 468.6, -508.102
3.15761, -36.4369, -171.454
4.41122, -126.359, -72.9236
6.12674, 291.315, 125.805
2.50651, 585.229, 549.771
4.60222, 94.6052, 495.095
5.18984, 274.352, 85.6477
4.86596, -85.5529, 169.507
6.33003, 584.608, 550.072
2.9396, 424.407, -373.528
7.04284, 249.395, 231.964
3.20818, -661.408, -532.892
2.54782, 177.352, 58.0449
2.82267, 363.778, 180.645
4.96742, 262.62, 15.8021
5.40914, 491.629, 552.798
4.03373, -506.397, 481.694
4.57091, 486.981, -96.6736
4.33401, -478.238, -454.133
3.42687, 99.33, 442.348
2.76788, 311.47, 63.7803
4.47222, 310.659, -5.59963
3.98388, -203.15, -137.365
5.05388, -501.847, 504.152
3.75392, -552.323, 208.627
5.01589, 647.9, 600.686
2.51168, -201.393, 558.658
7.01807, 705.229, -293.65
2.79181, -618.477, -575.619
5.17506, -280.418, 456.415
3.95754, -482.599, 440.332
7.3023, -354.072, -180.992
4.73406, 255.123, 91.0421
5.08479, 510.93, 206.829
5.93861, -181.826, -114.318
2.72187, -135.53, -120.258
7.2946, -620.145, 470.183
5.70852, 233.984, 194.314
2.80215, 140.925, -512.841
3.33964, 268.923, 189.664
5.76491, 335.307, 18.5554
6.19864, -573.022, 192.862
3.57011, 532.021, 196.741
4.31441, -160.519, -440.092
6.56981, -471.235, 538.827
5.32057, 557.026, -308.645
7.45886, -24.4612, -430.514
6.5669, -350.876, 80.284
3.49157, -521.389, 41.5911
2.50003, 3.47929, -513.323
4.62608, 655.955, -503.729
4.07406, 487.096, 241.615
5.56218, 496.606, -552.776
3.83351, -168.505, -370.722
4.39881, -431.79, 3.74836
5.43397, 515.424, 109.151
5.95636, -224.944, -344.007
7.26736, -118.6, -321.253
4.89785, -329.833, -489.617
3.60319, 271.145, -413.956
5.33741, -498.875, -418.468
6.09873, 222.767, 118.698
4.4953, -373.49, 521.763
3.48326, -467.894, 523.109
6.66971, -630.923, -455.258
5.59561, -501.679, -440.355
7.26866, -150.795, -36.2633
3.23222, 33.1971, -206.547
5.38953, -216.459, -351.658
7.26796, -368.229, 517.822
3.62331, 684.413, -515.395
7.25137, -348.807, 483.264
3.07874, 592.377, -462.543
2.58372, 93.7588, -159.43
3.90465, -175.437, -142.708
7.15042, 325.005, 78.6098
3.04796, 699.776, 631.335
6.77266, 53.5681, 506.34
5.68532, -659.243, -420.598
5.63853, 244.267, -444.856
3.80589, 487.833, 413.817
5.13936, -556.434, 240.245
7.16608, -199.424, 471.575
3.98055, 401.146, 8.40948
4.78006, 311.021, 218.657
6.35659, -495.753, -465.102
4.17193, 221.189, 127.377
6.31775, 89.8988, -388.356
6.65892, -72.8427, 412.465
2.64618, -582.403, 459.116
4.31315, 521.676, -127.127
4.16221, 250.705, 234.925
3.17675, -410.041, -224.606
3.00839, -214.72, 607.6
5.11327, -365.411, 584.341
3.52046, -183.828, -258.514
5.00728, -502.061, -333.909
5.1371, 23.1321, 455.67
4.13422, -217.662, -174.094
4.75888, 191.632, -300.999
6.85263, 60.2666, 475.811
4.72884, 527.553, 485.914
6.03726, -694.646, -260.615
6.83171, 637.407, -632.787
6.5822, 504.028, 218.185
2.67504, 681.397, 629.858
3.8644, -465.981, -217.667
5.21858, -138.718, -353.21
3.19942, -330.605, -405.015
5.57408, -399.223, -293.463
3.29182, -393.316, -381.14
4.41129, 322.967, 148.125
5.94997, -130.856, 110.103
3.21128, -294.536, 287.843
5.65284, -613.002, 545.51
3.15973, 79.2576, 512.857
7.13583, -679.93, 221.085
5.53465, -568.942, 480.872
5.50388, -595.317, 196.523
3.33635, 327.061, -346.355
3.301, -610.386, -546.339
5.91628, 402.461, -37.9002
5.1456, -429.518, -207.647
3.65264, 63.1279, 535.338
6.55373, -427.709, -209.037
5.76477, -209.779, -383.46
4.08597, -513.788, -433.258
2.53953, -152.584, -335.058
3.49176, 467.45, 558.302
3.78831, 303.452, 233.439
3.03825, 407.841, -152.811
3.49545, -45.8888, -127.136
6.75079, 789.671, -502.482
6.63912, -465.902, 143.062
6.76813, -543.434, -386.343
5.71027, 14.5398, 492.005
3.6787, 676.7, -531.859
6.80638, -589.219, -248.285
5.4745, 250.392, -39.2
2.52745, 325.716, -69.8661
6.84925, -481.923, -454.677
7.37729, 340.595, 45.809
5.59653, 148.431, -41.1956
3.85574, -582.605, 11.9924
7.46973, -187.298, -366.226
4.60751, -492.205, -494.959
4.20537, -516.907, -516.738
4.80717, 183.604, -125.466
4.44822, 140.824, -280.048
4.613, 70.1561, 566.196
2.84879, 314.535, 322.424
5.5153, 21.8957, -126.072
7.36114, -76.289, 6.42331
5.07406, -477.817, -455.793
7.45461, 380.698, -8.77102
5.84906, 388.283, 9.05294
4.01716, -361.266, -231.328
3.47371, 559.98, 435.283
4.0109, -483.459, -313.934
4.93946, -379.959, 561.329
4.72438, 465.533, 597.053
5.7844, 281.054, -456.377
3.74227, -442.041, -472.361
4.72007, 108.009, 480.416
5.75894, -431.281, -245.398
6.67472, -710.137, 326.029
6.03698, 69.6139, 485.879
4.93928, -481.475, -480.836
6.72039, 344.628, -1.44391
7.00296, -420.219, -162.324
6.33082, -522.174, -398.413
5.29453, 463.696, 635.37
2.70603, 152.055, 3.37796
5.46749, 317.576, 65.9565
2.68674, -303.299, 398.027
4.53488, 293.146, 218.863
2.84243, -632.024, -702.895
7.38558, -441.451, -345.542
2.5956, -428.418, -198.24
6.60363, -223.935, -181.093
5.2195, -476.495, 420.602
5.72828, 537.005, -287.927
3.62934, -173.028, -105.417
2.733, 655.018, -607.608
3.63154, 309.488, -502.135
4.58371, -603.258, 207.221
6.40126, 283.016, -398.523
3.72852, -500.498, 186.16
4.81411, 293.584, 106.313
6.14756, 453.334, 24.0082
5.35237, -469.865, 417.281
5.45997, 632.813, 605.762
4.98425, -588.642, 231.821
3.951, 151.96, -19.267
4.71107, 90.0829, -170.217
2.53669, 670.597, -647.683
7.41683, 361.513, -219.099
2.52822, -599.471, -87.421
4.8676, 11.4687, 511.656
5.86497, -134.518, -246.3
