6.27803, -728.269, -936.102
3.5948, 2.62365, -115.613
5.89648, 364.21, -882.199
5.09708, -281.231, 870.505
2.76731, -956.611, 654.096
2.53849, 354.55, 22.9425
4.58743, -775.542, -240.577
7.15218, 186.479, 401.108
2.95982, 20.69, 701.086
6.00595, -182.039, 311.157
3.81226, 539.85, 797.676
4.14117, 473.645, -875.227
7.45519, 452.477, 248.12
7.41275, -500.263, -237.07
5.75759, 480.665, 425.685
6.92354, 255.32, -816.591
6.33247, -162.084, -484.679
3.87453, -460.781, -61.0605
4.93259, -650.624, -302.625
2.80282, 801.448, 762.451
5.08146, 21.5875, 751.215
4.96988, 924.382, -373.556
7.23882, -782.957, -469.907
4.42071, -30.2214, -817.778
5.14874, 788.608, -490.13
2.75042, 836.26, -75.4797
6.63909, 549.42, 526.954
5.94228, -888.467, -715.418
6.18112, 258.673, 724.068
6.94286, 937.735, 442.237
4.25508, -361.635, -514.623
6.72991, 185.056, 20.6694
3.84659, 610.44, -104.734
4.83959, 61.3779, -202.4
3.2686, -639.167, -459.958
2.66527, 625.767, 132.32
7.2768, -12.2635, 86.0324
6.95369, 117.668, 470.246
3.29884, 640.015, 225.435
3.15214, 425.338, -556.781
2.515, -463.353, -800.197
6.0491, -862.888, -178.614
3.40448, -495.18, 825.798
5.76029, 769.201, -326.934
4.42907, 403.083, -719.468
3.23766, -0.808728, -208.41
5.45054, 600.589, 116.796
3.24076, 163.503, 878.812
3.2091, -164.013, 936.013
4.94257, -466.801, 108.041
3.13015, 833.121, -63.8101
5.64635, -330.473, -567.116
5.60817, 276.891, -707.402
4.88216, -484.226, 574.67
2.64188, -461.142, -225.19
3.21011, -119.219, 751.495
3.15594, -195.776, 849.593
3.31099, -811.468, 744.093
3.76529, -257.078, -804.989
4.77654, 527.043, -719.304
6.54472, -86.4626, -289.899
3.57624, 295.436, 812.09
3.75063, 792.464, 379.153
5.02978, -67.4495, 709.259
6.27922, 636.314, 149.302
5.66369, 826.306, -29.8526
5.9449, 584.88, -143.768
7.27207, 945.562, 464.418
5.18713, -381.724, 678.189
4.57014, -732.422, 20.1781
4.70019, 735.551, 162.337
6.07821, 714.742, 450.57
6.20858, 363.818, 567.82
5.12494, 754.52, -936.186
6.06711, -829.61, -82.8956
5.91025, 317.157, -24.8748
6.82941, 819.04, -580.636
3.19597, 51.2391, 730.815
3.57766, 905.89, -132.438
5.0733, -331.129, -157.825
4.83766, -117.707, 739.609
3.55759, -238.456, 602.861
5.65244, -674.54, 956.214
2.5044, -902.52, 173.632
4.09589, 433.089, 521.09
5.90281, 352.264, -96.0034
6.0446, 649.637, -565.826
2.90869, -786.092, 629.693
3.56926, 253.5, 452.99
4.44412, -803.629, -559.529
4.44927, 904.497, 894.469
3.92018, 367.596, -457.326
4.6123, 557.075, 539.56
2.55658, -636.287, -439.017
3.72027, 902.682, -625.055
4.49072, -708.632, 630.811
6.64177, -664.352, 196.743
3.78584, 921.307, -703.632
3.59705, -762.175, -502.308
6.47385, 367.917, 263.786
5.8476, 472.89, 384.581
5.49108, -880.049, 266.731
5.99917, -354.727, -523.074
5.13062, 571.31, -730.505
4.14833, 207.688, 92.0602
3.30844, -725.188, 371.11
6.56633, 696.085, -17.6187
4.08004, 429.87, 127.989
4.05369, 28.5213, -718.536
4.65424, 30.2762, 133.472
4.46509, -212.694, -474.718
4.43916, -33.7352, -164.29
4.34871, -777.379, -483.451
5.88118, 330.86, -528.167
6.10384, 409.514, 30.5209
7.20082, -62.7977, 869.984
5.08573, -82.1935, -370.503
5.5282, -167.982, 304.443
5.85049, -668.554, 929.771
5.11404, 64.5519, -292.126
3.87105, -915.84, 639.835
7.08924, 120.943, 281.232
3.73367, 903.191, -423.583
4.77876, 345.763, 639.001
3.30374, -909.28, 631.527
4.68319, 386.679, 347.547
7.45767, 438.77, 178.152
6.26931, -421.328, 386.803
4.97846, -927.483, -632.713
7.01651, -643.7, -765.759
4.68213, 486.962, 523.849
5.09239, 155.548, -933.531
4.44866, 92.0782, -811.92
5.63431, -182.295, -585.677
5.19331, 372.313, 330.168
4.35955, 639.088, -433.738
2.54674, -342.762, 349.046
6.3794, 32.8207, -744.2
2.85317, -865.641, -581.377
3.98511, 412.843, -687.273
4.78581, -48.5041, -841.348
3.25156, -91.1259, 25.7337
5.97819, 634.392, -419.717
4.15587, 375.268, 139.439
5.21197, 946.684, -829.8
2.64678, 726.283, -914.515
5.38086, 6.3643, -215.473
5.18133, 340.187, 464.626
7.36678, -734.349, -875.162
5.57063, -311.911, -584.533
5.26431, -732.554, 219.008
6.69051, -248.297, 876.707
3.75764, -491.778, 876.873
6.98957, 591.805, -125.5
5.97428, 513.161, -487.123
5.82752, -475.322, -71.7003
3.06838, -592.916, -776.828
3.37987, -914.28, 103.078
2.91253, -145.193, 165.224
6.68103, -219.037, 338.797
2.64818, 891.763, -710.538
6.34719, -18.9692, -824.848
4.29829, -507.308, 838.597
6.24626, 28.1604, 510.321
6.28385, 333.379, 308.861
3.60834, -524.905, -877.327
5.58305, 298.036, 154.144
3.66846, -555.746, -220.386
6.22052, -688.692, 271.492
5.80997, -860.868, -661.564
4.9209, 893.677, -752.789
2.58972, 853.45, 188.557
4.98291, 457.687, 169.73
5.09587, -15.8707, -851.334
4.71395, -839.235, 494.422
4.14528, -23.2048, 917.801
3.52671, 468.92, -96.8568
7.19863, -220.167, -591.218
2.85168, -524.264, 869.5
3.30042, 28.8328, -736.793
6.70788, -733.868, 18.4604
4.13614, -156.83, -253.179
6.85942, 166.91, 412.158
5.99896, 650.931, 509.816
5.52801, 856.342, -195.812
4.77536, 65.0863, -237.195
2.91543, -499.66, -257.136
3.94883, -7.78682, -111.967
6.51009, -605.24, -774.232
6.81821, 353.168, 28.7929
3.81831, 401.376, -494.859
4.79881, -792.652, -232.347
4.95672, 566.487, -499.071
5.82344, -461.394, -941.33
7.31738, -614.236, -175.736
7.23022, 551.41, -731.268
2.81902, 220.608, -641.256
5.04829, -468.481, -261.771
6.13222, 650.486, 650.991
5.65882, 556.733, -309.591
3.26658, -893.86, -918.801
5.09652, -834.36, 493.804
3.52281, -526.05, 817.159
6.03231, 396.837, -824.038
6.05786, -472.995, -76.7437
3.66304, -561.689, -223.783
6.80594, -13.0953, -115.917
2.67122, -90.096, 901.709
6.26587, -905.452, 85.0737
4.14789, 623.448, 129.348
4.65309, 46.8867, -508.088
7.33455, 876.088, -215.097
4.05803, 733.1, 671.133
5.69762, 904.507, -688.307
5.95386, 840.79, -57.617
5.36403, 38.9989, 617.217
6.60667, 902.651, -726.411
4.21807, -865.503, -673.503
5.09387, -813.328, -710.763
6.78438, 114.114, -903.281
6.18587, 337.785, 40.8314
3.45992, -845.935, 352.235
2.83145, -305.162, 317.703
3.60828, 860.567, -704.946
3.33656, 133.515, -161.284
6.31172, 370.366, -868.186
5.44905, -830.673, 375.225
4.65223, 847.191, 827.411
7.09618, 636.506, 12.774
5.09668, 456.9, 168.51
7.38058, -689.352, -43.3358
5.15714, -449.027, 125.443
2.98716, 343.1, 327.698
5.83983, 183.011, 124.195
5.44444, 152.612, -17.4476
5.01137, -658.671, -107.41
2.75808, -882.565, 423.026
2.6753, -313.379, 20.6252
4.41484, -770.499, -524.51
5.55555, 207.352, 96.551
5.06574, 548.254, 841.352
5.98498, 341.941, -13.0119
4.89891, -2.2308, -207.469
3.88323, 42.7051, 432.506
6.01685, -432.98, 189.525
3.67701, 835.165, 14.7513
6.41501, 130.426, -177.673
6.60589, 330.773, 794.108
3.21842, -481.051, 45.4255
5.75757, -501.624, 762.208
3.87677, 840.872, -933.128
7.26215, -420.858, 682.022
4.58238, -741.018, 22.8039
3.03869, -123.595, 382.985
4.70633, -767.115, 532.034
6.28811, -396.46, -273.878
2.77803, -344.1, -282.665
3.51241, -9.40756, 125.458
6.82305, 904.192, -710.41
6.52456, -272.58, -11.7734
2.78861, -660.041, -639.896
4.40304, -52.7685, -698.509
4.56124, -93.2599, 705.341
2.80071, -359.576, 303.257
7.09746, 793.208, 610.89
3.35398, 538.509, 827.357
6.51634, -921.377, 205.619
3.88599, 704.62, 44.7711
4.44586, 164.5, 743.84
7.19936, 70.831, 613.601
6.24573, 186.212, -204.81
3.44774, -340.247, 741.302
6.89581, 415.412, 472.857
6.8953, 398.519, -794.859
3.30515, -799.761, -243.47
5.87346, -780.217, -186.379
6.89096, 612.44, 166.292
6.98262, 262.407, 504.095
3.06535, 7.77011, 728.731
5.93789, -192.055, -222.092
3.21651, -797.844, -739.116
3.6901, 369.422, -36.8162
5.64383, 899.417, -202.918
4.312, 792.966, 379.08
4.64437, 583.005, 705.222
4.91936, -27.4261, -815.918
6.20379, 13.1389, -123.695
3.23098, -348.673, 834.397
7.36238, -785.841, -731.558
7.3158, -503.739, -213.797
3.14741, -571.062, 641.33
5.3784, -282.012, -591.578
4.66439, 140.719, -181.02
5.50066, -242.079, -253.072
5.85098, -669.271, -62.026
4.5137, 400.871, 953.916
6.46691, 662.452, 650.654
4.89889, -925.568, -240.624
5.72449, 290.965, 258.227
4.28836, -265.115, 607.836
5.96794, -317.4, -217.982
5.83428, -416.252, -666.943
3.22071, -422.605, 695.537
7.10415, -887.255, 182.386
4.22228, 27.6016, -219.122
6.66824, -391.047, -465.037
2.74349, 301.809, -708.418
3.27936, -240.08, -43.129
2.55765, 323.63, 473.06
3.94327, 110.068, 577.641
5.07295, -328.395, -153.203
3.65948, 667.169, 431.309
2.75022, -251.62, -46.8972
5.33091, -600.769, -764.145
6.69774, -154.833, 638.343
4.28763, -676.724, -475.825
4.3452, 161.49, 844.651
7.22226, 264.28, -67.1288
4.72425, -878.003, -177.859
6.82086, 443.784, 156.197
5.82654, -776.327, -718.605
5.79297, 173.283, 647.582
7.10736, -934.725, 936.576
5.11536, 928.972, -636.957
5.45229, 442.316, -440.884
5.79944, 665.231, 665.571
4.24765, 260.347, 472.02
4.11714, 354.337, 34.7322
7.08984, -104.477, 714.372
3.08619, 917.227, -453.884
7.31268, 614.559, -119.398
5.17978, 60.0275, -274.642
5.81447, 764.165, 636.394
5.48362, 875.058, -484.334
6.93363, -507.74, -716.904
6.67999, -641.868, -596.739
6.69339, 249.767, 181.205
6.85642, -156.011, 290.805
2.5002, -774.268, 327.122
4.77274, 276.144, 327.641
4.25696, -914.795, 202.514
5.80713, -251.975, 691.851
6.22234, -888.144, 153.516
3.3821, -157.373, -468.842
7.4621, 804.012, -757.297
5.95466, -915.049, 197.781
6.97862, 152.954, -15.6568
3.51579, 353.953, -94.6694
7.2356, -482.046, -45.67
4.88476, 852.326, -486.197
6.78578, 911.781, -748.293
6.41237, -898.927, -538.177
5.70687, 896.835, -869.255
3.14521, -706.824, 174.175
5.77944, 9.10054, 667.389
3.09199, 56.8928, -1.57344
3.88793, 299.372, 768.622
6.65548, -235.859, -244.22
6.14153, -742.498, -509.926
6.74348, -603.629, 290.447
3.43989, -770.055, -855.777
6.09602, 555.601, -308.197
4.25586, 143.246, 295.15
3.34555, -420.125, -685.417
4.52383, 329.034, -524.971
4.20924, 161.848, 727.681
6.67141, 341.387, -119.296
3.9111, 700.136, 590.233
5.16766, -626.937, -459.46
6.25085, 932.021, -849.309
4.62554, -659.606, -735.432
4.66964, -516.41, 552.703
3.03022, 841.69, -912.878
6.4639, -41.539, -456.422
3.91232, -601.096, -461.154
7.14264, -536.656, -237.431
5.37926, 247.768, 503.994
3.4895, 812.098, -297.43
5.99081, 557.626, -724.776
3.07265, 484.626, -892.042
4.22945, 275.552, 745.787
4.15646, -534.288, -238.677
6.42735, 828.245, -925.295
6.65775, 459.241, -213.372
4.21712, -726.466, 744.886
4.2603, -279.501, 888.984
6.38197, 127.39, -764.609
6.58658, 4.99208, 682.887
4.26157, -161.302, 295.676
7.09559, -395.318, -274.058
3.2877, 508.56, 233.749
5.56029, -461.323, 598.977
5.54222, -422.266, 695.508
3.16647, -240.104, -709.365
3.51409, -714.134, -509.849
4.79457, -834.564, 527.545
3.48759, -469.845, 886.285
6.77118, -833.117, 375.407
6.54562, -756.236, -646.643
2.80131, -870.863, 845.844
6.50584, -706.258, 635.444
5.49597, -158.205, -508.51
7.43182, -880.193, 273.569
2.65919, -112.121, 682.121
6.8356, 888.466, -704.241
3.69109, 618.736, 299.879
3.6127, 193.554, 387.632
4.73907, -899.273, -550.841
2.61231, 850.04, -187.083
6.79755, -253.671, 4.72803
4.15902, 224.062, 549.01
5.72195, 318.906, 296.248
7.43521, -904.157, -506.32
5.30162, 286.285, -571.704
4.74553, -759.448, -247.683
5.213, 129.897, -728.056
2.90797, 787.387, -32.2768
3.99606, -777.474, -250.109
6.63964, 780.168, 634.237
6.48936, 609.307, 879.144
5.71048, -122.166, 678.448
4.84105, 617.128, 361.031
7.15326, -194.859, -549.172
5.08798, -248.836, -47.6618
7.42924, 794.495, -483.425
5.94567, -50.4719, -683.702
6.19966, -149.79, -480.317
3.46323, -399.977, -888.676
6.08881, -467.444, 589.687
6.11146, 577.44, -146.345
6.49298, 282.764, 146.57
4.23216, 251.031, -953.085
5.1481, -19.9545, -135.085
3.19001, 728.749, -332.524
6.73218, -242.903, -246.669
6.32766, -44.0719, -844.296
7.5, 880.119, -435.513
4.24891, 479.812, 938.164
5.50367, -571.817, 563.599
3.50808, -491.479, 54.9829
6.2385, 42.1284, 153.956
6.49225, 925.196, 220.812
3.03505, -694.987, 105.281
5.35813, -506.696, 42.6363
2.84683, 358.719, -366.472
4.16036, 677.979, 673.023
5.80945, 462.921, -690.119
5.27726, 137.142, -165.933
7.12415, 227.318, -9.91188
2.69832, -460.363, 204.034
2.62083, -287.245, 216.21
4.61923, 229.883, -639.15
4.36987, 451.254, 144.359
2.93303, -245.588, -266.362
3.05403, -151.536, 166.006
5.31992, 350.41, -339.763
7.37269, 3.74934, 711.563
3.05066, -44.6095, -833.514
5.99352, 100.599, 928.732
2.79674, -71.3214, -686.422
4.69755, 833.231, -74.1753
5.24651, 955.705, 700.145
3.45129, 670.137, -730.238
7.36597, 339.725, 323.7
3.19593, -662.103, -86.3997
5.48978, 885.082, -457.924
7.12812, -849.949, 701.299
3.91116, -69.7614, 862.828
6.8307, -154.644, -85.8736
6.29598, -193.968, -565.293
6.10793, 332.722, 611.303
3.34241, -338.036, 340.228
3.32882, 770.718, 361.622
3.39076, -642.752, -945.238
5.87226, 314.992, -571.014
4.83484, -309.144, 16.8385
6.85219, -782.228, -355.569
5.76023, -658.04, -104.032
5.80464, 741.694, 843.781
2.58037, -655.987, -565.176
4.30596, -744.772, -683.221
3.72747, 902.673, 93.1553
6.93086, -895.539, -900.363
5.23701, 817.329, 786.299
6.57209, -42.7955, -632.437
5.24453, 169.772, 834.06
4.16156, 491.911, -48.5967
4.40213, -5.47509, -647.292
2.52389, 893.184, 624.998
6.95226, -83.2304, -400.085
6.16955, -460.317, 663.539
6.04239, -122.903, 666.215
5.1278, 83.8721, -184.906
6.41065, -165.991, -783.106
3.42484, -407.666, -431.789
5.72673, 272.708, 458.62
3.42178, -645.104, -268.109
3.31214, -15.9843, -118.555
2.65594, -184.704, 835.132
7.42716, 136.65, -676.856
4.04559, -302.631, -679.148
4.11075, -637.413, -290.159
5.51155, 275.555, -206.17
2.89107, -322.48, -890.162
3.93936, 3.68858, 58.7256
5.79307, -160.901, -474.676
7.36348, -918.342, -360.802
7.27758, -361.714, -760.367
7.42745, -652.254, -295.836
7.30478, -872.26, -691.987
3.0073, -517.044, 554.683
3.71505, -159.478, -475.275
6.91151, 114.72, -387.766
5.28805, 339.125, 650.261
6.7669, 783.56, 526.725
7.49145, -532.954, 557.507
3.99751, -203.241, -470.169
6.33157, 939.198, 431.353
4.81901, 293.028, -166.446
6.8168, -653.653, -743.667
6.99018, 835.625, -42.1351
7.377, 251.64, -392.347
2.77405, 616.972, 159.024
6.32605, 899.265, -632.828
5.09219, -905.005, 735.404
3.46574, 937.134, -195.645
6.98252, 227.563, -552.24
6.38492, -828.261, 102.354
2.75968, 396.172, 525.923
7.47331, -807.41, 752.255
5.93659, -70.3827, -429.035
5.94854, 865.991, 494.478
6.57666, -641.133, 808.477
7.05426, -56.0796, -436.833
3.34218, -201.601, 359.564
5.24183, -603.305, 774.706
6.53351, -489.853, -244.833
4.17803, 330.386, -518.281
5.53435, -94.8253, 20.9946
6.59602, -881.126, 345.011
7.3485, 58.8704, -230.56
6.29349, 545.031, 519.758
3.72113, -132.858, -100.617
5.80589, -571.15, 378.529
4.21574, -473.055, -209.233
7.27146, 360.089, -377.713
2.60828, 785.341, 538.134
4.54979, -880.49, 914.542
2.55789, 560.838, -680.371
3.04964, 846.432, 221.447
5.28259, -807.962, 103.393
4.45466, 11.2269, -254.229
7.20539, 123.289, -181.787
2.55572, 183.415, 372.623
6.22897, -175.497, -469.254
3.84293, 157.718, 117.734
4.27153, -638.514, -758.726
3.45835, -450.417, 637.1
5.14832, 297.987, -136.51
4.39478, -42.9102, -835.793
3.16407, -51.0584, -829.831
4.26563, -182.487, -507.738
4.2497, 775.585, 948.56
7.41084, 633.954, -151.713
5.25961, 148.307, -336.972
4.99918, 39.9719, -718.894
3.58531, -828.487, 404.564
4.37311, -245.383, -603.801
6.78251, -629.997, -456.209
6.45578, 796.852, -512.968
3.9204, -523.404, 872.582
5.07645, 444.835, 128.517
6.79238, -242.671, 40.5614
7.07844, -841.353, -178.24
7.48941, 136.059, 874.155
6.53177, 143.768, -171.134
5.22718, -898.907, -179.11
7.3461, 131.911, -725.464
5.31931, -576.072, 367.497
4.03031, -445.626, 633.645
5.41853, 880.315, 882.718
2.91197, 64.8781, -264.951
5.47382, 354.592, 587.696
3.31968, -569.648, -573.518
6.46527, -641.839, -436.682
2.95373, 598.96, 685.429
6.3072, -483.927, -679.97
6.83996, -247.253, -10.2972
6.40105, 149.76, -340.998
6.61399, 901.863, 872.763
6.70974, 367.244, 542.265
4.48328, 491.334, 253.965
6.508, -137.589, 166.208
6.56811, 373.197, -37.3276
5.43493, -400.26, 89.635
4.64621, 766.024, -21.6935
2.5002, -51.0894, -459.773
5.31153, -793.822, 333.703
6.22632, 358.049, 325.144
3.89846, 900.682, 286.488
2.93406, -932.179, 554.537
3.5733, 854.968, -865.593
3.93296, -467.936, 605.974
4.86595, -380.433, 460.754
6.95893, 839.494, 827.739
5.91955, 496.41, -479.814
3.54376, -2.65225, -132.932
6.67533, 770.447, -9.11454
7.09218, 898.795, 912.929
4.48244, -504.632, -671.462
6.37858, 562.249, 524.755
5.68161, -129.994, -106.829
6.64746, 469.122, 243.137
3.40204, 531.082, -470.704
7.45927, 558.325, -725.324
6.70558, -139.557, -802.593
4.65177, 861.941, 244.712
4.38589, 595.935, 847.512
2.70802, 612.935, -493.225
6.80715, -720.826, -500.836
6.62116, 886.738, -878.715
6.25052, 22.744, 718.068
3.55801, -176.076, 923.666
4.31029, -774.275, -176.153
4.43545, -589.379, -735.339
7.32918, 785.321, 630.241
6.5872, -125.217, 660.465
4.5755, -69.741, 437.224
5.83759, 198.903, 146.785
2.52101, 476.507, 937.386
6.98048, -709.181, 202.279
3.68416, -357.872, 357.402
3.79415, 342.073, -135.056
5.4939, 394.173, -689.185
6.89823, -812.858, 354.97
6.16299, -582.148, -583.443
6.0773, 841.96, 569.994
3.57724, -584.621, 484.51
6.30413, 689.308, -938.597
3.85351, -189.515, -514.487
2.75246, 613.207, 298.833
4.78866, 314.993, 281.735
2.58759, 420.251, -738.391
3.01129, 57.6866, -205.455
2.639, -163.023, 299.427
5.65921, -356.657, -539.878
6.34425, 55.0414, -223.079
2.74132, 539.756, -810.404
6.6924, -22.9389, -629.163
6.76899, -238.046, -250.869
6.57649, -491.181, 569.176
6.85188, 790.573, 376.401
5.27222, -614.307, -150.782
6.12646, -249.841, -28.6003
3.20424, -477.969, 881.831
6.6115, 584.308, -509.004
5.51185, 694.342, -184.595
4.93856, 477.227, -882.334
6.14942, -241.598, 853.928
4.05164, 754.492, -655.333
3.93925, -703.587, 330.136
5.45857, -905.053, 746.67
5.34055, 603.1, 832.125
5.41059, -916.623, -560.515
2.84132, -671.726, 289.962
4.34304, 151.017, -344.214
6.28475, -917.856, -553.8
6.35297, -450.603, -849.801
4.27217, -400.285, -284.381
5.98913, 205.445, 892.278
5.08005, -647.73, -290.081
5.94494, 343.99, 146.561
6.18066, -80.7307, 627.286
2.56231, -325.323, -649.039
7.16549, 629.277, -157.103
5.37826, 120.007, 116.047
3.05587, 513.25, 960.694
4.87388, -113.081, 27.3999
3.24247, 216.71, 108.241
4.22594, 58.538, 431.992
7.04476, -874.359, 164.353
4.54571, 10.6918, 531.668
5.96642, -675.994, -93.6475
3.35865, 366.709, -845.706
6.21715, 853.562, -481.821
4.16319, -434.111, 664.952
4.62157, 631.381, 323.678
2.79523, -185.624, -75.9661
5.09005, 271.129, -219.395
5.94425, 449.72, -564.318
5.01149, -259.048, 10.0169
6.56617, -183.047, -728.832
3.07974, 101.6, -895.045
5.24841, 276.858, 463.456
5.06046, 346.922, 43.0974
6.02649, 923.365, 439.304
5.65083, -248.208, 875.958
4.0207, -56.7258, -628.363
6.74719, 390.32, 340.12
3.39619, 617.967, -29.2467
2.61737, -497.335, -94.012
4.19467, 690.515, 40.9359
3.43818, 334.443, -129.762
6.60467, -279.232, 160.666
6.72507, -901.349, -185.023
6.78031, 855.548, -698.983
7.37454, -906.284, 628.731
2.99587, 418.961, -434.352
2.56182, 567.393, 631.731
2.58614, 227.621, 544.028
2.64527, 219.357, 122.468
4.1031, 148.966, -343.389
6.17815, 607.838, 288.705
3.14876, 348.476, 461.488
2.5161, -378.881, 479.521
6.91905, 129.786, -782.918
3.70482, 204.652, -528.151
4.38481, -824.886, 727.852
4.44879, 601.124, 146.077
2.81534, 621.428, 303.656
7.30792, 184.137, 889.016
3.75349, 707.887, -351.076
6.85376, -668.611, -63.5554
2.85991, -882.441, 364.947
2.70653, -591.088, 577.214
3.46378, 316.411, -495.221
3.86708, -297.755, 307.367
7.4007, -938.511, -350.242
3.60607, 332.075, -506.74
6.43119, -862.856, 829.074
4.42306, 259.245, -401.653
3.78593, 455.578, -624.722
3.91087, -894.966, 66.3476
7.33834, 876.682, -50.7333
4.22841, 709.657, 149.584
3.45922, -925.404, 725.484
5.05037, -545.267, -363.568
5.21857, -532.242, 604.662
5.72333, -658.519, -568.434
3.89738, 0.628016, 750.053
3.41887, -312.265, -676.984
2.71579, -816.482, 358.564
3.98408, -513.754, -243.907
4.25548, -229.371, 129.643
7.09372, -393.021, 699.714
5.81225, 490.016, -348.011
5.08041, 861.603, 560.114
4.03763, 574.219, 548.866
3.0007, -327.041, 141.874
3.47502, 359.09, -900.955
4.11407, 45.6714, -120.012
5.56182, 890.01, 93.3742
5.13511, 932.77, -948.181
3.45653, 312.499, 243.949
4.7178, -675.282, -476.481
4.48693, -663.327, 802.039
6.28051, -587.165, 747.819
6.6213, 723.345, 603.467
5.51573, 121.365, -386.894
3.04573, 580.811, -781.396
4.11797, 466.256, -165.637
5.03403, 23.4365, 305.451
4.76521, -660.562, 776.632
4.77315, -165.489, -476.468
4.91125, 911.253, 895.267
5.07896, 361.174, -648.307
4.50207, 179.421, 793.452
4.22945, 903.726, 418.967
6.64533, 904.56, -198.514
3.02204, -691.845, -748.45
6.40057, 525.077, 505.932
3.19919, -290.045, -230.976
2.62171, -773.95, -532.743
6.0664, 369.388, -680.069
7.15538, 146.551, -775.921
7.47667, 224.251, 162.524
3.86264, -896.946, 151.688
3.6923, -524.104, -245.264
3.87328, 910.99, 605.653
5.70836, -878.017, -722.268
5.17637, 293.186, 125.962
6.8967, 789.786, -293.452
6.75968, -638.174, -766.977
2.98004, 851.766, -45.1182
4.66818, -717.769, 213.717
3.17045, -161.166, -727.694
5.86802, -199.134, 312.639
5.34964, -39.1316, -444.911
3.66474, -552.989, 561.524
5.50306, 252.436, -656.147
2.6551, -755.862, -11.3091
7.08512, 538.575, -282.554
3.82958, 849.003, -184.071
6.50016, -168.353, -528.335
5.46389, 152.657, -717.867
5.0822, 357.907, 581.553
5.2567, 348.029, 592.214
3.47225, 453.857, -219.582
5.36152, 150.2, -685.762
3.81992, 166.604, 396.124
4.41648, -783.437, 520.332
2.73626, -713.072, -878.976
4.22823, 564.17, -682.686
3.61594, 641.957, -432.862
3.81264, 20.418, -704.083
3.05141, -406.304, -444.432
7.40088, -674.482, -4.62417
5.93794, 785.305, 624.128
5.82158, -544.939, -366.863
5.99501, -584.238, -663.416
2.68746, -782.289, -730.889
3.6706, -655.606, -750.297
3.95397, 734.987, 674.627
3.50543, 66.5697, -229.564
2.7177, 326.487, 274.518
2.56571, -516.967, 551.626
6.07297, -489.895, 773.733
6.88348, -843.928, -587.701
5.35088, -871.551, 338.087
6.92743, 855.062, 834.355
5.20042, -371.295, -269.016
3.31357, 877.354, -638.83
3.30492, 940.557, 462.03
7.19182, 292.329, 267.171
3.45628, 519.498, -804.739
3.15761, -4.99552, -121.537
4.41122, -238.021, 8.36621
6.12674, 275.201, -197.29
2.50651, 547.102, 841.499
4.60222, 34.7354, 719.828
5.18984, 252.716, -228.623
4.86596, -228.782, 236.12
6.33003, 550.542, 838.921
2.9396, 531.699, -471.29
7.04284, 153.585, 325.726
3.20818, -826.753, -403.334
2.54782, 345.114, -32.2418
2.82267, 246.904, 506.288
4.96742, 372.685, 220.109
5.40914, 510.52, 951.276
4.03373, -912.182, 538.159
4.57091, 839.86, -45.6935
4.33401, -604.817, -644.023
3.42687, 149.969, 644.667
2.76788, 619.17, 134.328
4.47222, 499.769, -59.3992
3.98388, -329.089, -135.922
5.05388, -386.164, 810.654
3.75392, -704.528, 229.64
5.01589, 903.786, 908.626
2.51168, 3.14689, 782.651
7.01807, 926.69, -440.379
2.79181, -919.976, -916.636
5.17506, -612.71, 776.241
3.95754, -385.487, 823.778
7.3023, -791.215, -248.704
4.73406, 349.986, -103.432
5.08479, 844.362, 183.329
5.93861, -296.826, -8.81996
2.72187, -157.637, 55.0561
7.2946, -776.674, 591.65
5.70852, 377.323, 142.175
2.80215, 564.778, -733.1
3.33964, 77.0107, 262.035
5.76491, 477.258, -214.59
6.19864, -774.972, 332.098
3.57011, 842.944, 224.058
4.31441, 132.567, -782.567
6.56981, -643.17, 906.71
5.32057, 805.623, -462.125
7.45886, -46.0749, -825.991
6.5669, -763.71, 360.303
3.49157, -949.373, -17.3982
2.50003, -147.957, -805.123
4.62608, 889.833, -710.91
4.07406, 826.317, 198.463
5.56218, 597.936, -900.068
3.83351, -166.427, -520.581
4.39881, -590.551, -75.5401
5.43397, 890.664, 275.298
5.95636, -120.591, -457.646
7.26736, -419.618, -546.887
4.89785, -296.509, -908.16
3.60319, 412.131, -693.639
5.33741, -677.212, -480.829
6.09873, 359.656, 334.293
4.4953, -485.518, 567.686
3.48326, -676.204, 952.979
6.66971, -639.878, -762.79
5.59561, -450.78, -853.32
7.26866, -274.434, 172.838
3.23222, 10.2937, -204.202
5.38953, 12.3687, -440.576
7.26796, -429.233, 689.781
3.62331, 701.044, -952.17
7.25137, -489.252, 779.849
3.07874, 797.504, -516.07
2.58372, -2.08585, -223.593
3.90465, -331.89, -154.73
7.15042, 629.194, 134.198
3.04796, 761.757, 851.803
6.77266, 1.94624, 752.346
5.68532, -699.22, -714.932
5.63853, 391.927, -686.688
3.80589, 719.872, 672.707
5.13936, -904.371, 203.641
7.16608, -256.055, 853.08
3.98055, 888.323, 110.023
4.78006, 186.509, 387.977
6.35659, -644.049, -589.245
4.17193, 158.698, 116.532
6.31775, -55.3332, -821.153
6.65892, -15.2493, 901.908
2.64618, -722.023, 559.08
4.31315, 695.821, -257.843
4.16221, 267.858, 486.67
3.17675, -465.689, -238.188
3.00839, -291.573, 615.779
5.11327, -582.357, 784.441
3.52046, 34.1363, -504.608
5.00728, -844.246, -588.81
5.1371, -27.604, 920.173
4.13422, -257.4, -285.874
4.75888, 243.939, -403.512
6.85263, -41.352, 913.538
4.72884, 600.089, 830.204
6.03726, -451.996, -835.453
6.83171, 876.237, -695.904
6.5822, 809.553, 192.624
2.67504, 825.025, 819.536
3.8644, -622.155, -254.409
5.21858, -412.059, -422.11
3.19942, -914.043, -562.302
5.57408, -742.154, -874.275
3.29182, -628.016, -634.931
4.41129, 108.971, 214.711
5.94997, -98.7801, 181.463
3.21128, -399.109, 475.822
5.65284, -783.849, 751.877
3.15973, 160.053, 906.184
7.13583, -716.621, 212.205
5.53465, -913.522, 778.177
5.50388, -883.921, 358.879
3.33635, 591.273, -504.268
3.301, -822.232, -406.565
5.91628, 593.184, -22.5526
5.1456, -693.065, -7.50576
3.65264, -111.747, 735.355
6.55373, -475.437, -60.2152
5.76477, -414.976, -544.368
4.08597, -598.453, -583.886
2.53953, -250.171, -788.71
3.49176, 717.471, 678.148
3.78831, 9.15276, 372.707
3.03825, 850.31, 40.9004
3.49545, 104.455, -412.01
6.75079, 796.951, -771.287
6.63912, -884.836, 197.997
6.76813, -889.8, -564.935
5.71027, 301.611, 768.735
3.6787, 708.94, -952.878
6.80638, -503.539, -770.131
5.4745, -1.6044, -126.404
2.52745, 519.712, -58.5348
6.84925, -626.956, -457.281
7.37729, 615.768, 137.698
5.59653, 351.956, 27.183
3.85574, -885.123, 336.278
7.46973, -194.854, -575.008
4.60751, -682.328, -500.576
4.20537, -780.295, -600.479
4.80717, 330.101, -96.2253
4.44822, 249.157, -415.597
4.613, -21.3528, 509.277
2.84879, 130.3, 306.437
5.5153, -17.4498, -116.759
7.36114, -50.7848, 210.07
5.07406, -712.845, -495.44
7.45461, 906.805, -126.453
5.84906, 585.725, -128.288
4.01716, -598.866, 58.1538
3.47371, 832.212, 583.845
4.0109, -740.634, -874.914
4.93946, -345.512, 451.39
4.72438, 505.259, 938.681
5.7844, 340.735, -889.208
3.74227, -746.1, -682.464
4.72007, 48.1398, 541.585
5.75894, -688.801, -14.8319
6.67472, -716.532, 248.795
6.03698, 183.217, 801.954
4.93928, -838.533, -627.67
6.72039, 388.828, -215.275
7.00296, -510.808, -223.822
6.33082, -668.341, -481.607
5.29453, 643.02, 882.62
2.70603, -7.58673, 79.5315
5.46749, 551.582, 76.2967
2.68674, -632.913, 796.08
4.53488, 79.4553, 423.123
2.84243, -937.602, -863.074
7.38558, -753.775, -888.109
2.5956, -491.137, -240.358
6.60363, -169.575, -262.97
5.2195, -385.755, 813.36
5.72828, 749.676, -341.518
3.62934, -268.203, -3.05182
2.733, 875.211, -702.639
3.63154, 204.821, -544.768
4.58371, -634.803, 129.392
6.40126, 255.033, -612.907
3.72852, -885.173, 351.364
4.81411, 622.6, 135.099
6.14756, 925.761, 284.909
5.35237, -338.345, 792.959
5.45997, 916.152, 897.831
4.98425, -861.98, 266.729
3.951, 454.745, 160.561
4.71107, -3.22883, -209.064
2.53669, 831.609, -406.317
7.41683, 488.286, -347.515
2.52822, -756.055, -197.078
4.8676, -103.594, 726.571
5.86497, -335.058, -135.957
