6.27803, -341.526, -352.174
3.5948, 158.2, -30.2813
5.89648, 193.697, -171.396
5.09708, -199.201, 318.133
2.76731, -338.817, 322.682
2.53849, 327.085, 192.233
4.58743, -239.245, -130.195
7.15218, 241.64, -7.63279
2.95982, 116.295, 292.394
6.00595, -46.0619, -32.0429
3.81226, 415.672, 323.165
4.14117, 149.76, -322.782
7.45519, 221.635, 61.946
7.41275, -306.755, -332.534
5.75759, 236.07, 30.385
6.92354, 279.871, -271.512
6.33247, -187.247, -174.562
3.87453, -251.952, -358.326
4.93259, -336.804, -235.727
2.80282, 457.328, 423.667
5.08146, 24.182, 406.795
4.96988, 381.319, -373.619
7.23882, -286.841, -513.453
4.42071, -35.4044, -200.867
5.14874, 423.216, -421.174
2.75042, 285.881, -47.2951
6.63909, 283.996, -54.3758
5.94228, -380.153, -459.222
6.18112, 25.4946, 311.68
6.94286, 391.455, 429.177
4.25508, -125.293, -244.489
6.72991, 211.141, 25.7226
3.84659, 136.853, 79.7717
4.83959, 80.5214, -116.826
3.2686, -359.22, -316.55
2.66527, 222.804, 24.8968
7.2768, 273.987, 44.5618
6.95369, 287.799, -24.4866
3.29884, 230.467, 60.3638
3.15214, 195.007, -218.183
2.515, -533.661, -224.824
6.0491, -190.349, -234.17
3.40448, -440.273, 349.282
5.76029, 475.499, -324.17
4.42907, 276.126, -302.16
3.23766, 142.284, -17.194
5.45054, 214.072, 67.79
3.24076, 39.4544, 258.243
3.2091, 140.772, 209.12
4.94257, -275.264, -274.358
3.13015, 255.242, 61.2397
5.64635, -113.908, -231.217
5.60817, 151.179, -349.939
4.88216, -326.245, 357.749
2.64188, -455.73, -284.317
3.21011, 263.35, 368.634
3.15594, -199.918, 370.267
3.31099, -390.285, 417.424
3.76529, -119.088, -83.2715
4.77654, 111.569, -246.26
6.54472, 33.0181, -169.569
3.57624, -22.1642, 254.683
3.75063, 364.383, 243.059
5.02978, 122.531, 273.692
6.27922, 189.145, -10.9434
5.66369, 221.667, -54.5581
5.9449, 151.889, 132.961
7.27207, 415.549, 439.074
5.18713, -403.684, 410.466
4.57014, -242.772, -362.488
4.70019, 233.283, 31.6249
6.07821, 450.01, 388.867
6.20858, 199.251, 29.1343
5.12494, 594.455, -336.792
6.06711, -237.128, -161.187
5.91025, 270.497, 61.4791
6.82941, 362.153, -216.231
3.19597, 8.78721, 390.645
3.57766, 134.728, 109.012
5.0733, -130.795, -149.067
4.83766, -58.283, 407.841
3.55759, -29.8491, 526.36
5.65244, -356.5, 330.145
2.5044, -499.577, 33.1302
4.09589, 200.369, -1.44555
5.90281, 249.325, -4.81512
6.0446, 240.285, -123.109
2.90869, -434.468, 437.867
3.56926, 269.861, -18.386
4.44412, -339.725, -219.198
4.44927, 524.979, 503.213
3.92018, 220.354, -294.5
4.6123, 181.24, 124.063
2.55658, -357.931, -354.396
3.72027, 576.782, -505.168
4.49072, -451.489, 444.859
6.64177, -479.996, 154.325
3.78584, 419.405, -645.61
3.59705, -171.156, -202.863
6.47385, 232.416, -35.3827
5.8476, 191.975, 33.2684
5.49108, -451.909, 188.885
5.99917, -38.8932, -292.618
5.13062, 190.886, -232.625
4.14833, 205.325, -44.1487
3.30844, -573.141, 36.3177
6.56633, 202.815, 109.905
4.08004, 193.255, 37.6112
4.05369, 44.8566, -243.113
4.65424, -70.0123, -75.5773
4.46509, -23.458, -304.628
4.43916, 43.5731, -152.728
4.34871, -350.672, -470.251
5.88118, 218.808, -290.979
6.10384, 220.551, 52.3869
7.20082, 125.582, 362.66
5.08573, -86.8627, -219.773
5.5282, -37.3609, -34.2233
5.85049, -356.124, 359.874
5.11404, 3.46722, -287.113
3.87105, -370.175, 426.062
7.08924, 197.474, 5.31848
3.73367, 421.654, -424.673
4.77876, 216.248, -4.48992
3.30374, -449.426, 402.414
4.68319, 323.105, 43.7696
7.45767, 271.226, 129.258
6.26931, -217.489, 406.674
4.97846, -345.709, -324.327
7.01651, -402.891, -168.795
4.68213, 225.029, 6.28776
5.09239, 50.7155, -23.769
4.44866, 190.122, -271.059
5.63431, -102.258, -310.268
5.19331, 213.705, 47.1539
4.35955, 175.269, -315.686
2.54674, -29.3893, 67.0903
6.3794, -90.7174, -216.406
2.85317, -344.078, -306.062
3.98511, 172.348, -276.949
4.78581, -34.5313, -199.536
3.25156, -235.739, -159.138
5.97819, 125.143, -314.593
4.15587, 272.056, 57.2843
5.21197, 430.512, -359.582
2.64678, 601.461, -475.714
5.38086, -16.6276, -155.046
5.18133, 245.335, 42.1106
7.36678, -236.462, -178.812
5.57063, 20.9682, -259.641
5.26431, -434.789, 91.0907
6.69051, -150.29, 309.407
3.75764, -313.618, 425.31
6.98957, 159.73, 90.9029
5.97428, 196.745, -326.544
5.82752, -336.085, -250.345
3.06838, -228.253, -411.703
3.37987, -392.108, 178.39
2.91253, -55.909, -90.1618
6.68103, -49.3257, 66.1943
2.64818, 511.881, -471.986
6.34719, -60.4469, -207.603
4.29829, -441.279, 333.175
6.24626, 47.6971, 388.916
6.28385, 246.991, -0.525501
3.60834, -490.827, -213.176
5.58305, 204.207, 77.0292
3.66846, -89.2932, -216.488
6.22052, -543.07, 190.079
5.80997, -359.704, -312.507
4.9209, 547.567, -496.054
2.58972, 90.7668, 84.856
4.98291, 193.67, 53.8343
5.09587, 291.437, -258.007
4.71395, -414.059, 25.4572
4.14528, 78.0435, 358.197
3.52671, 243.677, 180.77
7.19863, -24.0057, -260.967
2.85168, -306.648, 392.508
3.30042, -101.663, -120.423
6.70788, -330.749, -247.646
4.13614, -81.8121, -177.889
6.85942, 251.924, 154.491
5.99896, 597.886, 446.8
5.52801, 143.345, 101.367
4.77536, 40.4586, -132.443
2.91543, -399.481, -296.824
3.94883, 49.7747, -126.527
6.51009, -359.58, -369.991
6.81821, 213.702, 41.8507
3.81831, 148.646, -341.642
4.79881, -162.848, -305.386
4.95672, 238.598, -326.992
5.82344, -553.393, -302.531
7.31738, -295.978, -184.676
7.23022, 166.973, -245.506
2.81902, 197.145, -273.218
5.04829, -334.874, -268.305
6.13222, 468.441, 218.663
5.65882, 214.138, 82.8125
3.26658, -429.824, -358.881
5.09652, -409.943, 25.5955
3.52281, -296.338, 411.285
6.03231, 295.473, -202.28
6.05786, -416.779, -223.665
3.66304, -132.493, -179.886
6.80594, 22.8648, -210.638
2.67122, 106.136, 351.792
6.26587, -449.549, 166.959
4.14789, 169.003, 134.381
4.65309, -298.749, -287.573
7.33455, 225.778, -23.0511
4.05803, 421.697, 378.905
5.69762, 376.693, -291.146
5.95386, 134.123, 109.03
5.36403, 101.885, 407.598
6.60667, 523.653, -507.057
4.21807, -361.191, -367.714
5.09387, -354.449, -277.128
6.78438, -70.4231, -240.654
6.18587, 171.273, 233.716
3.45992, -410.052, 283.224
2.83145, -239.741, 213.124
3.60828, 524.819, -546.616
3.33656, -80.8408, -32.4765
6.31172, 272.945, -78.3661
5.44905, -453.694, 183.827
4.65223, 463.299, 389.24
7.09618, 160.382, 84.2366
5.09668, 171.709, 37.2309
7.38058, -376.447, -140.318
5.15714, -293.069, -306.505
2.98716, 225.006, 59.9977
5.83983, 305.127, 40.1029
5.44444, 180.04, 154.76
5.01137, -174.019, -181.887
2.75808, -403.229, 149.243
2.6753, 23.5702, -329.326
4.41484, -348.253, -283.251
5.55555, 226.339, 25.845
5.06574, 477.362, 410.294
5.98498, 212.709, 43.9329
4.89891, -112.941, -227.711
3.88323, 271.071, 217.856
6.01685, -233.229, -246.271
3.67701, 328.251, 12.5372
6.41501, -47.5299, -159.902
6.60589, 23.9518, 371.25
3.21842, -386.253, -319.144
5.75757, -477.643, 475.559
3.87677, 526.666, -381.406
7.26215, -396.478, 407.282
4.58238, -221.395, -239.521
3.03869, -48.1892, -53.508
4.70633, -482.742, 455.236
6.28811, -359.146, -310.007
2.77803, -359.657, -327.713
3.51241, -18.5595, -200.829
6.82305, 535.751, -511.213
6.52456, -102.246, -185.448
2.78861, -340.93, -278.829
4.40304, -109.809, -108.307
4.56124, 37.5414, 366.467
2.80071, -36.3228, 67.6849
7.09746, 479.607, 395.339
3.35398, 473.074, 321.95
6.51634, -395.577, 196.234
3.88599, 221.755, 93.4258
4.44586, -22.9252, 256.208
7.19936, -40.1857, 360.516
6.24573, 72.6323, -121.282
3.44774, -501.215, 392.537
6.89581, 251.141, -51.4958
6.8953, 228.979, -309.812
3.30515, -213.92, -172.881
5.87346, -302.418, -259.812
6.89096, 172.05, -7.02398
6.98262, 300.311, -81.4527
3.06535, -205.943, 390.077
5.93789, -204.676, -214.183
3.21651, -167.174, -497.645
3.6901, 320.925, 48.8507
5.64383, 146.841, 116.531
4.312, 363.87, 244.876
4.64437, 567.567, 170.877
4.91936, -116.934, -195.899
6.20379, 51.7397, -119.917
3.23098, -329.654, 387.702
7.36238, -398.341, -269.388
7.3158, -158.49, -192.555
3.14741, -185.614, 648.793
5.3784, 41.3123, -26.2984
4.66439, 9.18428, -87.9587
5.50066, -130.789, -155.414
5.85098, -181.432, -220.211
4.5137, 532.052, 372.754
6.46691, 447.195, 344.938
4.89889, -214.975, -184.616
5.72449, 289.622, -45.6529
4.28836, -165.517, 431.655
5.96794, -54.3976, -230.687
5.83428, -514.05, -281.573
3.22071, -383.13, 423.785
7.10415, -430.408, 178.86
4.22228, 92.3291, -140.609
6.66824, 45.6463, -125.769
2.74349, 227.149, -312.409
3.27936, -166.773, -272.68
2.55765, 275.141, -1.69843
3.94327, 45.2173, 412.976
5.07295, -159.021, -164.941
3.65948, 509.844, 535.906
2.75022, -112.527, -206.257
5.33091, -303.075, -235.419
6.69774, -0.941014, 262.157
4.28763, -347.747, -341.352
4.3452, 23.6217, 336.719
7.22226, 223.447, 33.5247
4.72425, -357.503, -217.621
6.82086, 206.081, 38.3028
5.82654, -402.483, -294.871
5.79297, 83.7865, 366.024
7.10736, -592.437, 506.055
5.11536, 569.138, -377.962
5.45229, 288.543, -341.798
5.79944, 384.792, 339.876
4.24765, 204.409, -2.05021
4.11714, 228.922, 41.3275
7.08984, 36.659, 323.425
3.08619, 491.931, -536.182
7.31268, 166.924, 178.531
5.17978, 34.8607, -156.971
5.81447, 401.903, 405.664
5.48362, 383.595, -390.21
6.93363, -301.91, -164.121
6.67999, -347.926, -278.405
6.69339, 161.486, 63.873
6.85642, -63.6347, -1.49245
2.5002, -275.363, 118.577
4.77274, 242.593, 61.8167
4.25696, -443.936, 171.196
5.80713, -233.079, 499.943
6.22234, -400.286, 199.099
3.3821, -104.272, -218.961
7.4621, 526.423, -498.215
5.95466, -396.154, 149.002
6.97862, 244.403, 317.679
3.51579, 232.589, 63.8265
7.2356, -333.29, -190.266
4.88476, 443.432, -414.756
6.78578, 458.41, -509.851
6.41237, -327.502, -284.854
5.70687, 408.248, -435.302
3.14521, -464.659, -28.2257
5.77944, -23.0639, 346.053
3.09199, -38.7685, -109.754
3.88793, -19.2773, 226.586
6.65548, -130.883, -137.057
6.14153, -278.621, -510.798
6.74348, -860.956, -44.1047
3.43989, -219.773, -113.654
6.09602, 207.777, -135.318
4.25586, 179.773, -33.5541
3.34555, -537.526, -387.082
4.52383, -153.444, -262.661
4.20924, 53.5668, 374.335
6.67141, 189.479, 29.9534
3.9111, 443.686, 349.827
5.16766, -322.442, -270.583
6.25085, 421.868, -339.417
4.62554, -386.645, -169.85
4.66964, -440.815, 394.722
3.03022, 449.342, -382.662
6.4639, -77.3244, -233.718
3.91232, -515.765, -180.874
7.14264, -135.867, -172.557
5.37926, 321.142, -21.1289
3.4895, 391.346, -251.721
5.99081, 214.764, -295.974
3.07265, 219.978, -270.499
4.22945, -28.0601, 221.117
4.15646, -145.614, -190.025
6.42735, 541.684, -498.503
6.65775, 166.4, 197.008
4.21712, -515.789, 344.144
4.2603, -201.52, 335.869
6.38197, -78.5282, -179.938
6.58658, -53.0375, 365.253
4.26157, -147.538, -117.998
7.09559, -283.657, -251.14
3.2877, 259.804, 11.6949
5.56029, -311.302, 527.529
5.54222, -384.196, 424.813
3.16647, -82.8811, -205.516
3.51409, -405.769, -318.673
4.79457, -390.281, 441.076
3.48759, -312.273, 460.766
6.77118, -434.246, 156.275
6.54562, -61.8235, -287.681
2.80131, -468.001, 432.749
6.50584, -468.171, 434.715
5.49597, -91.4743, -234.229
7.43182, -453.338, 186.696
2.65919, 104.751, 352.133
6.8356, 538.438, -507.213
3.69109, 94.0337, -54.6051
3.6127, 179.312, 22.0918
4.73907, -343.496, -323.331
2.61231, 178.615, 153.507
6.79755, -104.625, -214.436
4.15902, 213.464, 1.02277
5.72195, 299.849, -111.167
7.43521, -340.604, -320.888
5.30162, 209.471, -310.857
4.74553, -276.986, -243.706
5.213, -20.2013, -240.16
2.90797, 276.239, -32.3277
3.99606, -203.262, -233.748
6.63964, 388.22, 341.734
6.48936, 428.207, 570.805
5.71048, 134.371, 262.262
4.84105, 220.175, 47.9966
7.15326, -101.171, -217.578
5.08798, -82.0574, -202.359
7.42924, 443.407, -428.431
5.94567, -33.238, -129.899
6.19966, -114.104, -232.959
3.46323, -580.051, -190.495
6.08881, -212.358, 494.644
6.11146, 141.242, 110.051
6.49298, 234.923, 47.1456
4.23216, 266.586, -201.309
5.1481, 22.1089, -133.473
3.19001, 109.607, 83.7197
6.73218, -130.716, -150.625
6.32766, 84.8434, -271.246
7.5, 513.574, -536.924
4.24891, 482.469, 296.671
5.50367, -401.6, 405.412
3.50808, -285.168, -235.107
6.2385, 291.575, 37.8562
6.49225, 218.779, 36.6852
3.03505, -412.322, 372.849
5.35813, -279.971, -284.264
2.84683, 115.147, -124.522
4.16036, 447.032, 325.732
5.80945, 223.4, -314.629
5.27726, 136.405, -161.3
7.12415, 204.495, 62.4137
2.69832, -250.048, -261.35
2.62083, -91.9369, -210.567
4.61923, 276.852, -269.508
4.36987, 257.381, 22.1688
2.93303, -116.007, -101.765
3.05403, -66.8768, -116.838
5.31992, 250.763, -444.513
7.37269, -158.438, 409.048
3.05066, -49.1529, -227.577
5.99352, -7.73103, 333.697
2.79674, 163.553, -242.731
4.69755, 152.396, 121.663
5.24651, 393.216, 358.459
3.45129, 282.22, -378.6
7.36597, 240.159, 130.172
3.19593, -297.718, -189.146
5.48978, 417.476, -422.501
7.12812, -319.905, 463.472
3.91116, 55.6186, 365.269
6.8307, -133.782, -218.146
6.29598, 13.2145, -217.645
6.10793, 221.035, -20.1866
3.34241, -35.4788, 70.1998
3.32882, 415.51, 297.75
3.39076, -287.575, -7.69991
5.87226, 224.084, -258.695
4.83484, 23.0631, -342.284
6.85219, -368.92, -426.32
5.76023, -296.772, -307.121
5.80464, 560.464, 564.9
2.58037, -425.53, -556.177
4.30596, -406.539, -280.431
3.72747, 292.021, 135.823
6.93086, -416.3, -346.504
5.23701, 570.029, 429.047
6.57209, -123.613, -223.001
5.24453, -0.409048, 334.339
4.16156, 155.376, 158.017
4.40213, 148.203, -225.767
2.52389, 450.606, 361.581
6.95226, -102.567, -195.693
6.16955, -418.011, 450.866
6.04239, 76.4984, 340.274
5.1278, 40.6333, -116.282
6.41065, -66.8417, -202.834
3.42484, -237.207, -262.377
5.72673, 247.766, -2.76353
3.42178, -336.528, -314.901
3.31214, 2.11814, -159.499
2.65594, -335.974, 395.809
7.42716, -88.672, -154.495
4.04559, -291.151, -215.848
4.11075, -229.939, -72.3591
5.51155, 260.932, 114.333
2.89107, -233.288, -185.956
3.93936, 277.631, 95.5445
5.79307, -88.6441, -298.917
7.36348, -224.295, -464.038
7.27758, -431.597, -209.884
7.42745, -228.269, -214.848
7.30478, -414.12, -308.385
3.0073, -473.091, 468.012
3.71505, -130.566, -267.997
6.91151, -152.947, -195.917
5.28805, 210.958, -1.95484
6.7669, 434.525, 341.554
7.49145, -333.273, 389.981
3.99751, -25.0131, -311.157
6.33157, 372.742, 412.668
4.81901, 252.923, 113.14
6.8168, -369.114, -128.819
6.99018, 221.906, -43.5575
7.377, 81.9198, -168.355
2.77405, 245.109, 39.1198
6.32605, 538.624, -485.698
5.09219, -316.136, 465.131
3.46574, 134.077, 63.7159
6.98252, 255.587, -281.663
6.38492, -221.161, 217.051
2.75968, 267.519, -21.7702
7.47331, -402.188, 389.94
5.93659, -346.503, -258.119
5.94854, 374.197, 433.345
6.57666, -197.198, 317.557
7.05426, -69.8896, -204.948
3.34218, -64.0936, -0.00959289
5.24183, -406.508, 372.983
6.53351, -95.4274, -201.104
4.17803, 194.982, -275.483
5.53435, -222.911, -157.496
6.59602, -472.209, 282.345
7.3485, 39.6309, -134.808
6.29349, 364.27, 455.471
3.72113, -144.89, -198.813
5.80589, -524.482, 89.6448
4.21574, -174.493, -255.579
7.27146, 106.942, -222.777
2.60828, 183.72, 398.509
4.54979, -545.884, 499.597
2.55789, 176.153, -281.822
3.04964, 277.788, 138.922
5.28259, -429.21, 172.88
4.45466, 25.3134, -115.963
7.20539, 35.1208, -136.459
2.55572, 273.521, -194.337
6.22897, -151.629, -282.364
3.84293, 167.08, 33.8362
4.27153, -300.995, -342.261
3.45835, -232.102, 498.56
5.14832, 357.104, 298.537
4.39478, -41.6788, -208.715
3.16407, -160.29, -235.623
4.26563, -89.4652, -293.263
4.2497, 509.417, 451.132
7.41084, 167.417, 92.1141
5.25961, -118.085, -121.626
4.99918, -162.021, -141.21
3.58531, -419.481, 175.211
4.37311, -66.6286, -229.31
6.78251, -362.446, -310.692
6.45578, 409.173, -448.192
3.9204, -317.149, 386.446
5.07645, 311.734, 319.789
6.79238, -145.385, -185.267
7.07844, -253.428, -73.3133
7.48941, 2.1979, 259.564
6.53177, 47.9746, -154.461
5.22718, -354.431, -237.888
7.3461, 27.319, -232.581
5.31931, -436.087, 65.7105
4.03031, -333.564, 388.524
5.41853, 492.817, 514.782
2.91197, 140.478, -6.78552
5.47382, 274.684, -19.7185
3.31968, -388.922, -388.168
6.46527, -381.5, -331.477
2.95373, 647.865, 280.217
6.3072, -410.516, -165.935
6.83996, -140.981, -201.669
6.40105, -155.414, -283.321
6.61399, 373.447, 418.43
6.70974, 217.647, -121.944
4.48328, -59.2706, -87.7384
6.508, -50.178, -89.9083
6.56811, 307.521, 153.775
5.43493, -236.378, -264.865
4.64621, 198.303, -72.6519
2.5002, -94.1296, -205.725
5.31153, -314.736, 97.6272
6.22632, 217.707, 60.8539
3.89846, 272.131, 153.606
2.93406, -276.784, 449.306
3.5733, 478.33, -396.508
3.93296, -485.552, 433.412
4.86595, -400.532, 511.491
6.95893, 528.466, 508.164
5.91955, 151.121, -323.519
3.54376, 38.0809, -130.928
6.67533, 222.934, -127.089
7.09218, 476.775, 392.281
4.48244, -738.4, -283.072
6.37858, 229.235, 6.31854
5.68161, 193.502, -74.5414
6.64746, 208.923, 19.5155
3.40204, 260.833, -292.026
7.45927, 154.464, -255.734
6.70558, 9.45774, -164.635
4.65177, 277.66, 179.78
4.38589, 324.244, 465.434
2.70802, 162.74, -327.783
6.80715, -377.752, -404.049
6.62116, 431.735, -364.261
6.25052, -157.551, 380.855
3.55801, -166.061, 369.937
4.31029, -140.845, -257.023
4.43545, -230.512, -203.371
7.32918, 397.481, 413.303
6.5872, 98.2363, 353.347
4.5755, 173.016, 273.314
5.83759, 313.722, 61.0941
2.52101, 440.444, 309.257
6.98048, -460.774, 177.479
3.68416, -29.2371, 66.1589
3.79415, 9.30705, -223.783
5.4939, 198.045, -326.341
6.89823, -435.912, 183.64
6.16299, -297.984, -266.787
6.0773, 432.106, 218.805
3.57724, -159.599, 289.793
6.30413, 582.36, -397.01
3.85351, -21.1866, -197.088
2.75246, 277.813, 109.201
4.78866, 139.199, -135.659
2.58759, 279.099, -374.15
3.01129, -31.4874, -102.789
2.639, -150.217, -120.475
5.65921, -111.083, -203.056
6.34425, 17.097, -102.275
2.74132, 186.536, -363.036
6.6924, 124.506, -161.633
6.76899, -338.394, -59.1918
6.57649, -421.463, 422.476
6.85188, 386.718, 304.192
5.27222, -271.782, -268.136
6.12646, -115.934, -191.028
3.20424, -166.556, 315.363
6.6115, 157.25, -341.716
5.51185, 156.656, 52.4638
4.93856, 126.623, -265.195
6.14942, 91.5007, 389.301
4.05164, 448.767, -635.333
3.93925, -300.891, 40.7418
5.45857, -386.251, 424.547
5.34055, 499.928, 311.333
5.41059, -359.444, -154.902
2.84132, -446.156, 258.751
4.34304, -121.713, -120.414
6.28475, -318.47, -304.327
6.35297, -561.988, -366.494
4.27217, -223.026, -220.383
5.98913, 26.7907, 272.94
5.08005, -238.596, -237.818
5.94494, 252.188, 57.2163
6.18066, -14.148, 255.91
2.56231, -70.3359, -174.771
7.16549, 144.921, 76.5635
5.37826, 146.622, 72.0609
3.05587, 422.028, 267.427
4.87388, -214.002, -156.696
3.24247, 456.839, 45.0421
4.22594, 238.586, -11.4962
7.04476, -432.103, 178.929
4.54571, 113.452, 416.477
5.96642, -208.728, -199.37
3.35865, 253.881, -254.109
6.21715, 397.485, -392.435
4.16319, -327.08, 408.779
4.62157, 228.487, 75.9856
2.79523, -142.969, -254.839
5.09005, 299.638, 155.406
5.94425, 206.199, -225.806
5.01149, -81.9026, -205.888
6.56617, 10.2239, -227.833
3.07974, -180.737, -210.414
5.24841, 280.001, 3.19756
5.06046, 231.905, 42.3866
6.02649, 399.3, 480.3
5.65083, -208.655, 316.183
4.0207, -66.0289, -193.196
6.74719, 220.03, 66.3242
3.39619, 199.243, 41.9608
2.61737, -383.251, -204.544
4.19467, 207.837, 120.705
3.43818, 193.217, 28.7696
6.60467, -72.5426, -228.95
6.72507, -214.903, -183.413
6.78031, 523.072, -507.842
7.37454, -445.554, 401.939
2.99587, 137.699, -348.444
2.56182, 316.872, 391.567
2.58614, 216.798, -2.69207
2.64527, 270.137, -35.6245
4.1031, -118.625, -125.223
6.17815, 247.268, 57.2504
3.14876, 188.666, -4.0216
2.5161, -246.976, 210.601
6.91905, -189.898, -148.164
3.70482, 244.424, -292.738
4.38481, -392.161, 423.019
4.44879, 183.432, 2.37946
2.81534, 173.946, 88.2254
7.30792, -72.3779, 382.923
3.75349, 365.944, -286.554
6.85376, -217.112, -211.066
2.85991, -430.14, 234.958
2.70653, -293.415, 516.897
3.46378, 294.377, -351.451
3.86708, -109.75, 176.918
7.4007, -270.277, -454.217
3.60607, 236.303, -310.511
6.43119, -309.119, 352.192
4.42306, 88.5433, -178.035
3.78593, 229.437, -241.452
3.91087, -403.527, 148.813
7.33834, 75.5453, 121.946
4.22841, -20.415, -212.849
3.45922, -467.828, 226.498
5.05037, -426.094, -230.275
5.21857, -368.5, 369.515
5.72333, -360.513, -317.787
3.89738, 42.8335, 424.091
3.41887, -92.2489, -157.236
2.71579, -253.23, 153.039
3.98408, -140.445, -185.091
4.25548, -16.2234, 116.61
7.09372, -265.022, 416.395
5.81225, 246.983, -142.478
5.08041, 440.46, 348.05
4.03763, 208.558, -3.29207
3.0007, -52.6144, 26.7441
3.47502, 225.532, -77.4262
4.11407, -34.9325, -139.507
5.56182, 124.211, 1.38926
5.13511, 538.736, -398.613
3.45653, 276.029, 0.531025
4.7178, -284.276, -309.296
4.48693, -351.711, 381.488
6.28051, -331.566, 282.463
6.6213, 454.385, 387.087
5.51573, -131.704, -71.8326
3.04573, 169.926, -271.125
4.11797, 230.311, 130.213
5.03403, 316.28, 178.195
4.76521, -440.613, 393.874
4.77315, -114.068, -193.681
4.91125, 447.746, 401.83
5.07896, 235.776, -314.085
4.50207, 35.3537, 355.3
4.22945, 160.841, 242.721
6.64533, 167.056, 113.476
3.02204, -654.029, -466.681
6.40057, 165.226, 7.09242
3.19919, -100.339, -113.671
2.62171, -322.915, -286.391
6.0664, 243.308, -222.196
7.15538, -108.732, -141.376
7.47667, 192.98, 36.0479
3.86264, -388.261, 92.6535
3.6923, -266.703, -283.796
3.87328, 524.284, 415.794
5.70836, -348.763, -291.049
5.17637, 252.007, 9.88086
6.8967, 391.446, -284.119
6.75968, -465.377, -249.28
2.98004, 179.424, 111.958
4.66818, -536.556, 174.123
3.17045, 153.888, -59.0143
5.86802, -61.8393, -10.295
5.34964, -72.0985, -185.547
3.66474, -469.384, 393.041
5.50306, 166.317, -314.848
2.6551, -367.359, -320.35
7.08512, 173.271, -76.5559
3.82958, 148.166, 106.822
6.50016, -92.5047, -189.511
5.46389, -44.8778, -206.863
5.0822, 279.506, -32.4634
5.2567, 317.493, -40.8807
3.47225, 276.169, 141.18
5.36152, -1.07461, -350.86
3.81992, 188.215, 199.28
4.41648, -390.346, 474.1
2.73626, -317.454, -135.28
4.22823, 173.028, -282.623
3.61594, 124.523, -351.749
3.81264, -122.094, -105.392
3.05141, -133.549, -223.338
7.40088, -322.985, -391.294
5.93794, 401.436, 436.271
5.82158, -431.348, -235.069
5.99501, -383.92, -229.774
2.68746, -364.494, -270.347
3.6706, -317.214, -359.716
3.95397, 447.17, 375.401
3.50543, -5.97573, -267.585
2.7177, 347.371, -8.74997
2.56571, -171.124, 497.975
6.07297, -306.2, 436.212
6.88348, -371.969, -340.524
5.35088, -423.872, 114.724
6.92743, 486.982, 402.604
5.20042, -319.293, -270.704
3.31357, 556.644, -471.402
3.30492, 381.948, 426.973
7.19182, 230.505, 80.6597
3.45628, 395.882, -357.984
3.15761, -155.314, -138.528
4.41122, -81.2241, -143.836
6.12674, 255.83, 110.642
2.50651, 478.795, 409.371
4.60222, 108.638, 274.715
5.18984, 212.743, 35.5296
4.86596, -21.8914, 65.7059
6.33003, 482.93, 409.335
2.9396, 258.887, -291.461
7.04284, 222.342, -7.85603
3.20818, -598.704, -425.123
2.54782, 309.856, 33.1142
2.82267, 189.591, -49.8839
4.96742, 199.467, 76.1751
5.40914, 461.815, 311.037
4.03373, -313.798, 472.556
4.57091, 212.819, -40.9244
4.33401, -343.885, -277.542
3.42687, 74.2142, 363.586
2.76788, 89.1699, 42.8941
4.47222, 175.115, 176.742
3.98388, -27.9116, -93.5591
5.05388, -502.113, 417.421
3.75392, -435.638, 177.584
5.01589, 466.461, 489.471
2.51168, -296.495, 457.107
7.01807, 588.546, -210.434
2.79181, -422.453, -325.832
5.17506, -175.849, 334.191
3.95754, -499.85, 359.772
7.3023, -252.89, -131.639
4.73406, 208.725, 9.39151
5.08479, 266.56, 184.354
5.93861, -107.37, -212.452
2.72187, -156.355, -205.438
7.2946, -444.336, 443.146
5.70852, 307.272, 61.0336
2.80215, 38.1356, -327.822
3.33964, 214.874, 23.6499
5.76491, 158.669, 59.3162
6.19864, -405.667, 149.096
3.57011, 257.199, 176.707
4.31441, -233.88, -137.513
6.56981, -354.486, 335.296
5.32057, 393.379, -225.303
7.45886, -62.9795, -188.395
6.5669, -108.488, -39.6577
3.49157, -313.401, 78.2413
2.50003, -50.1644, -350.718
4.62608, 588.224, -337.747
4.07406, 292.643, 192.787
5.56218, 476.289, -381.784
3.83351, -23.8444, -178.425
4.39881, -274.855, -27.0648
5.43397, 246.606, 18.1911
5.95636, -139.161, -254.141
7.26736, -71.8898, -244.155
4.89785, -377.628, -234.598
3.60319, 232.942, -302.268
5.33741, -389.482, -326.282
6.09873, 284.084, 175.711
4.4953, -325.955, 356.109
3.48326, -372.786, 351.874
6.66971, -485.951, -415.51
5.59561, -422.775, -323.529
7.26866, -80.3046, -220.407
3.23222, 42.4803, -126.287
5.38953, -164.448, -166.353
7.26796, -322.346, 378.459
3.62331, 561.002, -321.441
7.25137, -307.715, 404.871
3.07874, 427.399, -433.666
2.58372, 34.4736, -143.884
3.90465, -159.951, -166.114
7.15042, 244.451, 52.8771
3.04796, 531.876, 524.809
6.77266, 72.8443, 382.663
5.68532, -585.007, -288.656
5.63853, 221.75, -319.074
3.80589, 453.633, 378.25
5.13936, -526.077, 176.194
7.16608, -215.414, 315.493
3.98055, 107.795, 140.214
4.78006, 209.083, 6.508
6.35659, -347.165, -279.154
4.17193, 291.278, 176.048
6.31775, -3.97027, -187.303
6.65892, 23.5893, 274.573
2.64618, -390.92, 474.227
4.31315, 335.297, 7.73678
4.16221, 302.844, -80.4219
3.17675, -319.489, -213.873
3.00839, -196.462, 493.487
5.11327, -335.676, 320.99
3.52046, -300.845, -204.215
5.00728, -330.984, -249.363
5.1371, 117.488, 359.718
4.13422, -158.274, -159.001
4.75888, 91.8857, -244.356
6.85263, 98.6764, 341.715
4.72884, 500.298, 311.368
6.03726, -668.799, -60.7059
6.83171, 521.866, -482.619
6.5822, 271.006, 173.576
2.67504, 578.143, 432.137
3.8644, -225.703, -270.084
5.21858, -93.0179, -268.009
3.19942, -184.243, -214.609
5.57408, -232.206, -24.6026
3.29182, -246.599, -160.579
4.41129, 183.728, 5.43596
5.94997, -74.5903, -54.9411
3.21128, -244.68, 210.276
5.65284, -349.448, 405.691
3.15973, -43.8019, 227.969
7.13583, -546.902, 185.597
5.53465, -448.267, 380.798
5.50388, -378.953, 194.204
3.33635, 158.631, -340.831
3.301, -581.686, -456.017
5.91628, 211.357, 61.5001
5.1456, -205.179, -206.116
3.65264, 64.0309, 316.206
6.55373, -362.507, -182.153
5.76477, -34.6222, -232.279
4.08597, -310.742, -339.087
2.53953, -41.6489, -105.571
3.49176, 405.198, 492.793
3.78831, 329.33, -66.6471
3.03825, 210.029, -127.467
3.49545, -10.5362, -162.684
6.75079, 679.543, -412.633
6.63912, -310.023, 118.965
6.76813, -320.02, -343.279
5.71027, 6.11157, 436.26
3.6787, 585.668, -297.849
6.80638, -407.371, -41.4033
5.4745, 245.863, 241.129
2.52745, 201.201, 135.345
6.84925, -325.724, -278.366
7.37729, 214.906, 114.534
5.59653, 133.928, 49.4369
3.85574, -431.949, -54.1869
7.46973, -168.906, -234.23
4.60751, -338.436, -213.871
4.20537, -303.335, -308.781
4.80717, 134.746, -108.123
4.44822, 74.5868, -177.884
4.613, -45.0982, 375.725
2.84879, 226.233, 152.324
5.5153, 16.8155, -81.2982
7.36114, -62.7629, -61.1631
5.07406, -312.4, -267.422
7.45461, 168.211, 172.315
5.84906, 146.937, 74.8853
4.01716, -165.188, -217.316
3.47371, 385.162, 335.411
4.0109, -219.892, -107.441
4.93946, -287.357, 612.928
4.72438, 458.554, 361.19
5.7844, 176.101, -283.448
3.74227, -408.085, -278.821
4.72007, -28.5358, 390.723
5.75894, -323.518, -230.267
6.67472, -627.735, 365.273
6.03698, 72.7665, 347.826
4.93928, -284.617, -257.534
6.72039, 137.817, 63.0961
7.00296, -166.019, -197.895
6.33082, -391.154, -391.825
5.29453, 401.721, 401.294
2.70603, 289.257, 19.1284
5.46749, 261.03, 62.1101
2.68674, -215.738, 272.353
4.53488, 227.196, 3.42285
2.84243, -497.194, -562.992
7.38558, -228.033, -173.295
2.5956, -279.51, -274.185
6.60363, -166.831, -127.932
5.2195, -467.985, 296.423
5.72828, 388.803, -251.04
3.62934, -108.256, -215.484
2.733, 546.67, -482.602
3.63154, 257.769, -240.719
4.58371, -392.186, 219.856
6.40126, 203.484, -329.762
3.72852, -445.005, 238.705
4.81411, 260.933, 29.1516
6.14756, 170.614, 14.5064
5.35237, -464.782, 296.261
5.45997, 469.022, 410.272
4.98425, -498.217, 97.141
3.951, 90.6857, -29.4346
4.71107, 46.599, -134.527
2.53669, 622.169, -550.711
7.41683, 254.083, -135.653
2.52822, -406.746, -56.3956
4.8676, 62.0468, 315.838
5.86497, -87.7235, -278.845
