6.27803, -342.685, -360.249
3.5948, 158.906, -41.3743
5.89648, 202.262, -185.491
5.09708, -198.194, 328.647
2.76731, -353.265, 344.637
2.53849, 328.772, 190.515
4.58743, -248.8, -127.159
7.15218, 240.257, 10.5442
2.95982, 115.954, 295.897
6.00595, -51.981, -21.0705
3.81226, 435.196, 335.808
4.14117, 161.639, -330.243
7.45519, 235.09, 62.2325
7.41275, -313.983, -326.299
5.75759, 208.016, 40.4995
6.92354, 285.77, -284.434
6.33247, -192.245, -184.859
3.87453, -261.197, -346.069
4.93259, -352.161, -234.183
2.80282, 472.495, 446.133
5.08146, 18.6366, 415.45
4.96988, 397.536, -372.347
7.23882, -297.937, -521.411
4.42071, -27.1731, -226.12
5.14874, 437.016, -422.973
2.75042, 314.914, -47.7462
6.63909, 275.136, -38.8905
5.94228, -390.062, -466.194
6.18112, 25.3639, 324.951
6.94286, 397.195, 432.575
4.25508, -122.571, -253.133
6.72991, 215.295, 34.9547
3.84659, 170.843, 79.7619
4.83959, 87.8887, -121.152
3.2686, -370.383, -334.177
2.66527, 212.84, 49.2232
7.2768, 267.303, 27.5405
6.95369, 303.444, -5.21923
3.29884, 217.795, 68.3623
3.15214, 192.165, -237.189
2.515, -540.256, -241.896
6.0491, -203.801, -232.258
3.40448, -440.168, 352.392
5.76029, 485.22, -323.003
4.42907, 277.006, -306.491
3.23766, 138.89, -27.1951
5.45054, 213.718, 39.1911
3.24076, 37.6682, 271.997
3.2091, 128.065, 230.163
4.94257, -278.3, -263.014
3.13015, 285.666, 49.9512
5.64635, -109.398, -241.42
5.60817, 173.032, -349.925
4.88216, -329.891, 364.427
2.64188, -452.201, -277.557
3.21011, 259.689, 381.4
3.15594, -203.032, 375.189
3.31099, -410.589, 424.073
3.76529, -116.684, -97.7547
4.77654, 120.4, -263.561
6.54472, 40.4635, -160.287
3.57624, -6.62832, 269.504
3.75063, 377.852, 248.834
5.02978, 124.359, 295.756
6.27922, 180.717, -12.0944
5.66369, 244.111, -56.4522
5.9449, 159.425, 139.403
7.27207, 424.337, 449.679
5.18713, -409.258, 425.721
4.57014, -254.945, -357.256
4.70019, 254.524, 45.1283
6.07821, 456.619, 397.267
6.20858, 191.049, 54.1692
5.12494, 600.424, -352.265
6.06711, -251.498, -154.228
5.91025, 282.783, 74.0019
6.82941, 377.833, -222.766
3.19597, -0.376274, 405.237
3.57766, 160.565, 97.6212
5.0733, -150.249, -144.141
4.83766, -46.3605, 418.542
3.55759, -38.8975, 535.769
5.65244, -365.716, 344.783
2.5044, -510.556, 38.597
4.09589, 218.271, 10.4938
5.90281, 264.797, 3.75954
6.0446, 252.828, -141.719
2.90869, -456.534, 444.115
3.56926, 266.609, -18.6027
4.44412, -362.941, -231.965
4.44927, 535.862, 520.472
3.92018, 217.687, -318.814
4.6123, 191.494, 147.974
2.55658, -367.336, -357.126
3.72027, 580.553, -518.086
4.49072, -474.608, 451.568
6.64177, -484.06, 153.481
3.78584, 434.833, -651.966
3.59705, -189.599, -229.335
6.47385, 230.622, -2.79255
5.8476, 174.169, 47.3124
5.49108, -463.237, 180.018
5.99917, -40.1772, -304.424
5.13062, 200.862, -244.638
4.14833, 219.364, -46.8562
3.30844, -587.977, 43.0273
6.56633, 218.598, 98.5394
4.08004, 225.777, 24.1953
4.05369, 42.351, -260.267
4.65424, -72.0123, -66.1084
4.46509, -28.1622, -326.209
4.43916, 46.8481, -159.211
4.34871, -364.927, -477.039
5.88118, 222.729, -321.163
6.10384, 246.624, 73.6987
7.20082, 123.06, 370.522
5.08573, -103.374, -238.682
5.5282, -43.627, -16.1481
5.85049, -364.259, 369.206
5.11404, 13.0319, -290.019
3.87105, -384.472, 435.303
7.08924, 216.805, 13.8322
3.73367, 431.725, -424.958
4.77876, 228.591, 13.5113
3.30374, -467.171, 411.976
4.68319, 320.848, 69.4945
7.45767, 274.229, 119.947
6.26931, -224.225, 406.63
4.97846, -359.074, -347.732
7.01651, -426.944, -178.818
4.68213, 218.068, 25.2194
5.09239, 58.0895, -45.5197
4.44866, 183.657, -283.289
5.63431, -104.258, -314.785
5.19331, 216.058, 37.9486
4.35955, 188.089, -331.159
2.54674, -52.5166, 81.9638
6.3794, -89.0608, -251.112
2.85317, -353.369, -316.656
3.98511, 183.027, -283.092
4.78581, -25.7362, -228.2
3.25156, -232.743, -154.018
5.97819, 143.656, -329.558
4.15587, 275.662, 72.1974
5.21197, 446.664, -378.487
2.64678, 607.733, -486.65
5.38086, -17.5816, -146.199
5.18133, 267.473, 34.7557
7.36678, -251.841, -188.501
5.57063, 10.2123, -273.532
5.26431, -449.717, 97.994
6.69051, -155.413, 323.291
3.75764, -316.729, 435.787
6.98957, 155.127, 97.8238
5.97428, 216.347, -326.422
5.82752, -348.958, -232.736
3.06838, -242.059, -427.125
3.37987, -403.189, 182.027
2.91253, -55.1288, -73.136
6.68103, -50.5585, 77.6955
2.64818, 526.716, -482.98
6.34719, -53.8266, -233.111
4.29829, -444.663, 341.393
6.24626, 57.039, 404.777
6.28385, 260.078, 3.5047
3.60834, -499.811, -234.151
5.58305, 207.849, 73.6673
3.66846, -103.219, -201.413
6.22052, -560.862, 190.266
5.80997, -368.191, -331.685
4.9209, 565.014, -514.034
2.58972, 108.863, 75.3339
4.98291, 187.51, 58.1048
5.09587, 287.544, -275.307
4.71395, -426.829, 38.2455
4.14528, 74.1917, 369.954
3.52671, 246.298, 177.457
7.19863, -32.978, -280.282
2.85168, -314.54, 399.04
3.30042, -100.356, -146.089
6.70788, -345.566, -247.337
4.13614, -95.6575, -163.38
6.85942, 260.835, 168.345
5.99896, 598.537, 459.206
5.52801, 159.521, 96.4769
4.77536, 40.2503, -116.628
2.91543, -411.097, -291.957
3.94883, 60.9874, -129.171
6.51009, -359.915, -382.636
6.81821, 220.069, 55.425
3.81831, 145.426, -350.9
4.79881, -178.713, -303.72
4.95672, 261.067, -334.147
5.82344, -552.119, -311.751
7.31738, -311.657, -185.094
7.23022, 174.618, -264.673
2.81902, 201.307, -295.5
5.04829, -345.344, -262.145
6.13222, 485.11, 226.684
5.65882, 208.12, 62.3131
3.26658, -447.569, -382.546
5.09652, -420.866, 32.1428
3.52281, -307.317, 413.709
6.03231, 309.535, -221.718
6.05786, -416.88, -220.648
3.66304, -148.368, -164.309
6.80594, 34.2919, -218.747
2.67122, 110.386, 369.006
6.26587, -458.554, 175.895
4.14789, 171.848, 129.007
4.65309, -291.353, -303.201
7.33455, 254.241, -36.8799
4.05803, 422.058, 384.108
5.69762, 389.247, -302.196
5.95386, 158.516, 94.465
5.36403, 98.2651, 426.847
6.60667, 538.723, -517.909
4.21807, -375.738, -375.486
5.09387, -378.291, -289.928
6.78438, -58.2965, -262.32
6.18587, 178.469, 237.499
3.45992, -426.545, 277.521
2.83145, -240.42, 212.546
3.60828, 539.619, -552.667
3.33656, -80.307, -27.1788
6.31172, 284.917, -101.89
5.44905, -471.633, 185.978
4.65223, 475.84, 412.242
7.09618, 155.136, 82.9098
5.09668, 195.428, 61.4403
7.38058, -391.566, -129.985
5.15714, -290.697, -298.698
2.98716, 231.702, 46.0265
5.83983, 316.259, 39.3337
5.44444, 193.648, 163.028
5.01137, -198.118, -176.287
2.75808, -414.928, 163.525
2.6753, 16.3472, -336.192
4.41484, -352.162, -304.889
5.55555, 211.6, 44.3564
5.06574, 495.499, 421.276
5.98498, 226.547, 45.7496
4.89891, -103.367, -222.907
3.88323, 268.278, 233.93
6.01685, -240.497, -224.563
3.67701, 354.247, 10.3353
6.41501, -46.0382, -156.375
6.60589, 25.5791, 382.834
3.21842, -388.924, -308.257
5.75757, -481.977, 486.647
3.87677, 544.178, -391.94
7.26215, -395.719, 426.569
4.58238, -237.49, -244.191
3.03869, -50.1354, -51.366
4.70633, -491.474, 454.413
6.28811, -371.357, -304.382
2.77803, -370.87, -313.769
3.51241, -15.4139, -186.908
6.82305, 547.441, -516.866
6.52456, -99.9259, -172.126
2.78861, -335.389, -285.886
4.40304, -100.308, -119.311
4.56124, 25.9247, 382.419
2.80071, -47.1879, 81.7697
7.09746, 488.043, 395.154
3.35398, 481.384, 340.06
6.51634, -415.52, 201.657
3.88599, 221.747, 100.024
4.44586, -13.1652, 273.917
7.19936, -41.7119, 379.763
6.24573, 73.0735, -119.784
3.44774, -512.223, 408.827
6.89581, 253.504, -59.548
6.8953, 231.552, -321.582
3.30515, -236.803, -165.6
5.87346, -317.591, -248.776
6.89096, 171.467, -6.2277
6.98262, 298.368, -66.1535
3.06535, -201.017, 404.17
5.93789, -206.199, -219.117
3.21651, -180.139, -502.407
3.6901, 332.119, 53.1409
5.64383, 164.992, 101.735
4.312, 377.27, 249.647
4.64437, 576.868, 181.68
4.91936, -97.0238, -218.144
6.20379, 43.8121, -128.727
3.23098, -334.366, 400.122
7.36238, -407.432, -286.109
7.3158, -183.774, -190.306
3.14741, -190.935, 653.334
5.3784, 44.788, -41.6899
4.66439, 5.95275, -84.6833
5.50066, -141.878, -147.461
5.85098, -203.814, -224.734
4.5137, 532.44, 388.694
6.46691, 450.803, 356.639
4.89889, -232.212, -185.736
5.72449, 298.903, -49.8173
4.28836, -166.903, 446.288
5.96794, -49.4202, -227.842
5.83428, -520.085, -298.995
3.22071, -379.793, 438.773
7.10415, -441.085, 179.245
4.22228, 89.7156, -139.307
6.66824, 29.5308, -139.757
2.74349, 224.038, -317.437
3.27936, -173.461, -273.64
2.55765, 264.543, -1.34476
3.94327, 45.4945, 430.571
5.07295, -165.155, -157.736
3.65948, 520.248, 532.849
2.75022, -118.863, -202.033
5.33091, -314.568, -260.302
6.69774, -5.39931, 273.62
4.28763, -355.94, -361.113
4.3452, 25.1086, 348.219
7.22226, 218.972, 44.0804
4.72425, -365.666, -213.98
6.82086, 223.809, 27.3582
5.82654, -417.338, -316.121
5.79297, 87.6277, 379.774
7.10736, -604.296, 518.374
5.11536, 578.311, -386.464
5.45229, 285.834, -357.111
5.79944, 396.52, 346.178
4.24765, 213.463, 12.1883
4.11714, 246.663, 47.2646
7.08984, 38.8063, 343.443
3.08619, 493.422, -542.597
7.31268, 176.601, 164.506
5.17978, 40.6011, -147.423
5.81447, 415.737, 411.587
5.48362, 394.783, -389.929
6.93363, -321.257, -178.609
6.67999, -372.672, -287.636
6.69339, 162.951, 50.7409
6.85642, -69.2182, 13.0217
2.5002, -288.151, 118.155
4.77274, 227.306, 60.4857
4.25696, -445.011, 172.293
5.80713, -232.938, 505.491
6.22234, -412.249, 195.774
3.3821, -113.583, -231.374
7.4621, 533.965, -514.836
5.95466, -409.378, 156.392
6.97862, 244.45, 316.108
3.51579, 244.035, 52.2526
7.2356, -342.836, -184.385
4.88476, 456.225, -420.237
6.78578, 469.969, -513.403
6.41237, -342.344, -294.683
5.70687, 419.638, -448.536
3.14521, -480.305, -20.5896
5.77944, -30.4774, 357.342
3.09199, -33.8665, -118.478
3.88793, -18.6202, 248.813
6.65548, -139.499, -134.571
6.14153, -299.224, -522.04
6.74348, -859.025, -35.2334
3.43989, -244.838, -122.356
6.09602, 218.855, -143.991
4.25586, 201.773, -31.0234
3.34555, -544.373, -397.424
4.52383, -149.796, -290.791
4.20924, 58.7561, 392.181
6.67141, 218.4, 44.2921
3.9111, 445.66, 355.421
5.16766, -338.301, -300.618
6.25085, 437.837, -351.644
4.62554, -410.623, -179.655
4.66964, -447.646, 407.018
3.03022, 470.142, -401.85
6.4639, -85.0935, -246.24
3.91232, -526.362, -195.058
7.14264, -148.47, -159.941
5.37926, 312.948, -12.623
3.4895, 406.193, -255.546
5.99081, 225.714, -298.292
3.07265, 226.158, -287.608
4.22945, -27.1552, 250.344
4.15646, -169.165, -182.694
6.42735, 550.859, -497.75
6.65775, 172.063, 196.598
4.21712, -530.4, 355.176
4.2603, -197.564, 345.1
6.38197, -79.5751, -193.073
6.58658, -61.1863, 378.427
4.26157, -155.709, -97.7619
7.09559, -300.982, -242.681
3.2877, 257.156, 30.7937
5.56029, -318.852, 537.285
5.54222, -379.603, 439.003
3.16647, -71.2716, -212.101
3.51409, -422.589, -329.181
4.79457, -408.057, 455.457
3.48759, -316.238, 473.341
6.77118, -445.118, 152.617
6.54562, -77.66, -308.667
2.80131, -484.442, 446.859
6.50584, -479.518, 440.235
5.49597, -82.7395, -248.838
7.43182, -453.038, 184.307
2.65919, 96.3175, 373.834
6.8356, 545.153, -523.416
3.69109, 106.873, -40.7665
3.6127, 192.568, 31.7259
4.73907, -363.305, -349.589
2.61231, 211.68, 156.92
6.79755, -111.674, -206.788
4.15902, 222.047, 40.2029
5.72195, 298.736, -109.394
7.43521, -349.968, -347.867
5.30162, 206.657, -322.207
4.74553, -285.09, -246.326
5.213, -14.1014, -266.781
2.90797, 298.103, -39.3443
3.99606, -223.497, -225.358
6.63964, 403.633, 348.432
6.48936, 428.821, 582.894
5.71048, 136.019, 285.345
4.84105, 201.727, 39.6787
7.15326, -118.051, -229.942
5.08798, -90.4184, -203.185
7.42924, 458.2, -431.045
5.94567, -29.6845, -150.909
6.19966, -116.832, -249.444
3.46323, -579.861, -208.429
6.08881, -216.856, 507.134
6.11146, 167.776, 114.463
6.49298, 249.822, 43.3115
4.23216, 266.553, -221.809
5.1481, 33.7215, -145.775
3.19001, 148.378, 83.0044
6.73218, -137.383, -144.226
6.32766, 85.7928, -287.39
7.5, 515.263, -543.26
4.24891, 488.418, 318.747
5.50367, -408.26, 425.81
3.50808, -285.316, -226.347
6.2385, 278.981, 21.6676
6.49225, 260.025, 45.6052
3.03505, -427.265, 365.045
5.35813, -287.157, -271.439
2.84683, 124.963, -132.879
4.16036, 464.542, 327.949
5.80945, 228.493, -320.159
5.27726, 135.494, -164.597
7.12415, 194.98, 70.8682
2.69832, -252.058, -249.207
2.62083, -91.9767, -187.234
4.61923, 288.146, -273.199
4.36987, 262.488, 0.667324
2.93303, -130.693, -94.482
3.05403, -71.1266, -99.3774
5.31992, 249.579, -449.091
7.37269, -156.489, 419.37
3.05066, -40.1, -247.792
5.99352, -6.36097, 338.154
2.79674, 153.447, -261.839
4.69755, 167.291, 98.9895
5.24651, 400.347, 376.136
3.45129, 295.929, -395.556
7.36597, 246.879, 124.79
3.19593, -300.884, -188.224
5.48978, 436.483, -422.536
7.12812, -331.849, 475.433
3.91116, 62.0999, 371.645
6.8307, -138.302, -213.956
6.29598, 14.5361, -222.897
6.10793, 232.74, -0.629771
3.34241, -41.799, 77.824
3.32882, 432.315, 298.48
3.39076, -310.196, -29.0422
5.87226, 226.748, -271.986
4.83484, 17.1337, -350.779
6.85219, -381.344, -437.08
5.76023, -310.865, -307.227
5.80464, 573.628, 576.278
2.58037, -439.149, -560.391
4.30596, -416.436, -294.701
3.72747, 318.731, 135.15
6.93086, -437.955, -368.505
5.23701, 584.511, 443.88
6.57209, -114.198, -248.079
5.24453, -1.22764, 343.799
4.16156, 161.599, 152.66
4.40213, 142.51, -246.827
2.52389, 464.743, 386.084
6.95226, -106.314, -217.312
6.16955, -421.213, 468.094
6.04239, 76.4694, 364.259
5.1278, 43.6759, -122.496
6.41065, -51.1657, -235.083
3.42484, -239.342, -279.353
5.72673, 265.44, 23.0504
3.42178, -352.974, -297.604
3.31214, 8.90416, -152.335
2.65594, -323.648, 400.053
7.42716, -89.0133, -173.541
4.04559, -291.083, -227.008
4.11075, -237.285, -71.1391
5.51155, 271.419, 123.331
2.89107, -236.531, -215.493
3.93936, 282.572, 85.4651
5.79307, -96.257, -308.911
7.36348, -240.607, -462.026
7.27758, -434.923, -222.669
7.42745, -248.891, -214.91
7.30478, -422.546, -321.159
3.0073, -467.375, 484.005
3.71505, -127.568, -273.688
6.91151, -143.816, -191.909
5.28805, 211.778, 12.7113
6.7669, 451.064, 354.73
7.49145, -334.842, 396.625
3.99751, -31.499, -335.166
6.33157, 381.313, 424.628
4.81901, 265.846, 125.369
6.8168, -386.101, -137.598
6.99018, 247.339, -52.8015
7.377, 90.7989, -174.504
2.77405, 254.139, 60.7461
6.32605, 554.05, -491.447
5.09219, -335.088, 471.656
3.46574, 170.31, 58.8168
6.98252, 266.493, -302.358
6.38492, -237.585, 219.221
2.75968, 268.488, -14.1703
7.47331, -422.25, 403.339
5.93659, -341.091, -268.741
5.94854, 377.168, 436.622
6.57666, -209.692, 333.187
7.05426, -78.6354, -219.624
3.34218, -73.1977, 7.66696
5.24183, -404.258, 379.323
6.53351, -106.126, -185.248
4.17803, 207.116, -291.892
5.53435, -219.658, -151.588
6.59602, -486.433, 276.157
7.3485, 41.2741, -128.837
6.29349, 375.61, 461.23
3.72113, -146.536, -195.982
5.80589, -535.466, 94.7352
4.21574, -190.985, -255.048
7.27146, 117.662, -227.388
2.60828, 198.572, 411.615
4.54979, -557.835, 514.577
2.55789, 175.318, -305.979
3.04964, 306.117, 144.841
5.28259, -440.634, 183.223
4.45466, 32.3513, -126.982
7.20539, 38.6658, -146.203
2.55572, 272.552, -176.835
6.22897, -145.658, -303.386
3.84293, 183.163, 47.8497
4.27153, -314.208, -361.896
3.45835, -237.088, 515.722
5.14832, 349.225, 303.749
4.39478, -26.516, -228.454
3.16407, -159.462, -243.332
4.26563, -99.4055, -308.502
4.2497, 526.778, 461.432
7.41084, 175.988, 83.8188
5.25961, -114.124, -112.456
4.99918, -160.136, -163.459
3.58531, -437.204, 180.703
4.37311, -70.3193, -244.565
6.78251, -373.603, -325.456
6.45578, 422.351, -451.731
3.9204, -319.234, 399.592
5.07645, 311.252, 319.582
6.79238, -153.184, -182.712
7.07844, -268.652, -77.8981
7.48941, 8.28115, 267.632
6.53177, 45.5691, -157.193
5.22718, -361.037, -228.927
7.3461, 34.2689, -250.492
5.31931, -452.139, 73.2577
4.03031, -325.208, 404.615
5.41853, 504.998, 526.061
2.91197, 137.435, -18.536
5.47382, 278.61, -14.8831
3.31968, -407.956, -400.516
6.46527, -406.932, -342.569
2.95373, 654.245, 289.994
6.3072, -422.753, -173.716
6.83996, -144.536, -201.226
6.40105, -145.171, -293.707
6.61399, 391.841, 429.858
6.70974, 223.854, -107.685
4.48328, -46.4534, -74.6092
6.508, -55.8633, -76.5867
6.56811, 307.384, 156.103
5.43493, -239.706, -259.67
4.64621, 219.868, -81.2886
2.5002, -97.7737, -224.173
5.31153, -327.33, 100.802
6.22632, 246.925, 54.8129
3.89846, 293.309, 159.618
2.93406, -291.143, 464.823
3.5733, 492.693, -407.407
3.93296, -492.338, 436.989
4.86595, -399.775, 511.848
6.95893, 538.317, 521.458
5.91955, 165.307, -342.532
3.54376, 44.1214, -133.04
6.67533, 248.833, -129.2
7.09218, 488.692, 408.339
4.48244, -736.547, -294.059
6.37858, 213.868, 32.3522
5.68161, 186.812, -82.4723
6.64746, 217.917, 42.4802
3.40204, 278.771, -299.892
7.45927, 173.863, -272.911
6.70558, 13.8686, -192.007
4.65177, 297.565, 185.36
4.38589, 328.69, 481.689
2.70802, 177.091, -345.658
6.80715, -394.897, -420.126
6.62116, 444.33, -377.756
6.25052, -152.47, 391.955
3.55801, -170.686, 385.949
4.31029, -159.767, -253.953
4.43545, -243.637, -222.014
7.32918, 408.888, 411.794
6.5872, 96.9022, 370.685
4.5755, 166.648, 281.233
5.83759, 307.979, 56.2002
2.52101, 446.443, 325.22
6.98048, -469.512, 190.049
3.68416, -43.7406, 80.6329
3.79415, 24.5137, -225.21
5.4939, 193.806, -332.551
6.89823, -453.173, 192.252
6.16299, -303.309, -283.777
6.0773, 445.348, 228.055
3.57724, -161.268, 305.972
6.30413, 595.172, -414.574
3.85351, -31.9047, -216.296
2.75246, 271.027, 126.075
4.78866, 145.202, -130.697
2.58759, 290.552, -385.838
3.01129, -27.723, -103.604
2.639, -158.249, -103.566
5.65921, -105.97, -215.506
6.34425, 23.2392, -102.368
2.74132, 201.565, -382.557
6.6924, 121.354, -182.954
6.76899, -339.048, -58.7128
6.57649, -428.504, 446.292
6.85188, 403.986, 303.857
5.27222, -288.534, -253.163
6.12646, -117.062, -179.93
3.20424, -172.178, 332.494
6.6115, 173.275, -347.043
5.51185, 171.402, 68.4781
4.93856, 137.73, -279.34
6.14942, 81.582, 402.782
4.05164, 464.556, -643.196
3.93925, -313.255, 46.7163
5.45857, -403.84, 430.828
5.34055, 511.083, 322.291
5.41059, -374.963, -169.374
2.84132, -469.758, 259.747
4.34304, -119.843, -109.398
6.28475, -331.295, -323.95
6.35297, -562.832, -373.405
4.27217, -249.394, -211.854
5.98913, 22.356, 289.901
5.08005, -258.791, -234.224
5.94494, 252.151, 67.9334
6.18066, -15.4717, 272.064
2.56231, -83.3041, -180.748
7.16549, 166.88, 80.0889
5.37826, 147.187, 60.3453
3.05587, 433.248, 285.287
4.87388, -206.223, -153.653
3.24247, 463.353, 54.2102
4.22594, 249.645, 13.0458
7.04476, -444.347, 171.59
4.54571, 119.14, 425.994
5.96642, -222.958, -187.755
3.35865, 249.3, -269.465
6.21715, 410.813, -397.048
4.16319, -332.012, 417.074
4.62157, 218.253, 87.2901
2.79523, -150.098, -243.254
5.09005, 304.655, 164.56
5.94425, 219.665, -246.897
5.01149, -92.5255, -200.257
6.56617, 18.9974, -247.08
3.07974, -163.644, -222.421
5.24841, 285.21, 7.63602
5.06046, 248.476, 69.096
6.02649, 409.959, 485.639
5.65083, -210.607, 329.346
4.0207, -56.8456, -205.33
6.74719, 242.716, 56.7487
3.39619, 235.539, 55.8056
2.61737, -392.289, -205.08
4.19467, 212.755, 126.376
3.43818, 219.612, 41.6213
6.60467, -75.0665, -213.033
6.72507, -235.911, -183.212
6.78031, 535.993, -510.963
7.37454, -466.269, 412.521
2.99587, 136.496, -356.738
2.56182, 330.321, 396.176
2.58614, 220.941, 42.2547
2.64527, 276.569, -14.326
4.1031, -117.577, -112.081
6.17815, 243.245, 58.7222
3.14876, 211.205, 19.4682
2.5161, -250.641, 217.829
6.91905, -185.267, -165.413
3.70482, 256.607, -309.386
4.38481, -404.653, 421.593
4.44879, 179.161, -1.23528
2.81534, 164.803, 74.4676
7.30792, -58.5304, 388.721
3.75349, 382.775, -283.164
6.85376, -231.037, -207.379
2.85991, -440.863, 236.922
2.70653, -295.632, 521.774
3.46378, 288.866, -365.614
3.86708, -116.955, 184.094
7.4007, -282.302, -457.173
3.60607, 236.452, -327.241
6.43119, -323.962, 350.997
4.42306, 96.53, -189.808
3.78593, 226.021, -258.119
3.91087, -423.923, 151.927
7.33834, 91.6818, 110.162
4.22841, -5.19534, -197.337
3.45922, -477.565, 239.58
5.05037, -438.87, -222.038
5.21857, -374.838, 386.584
5.72333, -362.869, -330.87
3.89738, 34.782, 437.778
3.41887, -102.534, -168.445
2.71579, -267.893, 155.64
3.98408, -168.569, -187.412
4.25548, -23.6854, 120.846
7.09372, -277.728, 422.544
5.81225, 257.543, -151.525
5.08041, 442.566, 348.689
4.03763, 197.269, 19.2632
3.0007, -51.7004, 34.1044
3.47502, 230.371, -100.628
4.11407, -20.5129, -138.952
5.56182, 142.597, -4.63749
5.13511, 549.276, -408.6
3.45653, 285.479, -0.0448869
4.7178, -302.051, -334.316
4.48693, -365.505, 383.704
6.28051, -346.202, 300.037
6.6213, 463.941, 380.45
5.51573, -121.49, -73.5395
3.04573, 177.534, -288.492
4.11797, 237.082, 110.273
5.03403, 318.646, 191.776
4.76521, -441.974, 409.562
4.77315, -106.042, -212.335
4.91125, 461.279, 423.553
5.07896, 241.453, -320.649
4.50207, 34.2883, 358.459
4.22945, 180.629, 252.268
6.64533, 187.858, 89.9411
3.02204, -659.062, -470.26
6.40057, 160.766, 38.3989
3.19919, -103.482, -109.428
2.62171, -341.688, -292.653
6.0664, 246.451, -233.425
7.15538, -111.927, -158.839
7.47667, 208.464, 44.7131
3.86264, -404.816, 98.1467
3.6923, -280.664, -281.668
3.87328, 522.381, 419.35
5.70836, -354.925, -299.926
5.17637, 259.758, 30.5663
6.8967, 406.763, -286.265
6.75968, -480.79, -256.386
2.98004, 178.429, 92.7661
4.66818, -554.861, 176.234
3.17045, 148.798, -77.276
5.86802, -63.433, 1.68972
5.34964, -68.8214, -199.115
3.66474, -466.195, 402.191
5.50306, 179.024, -334.132
2.6551, -368.737, -315.404
7.08512, 182.586, -90.0484
3.82958, 173.33, 94.5254
6.50016, -90.1437, -205.518
5.46389, -38.1309, -221.32
5.0822, 283.782, -23.0947
5.2567, 311.742, -23.3625
3.47225, 268.938, 134.322
5.36152, 3.57514, -373.236
3.81992, 189.357, 215.395
4.41648, -406.035, 475.377
2.73626, -335.147, -143.965
4.22823, 176.721, -306.786
3.61594, 137.476, -361.036
3.81264, -109.736, -122.92
3.05141, -147.072, -247.84
7.40088, -326.696, -388.892
5.93794, 406.852, 444.046
5.82158, -447.318, -228.237
5.99501, -397.596, -246.779
2.68746, -390.723, -291.955
3.6706, -331.568, -368.956
3.95397, 454.562, 376.777
3.50543, 3.15185, -266.339
2.7177, 356.365, -11.0173
2.56571, -179.353, 505.066
6.07297, -305.553, 445.393
6.88348, -391.696, -344.602
5.35088, -432.429, 119.681
6.92743, 503.235, 425.81
5.20042, -334.018, -257.679
3.31357, 564.571, -483.506
3.30492, 399.936, 418.725
7.19182, 238.359, 92.8699
3.45628, 403.844, -373.268
3.15761, -143.976, -129.689
4.41122, -80.7604, -134.197
6.12674, 274.145, 118.601
2.50651, 494.676, 422.035
4.60222, 108.163, 290.706
5.18984, 217.854, 28.4095
4.86596, -24.4871, 74.5995
6.33003, 494.895, 420.102
2.9396, 281.886, -299.229
7.04284, 237.755, 5.50397
3.20818, -606.293, -435.07
2.54782, 296.73, 51.5268
2.82267, 203.129, -35.9957
4.96742, 210.835, 85.2249
5.40914, 469.472, 328.935
4.03373, -335.925, 476.585
4.57091, 241.319, -53.8838
4.33401, -348.98, -299.602
3.42687, 74.2139, 368.262
2.76788, 95.5191, 46.0147
4.47222, 184.319, 166.447
3.98388, -42.0974, -93.9258
5.05388, -506.823, 431.722
3.75392, -432.229, 172.217
5.01589, 482.159, 501.384
2.51168, -287.203, 468.867
7.01807, 599.887, -217.04
2.79181, -443.776, -348.393
5.17506, -183.648, 351.071
3.95754, -502.108, 365.018
7.3023, -262.818, -126.083
4.73406, 230.07, 29.4512
5.08479, 294.435, 189.725
5.93861, -119.5, -201.081
2.72187, -155.975, -201.624
7.2946, -460.541, 449.35
5.70852, 309.808, 78.9374
2.80215, 47.1412, -347.241
3.33964, 219.859, 21.2331
5.76491, 186.015, 59.0814
6.19864, -419.458, 155.569
3.57011, 281.044, 178.913
4.31441, -229.469, -162.687
6.56981, -363.894, 347.538
5.32057, 407.653, -228.37
7.45886, -54.6753, -211.386
6.5669, -129.85, -26.843
3.49157, -331.266, 75.0318
2.50003, -45.5023, -369.946
4.62608, 603.196, -350.521
4.07406, 315.322, 200.349
5.56218, 478.319, -389.782
3.83351, -33.4467, -187.603
4.39881, -288.95, -22.1503
5.43397, 284.59, 24.3897
5.95636, -147.158, -267.052
7.26736, -78.3656, -255.382
4.89785, -375.976, -255.171
3.60319, 232.746, -322.981
5.33741, -403.265, -341.196
6.09873, 277.076, 181.623
4.4953, -328.641, 366.437
3.48326, -378.873, 362.148
6.66971, -501.071, -421.255
5.59561, -440.524, -335.379
7.26866, -79.0999, -200.449
3.23222, 42.955, -124.037
5.38953, -171.322, -185.13
7.26796, -324.472, 386.021
3.62331, 572.209, -333.964
7.25137, -304.838, 419.014
3.07874, 441.361, -429.498
2.58372, 29.2757, -140.057
3.90465, -164.811, -163.826
7.15042, 238.759, 47.9418
3.04796, 549.421, 536.542
6.77266, 69.5705, 404.386
5.68532, -594.515, -299.71
5.63853, 233.642, -318.902
3.80589, 458.295, 375.488
5.13936, -533.205, 184.096
7.16608, -212.315, 327.163
3.98055, 117.504, 131.409
4.78006, 195.408, 23.797
6.35659, -364.926, -287.786
4.17193, 278.942, 185.949
6.31775, 2.6931, -203.248
6.65892, 13.2689, 284.524
2.64618, -401.513, 481.098
4.31315, 358.211, -4.42525
4.16221, 298.206, -65.8729
3.17675, -338.56, -208.944
3.00839, -196.337, 506.577
5.11327, -335.458, 340.024
3.52046, -292.688, -207.03
5.00728, -351.333, -257.232
5.1371, 118.024, 368.037
4.13422, -163.125, -143.041
4.75888, 100.256, -251.168
6.85263, 99.7742, 348.393
4.72884, 508.015, 327.455
6.03726, -673.046, -76.5023
6.83171, 525.243, -497.339
6.5822, 295.644, 187.037
2.67504, 588.342, 448.033
3.8644, -246.833, -274.25
5.21858, -92.1531, -271.629
3.19942, -198.196, -235.473
5.57408, -246.624, -41.0814
3.29182, -260.505, -179.704
4.41129, 188.538, 11.7352
5.94997, -84.1436, -39.4922
3.21128, -252.406, 221.722
5.65284, -372.745, 411.262
3.15973, -33.7435, 244.631
7.13583, -557.771, 191.758
5.53465, -461.217, 385.347
5.50388, -390.737, 188.7
3.33635, 171.69, -343.406
3.301, -586.412, -465.361
5.91628, 214.174, 45.3226
5.1456, -221.082, -202.24
3.65264, 70.1409, 334.332
6.55373, -377.27, -179.735
5.76477, -46.1613, -255.687
4.08597, -328.601, -349.226
2.53953, -48.5835, -120.986
3.49176, 410.234, 503.507
3.78831, 339.447, -43.7877
3.03825, 228.177, -130.717
3.49545, -13.8261, -161.521
6.75079, 690.481, -420.22
6.63912, -321.611, 123.135
6.76813, -343.769, -348.031
5.71027, 4.46992, 448.166
3.6787, 596.398, -317.734
6.80638, -424.867, -56.755
5.4745, 251.683, 224.08
2.52745, 204.635, 108.57
6.84925, -336.426, -298.015
7.37729, 216.141, 115.858
5.59653, 127.618, 40.6558
3.85574, -446.964, -47.9288
7.46973, -175.703, -251.607
4.60751, -346.288, -231.719
4.20537, -324.106, -336.239
4.80717, 138.275, -109.686
4.44822, 79.6607, -188.37
4.613, -37.8638, 397.385
2.84879, 233.804, 173.692
5.5153, 16.9137, -81.2685
7.36114, -60.8031, -52.0241
5.07406, -323.967, -289.342
7.45461, 169.657, 167.791
5.84906, 167.396, 79.4254
4.01716, -177.93, -220.717
3.47371, 390.293, 340.763
4.0109, -245.499, -123.639
4.93946, -294.44, 612.235
4.72438, 459.962, 383.028
5.7844, 183.532, -296.507
3.74227, -417.975, -298.376
4.72007, -17.4319, 408.378
5.75894, -331.189, -232.532
6.67472, -636.533, 362.795
6.03698, 69.7482, 352.517
4.93928, -305.605, -276.141
6.72039, 167.884, 68.1021
7.00296, -183.433, -188.273
6.33082, -408.276, -395.446
5.29453, 407.276, 427.721
2.70603, 277.277, 13.3358
5.46749, 258.371, 69.3241
2.68674, -223.388, 281.464
4.53488, 219.855, 9.35557
2.84243, -509.167, -575.964
7.38558, -254.508, -191.142
2.5956, -295.011, -273.279
6.60363, -176.658, -121.561
5.2195, -474.43, 307.14
5.72828, 407.775, -253.911
3.62934, -116.477, -197.063
2.733, 562.027, -495.414
3.63154, 269.015, -262.638
4.58371, -407.623, 227.571
6.40126, 219.734, -346.066
3.72852, -447.017, 239.474
4.81411, 263.907, 43.8579
6.14756, 194.256, 0.195119
5.35237, -465.746, 305.842
5.45997, 478.645, 433.203
4.98425, -510.875, 107.582
3.951, 91.5313, -28.4226
4.71107, 37.0573, -132.293
2.53669, 629.113, -561.215
7.41683, 268.583, -144.375
2.52822, -426.471, -56.68
4.8676, 56.2442, 330.613
5.86497, -90.4637, -285.232
