6.27803, -722.964, -892.13
3.5948, -6.1496, -133.736
5.89648, 362.847, -846.755
5.09708, -260.161, 856.032
2.76731, -941.819, 655.148
2.53849, 346.112, 26.3088
4.58743, -758.76, -227.729
7.15218, 165.941, 393.152
2.95982, -4.21621, 711.139
6.00595, -154.812, 285.024
3.81226, 545.993, 804.153
4.14117, 476.052, -864.213
7.45519, 440.162, 230.037
7.41275, -505.67, -235.382
5.75759, 463.56, 412.132
6.92354, 250.501, -792.459
6.33247, -198.114, -478.991
3.87453, -491.874, -80.0963
4.93259, -637.946, -300.89
2.80282, 792.404, 763.113
5.08146, 23.9693, 691.614
4.96988, 893.487, -383.207
7.23882, -748.987, -480.632
4.42071, -50.8305, -802.432
5.14874, 776.262, -488.204
2.75042, 783.025, -47.6782
6.63909, 544.698, 519.602
5.94228, -834.72, -699.163
6.18112, 262.736, 721.411
6.94286, 908.235, 428.379
4.25508, -360.793, -533.921
6.72991, 186.91, 14.9094
3.84659, 576.242, -111.159
4.83959, 51.7207, -231.903
3.2686, -625.748, -455.205
2.66527, 598.438, 171.704
7.2768, -2.11995, 75.9628
6.95369, 122.591, 452.832
3.29884, 612.915, 207.815
3.15214, 432.814, -552.208
2.515, -464.332, -793.155
6.0491, -827.791, -184.037
3.40448, -500.194, 812.367
5.76029, 759.511, -314.053
4.42907, 411.271, -717.241
3.23766, 25.2211, -198.102
5.45054, 603.307, 79.2135
3.24076, 182.499, 860.397
3.2091, -157.598, 906.649
4.94257, -445.696, 104.611
3.13015, 817.898, -43.0756
5.64635, -309.91, -551.478
5.60817, 269.277, -681.27
4.88216, -500.801, 570.459
2.64188, -437.775, -194.208
3.21011, -113.049, 684.844
3.15594, -203.779, 820.61
3.31099, -788.618, 737.81
3.76529, -241.425, -768.694
4.77654, 537.644, -690.097
6.54472, -80.9769, -282.688
3.57624, 293.15, 773.437
3.75063, 756.489, 366.553
5.02978, -91.3987, 698.899
6.27922, 604.22, 145.412
5.66369, 817.28, -47.1149
5.9449, 577.77, -123.405
7.27207, 919.945, 456.557
5.18713, -394.958, 666.167
4.57014, -696.52, 11.5231
4.70019, 710.971, 156.073
6.07821, 699.539, 445.241
6.20858, 351.971, 570.671
5.12494, 740.814, -918
6.06711, -804.201, -89.4674
5.91025, 331.201, -19.7987
6.82941, 810.805, -567.818
3.19597, 2.60956, 691.36
3.57766, 883.82, -143.505
5.0733, -321.208, -148.257
4.83766, -103.367, 707.037
3.55759, -235.499, 604.261
5.65244, -663.626, 929.353
2.5044, -880.317, 156.472
4.09589, 416.98, 503.962
5.90281, 327.52, -95.5095
6.0446, 634.94, -550.865
2.90869, -769.621, 610.189
3.56926, 256.656, 433.31
4.44412, -783.474, -553.034
4.44927, 860.972, 854.313
3.92018, 357.941, -456.246
4.6123, 537.698, 511.999
2.55658, -622.58, -473.843
3.72027, 881.321, -639.205
4.49072, -705.813, 611.511
6.64177, -684.684, 198.589
3.78584, 843.744, -686.454
3.59705, -723.943, -501.024
6.47385, 347.381, 265.549
5.8476, 452.814, 380.776
5.49108, -866.307, 267.318
5.99917, -340.896, -516.148
5.13062, 543.244, -705.457
4.14833, 209.476, 109.869
3.30844, -736.697, 346.651
6.56633, 680.43, -9.75662
4.08004, 413.087, 160.833
4.05369, 20.5252, -714.145
4.65424, 38.3159, 133.811
4.46509, -152.261, -486.056
4.43916, -0.265455, -160.843
4.34871, -738.58, -513.111
5.88118, 327.343, -504.067
6.10384, 374.157, 31.0839
7.20082, -55.5991, 857.476
5.08573, -82.3835, -388.607
5.5282, -161.297, 280.293
5.85049, -646.39, 893.879
5.11404, 67.6859, -260.027
3.87105, -895.6, 636.26
7.08924, 144.873, 289.055
3.73367, 877.983, -437.271
4.77876, 333.793, 614.539
3.30374, -881.006, 618.559
4.68319, 355.623, 295.843
7.45767, 431.455, 145.757
6.26931, -409.125, 384.18
4.97846, -884.122, -615.49
7.01651, -606.446, -716.766
4.68213, 487.206, 499.79
5.09239, 145.869, -899.248
4.44866, 97.5019, -773.731
5.63431, -170.177, -560.46
5.19331, 337.123, 311.611
4.35955, 623.725, -448.021
2.54674, -327.868, 326.962
6.3794, 25.6762, -697.209
2.85317, -841.305, -580.503
3.98511, 386.857, -690.968
4.78581, -34.1368, -786.843
3.25156, -106.857, 19.704
5.97819, 627.174, -414.512
4.15587, 371.515, 138.451
5.21197, 919.642, -808.21
2.64678, 722.509, -892.184
5.38086, 17.5357, -193.458
5.18133, 326.54, 455.055
7.36678, -732.784, -851.331
5.57063, -310.479, -559.807
5.26431, -731.641, 203.719
6.69051, -266.395, 854.184
3.75764, -462.604, 846.942
6.98957, 583.853, -137.151
5.97428, 519.859, -470.132
5.82752, -454.349, -65.0366
3.06838, -637.626, -744.51
3.37987, -876.363, 93.593
2.91253, -138.529, 162.073
6.68103, -198.273, 311.966
2.64818, 862.088, -672.951
6.34719, -57.8977, -804.501
4.29829, -500.543, 801.234
6.24626, 34.4785, 510.756
6.28385, 334.289, 293.853
3.60834, -515.608, -845.589
5.58305, 286.627, 131.805
3.66846, -527.391, -222.744
6.22052, -703.419, 252.053
5.80997, -844.417, -666.857
4.9209, 884.722, -705.766
2.58972, 847.388, 165.721
4.98291, 433.496, 145.751
5.09587, 7.26105, -825.538
4.71395, -820.912, 472.608
4.14528, -59.1305, 890.207
3.52671, 459.185, -88.4602
7.19863, -201.895, -538.556
2.85168, -530.984, 825.986
3.30042, 42.0588, -741.015
6.70788, -700.354, 6.80097
4.13614, -179.839, -253.63
6.85942, 184.092, 389.668
5.99896, 636.759, 505.698
5.52801, 838.556, -183.816
4.77536, 54.6657, -201.615
2.91543, -521.312, -213.297
3.94883, 13.0606, -162.484
6.51009, -632.055, -747.754
6.81821, 337.653, 16.6396
3.81831, 386.938, -483.968
4.79881, -749.537, -254.83
4.95672, 546.903, -479.098
5.82344, -457.537, -908.547
7.31738, -601.311, -169.26
7.23022, 550.764, -704.406
2.81902, 241.876, -633.047
5.04829, -516.761, -229.867
6.13222, 670.217, 640.48
5.65882, 522.543, -278.978
3.26658, -873.807, -911.404
5.09652, -815.856, 476.836
3.52281, -498.578, 797.652
6.03231, 383.098, -812.211
6.05786, -487.335, -73.8316
3.66304, -526.49, -214.176
6.80594, 21.9541, -144.384
2.67122, -71.2821, 866.395
6.26587, -870.85, 100.959
4.14789, 585.18, 149.436
4.65309, 24.6816, -483.305
7.33455, 822.795, -204.684
4.05803, 710.565, 639.719
5.69762, 843.907, -703.138
5.95386, 819.29, -40.1334
5.36403, 34.9211, 614.096
6.60667, 880.703, -709.298
4.21807, -840.703, -660.335
5.09387, -783.75, -683.003
6.78438, 106.19, -864.299
6.18587, 360.785, -0.490073
3.45992, -802.772, 359.56
2.83145, -288.126, 311.787
3.60828, 897.717, -710.69
3.33656, 90.7649, -190.427
6.31172, 355.965, -855.886
5.44905, -823.92, 334.777
4.65223, 814.222, 826.397
7.09618, 620.684, 11.8859
5.09668, 436.648, 139.908
7.38058, -666.953, -50.3069
5.15714, -449.275, 101.237
2.98716, 323.739, 292.804
5.83983, 186.999, 135.769
5.44444, 157.492, -20.6699
5.01137, -649.557, -87.2492
2.75808, -847.521, 394.416
2.6753, -274.702, -4.97687
4.41484, -738.529, -510.772
5.55555, 215.365, 104.605
5.06574, 553.895, 815.665
5.98498, 354.25, -4.7736
4.89891, 43.6015, -213.772
3.88323, 41.5883, 428.626
6.01685, -430.621, 177.083
3.67701, 805.282, -9.94587
6.41501, 121.23, -176.339
6.60589, 303.96, 763.564
3.21842, -476.623, 47.0862
5.75757, -484.761, 753.38
3.87677, 824.732, -888.044
7.26215, -441.691, 664.894
4.58238, -724.119, 13.8752
3.03869, -122.404, 368.061
4.70633, -759.535, 530.692
6.28811, -374.31, -264.292
2.77803, -355.451, -256.668
3.51241, 4.11139, 108.973
6.82305, 879.533, -693.867
6.52456, -248.734, -40.0954
2.78861, -642.483, -615.256
4.40304, -42.1838, -658.618
4.56124, -109.815, 682.886
2.80071, -343.141, 306.043
7.09746, 786.207, 594.775
3.35398, 573.923, 827.07
6.51634, -884.761, 207.846
3.88599, 665.745, 36.5852
4.44586, 165.898, 739.107
7.19936, 65.6404, 605.403
6.24573, 179.156, -207.808
3.44774, -351.491, 729.56
6.89581, 400.961, 465.823
6.8953, 393.289, -771.724
3.30515, -764.039, -237.874
5.87346, -773.399, -201.855
6.89096, 615.457, 153.367
6.98262, 266.752, 474.233
3.06535, 25.1469, 700.151
5.93789, -174.384, -218.628
3.21651, -761.843, -700.067
3.6901, 327.172, -30.1223
5.64383, 872.341, -189.788
4.312, 755.631, 368.865
4.64437, 586.408, 684.845
4.91936, -52.0115, -803.102
6.20379, -15.9113, -132.229
3.23098, -344.753, 800.093
7.36238, -761.7, -692.618
7.3158, -504.629, -252.197
3.14741, -548.445, 623.493
5.3784, -270.306, -572.381
4.66439, 88.919, -163.44
5.50066, -249.309, -267.946
5.85098, -671.635, -51.1035
4.5137, 403.919, 931.141
6.46691, 649.368, 635.082
4.89889, -889.595, -232.223
5.72449, 302.38, 244.907
4.28836, -267.788, 608.557
5.96794, -305.925, -216.505
5.83428, -420.639, -661.355
3.22071, -430.171, 654.283
7.10415, -846.629, 176.354
4.22228, 18.6239, -187.124
6.66824, -390.015, -457.586
2.74349, 304.585, -684.165
3.27936, -260.648, -8.15285
2.55765, 335.135, 455.497
3.94327, 101.754, 570.851
5.07295, -325.093, -146.452
3.65948, 657.465, 427.734
2.75022, -262.043, -15.4732
5.33091, -614.187, -715.702
6.69774, -142.665, 642.558
4.28763, -670.77, -496.685
4.3452, 164.642, 818.109
7.22226, 272.035, -62.8231
4.72425, -874.498, -187.781
6.82086, 421.441, 173.64
5.82654, -779.681, -715.317
5.79297, 161.517, 633.626
7.10736, -917.396, 919.251
5.11536, 884.084, -646.405
5.45229, 434.876, -438.325
5.79944, 678.707, 663.278
4.24765, 260.37, 451.945
4.11714, 341.414, 24.243
7.08984, -86.6797, 710.271
3.08619, 895.235, -442.821
7.31268, 578.327, -102.489
5.17978, 52.7388, -220.904
5.81447, 724.971, 640.008
5.48362, 831.774, -467.502
6.93363, -508.323, -695.517
6.67999, -637.737, -569.461
6.69339, 248.906, 158.32
6.85642, -162.614, 288.033
2.5002, -775.451, 334.766
4.77274, 294.444, 308.395
4.25696, -878.695, 201.3
5.80713, -247.755, 680.389
6.22234, -885.392, 163.768
3.3821, -166.295, -505.988
7.4621, 814.454, -730.329
5.95466, -879.196, 206.17
6.97862, 165.984, -8.07284
3.51579, 318.957, -89.8909
7.2356, -472.558, -88.041
4.88476, 840.493, -470.446
6.78578, 870.71, -705.516
6.41237, -872.062, -547.923
5.70687, 868.062, -857.954
3.14521, -700.383, 214.458
5.77944, 14.1456, 707.877
3.09199, 59.4847, -9.06751
3.88793, 286.632, 737.179
6.65548, -234.312, -260.057
6.14153, -725.426, -499.93
6.74348, -608.188, 286.067
3.43989, -764.931, -830.468
6.09602, 547.88, -312.029
4.25586, 132.524, 279.746
3.34555, -415.755, -648.663
4.52383, 299.723, -551.821
4.20924, 155.711, 710.563
6.67141, 328.987, -88.6146
3.9111, 711.61, 602.718
5.16766, -619.678, -456.109
6.25085, 895.873, -838.581
4.62554, -625.296, -760.84
4.66964, -480.674, 585.279
3.03022, 821.622, -917.903
6.4639, -60.9906, -437.278
3.91232, -653.508, -453.423
7.14264, -473.526, -235.985
5.37926, 270.765, 473.518
3.4895, 770.415, -296.841
5.99081, 552.867, -720.235
3.07265, 449.221, -842.729
4.22945, 268.538, 724.32
4.15646, -491.457, -234.914
6.42735, 832.931, -896.14
6.65775, 453, -199.412
4.21712, -718.028, 736.858
4.2603, -266.873, 838.888
6.38197, 131.334, -751.659
6.58658, 13.9263, 684.207
4.26157, -183.529, 309.222
7.09559, -382.642, -259.661
3.2877, 484.301, 223.383
5.56029, -445.987, 626.511
5.54222, -430.421, 654.677
3.16647, -231.888, -685.569
3.51409, -708.191, -491.853
4.79457, -809.61, 529.01
3.48759, -468.909, 844.479
6.77118, -811.238, 341.487
6.54562, -744.777, -632.4
2.80131, -853.971, 801.794
6.50584, -694.186, 630.318
5.49597, -157.212, -479.54
7.43182, -864.24, 264.858
2.65919, -109.904, 681.61
6.8356, 873.67, -699.947
3.69109, 589.408, 279.797
3.6127, 211.954, 368.496
4.73907, -873.133, -541.991
2.61231, 855.018, -196.626
6.79755, -241.271, -13.944
4.15902, 236.895, 512.825
5.72195, 347.7, 299.846
7.43521, -872.949, -542.319
5.30162, 293.429, -560.444
4.74553, -779.661, -225.577
5.213, 114.334, -729.628
2.90797, 785.696, -21.3336
3.99606, -744.178, -231.835
6.63964, 773.664, 602.81
6.48936, 597.956, 835.818
5.71048, -97.5304, 661.302
4.84105, 607.276, 340.46
7.15326, -167.733, -529.472
5.08798, -251.949, -16.7725
7.42924, 803.519, -482.476
5.94567, -37.605, -677.867
6.19966, -168.126, -497.64
3.46323, -406.53, -857.459
6.08881, -499.305, 569.459
6.11146, 600.771, -109.749
6.49298, 293.62, 149.902
4.23216, 248.243, -924.358
5.1481, 16.1701, -146.742
3.19001, 734.718, -339.793
6.73218, -238.198, -260.025
6.32766, -25.0085, -788.817
7.5, 860.023, -438.057
4.24891, 496.543, 921.893
5.50367, -519.11, 562.625
3.50808, -493.732, 36.1923
6.2385, 40.4963, 134.22
6.49225, 889.615, 225.042
3.03505, -687.438, 103.055
5.35813, -483.363, 34.0139
2.84683, 351.599, -380.567
4.16036, 646.951, 643.946
5.80945, 444.326, -678.625
5.27726, 125.074, -185.659
7.12415, 225.803, -7.85853
2.69832, -439.53, 185.911
2.62083, -270.373, 197.566
4.61923, 238.108, -629.815
4.36987, 406.071, 172.214
2.93303, -258.49, -257.475
3.05403, -114.059, 158.737
5.31992, 345.291, -349.453
7.37269, 7.00543, 706.036
3.05066, -37.9348, -783.243
5.99352, 103.092, 893.3
2.79674, -68.4142, -658.192
4.69755, 808.12, -30.0094
5.24651, 931.516, 689.936
3.45129, 655.853, -716.815
7.36597, 367.664, 325.144
3.19593, -640.118, -106.009
5.48978, 847.701, -476.038
7.12812, -832.611, 702.243
3.91116, -61.1328, 849.679
6.8307, -139.829, -84.8745
6.29598, -212.431, -546.665
6.10793, 333.371, 598.517
3.34241, -329.679, 335.983
3.32882, 770.305, 371.94
3.39076, -639.996, -915.546
5.87226, 299.199, -546.805
4.83484, -275.861, -3.80282
6.85219, -762.844, -354.837
5.76023, -648.826, -76.9628
5.80464, 746.069, 826.548
2.58037, -654.257, -571.121
4.30596, -735.006, -682.39
3.72747, 872.747, 100.961
6.93086, -882.344, -875.466
5.23701, 814.044, 789.836
6.57209, -22.7805, -633.048
5.24453, 162.175, 824.158
4.16156, 480.922, -67.1888
4.40213, -35.6954, -625.661
2.52389, 870.505, 600.519
6.95226, -75.7611, -406.839
6.16955, -424.96, 657.386
6.04239, -98.205, 688.173
5.1278, 81.8254, -201.271
6.41065, -145.974, -767.882
3.42484, -410.831, -410.83
5.72673, 261.887, 480.384
3.42178, -619.662, -248.87
3.31214, -22.3506, -95.0577
2.65594, -196.843, 829.893
7.42716, 150.526, -683.498
4.04559, -290.051, -654.223
4.11075, -643.556, -301.755
5.51155, 266.799, -175.449
2.89107, -314.829, -870.328
3.93936, 0.803767, 66.7953
5.79307, -182.686, -479.397
7.36348, -882.46, -363.767
7.27758, -361.031, -736.805
7.42745, -622.564, -280.529
7.30478, -834.228, -654.454
3.0073, -485.106, 574.211
3.71505, -180.835, -481.915
6.91151, 126.703, -364.254
5.28805, 328.94, 593.128
6.7669, 774.041, 540.351
7.49145, -531.149, 561.8
3.99751, -164.151, -487.017
6.33157, 897.658, 451.04
4.81901, 289.897, -167.084
6.8168, -632.717, -721.108
6.99018, 815.895, -75.7856
7.377, 240.685, -408.923
2.77405, 623.322, 142.935
6.32605, 880.428, -642.192
5.09219, -883.945, 737.879
3.46574, 916.714, -171.846
6.98252, 230.68, -544.761
6.38492, -800.914, 107.804
2.75968, 378.481, 518.126
7.47331, -782.479, 729.542
5.93659, -86.4121, -423.464
5.94854, 851.057, 492.507
6.57666, -622.115, 783.36
7.05426, -55.2482, -411.53
3.34218, -202.831, 312.594
5.24183, -608.29, 760.538
6.53351, -515.207, -231.258
4.17803, 326.902, -508.551
5.53435, -95.5054, 13.039
6.59602, -843.508, 345.552
7.3485, 51.613, -201.163
6.29349, 558.452, 540.663
3.72113, -128.519, -106.269
5.80589, -575.905, 356
4.21574, -509.987, -247.204
7.27146, 347.337, -357.432
2.60828, 768.02, 518.485
4.54979, -873.15, 893.963
2.55789, 545.209, -703.116
3.04964, 836.563, 222.505
5.28259, -814.487, 110.662
4.45466, 42.2751, -245.882
7.20539, 129.157, -162.485
2.55572, 186.353, 400.891
6.22897, -138.709, -508.093
3.84293, 196.523, 111.763
4.27153, -628.233, -750.603
3.45835, -458.633, 628.045
5.14832, 309.279, -125.793
4.39478, -27.6971, -764.853
3.16407, -86.1139, -820.807
4.26563, -194.541, -469.45
4.2497, 770.638, 923.763
7.41084, 608.373, -148.198
5.25961, 150.777, -315.789
4.99918, 23.6219, -706.774
3.58531, -817.791, 347.587
4.37311, -228.037, -563.825
6.78251, -626.66, -448.876
6.45578, 800.38, -485.796
3.9204, -530.044, 829.101
5.07645, 437.12, 164.286
6.79238, -240.101, 49.6781
7.07844, -795.608, -184.046
7.48941, 153.71, 849.367
6.53177, 117.324, -182.289
5.22718, -868.044, -183.296
7.3461, 119.203, -727.882
5.31931, -564.592, 377.072
4.03031, -449.69, 644.466
5.41853, 846.526, 864.368
2.91197, 52.2993, -227.746
5.47382, 345.225, 545.24
3.31968, -579.069, -560.118
6.46527, -626.62, -470.43
2.95373, 602.953, 667.353
6.3072, -480.677, -674.607
6.83996, -243.848, -4.71099
6.40105, 117.575, -356.221
6.61399, 876.187, 827.021
6.70974, 357.761, 547.288
4.48328, 485.896, 230.687
6.508, -141.09, 160.991
6.56811, 355.212, -25.1036
5.43493, -395.113, 82.1681
4.64621, 766.476, -5.88881
2.5002, -54.907, -430.134
5.31153, -777.676, 334.354
6.22632, 332.875, 310.536
3.89846, 862.694, 273.328
2.93406, -893.017, 543.596
3.5733, 863.819, -857.444
3.93296, -454.977, 613.183
4.86595, -381.551, 467.27
6.95893, 852.338, 820.705
5.91955, 496.43, -468.314
3.54376, 5.4407, -118.125
6.67533, 754.143, -29.7
7.09218, 882.405, 896.087
4.48244, -512.744, -664.122
6.37858, 537.127, 520.535
5.68161, -127.437, -107.274
6.64746, 429.051, 227.905
3.40204, 508.911, -475.394
7.45927, 538.919, -726.183
6.70558, -131.077, -771.38
4.65177, 838.715, 224.966
4.38589, 575.309, 803.202
2.70802, 571.851, -494.959
6.80715, -674.623, -482.709
6.62116, 882.713, -847.786
6.25052, -3.82282, 714.868
3.55801, -179.582, 886.901
4.31029, -747.961, -191.822
4.43545, -618.382, -722.044
7.32918, 749.212, 616.821
6.5872, -108.803, 683.339
4.5755, -61.2373, 429.377
5.83759, 216.505, 124.562
2.52101, 491.511, 919.74
6.98048, -705.813, 215.878
3.68416, -349.466, 349.687
3.79415, 334.97, -167.933
5.4939, 403.989, -673.42
6.89823, -817.079, 352.825
6.16299, -609.824, -578.374
6.0773, 805.798, 581.596
3.57724, -569.003, 488.094
6.30413, 706.472, -932.901
3.85351, -155.995, -479.609
2.75246, 585.502, 269.898
4.78866, 351.64, 313.632
2.58759, 402.81, -697.597
3.01129, 39.5417, -241.675
2.639, -183.074, 308.038
5.65921, -363.987, -526.376
6.34425, 51.6357, -196.163
2.74132, 535.285, -782.655
6.6924, -30.8461, -630.396
6.76899, -234.784, -213.993
6.57649, -494.347, 577.831
6.85188, 791.882, 375.249
5.27222, -605.65, -165.894
6.12646, -251.459, -55.782
3.20424, -470.553, 844.98
6.6115, 577.375, -490.315
5.51185, 668.04, -175.476
4.93856, 472.122, -853.101
6.14942, -223.364, 806.562
4.05164, 753.32, -646.448
3.93925, -708.539, 313.754
5.45857, -890.838, 715.738
5.34055, 582.234, 824.589
5.41059, -870.665, -534.861
2.84132, -677.457, 276.749
4.34304, 152.266, -316.746
6.28475, -873.461, -532.915
6.35297, -446.205, -834.9
4.27217, -406.144, -276.174
5.98913, 166.518, 848.473
5.08005, -617.597, -276.589
5.94494, 329.665, 141.164
6.18066, -82.2982, 639.723
2.56231, -311.215, -635
7.16549, 604.828, -154.228
5.37826, 134.762, 112.565
3.05587, 518.97, 911.605
4.87388, -98.4418, 21.2081
3.24247, 205.461, 89.9172
4.22594, 73.3209, 427.537
7.04476, -855.81, 204.609
4.54571, 24.0677, 520.754
5.96642, -641.709, -92.4989
3.35865, 366.996, -803.973
6.21715, 849.157, -460.833
4.16319, -434.134, 685.84
4.62157, 603.909, 303.05
2.79523, -205.102, -76.9381
5.09005, 261.507, -219.983
5.94425, 427.605, -550.152
5.01149, -236.683, -12.9435
6.56617, -182.247, -713.124
3.07974, 119.332, -880.587
5.24841, 260.041, 465.998
5.06046, 329.936, 53.6541
6.02649, 912.214, 437.305
5.65083, -245.606, 854.437
4.0207, -66.259, -628.685
6.74719, 340.099, 310.644
3.39619, 602.259, -24.3951
2.61737, -469.175, -68.5902
4.19467, 682.29, 38.4134
3.43818, 330.922, -84.2862
6.60467, -263.643, 168.886
6.72507, -865.871, -185.451
6.78031, 893.534, -699.109
7.37454, -879.32, 621.088
2.99587, 403.461, -429.415
2.56182, 569.508, 615.21
2.58614, 231.927, 521.347
2.64527, 200.264, 134.064
4.1031, 153.555, -318.583
6.17815, 607.362, 291.323
3.14876, 313.296, 454.126
2.5161, -379.392, 453.364
6.91905, 126.144, -732.72
3.70482, 212.842, -516.824
4.38481, -815.519, 712.148
4.44879, 586.353, 141.7
2.81534, 606.058, 320.319
7.30792, 173.456, 857.523
3.75349, 705.68, -345.393
6.85376, -678.197, -46.87
2.85991, -831.381, 326.126
2.70653, -567.989, 571.173
3.46378, 321.317, -489.804
3.86708, -301.27, 304.106
7.4007, -915.401, -344.828
3.60607, 326.948, -508.296
6.43119, -851.399, 817.444
4.42306, 229.133, -379.928
3.78593, 439.173, -617.778
3.91087, -874.737, 101.182
7.33834, 841.482, -42.5133
4.22841, 683.023, 145.947
3.45922, -872.193, 722.01
5.05037, -543.313, -353.095
5.21857, -508.309, 575.261
5.72333, -640.357, -553.56
3.89738, 17.2701, 689.714
3.41887, -316.167, -644.117
2.71579, -812.901, 353.678
3.98408, -506.639, -232.203
4.25548, -229.09, 123.018
7.09372, -390.751, 692.96
5.81225, 479.345, -337.821
5.08041, 836.458, 552.059
4.03763, 535.199, 511.765
3.0007, -308.205, 133.96
3.47502, 338.831, -883.864
4.11407, 31.0839, -140.782
5.56182, 854.753, 101.582
5.13511, 913.617, -923.814
3.45653, 322.117, 237.871
4.7178, -702.174, -505.69
4.48693, -621.281, 767.342
6.28051, -583.154, 760.89
6.6213, 713.337, 604.794
5.51573, 87.5072, -383.407
3.04573, 558.071, -745.209
4.11797, 452.995, -168.947
5.03403, 33.9739, 297.302
4.76521, -637.055, 767.405
4.77315, -161.563, -491.299
4.91125, 897.582, 898.586
5.07896, 357.512, -656.926
4.50207, 171.4, 797.912
4.22945, 857.636, 389.863
6.64533, 878.256, -186.505
3.02204, -647.673, -714.461
6.40057, 509.984, 484.258
3.19919, -284.082, -225.894
2.62171, -739.894, -503.872
6.0664, 356.615, -648.851
7.15538, 122.108, -749.355
7.47667, 238.324, 146.506
3.86264, -881.681, 171.222
3.6923, -487.334, -233.285
3.87328, 872.929, 598.737
5.70836, -850.463, -676.88
5.17637, 285.934, 143.148
6.8967, 776.299, -297.513
6.75968, -655.698, -715.513
2.98004, 807.699, -43.1561
4.66818, -699.015, 199.45
3.17045, -148.637, -713.133
5.86802, -201.176, 323.226
5.34964, -60.5951, -456.074
3.66474, -513.259, 566.349
5.50306, 236.302, -626.049
2.6551, -716.109, 5.20791
7.08512, 526.71, -285.921
3.82958, 861.771, -193.401
6.50016, -160.112, -490.735
5.46389, 157.318, -708.352
5.0822, 347.167, 542.19
5.2567, 352.105, 566.757
3.47225, 469.834, -208.072
5.36152, 121.743, -675.769
3.81992, 192.241, 400.244
4.41648, -783.179, 509.877
2.73626, -700.279, -864.152
4.22823, 543.014, -701.48
3.61594, 615.775, -409.285
3.81264, 34.4966, -717.85
3.05141, -387.987, -460.927
7.40088, -673.844, -14.2186
5.93794, 751.881, 618.532
5.82158, -542.967, -357.579
5.99501, -586.926, -649.919
2.68746, -763.792, -692.07
3.6706, -645.609, -723.369
3.95397, 715.721, 645.023
3.50543, 48.2216, -255.699
2.7177, 312.05, 246.895
2.56571, -484.265, 552.452
6.07297, -479.614, 781.186
6.88348, -832.159, -572.883
5.35088, -868.01, 369.158
6.92743, 832.784, 821.643
5.20042, -397.348, -259.338
3.31357, 860.609, -662.27
3.30492, 947.241, 472.194
7.19182, 305.329, 276.123
3.45628, 508.407, -776.43
3.15761, -5.99592, -137.204
4.41122, -247.367, -4.06705
6.12674, 267.74, -174.417
2.50651, 553.143, 816.847
4.60222, 13.3718, 705.877
5.18984, 246.969, -207.389
4.86596, -221.532, 229.552
6.33003, 549.04, 820.066
2.9396, 495.961, -483.03
7.04284, 154.335, 318.584
3.20818, -801.381, -402.381
2.54782, 312.276, -22.338
2.82267, 272.035, 470.31
4.96742, 365.377, 220.671
5.40914, 488.219, 914.19
4.03373, -890.943, 536.977
4.57091, 818.905, -68.0142
4.33401, -615.256, -623.1
3.42687, 156.143, 633.005
2.76788, 610.36, 110.077
4.47222, 481.282, -48.4635
3.98388, -324.068, -176.41
5.05388, -381.984, 810.423
3.75392, -674.513, 206.436
5.01589, 907.966, 890.807
2.51168, -10.0703, 760.579
7.01807, 870.994, -439.42
2.79181, -900.196, -891.422
5.17506, -574.691, 751.94
3.95754, -379.51, 773.476
7.3023, -769.443, -231.098
4.73406, 335.605, -75.6446
5.08479, 806.586, 202.516
5.93861, -303.167, -0.311883
2.72187, -155.247, 40.7836
7.2946, -762.832, 582.137
5.70852, 377.324, 143.184
2.80215, 507.298, -681.197
3.33964, 96.858, 258.509
5.76491, 445.714, -206.58
6.19864, -783.305, 348.462
3.57011, 828.945, 223.282
4.31441, 119.893, -710.415
6.56981, -644.698, 892.952
5.32057, 800.589, -487.915
7.45886, -29.5136, -812.8
6.5669, -782.35, 329.37
3.49157, -920.591, -13.7226
2.50003, -147.184, -760.894
4.62608, 855.558, -709.935
4.07406, 800.153, 192.297
5.56218, 591.793, -878.104
3.83351, -165.067, -506.572
4.39881, -590.43, -85.3698
5.43397, 865.672, 266.851
5.95636, -122.512, -461.304
7.26736, -388.54, -526.109
4.89785, -300.668, -877.131
3.60319, 385.28, -656.266
5.33741, -658.837, -467.522
6.09873, 333.423, 298.694
4.4953, -502.521, 568.91
3.48326, -662.158, 932.917
6.66971, -624.9, -749.614
5.59561, -447.622, -834.245
7.26866, -271.101, 148.327
3.23222, 26.0075, -204.297
5.38953, -8.43166, -429.514
7.26796, -432.412, 654.278
3.62331, 689.117, -918.175
7.25137, -495.627, 747.71
3.07874, 787.434, -477.076
2.58372, 10.2883, -182.052
3.90465, -306.453, -132.003
7.15042, 579.953, 127.131
3.04796, 740.847, 824.882
6.77266, 4.6141, 701.641
5.68532, -677.066, -707.734
5.63853, 401.257, -673.583
3.80589, 723.879, 650.382
5.13936, -866.327, 159.56
7.16608, -252.638, 851.55
3.98055, 861.852, 85.7018
4.78006, 183.389, 363.803
6.35659, -627.31, -573.594
4.17193, 184.463, 119.26
6.31775, -20.0699, -803.548
6.65892, -9.32584, 873.404
2.64618, -721.192, 554.007
4.31315, 683.161, -251.521
4.16221, 256.558, 486.749
3.17675, -451.948, -242.077
3.00839, -277.271, 609.843
5.11327, -583.789, 759.928
3.52046, 41.4301, -495.186
5.00728, -836.346, -572.608
5.1371, -31.7322, 868.575
4.13422, -248.147, -244.341
4.75888, 263.793, -374.713
6.85263, -39.5947, 884.788
4.72884, 578.021, 823.362
6.03726, -461.834, -785.955
6.83171, 883.078, -688.312
6.5822, 809.741, 189.132
2.67504, 819.924, 787.704
3.8644, -610.282, -270.458
5.21858, -393.71, -428.554
3.19942, -869.265, -536.154
5.57408, -708.601, -860.852
3.29182, -617.222, -637.402
4.41129, 116.349, 210.997
5.94997, -103.901, 174.155
3.21128, -378.235, 465.612
5.65284, -801.907, 731.738
3.15973, 154.667, 856.184
7.13583, -696.204, 203.732
5.53465, -888.019, 755.006
5.50388, -826.14, 322.118
3.33635, 578.09, -489.106
3.301, -787.961, -415.688
5.91628, 588.616, -23.0587
5.1456, -677.28, -47.7246
3.65264, -94.1018, 685.019
6.55373, -454.076, -58.4177
5.76477, -412.76, -538.075
4.08597, -595.343, -585.552
2.53953, -253.374, -775.692
3.49176, 738.083, 634.772
3.78831, 21.2103, 366.939
3.03825, 828.289, 28.1793
3.49545, 108.774, -387.867
6.75079, 793.005, -757.922
6.63912, -854.892, 183.801
6.76813, -836.23, -585.672
5.71027, 293.474, 763.612
3.6787, 691.044, -917.819
6.80638, -504.532, -743.74
5.4745, -35.7722, -142.225
2.52745, 515.16, -53.5234
6.84925, -625.551, -456.022
7.37729, 612.157, 165.639
5.59653, 339.641, 42.8269
3.85574, -842.641, 354.757
7.46973, -198.722, -528.516
4.60751, -659.256, -459.72
4.20537, -771.928, -589.474
4.80717, 328.881, -104.826
4.44822, 244.921, -395.863
4.613, 0.531483, 506.899
2.84879, 146.233, 301.86
5.5153, 15.0549, -147.158
7.36114, -52.1105, 196.19
5.07406, -707.473, -504.824
7.45461, 863.015, -124.722
5.84906, 580.418, -140.571
4.01716, -594.818, 49.1374
3.47371, 807.219, 564.101
4.0109, -760.075, -835.46
4.93946, -355.795, 446.843
4.72438, 493.098, 932.151
5.7844, 368.332, -842.831
3.74227, -733.21, -680.31
4.72007, 40.4226, 528.854
5.75894, -669.693, -60.2937
6.67472, -701.622, 257.7
6.03698, 168.181, 781.309
4.93928, -821.814, -616.513
6.72039, 381.92, -199.68
7.00296, -494.293, -228.619
6.33082, -699.208, -470.879
5.29453, 632.981, 882.322
2.70603, -10.9707, 92.1112
5.46749, 545.265, 85.0039
2.68674, -629.177, 795.753
4.53488, 96.1381, 417.23
2.84243, -911.544, -852.168
7.38558, -724.674, -844.535
2.5956, -510.566, -234.572
6.60363, -166.601, -247.329
5.2195, -378.143, 783.107
5.72828, 726.965, -327.154
3.62934, -253.283, -51.0148
2.733, 867.013, -697.838
3.63154, 210.626, -547.252
4.58371, -636.363, 126.117
6.40126, 246.943, -604.336
3.72852, -823.904, 320.318
4.81411, 611.202, 107.321
6.14756, 899.003, 275.532
5.35237, -346.671, 779.924
5.45997, 899.482, 889.935
4.98425, -829.975, 247.187
3.951, 452.401, 163.38
4.71107, 27.1621, -198.332
2.53669, 819.092, -416.447
7.41683, 484.423, -339.29
2.52822, -745.916, -202.175
4.8676, -83.7366, 695.718
5.86497, -332.812, -161.457
