6.27803, -331.087, -251.917
3.5948, 208.563, 49.3139
5.89648, 134.66, -53.0535
5.09708, -197.37, 245.924
2.76731, -258.115, 184.022
2.53849, 290.141, 184.326
4.58743, -136.521, -191.715
7.15218, 214.332, -47.6943
2.95982, 103.37, 258.272
6.00595, 3.28871, -153.768
3.81226, 308.359, 254.609
4.14117, 97.1177, -242.998
7.45519, 161.17, 5.28852
7.41275, -263.222, -323.307
5.75759, 321.905, -20.2111
6.92354, 191.967, -176.764
6.33247, -105.62, -122.513
3.87453, -181.196, -407.369
4.93259, -219.001, -275.68
2.80282, 391.057, 248.899
5.08146, 72.2685, 313.965
4.96988, 298.097, -381.414
7.23882, -188.081, -434.574
4.42071, -147.217, -73.6632
5.14874, 324.935, -404.182
2.75042, 68.694, 5.29607
6.63909, 307.27, -132.09
5.94228, -303.239, -391.181
6.18112, 48.9285, 210.206
6.94286, 357.447, 356.272
4.25508, -93.2982, -104.254
6.72991, 193.861, -20.0108
3.84659, -6.88559, 40.8078
4.83959, -16.0831, -124.058
3.2686, -253.793, -197.813
2.66527, 249.733, -99.1981
7.2768, 245.796, 133.414
6.95369, 127.482, -105.302
3.29884, 232.768, -17.5908
3.15214, 191.226, -114.888
2.515, -472.919, -115.546
6.0491, -68.4015, -185.706
3.40448, -417.033, 332.025
5.76029, 401.299, -333.679
4.42907, 242.383, -249.668
3.23766, 223.808, 65.5382
5.45054, 228.629, 143.106
3.24076, 51.6463, 191.728
3.2091, 242.108, 48.3713
4.94257, -253.313, -312.706
3.13015, 20.5113, 67.0517
5.64635, -101.446, -114.531
5.60817, 39.6348, -266.064
4.88216, -316.047, 322.22
2.64188, -451.828, -319.157
3.21011, 286.694, 274.459
3.15594, -175.104, 330.07
3.31099, -275.823, 341.148
3.76529, -123.976, -34.8059
4.77654, 26.4997, -126.99
6.54472, -55.1888, -188.995
3.57624, -76.8708, 159.615
3.75063, 268.284, 201.686
5.02978, 110.379, 107.086
6.27922, 233.606, 22.7402
5.66369, 106.14, 27.121
5.9449, 134.813, 57.9617
7.27207, 329.246, 371.822
5.18713, -346.857, 304.807
4.57014, -180.489, -369.785
4.70019, 71.4337, -43.5214
6.07821, 409.58, 321.437
6.20858, 262.825, -86.1673
5.12494, 508.599, -249.334
6.06711, -84.0992, -193.54
5.91025, 131.606, 9.34188
6.82941, 241.442, -171.224
3.19597, 85.6356, 254.504
3.57766, 49.5067, 154.315
5.0733, -20.0758, -221.496
4.83766, -138.497, 317.494
3.55759, 28.3205, 453.048
5.65244, -291.24, 259.544
2.5044, -415.661, 0.351798
4.09589, 128.422, -45.1727
5.90281, 108.291, -28.5475
6.0446, 139.824, 22.183
2.90869, -312.159, 361.121
3.56926, 184.684, -49.6904
4.44412, -174.754, -157.699
4.44927, 449.763, 405.899
3.92018, 194.03, -124.817
4.6123, 152.537, -71.0586
2.55658, -270.863, -280.01
3.72027, 528.825, -413.627
4.49072, -287.773, 367.63
6.64177, -431.913, 167.798
3.78584, 321.043, -595.368
3.59705, -5.26798, -85.2053
6.47385, 213.623, -193.279
5.8476, 295.337, -60.0223
5.49108, -364.098, 162.127
5.99917, -69.0334, -174.96
5.13062, 121.082, -163.958
4.14833, 139.041, 36.2878
3.30844, -465.013, -5.94907
6.56633, 119.903, 152.467
4.08004, 51.0818, 82.578
4.05369, 28.2467, -101.538
4.65424, -32.8765, -145.317
4.46509, -20.5084, -115.285
4.43916, 15.1407, -107.98
4.34871, -254.627, -403.608
5.88118, 191.276, -125.203
6.10384, 83.2783, -103.545
7.20082, 98.326, 295.298
5.08573, -32.9876, -79.0624
5.5282, -28.4918, -157.531
5.85049, -308.03, 335.745
5.11404, -99.1638, -206.065
3.87105, -317.844, 365.083
7.08924, 162.746, -34.3779
3.73367, 321.47, -406.017
4.77876, 134.018, -14.5653
3.30374, -300.164, 298.074
4.68319, 283.276, -117.386
7.45767, 208.808, 165.329
6.26931, -179.148, 393.415
4.97846, -251.227, -129.383
7.01651, -220.29, -118.27
4.68213, 245.245, -79.4993
5.09239, 10.0866, 81.5239
4.44866, 220.357, -172.854
5.63431, -74.0007, -201.136
5.19331, 162.906, 59.8962
4.35955, 85.8576, -194.863
2.54674, 96.8601, -26.6353
6.3794, -90.6351, -65.3413
2.85317, -255.877, -200.594
3.98511, 138.439, -218.301
4.78581, -145.72, -76.1342
3.25156, -215.092, -222.089
5.97819, 14.2199, -195.753
4.15587, 189.383, -14.6691
5.21197, 309.722, -255.076
2.64678, 544.043, -403.885
5.38086, -10.4125, -187.589
5.18133, 79.0956, 68.2226
7.36678, -89.462, -122.266
5.57063, 74.247, -135.665
5.26431, -327.617, 51.2081
6.69051, -139.648, 212.301
3.75764, -311.981, 341.489
6.98957, 198.206, 40.4229
5.97428, 80.7862, -281.201
5.82752, -231.581, -324.388
3.06838, -145.381, -285.951
3.37987, -339.09, 161.546
2.91253, -27.5205, -180.948
6.68103, -3.15923, -21.3695
2.64818, 436.281, -425.528
6.34719, -167.399, -89.9252
4.29829, -401.159, 284.463
6.24626, 12.5804, 252.222
6.28385, 111.105, -30.7399
3.60834, -413.875, -81.8413
5.58305, 182.517, 16.9038
3.66846, -70.0961, -232.499
6.22052, -429.565, 150.322
5.80997, -253.418, -197.019
4.9209, 417.809, -428.837
2.58972, 6.80059, 128.283
4.98291, 244.875, 0.0111588
5.09587, 282.147, -145.873
4.71395, -320.624, -36.1526
4.14528, 91.2409, 259.981
3.52671, 226.139, 132.901
7.19863, 13.3232, -98.3984
2.85168, -310.472, 354.321
3.30042, -110.894, 1.39422
6.70788, -205.287, -252.061
4.13614, -44.4286, -240.285
6.85942, 157.723, 26.0978
5.99896, 579.638, 360.826
5.52801, 41.0024, 162.616
4.77536, 41.4143, -187.687
2.91543, -282.13, -299.047
3.94883, -47.3075, -135.321
6.51009, -319.673, -243.413
6.81821, 147.239, -69.2089
3.81831, 171.348, -252.2
4.79881, -52.2405, -256.011
4.95672, 84.918, -212.269
5.82344, -548.177, -234.48
7.31738, -193.239, -217.826
7.23022, 117.859, -115.455
2.81902, 126.095, -135.793
5.04829, -274.394, -245.451
6.13222, 339.604, 167.273
5.65882, 224.325, 143.746
3.26658, -264.647, -165.568
5.09652, -323.441, -40.8576
3.52281, -255.245, 380.192
6.03231, 176.404, -59.1477
6.05786, -388.414, -256.315
3.66304, -55.8697, -219.59
6.80594, -86.6691, -153.769
2.67122, 69.347, 269.797
6.26587, -349.721, 157.267
4.14789, 137.304, 118.507
4.65309, -321.6, -197.36
7.33455, 61.0134, 70.2015
4.05803, 444.941, 325.676
5.69762, 283.147, -212.51
5.95386, 48.02, 150.601
5.36403, 125.242, 249.303
6.60667, 473.658, -430.237
4.21807, -268.507, -285.937
5.09387, -198.048, -196.86
6.78438, -153.834, -84.7233
6.18587, 115.321, 174.177
3.45992, -289.143, 327.519
2.83145, -242.464, 197.321
3.60828, 433.528, -455.829
3.33656, -65.8717, -109.143
6.31172, 152.47, 87.4708
5.44905, -333.319, 158.695
4.65223, 392.279, 273.251
7.09618, 195.513, 36.1003
5.09668, 100.995, -96.3709
7.38058, -246.225, -229.2
5.15714, -306.453, -315.273
2.98716, 174.762, 41.9237
5.83983, 163.256, 25.1541
5.44444, 112.663, 47.6856
5.01137, -1.47514, -245.036
2.75808, -312.442, 114.398
2.6753, 52.3144, -263.24
4.41484, -221.983, -163.004
5.55555, 206.612, -60.9541
5.06574, 368.474, 279.271
5.98498, 160.244, -18.4013
4.89891, -135.782, -159.742
3.88323, 270.178, 77.0165
6.01685, -217.223, -341.186
3.67701, 125.399, 40.6666
6.41501, -129.069, -199.679
6.60589, 45.6395, 289.809
3.21842, -322.892, -359.549
5.75757, -420.657, 371.082
3.87677, 401.991, -321.967
7.26215, -395.332, 315.804
4.58238, -35.4793, -186.06
3.03869, -28.0135, -97.1029
4.70633, -418.761, 445.048
6.28811, -270.974, -309.783
2.77803, -275.852, -337.434
3.51241, -94.8949, -239.786
6.82305, 474.761, -419.026
6.52456, -100.544, -194.116
2.78861, -320.409, -197.749
4.40304, -161.974, -73.4305
4.56124, 111.062, 272.507
2.80071, 51.0339, -19.916
7.09746, 362.219, 358.495
3.35398, 391.102, 208.128
6.51634, -300.397, 173.181
3.88599, 160.558, 5.29718
4.44586, -54.6583, 138.706
7.19936, -25.8175, 245.016
6.24573, 11.0346, -112.759
3.44774, -404.36, 289.234
6.89581, 185.467, 33.9912
6.8953, 179.644, -224.138
3.30515, -59.1411, -220.761
5.87346, -224.874, -318.613
6.89096, 231.752, -17.2631
6.98262, 280.481, -159.826
3.06535, -236.388, 293.033
5.93789, -137.869, -176.228
3.21651, -86.4128, -450.336
3.6901, 138.726, -8.12014
5.64383, 49.1818, 175.718
4.312, 267.474, 203.963
4.64437, 495.973, 101.38
4.91936, -180.387, -122.139
6.20379, 29.5059, -127.315
3.23098, -309.617, 327.948
7.36238, -290.158, -203.395
7.3158, -3.17865, -212.327
3.14741, -151.352, 610.856
5.3784, 37.9176, 84.2649
4.66439, 1.44093, -138.496
5.50066, -66.1329, -210.542
5.85098, -21.5207, -141.163
4.5137, 509.571, 270.243
6.46691, 373.099, 315.014
4.89889, -36.7175, -207.238
5.72449, 128.651, 2.70005
4.28836, -174.881, 312.567
5.96794, -136.399, -163.145
5.83428, -456.419, -166.866
3.22071, -401.026, 291.743
7.10415, -363.787, 150.213
4.22228, 86.3263, -141.888
6.66824, 117.687, -78.4126
2.74349, 181.39, -225.319
3.27936, -100.191, -190.772
2.55765, 260.491, 38.1445
3.94327, 34.7683, 273.557
5.07295, -51.4722, -208.562
3.65948, 438.532, 539.221
2.75022, -23.9284, -209.638
5.33091, -245.271, -105.88
6.69774, 21.7009, 177.866
4.28763, -253.514, -157.32
4.3452, 21.9483, 265.632
7.22226, 162.835, -40.5828
4.72425, -259.742, -266.875
6.82086, 181.537, 76.5064
5.82654, -264.976, -169.112
5.79297, 91.2651, 272.57
7.10736, -506.138, 419.617
5.11536, 510.747, -315.725
5.45229, 304.062, -232.89
5.79944, 325.321, 301.4
4.24765, 157.338, -34.2669
4.11714, 121.305, -19.7386
7.08984, 23.2207, 199.664
3.08619, 498.729, -473.635
7.31268, 116.877, 200.38
5.17978, -29.619, -200.555
5.81447, 302.659, 371.59
5.48362, 314.904, -359.645
6.93363, -150.189, -95.5542
6.67999, -205.273, -197.807
6.69339, 180.825, 131.222
6.85642, -25.5251, -117.705
2.5002, -193.677, 115.402
4.77274, 183.927, -20.1162
4.25696, -390.372, 180.161
5.80713, -226.893, 438.06
6.22234, -297.286, 203.175
3.3821, -49.8266, -134.808
7.4621, 472.459, -421.615
5.95466, -314.452, 114.67
6.97862, 241.237, 313.834
3.51579, 113.257, 69.0733
7.2356, -240.379, -250.616
4.88476, 312.363, -392.575
6.78578, 386.964, -474.518
6.41237, -261.981, -199.967
5.70687, 371.422, -389.725
3.14521, -346.476, -80.3812
5.77944, 36.0831, 259.941
3.09199, -78.3763, -84.3187
3.88793, -22.2098, 76.724
6.65548, -78.491, -201.043
6.14153, -172.576, -427.443
6.74348, -867.993, -100.921
3.43989, -42.4754, -78.8761
6.09602, 131.451, -55.2213
4.25586, 94.176, -18.03
3.34555, -483.188, -311.91
4.52383, -139.742, -67.7967
4.20924, 30.6618, 239.207
6.67141, 135.994, -44.2478
3.9111, 376.207, 311.733
5.16766, -273.42, -177.427
6.25085, 333.97, -265.019
4.62554, -227.656, -114.744
4.66964, -362.942, 321.177
3.03022, 318.149, -233.205
6.4639, -111.746, -109.468
3.91232, -427.688, -94.5719
7.14264, -43.0922, -255.849
5.37926, 327.897, -67.8288
3.4895, 263.501, -230.894
5.99081, 179.995, -276.858
3.07265, 209.56, -181.387
4.22945, -15.4424, 39.6719
4.15646, -19.6359, -214.571
6.42735, 432.852, -439.57
6.65775, 123.598, 153.045
4.21712, -398.879, 277.736
4.2603, -212.72, 238.953
6.38197, -125.388, -159.04
6.58658, 20.3235, 267.307
4.26157, -63.738, -247.377
7.09559, -196.229, -295.614
3.2877, 201.998, -72.1394
5.56029, -255.877, 450.836
5.54222, -401.544, 291.864
3.16647, -162.588, -176.823
3.51409, -262.029, -222.77
4.79457, -285.719, 303.022
3.48759, -285.736, 378.76
6.77118, -363.847, 205.61
6.54562, 11.9003, -111.66
2.80131, -336.922, 341.212
6.50584, -370.201, 372.203
5.49597, -133.754, -90.7556
7.43182, -388.419, 174.76
2.65919, 83.677, 225.763
6.8356, 442.845, -406.638
3.69109, 11.3315, -160.501
3.6127, 147.833, -40.4837
4.73907, -243.04, -125.402
2.61231, 16.2886, 92.387
6.79755, -24.8217, -209.263
4.15902, 176.119, -174.873
5.72195, 307.045, -101.242
7.43521, -253.579, -146.208
5.30162, 211.479, -246.426
4.74553, -245.713, -249.322
5.213, -90.0815, -58.1404
2.90797, 125.621, 58.7146
3.99606, -49.5777, -176.208
6.63964, 321.096, 284.165
6.48936, 421.761, 480.201
5.71048, 129.654, 99.3803
4.84105, 292.451, 24.7156
7.15326, -55.8457, -126.632
5.08798, -77.6502, -197.528
7.42924, 319.023, -390.119
5.94567, -68.5386, -26.4307
6.19966, -97.3439, -88.4261
3.46323, -567.987, -75.899
6.08881, -193.518, 393.742
6.11146, 18.2765, 56.9937
6.49298, 97.275, 67.9236
4.23216, 247.949, -70.7276
5.1481, -9.58642, -67.4126
3.19001, -105.433, 80.9607
6.73218, -65.1487, -206.996
6.32766, 55.0505, -133.862
7.5, 490.346, -475.321
4.24891, 427.177, 169.8
5.50367, -348.35, 311.131
3.50808, -309.37, -272.763
6.2385, 332.46, 113.138
6.49225, -7.41301, -28.7356
3.03505, -310.315, 413.312
5.35813, -262.992, -291.664
2.84683, 36.1613, -80.3164
4.16036, 313.448, 305.334
5.80945, 176.926, -224.147
5.27726, 121.932, -120.231
7.12415, 253.2, -24.2129
2.69832, -277.192, -300.558
2.62083, -77.1126, -243.054
4.61923, 194.636, -227.037
4.36987, 147.94, 138.655
2.93303, -55.4332, -215.226
3.05403, -88.4066, -247.006
5.31992, 255.302, -399.145
7.37269, -167.859, 332.52
3.05066, -163.204, -81.5346
5.99352, 2.69939, 279.466
2.79674, 209.219, -123.545
4.69755, 63.1913, 207.79
5.24651, 318.507, 235.405
3.45129, 178.575, -245.191
7.36597, 174.797, 126.14
3.19593, -267.225, -215.898
5.48978, 326.161, -403.959
7.12812, -208.919, 378.15
3.91116, 3.53883, 283.756
6.8307, -59.1806, -187.898
6.29598, -32.884, -149.571
6.10793, 147.251, -70.0532
3.34241, 57.6632, -14.1801
3.32882, 298.01, 316.549
3.39076, -133.784, 118.299
5.87226, 190.665, -169.82
4.83484, 62.9144, -254.295
6.85219, -274.242, -319.869
5.76023, -225.003, -267.129
5.80464, 467.116, 481.734
2.58037, -332.533, -518.138
4.30596, -277.578, -180.11
3.72747, 82.8081, 111.278
6.93086, -240.097, -177.645
5.23701, 474.84, 326.872
6.57209, -117.381, -101.414
5.24453, 7.20941, 286.575
4.16156, 124.652, 170.403
4.40213, 182.018, -82.4176
2.52389, 369.322, 207.303
6.95226, -105.651, -129.377
6.16955, -385.21, 313.152
6.04239, 76.0051, 193.149
5.1278, 38.3305, -139.178
6.41065, -127.572, -101.43
3.42484, -201.255, -137.238
5.72673, 118.509, -96.5963
3.42178, -264.001, -372.709
3.31214, -76.1436, -202.137
2.65594, -385.817, 297.677
7.42716, -104.42, -122.549
4.04559, -267.754, -182.974
4.11075, -170.207, -101.858
5.51155, 134.976, 34.4493
2.89107, -138.539, -15.7468
3.93936, 198.725, 134.441
5.79307, -74.0104, -151.155
7.36348, -121.984, -458.735
7.27758, -378.174, -144.186
7.42745, -42.9892, -184.71
7.30478, -283.634, -223.327
3.0073, -481.895, 355.099
3.71505, -147.769, -163.074
6.91151, -115.355, -225.697
5.28805, 169.107, -62.1265
6.7669, 354.529, 288.62
7.49145, -306.658, 325.914
3.99751, -10.4815, -109.721
6.33157, 335.13, 376.673
4.81901, 125.302, 30.6979
6.8168, -241.777, -106.553
6.99018, 90.0092, 61.62
7.377, 0.831507, -98.0943
2.77405, 104.947, -41.1792
6.32605, 452.055, -448.514
5.09219, -208.845, 380.283
3.46574, 12.857, 78.1159
6.98252, 148, -158.571
6.38492, -118.242, 203.146
2.75968, 196.076, -39.3123
7.47331, -277.467, 329.883
5.93659, -299.269, -214.655
5.94854, 363.445, 352.596
6.57666, -126.17, 211.857
7.05426, -67.1901, -119.377
3.34218, -38.6999, -119.352
5.24183, -383.637, 361.227
6.53351, -53.0224, -248.725
4.17803, 121.971, -140.362
5.53435, -210.001, -223.694
6.59602, -379.638, 337.307
7.3485, 24.8943, -117.589
6.29349, 312.281, 395.636
3.72113, -58.6705, -178.365
5.80589, -435.814, 59.4558
4.21574, -57.3349, -186.833
7.27146, 45.0505, -184.822
2.60828, 72.8934, 285.338
4.54979, -458.025, 393.219
2.55789, 146.935, -153.245
3.04964, 107.845, 110.932
5.28259, -368.827, 166.622
4.45466, -29.99, -89.7399
7.20539, 34.5799, -130.867
2.55572, 246.227, -299.368
6.22897, -176.917, -108.148
3.84293, 178.889, -33.3626
4.27153, -254.042, -180.581
3.45835, -199.106, 387.229
5.14832, 406.1, 286.179
4.39478, -186.605, -124.255
3.16407, -121.489, -150.194
4.26563, -70.559, -153.237
4.2497, 379.203, 362.769
7.41084, 121.433, 72.6585
5.25961, -81.8023, -231.503
4.99918, -140.059, -45.7043
3.58531, -379.7, 158.257
4.37311, -119.163, -143.975
6.78251, -254.233, -191.702
6.45578, 333.493, -383.738
3.9204, -330.832, 330.583
5.07645, 320.714, 304.25
6.79238, -62.8201, -201.543
7.07844, -132.476, -78.8129
7.48941, -24.6019, 197.343
6.53177, 18.1675, -113.551
5.22718, -245.16, -299.334
7.3461, -78.3425, -89.7437
5.31931, -321.088, 22.8384
4.03031, -366.858, 309.582
5.41853, 415.413, 428.195
2.91197, 213.94, 29.3606
5.47382, 152.17, -49.8822
3.31968, -239.191, -305.767
6.46527, -185.007, -203.348
2.95373, 597.194, 216.261
6.3072, -279.053, -143.332
6.83996, -62.4732, -175.797
6.40105, -161.891, -136.103
6.61399, 298.427, 325.741
6.70974, 161.059, -201.158
4.48328, -136.467, -225.219
6.508, -30.0139, -181.97
6.56811, 270.826, 128.9
5.43493, -231.066, -272.144
4.64621, 102.662, 33.4256
2.5002, -99.2188, -95.9735
5.31153, -227.544, 84.5902
6.22632, 108.179, 58.5218
3.89846, 102.429, 92.7625
2.93406, -180.152, 341.283
3.5733, 378.504, -314.794
3.93296, -426.2, 404.017
4.86595, -399.228, 490.053
6.95893, 446.933, 404.01
5.91955, 84.4678, -194.078
3.54376, 18.1137, -128.748
6.67533, 55.571, -102.639
7.09218, 360.305, 309.759
4.48244, -743.085, -210.888
6.37858, 236.789, -62.4713
5.68161, 209.78, 43.5112
6.64746, 145.932, -34.5472
3.40204, 107.981, -236.048
7.45927, 26.616, -139.802
6.70558, -2.2891, -5.77164
4.65177, 112.36, 64.9212
4.38589, 309.54, 346.309
2.70802, 63.9521, -184.019
6.80715, -261.136, -270.124
6.62116, 314.453, -257.375
6.25052, -194.601, 300.42
3.55801, -138.231, 267.375
4.31029, -18.7294, -203.126
4.43545, -92.5819, -99.7942
7.32918, 353.449, 402.077
6.5872, 81.3699, 228.538
4.5755, 202.675, 198.968
5.83759, 284.78, 74.9774
2.52101, 407.609, 215.1
6.98048, -331.093, 153.192
3.68416, 47.7149, -18.1579
3.79415, -101.793, -189.773
5.4939, 196.971, -198.452
6.89823, -362.416, 145.632
6.16299, -272.558, -176.096
6.0773, 338.787, 163.898
3.57724, -146.518, 197.574
6.30413, 476.427, -286.464
3.85351, 13.9766, -85.1802
2.75246, 229.786, -24.193
4.78866, 81.2177, -154.611
2.58759, 198.148, -266.829
3.01129, -85.3291, -132.129
2.639, -72.4125, -249.196
5.65921, -84.5114, -121.217
6.34425, 7.00046, -124.274
2.74132, 84.2533, -210.055
6.6924, 152.682, -15.1164
6.76899, -320.912, -72.1148
6.57649, -352.398, 285.869
6.85188, 289.779, 313.262
5.27222, -196.766, -334.776
6.12646, -89.2645, -186.296
3.20424, -133.119, 218.348
6.6115, 47.8941, -277.648
5.51185, 149.269, -48.6505
4.93856, 36.918, -131.51
6.14942, 114.025, 264.044
4.05164, 342.879, -577.131
3.93925, -212.625, -4.77796
5.45857, -285.106, 351.402
5.34055, 409.177, 230.206
5.41059, -257.65, -84.5148
2.84132, -287.675, 247.175
4.34304, -84.91, -232.785
6.28475, -279.136, -149.43
6.35297, -543.361, -316.838
4.27217, -40.3106, -185.121
5.98913, 57.5524, 173.502
5.08005, -60.694, -205.296
5.94494, 186.227, -24.9805
6.18066, 1.04863, 156.64
2.56231, -122.981, -185.3
7.16549, 32.5059, 27.7471
5.37826, 183.75, 129.5
3.05587, 339.818, 149.444
4.87388, -239.689, -236.93
3.24247, 395.845, -14.2059
4.22594, 144.345, -42.4841
7.04476, -366.798, 147.167
4.54571, 63.7742, 315.283
5.96642, -94.0753, -218.636
3.35865, 259.938, -156.316
6.21715, 300.59, -376.806
4.16319, -324.31, 308.279
4.62157, 233.436, -34.7713
2.79523, -43.873, -255.834
5.09005, 251.854, 104.638
5.94425, 106.402, -85.9998
5.01149, -78.4183, -194.046
6.56617, -61.499, -105.702
3.07974, -261.581, -160.341
5.24841, 139.775, -39.1232
5.06046, 67.3811, -95.5373
6.02649, 336.635, 423.246
5.65083, -204.349, 243.556
4.0207, -111.81, -129.414
6.74719, 111.369, 68.7223
3.39619, 96.0405, -104.422
2.61737, -281.378, -228.316
4.19467, 190.294, 30.6329
3.43818, 142.747, -39.5722
6.60467, -81.2967, -218.646
6.72507, -31.6134, -210.126
6.78031, 465.298, -418.043
7.37454, -302.497, 295.212
2.99587, 156.253, -248.017
2.56182, 235.881, 349.965
2.58614, 178.68, -171.873
2.64527, 187.666, -87.8687
4.1031, -92.7376, -229.934
6.17815, 190.48, -20.0044
3.14876, 116.457, -74.5754
2.5161, -196.27, 154.413
6.91905, -189.532, -78.6294
3.70482, 162.916, -199.056
4.38481, -280.927, 337.121
4.44879, 228.746, 27.0445
2.81534, 213.519, 141.047
7.30792, -150.179, 332.888
3.75349, 256.291, -292.15
6.85376, -45.181, -193.235
2.85991, -359.44, 206.357
2.70653, -288.986, 454.807
3.46378, 299.035, -235.294
3.86708, -54.876, 126.986
7.4007, -190.264, -418.412
3.60607, 155.302, -188.388
6.43119, -233.704, 372.305
4.42306, -13.5563, -105.963
3.78593, 213.803, -123.645
3.91087, -311.432, 117.719
7.33834, -7.98782, 183.487
4.22841, -144.532, -241.654
3.45922, -382.245, 126.252
5.05037, -273.336, -260.427
5.21857, -319.765, 278.877
5.72333, -252.786, -194.613
3.89738, 92.5845, 290.915
3.41887, -27.4286, -124.843
2.71579, -157.015, 132.782
3.98408, -27.1062, -217.163
4.25548, 44.806, 70.645
7.09372, -200.092, 366.695
5.81225, 150.617, -40.5679
5.08041, 421.229, 321.033
4.03763, 273.892, -51.2737
3.0007, -47.9069, -42.7199
3.47502, 163.364, 97.6172
4.11407, -166.07, -174.082
5.56182, 40.0378, 48.7239
5.13511, 459.675, -329.008
3.45653, 136.204, -39.168
4.7178, -197.29, -123.972
4.48693, -263.97, 340.679
6.28051, -238.271, 173.44
6.6213, 398.4, 372.9
5.51573, -156.466, -103.712
3.04573, 163.087, -157.833
4.11797, 178.485, 216.345
5.03403, 243.007, 93.812
4.76521, -367.241, 317.91
4.77315, -135.316, -171.187
4.91125, 388.463, 252.713
5.07896, 184.839, -229.505
4.50207, 43.7882, 325.839
4.22945, 48.0585, 168.258
6.64533, 29.1472, 228.57
3.02204, -614.31, -438.758
6.40057, 247.725, -130.103
3.19919, -80.265, -212.386
2.62171, -237.204, -204.863
6.0664, 207.462, -160.7
7.15538, -85.828, -100.639
7.47667, 144.541, -43.2843
3.86264, -279.507, 60.4402
3.6923, -204.01, -267.824
3.87328, 520.265, 381.936
5.70836, -257.404, -204.544
5.17637, 148.938, -104.923
6.8967, 263.022, -254.152
6.75968, -322.671, -207.755
2.98004, 176.3, 183.216
4.66818, -409.614, 160.845
3.17045, 206.046, 76.6104
5.86802, -27.1311, -125.456
5.34964, -134.412, -139.946
3.66474, -465.865, 330.674
5.50306, 87.4427, -194.263
2.6551, -269.088, -305.213
7.08512, 158.172, 42.1291
3.82958, 3.97756, 171.912
6.50016, -103.994, -128.639
5.46389, -149.03, -110.193
5.0822, 178.039, -32.6052
5.2567, 300.465, -135.313
3.47225, 308.837, 137.085
5.36152, -54.5238, -167.429
3.81992, 163.407, 54.4421
4.41648, -299.159, 422.314
2.73626, -179.885, -103.968
4.22823, 138.405, -148.001
3.61594, 61.3435, -286.297
3.81264, -191.968, -54.7965
3.05141, -55.5683, -104.792
7.40088, -299.813, -368.498
5.93794, 324.778, 370.836
5.82158, -281.886, -268.838
5.99501, -258.311, -155.131
2.68746, -147.121, -164.964
3.6706, -217.947, -240.446
3.95397, 434.809, 367.532
3.50543, -79.5503, -223.225
2.7177, 229.51, 15.6295
2.56571, -123.987, 438.194
6.07297, -317.782, 339.439
6.88348, -216.45, -266.235
5.35088, -357.84, 93.5942
6.92743, 344.021, 292.265
5.20042, -250.19, -293.459
3.31357, 470.073, -421.891
3.30492, 266.859, 447.226
7.19182, 106.836, -55.7714
3.45628, 326.267, -270.66
3.15761, -190.16, -227.083
4.41122, -100.325, -205.163
6.12674, 133.842, 22.3372
2.50651, 369.84, 279.258
4.60222, 129.316, 147.165
5.18984, 164.39, 72.1503
4.86596, -14.7468, -21.4732
6.33003, 361.716, 281.484
2.9396, 108.529, -237.085
7.04284, 127.029, -8.08818
3.20818, -539.497, -356.071
2.54782, 329.156, -76.7045
2.82267, 108.255, -98.5469
4.96742, 196.906, -15.5369
5.40914, 401.797, 217.3
4.03373, -224.237, 375.372
4.57091, 89.159, 40.296
4.33401, -252.165, -206.695
3.42687, 74.3674, 265.451
2.76788, 75.4682, 20.9623
4.47222, 129.565, 204.225
3.98388, 42.3974, -144.107
5.05388, -443.835, 316.756
3.75392, -407.768, 192.921
5.01589, 355.832, 394.488
2.51168, -361.826, 370.218
7.01807, 505.502, -169.231
2.79181, -249.713, -164.275
5.17506, -132.529, 209.129
3.95754, -461.617, 327.14
7.3023, -133.111, -186.88
4.73406, 107.426, -65.6559
5.08479, 98.4101, 89.4713
5.93861, -30.8691, -208.745
2.72187, -94.4828, -190.483
7.2946, -311.532, 365.697
5.70852, 230.849, -59.3907
2.80215, -51.7941, -176.048
3.33964, 151.235, 34.2647
5.76491, 28.2511, 67.4567
6.19864, -321.532, 116.246
3.57011, 132.914, 95.5215
4.31441, -246.385, -12.7612
6.56981, -292.906, 258.365
5.32057, 277.92, -212.336
7.45886, -127.943, -140.958
6.5669, 50.2634, -149.314
3.49157, -206.842, 104.757
2.50003, -82.4922, -167.06
4.62608, 516.201, -241.993
4.07406, 116.223, 99.8728
5.56218, 450.35, -328.07
3.83351, 3.70122, -134.071
4.39881, -167.059, -77.8188
5.43397, 14.5143, -8.77222
5.95636, -93.8441, -109.093
7.26736, -108.638, -116.037
4.89785, -341.204, -102.88
3.60319, 169.407, -197.309
5.33741, -250.625, -184.392
6.09873, 306.607, 105.516
4.4953, -315.082, 325.388
3.48326, -294.84, 312.563
6.66971, -374.806, -365.852
5.59561, -227.519, -194.963
7.26866, -80.3681, -211.265
3.23222, 25.1431, -120.813
5.38953, -58.6801, -112.767
7.26796, -312.165, 332.775
3.62331, 484.535, -243.587
7.25137, -349.862, 313.146
3.07874, 328.064, -384.732
2.58372, 36.6756, -122.827
3.90465, -48.7337, -208.108
7.15042, 210.472, -2.4553
3.04796, 403.387, 425.656
6.77266, 100.863, 219.054
5.68532, -507.877, -220.373
5.63853, 175.894, -238.15
3.80589, 387.98, 373.44
5.13936, -465.587, 157.333
7.16608, -199.571, 245.002
3.98055, 68.2709, 159.774
4.78006, 229.938, -65.9565
6.35659, -192.741, -202.839
4.17193, 284.161, 79.5586
6.31775, -72.381, -106.618
6.65892, 84.1337, 181.362
2.64618, -297.655, 427.185
4.31315, 128.281, 83.936
4.16221, 279.132, -160.666
3.17675, -222.288, -277.59
3.00839, -213.545, 400.448
5.11327, -336.591, 221.33
3.52046, -326.522, -224.021
5.00728, -212.436, -222.51
5.1371, 90.539, 293.832
4.13422, -113.688, -249.483
4.75888, 52.9426, -171.342
6.85263, 84.4745, 299.911
4.72884, 411.682, 225.002
6.03726, -632.559, 40.4338
6.83171, 465.937, -441.054
6.5822, 110.974, 73.2245
2.67504, 471.11, 335.386
3.8644, -91.4155, -172.705
5.21858, -60.7396, -174.595
3.19942, -31.4776, -127.073
5.57408, -131.336, 65.386
3.29182, -134.398, -64.2206
4.41129, 172.225, -28.3552
5.94997, -26.7328, -191.721
3.21128, -193.66, 158.178
5.65284, -212.761, 333.015
3.15973, -88.6639, 116.264
7.13583, -419.7, 154.69
5.53465, -350.335, 365.086
5.50388, -335.307, 195.806
3.33635, 46.0308, -276.845
3.301, -543.381, -387.363
5.91628, 177.597, 79.2147
5.1456, -87.5151, -228.954
3.65264, 21.7119, 207.736
6.55373, -239.642, -224.636
5.76477, 24.3847, -89.5277
4.08597, -213.436, -234.628
2.53953, -19.7737, -60.2294
3.49176, 355.475, 392.753
3.78831, 214.678, -183.008
3.03825, 121.2, -79.5759
3.49545, -11.8372, -195.399
6.75079, 599.87, -361.483
6.63912, -225.955, 74.9421
6.76813, -180.494, -241.197
5.71027, 23.4006, 334.011
3.6787, 505.951, -171.501
6.80638, -289.084, 49.6009
5.4745, 203.553, 332.411
2.52745, 173.681, 264
6.84925, -262.245, -170.301
7.37729, 183.473, 34.3157
5.59653, 225.191, 76.7845
3.85574, -315.494, -97.9248
7.46973, -50.6488, -111.911
4.60751, -256.277, -163.38
4.20537, -156.89, -121.461
4.80717, 115.444, -94.4658
4.44822, 10.4224, -95.9282
4.613, -61.1239, 208.743
2.84879, 171.801, -30.4914
5.5153, -3.41307, -142.066
7.36114, -59.5393, -158.472
5.07406, -263.136, -176.243
7.45461, 128.247, 206.623
5.84906, 33.4468, 27.6178
4.01716, -70.9752, -141.773
3.47371, 325.571, 291.237
4.0109, -41.118, -75.8491
4.93946, -240.416, 606.966
4.72438, 388.569, 254.206
5.7844, 129.136, -143.924
3.74227, -280.438, -179.585
4.72007, -93.0559, 251.809
5.75894, -246.365, -248.614
6.67472, -560.927, 377.688
6.03698, 87.4161, 298.565
4.93928, -168.426, -148.057
6.72039, -13.8316, 52.7101
7.00296, -41.9341, -202.007
6.33082, -240.096, -307.076
5.29453, 378.58, 245.064
2.70603, 294.032, 53.7164
5.46749, 185.152, -7.60704
2.68674, -160.238, 218.671
4.53488, 218.527, -45.7093
2.84243, -413.774, -471.069
7.38558, -38.9824, -111.255
2.5956, -209.902, -283.554
6.60363, -65.6864, -226.733
5.2195, -417.871, 222.814
5.72828, 265.932, -229.852
3.62934, -27.8803, -205.221
2.733, 422.853, -426.396
3.63154, 159.483, -107.189
4.58371, -292.158, 154.571
6.40126, 78.4195, -191.981
3.72852, -419.024, 225.473
4.81411, 178.753, -74.6483
6.14756, 78.7781, 103.08
5.35237, -422.236, 222.87
5.45997, 383.216, 263.676
4.98425, -406.105, 33.7222
3.951, 109.738, -32.0907
4.71107, 37.0013, -117.945
2.53669, 567.611, -475.763
7.41683, 143.812, -56.914
2.52822, -265.438, -55.4182
4.8676, 86.3617, 232.59
5.86497, -62.8158, -173.589
