6.27803, -651.54, -555.532
3.5948, 156.091, -191.621
5.89648, 334.905, -640.929
5.09708, -252.666, 688.486
2.76731, -783.894, 640.3
2.53849, 267.034, -48.7323
4.58743, -641.274, -204.422
7.15218, 236.135, 334.063
2.95982, 66.8528, 518.225
6.00595, -177.576, 187.377
3.81226, 563.709, 680.08
4.14117, 429.82, -681.194
7.45519, 309.748, 155.438
7.41275, -525.759, -258.136
5.75759, 302.913, 341.059
6.92354, 220.455, -631.309
6.33247, -105.857, -421.392
3.87453, -549.943, -126.874
4.93259, -492.715, -219.76
2.80282, 736.057, 781.43
5.08146, -85.6719, 597.489
4.96988, 691.188, -458.548
7.23882, -604.807, -460.63
4.42071, -43.8577, -594.383
5.14874, 728.709, -412.042
2.75042, 697.613, 17.5729
6.63909, 432.013, 418.322
5.94228, -607.781, -492.576
6.18112, 228.75, 649.498
6.94286, 738.448, 454.811
4.25508, -315.201, -438.259
6.72991, 233.642, -0.653708
3.84659, 477.974, -80.1052
4.83959, 25.1982, -150.938
3.2686, -641.601, -532.281
2.66527, 495.331, 133.579
7.2768, 53.9545, 57.0769
6.95369, 156.365, 359.336
3.29884, 487.185, 89.5812
3.15214, 358.807, -521.424
2.515, -424.819, -677.22
6.0491, -617.567, -216.262
3.40448, -415.788, 623.974
5.76029, 652.736, -294.371
4.42907, 363.03, -586.59
3.23766, 51.3442, -218.898
5.45054, 538.232, 1.39289
3.24076, 92.6398, 652.073
3.2091, -144.761, 691.262
4.94257, -383.426, 15.4407
3.13015, 674.575, -53.1735
5.64635, -274.602, -439.576
5.60817, 244.079, -470.933
4.88216, -457.947, 573.374
2.64188, -386.182, -141.575
3.21011, 85.0723, 599.625
3.15594, -200.013, 726.556
3.31099, -742.63, 653.18
3.76529, -156.632, -588.244
4.77654, 443.864, -667.853
6.54472, -30.5275, -222.611
3.57624, 238.382, 637.892
3.75063, 635.347, 342.349
5.02978, -43.4162, 636.969
6.27922, 491.695, 93.6631
5.66369, 661.644, -53.9015
5.9449, 525.45, -86.1796
7.27207, 718.282, 433.453
5.18713, -473.491, 566.217
4.57014, -544.762, -117.402
4.70019, 464.748, 112.054
6.07821, 593.007, 409.278
6.20858, 281.498, 356.381
5.12494, 689.259, -788.993
6.06711, -618.372, -148.224
5.91025, 309.862, 29.9941
6.82941, 731.954, -456.979
3.19597, -97.7462, 592.284
3.57766, 727.855, -158.327
5.0733, -251.816, -170.537
4.83766, 52.3464, 539.885
3.55759, -248.261, 596.58
5.65244, -594.717, 751.593
2.5044, -700.331, 258.488
4.09589, 282.011, 401.646
5.90281, 296.408, 16.1506
6.0446, 532.696, -449.519
2.90869, -701.021, 523.066
3.56926, 313.965, 413.099
4.44412, -651.843, -607.977
4.44927, 718.268, 719.424
3.92018, 264.847, -454.678
4.6123, 463.842, 416.421
2.55658, -653.958, -547.277
3.72027, 772.402, -683.052
4.49072, -656.411, 552.721
6.64177, -757.38, 245.269
3.78584, 766.393, -670.047
3.59705, -611.21, -539.379
6.47385, 306.965, 353.962
5.8476, 347.598, 334.388
5.49108, -648.085, 244.288
5.99917, -272.177, -447.741
5.13062, 460.994, -652.025
4.14833, 283.975, 129.142
3.30844, -828.186, 243.103
6.56633, 513.027, -15.0018
4.08004, 237.585, 164.918
4.05369, -70.6768, -582.698
4.65424, 19.9151, 48.3746
4.46509, -151.017, -564.322
4.43916, -23.1252, -192.322
4.34871, -520.719, -432.556
5.88118, 269.782, -447.772
6.10384, 251.525, -20.8351
7.20082, 7.45419, 686.704
5.08573, -194.651, -430.302
5.5282, -158.545, 219.709
5.85049, -570.047, 749.02
5.11404, 68.4846, -113.735
3.87105, -703.913, 569.131
7.08924, 218.006, 312.706
3.73367, 730.87, -443.562
4.77876, 267.738, 353.547
3.30374, -732.659, 605.731
4.68319, 173.374, 252.954
7.45767, 285.303, 157.42
6.26931, -331.732, 386.563
4.97846, -586.632, -537.819
7.01651, -626.934, -547.413
4.68213, 459.674, 433.539
5.09239, 93.9665, -632.713
4.44866, 149.261, -556.196
5.63431, -178.582, -339.442
5.19331, 316.758, 170.32
4.35955, 494.55, -445.536
2.54674, -248.285, 269.188
6.3794, 24.9764, -613.559
2.85317, -654.722, -554.69
3.98511, 362.173, -606.642
4.78581, -62.5478, -595.351
3.25156, -96.6585, -25.5543
5.97819, 518.87, -378.996
4.15587, 306.28, 142.714
5.21197, 759.854, -727.445
2.64678, 655.322, -814.921
5.38086, 83.3086, -186.045
5.18133, 221.635, 337.641
7.36678, -657.07, -645.877
5.57063, -249.762, -452.068
5.26431, -725.221, 211.809
6.69051, -236.19, 696.537
3.75764, -490.611, 617.49
6.98957, 480.593, -76.9576
5.97428, 480.884, -422.883
5.82752, -422.228, -99.3973
3.06838, -630.293, -506.241
3.37987, -657.846, 256.059
2.91253, -84.1285, 108.28
6.68103, -100.412, 270.899
2.64818, 706.385, -702.846
6.34719, -26.7715, -588.912
4.29829, -416.962, 635.017
6.24626, 62.7156, 467.749
6.28385, 301.116, 83.637
3.60834, -444.833, -645.988
5.58305, 299.669, 117.85
3.66846, -349.994, -171.322
6.22052, -710.041, 219.6
5.80997, -616.44, -502.868
4.9209, 765.364, -623.14
2.58972, 709.685, 87.0822
4.98291, 273.422, 141.531
5.09587, 95.7929, -580.098
4.71395, -696.995, 367.575
4.14528, -60.7978, 694.013
3.52671, 391.112, -70.6079
7.19863, -131.241, -430.655
2.85168, -518.066, 656.735
3.30042, 67.2797, -605.925
6.70788, -550.656, -77.918
4.13614, -216.499, -168.047
6.85942, 199.821, 298.036
5.99896, 568.289, 507.786
5.52801, 688.529, -135.974
4.77536, 103.014, -158.831
2.91543, -425.905, -196.415
3.94883, 46.4352, -119.024
6.51009, -690.105, -509.474
6.81821, 271.992, -25.4353
3.81831, 298.739, -482.313
4.79881, -639.089, -189.723
4.95672, 490.986, -411.586
5.82344, -444.603, -660.27
7.31738, -515.744, -203.828
7.23022, 466.104, -652.616
2.81902, 253.955, -496.221
5.04829, -475.707, -252.361
6.13222, 703.248, 452.846
5.65882, 406.64, -198.516
3.26658, -775.393, -776.291
5.09652, -701.563, 372.448
3.52281, -405.728, 570.638
6.03231, 382.079, -690.057
6.05786, -389.991, -132.651
3.66304, -329.719, -183.502
6.80594, 133.832, -257.762
2.67122, 6.10573, 681.672
6.26587, -665.879, 250.394
4.14789, 496.511, 120.091
4.65309, -76.7855, -362.794
7.33455, 649.91, -97.0596
4.05803, 649.638, 560.852
5.69762, 733.397, -542.21
5.95386, 674.063, -51.8213
5.36403, 32.9159, 536.313
6.60667, 760.208, -596.071
4.21807, -616.072, -504.18
5.09387, -638.521, -489.038
6.78438, 90.4629, -671.073
6.18587, 283.152, 36.5278
3.45992, -669.762, 151.014
2.83145, -298.879, 290.008
3.60828, 739.095, -630.702
3.33656, -16.9948, -154.298
6.31172, 342.848, -637.954
5.44905, -703.292, 205.693
4.65223, 783.691, 737.154
7.09618, 564.606, 5.68171
5.09668, 346.818, 172.733
7.38058, -578.184, -41.9826
5.15714, -368.856, 18.4346
2.98716, 347.425, 119.72
5.83983, 303.743, 114.874
5.44444, 263.73, 15.0068
5.01137, -545.796, -129.437
2.75808, -687.636, 159.761
2.6753, -114.914, -186.675
4.41484, -645.188, -491.566
5.55555, 291.899, 113.246
5.06574, 595.987, 715.939
5.98498, 253.385, 6.85478
4.89891, -4.36137, -102.596
3.88323, 97.9478, 399.153
6.01685, -381.779, 99.0038
3.67701, 670.695, -54.6137
6.41501, -24.8971, -164.43
6.60589, 209.486, 605.004
3.21842, -437.007, -43.8152
5.75757, -433.768, 635.056
3.87677, 842.106, -688.898
7.26215, -458.208, 551.201
4.58238, -577.445, -74.9672
3.03869, -125.847, 230.488
4.70633, -716.924, 478.08
6.28811, -396.794, -193.536
2.77803, -424.583, -211.27
3.51241, -11.8766, 44.8149
6.82305, 750.159, -638.709
6.52456, -171.488, -73.9899
2.78861, -665.23, -535.402
4.40304, -71.3393, -605.226
4.56124, 30.9255, 595.82
2.80071, -231.795, 263.811
7.09746, 628.905, 550.816
3.35398, 566.857, 694.102
6.51634, -676.337, 227.806
3.88599, 566.114, 13.6797
4.44586, 139.53, 711.424
7.19936, 19.0388, 625.093
6.24573, 44.8917, -196.956
3.44774, -395.75, 608.93
6.89581, 260.075, 400.577
6.8953, 335.104, -680.187
3.30515, -656.923, -208.314
5.87346, -586.036, -200.726
6.89096, 454.794, 116.21
6.98262, 317.109, 406.487
3.06535, -80.7874, 607.074
5.93789, -181.528, -248.766
3.21651, -634.651, -470.708
3.6901, 258.083, 24.3412
5.64383, 702.015, -129.536
4.312, 636.251, 340.029
4.64437, 680.017, 522.032
4.91936, -42.9847, -594.931
6.20379, 93.5463, -173.445
3.23098, -479.876, 546.309
7.36238, -637.518, -512.392
7.3158, -531.398, -248.798
3.14741, -343.183, 613.054
5.3784, -188.342, -420.298
4.66439, 66.4574, -192.347
5.50066, -242.089, -215.819
5.85098, -547.207, -112.525
4.5137, 430.445, 786.484
6.46691, 677.645, 506.643
4.89889, -629.754, -184.825
5.72449, 319.392, 188.259
4.28836, -245.708, 616.83
5.96794, -222.554, -231.877
5.83428, -429.967, -553.652
3.22071, -473.258, 561.83
7.10415, -659.655, 217.742
4.22228, -15.0414, -181.036
6.66824, -298.926, -470.342
2.74349, 311.389, -532.204
3.27936, -268.802, -98.5696
2.55765, 281.827, 394.05
3.94327, 35.4296, 551.545
5.07295, -279.54, -162.598
3.65948, 620.795, 426.785
2.75022, -227.792, -34.0668
5.33091, -612.466, -530.28
6.69774, 21.9709, 641.788
4.28763, -594.752, -531.17
4.3452, 152.129, 726.857
7.22226, 263.71, 37.0846
4.72425, -618.979, -209.132
6.82086, 292.396, 238.57
5.82654, -616.035, -474.142
5.79297, 119.935, 554.616
7.10736, -808.295, 789.046
5.11536, 787.993, -703.942
5.45229, 365.141, -420.313
5.79944, 637.771, 550.255
4.24765, 289.508, 400.864
4.11714, 259.511, 11.204
7.08984, -19.5802, 624.747
3.08619, 660.987, -538.101
7.31268, 537.315, -62.602
5.17978, 49.9121, -225.095
5.81447, 661.625, 517.476
5.48362, 709.319, -453.766
6.93363, -516.339, -603.258
6.67999, -652.011, -480.202
6.69339, 305.656, 105.671
6.85642, -141.524, 224.465
2.5002, -742.6, 236.42
4.77274, 383.939, 190.518
4.25696, -675.003, 226.623
5.80713, -219.909, 600.75
6.22234, -688.636, 235.633
3.3821, -108.59, -424.232
7.4621, 749.586, -638.632
5.95466, -673.282, 226.736
6.97862, 312.01, 22.5175
3.51579, 288.327, 61.6935
7.2356, -439.514, -206.844
4.88476, 729.033, -442.361
6.78578, 715.524, -572.03
6.41237, -596.856, -517.251
5.70687, 775.152, -691.292
3.14521, -707.599, 240.512
5.77944, -81.9353, 597.075
3.09199, 76.4539, -73.0179
3.88793, 233.849, 647.389
6.65548, -232.12, -210.845
6.14153, -600.562, -471.623
6.74348, -682.885, 224.801
3.43989, -666.227, -633.172
6.09602, 430.058, -296.775
4.25586, 247.899, 253.946
3.34555, -448.67, -556.156
4.52383, 162.13, -580.616
4.20924, 138.707, 662.83
6.67141, 294.457, 13.4768
3.9111, 665.685, 519.07
5.16766, -638.812, -531.766
6.25085, 755.7, -725.67
4.62554, -597.683, -521.331
4.66964, -421.407, 642.21
3.03022, 748.604, -824.753
6.4639, -132.603, -411.295
3.91232, -640.072, -584.143
7.14264, -335.013, -180.575
5.37926, 291.481, 417.692
3.4895, 651.445, -285.408
5.99081, 358.588, -587.673
3.07265, 322.395, -608.259
4.22945, 225.921, 654.372
4.15646, -520.531, -236.433
6.42735, 774.53, -667.701
6.65775, 393.603, -123.363
4.21712, -673.545, 660.173
4.2603, -217.291, 677.894
6.38197, 24.7678, -601.41
6.58658, -45.9926, 638.505
4.26157, -240.312, 180.442
7.09559, -398.761, -187.11
3.2877, 348.888, 120.749
5.56029, -435.04, 557.69
5.54222, -473.402, 563.307
3.16647, -167.517, -532.935
3.51409, -642.443, -526.798
4.79457, -655.838, 554.53
3.48759, -428.155, 591.114
6.77118, -675.633, 219.438
6.54562, -598.687, -493.331
2.80131, -708.253, 617.085
6.50584, -661.996, 541.907
5.49597, -127.452, -393.911
7.43182, -655.85, 226.057
2.65919, -16.4809, 598.123
6.8356, 748.201, -630.943
3.69109, 519.049, 238.468
3.6127, 217.422, 312.671
4.73907, -597.216, -522.86
2.61231, 763.472, -16.5369
6.79755, -219.505, -28.4946
4.15902, 302.404, 325.594
5.72195, 291.781, 225.946
7.43521, -612.541, -524.627
5.30162, 269.174, -483.956
4.74553, -615.963, -157.088
5.213, 31.5906, -594.965
2.90797, 641.94, -133.254
3.99606, -655.564, -210.361
6.63964, 642.512, 562.362
6.48936, 455.216, 751.459
5.71048, -30.1326, 685.863
4.84105, 482.491, 198.167
7.15326, -105.629, -428.78
5.08798, -221.469, -29.5026
7.42924, 743.815, -401.798
5.94567, 7.09513, -567.364
6.19966, -133.794, -404.935
3.46323, -437.454, -680.628
6.08881, -448.678, 574.179
6.11146, 530.177, -100.779
6.49298, 292.579, 120.878
4.23216, 231.801, -738.639
5.1481, 83.206, -187.485
3.19001, 619.996, -227.444
6.73218, -237.987, -215.494
6.32766, -9.19777, -554.847
7.5, 671.589, -519.685
4.24891, 477.591, 776.744
5.50367, -425.56, 702.981
3.50808, -414.344, -13.4489
6.2385, 64.2034, 60.205
6.49225, 694.888, 179.837
3.03505, -650.855, 131.949
5.35813, -393.892, -18.1155
2.84683, 263.472, -299.107
4.16036, 726.184, 562.877
5.80945, 327.189, -586.594
5.27726, -13.1446, -190.653
7.12415, 231.453, -2.93575
2.69832, -385.165, 28.8979
2.62083, -202.319, 87.6935
4.61923, 261.863, -499.366
4.36987, 267.353, 103.039
2.93303, -242.744, -191.367
3.05403, -58.0706, 147.58
5.31992, 292.418, -377.519
7.37269, -52.5342, 635.004
3.05066, -32.7405, -579.116
5.99352, 141.362, 646.081
2.79674, -11.2317, -575.547
4.69755, 698.394, -59.747
5.24651, 772.316, 630.884
3.45129, 558.588, -630.267
7.36597, 304.306, 208.185
3.19593, -542.049, -83.2745
5.48978, 742.356, -448.414
7.12812, -747.438, 639.612
3.91116, 12.669, 690.747
6.8307, -123.524, -123.399
6.29598, -68.7072, -368.103
6.10793, 291.365, 364.314
3.34241, -257.857, 264.674
3.32882, 710.346, 339.446
3.39076, -628.439, -704.08
5.87226, 300.646, -453.906
4.83484, -123.377, -191.386
6.85219, -629.786, -369.942
5.76023, -573.163, -101.712
5.80464, 778.123, 733.343
2.58037, -563.216, -481.46
4.30596, -587.913, -503.845
3.72747, 659.45, 106.775
6.93086, -770.526, -738.97
5.23701, 730.246, 787.312
6.57209, -11.6732, -624.326
5.24453, 138.103, 640.492
4.16156, 399.059, -34.9687
4.40213, -63.3724, -573.386
2.52389, 647.084, 515.535
6.95226, -156.657, -441.022
6.16955, -431.342, 593.745
6.04239, -6.33576, 619.104
5.1278, 49.5311, -140.897
6.41065, -12.8447, -575.581
3.42484, -373.113, -390.121
5.72673, 221.595, 378.16
3.42178, -443.501, -226.551
3.31214, 59.1162, -191.048
2.65594, -224.843, 686.717
7.42716, 29.8481, -585.085
4.04559, -244.481, -449.422
4.11075, -450.866, -234.401
5.51155, 223.888, -84.8406
2.89107, -274.278, -698.233
3.93936, 58.2499, 68.2023
5.79307, -174.749, -423.597
7.36348, -691.361, -359.618
7.27758, -363.804, -585.216
7.42745, -496.18, -222.228
7.30478, -601.286, -534.603
3.0073, -401.993, 606.219
3.71505, -149.25, -407.64
6.91151, 92.1504, -167.964
5.28805, 287.293, 399.08
6.7669, 595.595, 558.767
7.49145, -423.411, 597.773
3.99751, -156.737, -569.313
6.33157, 745.523, 465.074
4.81901, 225.902, -80.9502
6.8168, -606.44, -551.411
6.99018, 662.342, -45.9547
7.377, 189.181, -352.504
2.77405, 460.698, 105.105
6.32605, 777.723, -714.674
5.09219, -732.803, 603.289
3.46574, 694.046, -125.76
6.98252, 270.862, -536.107
6.38492, -741.922, 204.858
2.75968, 326.022, 468.601
7.47331, -759.013, 666.112
5.93659, -147.651, -427.779
5.94854, 755.246, 443.143
6.57666, -443.487, 626.651
7.05426, -165.685, -416.196
3.34218, -142.212, 229.578
5.24183, -426.928, 640.214
6.53351, -354.658, -166.332
4.17803, 261.458, -448.38
5.53435, -93.9552, -31.5234
6.59602, -617.04, 182.448
7.3485, 55.2352, -178.477
6.29349, 595.733, 471.213
3.72113, -117.616, -121.97
5.80589, -571.525, 300.744
4.21574, -551.126, -243.534
7.27146, 283.355, -321.453
2.60828, 598.769, 603.275
4.54979, -819.806, 797.901
2.55789, 467.716, -596.021
3.04964, 673.16, 246.906
5.28259, -715.352, 220.141
4.45466, 30.1304, -138.703
7.20539, -16.7925, -181.816
2.55572, 201.154, 373.218
6.22897, -115.085, -360.155
3.84293, 265.319, 85.6084
4.27153, -610.107, -543.411
3.45835, -327.671, 664.108
5.14832, 239.592, 111.439
4.39478, -21.56, -593.557
3.16407, -103.704, -623.69
4.26563, -171.753, -422.182
4.2497, 754.536, 731.53
7.41084, 481.569, -85.8103
5.25961, 73.1931, -182.493
4.99918, 29.8835, -608.38
3.58531, -699.261, 194.234
4.37311, -63.6331, -369.585
6.78251, -633.855, -566.958
6.45578, 753.223, -386.607
3.9204, -517.016, 656.294
5.07645, 262.132, 237.033
6.79238, -234.713, -44.1205
7.07844, -599.385, -278.853
7.48941, 94.6136, 659.807
6.53177, -10.2539, -182.82
5.22718, -671.303, -229.798
7.3461, 36.9113, -590.752
5.31931, -545.101, 333.105
4.03031, -430.695, 632.722
5.41853, 708.932, 723.13
2.91197, 53.2786, -206.229
5.47382, 293.335, 419.565
3.31968, -642.473, -524.776
6.46527, -634.108, -555.736
2.95373, 642.244, 532.262
6.3072, -522.108, -596.963
6.83996, -190.525, -28.9162
6.40105, 59.0361, -378.627
6.61399, 684.305, 693.46
6.70974, 250.36, 449.972
4.48328, 218.643, 99.2818
6.508, -80.7121, 107.695
6.56811, 259.247, 7.93765
5.43493, -392.585, 16.787
4.64621, 671.302, -40.0914
2.5002, -108.917, -391.907
5.31153, -745.509, 237.691
6.22632, 315.853, 164.309
3.89846, 696.142, 201.784
2.93406, -707.341, 501.179
3.5733, 770.423, -674.11
3.93296, -468.696, 673.265
4.86595, -390.386, 434.124
6.95893, 727.406, 709.786
5.91955, 435.168, -414.876
3.54376, 52.867, -214.668
6.67533, 731.446, -81.0866
7.09218, 785.159, 776.097
4.48244, -535.64, -623.557
6.37858, 424.637, 421.982
5.68161, -55.8767, -84.1668
6.64746, 312.265, 162.964
3.40204, 500.332, -417.187
7.45927, 470.09, -624.717
6.70558, -31.812, -606.754
4.65177, 707.562, 225.852
4.38589, 486.352, 773.728
2.70802, 438.523, -409.667
6.80715, -546.042, -432.711
6.62116, 762.498, -734.05
6.25052, -101.695, 611.536
3.55801, -228.197, 690.347
4.31029, -684.153, -196.552
4.43545, -674.8, -561.481
7.32918, 611.041, 544.062
6.5872, -27.3838, 596.607
4.5755, -1.86116, 383.325
5.83759, 306.078, 89.6287
2.52101, 479.99, 784.491
6.98048, -732.041, 236.469
3.68416, -264.619, 263.607
3.79415, 261.65, -229.318
5.4939, 336.313, -599.221
6.89823, -713.086, 230.204
6.16299, -688.323, -497.991
6.0773, 611.834, 561.574
3.57724, -451.825, 583.804
6.30413, 689.206, -774.211
3.85351, -141.883, -410.645
2.75246, 453.047, 166.435
4.78866, 319.442, 188.027
2.58759, 442.626, -561.727
3.01129, 67.1643, -165.006
2.639, -245.052, 184.593
5.65921, -295.898, -438.933
6.34425, 82.2104, -173.206
2.74132, 485.363, -573.651
6.6924, -44.6913, -628.14
6.76899, -207.403, -180.918
6.57649, -454.386, 565.009
6.85188, 711.652, 342.861
5.27222, -504.37, -226.893
6.12646, -241.009, -24.9851
3.20424, -490.488, 620.374
6.6115, 432.187, -404.558
5.51185, 466.252, -72.3374
4.93856, 428.282, -676.572
6.14942, -155.298, 646.542
4.05164, 790.215, -636.852
3.93925, -692.926, 244.392
5.45857, -731.408, 643.174
5.34055, 520.132, 657.064
5.41059, -576.488, -573.867
2.84132, -772.986, 187.446
4.34304, 76.9722, -182.682
6.28475, -587.324, -531.308
6.35297, -442.955, -677.787
4.27217, -413.184, -214.238
5.98913, 86.0696, 654.762
5.08005, -494.789, -219.739
5.94494, 233.716, 116.732
6.18066, -31.8545, 690.402
2.56231, -281.156, -481.7
7.16549, 488.716, -86.5496
5.37826, 330.83, 107.806
3.05587, 492.283, 701.69
4.87388, -109.44, -47.7937
3.24247, 383.834, 174.365
4.22594, 241.184, 340.424
7.04476, -657.978, 227.001
4.54571, 58.8574, 478.612
5.96642, -623.237, -97.6675
3.35865, 382.527, -603.521
6.21715, 702.644, -466.725
4.16319, -433.927, 631.917
4.62157, 464.837, 221.537
2.79523, -260.18, -32.3683
5.09005, 222.141, -75.3374
5.94425, 329.486, -471.159
5.01149, -216.445, -28.5623
6.56617, -123.586, -604.26
3.07974, 119.29, -677.394
5.24841, 282.904, 414.591
5.06046, 255.908, 8.70218
6.02649, 743.911, 432.755
5.65083, -219.766, 699.752
4.0207, 36.7883, -599.945
6.74719, 320.497, 166.459
3.39619, 547.87, 5.53307
2.61737, -429.963, -92.6639
4.19467, 517.107, -22.7708
3.43818, 292.227, 16.9361
6.60467, -205.8, 66.27
6.72507, -618.227, -186.699
6.78031, 755.98, -657.369
7.37454, -729.596, 605.377
2.99587, 333.861, -423.733
2.56182, 605.406, 515.821
2.58614, 299.632, 329.18
2.64527, 292.879, 79.9497
4.1031, 67.9795, -185.25
6.17815, 513.992, 241.13
3.14876, 229.872, 327.772
2.5161, -336.935, 366.258
6.91905, 43.4884, -617.592
3.70482, 275.415, -540.85
4.38481, -750.556, 646.908
4.44879, 452.647, 164.778
2.81534, 512.838, 222.479
7.30792, 166.378, 619.488
3.75349, 700.94, -288.703
6.85376, -560.085, -94.1003
2.85991, -698.831, 204.328
2.70653, -421.349, 495.8
3.46378, 281.258, -472.054
3.86708, -261.077, 308.045
7.4007, -713.706, -340.399
3.60607, 312.182, -447.104
6.43119, -749.405, 630.242
4.42306, 200.32, -321.612
3.78593, 342.233, -602.804
3.91087, -691.297, 223.325
7.33834, 594.092, -15.6271
4.22841, 466.709, 120.826
3.45922, -645.245, 565.901
5.05037, -527.306, -236.967
5.21857, -411.507, 656.035
5.72333, -652.785, -531.643
3.89738, -79.1177, 596.066
3.41887, -280.793, -471.63
2.71579, -718.481, 225.641
3.98408, -509.532, -215.129
4.25548, -204.888, 124.737
7.09372, -471.383, 549.113
5.81225, 450.723, -270.779
5.08041, 646.515, 552.817
4.03763, 398.743, 416.936
3.0007, -163.767, 113.655
3.47502, 296.238, -685.096
4.11407, 144.706, -167.635
5.56182, 687.578, 107.258
5.13511, 769.14, -736.36
3.45653, 341.089, 258.676
4.7178, -589.867, -509.317
4.48693, -425.183, 641.102
6.28051, -579.13, 674.293
6.6213, 642.451, 539.754
5.51573, 11.9369, -305.529
3.04573, 357.927, -593.747
4.11797, 354.559, -172.531
5.03403, 114.659, 251.562
4.76521, -425.5, 632.967
4.77315, -97.7911, -441.922
4.91125, 782.578, 766.49
5.07896, 350.859, -569.246
4.50207, 107.41, 680.202
4.22945, 614.361, 321.854
6.64533, 704.496, -134.691
3.02204, -574.913, -505.518
6.40057, 406.299, 438.49
3.19919, -239.566, -194.281
2.62171, -623.941, -549.228
6.0664, 368.081, -558.528
7.15538, 72.1931, -609.688
7.47667, 311.98, 88.2911
3.86264, -679.821, 235.051
3.6923, -432.269, -224.178
3.87328, 593.171, 522.973
5.70836, -675.752, -542.994
5.17637, 258.025, 104.568
6.8967, 656.741, -322.937
6.75968, -615.402, -532.388
2.98004, 579.746, -0.26041
4.66818, -704.647, 208.856
3.17045, -2.84231, -587.035
5.86802, -132.228, 217.732
5.34964, -95.5167, -375.292
3.66474, -418.027, 693.328
5.50306, 256.915, -500.056
2.6551, -490.284, -52.4671
7.08512, 407.624, -266.147
3.82958, 737.943, -150.555
6.50016, -136.959, -400.819
5.46389, 35.5654, -622.392
5.0822, 288.514, 416.323
5.2567, 281.766, 404.524
3.47225, 400.713, -172.906
5.36152, 96.4861, -706.238
3.81992, 230.168, 298.24
4.41648, -727.421, 487.461
2.73626, -589.83, -619.394
4.22823, 468.831, -597.606
3.61594, 518.742, -388.913
3.81264, -88.2545, -609.513
3.05141, -358.856, -461.846
7.40088, -611.195, -92.7874
5.93794, 657.457, 523.113
5.82158, -528.363, -236.272
5.99501, -650.523, -535.486
2.68746, -635.746, -517.466
3.6706, -642.807, -500.658
3.95397, 687.861, 541.709
3.50543, 97.4333, -128.805
2.7177, 325.878, 137.922
2.56571, -353.985, 656.122
6.07297, -476.379, 631.15
6.88348, -598.141, -558.27
5.35088, -677.885, 359.778
6.92743, 792.589, 737.93
5.20042, -403.5, -215.585
3.31357, 821.18, -733.323
3.30492, 833.654, 437.779
7.19182, 287.037, 216.456
3.45628, 522.122, -630.027
3.15761, 108.692, -170.704
4.41122, -184.65, -87.8183
6.12674, 220.745, -84.7589
2.50651, 595.015, 715.92
4.60222, -35.7538, 645.761
5.18984, 219.415, -40.7656
4.86596, -174.978, 228.359
6.33003, 593.072, 716.346
2.9396, 498.49, -415.79
7.04284, 224.247, 246.632
3.20818, -604.913, -537.332
2.54782, 247.443, 14.0498
2.82267, 340.74, 367.902
4.96742, 327.683, 140.636
5.40914, 498.023, 751.468
4.03373, -689.529, 523.08
4.57091, 688.419, -66.4172
4.33401, -642.594, -511.049
3.42687, 109.038, 553.407
2.76788, 500.194, 118.97
4.47222, 410.276, -69.6548
3.98388, -298.753, -216.32
5.05388, -390.906, 615.514
3.75392, -712.135, 213.469
5.01589, 768.515, 764.369
2.51168, -88.5569, 593.269
7.01807, 774.982, -402.935
2.79181, -776.861, -726.22
5.17506, -439.434, 632.847
3.95754, -388.448, 656.503
7.3023, -645.672, -207.785
4.73406, 279.728, 37.5302
5.08479, 691.219, 222.919
5.93861, -250.418, -64.1236
2.72187, -133.63, -55.195
7.2946, -682.977, 511.712
5.70852, 300.638, 208.352
2.80215, 278.727, -606.456
3.33964, 219.937, 281.017
5.76491, 373.273, -103.664
6.19864, -723.896, 224.267
3.57011, 710.238, 205.054
4.31441, 55.639, -593.824
6.56981, -568.038, 742.346
5.32057, 698.519, -369.583
7.45886, -28.7098, -578.004
6.5669, -654.41, 193.345
3.49157, -738.579, 9.02564
2.50003, -36.965, -596.797
4.62608, 785.67, -681.824
4.07406, 697.645, 222.069
5.56218, 549.775, -735.524
3.83351, -160.317, -504.926
4.39881, -587.87, -20.6038
5.43397, 701.345, 173.425
5.95636, -195.225, -483.047
7.26736, -267.801, -497.701
4.89785, -322.068, -706.344
3.60319, 346.327, -613.152
5.33741, -627.95, -565.97
6.09873, 301.631, 86.826
4.4953, -458.276, 574.67
3.48326, -597.648, 749.811
6.66971, -632.308, -496.435
5.59561, -443.975, -692.821
7.26866, -213.621, 78.0021
3.23222, 52.333, -143.842
5.38953, -191.642, -426.517
7.26796, -461.908, 553.672
3.62331, 711.559, -781.035
7.25137, -466.059, 633.014
3.07874, 695.998, -446.794
2.58372, 44.6125, -180.6
3.90465, -280.5, -171.61
7.15042, 499.698, 129.566
3.04796, 740.37, 722.949
6.77266, 33.0378, 544.906
5.68532, -555.166, -535.582
5.63853, 340.441, -592.973
3.80589, 689.325, 540.919
5.13936, -680.861, 143.496
7.16608, -228.365, 699.933
3.98055, 659.863, 48.3669
4.78006, 214.701, 295.549
6.35659, -648.909, -480.835
4.17193, 299.995, 107.647
6.31775, 124.399, -645.521
6.65892, -107.106, 664.669
2.64618, -734.887, 503.071
4.31315, 606.233, -212.93
4.16221, 314.682, 399.81
3.17675, -451.904, -160.908
3.00839, -223.619, 620.764
5.11327, -494.34, 735.127
3.52046, -28.3512, -398.046
5.00728, -597.966, -555.506
5.1371, -10.0867, 691.426
4.13422, -251.094, -142.574
4.75888, 270.999, -302.139
6.85263, -62.4706, 640.041
4.72884, 524.458, 655.402
6.03726, -563.618, -530.011
6.83171, 748.217, -649.041
6.5822, 722.503, 243.806
2.67504, 754.438, 788.11
3.8644, -516.777, -283.529
5.21858, -290.072, -456.164
3.19942, -567.958, -564.888
5.57408, -647.49, -658.136
3.29182, -629.894, -615.416
4.41129, 189.466, 193.339
5.94997, -118.586, 150.612
3.21128, -340.414, 367.882
5.65284, -744.069, 656.333
3.15973, 127.121, 692.721
7.13583, -709.178, 236.056
5.53465, -693.197, 646.057
5.50388, -695.24, 208.812
3.33635, 443.659, -401.667
3.301, -589.196, -477.932
5.91628, 549.043, 24.0809
5.1456, -573.38, -79.3767
3.65264, -44.8736, 633.594
6.55373, -422.761, -105.459
5.76477, -329.246, -440.775
4.08597, -683.97, -558.538
2.53953, -218.146, -599.258
3.49176, 656.099, 543.515
3.78831, 109.706, 333.846
3.03825, 606.218, -103.646
3.49545, 77.5533, -162.111
6.75079, 844.779, -612
6.63912, -687.067, 244.847
6.76813, -645.865, -574.479
5.71027, 166.685, 569.201
3.6787, 704.013, -782.868
6.80638, -567.844, -560.839
5.4745, 128.213, -205.503
2.52745, 439.931, -53.9044
6.84925, -640.555, -537.864
7.37729, 504.128, 122.225
5.59653, 243.739, -62.7206
3.85574, -694.4, 105.896
7.46973, -128.507, -388.284
4.60751, -677.952, -532.479
4.20537, -590.704, -542.048
4.80717, 237.558, -146.11
4.44822, 189.742, -349.894
4.613, 116.114, 545.395
2.84879, 229.005, 329.486
5.5153, 65.9365, -195.059
7.36114, -88.6555, 103.51
5.07406, -620.434, -538.334
7.45461, 636.732, -114.2
5.84906, 455.182, -76.5074
4.01716, -579.637, -55.9959
3.47371, 646.306, 564.1
4.0109, -650.007, -650.927
4.93946, -386.824, 473.533
4.72438, 493.18, 752.197
5.7844, 359.179, -566.789
3.74227, -588.832, -505.314
4.72007, 67.2089, 480.297
5.75894, -591.554, -77.5374
6.67472, -698.394, 205.81
6.03698, 130.423, 708.197
4.93928, -596.934, -519.353
6.72039, 342.679, -99.1354
7.00296, -537.629, -250.49
6.33082, -616.592, -562.774
5.29453, 555.15, 798.886
2.70603, 63.1146, 73.5213
5.46749, 534.104, 128.88
2.68674, -446.3, 620.234
4.53488, 165.651, 363.948
2.84243, -765.085, -817.431
7.38558, -630.666, -653.183
2.5956, -530.159, -231.802
6.60363, -221.971, -170.411
5.2195, -385.97, 647.687
5.72828, 649.621, -281.471
3.62934, -227.653, -33.1409
2.733, 750.701, -644.927
3.63154, 267.303, -521.807
4.58371, -650.984, 109.115
6.40126, 220.047, -536.435
3.72852, -709.94, 223.334
4.81411, 498.48, 102.37
6.14756, 669.23, 132.288
5.35237, -385.789, 650.375
5.45997, 772.836, 776.408
4.98425, -655.614, 151.625
3.951, 270.666, 112.807
4.71107, 52.36, -218.673
2.53669, 742.321, -555.152
7.41683, 450.945, -259.461
2.52822, -740.859, -156.143
4.8676, -16.6866, 590.814
5.86497, -200.766, -259.008
