6.27803, -366.98, -366.584
3.5948, 167.256, -77.9608
5.89648, 235.806, -243.472
5.09708, -211.844, 396.372
2.76731, -424.405, 425.672
2.53849, 310.391, 176.262
4.58743, -295.992, -120.397
7.15218, 226.363, 115.156
2.95982, 112.807, 310.92
6.00595, -72.0401, 27.3994
3.81226, 510.117, 411.632
4.14117, 232.371, -369.707
7.45519, 273.729, 42.8562
7.41275, -367.039, -281.632
5.75759, 157.154, 107.012
6.92354, 282.4, -332.298
6.33247, -191.263, -214.279
3.87453, -307.797, -287.74
4.93259, -385.576, -230.687
2.80282, 534.055, 517.045
5.08146, -6.46817, 445.39
4.96988, 470.259, -376.495
7.23882, -354.721, -551.671
4.42071, -10.4608, -330.534
5.14874, 503.914, -425.226
2.75042, 412.971, -39.472
6.63909, 236.892, 68.0518
5.94228, -426.189, -483.7
6.18112, 33.4482, 386.542
6.94286, 425.949, 449.909
4.25508, -85.0846, -265.792
6.72991, 257.738, 93.7253
3.84659, 284.627, 43.741
4.83959, 101.283, -144.139
3.2686, -393.267, -389.785
2.66527, 192.497, 100.9
7.2768, 213.9, -20.9314
6.95369, 341.025, 81.2929
3.29884, 191.418, 68.2952
3.15214, 184.93, -329.674
2.515, -558.676, -314.256
6.0491, -258.805, -200.78
3.40448, -450.825, 378.59
5.76029, 520.765, -318.957
4.42907, 269.976, -322.252
3.23766, 133.867, -55.5992
5.45054, 272.415, -35.8917
3.24076, 18.079, 335.802
3.2091, 76.6183, 316.157
4.94257, -312.413, -202.993
3.13015, 385.301, 8.93775
5.64635, -97.2432, -275.714
5.60817, 253.884, -334.789
4.88216, -343.682, 404.095
2.64188, -424.993, -246.931
3.21011, 243.077, 430.474
3.15594, -206.229, 388.733
3.31099, -464.21, 449.398
3.76529, -104.231, -176.76
4.77654, 162.02, -333.906
6.54472, 42.9781, -110.589
3.57624, 27.9173, 352.7
3.75063, 429.663, 270.783
5.02978, 132.039, 380.493
6.27922, 172.351, 16.4522
5.66369, 350.886, -62.386
5.9449, 211.468, 146.486
7.27207, 452.337, 478.258
5.18713, -417.929, 497.761
4.57014, -312.55, -317.023
4.70019, 248.813, 61.9297
6.07821, 484.428, 417.786
6.20858, 202.685, 147.262
5.12494, 636.839, -409.259
6.06711, -300.901, -137.059
5.91025, 275, 106.007
6.82941, 441.428, -251.542
3.19597, -38.5258, 470.521
3.57766, 296.447, 15.5623
5.0733, -191.743, -144.726
4.83766, 9.93401, 448.288
3.55759, -77.0492, 570.135
5.65244, -404.282, 416.612
2.5044, -551.606, 63.2803
4.09589, 269.035, 118.084
5.90281, 293.876, 46.4987
6.0446, 312.17, -205.661
2.90869, -539.596, 454.813
3.56926, 250.436, 32.2677
4.44412, -432.719, -292.635
4.44927, 572.046, 577.313
3.92018, 247.246, -411.564
4.6123, 240.571, 232.151
2.55658, -403.598, -348.455
3.72027, 575.932, -565.859
4.49072, -556.056, 455.759
6.64177, -480.798, 162.635
3.78584, 500.978, -674.9
3.59705, -272.31, -324.844
6.47385, 236.295, 155.22
5.8476, 136.889, 120.5
5.49108, -476.074, 161.332
5.99917, -52.3001, -330.337
5.13062, 241.812, -304.107
4.14833, 284.523, -39.1492
3.30844, -645.793, 71.9621
6.56633, 282.115, 15.5427
4.08004, 320.368, 12.585
4.05369, 31.6324, -303.631
4.65424, -56.7937, -30.7762
4.46509, -57.7218, -414.726
4.43916, 39.5345, -131.795
4.34871, -426.85, -492.314
5.88118, 241.365, -406.779
6.10384, 310.803, 106.989
7.20082, 97.5393, 402.888
5.08573, -156.734, -311.123
5.5282, -85.3618, 52.486
5.85049, -401.873, 405.999
5.11404, 51.0472, -283.789
3.87105, -450.23, 484.014
7.08924, 262.198, 117.202
3.73367, 507.906, -420.855
4.77876, 226.966, 111.979
3.30374, -539.418, 463.899
4.68319, 276.194, 161.617
7.45767, 248.939, 68.2387
6.26931, -251.609, 401.566
4.97846, -405.87, -430.209
7.01651, -496.849, -219.761
4.68213, 204.078, 143.132
5.09239, 81.3596, -144.165
4.44866, 166.502, -331.87
5.63431, -106.097, -314.148
5.19331, 262.75, 52.597
4.35955, 220.1, -370.09
2.54674, -111.143, 122.388
6.3794, -76.8464, -359.086
2.85317, -370.255, -347.102
3.98511, 220.944, -323.002
4.78581, -9.90127, -331.981
3.25156, -194.703, -145.011
5.97819, 240.386, -373.34
4.15587, 260.18, 106.538
5.21197, 505.698, -444.859
2.64678, 624.329, -532.33
5.38086, -17.8384, -109.654
5.18133, 287.139, 5.72344
7.36678, -321.208, -249.087
5.57063, -47.9013, -315.375
5.26431, -507.179, 131.594
6.69051, -180.822, 378.972
3.75764, -323.897, 468.553
6.98957, 183.599, 99.5248
5.97428, 295.461, -321.609
5.82752, -402.755, -190.499
3.06838, -309.704, -486.754
3.37987, -471.456, 191.929
2.91253, -67.5952, -13.3521
6.68103, -53.3074, 132.162
2.64818, 596.808, -548.467
6.34719, -14.5731, -334.159
4.29829, -443.884, 374.899
6.24626, 91.4764, 454.376
6.28385, 285.124, 50.3463
3.60834, -520.692, -321.53
5.58305, 231.591, 30.7921
3.66846, -157.689, -160.436
6.22052, -614.378, 196.419
5.80997, -387.775, -378.697
4.9209, 619.636, -577.16
2.58972, 215.107, 34.3615
4.98291, 235.94, 84.7643
5.09587, 261.251, -352.185
4.71395, -468.827, 79.9474
4.14528, 84.0743, 402.668
3.52671, 259.375, 145.591
7.19863, -76.2028, -342.374
2.85168, -350.867, 431.742
3.30042, -111.409, -280.797
6.70788, -387.134, -244.325
4.13614, -152.732, -138.689
6.85942, 289.624, 223.614
5.99896, 596.053, 500.288
5.52801, 301.744, 26.8276
4.77536, 44.4981, -99.6922
2.91543, -432.562, -279.847
3.94883, 82.9824, -134.476
6.51009, -366.382, -405.752
6.81821, 250.136, 51.6614
3.81831, 143.273, -388.371
4.79881, -241.45, -278.767
4.95672, 336.535, -347.262
5.82344, -535.82, -349.898
7.31738, -377.005, -202.131
7.23022, 229.451, -369.301
2.81902, 227.313, -383.199
5.04829, -392.565, -224.837
6.13222, 549.069, 261.503
5.65882, 223.488, -13.6414
3.26658, -510.129, -466.216
5.09652, -472.712, 74.6635
3.52281, -352.981, 412.98
6.03231, 360.436, -304.157
6.05786, -406.98, -207.75
3.66304, -204.101, -121.209
6.80594, 61.6318, -242.583
2.67122, 123.947, 418.847
6.26587, -480.931, 209.021
4.14789, 203.377, 77.3667
4.65309, -263.581, -350.845
7.33455, 358.961, -78.5955
4.05803, 427.08, 409.571
5.69762, 439.492, -344.151
5.95386, 295.145, 14.8711
5.36403, 78.2768, 493.957
6.60667, 582.266, -545.683
4.21807, -413.622, -387.239
5.09387, -439.536, -339.981
6.78438, -14.878, -319.412
6.18587, 209.641, 243.85
3.45992, -494.63, 247.604
2.83145, -249.694, 224.265
3.60828, 592.188, -552.353
3.33656, -73.6432, -18.2332
6.31172, 324.609, -191.659
5.44905, -498.46, 200.478
4.65223, 535.837, 503.141
7.09618, 190.491, 66.1282
5.09668, 281.436, 106.58
7.38058, -441.815, -98.0619
5.15714, -294.803, -251.736
2.98716, 246.585, 45.3914
5.83983, 326.057, 30.9472
5.44444, 236.189, 176.717
5.01137, -291.866, -170.227
2.75808, -499.389, 188.659
2.6753, -17.69, -358.145
4.41484, -373.884, -362.239
5.55555, 212.319, 109.775
5.06574, 544.637, 462.899
5.98498, 242.103, 62.6055
4.89891, -81.5873, -191.724
3.88323, 251.827, 289.9
6.01685, -266.495, -134.28
3.67701, 447.204, -1.67336
6.41501, -40.0611, -147.49
6.60589, 36.2416, 423.008
3.21842, -379.969, -263.018
5.75757, -491.595, 521.27
3.87677, 615.521, -440.017
7.26215, -417.288, 504.012
4.58238, -308.259, -246.828
3.03869, -81.7502, -33.1747
4.70633, -509.548, 458.07
6.28811, -411.528, -273.326
2.77803, -413.975, -259.708
3.51241, -9.29069, -128.454
6.82305, 581.913, -548.262
6.52456, -95.7292, -134.804
2.78861, -327.487, -341.927
4.40304, -78.6574, -180.205
4.56124, -12.7453, 446.587
2.80071, -77.3777, 120.518
7.09746, 505.222, 401.728
3.35398, 500.062, 413.493
6.51634, -501.018, 196.767
3.88599, 221.716, 85.2759
4.44586, 37.7859, 337.496
7.19936, -49.0281, 453.615
6.24573, 61.5966, -128.307
3.44774, -539.457, 478.728
6.89581, 259.93, -53.4916
6.8953, 216.594, -357.161
3.30515, -322.39, -141.443
5.87346, -385.634, -209.989
6.89096, 188.571, 2.86735
6.98262, 268.07, 16.4814
3.06535, -179.728, 456.285
5.93789, -217.863, -244.821
3.21651, -235.823, -515.64
3.6901, 343.826, 69.6945
5.64383, 293.473, 17.0662
4.312, 430.476, 268.51
4.64437, 611.306, 227.595
4.91936, -46.1343, -299.661
6.20379, 12.7076, -154.177
3.23098, -336.511, 439.152
7.36238, -436.18, -373.568
7.3158, -267.298, -169.799
3.14741, -213.506, 668.553
5.3784, 62.7685, -118.84
4.66439, 5.17001, -82.2004
5.50066, -187.937, -133.132
5.85098, -278.671, -239.295
4.5137, 520.954, 463.155
6.46691, 465.374, 386.428
4.89889, -293.748, -204.465
5.72449, 310.323, -63.8199
4.28836, -173.06, 500.977
5.96794, -54.0125, -218.421
5.83428, -539.238, -370.006
3.22071, -374.007, 485.186
7.10415, -480.58, 181.377
4.22228, 60.4458, -127.01
6.66824, -11.3847, -194.416
2.74349, 236.181, -363.13
3.27936, -199.553, -259.495
2.55765, 229.116, 68.3917
3.94327, 44.1204, 491.701
5.07295, -170.473, -129.613
3.65948, 562.366, 514.874
2.75022, -131.285, -169.134
5.33091, -377.995, -371.223
6.69774, -15.9416, 330.336
4.28763, -386.305, -411.73
4.3452, 54.0751, 386.047
7.22226, 219.496, 91.9526
4.72425, -369.341, -210.12
6.82086, 263.611, 31.1907
5.82654, -470.046, -398.239
5.79297, 94.8493, 419.992
7.10736, -650.504, 567.935
5.11536, 611.976, -423.231
5.45229, 261.535, -416.179
5.79944, 462.689, 375.397
4.24765, 268.085, 116.258
4.11714, 276.514, 77.3081
7.08984, 39.5353, 424.684
3.08619, 507.112, -561.94
7.31268, 219.005, 89.7725
5.17978, 32.1506, -120.733
5.81447, 454.771, 414.835
5.48362, 454.096, -386.69
6.93363, -396.629, -249.803
6.67999, -439.836, -344.964
6.69339, 206.776, 24.5814
6.85642, -82.8345, 45.8742
2.5002, -344.183, 115.155
4.77274, 187.731, 35.8381
4.25696, -484.489, 180.268
5.80713, -228.791, 534.791
6.22234, -489.398, 175.881
3.3821, -154.247, -271.896
7.4621, 596.422, -562.223
5.95466, -492.526, 195.822
6.97862, 243.09, 302.314
3.51579, 270.272, 43.5858
7.2356, -372.904, -174.83
4.88476, 501.505, -435.666
6.78578, 521.719, -524.862
6.41237, -391.327, -359.25
5.70687, 480.202, -490.767
3.14521, -540.82, 11.2701
5.77944, -56.3542, 406.501
3.09199, -8.6008, -161.989
3.88793, -2.05283, 354.37
6.65548, -189.011, -149.814
6.14153, -373.365, -557.561
6.74348, -848.228, 2.41104
3.43989, -340.79, -192.535
6.09602, 266.517, -170.921
4.25586, 293.832, 11.3593
3.34555, -566.205, -436.472
4.52383, -105.961, -387.294
4.20924, 90.5358, 474.685
6.67141, 295.709, 70.4977
3.9111, 484.2, 371.881
5.16766, -411.332, -384.316
6.25085, 501.245, -411.112
4.62554, -507.171, -219.978
4.66964, -448.602, 451.053
3.03022, 550.341, -478.433
6.4639, -99.455, -285.708
3.91232, -562.937, -257.483
7.14264, -205.214, -115.575
5.37926, 248.146, 52.4536
3.4895, 471.15, -268.279
5.99081, 256.657, -319.719
3.07265, 250.102, -370.786
4.22945, 4.26589, 361.327
4.15646, -276.401, -172.541
6.42735, 602.461, -504.747
6.65775, 202.586, 177.292
4.21712, -584.497, 401.943
4.2603, -188.98, 378.618
6.38197, -102.52, -271.286
6.58658, -83.1793, 436.07
4.26157, -182.562, -35.8603
7.09559, -372.344, -213.363
3.2877, 241.609, 94.422
5.56029, -350.09, 570.373
5.54222, -373.136, 484.806
3.16647, -63.8128, -240.673
3.51409, -441.882, -364.135
4.79457, -474.015, 515.928
3.48759, -339.9, 519.236
6.77118, -483.899, 167.576
6.54562, -154.823, -370.009
2.80131, -521.056, 460.353
6.50584, -527.299, 464.43
5.49597, -79.5929, -287.375
7.43182, -457.068, 169.949
2.65919, 75.3717, 444.576
6.8356, 579.839, -542.416
3.69109, 173.061, 21.4553
3.6127, 279.826, 110.843
4.73907, -407.597, -432.311
2.61231, 343.156, 155.854
6.79755, -135.08, -162.758
4.15902, 212.951, 172.332
5.72195, 277.616, -96.1373
7.43521, -404.013, -430.46
5.30162, 211.696, -374.056
4.74553, -324.764, -253.718
5.213, 4.99311, -360.178
2.90797, 363.835, -63.5596
3.99606, -302.312, -175.605
6.63964, 459.271, 374.229
6.48936, 430.719, 629.046
5.71048, 129.248, 383.566
4.84105, 187.283, 31.5566
7.15326, -153.341, -269.71
5.08798, -142.99, -190.444
7.42924, 494.209, -418.046
5.94567, -11.7412, -240.442
6.19966, -100.139, -272.194
3.46323, -571.061, -285.151
6.08881, -242.287, 549.951
6.11146, 287.713, 72.3677
6.49298, 250.595, 62.7098
4.23216, 253.421, -312.461
5.1481, 75.8698, -173.356
3.19001, 319.012, 36.1375
6.73218, -185.578, -129.913
6.32766, 88.8626, -346.641
7.5, 526.174, -559.479
4.24891, 494.822, 421.274
5.50367, -417.241, 490.873
3.50808, -275.151, -190.863
6.2385, 210.687, -13.5516
6.49225, 377.661, 72.0018
3.03505, -486.16, 330.526
5.35813, -313.011, -200.314
2.84683, 162.965, -164.992
4.16036, 540.718, 357.479
5.80945, 239.426, -342.534
5.27726, 123.493, -176.34
7.12415, 199.887, 93.5371
2.69832, -258.993, -189.659
2.62083, -104.333, -117.125
4.61923, 320.898, -307.384
4.36987, 267.927, -53.3272
2.93303, -185.303, -81.1496
3.05403, -84.8698, -30.1221
5.31992, 242.748, -459.291
7.37269, -149.397, 455.931
3.05066, -27.542, -333.569
5.99352, 2.91308, 369.582
2.79674, 116.577, -330.348
4.69755, 298.084, 13.5332
5.24651, 441.415, 451.391
3.45129, 347.534, -454.844
7.36597, 257.547, 65.6155
3.19593, -312.207, -193.981
5.48978, 511.031, -423.59
7.12812, -406.302, 504.321
3.91116, 96.401, 394.46
6.8307, -146.226, -169.634
6.29598, 15.9193, -243.763
6.10793, 253.318, 113.788
3.34241, -95.8556, 125.01
3.32882, 487.754, 304.369
3.39076, -399.884, -126.801
5.87226, 235.458, -342.848
4.83484, -12.3382, -371.587
6.85219, -433.753, -472.069
5.76023, -373.627, -301.105
5.80464, 625.885, 619.882
2.58037, -494.4, -573.198
4.30596, -429.051, -363.259
3.72747, 411.861, 130.48
6.93086, -518.566, -453.691
5.23701, 632.239, 514.127
6.57209, -69.6274, -321.074
5.24453, 7.58647, 363.024
4.16156, 212.191, 115.848
4.40213, 119.284, -343.042
2.52389, 498.616, 469.689
6.95226, -96.0366, -292.09
6.16955, -426.837, 514.464
6.04239, 65.442, 459.957
5.1278, 35.162, -168.734
6.41065, -2.16087, -343.625
3.42484, -253.216, -329.302
5.72673, 290.068, 138.458
3.42178, -412.609, -233.153
3.31214, 56.7214, -120.295
2.65594, -290.807, 433.825
7.42716, -106.381, -275.454
4.04559, -282.496, -274.423
4.11075, -266.742, -75.3774
5.51155, 317.506, 146.643
2.89107, -257.677, -329.161
3.93936, 250.866, 21.7521
5.79307, -131.636, -341.768
7.36348, -309.595, -444.167
7.27758, -438.426, -280.892
7.42745, -319.993, -208.441
7.30478, -443.246, -374.213
3.0073, -441.009, 538.39
3.71505, -98.6178, -263.368
6.91151, -99.9929, -182.546
5.28805, 272.652, 111.878
6.7669, 505.834, 410.165
7.49145, -337.716, 436.143
3.99751, -53.5048, -407.491
6.33157, 436.245, 477.266
4.81901, 312.71, 148.434
6.8168, -456.294, -179.602
6.99018, 340.734, -78.9072
7.377, 121.889, -201.725
2.77405, 229.595, 111.85
6.32605, 594.988, -536.193
5.09219, -401.758, 505.323
3.46574, 322.134, 32.0622
6.98252, 301.281, -376.784
6.38492, -310.45, 230.445
2.75968, 255.643, 34.5771
7.47331, -499.051, 472.84
5.93659, -313.716, -313.514
5.94854, 416.85, 441.271
6.57666, -241.228, 377.613
7.05426, -122.447, -275.29
3.34218, -83.0149, 50.426
5.24183, -382.766, 400.515
6.53351, -142.65, -139.728
4.17803, 249.414, -368.308
5.53435, -201.331, -148.394
6.59602, -540.144, 243.009
7.3485, 35.2587, -141.805
6.29349, 436.124, 468.43
3.72113, -142.158, -173.848
5.80589, -574.242, 118.838
4.21574, -262.513, -232.748
7.27146, 158.473, -244.237
2.60828, 259.811, 461.384
4.54979, -605.279, 574.315
2.55789, 220.055, -402.157
3.04964, 407.658, 169.316
5.28259, -480.684, 166.612
4.45466, 66.4574, -169.745
7.20539, 51.7851, -163.403
2.55572, 257.244, -94.9648
6.22897, -117.823, -359.941
3.84293, 286.271, 90.0603
4.27153, -389.833, -417.203
3.45835, -251.832, 570.578
5.14832, 312.573, 321.986
4.39478, 6.24147, -308.884
3.16407, -142.482, -266.151
4.26563, -134.181, -341.612
4.2497, 593.668, 499.574
7.41084, 255.464, 52.6107
5.25961, -95.5178, -86.8454
4.99918, -148.361, -259.631
3.58531, -520.247, 206.119
4.37311, -114.913, -289.83
6.78251, -384.907, -386.793
6.45578, 473.589, -459.428
3.9204, -343.011, 429.555
5.07645, 310.108, 313.608
6.79238, -179.5, -183.636
7.07844, -324.837, -106.233
7.48941, 21.1867, 318.299
6.53177, 36.1984, -130.591
5.22718, -367.203, -198.408
7.3461, 38.3863, -320.278
5.31931, -514.53, 110.997
4.03031, -308.101, 444.437
5.41853, 560.37, 566.482
2.91197, 134.247, -66.4947
5.47382, 267.678, 52.3284
3.31968, -470.979, -409.606
6.46527, -479.463, -365.879
2.95373, 676.976, 331.076
6.3072, -475.837, -233.442
6.83996, -138.548, -182.905
6.40105, -101.379, -329.263
6.61399, 466.416, 479.886
6.70974, 258.216, -35.4134
4.48328, -10.1758, -30.7178
6.508, -62.4971, -15.7013
6.56811, 291.353, 170.361
5.43493, -257.616, -217.582
4.64621, 308.139, -106.794
2.5002, -106.066, -278.5
5.31153, -378.89, 115.955
6.22632, 295.019, 11.3849
3.89846, 372.431, 183.017
2.93406, -359.053, 521.931
3.5733, 542.179, -452.286
3.93296, -511.356, 477.082
4.86595, -394.55, 499.047
6.95893, 576.241, 581.28
5.91955, 251.574, -377.667
3.54376, 41.2988, -144.172
6.67533, 353.805, -138.889
7.09218, 548.866, 476.872
4.48244, -724.915, -339.917
6.37858, 195.075, 154.537
5.68161, 155.562, -117.913
6.64746, 258.939, 89.0231
3.40204, 342.725, -327.661
7.45927, 251.538, -351.163
6.70558, 16.6172, -304.749
4.65177, 377.663, 214.345
4.38589, 349.68, 544.624
2.70802, 231.733, -361.9
6.80715, -459.219, -477.592
6.62116, 502.881, -448.285
6.25052, -134.487, 436.969
3.55801, -189.101, 451.827
4.31029, -235.281, -227.943
4.43545, -295.261, -285.997
7.32918, 460.243, 420.894
6.5872, 68.4765, 443.791
4.5755, 136.517, 309.561
5.83759, 245.55, 39.1874
2.52101, 472.512, 411.633
6.98048, -475.14, 199.523
3.68416, -94.5991, 122.965
3.79415, 85.4359, -235.248
5.4939, 181.363, -370.577
6.89823, -512.88, 193.204
6.16299, -339.568, -336.535
6.0773, 496.356, 268.143
3.57724, -178.426, 387.314
6.30413, 643.043, -487.538
3.85351, -95.1421, -299.6
2.75246, 228.434, 150.407
4.78866, 164.847, -103.687
2.58759, 335.9, -429.948
3.01129, -15.8169, -118.805
2.639, -183.813, -35.6285
5.65921, -77.5575, -268.772
6.34425, 55.1774, -123.515
2.74132, 262.917, -448.958
6.6924, 100.17, -266.36
6.76899, -335.895, -61.2987
6.57649, -439.276, 528.109
6.85188, 477.88, 305.184
5.27222, -350.773, -191.854
6.12646, -109.507, -156.839
3.20424, -208.02, 395.151
6.6115, 251.464, -348.654
5.51185, 252.365, 93.0826
4.93856, 191.809, -335.466
6.14942, 33.7384, 456.159
4.05164, 529.531, -672.83
3.93925, -364.514, 71.227
5.45857, -472.725, 444.121
5.34055, 537.054, 382.96
5.41059, -432.6, -241.741
2.84132, -556.827, 267
4.34304, -97.2376, -83.667
6.28475, -406.623, -389.773
6.35297, -558.837, -400.357
4.27217, -335.698, -193.312
5.98913, -8.75285, 349.632
5.08005, -328.39, -212.532
5.94494, 223.773, 58.7786
6.18066, 5.62178, 327.346
2.56231, -150.258, -219.882
7.16549, 273.484, 51.5081
5.37826, 203.795, 22.6141
3.05587, 486.039, 371.536
4.87388, -165.989, -147.712
3.24247, 482.587, 92.8204
4.22594, 254.046, 128.976
7.04476, -474.903, 197.318
4.54571, 134.972, 456.342
5.96642, -277.37, -159.971
3.35865, 216.518, -340.985
6.21715, 467.573, -411.808
4.16319, -334.772, 427.51
4.62157, 185.613, 81.8841
2.79523, -166.116, -186.153
5.09005, 313.996, 179.636
5.94425, 261.03, -353.811
5.01149, -144.755, -189.855
6.56617, 50.3747, -324.677
3.07974, -82.5913, -279.38
5.24841, 262.03, 42.5538
5.06046, 296.332, 120.158
6.02649, 453.824, 496.227
5.65083, -196.881, 390.645
4.0207, -28.7503, -284.451
6.74719, 297.077, 17.1692
3.39619, 352.921, 67.9056
2.61737, -417.385, -217.581
4.19467, 231.218, 99.3485
3.43818, 296.885, 70.9693
6.60467, -105.604, -135.176
6.72507, -296.339, -201.734
6.78031, 591.221, -558.793
7.37454, -538.081, 463.793
2.99587, 145.322, -378.415
2.56182, 391.5, 412.67
2.58614, 214.843, 171.362
2.64527, 255.989, 72.9714
4.1031, -98.2933, -79.5775
6.17815, 217.059, 39.2082
3.14876, 280.869, 119.916
2.5161, -266.871, 249.634
6.91905, -158.564, -253.631
3.70482, 309.604, -379.092
4.38481, -477.085, 451.637
4.44879, 167.775, -3.0978
2.81534, 169.067, 37.3834
7.30792, 9.38549, 409.893
3.75349, 455.333, -268.366
6.85376, -307.245, -188.45
2.85991, -480.983, 245.125
2.70653, -306.968, 534.953
3.46378, 263.059, -404.646
3.86708, -145.196, 212.38
7.4007, -332.119, -460.583
3.60607, 211.803, -347.631
6.43119, -397.255, 359.534
4.42306, 123.812, -232.412
3.78593, 214.735, -341.251
3.91087, -482.518, 196.704
7.33834, 181.293, 54.9054
4.22841, 56.4825, -117.457
3.45922, -514.997, 293.104
5.05037, -487.948, -192.237
5.21857, -395.82, 452.873
5.72333, -388.079, -389.244
3.89738, 0.708543, 481.895
3.41887, -146.414, -224.192
2.71579, -329.936, 165.108
3.98408, -295.542, -167.469
4.25548, -55.0648, 129.155
7.09372, -345.635, 446.735
5.81225, 303.891, -175.622
5.08041, 485.989, 379.626
4.03763, 209.862, 144.999
3.0007, -48.9793, 56.7915
3.47502, 245.358, -192.597
4.11407, 33.7677, -151.922
5.56182, 240.809, -3.41319
5.13511, 591.259, -446.274
3.45653, 281.567, 29.1005
4.7178, -390.912, -428.652
4.48693, -403.975, 394.341
6.28051, -406.266, 381.305
6.6213, 476.845, 368.154
5.51573, -78.8086, -100.508
3.04573, 223.697, -358.728
4.11797, 253.647, 4.51218
5.03403, 319.331, 226.659
4.76521, -457.037, 449.276
4.77315, -88.4998, -305.64
4.91125, 528.18, 508.235
5.07896, 216.926, -342.944
4.50207, 27.6449, 375.29
4.22945, 263.283, 280.578
6.64533, 287.512, 0.765285
3.02204, -676.529, -483.059
6.40057, 183.081, 165.952
3.19919, -137.859, -95.3719
2.62171, -393.52, -356.727
6.0664, 255.008, -287.623
7.15538, -122.522, -242.565
7.47667, 285.658, 52.37
3.86264, -476.452, 127.162
3.6923, -351.405, -261.176
3.87328, 496.716, 444.266
5.70836, -356.648, -341.273
5.17637, 238.244, 95.9713
6.8967, 463.501, -291.689
6.75968, -538.531, -287.624
2.98004, 241.448, 25.0853
4.66818, -613.171, 204.628
3.17045, 135.954, -155.267
5.86802, -80.4842, 47.5438
5.34964, -88.4092, -272.983
3.66474, -441.953, 464.095
5.50306, 220.548, -389.664
2.6551, -355.336, -299.701
7.08512, 223.258, -132.132
3.82958, 268.615, 14.075
6.50016, -100.695, -283.061
5.46389, -31.0596, -282.076
5.0822, 263.409, 52.8306
5.2567, 243.309, 75.3249
3.47225, 240.597, 50.8959
5.36152, 21.9402, -456.115
3.81992, 195.012, 276.148
4.41648, -482.207, 483.04
2.73626, -401.856, -196.888
4.22823, 218.391, -401.205
3.61594, 200.61, -368.866
3.81264, -72.4626, -204.134
3.05141, -198.235, -334.369
7.40088, -356.57, -357
5.93794, 425.156, 451.867
5.82158, -484.851, -190.404
5.99501, -438.973, -324.947
2.68746, -476.32, -372.991
3.6706, -402.188, -377.836
3.95397, 483.703, 363.286
3.50543, 33.4617, -252.906
2.7177, 380.936, -10.2753
2.56571, -220.588, 532.992
6.07297, -310.148, 468.686
6.88348, -474.397, -351.45
5.35088, -469.317, 150.962
6.92743, 540.577, 501.916
5.20042, -404.748, -212.754
3.31357, 577.82, -554.412
3.30492, 492.089, 397.539
7.19182, 256.325, 85.1092
3.45628, 426.207, -429.978
3.15761, -90.3298, -128.567
4.41122, -89.2142, -105.028
6.12674, 309.926, 145.534
2.50651, 543.622, 462.096
4.60222, 115.399, 359.065
5.18984, 245.825, 64.2228
4.86596, -42.1138, 110.598
6.33003, 541.112, 462.314
2.9396, 340.598, -327.251
7.04284, 254.641, 128.425
3.20818, -633.581, -474.927
2.54782, 217.034, 99.6476
2.82267, 285.341, 57.6343
4.96742, 258.856, 65.1437
5.40914, 481.011, 411.926
4.03373, -404.575, 477.955
4.57091, 361.438, -72.4113
4.33401, -386.645, -374.471
3.42687, 73.7312, 403.53
2.76788, 140.832, 58.1536
4.47222, 216.503, 86.3579
3.98388, -106.555, -100.806
5.05388, -502.631, 479.783
3.75392, -453.57, 170.815
5.01589, 548.497, 545.796
2.51168, -254.524, 506.404
7.01807, 643.9, -245.139
2.79181, -516.531, -434.042
5.17506, -224.303, 407.749
3.95754, -503.547, 389.204
7.3023, -285.411, -124.13
4.73406, 255.479, 105.301
5.08479, 393.308, 190.371
5.93861, -130.254, -171.03
2.72187, -130.345, -188.958
7.2946, -542.704, 457.703
5.70852, 297.904, 145.696
2.80215, 82.3921, -419.676
3.33964, 247.043, 89.1485
5.76491, 301.799, 51.1581
6.19864, -493.089, 199.459
3.57011, 383.172, 190.218
4.31441, -215.945, -279.063
6.56981, -401.628, 425.35
5.32057, 459.664, -245.804
7.45886, -34.1797, -306.809
6.5669, -215.092, 19.0954
3.49157, -404.316, 61.9462
2.50003, -26.1281, -437.669
4.62608, 640.195, -411.416
4.07406, 385.448, 212.582
5.56218, 474.841, -441.817
3.83351, -84.2355, -236.513
4.39881, -345.623, -7.15296
5.43397, 398.651, 53.4462
5.95636, -181.549, -300.906
7.26736, -114.102, -270.044
4.89785, -351.933, -348.586
3.60319, 212.934, -364.466
5.33741, -452.547, -384.525
6.09873, 239.69, 191.64
4.4953, -343.355, 406.298
3.48326, -401.505, 409.337
6.66971, -559.288, -439.39
5.59561, -491.482, -381.124
7.26866, -99.3993, -132.126
3.23222, 32.5618, -174.848
5.38953, -191.911, -252.246
7.26796, -340.243, 448.314
3.62331, 618.93, -389.724
7.25137, -301.902, 461.428
3.07874, 496.917, -419.858
2.58372, 48.5309, -120.554
3.90465, -169.496, -133.843
7.15042, 225.544, 50.1972
3.04796, 613.915, 577.804
6.77266, 58.4308, 459.65
5.68532, -627.641, -345.612
5.63853, 239.509, -347.188
3.80589, 487.16, 360.629
5.13936, -559.704, 216.469
7.16608, -202.366, 390.972
3.98055, 180.304, 79.0654
4.78006, 224.392, 124.05
6.35659, -445.905, -343.403
4.17193, 246.111, 195.363
6.31775, 35.8137, -272.814
6.65892, -27.9843, 319.887
2.64618, -468.059, 489.73
4.31315, 433.736, -54.0862
4.16221, 269.361, 17.2474
3.17675, -411.756, -210.795
3.00839, -199.194, 553.784
5.11327, -340.995, 436.917
3.52046, -247.683, -221.079
5.00728, -418.539, -292.055
5.1371, 94.0276, 401.599
4.13422, -166.734, -120.878
4.75888, 136.44, -274.996
6.85263, 96.6863, 385.991
4.72884, 535.763, 385.553
6.03726, -687.004, -143.753
6.83171, 554.558, -564.559
6.5822, 390.147, 218.283
2.67504, 634.305, 515.453
3.8644, -338.337, -277.488
5.21858, -99.4708, -258.389
3.19942, -250.419, -305.872
5.57408, -303.276, -122.404
3.29182, -300.633, -265.912
4.41129, 258.756, 71.6422
5.94997, -113.606, 19.3614
3.21128, -269.046, 249.155
5.65284, -475.631, 440.17
3.15973, 21.1131, 335.795
7.13583, -613.679, 198.203
5.53465, -508.187, 412.485
5.50388, -464.523, 164.712
3.33635, 249.833, -345.871
3.301, -602.702, -500.887
5.91628, 276.288, -19.1985
5.1456, -309.898, -192.58
3.65264, 80.1696, 421.721
6.55373, -427.113, -178.73
5.76477, -105.294, -336.27
4.08597, -408.828, -376.683
2.53953, -80.5837, -194.776
3.49176, 431.747, 535.801
3.78831, 360.16, 60.3384
3.03825, 301.489, -142.23
3.49545, -31.4692, -155.571
6.75079, 732.705, -451.465
6.63912, -370.886, 136.623
6.76813, -440.055, -351.832
5.71027, 1.80466, 484.226
3.6787, 636.478, -409.432
6.80638, -496.776, -122.708
5.4745, 277.281, 134.43
2.52745, 233.631, -1.94211
6.84925, -410.05, -385.271
7.37729, 224.347, 75.1763
5.59653, 122.374, 7.93066
3.85574, -503.002, -24.3297
7.46973, -192.017, -309.679
4.60751, -390.674, -317.301
4.20537, -421.353, -435.644
4.80717, 152.73, -114.614
4.44822, 102.322, -224.241
4.613, -0.458787, 476.508
2.84879, 270.737, 245.428
5.5153, 10.9723, -94.1543
7.36114, -59.2148, -34.6873
5.07406, -392.75, -376.857
7.45461, 205.054, 114.642
5.84906, 275.958, 50.793
4.01716, -231.541, -227.86
3.47371, 434.002, 376.653
4.0109, -342.033, -191.207
4.93946, -324.09, 603.655
4.72438, 468.073, 475.887
5.7844, 219.927, -344.343
3.74227, -429.117, -364.573
4.72007, 32.8495, 465.19
5.75894, -360.123, -245.218
6.67472, -669.423, 350.98
6.03698, 64.7179, 382.039
4.93928, -385.362, -357.919
6.72039, 289.516, 73.2506
7.00296, -255.44, -172.453
6.33082, -475.89, -415.038
5.29453, 421.841, 518.979
2.70603, 202.537, -7.0366
5.46749, 226.002, 64.0267
2.68674, -254.357, 321.781
4.53488, 233.783, 118.412
2.84243, -557.431, -627.366
7.38558, -331.65, -263.711
2.5956, -352.295, -267.375
6.60363, -203.71, -117.285
5.2195, -474.733, 347.407
5.72828, 473.95, -267.51
3.62934, -128.342, -165.243
2.733, 587.095, -539.226
3.63154, 311.673, -363.917
4.58371, -479.56, 248.886
6.40126, 274.087, -383.923
3.72852, -453.803, 231.371
4.81411, 217.472, 76.1765
6.14756, 302.115, -23.9224
5.35237, -483.9, 349.801
5.45997, 520.63, 511.173
4.98425, -558.248, 153.418
3.951, 102.305, -25.4606
4.71107, 45.3626, -142.661
2.53669, 653.76, -601.873
7.41683, 305.909, -177.267
2.52822, -497.478, -64.2646
4.8676, 30.2393, 401.605
5.86497, -101.298, -270.103
