6.27803, -736.026, -993.776
3.5948, 61.3983, -87.0196
5.89648, 360.044, -903.132
5.09708, -235.551, 876.31
2.76731, -933.324, 656.966
2.53849, 331.98, 54.7005
4.58743, -857.906, -232.277
7.15218, 178.502, 375.739
2.95982, 51.362, 691.998
6.00595, -160.084, 318.508
3.81226, 527.844, 817.357
4.14117, 471.687, -901.511
7.45519, 509.981, 261.287
7.41275, -506.185, -270.269
5.75759, 504.137, 443.441
6.92354, 262.451, -850.81
6.33247, -121.13, -450.461
3.87453, -515.76, -49.5385
4.93259, -675.239, -303.292
2.80282, 820.747, 789.341
5.08146, 7.61819, 804.216
4.96988, 968.312, -362.936
7.23882, -814.81, -468.683
4.42071, -10.8425, -838.374
5.14874, 824.107, -448.649
2.75042, 876.138, -64.4133
6.63909, 542.32, 538.048
5.94228, -961.189, -746.169
6.18112, 258.914, 735.071
6.94286, 988.502, 450.125
4.25508, -381.705, -534.905
6.72991, 182.471, 26.0538
3.84659, 663.138, -162.073
4.83959, 73.236, -176.818
3.2686, -644.999, -431.004
2.66527, 611.589, 141.997
7.2768, -6.29553, 73.0521
6.95369, 110.089, 493.964
3.29884, 679.579, 247.424
3.15214, 428.754, -572.596
2.515, -452.099, -816.102
6.0491, -951.62, -176.535
3.40448, -512.91, 869.72
5.76029, 772.353, -361.685
4.42907, 365.364, -698.406
3.23766, -5.31504, -228.658
5.45054, 682.307, 172.319
3.24076, 120.436, 909.346
3.2091, -181.448, 962.698
4.94257, -492.959, 127.409
3.13015, 902.76, -71.7582
5.64635, -358.332, -597.07
5.60817, 300.677, -742.744
4.88216, -499.919, 602.33
2.64188, -574.661, -246.142
3.21011, -139.226, 801.522
3.15594, -180.895, 890.39
3.31099, -823.202, 756.727
3.76529, -268.18, -852.719
4.77654, 575.929, -735.519
6.54472, -94.416, -299.833
3.57624, 302.394, 858.439
3.75063, 817.049, 361.281
5.02978, -58.1873, 720.47
6.27922, 634.829, 186.883
5.66369, 909.452, -68.8929
5.9449, 637.48, -128.598
7.27207, 969.755, 408.998
5.18713, -424.847, 713.679
4.57014, -787.669, 29.1926
4.70019, 751.258, 155.684
6.07821, 736.152, 458.563
6.20858, 408.765, 597.815
5.12494, 770.57, -959.409
6.06711, -865.57, -74.2918
5.91025, 334.092, -21.6326
6.82941, 831.719, -598.846
3.19597, 85.102, 775.116
3.57766, 970.957, -101.033
5.0733, -364.57, -111.575
4.83766, -118.376, 751.819
3.55759, -267.114, 611.537
5.65244, -691.886, 983.194
2.5044, -974.548, 208.492
4.09589, 452.682, 544.232
5.90281, 363.218, -155.143
6.0446, 670.503, -587.108
2.90869, -808.473, 654.742
3.56926, 265.328, 531.925
4.44412, -834.33, -571.246
4.44927, 900.756, 902.935
3.92018, 382.58, -460.969
4.6123, 564.641, 550.97
2.55658, -616.536, -434.59
3.72027, 935.884, -615.401
4.49072, -720.288, 648.964
6.64177, -647.719, 201.293
3.78584, 972.586, -687.374
3.59705, -806.419, -537.818
6.47385, 389.859, 268.687
5.8476, 502.512, 391.596
5.49108, -889.64, 283.306
5.99917, -363.873, -542.205
5.13062, 526.913, -761.178
4.14833, 188.599, 100.605
3.30844, -714.756, 402.656
6.56633, 718.009, -28.1853
4.08004, 478.889, 115.588
4.05369, 54.2214, -732.092
4.65424, 35.0537, 168.724
4.46509, -247.553, -477.316
4.43916, -50.089, -115.979
4.34871, -837.581, -443.396
5.88118, 343.026, -493.621
6.10384, 452.638, 28.1624
7.20082, -69.6571, 893.221
5.08573, -79.503, -357.724
5.5282, -193.742, 323.092
5.85049, -692.458, 981.798
5.11404, 80.6825, -308.423
3.87105, -954.554, 643.881
7.08924, 94.8019, 285.035
3.73367, 934.188, -462.472
4.77876, 384.301, 683.246
3.30374, -954.279, 646.355
4.68319, 413.022, 408.873
7.45767, 497.43, 169.776
6.26931, -438.969, 390.874
4.97846, -985.23, -655.257
7.01651, -656.31, -837.898
4.68213, 492.432, 561.421
5.09239, 168.228, -981.915
4.44866, 88.2422, -861.009
5.63431, -223.147, -568.021
5.19331, 414.735, 318.165
4.35955, 632.506, -438.269
2.54674, -368.71, 364.798
6.3794, 40.9484, -788.147
2.85317, -886.861, -561.073
3.98511, 444.777, -679.661
4.78581, -45.7266, -886.825
3.25156, -94.7278, 40.2219
5.97819, 671.349, -432.884
4.15587, 363.63, 154.246
5.21197, 970.275, -880.468
2.64678, 723.516, -980.894
5.38086, -24.8033, -234.992
5.18133, 366.959, 473.692
7.36678, -758.394, -923.683
5.57063, -298.092, -618.941
5.26431, -745.564, 209.29
6.69051, -269.619, 906.854
3.75764, -488.349, 934.377
6.98957, 623.183, -142.833
5.97428, 508.548, -500.229
5.82752, -473.145, -95.3086
3.06838, -579.311, -770.88
3.37987, -980.631, 94.9805
2.91253, -136.211, 194.64
6.68103, -246.554, 371.076
2.64818, 942.995, -770.148
6.34719, -0.996977, -851.147
4.29829, -504.073, 865.731
6.24626, 3.47134, 533.953
6.28385, 362.973, 340.504
3.60834, -537.494, -922.254
5.58305, 305.037, 128.098
3.66846, -549.539, -252.377
6.22052, -669.62, 303.154
5.80997, -909.955, -685.651
4.9209, 906.618, -745.888
2.58972, 828.14, 237.981
4.98291, 447.131, 199.871
5.09587, -110.222, -885.994
4.71395, -872.698, 530.293
4.14528, -61.0037, 948.048
3.52671, 484.678, -107.047
7.19863, -249.228, -651.284
2.85168, -492.822, 928.495
3.30042, 51.5427, -745.652
6.70788, -785.218, 33.8182
4.13614, -163.879, -276.629
6.85942, 159.5, 427.729
5.99896, 670.972, 515.817
5.52801, 868.787, -219.965
4.77536, 79.7707, -265.214
2.91543, -516.677, -180.479
3.94883, -55.3458, -146.102
6.51009, -571.791, -785.959
6.81821, 336.141, 59.0974
3.81831, 420.968, -510.729
4.79881, -835.622, -236.151
4.95672, 610.973, -525.716
5.82344, -467.109, -988.253
7.31738, -627.119, -155.267
7.23022, 579.599, -735.831
2.81902, 221.117, -655.507
5.04829, -412.851, -305.296
6.13222, 668.11, 661.577
5.65882, 599.888, -338.62
3.26658, -914.905, -908.443
5.09652, -865.983, 539.957
3.52281, -555.954, 854.014
6.03231, 400.191, -820.603
6.05786, -473.916, -16.4087
3.66304, -570.165, -232.353
6.80594, -58.0379, -130.611
2.67122, -109.036, 949.282
6.26587, -935.428, 53.2469
4.14789, 642.564, 164.167
4.65309, 70.8564, -533.084
7.33455, 966.553, -193.978
4.05803, 732.337, 693.767
5.69762, 985.827, -700.155
5.95386, 869.247, -61.2953
5.36403, 78.2901, 628.131
6.60667, 892.276, -684.413
4.21807, -898.983, -677.442
5.09387, -810.903, -773.986
6.78438, 122.32, -950.051
6.18587, 344.577, 43.3339
3.45992, -939.932, 384.122
2.83145, -308.091, 340.021
3.60828, 844.721, -717.362
3.33656, 169.954, -233.632
6.31172, 381.611, -930.517
5.44905, -842.861, 423.406
4.65223, 860.035, 854.228
7.09618, 659.889, 12.2004
5.09668, 444.049, 187.178
7.38058, -679.175, -22.0008
5.15714, -452.86, 146.562
2.98716, 334.244, 391.594
5.83983, 217.307, 98.9565
5.44444, 139.341, -26.4412
5.01137, -696.648, -115.125
2.75808, -931.245, 458.917
2.6753, -347.901, 31.1582
4.41484, -786.597, -514.453
5.55555, 183.133, 101.523
5.06574, 545.393, 868.136
5.98498, 303.239, -26.2947
4.89891, -24.7985, -185.715
3.88323, 68.265, 422.112
6.01685, -439.012, 208.875
3.67701, 874.449, 57.2135
6.41501, 185.165, -177.179
6.60589, 360.03, 835.88
3.21842, -534.423, 52.964
5.75757, -487.497, 810.975
3.87677, 869.114, -985.031
7.26215, -426.079, 715.683
4.58238, -751.089, 14.1702
3.03869, -126.572, 402.832
4.70633, -797.755, 531.365
6.28811, -421.522, -302.086
2.77803, -338.648, -319.165
3.51241, -27.5488, 144.368
6.82305, 940.253, -774.537
6.52456, -265.649, -10.5473
2.78861, -678.906, -672.281
4.40304, -64.4961, -701.49
4.56124, -144.778, 764.404
2.80071, -381.034, 302.483
7.09746, 806.628, 649.048
3.35398, 537.256, 804.798
6.51634, -930.48, 157.098
3.88599, 724.369, 46.605
4.44586, 172.479, 738.082
7.19936, 53.6152, 623.557
6.24573, 161.493, -165.669
3.44774, -325.393, 759.359
6.89581, 435.616, 484.782
6.8953, 417.099, -849.425
3.30515, -804.388, -265.771
5.87346, -803.666, -166.023
6.89096, 628.074, 126.92
6.98262, 255.245, 523.832
3.06535, -24.671, 754.055
5.93789, -234.868, -256.32
3.21651, -836.595, -766.64
3.6901, 413.689, -44.6067
5.64383, 945.739, -218.143
4.312, 816.598, 364.413
4.64437, 588.401, 717.488
4.91936, -11.6635, -839.288
6.20379, -3.94579, -109.238
3.23098, -388.03, 868.713
7.36238, -832.364, -770.683
7.3158, -512.449, -192.405
3.14741, -600.634, 664.483
5.3784, -318.511, -606.695
4.66439, 170.198, -123.729
5.50066, -237.172, -254.278
5.85098, -697.558, -129.597
4.5137, 396.617, 987.022
6.46691, 640.373, 693.847
4.89889, -975.331, -250.471
5.72449, 298.228, 276.272
4.28836, -246.657, 599.605
5.96794, -330.186, -220.665
5.83428, -416.949, -703.186
3.22071, -380.53, 711.97
7.10415, -980.901, 222.199
4.22228, 31.7081, -235.812
6.66824, -414.76, -469.533
2.74349, 271.093, -746.622
3.27936, -250.433, -62.6784
2.55765, 331.1, 508.24
3.94327, 120.733, 588.524
5.07295, -345.737, -173.09
3.65948, 682.307, 437.528
2.75022, -245.188, -72.467
5.33091, -595.766, -844.865
6.69774, -152.054, 674.144
4.28763, -649.643, -431.59
4.3452, 164.565, 870.609
7.22226, 256.403, -73.2223
4.72425, -910.36, -179.687
6.82086, 493.738, 184.83
5.82654, -788.554, -735.679
5.79297, 165.54, 665.052
7.10736, -959.405, 961.287
5.11536, 952.836, -620.357
5.45229, 439.085, -441.961
5.79944, 667.817, 662.327
4.24765, 281.552, 461.603
4.11714, 345.15, 46.8045
7.08984, -105.02, 738.035
3.08619, 903.941, -445.718
7.31268, 673.539, -169.844
5.17978, 51.9299, -329.761
5.81447, 852.772, 634.001
5.48362, 900.838, -501.963
6.93363, -506.234, -744.926
6.67999, -664.741, -606.697
6.69339, 246.852, 202.928
6.85642, -212.853, 339.16
2.5002, -769.764, 340.799
4.77274, 259.043, 349.917
4.25696, -932.176, 153.35
5.80713, -257.74, 708.321
6.22234, -878.669, 152.886
3.3821, -126.598, -456.916
7.4621, 794.529, -811.643
5.95466, -931.415, 169.859
6.97862, 143.595, -12.3787
3.51579, 368.484, -134.798
7.2356, -458.104, -36.1959
4.88476, 881.28, -505.917
6.78578, 920.134, -747.768
6.41237, -978.233, -553.002
5.70687, 907.365, -909.281
3.14521, -723.585, 148.889
5.77944, 4.49108, 650.239
3.09199, 53.2855, 8.95817
3.88793, 334.376, 803.054
6.65548, -223.468, -227.237
6.14153, -751.378, -513.076
6.74348, -598.121, 295.644
3.43989, -777.642, -935.068
6.09602, 557.553, -279.776
4.25586, 158.795, 332.22
3.34555, -416.017, -690.217
4.52383, 334.951, -545.468
4.20924, 159.386, 769.653
6.67141, 388.886, -125.824
3.9111, 697.905, 584.263
5.16766, -660.661, -470.252
6.25085, 991.551, -852.173
4.62554, -692.029, -760.882
4.66964, -567.43, 548.06
3.03022, 857.189, -931.369
6.4639, -40.6758, -465.563
3.91232, -574.234, -482.536
7.14264, -585.566, -236.098
5.37926, 250.318, 510.302
3.4895, 819.558, -290.867
5.99081, 573.426, -749.608
3.07265, 494.942, -957.093
4.22945, 304.321, 785.811
4.15646, -586.744, -234.511
6.42735, 828.158, -960.486
6.65775, 459.324, -212.609
4.21712, -739.242, 754.596
4.2603, -273.26, 892.429
6.38197, 151.585, -822.442
6.58658, -12.1488, 687.747
4.26157, -131.261, 284.073
7.09559, -423.888, -301.366
3.2877, 493.294, 254.73
5.56029, -485.09, 565.65
5.54222, -380.583, 712.182
3.16647, -251.416, -744.203
3.51409, -744.266, -478.745
4.79457, -856.073, 501.366
3.48759, -524.504, 932.39
6.77118, -848.314, 381.918
6.54562, -759.687, -691.189
2.80131, -905.326, 884.563
6.50584, -719.81, 649.821
5.49597, -196.728, -542.641
7.43182, -889.807, 305.369
2.65919, -160.7, 642.731
6.8356, 941.147, -763.187
3.69109, 667.244, 348.193
3.6127, 172.402, 429.84
4.73907, -981.51, -552.754
2.61231, 863.91, -180.648
6.79755, -260.334, 12.7443
4.15902, 213.321, 589.18
5.72195, 305.151, 252.427
7.43521, -943.63, -483.625
5.30162, 284.559, -583.212
4.74553, -757.672, -246.304
5.213, 165.114, -725.509
2.90797, 773.076, -32.8531
3.99606, -818.449, -271.047
6.63964, 820.306, 675.878
6.48936, 624.819, 934.841
5.71048, -103.65, 679.893
4.84105, 630.118, 385.386
7.15326, -199.177, -608.206
5.08798, -244.575, -73.837
7.42924, 797.366, -536.812
5.94567, -79.3515, -721.201
6.19966, -180.358, -452.822
3.46323, -392.796, -932.602
6.08881, -453.959, 622.738
6.11146, 569.936, -179.86
6.49298, 266.941, 153.569
4.23216, 255.121, -994.731
5.1481, -16.0198, -61.9823
3.19001, 716.045, -359.454
6.73218, -224.378, -211.3
6.32766, -82.7845, -882.87
7.5, 923.29, -420.19
4.24891, 482.682, 989.522
5.50367, -600.172, 589.305
3.50808, -495.823, 83.312
6.2385, 29.5107, 153.978
6.49225, 973.909, 216.419
3.03505, -705.486, 109.07
5.35813, -507.041, 47.1284
2.84683, 360.586, -337.209
4.16036, 743.977, 689.823
5.80945, 485.775, -707.252
5.27726, 171.658, -190.799
7.12415, 228.878, -11.6663
2.69832, -484.704, 225.582
2.62083, -310.468, 239.093
4.61923, 216.772, -655.872
4.36987, 460.99, 135.269
2.93303, -232.936, -243.947
3.05403, -156.979, 171.817
5.31992, 366.598, -346.666
7.37269, 59.5665, 741.048
3.05066, -44.2489, -892.401
5.99352, 99.0717, 978.791
2.79674, -50.6551, -740.501
4.69755, 835.048, -107.043
5.24651, 990.443, 715.287
3.45129, 690.391, -749.305
7.36597, 315.221, 326.081
3.19593, -680.121, -59.2627
5.48978, 936.266, -431.766
7.12812, -871.882, 703.911
3.91116, -80.975, 884.155
6.8307, -142.898, -83.9904
6.29598, -225.611, -599.058
6.10793, 360.122, 615.434
3.34241, -375.291, 369.294
3.32882, 832.401, 372.393
3.39076, -646.917, -987.594
5.87226, 334.598, -600.825
4.83484, -353.111, 39.2936
6.85219, -809.639, -357.98
5.76023, -696.785, -116.709
5.80464, 760.214, 878.355
2.58037, -665.999, -607.415
4.30596, -777.726, -669.51
3.72747, 922.585, 116.191
6.93086, -935.375, -948.249
5.23701, 823.353, 775.066
6.57209, -26.8842, -646.825
5.24453, 176.864, 865.078
4.16156, 506.022, -55.0113
4.40213, 23.0336, -654.416
2.52389, 929.909, 653.335
6.95226, -90.2452, -397.421
6.16955, -495.844, 684.945
6.04239, -153.59, 659.393
5.1278, 57.5389, -185.827
6.41065, -190.188, -813.416
3.42484, -387.206, -470.459
5.72673, 244.209, 521.373
3.42178, -687.423, -340.837
3.31214, 61.8061, -93.3932
2.65594, -181.987, 849.454
7.42716, 130.639, -665.909
4.04559, -330.817, -715.306
4.11075, -674.263, -288.227
5.51155, 282.87, -236.669
2.89107, -329.192, -921.059
3.93936, -20.0845, 90.218
5.79307, -127.231, -490.442
7.36348, -989.956, -349.309
7.27758, -363.078, -794.412
7.42745, -672.473, -294.417
7.30478, -911.632, -760.201
3.0073, -558.186, 565.865
3.71505, -124.792, -493.014
6.91151, 99.6648, -431.987
5.28805, 340.233, 698.5
6.7669, 801.824, 516.34
7.49145, -536.843, 526.507
3.99751, -255.211, -481.208
6.33157, 972.615, 484.567
4.81901, 285.401, -144.485
6.8168, -636.309, -791.166
6.99018, 859.317, 3.16377
7.377, 257.574, -415.527
2.77405, 656.966, 86.6585
6.32605, 942.779, -617.487
5.09219, -932.019, 738.983
3.46574, 921.025, -233.058
6.98252, 197.774, -543.835
6.38492, -834.306, 96.9567
2.75968, 415.034, 540.424
7.47331, -851.555, 763.915
5.93659, -5.47219, -458.138
5.94854, 886.94, 496.667
6.57666, -657, 816.248
7.05426, -37.1459, -439.123
3.34218, -201.387, 402.1
5.24183, -580.597, 803.153
6.53351, -488.201, -252.817
4.17803, 327.696, -539.839
5.53435, -106.44, 30.5868
6.59602, -948.803, 333.955
7.3485, 82.0918, -247.269
6.29349, 582.909, 493.6
3.72113, -178.571, -92.1966
5.80589, -572.022, 402.448
4.21574, -449.145, -187.522
7.27146, 375.179, -395.5
2.60828, 802.647, 555.101
4.54979, -891.272, 945.011
2.55789, 586.463, -671.62
3.04964, 835.111, 195.903
5.28259, -844.011, 93.99
4.45466, -17.9209, -238.914
7.20539, 117.604, -182.765
2.55572, 179.348, 392.317
6.22897, -221.296, -436.979
3.84293, 110.86, 123.756
4.27153, -668.849, -757.203
3.45835, -458.835, 619.048
5.14832, 295.265, -168.475
4.39478, -56.417, -856.656
3.16407, -11.8539, -803.458
4.26563, -127.512, -562.872
4.2497, 783.382, 983.679
7.41084, 607.258, -126.429
5.25961, 151.517, -374.061
4.99918, 14.1575, -715.217
3.58531, -834.418, 454.797
4.37311, -236.029, -648.811
6.78251, -665.68, -472.575
6.45578, 794.013, -515.447
3.9204, -495.709, 928.03
5.07645, 437.027, 101.931
6.79238, -290.793, -22.6673
7.07844, -938.684, -172.887
7.48941, 135.359, 913.732
6.53177, 172.492, -191.621
5.22718, -897.44, -184.206
7.3461, 150.79, -734.071
5.31931, -584.815, 362.617
4.03031, -417.872, 658.367
5.41853, 963.234, 949.976
2.91197, 49.1194, -329.787
5.47382, 354.449, 618.715
3.31968, -598.004, -591.529
6.46527, -609.786, -437.133
2.95373, 579.826, 737.265
6.3072, -504.743, -679.539
6.83996, -224.373, 30.418
6.40105, 190.16, -334.281
6.61399, 908.499, 966.46
6.70974, 372.204, 552.453
4.48328, 525.008, 256.839
6.508, -160.718, 167.576
6.56811, 379.783, -43.7202
5.43493, -409.295, 100.573
4.64621, 794.635, -48.8573
2.5002, -60.4195, -477.317
5.31153, -814.267, 317.3
6.22632, 337.205, 351.882
3.89846, 966.262, 289.405
2.93406, -983.943, 564.545
3.5733, 853.403, -879.856
3.93296, -489.325, 566.565
4.86595, -404.835, 473.988
6.95893, 844.438, 819.782
5.91955, 515.423, -505.228
3.54376, -48.6665, -68.3722
6.67533, 792.881, 11.1472
7.09218, 929.175, 918.581
4.48244, -475.664, -699.708
6.37858, 541.317, 526.796
5.68161, -159.617, -89.8655
6.64746, 482.997, 289.223
3.40204, 555.076, -465.512
7.45927, 579.3, -762.292
6.70558, -153.792, -845.494
4.65177, 887.013, 264.92
4.38589, 596.342, 887.736
2.70802, 653.327, -504.932
6.80715, -799.916, -531.89
6.62116, 916.111, -898.401
6.25052, 13.0618, 730.896
3.55801, -165.335, 989.978
4.31029, -781.493, -191.813
4.43545, -590.143, -799.255
7.32918, 794.454, 636.13
6.5872, -166.533, 633.442
4.5755, -81.6355, 448.633
5.83759, 204.324, 181.895
2.52101, 476.087, 976.632
6.98048, -737.526, 247.465
3.68416, -343.678, 354.769
3.79415, 355.424, -92.9807
5.4939, 407.781, -711.018
6.89823, -836.659, 370.033
6.16299, -562.089, -588.588
6.0773, 910.125, 570.044
3.57724, -607.015, 481.194
6.30413, 679.004, -956.795
3.85351, -161.741, -557.585
2.75246, 664.662, 336.572
4.78866, 270.74, 245.851
2.58759, 447.451, -776.905
3.01129, 71.6883, -172.056
2.639, -131.305, 284.021
5.65921, -341.775, -516.494
6.34425, 84.7229, -248.829
2.74132, 525.86, -838.84
6.6924, -56.0942, -630.568
6.76899, -262.777, -317.086
6.57649, -447.365, 574.883
6.85188, 794.244, 404.397
5.27222, -631.169, -168.114
6.12646, -293.439, 56.7467
3.20424, -524.807, 925.235
6.6115, 595.339, -526.994
5.51185, 731.5, -196.647
4.93856, 507.404, -918.558
6.14942, -287.175, 948.322
4.05164, 757.391, -668.421
3.93925, -699.505, 352.703
5.45857, -950.158, 807.449
5.34055, 653.248, 881.454
5.41059, -934.857, -574.518
2.84132, -688.804, 283.148
4.34304, 149.319, -391.536
6.28475, -929.159, -576.154
6.35297, -449.655, -866.275
4.27217, -393.845, -253.397
5.98913, 241.131, 930.243
5.08005, -666.601, -296.032
5.94494, 389.529, 133.277
6.18066, -81.9518, 616.263
2.56231, -342.591, -673.587
7.16549, 614.937, -123.639
5.37826, 132.607, 125.76
3.05587, 462.824, 973.679
4.87388, -104.476, 33.9856
3.24247, 184.763, 103.458
4.22594, 51.0079, 447.897
7.04476, -931.789, 183.039
4.54571, 14.3522, 518.559
5.96642, -680.136, -73.761
3.35865, 379.859, -942.709
6.21715, 889.407, -507.49
4.16319, -425.151, 643.403
4.62157, 664.874, 312.067
2.79523, -137.613, -112.243
5.09005, 286.841, -231.835
5.94425, 473.208, -580.447
5.01149, -250.535, 13.7561
6.56617, -169.518, -750.034
3.07974, 82.6633, -936.755
5.24841, 272.112, 464.727
5.06046, 408.909, 21.0206
6.02649, 959.172, 441.118
5.65083, -238.702, 884.284
4.0207, -26.8217, -639.73
6.74719, 399.712, 369.782
3.39619, 604.515, -21.8377
2.61737, -528.941, -100.144
4.19467, 735.37, 51.999
3.43818, 353.993, -90.2
6.60467, -288.135, 183.679
6.72507, -895.16, -160.606
6.78031, 847.034, -718.998
7.37454, -954.422, 641.696
2.99587, 467.852, -447.838
2.56182, 564.645, 655.452
2.58614, 221.621, 581.801
2.64527, 250.484, 96.0057
4.1031, 150.323, -388.04
6.17815, 626.566, 301.827
3.14876, 354.642, 477.02
2.5161, -368.526, 506.024
6.91905, 139.497, -790.063
3.70482, 230.303, -572.316
4.38481, -817.434, 765.498
4.44879, 614.116, 184.374
2.81534, 596.335, 294.311
7.30792, 183.665, 954.09
3.75349, 725.875, -339.297
6.85376, -676.986, -67.6546
2.85991, -916.828, 424.572
2.70653, -620.382, 572.884
3.46378, 359.791, -522.878
3.86708, -309.717, 302.913
7.4007, -951.703, -365.143
3.60607, 322.634, -532.153
6.43119, -875.015, 854.784
4.42306, 299.383, -421.293
3.78593, 478.708, -636.299
3.91087, -942.61, 63.2876
7.33834, 867.169, -36.4091
4.22841, 765.145, 170.352
3.45922, -981.063, 736.989
5.05037, -547.82, -377.612
5.21857, -556.66, 633.013
5.72333, -643.175, -614.78
3.89738, -11.3708, 792.095
3.41887, -296.742, -717.67
2.71579, -836.202, 373.444
3.98408, -500.691, -262.781
4.25548, -231.357, 140.089
7.09372, -422.876, 718.528
5.81225, 506.659, -362.679
5.08041, 865.817, 584.1
4.03763, 613.944, 586.215
3.0007, -351.561, 154.483
3.47502, 379.292, -880.236
4.11407, 31.1144, -130.394
5.56182, 961.023, 86.9334
5.13511, 959.599, -982.29
3.45653, 259.88, 283.465
4.7178, -637.107, -421.644
4.48693, -707.442, 852.234
6.28051, -605.973, 744.737
6.6213, 736.085, 602.596
5.51573, 142.198, -345.471
3.04573, 608.534, -826.712
4.11797, 485.998, -165.298
5.03403, 9.15641, 317.926
4.76521, -648.379, 801.454
4.77315, -180.009, -453.844
4.91125, 920.224, 913.343
5.07896, 368.838, -650.949
4.50207, 203.109, 823.434
4.22945, 967.3, 483.476
6.64533, 932.053, -240.92
3.02204, -730.829, -795.953
6.40057, 583.992, 566.034
3.19919, -297.283, -239.024
2.62171, -793.859, -520.545
6.0664, 406.238, -751.934
7.15538, 147.814, -825.905
7.47667, 184.904, 174.212
3.86264, -873.233, 152.859
3.6923, -474.99, -257.269
3.87328, 960.369, 619.243
5.70836, -907.067, -730.279
5.17637, 309.934, 153.766
6.8967, 832.206, -295.931
6.75968, -670.708, -834.012
2.98004, 904.57, -39.3055
4.66818, -745.668, 207.445
3.17045, -203.917, -755.802
5.86802, -168.77, 308.292
5.34964, -54.1274, -474.339
3.66474, -621.155, 567.564
5.50306, 265.904, -687.881
2.6551, -801.031, -27.3613
7.08512, 567.564, -310.817
3.82958, 860.741, -174.112
6.50016, -183.506, -510.112
5.46389, 167.316, -717.793
5.0822, 347.776, 626.961
5.2567, 322.209, 641.012
3.47225, 503.445, -234.389
5.36152, 124.906, -741.858
3.81992, 212.042, 401.738
4.41648, -765.812, 539.136
2.73626, -756.753, -897.138
4.22823, 587.237, -672.115
3.61594, 667.63, -430.221
3.81264, 18.0192, -733.791
3.05141, -429.074, -403.516
7.40088, -704.889, 18.4886
5.93794, 798.482, 632.917
5.82158, -547.712, -378.968
5.99501, -600.939, -672.095
2.68746, -835.602, -771.734
3.6706, -629.768, -745.858
3.95397, 721.871, 693.485
3.50543, -34.6774, -255.013
2.7177, 369.101, 337.001
2.56571, -525.037, 519.262
6.07297, -526.003, 765.34
6.88348, -867.495, -627.465
5.35088, -885.946, 269.871
6.92743, 864.77, 865.92
5.20042, -357.043, -279.34
3.31357, 929.292, -645.877
3.30492, 958.28, 441.293
7.19182, 316.221, 286.487
3.45628, 552.595, -849.94
3.15761, 1.23168, -98.4411
4.41122, -310.481, -6.64575
6.12674, 258.475, -262.364
2.50651, 545.265, 866.871
4.60222, 26.0213, 736.63
5.18984, 304.409, -214.401
4.86596, -238.224, 246.592
6.33003, 540.141, 874.65
2.9396, 556.189, -462.086
7.04284, 135.896, 323.009
3.20818, -869.211, -397.973
2.54782, 431.559, -50.3595
2.82267, 242.299, 524.054
4.96742, 381.327, 222.226
5.40914, 528.429, 974.851
4.03373, -946.476, 544.388
4.57091, 903.054, -69.26
4.33401, -576.041, -686.828
3.42687, 180.823, 667.115
2.76788, 643.643, 177.849
4.47222, 539.53, -65.1549
3.98388, -347.468, -132.453
5.05388, -395.805, 819.641
3.75392, -702.071, 229.591
5.01589, 960.684, 886.378
2.51168, -8.24152, 786.211
7.01807, 992.931, -447.671
2.79181, -907.007, -945.803
5.17506, -684.3, 805.891
3.95754, -375.994, 873.849
7.3023, -806.785, -271.185
4.73406, 320.952, -109.029
5.08479, 891.975, 168.241
5.93861, -252.591, 28.5422
2.72187, -160.51, 74.7745
7.2946, -796.857, 605.938
5.70852, 368.877, 157.617
2.80215, 627.092, -778.688
3.33964, 50.2868, 267.766
5.76491, 487.639, -246.651
6.19864, -769.093, 335.981
3.57011, 855.803, 204.032
4.31441, 155.989, -869.846
6.56981, -647.748, 932.982
5.32057, 807.777, -470.398
7.45886, -42.0103, -891.851
6.5669, -763.463, 395.425
3.49157, -991.19, -22.6751
2.50003, -150.764, -842.844
4.62608, 942.157, -780.744
4.07406, 842.459, 200.143
5.56218, 606.351, -931.714
3.83351, -194.318, -542.69
4.39881, -594.67, -62.0484
5.43397, 958.788, 300.571
5.95636, -141.125, -511.275
7.26736, -457.316, -570.48
4.89785, -293.034, -951.762
3.60319, 378.068, -727.002
5.33741, -722.378, -449.052
6.09873, 429, 363.129
4.4953, -495.189, 554.56
3.48326, -693.015, 985.892
6.66971, -672.639, -759.754
5.59561, -446.878, -874.206
7.26866, -291.241, 176.712
3.23222, -14.2699, -275.257
5.38953, 38.9131, -458.666
7.26796, -392.848, 717.662
3.62331, 722.015, -985.6
7.25137, -494.67, 799.37
3.07874, 788.971, -511.697
2.58372, 30.1262, -258.199
3.90465, -357.92, -167.341
7.15042, 639.609, 172.049
3.04796, 750.287, 872.725
6.77266, 28.4825, 825.9
5.68532, -724.971, -730.907
5.63853, 405.276, -707.105
3.80589, 723.305, 743.8
5.13936, -950.957, 216.99
7.16608, -276.263, 903.94
3.98055, 921.654, 104.257
4.78006, 157.017, 451.737
6.35659, -656.149, -613.539
4.17193, 104.912, 120.191
6.31775, -39.6672, -938.095
6.65892, -30.2561, 941.801
2.64618, -724.927, 567.692
4.31315, 714.17, -267.009
4.16221, 286.273, 461.198
3.17675, -517.242, -299.75
3.00839, -305.764, 623.199
5.11327, -608.924, 812.547
3.52046, 30.6541, -532.518
5.00728, -869.927, -626.739
5.1371, -0.243573, 961.281
4.13422, -266.738, -292.787
4.75888, 226.654, -442.928
6.85263, -7.13364, 979.477
4.72884, 643.415, 864.703
6.03726, -458.277, -915.773
6.83171, 911.891, -698.735
6.5822, 866.638, 218.35
2.67504, 891.815, 838.51
3.8644, -651.907, -237.391
5.21858, -422.079, -430.545
3.19942, -982.972, -545.714
5.57408, -776.982, -936.221
3.29182, -684.746, -604.768
4.41129, 99.6067, 220.721
5.94997, -94.5394, 189.103
3.21128, -390.68, 462.384
5.65284, -784.626, 791.808
3.15973, 197.147, 935.75
7.13583, -741.463, 253.7
5.53465, -938.09, 784.315
5.50388, -922.19, 374.116
3.33635, 589.5, -531.07
3.301, -865.339, -399.878
5.91628, 621.283, -28.9223
5.1456, -711.196, -12.9124
3.65264, -135.235, 805.482
6.55373, -502.388, -57.5215
5.76477, -419.669, -559.573
4.08597, -560.433, -588.1
2.53953, -261.739, -814.091
3.49176, 731.674, 734.192
3.78831, -7.49484, 381.455
3.03825, 887.129, 38.5551
3.49545, 130.568, -432.18
6.75079, 803.771, -771.181
6.63912, -980.256, 208.896
6.76813, -960.684, -554.671
5.71027, 287.292, 778.533
3.6787, 718.952, -981.862
6.80638, -502.668, -807.405
5.4745, 36.2733, -104.049
2.52745, 505.944, -32.3401
6.84925, -666.285, -473.201
7.37729, 648.256, 105.131
5.59653, 377.796, 14.4642
3.85574, -937.548, 383.035
7.46973, -160.671, -631.655
4.60751, -721.349, -528.124
4.20537, -793.863, -614.599
4.80717, 369.52, -135.023
4.44822, 263.358, -380.481
4.613, -48.6052, 515.01
2.84879, 131.192, 288.809
5.5153, -59.3312, -131.003
7.36114, -49.753, 229.65
5.07406, -697.008, -533.662
7.45461, 952.833, -137.424
5.84906, 631.119, -140.527
4.01716, -605.304, 69.8739
3.47371, 872.776, 569.451
4.0109, -710.703, -933.718
4.93946, -335.451, 460.641
4.72438, 533.065, 987.145
5.7844, 320.676, -938.481
3.74227, -776.459, -665.909
4.72007, 54.619, 555.078
5.75894, -692.141, 50.8902
6.67472, -714.771, 190.188
6.03698, 194.025, 813.279
4.93928, -869.25, -605.669
6.72039, 399.122, -237.595
7.00296, -505.236, -187.046
6.33082, -652.047, -524.472
5.29453, 629.87, 850.264
2.70603, -12.6811, 81.5781
5.46749, 563.383, 66.1456
2.68674, -676.688, 822.002
4.53488, 25.6505, 436.938
2.84243, -973.943, -880.792
7.38558, -775.003, -882.167
2.5956, -515.573, -235.064
6.60363, -155.799, -266.326
5.2195, -384.861, 870.631
5.72828, 790.136, -332.792
3.62934, -260.679, 50.7717
2.733, 830.803, -697.348
3.63154, 212.61, -554.417
4.58371, -633.618, 134.824
6.40126, 265.327, -630.607
3.72852, -922.884, 381.123
4.81411, 654.996, 92.2885
6.14756, 928.153, 290.562
5.35237, -330.813, 814.488
5.45997, 933.392, 914.792
4.98425, -939.94, 280.375
3.951, 487.319, 112.165
4.71107, -8.09602, -229.177
2.53669, 853.172, -396.536
7.41683, 494.602, -357.877
2.52822, -807.156, -151.167
4.8676, -110.417, 738.261
5.86497, -311.05, -122.409
