6.27803, -734.33, -981.735
3.5948, 51.8754, -96.851
5.89648, 365.342, -898.471
5.09708, -250.554, 888.483
2.76731, -949.123, 645.095
2.53849, 343.409, 45.0878
4.58743, -838.638, -232.557
7.15218, 180.011, 384.325
2.95982, 46.2377, 691.801
6.00595, -162.878, 316.229
3.81226, 535.595, 805.251
4.14117, 470.997, -894.874
7.45519, 504.213, 256.747
7.41275, -489.277, -254.063
5.75759, 499.178, 439.777
6.92354, 260.891, -843.493
6.33247, -120.39, -453.743
3.87453, -491.622, -61.325
4.93259, -658.078, -284.048
2.80282, 818.044, 770.343
5.08146, 1.97346, 792.461
4.96988, 958.826, -364.972
7.23882, -807.781, -470.482
4.42071, -9.18118, -837.463
5.14874, 816.664, -455.569
2.75042, 865.693, -42.5858
6.63909, 548.719, 542.61
5.94228, -947.237, -740.105
6.18112, 258.646, 732.389
6.94286, 964.138, 445.267
4.25508, -361.557, -537.07
6.72991, 182.988, 25.0739
3.84659, 663.021, -164.063
4.83959, 62.0745, -185.351
3.2686, -642.782, -447.51
2.66527, 629.001, 137.481
7.2768, -15.3956, 85.4541
6.95369, 111.801, 488.938
3.29884, 671.005, 242.94
3.15214, 427.61, -569.012
2.515, -454.564, -812.507
6.0491, -919.815, -174.733
3.40448, -498.151, 855.219
5.76029, 769.525, -354.932
4.42907, 371.834, -697.489
3.23766, -17.1759, -237.036
5.45054, 663.43, 168.302
3.24076, 144.329, 907.112
3.2091, -179.317, 955.531
4.94257, -487.568, 122.908
3.13015, 881.946, -61.6446
5.64635, -352.354, -590.568
5.60817, 296.671, -735.474
4.88216, -491.047, 593.503
2.64188, -547.371, -257.944
3.21011, -128.875, 799.569
3.15594, -183.947, 881.647
3.31099, -829.21, 753.824
3.76529, -265.957, -842.781
4.77654, 563.204, -750.713
6.54472, -92.6265, -297.716
3.57624, 300.719, 848.909
3.75063, 818.384, 370.275
5.02978, -59.4993, 718.037
6.27922, 634.887, 158.325
5.66369, 893.673, -63.0406
5.9449, 605.108, -126.548
7.27207, 961.099, 420.393
5.18713, -412.902, 724.796
4.57014, -778.629, 26.455
4.70019, 752.987, 163.577
6.07821, 731.592, 456.798
6.20858, 400.234, 590.932
5.12494, 767.551, -954.737
6.06711, -857.842, -76.085
5.91025, 330.76, -20.9021
6.82941, 828.852, -594.949
3.19597, 79.2905, 765.65
3.57766, 956.048, -104.74
5.0733, -356.096, -119.623
4.83766, -103.443, 730.188
3.55759, -260.178, 607.263
5.65244, -689.728, 967.412
2.5044, -963.387, 194.277
4.09589, 448.785, 539.432
5.90281, 367.834, -128.341
6.0446, 666.036, -582.561
2.90869, -803.773, 649.563
3.56926, 254.078, 504.755
4.44412, -827.637, -568.429
4.44927, 917.502, 909.639
3.92018, 379.237, -459.957
4.6123, 556.404, 544.191
2.55658, -625.628, -432.357
3.72027, 922.44, -621.664
4.49072, -711.714, 657.007
6.64177, -650.717, 199.986
3.78584, 972.051, -698.774
3.59705, -794.79, -531.179
6.47385, 385.595, 267.312
5.8476, 496.093, 389.956
5.49108, -884.717, 290.914
5.99917, -372.304, -534.567
5.13062, 531.331, -753.329
4.14833, 189.288, 110.145
3.30844, -716.535, 396.186
6.56633, 713.336, -25.9497
4.08004, 480.26, 116.787
4.05369, 47.0044, -741.473
4.65424, 29.5067, 148.592
4.46509, -247.741, -479.729
4.43916, -55.4566, -146.867
4.34871, -825.972, -447.908
5.88118, 342.03, -497.547
6.10384, 443.75, 28.7076
7.20082, -71.1889, 885.771
5.08573, -80.1887, -359.622
5.5282, -189.721, 323.659
5.85049, -686.874, 987.008
5.11404, 74.9521, -301.463
3.87105, -932.83, 628.063
7.08924, 99.8904, 283.418
3.73367, 921.912, -452.262
4.77876, 376.877, 674.08
3.30374, -946.279, 651.735
4.68319, 407.914, 398.529
7.45767, 484.537, 184.035
6.26931, -435.144, 389.968
4.97846, -973.141, -650.623
7.01651, -653.044, -824.569
4.68213, 490.828, 552.855
5.09239, 165.611, -971.567
4.44866, 88.7006, -850.798
5.63431, -212.799, -568.271
5.19331, 407.04, 318.764
4.35955, 634.607, -435.929
2.54674, -370.599, 366.28
6.3794, 39.0953, -779.944
2.85317, -882.379, -565.556
3.98511, 439.302, -680.22
4.78581, -42.3953, -882.525
3.25156, -111.275, 37.9049
5.97819, 669.485, -434.225
4.15587, 371.753, 153.559
5.21197, 963.933, -871.268
2.64678, 728.303, -956.191
5.38086, -8.86463, -239.54
5.18133, 362.552, 471.045
7.36678, -769.26, -920.096
5.57063, -302.558, -608.887
5.26431, -735.751, 204.645
6.69051, -267.088, 888.451
3.75764, -509.59, 916.164
6.98957, 610.693, -129.32
5.97428, 501.558, -493.089
5.82752, -474.096, -93.0673
3.06838, -580.727, -789.168
3.37987, -966.906, 97.0018
2.91253, -137.067, 186.24
6.68103, -241.032, 363.971
2.64818, 924.252, -761.675
6.34719, -11.7214, -836.728
4.29829, -513.19, 863.767
6.24626, 13.9638, 521.177
6.28385, 362.125, 336.754
3.60834, -534.857, -912.655
5.58305, 305.002, 136.712
3.66846, -550.806, -244.141
6.22052, -673.001, 297.148
5.80997, -899.668, -681.991
4.9209, 930.553, -756.903
2.58972, 829.435, 228.907
4.98291, 447.327, 196.39
5.09587, -95.8645, -873.623
4.71395, -858.434, 533.503
4.14528, -52.8698, 936.139
3.52671, 481.151, -104.95
7.19863, -235.174, -637.502
2.85168, -489.82, 918.519
3.30042, 49.8235, -727.142
6.70788, -775.327, 32.6787
4.13614, -165.969, -275.331
6.85942, 171.574, 429.319
5.99896, 666.7, 514.524
5.52801, 865.709, -215.993
4.77536, 79.0079, -236.209
2.91543, -493.558, -207.682
3.94883, -43.5048, -124.018
6.51009, -582.874, -777.232
6.81821, 346.716, 48.2479
3.81831, 416.818, -507.323
4.79881, -833.38, -238.183
4.95672, 610.715, -523.882
5.82344, -465.864, -978.146
7.31738, -627.711, -169.57
7.23022, 577.176, -751.486
2.81902, 215.709, -652.923
5.04829, -439.873, -291.533
6.13222, 665.091, 671.294
5.65882, 591.531, -333.575
3.26658, -910.783, -907.326
5.09652, -864.623, 523.2
3.52281, -550.066, 845.773
6.03231, 402.085, -819.027
6.05786, -465.778, -32.8901
3.66304, -560.889, -232.301
6.80594, -52.5261, -130.43
2.67122, -105.269, 939.265
6.26587, -934.031, 66.8098
4.14789, 634.627, 164.808
4.65309, 66.4577, -527.798
7.33455, 950.64, -196.865
4.05803, 735.529, 688.972
5.69762, 963.578, -690.619
5.95386, 882.932, -58.1115
5.36403, 63.3723, 622.691
6.60667, 900.345, -694.774
4.21807, -891.137, -673.758
5.09387, -829.342, -759.347
6.78438, 120.983, -940.193
6.18587, 332.188, 60.4972
3.45992, -901.14, 371.463
2.83145, -307.75, 336.062
3.60828, 841.575, -708.26
3.33656, 165.906, -221.045
6.31172, 376.188, -914.97
5.44905, -838.397, 415.331
4.65223, 866.154, 863.838
7.09618, 654.811, 12.5557
5.09668, 444.22, 183.007
7.38058, -683.361, -28.2663
5.15714, -451.734, 142.348
2.98716, 334.888, 380.552
5.83983, 204.51, 99.8582
5.44444, 142.081, -23.2406
5.01137, -688.594, -119.603
2.75808, -920.819, 451.507
2.6753, -347.683, 38.6719
4.41484, -793.995, -529.275
5.55555, 183.845, 99.2717
5.06574, 545.521, 861.952
5.98498, 310.113, -25.3042
4.89891, -21.4151, -187.766
3.88323, 67.2623, 424.968
6.01685, -437.567, 204.671
3.67701, 871.16, 48.0369
6.41501, 160.118, -185.382
6.60589, 354.229, 827.012
3.21842, -523.217, 49.2225
5.75757, -486.458, 806.227
3.87677, 863.704, -974.647
7.26215, -399.052, 712.043
4.58238, -745.581, 15.3084
3.03869, -125.784, 398.733
4.70633, -792.564, 529.684
6.28811, -408.852, -299.271
2.77803, -339.093, -311.712
3.51241, -23.843, 140.621
6.82305, 925.635, -760.367
6.52456, -260.822, 7.69006
2.78861, -675.171, -665.736
4.40304, -67.8339, -704.918
4.56124, -130.459, 757.174
2.80071, -376.564, 302.374
7.09746, 810.234, 654.708
3.35398, 530.552, 816.511
6.51634, -926.426, 182.572
3.88599, 730.713, 51.1711
4.44586, 169.985, 736.766
7.19936, 62.2082, 623.428
6.24573, 175.495, -186.302
3.44774, -328.455, 755.274
6.89581, 431.34, 482.043
6.8953, 410.8, -839.365
3.30515, -801.503, -268.202
5.87346, -798.586, -162.248
6.89096, 630.678, 131.352
6.98262, 238.715, 513.996
3.06535, -19.6421, 748.778
5.93789, -238.267, -248.461
3.21651, -808.096, -767.07
3.6901, 409.593, -44.9395
5.64383, 932.343, -220.83
4.312, 819.141, 367.955
4.64437, 586.806, 717.985
4.91936, -12.6137, -838.022
6.20379, -3.74445, -113.927
3.23098, -364.582, 868.123
7.36238, -821.003, -762.017
7.3158, -506.749, -188.513
3.14741, -594.456, 659.698
5.3784, -309.089, -606.679
4.66439, 167.949, -132.577
5.50066, -226.145, -233.536
5.85098, -688.358, -101.993
4.5137, 397.534, 979.841
6.46691, 643.563, 684.253
4.89889, -964.83, -248.463
5.72449, 310.77, 279.712
4.28836, -251.037, 603.302
5.96794, -327.76, -220.037
5.83428, -416.087, -686.973
3.22071, -412.894, 712.134
7.10415, -955.35, 211.229
4.22228, 29.1313, -238.116
6.66824, -407.505, -465.51
2.74349, 275.595, -737.734
3.27936, -244.188, -64.5055
2.55765, 329.4, 501.36
3.94327, 118.573, 586.137
5.07295, -344.608, -170.765
3.65948, 678.944, 436.079
2.75022, -247.548, -78.6528
5.33091, -597.197, -830.302
6.69774, -148.704, 664.127
4.28763, -648.819, -446.107
4.3452, 173.406, 859.495
7.22226, 257.894, -71.9333
4.72425, -894.478, -172.528
6.82086, 488.891, 165.942
5.82654, -784.692, -731.386
5.79297, 175.441, 662.341
7.10736, -954.114, 955.976
5.11536, 957.377, -624.628
5.45229, 438.667, -441.246
5.79944, 666.51, 650.16
4.24765, 273.458, 464.1
4.11714, 342.231, 35.1906
7.08984, -109.144, 733.859
3.08619, 907.78, -442.413
7.31268, 653.736, -157.307
5.17978, 52.9202, -320.903
5.81447, 838.584, 630.347
5.48362, 904.215, -499.302
6.93363, -506.579, -739.118
6.67999, -650.301, -610.096
6.69339, 247.645, 199.089
6.85642, -202.915, 330.104
2.5002, -769.687, 336.854
4.77274, 262.153, 345.552
4.25696, -926.89, 179.029
5.80713, -256.567, 704.784
6.22234, -874.303, 153.191
3.3821, -131.138, -470.015
7.4621, 794.799, -802.181
5.95466, -923.346, 168.569
6.97862, 145.32, -14.3964
3.51579, 362.045, -143.853
7.2356, -467.321, -31.4615
4.88476, 876.362, -497.895
6.78578, 916.298, -745.574
6.41237, -961.307, -553.175
5.70687, 902.648, -903.223
3.14521, -719.506, 153.314
5.77944, 5.87806, 652.497
3.09199, 54.0444, 6.70749
3.88793, 327.911, 797.259
6.65548, -226.747, -227.819
6.14153, -747.956, -511.344
6.74348, -599.216, 294.635
3.43989, -751.118, -907.192
6.09602, 554.653, -284.152
4.25586, 149.624, 328.403
3.34555, -418.017, -703.79
4.52383, 322.139, -525.195
4.20924, 160.769, 762.917
6.67141, 362.682, -134.692
3.9111, 697.712, 584.992
5.16766, -663.1, -472.41
6.25085, 979.942, -849.887
4.62554, -691.825, -752.735
4.66964, -555.177, 555.719
3.03022, 854.314, -926.746
6.4639, -55.978, -464.859
3.91232, -578.545, -477.921
7.14264, -578.913, -233.723
5.37926, 256.459, 524.961
3.4895, 832.63, -297.96
5.99081, 573.575, -739.227
3.07265, 493.027, -944.558
4.22945, 287.677, 773.05
4.15646, -586.326, -232.141
6.42735, 827.278, -952.938
6.65775, 458.431, -211.847
4.21712, -736.373, 752.645
4.2603, -274.951, 911.648
6.38197, 150.333, -801.571
6.58658, -9.44751, 686.554
4.26157, -136.503, 286.865
7.09559, -414.408, -298.42
3.2877, 514.793, 256.114
5.56029, -486.588, 570.693
5.54222, -413.036, 711.84
3.16647, -249, -736.659
3.51409, -737.204, -484.046
4.79457, -852.652, 503.074
3.48759, -511.577, 925.174
6.77118, -851.557, 383.531
6.54562, -761.193, -682.037
2.80131, -898.277, 877.056
6.50584, -720.935, 638.441
5.49597, -188.862, -537.885
7.43182, -884.947, 286.539
2.65919, -158.915, 643.047
6.8356, 932.494, -762.912
3.69109, 658.149, 332.756
3.6127, 154.464, 429.433
4.73907, -951.542, -560.71
2.61231, 856.682, -173.488
6.79755, -259.36, 2.85148
4.15902, 220.857, 575.601
5.72195, 300.715, 265.788
7.43521, -935.271, -487.49
5.30162, 284.558, -580.732
4.74553, -756.279, -246.647
5.213, 152.335, -725.808
2.90797, 773.986, -33.3526
3.99606, -821.163, -269.319
6.63964, 807.985, 655.392
6.48936, 621.414, 923.598
5.71048, -106.012, 680.41
4.84105, 627.423, 380.533
7.15326, -206.177, -597.753
5.08798, -246.929, -60.7739
7.42924, 794.104, -514.72
5.94567, -70.4109, -709.839
6.19966, -176.238, -465.688
3.46323, -394.142, -923.233
6.08881, -459.09, 613.977
6.11146, 569.969, -174.011
6.49298, 269.28, 152.386
4.23216, 254.233, -985.729
5.1481, -16.9585, -73.6133
3.19001, 717.878, -350.577
6.73218, -230.574, -242.141
6.32766, -74.7656, -873.561
7.5, 924.881, -435.596
4.24891, 472.544, 973.006
5.50367, -598.601, 580.208
3.50808, -494.443, 78.562
6.2385, 35.8309, 163.442
6.49225, 963.607, 217.202
3.03505, -703.243, 108.191
5.35813, -507.164, 46.6203
2.84683, 367.147, -353.67
4.16036, 716.327, 689.081
5.80945, 481.151, -703.546
5.27726, 165.444, -173.119
7.12415, 228.611, -11.4122
2.69832, -479.769, 221.17
2.62083, -305.621, 234.508
4.61923, 222.035, -652.171
4.36987, 463.125, 130.558
2.93303, -223.955, -235.111
3.05403, -153.716, 171.583
5.31992, 359.257, -338.681
7.37269, 50.5839, 735.746
3.05066, -47.6132, -876.391
5.99352, 99.2199, 968.1
2.79674, -52.4471, -730.027
4.69755, 833.515, -101.605
5.24651, 982.968, 711.986
3.45129, 686.055, -745.231
7.36597, 320.85, 321.215
3.19593, -673.51, -65.389
5.48978, 913.104, -423.916
7.12812, -867.332, 703.069
3.91116, -73.7773, 883.341
6.8307, -161.039, -91.643
6.29598, -213.28, -592.562
6.10793, 357.913, 611.458
3.34241, -363.272, 361.762
3.32882, 805.221, 360.982
3.39076, -646.018, -978.484
5.87226, 330.698, -594.825
4.83484, -341.193, 29.604
6.85219, -803.772, -357.322
5.76023, -688.165, -127.223
5.80464, 749.442, 867.205
2.58037, -650.594, -614.868
4.30596, -767.718, -669.136
3.72747, 915.13, 100.221
6.93086, -925.772, -940.252
5.23701, 821.137, 783.937
6.57209, -33.155, -632.354
5.24453, 167.369, 862.609
4.16156, 504.812, -50.8494
4.40213, 17.3315, -653.078
2.52389, 921.955, 647.517
6.95226, -88.974, -397.831
6.16955, -489.075, 680.7
6.04239, -155.942, 647.8
5.1278, 74.7054, -176.748
6.41065, -185.357, -806.751
3.42484, -395.146, -469.839
5.72673, 263.415, 508.39
3.42178, -679.11, -331.156
3.31214, 51.8969, -100.962
2.65594, -182.197, 845.702
7.42716, 131.693, -667.211
4.04559, -326.678, -707.269
4.11075, -678, -306.566
5.51155, 287.326, -223.576
2.89107, -327.974, -914.27
3.93936, -6.83768, 74.5075
5.79307, -135.236, -491.335
7.36348, -976.675, -350.41
7.27758, -362.757, -787.065
7.42745, -668.542, -301.096
7.30478, -902.777, -745.508
3.0073, -557.77, 549.158
3.71505, -136.682, -490.63
6.91151, 102.77, -426.223
5.28805, 339.12, 689.08
6.7669, 797.729, 517.823
7.49145, -531.9, 531.818
3.99751, -238.582, -475.056
6.33157, 955.017, 470.968
4.81901, 290.017, -149.701
6.8168, -636.807, -783.359
6.99018, 854.387, -3.93084
7.377, 256.309, -411.104
2.77405, 638.92, 110.509
6.32605, 924.306, -620.047
5.09219, -925.811, 737.565
3.46574, 918.542, -224.065
6.98252, 209.05, -549.929
6.38492, -843.12, 94.7265
2.75968, 411.504, 537.126
7.47331, -839.878, 757.615
5.93659, -17.1888, -454.065
5.94854, 882.436, 496.272
6.57666, -651.666, 802.68
7.05426, -40.6216, -453.483
3.34218, -201.399, 393.697
5.24183, -582.85, 799.701
6.53351, -503.025, -265.008
4.17803, 338.832, -543.356
5.53435, -104.38, 25.0787
6.59602, -933.882, 333.901
7.3485, 75.1605, -251.303
6.29349, 575.665, 496.115
3.72113, -153.901, -90.2307
5.80589, -571.456, 398.207
4.21574, -453.078, -190.892
7.27146, 372.028, -392.423
2.60828, 798.95, 552.497
4.54979, -888.937, 938.397
2.55789, 584.435, -674.716
3.04964, 838.929, 201.44
5.28259, -823.531, 99.8102
4.45466, -10.7357, -223.199
7.20539, 116.805, -183.191
2.55572, 179.303, 371.227
6.22897, -213.332, -442.362
3.84293, 110.693, 119.745
4.27153, -662.387, -754.512
3.45835, -444.9, 626.438
5.14832, 292.697, -161.513
4.39478, -48.9067, -865.695
3.16407, -9.15095, -807.253
4.26563, -135.896, -553.628
4.2497, 781.647, 976.157
7.41084, 629.674, -139.32
5.25961, 150.331, -367.099
4.99918, 20.5789, -723.957
3.58531, -833.48, 445.64
4.37311, -252.717, -642.166
6.78251, -660.424, -461.976
6.45578, 795.817, -530.622
3.9204, -492.557, 923.749
5.07645, 435.987, 106.685
6.79238, -280.158, -11.1256
7.07844, -931.908, -177.392
7.48941, 128.396, 903.315
6.53177, 169.699, -176.952
5.22718, -898.797, -169.501
7.3461, 160.289, -717.795
5.31931, -583.284, 362.716
4.03031, -429.942, 647.09
5.41853, 949.701, 937.951
2.91197, 58.2272, -320.456
5.47382, 354.6, 611.752
3.31968, -595.036, -590.603
6.46527, -623.251, -432.971
2.95373, 584.551, 721.306
6.3072, -502.06, -678.988
6.83996, -245.376, 23.4743
6.40105, 183.558, -333.962
6.61399, 908.379, 952.24
6.70974, 371.008, 549.514
4.48328, 491.36, 256.9
6.508, -157.378, 167.455
6.56811, 376.646, -42.2919
5.43493, -407.213, 98.1777
4.64621, 789.087, -43.5814
2.5002, -37.9964, -445.939
5.31153, -810.29, 319.78
6.22632, 344.443, 339.862
3.89846, 952.114, 288.205
2.93406, -973.009, 562.594
3.5733, 853.289, -876.578
3.93296, -487.214, 568.039
4.86595, -394.011, 466.118
6.95893, 841.573, 819.43
5.91955, 518.486, -504.435
3.54376, -41.1496, -77.4339
6.67533, 787.847, 7.77896
7.09218, 908.502, 901.842
4.48244, -479.005, -693.951
6.37858, 542.021, 522.748
5.68161, -147.068, -90.0642
6.64746, 482.008, 278.674
3.40204, 547.806, -472.562
7.45927, 572.296, -730.684
6.70558, -154.895, -839.497
4.65177, 881.925, 260.859
4.38589, 595.259, 879.609
2.70802, 645.263, -502.177
6.80715, -778.422, -516.996
6.62116, 912.113, -892.194
6.25052, 20.7324, 730.027
3.55801, -166.026, 977.02
4.31029, -780.576, -189.88
4.43545, -580.789, -780.141
7.32918, 793.282, 633.372
6.5872, -152.59, 654.284
4.5755, -79.1042, 446.169
5.83759, 191.768, 170.906
2.52101, 478.311, 969.353
6.98048, -733.848, 241.027
3.68416, -345.138, 353.413
3.79415, 349.41, -88.1273
5.4939, 401.88, -709.618
6.89823, -826.901, 363.879
6.16299, -558.366, -583.082
6.0773, 897.554, 568.043
3.57724, -602.189, 481.717
6.30413, 680.553, -952.538
3.85351, -166.969, -547.147
2.75246, 658.945, 337.293
4.78866, 278.223, 247.556
2.58759, 441.611, -769.033
3.01129, 63.3382, -185.12
2.639, -135.489, 282.222
5.65921, -345.872, -519.962
6.34425, 81.4519, -254.87
2.74132, 527.216, -832.747
6.6924, -47.5015, -631.337
6.76899, -261.595, -303.007
6.57649, -457.021, 577.981
6.85188, 791.65, 399.66
5.27222, -623.095, -150.966
6.12646, -283.643, 45.723
3.20424, -511.485, 909.865
6.6115, 588.519, -523.224
5.51185, 723.416, -194.118
4.93856, 501.732, -910.715
6.14942, -282.347, 930.405
4.05164, 756.695, -665.583
3.93925, -700.09, 347.945
5.45857, -938.582, 793.695
5.34055, 636.026, 859.876
5.41059, -924.117, -570.188
2.84132, -685.837, 283.761
4.34304, 141.993, -383.305
6.28475, -932.344, -567.282
6.35297, -448.472, -866.023
4.27217, -393.317, -257.392
5.98913, 234.386, 922.141
5.08005, -663.87, -286.117
5.94494, 381.718, 139.1
6.18066, -81.3803, 618.2
2.56231, -339.19, -668.219
7.16549, 632.319, -136.453
5.37826, 123.461, 122.709
3.05587, 482.391, 978.795
4.87388, -94.112, 35.9891
3.24247, 213.38, 100.062
4.22594, 50.4101, 440.669
7.04476, -921.369, 157.409
4.54571, 6.31859, 531.617
5.96642, -676.379, -60.1997
3.35865, 375.502, -932.074
6.21715, 873.54, -505.02
4.16319, -424.201, 654.973
4.62157, 654.915, 315.228
2.79523, -141.787, -99.1183
5.09005, 281.498, -230.413
5.94425, 468.441, -577.021
5.01149, -265.579, -3.75233
6.56617, -171.159, -745.344
3.07974, 85.8399, -927.301
5.24841, 289.513, 458.991
5.06046, 399.02, 20.0336
6.02649, 969.99, 444.888
5.65083, -239.237, 871.114
4.0207, -31.555, -652.724
6.74719, 399.637, 361.924
3.39619, 619.532, -28.8362
2.61737, -522.908, -99.4959
4.19467, 715.86, 45.1422
3.43818, 356.929, -103.635
6.60467, -291.566, 166.828
6.72507, -898.658, -179.6
6.78031, 847.835, -713.177
7.37454, -946.286, 647.012
2.99587, 459.188, -445.69
2.56182, 565.218, 650.378
2.58614, 213.494, 582.8
2.64527, 244.244, 99.1464
4.1031, 148.755, -381.776
6.17815, 622.745, 299.308
3.14876, 352.374, 473.987
2.5161, -370.358, 501.115
6.91905, 141.285, -788.714
3.70482, 225.7, -564.081
4.38481, -816.807, 764.19
4.44879, 639.262, 176.361
2.81534, 598.458, 291.964
7.30792, 185.969, 936.471
3.75349, 721.828, -344.728
6.85376, -680.492, -79.6078
2.85991, -909.717, 414.464
2.70653, -611.614, 563.037
3.46378, 347.462, -520.317
3.86708, -306.903, 303.237
7.4007, -946.735, -363.329
3.60607, 327.444, -538.815
6.43119, -872.22, 849.041
4.42306, 293.019, -417.815
3.78593, 473.729, -633.694
3.91087, -924.065, 51.9395
7.33834, 865.784, -49.8405
4.22841, 747.916, 158.964
3.45922, -969.751, 734.097
5.05037, -547.495, -372.306
5.21857, -551.79, 627.412
5.72333, -668.775, -594.828
3.89738, -1.25905, 792.083
3.41887, -297.622, -709.605
2.71579, -829.222, 369.545
3.98408, -492.999, -254.46
4.25548, -230.778, 137.747
7.09372, -423.37, 696.118
5.81225, 490.708, -354.766
5.08041, 866.645, 573.534
4.03763, 605.801, 578.769
3.0007, -346.515, 151.688
3.47502, 376.173, -878.778
4.11407, 29.8124, -122.405
5.56182, 947.757, 88.072
5.13511, 953.882, -975.02
3.45653, 270.757, 277.378
4.7178, -622.018, -426.349
4.48693, -699.057, 841.885
6.28051, -601.776, 744.635
6.6213, 733.242, 602.6
5.51573, 143.676, -350.762
3.04573, 602.86, -817.406
4.11797, 481.721, -165.055
5.03403, 12.1369, 315.16
4.76521, -663.893, 809.615
4.77315, -178.067, -445.256
4.91125, 932.703, 914.734
5.07896, 366.653, -649.914
4.50207, 198.883, 818.603
4.22945, 974.782, 475.251
6.64533, 928.915, -229.466
3.02204, -723.462, -786.25
6.40057, 573.86, 555.533
3.19919, -295.953, -237.388
2.62171, -796.37, -529.084
6.0664, 403.185, -739.017
7.15538, 140.142, -821.62
7.47667, 201.915, 175.183
3.86264, -882.58, 153.632
3.6923, -499.522, -255.737
3.87328, 949.982, 616.174
5.70836, -900.461, -729.214
5.17637, 306.438, 143.674
6.8967, 815.812, -292.28
6.75968, -665.493, -821.652
2.98004, 884.021, -57.6435
4.66818, -733.185, 224.857
3.17045, -197.781, -749.459
5.86802, -174.699, 305.884
5.34964, -44.3453, -457.348
3.66474, -603.871, 579.49
5.50306, 263.238, -681.37
2.6551, -791.97, -24.3709
7.08512, 562.748, -305.141
3.82958, 859.749, -180.406
6.50016, -179.01, -512.675
5.46389, 143.529, -731.764
5.0822, 337.328, 624.583
5.2567, 334.263, 628.123
3.47225, 483.969, -240.672
5.36152, 138.608, -734.908
3.81992, 205.245, 397.946
4.41648, -767.809, 536.928
2.73626, -765.063, -895.347
4.22823, 580.503, -672.247
3.61594, 651.407, -425.162
3.81264, 16.8253, -715.825
3.05141, -425.281, -408.267
7.40088, -701.499, 12.2297
5.93794, 786.831, 633.251
5.82158, -546.924, -378.489
5.99501, -597.012, -669.246
2.68746, -820.689, -761.589
3.6706, -633.162, -747.03
3.95397, 737.569, 685.287
3.50543, -7.39703, -234.616
2.7177, 340.204, 342.046
2.56571, -529.623, 530.582
6.07297, -520.395, 764.925
6.88348, -862.038, -611.983
5.35088, -885.611, 287.45
6.92743, 858.236, 847.783
5.20042, -358.954, -276.803
3.31357, 927.368, -637.313
3.30492, 949.33, 442.226
7.19182, 303.984, 274.424
3.45628, 546.697, -840.565
3.15761, 4.91922, -99.9626
4.41122, -290.473, -11.4538
6.12674, 261.035, -252.118
2.50651, 546.339, 864.292
4.60222, 17.1394, 728.375
5.18984, 289.752, -219.25
4.86596, -236.302, 244.234
6.33003, 542.167, 866.861
2.9396, 554.38, -456.043
7.04284, 144.479, 321.501
3.20818, -850.5, -404.274
2.54782, 411.749, -44.855
2.82267, 256.985, 522.518
4.96742, 379.591, 221.485
5.40914, 523.907, 966.233
4.03373, -938.914, 542.887
4.57091, 879.735, -59.8877
4.33401, -581.99, -679.126
3.42687, 160.44, 660.381
2.76788, 613.178, 170.478
4.47222, 532.989, -63.9464
3.98388, -346.358, -132.954
5.05388, -394.027, 815.983
3.75392, -710.92, 227.104
5.01589, 945.285, 891.38
2.51168, 1.68619, 774.766
7.01807, 979.715, -445.959
2.79181, -911.765, -937.804
5.17506, -659.37, 808.03
3.95754, -383.844, 863.065
7.3023, -795.483, -261.285
4.73406, 325.734, -108.377
5.08479, 882.33, 170.257
5.93861, -247.052, 32.4404
2.72187, -160.041, 70.5721
7.2946, -792.51, 602.848
5.70852, 364.269, 149.258
2.80215, 616.419, -770.85
3.33964, 55.8269, 266.471
5.76491, 491.874, -235.443
6.19864, -769.387, 334.723
3.57011, 850.464, 205.7
4.31441, 151.631, -854.295
6.56981, -646.577, 927.099
5.32057, 808.561, -468.706
7.45886, -48.8102, -871.214
6.5669, -762.94, 388.495
3.49157, -982.15, -21.5437
2.50003, -138.351, -827.751
4.62608, 920.696, -747.462
4.07406, 855.01, 214.879
5.56218, 604.591, -924.891
3.83351, -194.702, -538.798
4.39881, -593.471, -64.8548
5.43397, 944.793, 296.599
5.95636, -136.204, -492.342
7.26736, -450.731, -566.005
4.89785, -293.645, -942.423
3.60319, 386.8, -714.285
5.33741, -714.415, -455.515
6.09873, 413.983, 359.853
4.4953, -489.944, 558.352
3.48326, -688.009, 968.018
6.66971, -665.567, -757.559
5.59561, -449.876, -861.565
7.26866, -282.77, 186.622
3.23222, -13.6141, -257.522
5.38953, 33.3839, -454.556
7.26796, -391.368, 710.137
3.62331, 715.095, -980.315
7.25137, -494.885, 792.164
3.07874, 789.135, -508.369
2.58372, 30.9254, -241.43
3.90465, -351.581, -166.281
7.15042, 627.15, 178.949
3.04796, 765.211, 875.256
6.77266, 21.903, 811.501
5.68532, -719.898, -726.864
5.63853, 399.299, -705.591
3.80589, 723.138, 730.053
5.13936, -958.674, 209.865
7.16608, -263.045, 889.601
3.98055, 914.441, 116.312
4.78006, 163.267, 430.383
6.35659, -662.461, -606.959
4.17193, 132.475, 123.117
6.31775, -40.2901, -918.046
6.65892, -30.8934, 938.033
2.64618, -724.169, 565.677
4.31315, 710.214, -265.014
4.16221, 266.481, 467.96
3.17675, -510.222, -282.311
3.00839, -302.84, 621.629
5.11327, -604.955, 803.868
3.52046, 30.7455, -526.377
5.00728, -865.255, -612.129
5.1371, -10.3797, 966.914
4.13422, -259.678, -295.849
4.75888, 228.514, -435.457
6.85263, -7.01079, 953.46
4.72884, 637.894, 862.679
6.03726, -456.251, -902.642
6.83171, 897.031, -693.087
6.5822, 845.833, 204.82
2.67504, 877.707, 842.147
3.8644, -645.016, -240.546
5.21858, -419.732, -429.437
3.19942, -941.456, -555.32
5.57408, -764.653, -917.601
3.29182, -646.144, -606.567
4.41129, 101.518, 219.35
5.94997, -95.2542, 187.704
3.21128, -401.621, 472.386
5.65284, -783.471, 783.229
3.15973, 184.153, 939.462
7.13583, -735.606, 243.358
5.53465, -934.824, 784.555
5.50388, -928.145, 376.474
3.33635, 584.97, -519.964
3.301, -865.367, -396.383
5.91628, 608.156, -24.5848
5.1456, -698.759, -9.55454
3.65264, -139.733, 785.502
6.55373, -505.805, -53.9364
5.76477, -417.271, -555.671
4.08597, -576.784, -591.273
2.53953, -259.057, -808.104
3.49176, 726.903, 723.858
3.78831, -3.99451, 379.541
3.03825, 872.634, 39.9691
3.49545, 123.487, -422.22
6.75079, 803.752, -768.84
6.63912, -958.985, 218.354
6.76813, -967.797, -549.679
5.71027, 297.385, 778.201
3.6787, 716.496, -981.26
6.80638, -502.8, -799.398
5.4745, 34.5522, -110.028
2.52745, 502.287, -42.2324
6.84925, -657.701, -471.039
7.37729, 647.222, 97.0702
5.59653, 373.455, 17.5148
3.85574, -917.674, 369.635
7.46973, -165.692, -621.38
4.60751, -713.498, -522.37
4.20537, -790.776, -611.828
4.80717, 376.888, -124.591
4.44822, 259.976, -385.22
4.613, -43.0677, 513.634
2.84879, 129.013, 293.482
5.5153, -47.0465, -122
7.36114, -49.9071, 225.497
5.07406, -698.831, -526.242
7.45461, 943.574, -136.471
5.84906, 614.072, -130.092
4.01716, -603.853, 67.4549
3.47371, 858.829, 583.792
4.0109, -714.275, -922.802
4.93946, -337.327, 458.481
4.72438, 529.381, 979.944
5.7844, 323.859, -928.308
3.74227, -768.805, -671.899
4.72007, 53.5471, 552.402
5.75894, -693.144, 40.8765
6.67472, -718.915, 196.199
6.03698, 191.214, 809.082
4.93928, -861.671, -626.927
6.72039, 396.83, -232.779
7.00296, -515.483, -195.605
6.33082, -655.463, -517.324
5.29453, 637.799, 862.229
2.70603, -2.64472, 67.7013
5.46749, 560.63, 68.141
2.68674, -668.709, 805.283
4.53488, 35.2085, 436.956
2.84243, -966.2, -876.813
7.38558, -764.692, -884.044
2.5956, -507.693, -242.652
6.60363, -155.727, -263.489
5.2195, -389.663, 856.121
5.72828, 784.025, -334
3.62934, -254.273, 25.9703
2.733, 843.537, -710.777
3.63154, 200.251, -542.379
4.58371, -633.778, 133.57
6.40126, 263.154, -626.479
3.72852, -925.278, 379.146
4.81411, 636.893, 113.672
6.14756, 927.015, 288.842
5.35237, -332.12, 809.695
5.45997, 919.473, 910.159
4.98425, -926.923, 278.477
3.951, 464.43, 126.27
4.71107, -18.3636, -239.461
2.53669, 848.259, -398.362
7.41683, 502.79, -359.504
2.52822, -794.157, -175.641
4.8676, -118.155, 748.877
5.86497, -313.597, -123.921
