6.27803, -341.657, -322.708
3.5948, 166.502, 0.443341
5.89648, 173.573, -137.405
5.09708, -209.493, 290.186
2.76731, -308.878, 273.695
2.53849, 318.045, 192.35
4.58743, -213.522, -144.16
7.15218, 233.703, -30.7397
2.95982, 116.275, 281.449
6.00595, -29.3451, -63.4316
3.81226, 372.192, 295.585
4.14117, 129.859, -302.527
7.45519, 192.952, 46.8245
7.41275, -291.556, -341.06
5.75759, 278.783, 15.3229
6.92354, 256.843, -240.96
6.33247, -169.006, -155.442
3.87453, -228.39, -381.974
4.93259, -293.286, -251.554
2.80282, 427.413, 363.636
5.08146, 39.0049, 382.503
4.96988, 346.788, -377.497
7.23882, -255.527, -490.955
4.42071, -65.4984, -142.558
5.14874, 383.113, -422.835
2.75042, 215.436, -34.5447
6.63909, 299.161, -81.2634
5.94228, -355.913, -439.973
6.18112, 31.1675, 283.691
6.94286, 379.184, 414.394
4.25508, -124.084, -210.983
6.72991, 206.919, 16.8625
3.84659, 78.1718, 69.9001
4.83959, 53.2541, -114.725
3.2686, -337.38, -273.287
2.66527, 242.433, -25.2971
7.2768, 272.005, 80.5882
6.95369, 240.416, -64.7608
3.29884, 251.083, 33.9515
3.15214, 199.209, -182.764
2.515, -515.93, -186.451
6.0491, -157.615, -230.495
3.40448, -438.006, 342.838
5.76029, 451.542, -327.214
4.42907, 268.078, -287.878
3.23766, 158.011, 12.921
5.45054, 222.351, 103.635
3.24076, 41.028, 229.918
3.2091, 177.251, 160.831
4.94257, -271.354, -293.599
3.13015, 170.252, 73.4335
5.64635, -117.678, -192.154
5.60817, 106.497, -332.222
4.88216, -320.044, 340.211
2.64188, -458.705, -298.343
3.21011, 271.432, 337.878
3.15594, -192.752, 358.153
3.31099, -352.556, 412.807
3.76529, -123.719, -57.7057
4.77654, 88.4353, -204.423
6.54472, 14.8579, -182.196
3.57624, -47.0285, 225.003
3.75063, 332.59, 231.204
5.02978, 117.567, 221.761
6.27922, 212.663, 7.0164
5.66369, 171.25, -32.6343
5.9449, 137.509, 110.391
7.27207, 387.62, 410.384
5.18713, -382.041, 364.657
4.57014, -219.396, -369.538
4.70019, 173.174, 9.42237
6.07821, 443.44, 368.514
6.20858, 223.026, -21.1912
5.12494, 570.812, -302.97
6.06711, -196.022, -175.596
5.91025, 225.319, 32.0009
6.82941, 324.762, -201.555
3.19597, 33.284, 352.703
3.57766, 99.3802, 130.371
5.0733, -88.6662, -174.819
4.83766, -84.3911, 379.871
3.55759, -9.44715, 503.261
5.65244, -331.441, 307.733
2.5044, -472.917, 21.2026
4.09589, 173.871, -6.57457
5.90281, 200.39, -12.0432
6.0446, 208.707, -79.88
2.90869, -388.661, 423.812
3.56926, 264.51, -29.5538
4.44412, -283.336, -191.451
4.44927, 504.407, 475.132
3.92018, 214.226, -230.579
4.6123, 159.286, 60.8752
2.55658, -335.008, -342.083
3.72027, 563.945, -474.505
4.49072, -392.606, 421.55
6.64177, -466.077, 158.257
3.78584, 384.818, -629.916
3.59705, -117.988, -147.746
6.47385, 231.705, -96.5708
5.8476, 243.653, 4.14465
5.49108, -425.738, 189.782
5.99917, -37.1292, -259.034
5.13062, 167.77, -206.687
4.14833, 182.467, -21.1268
3.30844, -537.9, 21.3491
6.56633, 170.234, 129.257
4.08004, 134.383, 61.3274
4.05369, 45.7819, -200.404
4.65424, -61.6438, -98.2357
4.46509, -14.8322, -253.761
4.43916, 38.8511, -130.691
4.34871, -318.127, -451.53
5.88118, 213.81, -232.213
6.10384, 161.039, -5.32695
7.20082, 118.368, 339.677
5.08573, -57.9601, -168.015
5.5282, -30.66, -76.0661
5.85049, -338.125, 340.918
5.11404, -23.0771, -273.484
3.87105, -350.988, 404.109
7.08924, 174.347, -13.4219
3.73367, 384.781, -417.805
4.77876, 188.546, -23.9535
3.30374, -393.714, 370.781
4.68319, 316.627, -14.3292
7.45767, 256.376, 147.779
6.26931, -202.411, 404.68
4.97846, -307.435, -251.646
7.01651, -347.158, -145.803
4.68213, 239.415, -32.2992
5.09239, 31.5489, 20.0094
4.44866, 203.696, -245.143
5.63431, -96.02, -290.563
5.19331, 211.599, 56.5685
4.35955, 139.125, -275.302
2.54674, 13.9272, 32.7169
6.3794, -94.7888, -140.807
2.85317, -320.161, -280.949
3.98511, 160.348, -261.72
4.78581, -65.0555, -144.945
3.25156, -227.648, -177.774
5.97819, 86.3665, -278.561
4.15587, 242.251, 34.595
5.21197, 397.489, -328.084
2.64678, 584.655, -450.807
5.38086, -9.29692, -179.224
5.18133, 177.991, 59.5108
7.36678, -195.001, -153.674
5.57063, 41.8229, -222.726
5.26431, -399.452, 76.5512
6.69051, -141.151, 277.835
3.75764, -306.528, 399.573
6.98957, 173.51, 71.8649
5.97428, 158.413, -319.608
5.82752, -298.261, -289.43
3.06838, -197.808, -373.477
3.37987, -370.133, 172.375
2.91253, -40.2614, -121.794
6.68103, -39.8278, 39.2194
2.64818, 481.676, -451.002
6.34719, -97.5583, -148.365
4.29829, -431.817, 316.264
6.24626, 28.2085, 346.258
6.28385, 204.282, -16.0346
3.60834, -467.196, -166.546
5.58305, 203.074, 65.4882
3.66846, -62.7004, -241.074
6.22052, -505.577, 179.584
5.80997, -334.845, -276.445
4.9209, 495.201, -462.797
2.58972, 56.3621, 103.561
4.98291, 219.647, 33.8949
5.09587, 293.319, -220.683
4.71395, -378.976, 2.13257
4.14528, 78.4807, 336.986
3.52671, 240.318, 176.455
7.19863, -7.28232, -210.24
2.85168, -299.681, 379.752
3.30042, -106.281, -69.1023
6.70788, -298.068, -255.541
4.13614, -49.8059, -211.699
6.85942, 229.986, 118.072
5.99896, 593.926, 417.679
5.52801, 108.355, 118.717
4.77536, 42.7105, -162.981
2.91543, -372.81, -306.197
3.94883, 14.7265, -127.917
6.51009, -354.571, -332.093
6.81821, 199.221, 3.04615
3.81831, 159.611, -320.658
4.79881, -125.783, -301.018
4.95672, 182.959, -296.054
5.82344, -554.262, -280.802
7.31738, -261.233, -191.238
7.23022, 148.967, -202.125
2.81902, 175.164, -234.329
5.04829, -312.706, -276.253
6.13222, 428.322, 200.893
5.65882, 227.484, 111.894
3.26658, -382.696, -300.036
5.09652, -388.503, 5.5109
3.52281, -279.278, 403.611
6.03231, 258.789, -157.24
6.05786, -413.817, -235.706
3.66304, -101.539, -207.398
6.80594, -11.3898, -195.116
2.67122, 87.3738, 314.967
6.26587, -421.696, 160.713
4.14789, 160.207, 141.142
4.65309, -321.157, -252.926
7.33455, 160.499, 18.9388
4.05803, 424.604, 366.638
5.69762, 348.323, -264.762
5.95386, 98.6759, 127.912
5.36403, 108.466, 358.06
6.60667, 502.278, -477.978
4.21807, -328.785, -343.488
5.09387, -280.31, -260.004
6.78438, -106.786, -179.503
6.18587, 153.265, 222.025
3.45992, -372.124, 296.022
2.83145, -241.438, 209.734
3.60828, 489.909, -524.259
3.33656, -79.3402, -49.6513
6.31172, 242.411, -16.9229
5.44905, -403.052, 180.486
4.65223, 428.686, 342.779
7.09618, 172.07, 83.4452
5.09668, 131.277, -16.8273
7.38058, -336.941, -166.267
5.15714, -301.827, -315.851
2.98716, 198.221, 76.5691
5.83983, 270.015, 43.2694
5.44444, 148.33, 127.55
5.01137, -110.423, -203.644
2.75808, -374.77, 128.598
2.6753, 38.4643, -312.854
4.41484, -317.7, -230.26
5.55555, 238.353, -9.41853
5.06574, 446.28, 368.549
5.98498, 188.579, 28.9945
4.89891, -131.112, -219.708
3.88323, 275.096, 175.976
6.01685, -220.348, -290.373
3.67701, 264.97, 18.8296
6.41501, -56.8008, -174.124
6.60589, 26.6168, 342.333
3.21842, -372.035, -340.106
5.75757, -464.503, 442.714
3.87677, 486.216, -358.366
7.26215, -401.396, 368.888
4.58238, -182.611, -220.946
3.03869, -44.9228, -61.6751
4.70633, -460.918, 456.898
6.28811, -332.771, -319.338
2.77803, -334.024, -341.807
3.51241, -37.7928, -229.431
6.82305, 504.97, -483.411
6.52456, -108.011, -220.714
2.78861, -351.374, -253.797
4.40304, -130.187, -90.0613
4.56124, 61.6873, 333.216
2.80071, 0.956736, 38.9305
7.09746, 446.332, 394.116
3.35398, 449.803, 280.518
6.51634, -356.109, 185.655
3.88599, 208.689, 64.2261
4.44586, -36.0694, 214.376
7.19936, -37.6522, 319.474
6.24573, 66.034, -121.529
3.44774, -472.585, 356.073
6.89581, 240.711, -24.1458
6.8953, 215.776, -291.074
3.30515, -167.981, -197.856
5.87346, -268.817, -284.79
6.89096, 190.321, -3.25311
6.98262, 303.76, -111.412
3.06535, -216.933, 357.129
5.93789, -194.881, -201.686
3.21651, -138.274, -484.474
3.6901, 278.515, 34.6952
5.64383, 111.738, 140.143
4.312, 332.116, 231.654
4.64437, 544.89, 146.549
4.91936, -151.582, -155.204
6.20379, 58.0862, -114.84
3.23098, -327.527, 371.816
7.36238, -375.236, -238.925
7.3158, -94.1473, -202.154
3.14741, -173.625, 637.238
5.3784, 38.5116, 10.1498
4.66439, 18.9689, -99.228
5.50066, -105.379, -166.365
5.85098, -124.162, -201.207
4.5137, 527.744, 336.975
6.46691, 428.656, 330.742
4.89889, -166.079, -183.706
5.72449, 250.382, -31.1888
4.28836, -162.505, 394.835
5.96794, -82.109, -224.383
5.83428, -497.54, -241.846
3.22071, -394.113, 387.218
7.10415, -412.339, 167.606
4.22228, 94.15, -142.633
6.66824, 76.1638, -104.889
2.74349, 216.979, -286.942
3.27936, -146.923, -263.058
2.55765, 283.119, 10.6645
3.94327, 43.099, 369.986
5.07295, -143.001, -182.061
3.65948, 485.857, 539.743
2.75022, -73.9074, -218.968
5.33091, -279.773, -182.166
6.69774, 7.29676, 233.317
4.28763, -332.191, -286.079
4.3452, 22.2923, 309.175
7.22226, 214.451, 6.23853
4.72425, -332.582, -231.155
6.82086, 190.143, 58.8591
5.82654, -362.506, -245.949
5.79297, 75.0574, 330.473
7.10736, -564.261, 477.301
5.11536, 548.979, -360.2
5.45229, 293.336, -306.809
5.79944, 366.042, 325.679
4.24765, 192.852, -14.7474
4.11714, 183.998, 24.4732
7.08984, 28.9471, 277.294
3.08619, 491.56, -518.993
7.31268, 152.171, 195.961
5.17978, 23.5376, -172.885
5.81447, 365.3, 397.524
5.48362, 362.892, -387.166
6.93363, -254.928, -136.324
6.67999, -289.879, -256.01
6.69339, 165.775, 94.1491
6.85642, -51.1189, -40.3415
2.5002, -246.86, 118.838
4.77274, 255.382, 32.429
4.25696, -435.705, 170.929
5.80713, -231.274, 483.239
6.22234, -367.249, 201.485
3.3821, -78.7344, -182.386
7.4621, 515.012, -468.391
5.95466, -377.788, 136.709
6.97862, 243.775, 319.155
3.51579, 190.168, 77.4158
7.2356, -309.011, -209.147
4.88476, 410.359, -406.137
6.78578, 432.988, -500.095
6.41237, -291.706, -255.081
5.70687, 393.832, -408.547
3.14521, -427.036, -45.7665
5.77944, -1.27558, 317.584
3.09199, -52.7549, -90.4721
3.88793, -22.2125, 176.204
6.65548, -110.053, -149.649
6.14153, -238.817, -484.93
6.74348, -864.467, -64.0625
3.43989, -161.351, -89.2509
6.09602, 183.164, -108.927
4.25586, 138.177, -32.4688
3.34555, -520.551, -362.309
4.52383, -158.065, -190.745
4.20924, 44.3552, 327.505
6.67141, 152.35, 7.14642
3.9111, 431.468, 327.332
5.16766, -291.536, -216.738
6.25085, 385.03, -314.106
4.62554, -331.053, -148.512
4.66964, -424, 368.246
3.03022, 399.92, -337.804
6.4639, -70.095, -197.514
3.91232, -489.099, -149.731
7.14264, -99.5423, -214.783
5.37926, 331.251, -39.265
3.4895, 346.298, -243.889
5.99081, 199.809, -295.9
3.07265, 207.252, -234.057
4.22945, -26.7923, 157.858
4.15646, -90.7575, -200.934
6.42735, 508.309, -494.764
6.65775, 152.926, 186.247
4.21712, -479.741, 319.786
4.2603, -209.707, 309.267
6.38197, -80.0245, -168.992
6.58658, -31.8652, 335.768
4.26157, -127.627, -172.015
7.09559, -247.291, -270.911
3.2877, 245.394, -30.7965
5.56029, -292.769, 502.249
5.54222, -393.442, 386.854
3.16647, -119.299, -199.914
3.51409, -365.649, -290.802
4.79457, -350.63, 396.525
3.48759, -305.593, 438.277
6.77118, -408.39, 177.454
6.54562, -28.6167, -233.526
2.80131, -427.839, 406.186
6.50584, -438.823, 418.295
5.49597, -109.962, -181.542
7.43182, -442.996, 185.785
2.65919, 104.83, 305.976
6.8356, 509.298, -465.248
3.69109, 65.6554, -86.1245
3.6127, 163.522, 11.4106
4.73907, -310.802, -253.635
2.61231, 107.302, 142.173
6.79755, -78.5231, -221.746
4.15902, 201.107, -75.4543
5.72195, 299.65, -108.777
7.43521, -321.737, -258.597
5.30162, 223.253, -288.207
4.74553, -262.422, -245.171
5.213, -38.6327, -171.103
2.90797, 224.925, -6.20619
3.99606, -151.594, -242.135
6.63964, 356.895, 321.083
6.48936, 426.505, 541.698
5.71048, 130.157, 208.614
4.84105, 260.241, 51.8828
7.15326, -70.7354, -184.759
5.08798, -68.9146, -213.569
7.42924, 404.757, -418.213
5.94567, -43.9082, -85.8558
6.19966, -105.534, -181.132
3.46323, -578.315, -150.274
6.08881, -202.261, 464.349
6.11146, 92.0675, 95.3323
6.49298, 186.569, 55.5915
4.23216, 266.41, -155.829
5.1481, 6.44071, -105.606
3.19001, 29.9491, 84.4315
6.73218, -108.918, -173.074
6.32766, 82.4946, -230.223
7.5, 509.917, -519.59
4.24891, 466.713, 249.964
5.50367, -384.34, 370.066
3.50808, -287.856, -260.257
6.2385, 313.508, 69.4849
6.49225, 128.393, 16.5696
3.03505, -375.065, 391.874
5.35813, -267.507, -302.539
2.84683, 91.4107, -106.089
4.16036, 404.707, 325.352
5.80945, 220.855, -287.023
5.27726, 133.952, -150.686
7.12415, 234.637, 37.6514
2.69832, -247.966, -285.267
2.62083, -96.1171, -248.136
4.61923, 254.455, -259.983
4.36987, 231.326, 72.1272
2.93303, -83.3948, -131.82
3.05403, -57.9409, -160.422
5.31992, 252.859, -431.68
7.37269, -163.529, 384.124
3.05066, -85.8844, -179.46
5.99352, -3.46185, 320.457
2.79674, 185.358, -203.754
4.69755, 120.577, 157.958
5.24651, 373.928, 314.934
3.45129, 247.641, -335.897
7.36597, 224.128, 136.284
3.19593, -285.024, -187.476
5.48978, 387.731, -420.958
7.12812, -284.074, 436.007
3.91116, 37.3909, 347.932
6.8307, -112.884, -217.879
6.29598, 5.69784, -203.894
6.10793, 191.997, -46.7098
3.34241, -11.9667, 37.8177
3.32882, 375.227, 299.228
3.39076, -235.005, 38.4422
5.87226, 214.449, -233.066
4.83484, 35.5285, -316.497
6.85219, -339.898, -396.989
5.76023, -268.74, -299.739
5.80464, 529.548, 537.717
2.58037, -394.041, -545.032
4.30596, -373.368, -238.879
3.72747, 220.663, 136.768
6.93086, -362.853, -289.93
5.23701, 538.661, 396.103
6.57209, -136.948, -164.24
5.24453, -6.74716, 318.042
4.16156, 146.296, 164.938
4.40213, 161.252, -179.675
2.52389, 421.749, 303.178
6.95226, -90.9076, -157.633
6.16955, -410.917, 407.494
6.04239, 73.1858, 290.671
5.1278, 35.2796, -125.558
6.41065, -97.1772, -138.298
3.42484, -226.343, -221.828
5.72673, 200.207, -49.8308
3.42178, -310.005, -345.65
3.31214, -20.2123, -173.968
2.65594, -356.054, 369.61
7.42716, -90.3959, -123.686
4.04559, -290.419, -195.97
4.11075, -212.936, -78.3419
5.51155, 217.895, 83.5438
2.89107, -211.115, -117.947
3.93936, 259.112, 115.194
5.79307, -71.8515, -255.77
7.36348, -188.008, -465.801
7.27758, -418.783, -185.135
7.42745, -164.359, -211.9
7.30478, -384.089, -281.41
3.0073, -482.443, 430.039
3.71505, -140.02, -243.189
6.91151, -160.02, -206.795
5.28805, 203.832, -31.9798
6.7669, 404.874, 318.224
7.49145, -323.958, 368.665
3.99751, -13.8039, -245.049
6.33157, 355.361, 394.604
4.81901, 226.126, 84.9702
6.8168, -330.766, -114.71
6.99018, 161.996, -12.808
7.377, 60.3231, -154.813
2.77405, 203.485, -8.30285
6.32605, 505.561, -480.101
5.09219, -278.941, 442.878
3.46574, 77.903, 77.0366
6.98252, 227.478, -237.812
6.38492, -185.26, 211.561
2.75968, 266.704, -24.3284
7.47331, -357.944, 364.456
5.93659, -344.34, -239.074
5.94854, 374.327, 418.141
6.57666, -175.795, 282.228
7.05426, -61.8214, -166.869
3.34218, -43.2072, -32.5297
5.24183, -410.839, 367.191
6.53351, -75.1107, -238.338
4.17803, 166.579, -230.751
5.53435, -222.762, -178.316
6.59602, -439.518, 299.215
7.3485, 39.9901, -137.147
6.29349, 341.702, 437.777
3.72113, -127.472, -193.687
5.80589, -496.972, 78.7402
4.21574, -133.819, -249.655
7.27146, 82.9243, -212.701
2.60828, 148.937, 366.607
4.54979, -517.546, 464.462
2.55789, 166.451, -228.969
3.04964, 211.471, 126.679
5.28259, -411.7, 168.223
4.45466, 11.8317, -97.181
7.20539, 40.2866, -114.542
2.55572, 270.94, -233.271
6.22897, -169.18, -226.338
3.84293, 149.531, 0.0454309
4.27153, -282.558, -291.7
3.45835, -221.718, 460.245
5.14832, 375.81, 288.371
4.39478, -87.9158, -160.544
3.16407, -161.174, -205.426
4.26563, -71.6356, -261.443
4.2497, 468.01, 425.491
7.41084, 146.913, 95.7497
5.25961, -119.894, -157.633
4.99918, -159.444, -100.423
3.58531, -399.167, 163.139
4.37311, -79.0185, -197.77
6.78251, -326.492, -283.241
6.45578, 381.125, -431.827
3.9204, -325.396, 358.539
5.07645, 312.968, 318.869
6.79238, -123.848, -206.478
7.07844, -215.708, -66.5074
7.48941, -11.6503, 241.469
6.53177, 35.4957, -130.774
5.22718, -328.49, -264.499
7.3461, 1.0562, -187.198
5.31931, -398.25, 49.9041
4.03031, -347.591, 356.754
5.41853, 465.386, 487.368
2.91197, 159.347, 19.5329
5.47382, 251.852, -29.3305
3.31968, -345.864, -368.22
6.46527, -316.376, -297.449
2.95373, 632.043, 258.046
6.3072, -372.278, -153.933
6.83996, -132.166, -191.519
6.40105, -170.214, -245.607
6.61399, 341.107, 386.821
6.70974, 200.344, -152.497
4.48328, -83.978, -126.817
6.508, -44.082, -122.315
6.56811, 296.282, 149.128
5.43493, -228.228, -270.118
4.64621, 149.939, -45.9138
2.5002, -85.5589, -165.641
5.31153, -285.11, 90.3948
6.22632, 168.619, 69.3551
3.89846, 220.4, 133.591
2.93406, -246.898, 411.935
3.5733, 444.222, -369.445
3.93296, -464.421, 424.571
4.86595, -401.343, 507.339
6.95893, 500.772, 470.396
5.91955, 124.118, -282.57
3.54376, 42.3234, -141.698
6.67533, 162.488, -121.379
7.09218, 444.756, 367.777
4.48244, -741.426, -258.085
6.37858, 245.168, -41.2675
5.68161, 208.141, -45.9342
6.64746, 193.231, -20.0654
3.40204, 205.21, -273.126
7.45927, 113.201, -214.97
6.70558, -1.33374, -102.602
4.65177, 222.84, 152.628
4.38589, 315.695, 426.468
2.70802, 122.711, -283.265
6.80715, -340.406, -362.401
6.62116, 397.132, -324.331
6.25052, -170.123, 353.696
3.55801, -155.336, 334.913
4.31029, -98.7752, -248.74
4.43545, -194.025, -163.7
7.32918, 374.532, 415.808
6.5872, 101.617, 310.501
4.5755, 186.017, 252.15
5.83759, 313.432, 66.918
2.52101, 426.742, 276.637
6.98048, -421.824, 155.213
3.68416, -4.08096, 41.3961
3.79415, -22.1199, -211.223
5.4939, 209.002, -301.106
6.89823, -401.998, 154.926
6.16299, -292.989, -228.397
6.0773, 400.634, 198.181
3.57724, -155.866, 255.347
6.30413, 549.579, -355.754
3.85351, -4.74325, -152.001
2.75246, 278.317, 67.6698
4.78866, 121.476, -145.836
2.58759, 254.996, -345.19
3.01129, -46.9286, -103.787
2.639, -122.202, -168.431
5.65921, -121.665, -177.634
6.34425, 6.79349, -106.486
2.74132, 150.969, -312.613
6.6924, 133.303, -112.843
6.76899, -335.082, -61.9355
6.57649, -402.555, 364.575
6.85188, 348.121, 305.556
5.27222, -241.894, -301.076
6.12646, -106.054, -216.137
3.20424, -153.562, 276.634
6.6115, 121.405, -327.145
5.51185, 134.872, 21.9686
4.93856, 102.152, -230.105
6.14942, 111.278, 354.915
4.05164, 412.558, -616.443
3.93925, -272.014, 26.49
5.45857, -353.874, 404.629
5.34055, 474.147, 282.439
5.41059, -324.078, -125.326
2.84132, -392.009, 254.94
4.34304, -119.675, -158.462
6.28475, -295.308, -248.512
6.35297, -557.92, -350.103
4.27217, -164.794, -221.187
5.98913, 34.3978, 238.96
5.08005, -186.742, -244.067
5.94494, 234.298, 38.9765
6.18066, -12.157, 220.002
2.56231, -59.8377, -178.92
7.16549, 105.833, 61.8617
5.37826, 153.008, 99.0834
3.05587, 395.175, 228.028
4.87388, -233.213, -179.795
3.24247, 439.337, 24.3379
4.22594, 209.07, -41.2174
7.04476, -409.959, 183.417
4.54571, 97.8864, 389.377
5.96642, -177.423, -226.926
3.35865, 260.854, -219.903
6.21715, 363.524, -381.672
4.16319, -316.8, 382.526
4.62157, 243.82, 35.1333
2.79523, -111.044, -273.821
5.09005, 287.669, 133.378
5.94425, 173.421, -177.274
5.01149, -69.3639, -209.335
6.56617, -7.14342, -178.693
3.07974, -216.395, -190.821
5.24841, 247.103, -7.02502
5.06046, 175.397, -20.3971
6.02649, 376.244, 465.7
5.65083, -206.43, 291.405
4.0207, -90.65, -160.91
6.74719, 169.094, 61.309
3.39619, 139.808, -8.76033
2.61737, -357.079, -208.224
4.19467, 201.786, 95.7371
3.43818, 147.062, 11.6228
6.60467, -76.432, -247.077
6.72507, -166.34, -185.337
6.78031, 505.737, -487.537
7.37454, -398.126, 371.46
2.99587, 144.086, -321.331
2.56182, 287.535, 379.673
2.58614, 200.124, -71.2685
2.64527, 253.202, -67.4895
4.1031, -123.07, -155.824
6.17815, 241.021, 42.8118
3.14876, 154.123, -42.0452
2.5161, -226.787, 190.477
6.91905, -196.245, -116.316
3.70482, 213.947, -258.382
4.38481, -346.929, 406.633
4.44879, 204.847, 10.8797
2.81534, 186.214, 118.319
7.30792, -100.982, 367.615
3.75349, 329.837, -293.1
6.85376, -174.505, -215.236
2.85991, -406.473, 228.605
2.70653, -291.209, 503.872
3.46378, 301.88, -313.611
3.86708, -92.4625, 160.002
7.4007, -242.902, -444.849
3.60607, 215.399, -271.281
6.43119, -280.548, 357.397
4.42306, 56.7119, -147.197
3.78593, 235.401, -203.689
3.91087, -367.756, 135.293
7.33834, 42.9716, 146.05
4.22841, -60.6812, -241.401
3.45922, -441.89, 194.061
5.05037, -392.778, -249.783
5.21857, -350.937, 330.22
5.72333, -334.948, -270.386
3.89738, 60.4878, 386.004
3.41887, -65.4671, -134.381
2.71579, -219.989, 146.706
3.98408, -85.0834, -190.946
4.25548, 1.96633, 105.039
7.09372, -238.434, 401.313
5.81225, 221.899, -111.68
5.08041, 444.61, 338.492
4.03763, 238.126, -33.8364
3.0007, -53.4297, 7.17308
3.47502, 212.179, -15.4424
4.11407, -72.605, -143.542
5.56182, 89.2392, 15.6522
5.13511, 513.435, -375.154
3.45653, 253.372, -4.50118
4.7178, -254.151, -244.64
4.48693, -312.494, 373.264
6.28051, -298.785, 243.899
6.6213, 430.262, 391.632
5.51573, -150.817, -74.5795
3.04573, 165.414, -240.182
4.11797, 216.744, 167.705
5.03403, 301.688, 144.512
4.76521, -427.802, 365.47
4.77315, -134.049, -175.342
4.91125, 427.731, 346.921
5.07896, 206.241, -286.216
4.50207, 42.0192, 350.512
4.22945, 116.781, 218.187
6.64533, 116.233, 160.034
3.02204, -641.525, -457.857
6.40057, 192.625, -55.3092
3.19919, -104.91, -131.714
2.62171, -294.575, -253.707
6.0664, 234.01, -199.841
7.15538, -102.713, -108.929
7.47667, 172.717, 5.53177
3.86264, -350.89, 81.0852
3.6923, -245.643, -278.662
3.87328, 525.18, 406.45
5.70836, -322.215, -260.433
5.17637, 222.82, -37.3264
6.8967, 351.655, -277.991
6.75968, -425.338, -233.061
2.98004, 176.908, 146.574
4.66818, -492.283, 169.666
3.17045, 172.354, -11.5504
5.86802, -54.6766, -32.6594
5.34964, -87.8064, -163.482
3.66474, -471.269, 373.105
5.50306, 142.668, -274.315
2.6551, -346.275, -323.167
7.08512, 158.154, -41.1387
3.82958, 86.7152, 130.911
6.50016, -100.807, -166.046
5.46389, -69.4125, -169.291
5.0822, 259.607, -46.3263
5.2567, 322.344, -77.4153
3.47225, 288.217, 147.246
5.36152, -11.8731, -295.281
3.81992, 182.275, 157.405
4.41648, -357.342, 465.431
2.73626, -274.861, -119.537
4.22823, 172.179, -229.563
3.61594, 100.563, -325.1
3.81264, -147.056, -75.0474
3.05141, -102.206, -160.767
7.40088, -315.019, -391.005
5.93794, 386.353, 411.48
5.82158, -386.205, -244.734
5.99501, -348.327, -196.675
2.68746, -292.359, -227.224
3.6706, -285.467, -326.57
3.95397, 444.634, 379.933
3.50543, -28.5997, -266.509
2.7177, 318.56, -1.64242
2.56571, -153.719, 479.916
6.07297, -309.662, 411.26
6.88348, -322.892, -320.762
5.35088, -403.379, 105.294
6.92743, 432.045, 358.401
5.20042, -296.824, -294.341
3.31357, 533.616, -447.641
3.30492, 342.835, 443.01
7.19182, 198.128, 33.5002
3.45628, 377.796, -323.84
3.15761, -177.69, -164.909
4.41122, -89.4741, -174.903
6.12674, 215.961, 92.7963
2.50651, 442.888, 369.472
4.60222, 112.934, 236.747
5.18984, 197.312, 59.5656
4.86596, -22.2791, 40.5723
6.33003, 440.496, 369.256
2.9396, 205.982, -271.495
7.04284, 177.173, -18.6488
3.20818, -579.998, -401.965
2.54782, 330.141, -3.4532
2.82267, 161.066, -74.2973
4.96742, 196.542, 44.9762
5.40914, 442.556, 274.124
4.03373, -270.429, 445.431
4.57091, 161.085, -6.27901
4.33401, -329.303, -245.593
3.42687, 81.918, 334.304
2.76788, 80.1382, 35.7421
4.47222, 145.573, 195.389
3.98388, 1.84101, -98.4395
5.05388, -487.021, 384.341
3.75392, -432.305, 194.293
5.01589, 430.415, 460.338
2.51168, -320.376, 432.07
7.01807, 561.542, -195.597
2.79181, -370.573, -269.415
5.17506, -159.823, 293.655
3.95754, -491.909, 347.763
7.3023, -221.351, -148.607
4.73406, 163.128, -31.0231
5.08479, 203.66, 159.776
5.93861, -67.7527, -230.738
2.72187, -149.786, -199.402
7.2946, -405.762, 424.75
5.70852, 295.247, 16.6605
2.80215, 15.1872, -281.454
3.33964, 195.76, 34.3137
5.76491, 100.231, 62.5182
6.19864, -363.878, 136.837
3.57011, 211.927, 166.115
4.31441, -242.936, -88.9267
6.56981, -333.785, 302.502
5.32057, 357.938, -219.414
7.45886, -100.273, -155.39
6.5669, -57.2376, -73.0687
3.49157, -273.22, 87.0413
2.50003, -61.051, -301.781
4.62608, 561.569, -307.807
4.07406, 236.907, 167.934
5.56218, 469.152, -364.894
3.83351, -2.35489, -161.458
4.39881, -241.416, -40.0771
5.43397, 153.882, 6.32853
5.95636, -121.955, -215.512
7.26736, -69.5922, -196.434
4.89785, -373.937, -185.997
3.60319, 222.634, -266.213
5.33741, -347.613, -291.423
6.09873, 300.064, 160.262
4.4953, -319.708, 342.549
3.48326, -352.806, 333.443
6.66971, -449.858, -400.659
5.59561, -370.314, -293.214
7.26866, -82.8234, -248.518
3.23222, 38.4461, -140.919
5.38953, -133.327, -133.617
7.26796, -321.266, 369.921
3.62331, 535.125, -293.7
7.25137, -318.535, 369.494
3.07874, 390.904, -432.581
2.58372, 45.3363, -141.044
3.90465, -141.335, -179.408
7.15042, 246.796, 52.6316
3.04796, 490.162, 494.139
6.77266, 81.9752, 323.403
5.68532, -560.85, -263.747
5.63853, 199.707, -301.243
3.80589, 438.361, 385.628
5.13936, -511.927, 163.456
7.16608, -204.955, 291.067
3.98055, 90.5946, 155.372
4.78006, 243.936, -34.0568
6.35659, -293.765, -255.396
4.17193, 303.953, 148.906
6.31775, -22.5351, -151.407
6.65892, 47.977, 246.114
2.64618, -362.377, 456.388
4.31315, 273.588, 39.5903
4.16221, 301.483, -112.65
3.17675, -276.843, -230.688
3.00839, -202.06, 463.053
5.11327, -337.32, 283.251
3.52046, -318.055, -203.463
5.00728, -287.667, -235.804
5.1371, 120.281, 340.793
4.13422, -145.385, -205.647
4.75888, 74.0612, -226.962
6.85263, 96.7328, 331.113
4.72884, 474.681, 280.908
6.03726, -657.888, -25.1918
6.83171, 517.409, -459.939
6.5822, 216.808, 142.833
2.67504, 546.827, 394.022
3.8644, -181.458, -251.48
5.21858, -91.9291, -252.635
3.19942, -145.514, -167.023
5.57408, -198.583, 9.85957
3.29182, -207.791, -124.071
4.41129, 187.19, -11.8239
5.94997, -49.4475, -96.0753
3.21128, -229.932, 191.765
5.65284, -295.119, 386.555
3.15973, -62.5256, 190.397
7.13583, -511.694, 175.729
5.53465, -416.613, 380.392
5.50388, -360.124, 204.86
3.33635, 119.346, -326.831
3.301, -569.848, -433.66
5.91628, 214.85, 79.4738
5.1456, -180.453, -218.067
3.65264, 49.7264, 277.278
6.55373, -325.277, -190.723
5.76477, -13.2623, -177.129
4.08597, -272.489, -309.559
2.53953, -25.5272, -80.1014
3.49176, 391.373, 463.002
3.78831, 296.248, -115.701
3.03825, 180.477, -119.962
3.49545, -10.4817, -171.452
6.75079, 653.509, -395.197
6.63912, -283.703, 107.72
6.76813, -265.843, -320.549
5.71027, 10.7989, 405.603
3.6787, 559.872, -253.836
6.80638, -366.639, -8.87858
5.4745, 231.896, 276.019
2.52745, 193.98, 187.318
6.84925, -305.243, -237.848
7.37729, 206.788, 103.301
5.59653, 156.712, 74.2218
3.85574, -395.139, -68.5935
7.46973, -144.926, -186.926
4.60751, -315.023, -184.357
4.20537, -251.128, -244.757
4.80717, 126.195, -104.507
4.44822, 66.0023, -146.455
4.613, -56.379, 319.083
2.84879, 211.562, 95.6839
5.5153, 13.7617, -92.115
7.36114, -67.4419, -86.2787
5.07406, -297.013, -220.375
7.45461, 164.794, 187.846
5.84906, 104.391, 63.3812
4.01716, -135.489, -200.882
3.47371, 366.834, 334.462
4.0109, -159.957, -86.0969
4.93946, -271.21, 612.826
4.72438, 443.384, 317.608
5.7844, 154.624, -242.434
3.74227, -374.519, -242.07
4.72007, -53.222, 346.477
5.75894, -304.723, -235.352
6.67472, -606.397, 370.363
6.03698, 83.2627, 343.033
4.93928, -240.992, -216.16
6.72039, 78.962, 57.7807
7.00296, -116.294, -209.47
6.33082, -343.041, -373.385
5.29453, 388.919, 345.438
2.70603, 304.497, 33.1243
5.46749, 246.402, 31.9652
2.68674, -197.87, 252.648
4.53488, 235.073, -9.21532
2.84243, -469.307, -532.52
7.38558, -168.716, -137.898
2.5956, -239.934, -283.684
6.60363, -136.87, -152.345
5.2195, -451.809, 271.247
5.72828, 349.177, -243.609
3.62934, -65.8121, -226.5
2.733, 498.644, -464.684
3.63154, 227.288, -191.466
4.58371, -358.191, 196.733
6.40126, 163.166, -285.328
3.72852, -437.925, 234.936
4.81411, 234.25, -4.82749
6.14756, 131.86, 48.3144
5.35237, -457.839, 270.898
5.45997, 453.24, 355.015
4.98425, -468.147, 74.2194
3.951, 91.0563, -31.9214
4.71107, 36.1326, -135.256
2.53669, 605.012, -525.888
7.41683, 214.346, -116.967
2.52822, -360.408, -53.0651
4.8676, 74.295, 284.353
5.86497, -82.9774, -255.585
