6.27803, -715.572, -723.166
3.5948, 39.6722, -189.526
5.89648, 369.985, -764.759
5.09708, -254.798, 783.831
2.76731, -874.65, 649.985
2.53849, 289.921, 3.07607
4.58743, -713.802, -197.702
7.15218, 192.324, 346.991
2.95982, 16.6924, 608.535
6.00595, -179.33, 229.921
3.81226, 606.17, 750.162
4.14117, 456.437, -781.621
7.45519, 358.586, 150.679
7.41275, -522.332, -273.448
5.75759, 388.034, 365.559
6.92354, 235.518, -715.534
6.33247, -176.771, -516.302
3.87453, -522.19, -103.596
4.93259, -565.677, -265.226
2.80282, 780.943, 800.489
5.08146, -60.3085, 653.741
4.96988, 789.316, -439.295
7.23882, -635.449, -478.254
4.42071, -44.1552, -684.087
5.14874, 812.287, -452.958
2.75042, 706.352, 22.9705
6.63909, 478.745, 471.717
5.94228, -701.884, -592.728
6.18112, 277.624, 697.821
6.94286, 839.45, 456.417
4.25508, -338.784, -489.632
6.72991, 185.597, -17.1776
3.84659, 537.424, -133.067
4.83959, 48.06, -177.634
3.2686, -645.994, -494.159
2.66527, 531.841, 124.449
7.2768, 28.3147, 75.0763
6.95369, 124.403, 402.569
3.29884, 534.523, 127.004
3.15214, 406.354, -540.253
2.515, -429.269, -724.324
6.0491, -709.904, -208.863
3.40448, -458.593, 716.484
5.76029, 712.936, -291.809
4.42907, 396.61, -658.658
3.23766, 50.237, -162.632
5.45054, 597.126, 45.3965
3.24076, 134.03, 740.857
3.2091, -149.924, 804.438
4.94257, -424.498, 74.5289
3.13015, 721.158, -35.6762
5.64635, -290.318, -498.747
5.60817, 249.29, -590.671
4.88216, -512.859, 541.86
2.64188, -393.355, -147.022
3.21011, 3.65909, 637.915
3.15594, -234.38, 762.136
3.31099, -759.202, 668.001
3.76529, -202.506, -682.174
4.77654, 529.454, -706.243
6.54472, -61.7756, -256.854
3.57624, 260.342, 694.941
3.75063, 689.821, 356.028
5.02978, -60.5182, 640.733
6.27922, 538.111, 147.441
5.66369, 732.204, -22.1666
5.9449, 538.771, -139.486
7.27207, 824.47, 420.598
5.18713, -474.479, 590.493
4.57014, -632.948, -53.2793
4.70019, 604.999, 132.185
6.07821, 649.351, 428.442
6.20858, 320.061, 478.172
5.12494, 693.837, -865.84
6.06711, -720.234, -113.234
5.91025, 368.261, -1.20473
6.82941, 785.34, -522.318
3.19597, -32.7891, 659.292
3.57766, 781.813, -199.354
5.0733, -302.606, -146.733
4.83766, -14.765, 587.62
3.55759, -248.243, 608.499
5.65244, -635.359, 833.824
2.5044, -750.769, 187.588
4.09589, 343.763, 440.066
5.90281, 293.04, -19.1104
6.0446, 587.807, -503.263
2.90869, -711.606, 534.597
3.56926, 276.858, 427.722
4.44412, -739.745, -562.651
4.44927, 772.194, 761.24
3.92018, 335.002, -460.555
4.6123, 475.568, 468.36
2.55658, -658.914, -483.393
3.72027, 845.116, -682.933
4.49072, -668.195, 597.241
6.64177, -730.224, 261.834
3.78584, 775.322, -706.651
3.59705, -654.316, -510.823
6.47385, 296.212, 330.015
5.8476, 409.519, 371.055
5.49108, -790.755, 228.313
5.99917, -328.586, -506.183
5.13062, 504.453, -681.274
4.14833, 257.739, 132.904
3.30844, -819.52, 289.573
6.56633, 616.697, 22.3685
4.08004, 370.729, 200.905
4.05369, -21.4214, -703.708
4.65424, 55.5499, 99.8422
4.46509, -191.268, -535.362
4.43916, 87.4602, -175.389
4.34871, -627.618, -428.726
5.88118, 316.88, -479.686
6.10384, 297.072, -36.8148
7.20082, -7.16435, 786.698
5.08573, -77.1505, -437.028
5.5282, -157.174, 270.743
5.85049, -598.025, 812.287
5.11404, 52.3724, -112.402
3.87105, -788.058, 590.395
7.08924, 171.651, 310.948
3.73367, 754.691, -474.2
4.77876, 320.987, 486.96
3.30374, -815.797, 610.449
4.68319, 233.48, 264.311
7.45767, 373.817, 149.361
6.26931, -371.122, 378.335
4.97846, -724.962, -560.373
7.01651, -617.662, -674.896
4.68213, 504.238, 447.062
5.09239, 104.185, -784.884
4.44866, 124.09, -605.471
5.63431, -123.937, -439.417
5.19331, 327.807, 195.824
4.35955, 565.577, -455.58
2.54674, -280.028, 278.241
6.3794, 26.827, -646.502
2.85317, -770.799, -512.413
3.98511, 396.839, -653.02
4.78581, -43.0471, -689.611
3.25156, -92.669, -21.1156
5.97819, 572.165, -398.319
4.15587, 378.043, 143.692
5.21197, 822.882, -759.49
2.64678, 699.435, -869.936
5.38086, 1.42199, -166.641
5.18133, 243.532, 426.138
7.36678, -690.629, -777.902
5.57063, -269.651, -489.9
5.26431, -669.872, 209.666
6.69051, -232.04, 771.028
3.75764, -459.274, 705.695
6.98957, 535.661, -131.192
5.97428, 516.631, -458.903
5.82752, -434.023, -81.4402
3.06838, -644.419, -561.361
3.37987, -770.441, 162.874
2.91253, -106.062, 134.436
6.68103, -138.177, 280.029
2.64818, 797.939, -686.968
6.34719, -40.0758, -681.38
4.29829, -470.866, 706.23
6.24626, 58.3981, 501.645
6.28385, 301.509, 196.889
3.60834, -483.018, -745.017
5.58305, 248.128, 117.59
3.66846, -423.805, -238.702
6.22052, -699.345, 220.672
5.80997, -722.066, -603.073
4.9209, 825.007, -601.752
2.58972, 792.313, 120.322
4.98291, 374.181, 142.27
5.09587, 13.6055, -726.462
4.71395, -755.963, 426.253
4.14528, -74.5933, 786.75
3.52671, 448.168, -67.7676
7.19863, -104.578, -416.013
2.85168, -535.65, 698.212
3.30042, 61.6398, -687.436
6.70788, -623.546, -56.5167
4.13614, -185.434, -211.835
6.85942, 230.172, 349.062
5.99896, 592.347, 495.48
5.52801, 791.89, -157.342
4.77536, 46.0973, -180.558
2.91543, -469.663, -167.66
3.94883, 98.6861, -187.329
6.51009, -657.198, -654.743
6.81821, 303.733, 18.8498
3.81831, 323.3, -461.979
4.79881, -676.228, -244.502
4.95672, 506.144, -453.185
5.82344, -445.765, -800.049
7.31738, -573.718, -172.027
7.23022, 510.514, -680.325
2.81902, 253.77, -560.293
5.04829, -574.539, -249.71
6.13222, 712.025, 572.29
5.65882, 465.313, -234.914
3.26658, -816.755, -854.307
5.09652, -762.659, 424.984
3.52281, -465.753, 721.593
6.03231, 365.185, -783.23
6.05786, -432.37, -97.5918
3.66304, -435.562, -261.574
6.80594, 93.169, -183.487
2.67122, -4.93793, 791.904
6.26587, -770.132, 161.119
4.14789, 557.269, 139.695
4.65309, -18.9444, -420.797
7.33455, 714.442, -154.053
4.05803, 687.287, 603.379
5.69762, 832.65, -711.303
5.95386, 724.443, -39.1511
5.36403, 47.0239, 601.357
6.60667, 826.487, -607.931
4.21807, -762.825, -611.601
5.09387, -721.573, -596.225
6.78438, 102.177, -758.911
6.18587, 278.748, -23.1609
3.45992, -740.159, 256.768
2.83145, -286.925, 307.487
3.60828, 796.454, -681.02
3.33656, -85.6985, -161.682
6.31172, 356.044, -764.72
5.44905, -741.753, 311.812
4.65223, 817.48, 795.506
7.09618, 575.179, -1.13972
5.09668, 358.587, 171.414
7.38058, -597.882, -87.6598
5.15714, -403.825, 43.5803
2.98716, 315.289, 188.517
5.83983, 272.292, 95.0938
5.44444, 214.517, -0.182315
5.01137, -635.441, -51.4718
2.75808, -730.159, 260.831
2.6753, -191.761, -86.3377
4.41484, -680.622, -527.226
5.55555, 215.061, 124.765
5.06574, 583.784, 767.269
5.98498, 337.106, 1.17765
4.89891, 73.7672, -152.929
3.88323, 64.197, 415.111
6.01685, -409.718, 145.596
3.67701, 723.772, -21.5419
6.41501, 25.2802, -183.074
6.60589, 231.747, 693.469
3.21842, -473.375, 2.30492
5.75757, -464.734, 728.707
3.87677, 839.258, -775.46
7.26215, -462.873, 597.256
4.58238, -625.211, -56.1378
3.03869, -123.733, 315.407
4.70633, -746.804, 506.662
6.28811, -365.149, -214.594
2.77803, -413.661, -254.788
3.51241, -8.33059, 60.044
6.82305, 820.585, -663.641
6.52456, -219.447, -42.9741
2.78861, -633.922, -510.289
4.40304, 2.59282, -626.221
4.56124, -13.5078, 653.799
2.80071, -293.216, 304.819
7.09746, 729.815, 549.992
3.35398, 566.047, 777.861
6.51634, -775.01, 195.942
3.88599, 596.004, 15.8517
4.44586, 154.331, 724.83
7.19936, 34.2479, 599.698
6.24573, 137.774, -201.71
3.44774, -384.13, 710.793
6.89581, 354.989, 455.951
6.8953, 358.333, -711.49
3.30515, -704.416, -181.039
5.87346, -685.009, -241.941
6.89096, 615.235, 133.992
6.98262, 277.959, 431.771
3.06535, -43.6553, 662.395
5.93789, -157.038, -231.749
3.21651, -730.678, -615.317
3.6901, 263.486, 1.48013
5.64383, 790.622, -177.78
4.312, 689.949, 355.188
4.64437, 618.881, 611.714
4.91936, -45.0269, -682.61
6.20379, 39.5104, -201.881
3.23098, -390.218, 664.649
7.36238, -680.973, -623.339
7.3158, -519.465, -224.421
3.14741, -443.704, 557.372
5.3784, -236.401, -499.365
4.66439, 17.2263, -198.378
5.50066, -257.301, -216.461
5.85098, -616.151, -57.9719
4.5137, 414.931, 860.961
6.46691, 645.076, 590.482
4.89889, -755.35, -188.344
5.72449, 313.131, 265.828
4.28836, -265.985, 602.352
5.96794, -276.841, -207.982
5.83428, -431.05, -613.471
3.22071, -460.453, 593.24
7.10415, -801.507, 221.764
4.22228, 95.7409, -180.444
6.66824, -367.094, -451.87
2.74349, 305.27, -607.035
3.27936, -258.245, 7.10872
2.55765, 297.848, 440.295
3.94327, 70.7925, 552.774
5.07295, -294.798, -148.246
3.65948, 634.58, 421.313
2.75022, -259.598, -9.1536
5.33091, -634.701, -670.696
6.69774, -68.1229, 681.963
4.28763, -680.746, -526.15
4.3452, 150.445, 792.585
7.22226, 324.868, -37.8308
4.72425, -769.853, -196.029
6.82086, 369.716, 211.191
5.82654, -726.863, -607.277
5.79297, 132.348, 593.374
7.10736, -861.922, 862.525
5.11536, 828.719, -703.813
5.45229, 397.339, -427.438
5.79944, 683.709, 577.292
4.24765, 283.306, 431.605
4.11714, 296.713, -4.6134
7.08984, -78.8526, 653
3.08619, 749.32, -474.287
7.31268, 561.783, -128.651
5.17978, 66.71, -152.961
5.81447, 683.149, 606.765
5.48362, 771.396, -449.81
6.93363, -519.14, -644.558
6.67999, -618.125, -552.421
6.69339, 237.868, 115.563
6.85642, -154.91, 273.567
2.5002, -802.847, 298.411
4.77274, 382.624, 233.682
4.25696, -772.643, 198.736
5.80713, -234.798, 643.86
6.22234, -747.307, 192.592
3.3821, -148.677, -451.024
7.4621, 859.283, -645.831
5.95466, -777.644, 197.963
6.97862, 220.865, 4.13978
3.51579, 274.877, -46.9317
7.2356, -454.595, -152.059
4.88476, 767.148, -436.061
6.78578, 789.337, -620.716
6.41237, -745.097, -569.655
5.70687, 830.318, -781.076
3.14521, -701.303, 253.108
5.77944, -28.1794, 650.731
3.09199, 68.52, -35.13
3.88793, 245.948, 698.9
6.65548, -252.859, -254.227
6.14153, -622.079, -509.138
6.74348, -627.692, 267.809
3.43989, -680.44, -802.48
6.09602, 478.2, -290.343
4.25586, 158.123, 258.717
3.34555, -416.618, -595.641
4.52383, 245.939, -595.953
4.20924, 141.311, 676.233
6.67141, 296.942, -18.4735
3.9111, 672.518, 605.763
5.16766, -647.514, -487.682
6.25085, 797.524, -817.103
4.62554, -628.598, -656.225
4.66964, -448.603, 636.672
3.03022, 785.109, -883.482
6.4639, -77.4727, -409.594
3.91232, -702.726, -511.501
7.14264, -453.127, -220.563
5.37926, 274.427, 427.082
3.4895, 694.542, -332.699
5.99081, 483.328, -643.154
3.07265, 361.11, -735.081
4.22945, 269.077, 684.134
4.15646, -461.826, -219.044
6.42735, 829.455, -793.606
6.65775, 420.979, -159.943
4.21712, -693.852, 704.4
4.2603, -221.236, 792.108
6.38197, 67.3901, -627.634
6.58658, 10.8521, 687.833
4.26157, -233.283, 244.941
7.09559, -416.982, -213.364
3.2877, 438.665, 173.753
5.56029, -419.993, 629.279
5.54222, -460.299, 592.832
3.16647, -204.367, -613.632
3.51409, -630.106, -479.809
4.79457, -729.252, 527.909
3.48759, -459.746, 714.512
6.77118, -803.587, 290.609
6.54562, -725.685, -614.333
2.80131, -822.077, 706.854
6.50584, -682.562, 582.521
5.49597, -169.081, -461.452
7.43182, -787.525, 223.141
2.65919, -92.882, 648.511
6.8356, 793.523, -666.27
3.69109, 563.734, 275.215
3.6127, 209.796, 348.242
4.73907, -745.228, -562.928
2.61231, 823.465, -117.402
6.79755, -239.302, -51.0198
4.15902, 263.955, 396.103
5.72195, 342.941, 279.348
7.43521, -719.984, -616.724
5.30162, 282.255, -497.113
4.74553, -699.996, -168.786
5.213, 91.409, -666.869
2.90797, 767.265, -51.1466
3.99606, -696.192, -185.518
6.63964, 704.623, 553.523
6.48936, 508.326, 766.65
5.71048, -73.5822, 707.67
4.84105, 540.626, 250.875
7.15326, -167.579, -465.926
5.08798, -248.181, 21.0213
7.42924, 806.057, -438.616
5.94567, -15.4846, -598.631
6.19966, -159.001, -454.991
3.46323, -453.625, -773.525
6.08881, -511.084, 551.987
6.11146, 580.317, -64.1492
6.49298, 261.907, 127.307
4.23216, 239.853, -834.956
5.1481, 55.6701, -263.057
3.19001, 686.835, -310.518
6.73218, -250.92, -244.679
6.32766, -46.3272, -679.413
7.5, 747.86, -465.091
4.24891, 486.158, 868.597
5.50367, -416.419, 636.943
3.50808, -440.146, 20.1383
6.2385, 24.6182, 87.6757
6.49225, 778.554, 242.519
3.03505, -661.554, 101.061
5.35813, -442.826, 6.37221
2.84683, 316.739, -341.967
4.16036, 701.437, 586.333
5.80945, 355.008, -640.009
5.27726, 32.2823, -167.514
7.12415, 206.975, 3.83481
2.69832, -405.388, 106.972
2.62083, -239.298, 103.295
4.61923, 239.038, -557.66
4.36987, 362.415, 204.394
2.93303, -260.983, -252.764
3.05403, -77.9915, 168.231
5.31992, 327.026, -377.62
7.37269, 0.226883, 690.338
3.05066, -46.4578, -685.637
5.99352, 121.914, 775.555
2.79674, -35.3384, -583.3
4.69755, 722.267, -22.4701
5.24651, 855.323, 659.909
3.45129, 609.92, -674.849
7.36597, 341.165, 281.782
3.19593, -635.509, -77.283
5.48978, 768.103, -431.883
7.12812, -789.493, 709.632
3.91116, -4.47595, 785.475
6.8307, -124.386, -111.441
6.29598, -159.404, -459.836
6.10793, 326.238, 476.24
3.34241, -284.072, 307.133
3.32882, 762.164, 374.248
3.39076, -651.872, -809.85
5.87226, 277.7, -491.48
4.83484, -186.048, -108.602
6.85219, -700.16, -358.434
5.76023, -642.313, -35.2252
5.80464, 753.966, 763.609
2.58037, -571.259, -520.082
4.30596, -733.023, -586.704
3.72747, 749.99, 107.235
6.93086, -829.297, -809.254
5.23701, 797.979, 808.439
6.57209, -45.4632, -627.564
5.24453, 145.324, 775.229
4.16156, 421.173, -59.6895
4.40213, -66.8613, -586.896
2.52389, 781.541, 543.127
6.95226, -121.328, -429.635
6.16955, -422.288, 635.081
6.04239, -60.3932, 639.233
5.1278, 27.7607, -154.654
6.41065, -85.2154, -671.044
3.42484, -396.37, -401.524
5.72673, 223.436, 447.118
3.42178, -547.891, -274.222
3.31214, 2.85946, -103.675
2.65594, -239.075, 801.91
7.42716, 100.589, -700.943
4.04559, -272.993, -554.091
4.11075, -567.763, -242.838
5.51155, 256.086, -123.916
2.89107, -284.151, -789.281
3.93936, 35.1637, 89.5075
5.79307, -151.71, -461.634
7.36348, -787.385, -363.507
7.27758, -361.628, -664.022
7.42745, -552.764, -256.347
7.30478, -737.837, -546.294
3.0073, -442.774, 637.329
3.71505, -163.141, -453.199
6.91151, 141.983, -273.935
5.28805, 328.499, 458.504
6.7669, 717.188, 593.138
7.49145, -472.817, 605.795
3.99751, -185.032, -582.154
6.33157, 833.344, 449.824
4.81901, 237.109, -142.585
6.8168, -611.003, -672.179
6.99018, 778.67, -125.216
7.377, 228.411, -394.181
2.77405, 546.086, 151.858
6.32605, 813.486, -710.852
5.09219, -802.357, 677.248
3.46574, 821.205, -137.295
6.98252, 246.59, -545.693
6.38492, -775.998, 137.044
2.75968, 321.373, 523.441
7.47331, -759.296, 673.966
5.93659, -82.6562, -408.245
5.94854, 803.643, 481.353
6.57666, -531.442, 714.487
7.05426, -107.796, -428.144
3.34218, -153.997, 284.787
5.24183, -557.789, 705.853
6.53351, -428.397, -204.583
4.17803, 313.916, -475.071
5.53435, -95.6823, -6.80264
6.59602, -687.219, 270.167
7.3485, 50.4545, -177.651
6.29349, 587.697, 514.214
3.72113, -120.126, -109.007
5.80589, -573.866, 326.34
4.21574, -511.052, -226.042
7.27146, 313.329, -329.576
2.60828, 727.194, 545.022
4.54979, -851.829, 835.807
2.55789, 496.456, -683.455
3.04964, 766.857, 215.066
5.28259, -803.442, 147.269
4.45466, 85.2992, -135.101
7.20539, 18.4908, -151.958
2.55572, 180.518, 397.825
6.22897, -141.806, -457.052
3.84293, 273.029, 90.5334
4.27153, -592.41, -605.382
3.45835, -426.572, 653.98
5.14832, 315.314, -31.3817
4.39478, -25.373, -699.791
3.16407, -110.432, -734.677
4.26563, -168.405, -458.285
4.2497, 758.929, 841.913
7.41084, 535.449, -73.1848
5.25961, 120.923, -276.134
4.99918, 20.9495, -650.054
3.58531, -757.224, 290.872
4.37311, -143.355, -430.887
6.78251, -645.193, -491.687
6.45578, 807.52, -468.103
3.9204, -537.291, 695.982
5.07645, 316.187, 203.081
6.79238, -236.666, 11.0693
7.07844, -710.501, -240.728
7.48941, 130.726, 744.276
6.53177, 24.0592, -167.966
5.22718, -785.302, -210.465
7.3461, 112.811, -689.641
5.31931, -550.978, 360.864
4.03031, -396.758, 649.836
5.41853, 756.555, 752.625
2.91197, 91.7514, -184.032
5.47382, 322.6, 507.058
3.31968, -665.887, -543.612
6.46527, -659.117, -475.721
2.95373, 599.568, 615.833
6.3072, -514.903, -647.191
6.83996, -254.886, -53.4945
6.40105, 110.599, -257.895
6.61399, 765.213, 778.325
6.70974, 285.565, 531.209
4.48328, 389.928, 169.321
6.508, -109.106, 135.505
6.56811, 325.457, 38.902
5.43493, -388.181, 57.7388
4.64621, 742.578, -62.6324
2.5002, -114.109, -365.065
5.31153, -809.823, 292.383
6.22632, 324.243, 218.145
3.89846, 776.334, 228.693
2.93406, -809.662, 505.608
3.5733, 851.307, -764.017
3.93296, -399.346, 669.282
4.86595, -386.415, 445.842
6.95893, 807.47, 761.238
5.91955, 505.049, -441.764
3.54376, 55.147, -167.171
6.67533, 775.599, -35.4449
7.09218, 845.184, 855.474
4.48244, -492.5, -659.218
6.37858, 474.791, 461.234
5.68161, -93.2155, -84.724
6.64746, 348.828, 158.586
3.40204, 476.794, -436.216
7.45927, 498.904, -685.593
6.70558, -110.723, -688.722
4.65177, 792.324, 197.625
4.38589, 512.011, 791.252
2.70802, 505.065, -435.277
6.80715, -596.739, -439.736
6.62116, 814.392, -802.732
6.25052, -30.7503, 619.682
3.55801, -189.064, 779.415
4.31029, -738.773, -244.747
4.43545, -700.199, -625.175
7.32918, 635.939, 589.43
6.5872, -79.9036, 641.156
4.5755, -33.4203, 406.011
5.83759, 242.279, 134.321
2.52101, 491.064, 875.107
6.98048, -680.172, 216.763
3.68416, -313.199, 315.17
3.79415, 300.31, -210.204
5.4939, 372.587, -636.83
6.89823, -743.639, 279.575
6.16299, -644.814, -481.466
6.0773, 679.918, 549.169
3.57724, -517.94, 508.005
6.30413, 719.598, -854.769
3.85351, -183.333, -502.785
2.75246, 511.765, 223.497
4.78866, 334.523, 283.698
2.58759, 435.948, -614.193
3.01129, 30.8953, -183.334
2.639, -233.684, 250.485
5.65921, -369.142, -490.439
6.34425, 46.8904, -182.934
2.74132, 494.003, -661.424
6.6924, -44.8999, -630.883
6.76899, -206.304, -177.977
6.57649, -505.713, 548.536
6.85188, 751.701, 356.036
5.27222, -547.67, -186.01
6.12646, -213.853, -39.5652
3.20424, -457.357, 718.908
6.6115, 496.204, -450.538
5.51185, 578.974, -139.893
4.93856, 454.342, -769.047
6.14942, -185.859, 717.579
4.05164, 759.264, -623.344
3.93925, -733.99, 257.196
5.45857, -797.53, 697.29
5.34055, 539.347, 740.919
5.41059, -767.302, -516.797
2.84132, -728.604, 195.799
4.34304, 126.755, -249.654
6.28475, -739.571, -564.025
6.35297, -438.233, -764.844
4.27217, -392.63, -224.354
5.98913, 152.322, 749.713
5.08005, -565.572, -264.06
5.94494, 280.402, 137.509
6.18066, -68.6909, 708.042
2.56231, -298.852, -576.314
7.16549, 531.55, -76.8118
5.37826, 201.337, 105.886
3.05587, 490.836, 794.232
4.87388, -105.397, 6.55559
3.24247, 283.67, 117.318
4.22594, 153.812, 399.582
7.04476, -787.616, 230.593
4.54571, 38.7921, 498.406
5.96642, -603.207, -46.5882
3.35865, 396.022, -699.993
6.21715, 795.227, -406.155
4.16319, -418.049, 622.394
4.62157, 544.04, 269.911
2.79523, -238.184, -8.46368
5.09005, 221.848, -161.661
5.94425, 381.698, -507.697
5.01149, -243.889, -50.0556
6.56617, -162.409, -663.695
3.07974, 135.535, -797.807
5.24841, 318.311, 430.531
5.06046, 300.349, 0.842224
6.02649, 810.041, 442.953
5.65083, -272.925, 770.489
4.0207, -30.1873, -658.822
6.74719, 330.537, 223.504
3.39619, 552.724, -21.8774
2.61737, -435.787, -78.4635
4.19467, 609.631, 9.45194
3.43818, 291.305, -53.7963
6.60467, -229.244, 134.713
6.72507, -760.345, -207.611
6.78031, 790.452, -665.794
7.37454, -812.511, 609.401
2.99587, 380.964, -425.116
2.56182, 578.792, 564.257
2.58614, 268.117, 395.788
2.64527, 232.584, 127.725
4.1031, 124.462, -278.805
6.17815, 559.401, 267.53
3.14876, 240.239, 434.75
2.5161, -349.179, 415.818
6.91905, 91.1565, -675.514
3.70482, 254.076, -521.272
4.38481, -776.627, 691.471
4.44879, 538.309, 134.677
2.81534, 574.45, 298.944
7.30792, 152.56, 708.804
3.75349, 711.362, -300.446
6.85376, -614.637, -67.3838
2.85991, -740.798, 319.127
2.70653, -447.071, 524.481
3.46378, 272.923, -503.252
3.86708, -296.895, 296.82
7.4007, -823.806, -339.177
3.60607, 336.486, -477.826
6.43119, -803.415, 749.458
4.42306, 207.764, -359.095
3.78593, 384.612, -608.976
3.91087, -757.103, 189.251
7.33834, 735.86, -42.5046
4.22841, 592.932, 122.826
3.45922, -730.594, 661.371
5.05037, -536.371, -313.578
5.21857, -471.786, 593.495
5.72333, -628.535, -544.687
3.89738, -56.7839, 667.845
3.41887, -280.59, -569.664
2.71579, -749.935, 278.861
3.98408, -475.226, -273.803
4.25548, -241.721, 114.401
7.09372, -431.056, 614.849
5.81225, 462.95, -303.847
5.08041, 720.752, 554.783
4.03763, 462.37, 475.444
3.0007, -231.202, 136.49
3.47502, 317.426, -779.675
4.11407, 57.5003, -254.406
5.56182, 781.121, 103.366
5.13511, 849.59, -841.818
3.45653, 347.192, 227.098
4.7178, -657.993, -444.396
4.48693, -540.459, 714.905
6.28051, -606.314, 726.208
6.6213, 707.688, 602.481
5.51573, 84.6901, -345.483
3.04573, 485.011, -634.6
4.11797, 403.361, -192.746
5.03403, 70.0269, 274.19
4.76521, -518.606, 701.73
4.77315, -172.505, -453.312
4.91125, 850.903, 849.971
5.07896, 339.573, -646.417
4.50207, 158.735, 755.857
4.22945, 732.381, 335.202
6.64533, 791.304, -180.749
3.02204, -607.373, -682.233
6.40057, 476.176, 481.829
3.19919, -279.601, -201.134
2.62171, -672.998, -512.124
6.0664, 372.38, -585.24
7.15538, 85.9673, -678.836
7.47667, 267.735, 90.1003
3.86264, -748.353, 193.641
3.6923, -466.36, -217.432
3.87328, 744.388, 559.98
5.70836, -710.969, -583.494
5.17637, 296.614, 142.704
6.8967, 683.955, -318.26
6.75968, -616.542, -677.407
2.98004, 698.729, -5.20031
4.66818, -695.016, 220.202
3.17045, -118.015, -681.936
5.86802, -160.175, 257.676
5.34964, -122.936, -388.455
3.66474, -404.377, 637.653
5.50306, 253.766, -558.974
2.6551, -584.206, -3.97978
7.08512, 479.398, -294.931
3.82958, 821.876, -119.414
6.50016, -180.844, -484.555
5.46389, 95.6195, -649.754
5.0822, 318.548, 503.263
5.2567, 345.563, 493.927
3.47225, 434.745, -198.231
5.36152, 117.095, -702.738
3.81992, 176.601, 347.274
4.41648, -769.899, 497.117
2.73626, -620.599, -825.821
4.22823, 494.652, -682.526
3.61594, 581.014, -387.12
3.81264, -25.6565, -695.578
3.05141, -366.567, -447.665
7.40088, -677.369, -65.0718
5.93794, 689.263, 601.935
5.82158, -536.4, -319.287
5.99501, -610.701, -599.474
2.68746, -681.77, -622.659
3.6706, -592.89, -606.54
3.95397, 730.869, 550.181
3.50543, 29.7217, -185.846
2.7177, 330.917, 243.054
2.56571, -409.516, 636.176
6.07297, -492.978, 752.027
6.88348, -766.425, -567.156
5.35088, -775.393, 379.337
6.92743, 806.268, 783.234
5.20042, -387.369, -225.005
3.31357, 854.018, -706.595
3.30492, 903.67, 459.173
7.19182, 349.861, 289.583
3.45628, 508.8, -672.484
3.15761, -3.34527, -205.635
4.41122, -237.399, -45.0961
6.12674, 261.566, -127.872
2.50651, 583.431, 768.59
4.60222, -70.9198, 626.281
5.18984, 254.099, -134.412
4.86596, -194.429, 213.787
6.33003, 582.301, 769.885
2.9396, 482.821, -422.057
7.04284, 190.558, 272.963
3.20818, -694.863, -436.371
2.54782, 328.229, 17.313
2.82267, 281.337, 428.647
4.96742, 320.479, 229.631
5.40914, 485.901, 838.218
4.03373, -796.532, 538.158
4.57091, 738.85, -26.317
4.33401, -626.594, -550.747
3.42687, 155.478, 595.749
2.76788, 533.808, 113.607
4.47222, 444.391, -63.4569
3.98388, -316.936, -203.747
5.05388, -365.179, 734.57
3.75392, -695.452, 198.721
5.01589, 843.995, 828.578
2.51168, -34.6516, 641.907
7.01807, 757.487, -456.69
2.79181, -838.45, -801.308
5.17506, -513.035, 729.81
3.95754, -366.402, 711.375
7.3023, -694.8, -188.386
4.73406, 259.631, -65.0753
5.08479, 741.67, 191.629
5.93861, -239.497, 9.32247
2.72187, -146.878, -5.77841
7.2946, -719.772, 555.305
5.70852, 382.423, 153.947
2.80215, 385.23, -599.582
3.33964, 163.758, 266.625
5.76491, 415.141, -146.294
6.19864, -776.368, 332.965
3.57011, 771.242, 226.252
4.31441, 146.97, -636.737
6.56981, -614.159, 848.496
5.32057, 766.323, -422.738
7.45886, -12.1722, -688.906
6.5669, -781.382, 295.401
3.49157, -831.914, -2.62739
2.50003, -87.9921, -697.211
4.62608, 778.256, -695.537
4.07406, 776.224, 201.904
5.56218, 571.692, -809.575
3.83351, -178.448, -445.194
4.39881, -614.681, -93.6642
5.43397, 789.763, 226.238
5.95636, -183.977, -486.338
7.26736, -312.917, -519.971
4.89785, -318.717, -793.008
3.60319, 346.419, -608.328
5.33741, -581.172, -438.351
6.09873, 303.61, 199.178
4.4953, -507.424, 553.279
3.48326, -634.863, 832.333
6.66971, -595.391, -598.594
5.59561, -437.606, -763.646
7.26866, -237.897, 118.297
3.23222, 53.6992, -188.179
5.38953, -106.565, -412.914
7.26796, -441.464, 584.956
3.62331, 686.753, -840.776
7.25137, -456.472, 708.66
3.07874, 793.039, -472.877
2.58372, 91.9677, -244.858
3.90465, -299.019, -150.178
7.15042, 509.93, 122.015
3.04796, 724.988, 765.278
6.77266, 52.4054, 588.249
5.68532, -574.711, -656.83
5.63853, 374.001, -633.954
3.80589, 702.6, 565.749
5.13936, -775.186, 111.085
7.16608, -233.194, 770.632
3.98055, 763.062, 65.2688
4.78006, 192.018, 350.24
6.35659, -612.188, -549.893
4.17193, 283.057, 122.03
6.31775, 78.8594, -750.344
6.65892, -73.8834, 790.187
2.64618, -737.141, 539.036
4.31315, 641.41, -232.949
4.16221, 292.505, 409.044
3.17675, -478.603, -175.067
3.00839, -225.694, 610.487
5.11327, -563.684, 745.647
3.52046, 15.0661, -452.393
5.00728, -772.716, -563.505
5.1371, -40.0118, 794.261
4.13422, -179.368, -192.808
4.75888, 275.012, -336.002
6.85263, -62.4822, 753.661
4.72884, 545, 739.872
6.03726, -506.48, -675.695
6.83171, 839.338, -672.438
6.5822, 778.737, 221.591
2.67504, 785, 781.521
3.8644, -575.845, -270.815
5.21858, -351.657, -455.452
3.19942, -729.2, -563.629
5.57408, -691.673, -785.028
3.29182, -603.644, -634.967
4.41129, 145.312, 201.518
5.94997, -128.624, 154.809
3.21128, -344.447, 414.827
5.65284, -811.683, 680.488
3.15973, 130.502, 747.135
7.13583, -682.069, 203.156
5.53465, -805.973, 677.734
5.50388, -747.381, 289.399
3.33635, 492.77, -456.689
3.301, -700.013, -420.123
5.91628, 578.352, -0.458807
5.1456, -623.324, -66.2617
3.65264, -57.9236, 637.493
6.55373, -451.006, -64.3278
5.76477, -348.851, -480.956
4.08597, -651.324, -563.535
2.53953, -242.889, -692.9
3.49176, 688.096, 534.487
3.78831, 61.1292, 350.301
3.03825, 722.866, -58.4266
3.49545, 139.672, -345.387
6.75079, 806.518, -673.852
6.63912, -787.251, 230.334
6.76813, -723.777, -567.837
5.71027, 240.081, 654.163
3.6787, 689.243, -844.422
6.80638, -508.772, -649.837
5.4745, 34.5257, -192.446
2.52745, 479.763, -47.6749
6.84925, -644.656, -490.683
7.37729, 531.003, 125.212
5.59653, 312.065, -11.4942
3.85574, -736.73, 213.604
7.46973, -104.526, -436.662
4.60751, -615.774, -484.74
4.20537, -754.795, -577.791
4.80717, 270.772, -48.3527
4.44822, 201.028, -341.083
4.613, 77.3556, 525.865
2.84879, 172.088, 313.278
5.5153, 110.607, -169.593
7.36114, -61.8894, 152.253
5.07406, -650.102, -481.54
7.45461, 737.107, -96.4598
5.84906, 535.297, -127.52
4.01716, -586.119, 13.9974
3.47371, 726.129, 561.838
4.0109, -707.193, -737.46
4.93946, -383.562, 466.915
4.72438, 499.621, 836.93
5.7844, 363.594, -703.815
3.74227, -733.485, -589.643
4.72007, 28.0729, 476.864
5.75894, -591.045, -79.3667
6.67472, -670.938, 182.802
6.03698, 154.292, 788.363
4.93928, -744.341, -540.529
6.72039, 359.513, -150.526
7.00296, -470.397, -219.658
6.33082, -677.745, -565.562
5.29453, 594.96, 851.459
2.70603, 28.5721, 71.0819
5.46749, 542.218, 136.903
2.68674, -534.84, 712.692
4.53488, 133.379, 396.519
2.84243, -835.07, -843.562
7.38558, -697.338, -778.483
2.5956, -526.337, -272.057
6.60363, -194.99, -227.456
5.2195, -357.175, 714.802
5.72828, 715.301, -289.341
3.62934, -223.209, -106.4
2.733, 786.615, -643.528
3.63154, 245.695, -513.713
4.58371, -645.317, 118.065
6.40126, 215.02, -591.553
3.72852, -727.802, 320.496
4.81411, 536.301, 112.412
6.14756, 766.808, 214.209
5.35237, -366.191, 708.325
5.45997, 838.077, 826.419
4.98425, -777.008, 179.476
3.951, 375.622, 107.396
4.71107, 44.7667, -168.551
2.53669, 791.471, -534.602
7.41683, 469.654, -303.36
2.52822, -757.551, -197.903
4.8676, -63.3783, 639.672
5.86497, -250.233, -220.006
