6.27803, -735.55, -990.407
3.5948, 59.2397, -94.6701
5.89648, 361.378, -901.714
5.09708, -239.712, 883.626
2.76731, -935.517, 653.781
2.53849, 338.95, 56.7168
4.58743, -853.065, -231.971
7.15218, 178.849, 377.494
2.95982, 49.9753, 691.878
6.00595, -159.738, 318.997
3.81226, 530.088, 815.015
4.14117, 471.462, -899.626
7.45519, 509.018, 258.78
7.41275, -501.091, -263.435
5.75759, 502.751, 442.422
6.92354, 262.012, -848.761
6.33247, -120.095, -450.371
3.87453, -509.513, -53.0625
4.93259, -674.119, -293.986
2.80282, 822, 784.633
5.08146, 6.61043, 801.239
4.96988, 965.649, -363.492
7.23882, -812.827, -469.195
4.42071, -11.7479, -837.282
5.14874, 822.144, -450.33
2.75042, 868.143, -57.9516
6.63909, 543.788, 540.841
5.94228, -957.339, -744.49
6.18112, 258.831, 734.315
6.94286, 982.516, 449.754
4.25508, -377.885, -535.8
6.72991, 182.614, 25.7856
3.84659, 661.389, -161.45
4.83959, 69.9629, -175.592
3.2686, -651.2, -436.666
2.66527, 615.721, 141.202
7.2768, -9.39502, 77.1424
6.95369, 110.575, 492.557
3.29884, 677.174, 246.185
3.15214, 428.415, -571.584
2.515, -452.787, -815.084
6.0491, -944.682, -176.186
3.40448, -505.425, 864.506
5.76029, 771.518, -359.865
4.42907, 366.963, -698.017
3.23766, -11.5625, -232.734
5.45054, 677.317, 171.228
3.24076, 126.792, 909.066
3.2091, -180.876, 960.643
4.94257, -491.456, 126.137
3.13015, 892.666, -71.1382
5.64635, -356.644, -595.244
5.60817, 299.632, -740.698
4.88216, -497.521, 600.1
2.64188, -566.118, -252.099
3.21011, -133.306, 803.568
3.15594, -181.736, 887.933
3.31099, -825.329, 754.508
3.76529, -267.563, -849.944
4.77654, 582.438, -741.207
6.54472, -93.9048, -299.237
3.57624, 301.919, 855.786
3.75063, 816.604, 365.997
5.02978, -58.5445, 719.788
6.27922, 636.753, 176.64
5.66369, 908.595, -67.1432
5.9449, 627.021, -135.657
7.27207, 967.287, 411.786
5.18713, -424.643, 722.853
4.57014, -781.738, 34.923
4.70019, 750.571, 157.165
6.07821, 734.876, 458.066
6.20858, 406.426, 595.875
5.12494, 769.75, -958.111
6.06711, -863.403, -74.7941
5.91025, 333.3, -21.3998
6.82941, 830.902, -597.753
3.19597, 83.5365, 772.469
3.57766, 966.776, -102.033
5.0733, -362.333, -113.653
4.83766, -115.362, 743.506
3.55759, -265.529, 610.498
5.65244, -693.33, 978.127
2.5044, -971.366, 199.659
4.09589, 451.605, 542.896
5.90281, 362.813, -149.055
6.0446, 669.251, -585.836
2.90869, -807.161, 653.299
3.56926, 261.608, 527.386
4.44412, -832.449, -570.42
4.44927, 904.361, 902.798
3.92018, 381.639, -460.668
4.6123, 562.899, 549.268
2.55658, -612.333, -436.663
3.72027, 934.937, -616.023
4.49072, -716.097, 654.915
6.64177, -648.536, 200.914
3.78584, 971.379, -689.493
3.59705, -805.113, -538.271
6.47385, 388.683, 268.291
5.8476, 500.71, 391.129
5.49108, -888.623, 285.4
5.99917, -365.086, -539.946
5.13062, 527.993, -759.023
4.14833, 188.374, 105.463
3.30844, -715.233, 400.858
6.56633, 716.7, -27.5597
4.08004, 482.639, 114.905
4.05369, 52.3332, -734.645
4.65424, 33.8419, 163.18
4.46509, -250.556, -479.448
4.43916, -52.3975, -124.511
4.34871, -834.377, -444.562
5.88118, 342.754, -494.557
6.10384, 450.164, 28.3171
7.20082, -69.0895, 891.947
5.08573, -79.6984, -358.217
5.5282, -192.389, 323.294
5.85049, -689.364, 988.354
5.11404, 79.1526, -306.385
3.87105, -944.933, 635.173
7.08924, 96.1945, 284.559
3.73367, 930.881, -459.943
4.77876, 382.255, 680.697
3.30374, -954.856, 645.076
4.68319, 411.601, 406.076
7.45767, 493.662, 174.483
6.26931, -437.895, 390.618
4.97846, -981.856, -653.968
7.01651, -653.934, -834.736
4.68213, 491.96, 558.991
5.09239, 167.5, -979.016
4.44866, 88.3534, -858.16
5.63431, -220.265, -567.942
5.19331, 412.617, 318.262
4.35955, 632.954, -437.666
2.54674, -372.178, 367.307
6.3794, 40.4271, -785.859
2.85317, -885.548, -562.356
3.98511, 443.273, -679.796
4.78581, -41.7421, -887.164
3.25156, -99.7293, 36.753
5.97819, 672.328, -434.178
4.15587, 362.249, 152.167
5.21197, 968.449, -877.958
2.64678, 726.659, -971.329
5.38086, -23.4112, -232.852
5.18133, 366.695, 472.678
7.36678, -760.933, -921.46
5.57063, -298.766, -616.38
5.26431, -743.783, 204.717
6.69051, -264.799, 903.828
3.75764, -496.331, 923.979
6.98957, 625.422, -134.733
5.97428, 504.999, -497.104
5.82752, -473.381, -94.732
3.06838, -578.053, -774.427
3.37987, -976.781, 95.5423
2.91253, -136.325, 192.375
6.68103, -245.02, 369.073
2.64818, 938.275, -778.283
6.34719, -1.9432, -849.398
4.29829, -509.275, 866.061
6.24626, 5.76682, 531.142
6.28385, 364.831, 338.029
3.60834, -536.758, -919.566
5.58305, 304.948, 129.95
3.66846, -549.349, -249.846
6.22052, -670.481, 301.552
5.80997, -907.958, -685.319
4.9209, 913.912, -744.828
2.58972, 828.321, 235.629
4.98291, 447.468, 200.335
5.09587, -106.486, -882.483
4.71395, -868.856, 530.624
4.14528, -58.9391, 944.672
3.52671, 483.683, -106.46
7.19863, -244.114, -647.583
2.85168, -489.105, 931.888
3.30042, 51.1263, -740.675
6.70788, -784.831, 29.1237
4.13614, -165.548, -277.668
6.85942, 164.492, 428.481
5.99896, 669.776, 515.454
5.52801, 867.896, -218.905
4.77536, 80.6305, -256.63
2.91543, -509.302, -186.752
3.94883, -56.2857, -136.438
6.51009, -574.793, -783.402
6.81821, 335.805, 54.0362
3.81831, 419.806, -509.777
4.79881, -834.555, -237.009
4.95672, 612.522, -525.34
5.82344, -466.76, -985.418
7.31738, -628.122, -160.631
7.23022, 571.288, -740.676
2.81902, 213.866, -655.218
5.04829, -425.686, -298.888
6.13222, 667.334, 667.635
5.65882, 597.569, -337.239
3.26658, -913.719, -908.047
5.09652, -865.51, 535.924
3.52281, -554.324, 851.702
6.03231, 400.668, -819.983
6.05786, -472.348, -19.8605
3.66304, -565.891, -231.278
6.80594, -51.6879, -127.23
2.67122, -107.992, 946.484
6.26587, -936.016, 58.1938
4.14789, 638.894, 160.105
4.65309, 69.6496, -531.606
7.33455, 962.156, -194.692
4.05803, 729.575, 690.27
5.69762, 980.364, -698.153
5.95386, 874.506, -60.7148
5.36403, 75.3057, 626.654
6.60667, 893.57, -686.269
4.21807, -895.532, -675.44
5.09387, -814.159, -770.536
6.78438, 121.959, -947.292
6.18587, 342.05, 51.7956
3.45992, -925.893, 377.11
2.83145, -308, 338.941
3.60828, 850.044, -719.438
3.33656, 168.835, -230.238
6.31172, 380.327, -925.409
5.44905, -841.553, 421.209
4.65223, 862.041, 859.276
7.09618, 658.472, 12.3177
5.09668, 443.687, 184.693
7.38058, -680.299, -23.847
5.15714, -452.532, 145.392
2.98716, 334.374, 388.568
5.83983, 214.8, 99.7191
5.44444, 139.556, -27.2757
5.01137, -692.985, -124.172
2.75808, -928.324, 456.858
2.6753, -348.588, 34.7335
4.41484, -789.049, -519.471
5.55555, 180.088, 99.0228
5.06574, 542.656, 869.398
5.98498, 304.982, -26.0676
4.89891, -23.9094, -186.222
3.88323, 68.1008, 422.834
6.01685, -438.6, 207.695
3.67701, 873.421, 55.0003
6.41501, 178.106, -180.691
6.60589, 358.424, 833.397
3.21842, -531.536, 51.9439
5.75757, -486.292, 811.1
3.87677, 867.617, -982.146
7.26215, -415.426, 714.96
4.58238, -749.507, 14.4734
3.03869, -126.342, 401.693
4.70633, -796.357, 530.865
6.28811, -422.336, -301.087
2.77803, -338.755, -317.107
3.51241, -26.5196, 143.318
6.82305, 939.3, -765.87
6.52456, -265.801, -6.85227
2.78861, -677.886, -670.545
4.40304, -65.0499, -701.798
4.56124, -140.918, 762.612
2.80071, -379.789, 302.443
7.09746, 808.77, 650.974
3.35398, 535.29, 806.808
6.51634, -929.033, 163.221
3.88599, 727.185, 48.7454
4.44586, 171.796, 737.651
7.19936, 55.1402, 623.473
6.24573, 163.086, -169.625
3.44774, -326.243, 758.194
6.89581, 434.422, 484.005
6.8953, 415.38, -846.738
3.30515, -804.025, -272.933
5.87346, -801.96, -165.265
6.89096, 629.022, 127.866
6.98262, 245.709, 518.209
3.06535, -23.3364, 752.58
5.93789, -238.062, -257.101
3.21651, -825.871, -774.898
3.6901, 411.978, -44.5953
5.64383, 942.298, -218.436
4.312, 817.047, 362.948
4.64437, 588.212, 717.172
4.91936, -13.2191, -836.681
6.20379, -4.31055, -111.351
3.23098, -377.242, 871.659
7.36238, -832.65, -765.978
7.3158, -505.932, -189.367
3.14741, -598.908, 663.151
5.3784, -316.484, -606.489
4.66439, 169.581, -126.113
5.50066, -229.574, -248.819
5.85098, -694.081, -118.662
4.5137, 396.875, 985.003
6.46691, 641.138, 691.24
4.89889, -972.401, -249.922
5.72449, 301.694, 275.455
4.28836, -247.579, 600.509
5.96794, -329.513, -220.229
5.83428, -416.821, -697.817
3.22071, -389.72, 714.496
7.10415, -977.214, 221.61
4.22228, 30.9799, -235.924
6.66824, -412.965, -468.461
2.74349, 272.205, -744.15
3.27936, -250.086, -59.9561
2.55765, 330.634, 506.348
3.94327, 120.136, 587.858
5.07295, -344.322, -172.985
3.65948, 681.359, 437.115
2.75022, -248.297, -78.4723
5.33091, -596.246, -840.942
6.69774, -150.823, 672.813
4.28763, -645.372, -435.754
4.3452, 164.767, 868.797
7.22226, 256.814, -72.864
4.72425, -909.22, -177.116
6.82086, 492.671, 178.782
5.82654, -787.393, -734.564
5.79297, 168.017, 664.263
7.10736, -957.922, 959.797
5.11536, 956.354, -621.841
5.45229, 438.882, -441.739
5.79944, 667.463, 655.295
4.24765, 273.168, 464.259
4.11714, 345.949, 38.6463
7.08984, -102.738, 736.919
3.08619, 904.507, -445.052
7.31268, 669.081, -167.101
5.17978, 55.1386, -326.957
5.81447, 848.915, 632.874
5.48362, 903.815, -501.124
6.93363, -506.372, -743.357
6.67999, -656.535, -608.426
6.69339, 247.065, 201.886
6.85642, -210.424, 336.803
2.5002, -768.792, 333.102
4.77274, 259.892, 348.712
4.25696, -927.963, 164.495
5.80713, -257.419, 707.331
6.22234, -880.275, 153.052
3.3821, -129.096, -461.921
7.4621, 794.575, -809.044
5.95466, -929.461, 165.189
6.97862, 144.491, -11.6119
3.51579, 365.018, -139.044
7.2356, -459.997, -35.7276
4.88476, 880.962, -507.865
6.78578, 917.227, -748.653
6.41237, -977.055, -546.955
5.70687, 905.04, -908.835
3.14521, -722.417, 150.074
5.77944, 4.89537, 650.82
3.09199, 53.5001, 8.33386
3.88793, 332.55, 801.422
6.65548, -226.666, -226.58
6.14153, -750.439, -512.621
6.74348, -598.426, 295.369
3.43989, -767.33, -926.136
6.09602, 556.666, -280.834
4.25586, 156.785, 331.687
3.34555, -416.439, -695.56
4.52383, 328.259, -539.159
4.20924, 159.755, 767.806
6.67141, 382.468, -126.509
3.9111, 697.818, 584.443
5.16766, -658.481, -467.396
6.25085, 988.343, -851.458
4.62554, -693.332, -758.583
4.66964, -564.312, 549.213
3.03022, 856.391, -930.057
6.4639, -44.3286, -464.91
3.91232, -575.427, -481.28
7.14264, -588.678, -234.625
5.37926, 255.599, 510.533
3.4895, 824.705, -294.051
5.99081, 574.837, -742.349
3.07265, 494.405, -953.622
4.22945, 300.954, 783.255
4.15646, -580.991, -234.69
6.42735, 827.878, -958.373
6.65775, 459.027, -212.373
4.21712, -738.43, 754.055
4.2603, -273.776, 901.812
6.38197, 153.026, -814.64
6.58658, -11.4315, 687.403
4.26157, -132.805, 285.302
7.09559, -413.914, -302.525
3.2877, 496.799, 256.491
5.56029, -489.52, 566.981
5.54222, -389.552, 714.441
3.16647, -250.754, -742.11
3.51409, -742.3, -480.176
4.79457, -855.053, 501.674
3.48759, -521.296, 932.211
6.77118, -850.586, 383.297
6.54562, -759.867, -689.064
2.80131, -903.365, 882.486
6.50584, -721.353, 644.078
5.49597, -198.403, -541.919
7.43182, -888.375, 302.044
2.65919, -160.917, 642.678
6.8356, 934.485, -765.396
3.69109, 665.024, 345.783
3.6127, 164.941, 427.632
4.73907, -970.062, -552.738
2.61231, 861.561, -178.548
6.79755, -257.618, 8.53593
4.15902, 214.775, 586.107
5.72195, 303.695, 255.323
7.43521, -941.286, -484.686
5.30162, 284.537, -582.521
4.74553, -757.229, -246.399
5.213, 160.11, -726.216
2.90797, 773.156, -32.9272
3.99606, -821.549, -271.176
6.63964, 817.081, 671.485
6.48936, 623.874, 931.722
5.71048, -104.281, 680.047
4.84105, 629.366, 384.043
7.15326, -200.657, -605.639
5.08798, -242.952, -69.997
7.42924, 796.477, -531.789
5.94567, -77.1965, -718.465
6.19966, -179.265, -459.465
3.46323, -393.213, -929.994
6.08881, -457.8, 618.843
6.11146, 569.883, -178.263
6.49298, 267.554, 153.26
4.23216, 254.867, -992.207
5.1481, -16.2597, -65.1288
3.19001, 716.289, -357.389
6.73218, -223.671, -218.274
6.32766, -80.7692, -880.294
7.5, 923.767, -423.868
4.24891, 481.839, 984.215
5.50367, -599.312, 587.037
3.50808, -495.422, 82.0295
6.2385, 31.0363, 156.566
6.49225, 971.028, 216.63
3.03505, -704.862, 108.82
5.35813, -506.95, 46.9472
2.84683, 364.262, -343.898
4.16036, 737.141, 690.545
5.80945, 484.489, -706.212
5.27726, 175.043, -189.452
7.12415, 228.81, -11.6023
2.69832, -483.337, 224.359
2.62083, -309.11, 237.829
4.61923, 221.713, -654.593
4.36987, 461.272, 134.337
2.93303, -233.684, -239.57
3.05403, -160.216, 167.068
5.31992, 363.553, -343.3
7.37269, 57.2015, 739.586
3.05066, -40.4939, -895.044
5.99352, 99.1041, 975.799
2.79674, -51.0728, -737.71
4.69755, 834.588, -105.553
5.24651, 988.347, 714.359
3.45129, 689.176, -748.165
7.36597, 316.723, 324.675
3.19593, -682.714, -58.4646
5.48978, 929.91, -430.005
7.12812, -870.617, 703.657
3.91116, -80.8261, 882.377
6.8307, -146.332, -86.7297
6.29598, -222.711, -597.131
6.10793, 355.202, 615.33
3.34241, -369.809, 365.666
3.32882, 826.136, 369.78
3.39076, -647.428, -985.103
5.87226, 333.524, -599.165
4.83484, -349.419, 35.7926
6.85219, -808.004, -357.803
5.76023, -696.494, -116.31
5.80464, 755.881, 874.335
2.58037, -665.482, -616.796
4.30596, -774.241, -666.66
3.72747, 919.845, 110.426
6.93086, -932.705, -946.09
5.23701, 821.671, 777.189
6.57209, -27.994, -639.803
5.24453, 176.097, 863.287
4.16156, 505.699, -54.0895
4.40213, 21.4505, -654.059
2.52389, 927.678, 651.715
6.95226, -89.8638, -397.546
6.16955, -493.975, 683.78
6.04239, -153.328, 656.186
5.1278, 61.221, -183.855
6.41065, -188.866, -811.558
3.42484, -389.067, -470.537
5.72673, 249.049, 525.308
3.42178, -685.162, -338.322
3.31214, 58.935, -89.8953
2.65594, -182.041, 848.372
7.42716, 130.927, -666.228
4.04559, -329.71, -713.092
4.11075, -669.639, -295.43
5.51155, 281.694, -235.862
2.89107, -328.895, -919.164
3.93936, -17.6539, 87.5798
5.79307, -126.987, -492.17
7.36348, -986.301, -349.598
7.27758, -363.017, -792.378
7.42745, -675.241, -300.738
7.30478, -909.123, -756.388
3.0073, -557.794, 562.861
3.71505, -130.503, -488.538
6.91151, 100.398, -430.442
5.28805, 339.89, 695.897
6.7669, 800.671, 516.731
7.49145, -536.237, 528.393
3.99751, -247.441, -477.868
6.33157, 964.436, 480.394
4.81901, 286.621, -145.559
6.8168, -636.46, -789.143
6.99018, 857.927, 1.21727
7.377, 257.463, -414.305
2.77405, 649.692, 100.429
6.32605, 934.127, -618.332
5.09219, -930.264, 738.578
3.46574, 918.488, -229.506
6.98252, 200.555, -544.996
6.38492, -839.793, 95.0981
2.75968, 414.068, 539.495
7.47331, -848.578, 762.2
5.93659, -9.08299, -457.177
5.94854, 885.678, 496.562
6.57666, -656.565, 811.625
7.05426, -38.088, -442.181
3.34218, -201.394, 399.783
5.24183, -581.102, 802.181
6.53351, -492.285, -255.226
4.17803, 334.321, -543.885
5.53435, -107.009, 26.1892
6.59602, -944.661, 333.874
7.3485, 83.9676, -250.748
6.29349, 580.919, 494.235
3.72113, -173.554, -91.3793
5.80589, -571.856, 401.289
4.21574, -450.221, -188.432
7.27146, 374.381, -394.64
2.60828, 801.608, 554.4
4.54979, -890.618, 943.155
2.55789, 587.396, -673.425
3.04964, 834.239, 196.511
5.28259, -834.607, 97.0872
4.45466, -8.86701, -235.248
7.20539, 117.334, -182.753
2.55572, 179.382, 387.951
6.22897, -219.193, -438.427
3.84293, 107.781, 119.577
4.27153, -672.103, -757.724
3.45835, -450.536, 623.715
5.14832, 294.669, -166.815
4.39478, -54.4313, -858.22
3.16407, -11.0398, -804.332
4.26563, -129.879, -560.39
4.2497, 782.893, 981.573
7.41084, 614.989, -128.282
5.25961, 152.629, -369.955
4.99918, 14.8989, -716.734
3.58531, -834.182, 452.308
4.37311, -242.79, -646.766
6.78251, -663.431, -476.644
6.45578, 795.267, -519.692
3.9204, -494.17, 927.502
5.07645, 436.676, 103.221
6.79238, -287.802, -19.933
7.07844, -935.647, -174.09
7.48941, 133.517, 910.669
6.53177, 170.001, -185.027
5.22718, -895.57, -181.738
7.3461, 152.767, -730.245
5.31931, -584.4, 362.617
4.03031, -420.128, 656.193
5.41853, 959.57, 946.698
2.91197, 46.112, -327.516
5.47382, 361.106, 614.234
3.31968, -597.342, -591.36
6.46527, -615.561, -435.404
2.95373, 580.752, 733.526
6.3072, -504.085, -679.378
6.83996, -229.224, 28.2427
6.40105, 188.6, -333.897
6.61399, 908.425, 962.605
6.70974, 371.86, 551.608
4.48328, 516.614, 257.729
6.508, -157.907, 169.698
6.56811, 378.888, -43.3
5.43493, -408.713, 99.9028
4.64621, 793.166, -47.4477
2.5002, -49.7007, -469.187
5.31153, -813.164, 317.951
6.22632, 338.426, 348.406
3.89846, 963.322, 287.765
2.93406, -980.887, 564.005
3.5733, 853.358, -878.932
3.93296, -482.407, 569.273
4.86595, -402.637, 472.46
6.95893, 843.579, 819.671
5.91955, 517.889, -506.156
3.54376, -46.7072, -70.8312
6.67533, 791.469, 10.2413
7.09218, 919.034, 914.594
4.48244, -476.554, -698.167
6.37858, 541.171, 523.873
5.68161, -157.173, -89.0324
6.64746, 482.571, 286.429
3.40204, 552.368, -469.268
7.45927, 577.284, -755.522
6.70558, -155.146, -844.66
4.65177, 885.604, 263.776
4.38589, 595.98, 885.473
2.70802, 651.122, -504.145
6.80715, -795.342, -525.842
6.62116, 915.866, -895.597
6.25052, 13.2986, 729.887
3.55801, -165.498, 986.391
4.31029, -781.184, -191.349
4.43545, -588.751, -795.198
7.32918, 789.43, 633.19
6.5872, -163.552, 637.737
4.5755, -80.9302, 447.947
5.83759, 202.297, 179.679
2.52101, 474.859, 978.142
6.98048, -739.198, 249.904
3.68416, -343.974, 354.338
3.79415, 351.879, -88.6433
5.4939, 404.757, -708.107
6.89823, -834.756, 369.33
6.16299, -558.577, -585.703
6.0773, 906.672, 569.442
3.57724, -605.665, 481.333
6.30413, 679.411, -955.596
3.85351, -163.11, -554.794
2.75246, 662.728, 334.626
4.78866, 272.696, 246.143
2.58759, 445.837, -774.736
3.01129, 71.53, -180.424
2.639, -132.249, 282.74
5.65921, -342.802, -517.386
6.34425, 78.6613, -247.829
2.74132, 526.165, -837.12
6.6924, -54.1442, -630.701
6.76899, -262.542, -313.618
6.57649, -449.899, 575.714
6.85188, 793.47, 403.13
5.27222, -627.759, -161.467
6.12646, -290.839, 53.8531
3.20424, -521.601, 918.892
6.6115, 589.54, -526.395
5.51185, 729.233, -195.934
4.93856, 505.849, -916.366
6.14942, -285.891, 943.44
4.05164, 757.205, -667.629
3.93925, -699.658, 351.375
5.45857, -947.1, 804.019
5.34055, 649.948, 876.823
5.41059, -935.458, -571.995
2.84132, -688.122, 283.174
4.34304, 152.359, -389.545
6.28475, -926.48, -574.967
6.35297, -448.923, -867.344
4.27217, -393.695, -254.446
5.98913, 239.264, 927.969
5.08005, -661.23, -288.816
5.94494, 387.591, 134.706
6.18066, -81.7754, 616.789
2.56231, -341.693, -672.107
7.16549, 614.451, -129.387
5.37826, 131.328, 124.997
3.05587, 466.963, 973.127
4.87388, -100.049, 39.713
3.24247, 196.881, 101.956
4.22594, 50.9754, 445.999
7.04476, -930.529, 177.929
4.54571, 12.9782, 521.14
5.96642, -677.25, -66.2193
3.35865, 378.448, -941.567
6.21715, 882.386, -503.649
4.16319, -426.083, 645.683
4.62157, 662.076, 312.753
2.79523, -138.185, -109.136
5.09005, 287.539, -228.941
5.94425, 471.918, -579.504
5.01149, -256.423, 10.5138
6.56617, -169.973, -748.738
3.07974, 83.515, -934.119
5.24841, 280.515, 462.316
5.06046, 406.275, 20.7545
6.02649, 963.629, 440.899
5.65083, -238.272, 876.701
4.0207, -28.6718, -648.591
6.74719, 399.436, 367.644
3.39619, 607.255, -23.4229
2.61737, -527.296, -99.9985
4.19467, 728.935, 49.288
3.43818, 356.891, -96.8334
6.60467, -290.923, 175.015
6.72507, -895, -164.987
6.78031, 844.326, -715.423
7.37454, -953.569, 646.618
2.99587, 465.613, -447.272
2.56182, 564.806, 654.036
2.58614, 220.363, 580.961
2.64527, 248.771, 96.8987
4.1031, 146.094, -386.176
6.17815, 625.499, 301.101
3.14876, 352.451, 476.575
2.5161, -369.022, 504.687
6.91905, 139.871, -789.442
3.70482, 229.264, -570.212
4.38481, -816.441, 766.117
4.44879, 619.054, 182.27
2.81534, 596.816, 293.603
7.30792, 183.747, 949.723
3.75349, 724.939, -340.47
6.85376, -677.509, -75.3815
2.85991, -914.852, 421.837
2.70653, -618.165, 565.739
3.46378, 356.651, -522.163
3.86708, -308.929, 302.987
7.4007, -950.244, -364.68
3.60607, 323.791, -531.625
6.43119, -874.225, 853.169
4.42306, 297.819, -420.335
3.78593, 477.338, -635.582
3.91087, -935.84, 58.2456
7.33834, 866.174, -39.0247
4.22841, 761.644, 167.998
3.45922, -977.917, 736.163
5.05037, -547.245, -381.256
5.21857, -555.308, 631.458
5.72333, -651.726, -612.779
3.89738, -9.99766, 792.932
3.41887, -296.981, -715.446
2.71579, -828.832, 367.418
3.98408, -502.201, -265.865
4.25548, -231.194, 139.435
7.09372, -426.212, 707.938
5.81225, 502.976, -360.747
5.08041, 865.104, 581.54
4.03763, 611.669, 584.15
3.0007, -350.162, 153.697
3.47502, 378.5, -879.651
4.11407, 30.7088, -128.487
5.56182, 957.345, 87.227
5.13511, 958.003, -980.257
3.45653, 262.765, 281.827
4.7178, -632.285, -420.788
4.48693, -705.121, 849.351
6.28051, -604.797, 744.683
6.6213, 735.28, 602.585
5.51573, 142.782, -346.042
3.04573, 606.958, -824.128
4.11797, 484.823, -165.196
5.03403, 9.98445, 317.155
4.76521, -649.365, 804.901
4.77315, -179.481, -447.448
4.91125, 926.749, 917.794
5.07896, 368.238, -650.666
4.50207, 203.03, 823.313
4.22945, 974.18, 482.407
6.64533, 931.825, -238.773
3.02204, -728.813, -793.418
6.40057, 581.391, 563.247
3.19919, -296.934, -238.589
2.62171, -787.689, -523.585
6.0664, 405.406, -748.524
7.15538, 144.16, -826.742
7.47667, 188.497, 173.862
3.86264, -871.04, 152.753
3.6923, -478.219, -257.921
3.87328, 957.467, 618.385
5.70836, -905.132, -729.729
5.17637, 309.095, 151.488
6.8967, 826.39, -294.603
6.75968, -670.899, -830.246
2.98004, 899.645, -43.0579
4.66818, -741.433, 215.587
3.17045, -202.324, -754.039
5.86802, -171.417, 306.235
5.34964, -55.163, -471.115
3.66474, -616.876, 573.734
5.50306, 265.149, -686.074
2.6551, -798.519, -26.5502
7.08512, 566.213, -309.352
3.82958, 860.065, -175.306
6.50016, -182.256, -510.767
5.46389, 163.43, -719.845
5.0822, 343.595, 627.294
5.2567, 324.836, 637.921
3.47225, 499.583, -235.441
5.36152, 128.247, -740.282
3.81992, 210.261, 400.728
4.41648, -766.294, 538.539
2.73626, -758.705, -897.516
4.22823, 584.447, -671.582
3.61594, 660.724, -427.238
3.81264, 18.8514, -729.939
3.05141, -428.057, -404.72
7.40088, -703.95, 16.8459
5.93794, 799.306, 633.902
5.82158, -547.932, -374.409
5.99501, -599.986, -671.241
2.68746, -828.786, -764.72
3.6706, -630.617, -746.139
3.95397, 729.075, 692.259
3.50543, -29.6962, -250.164
2.7177, 358.261, 342.253
2.56571, -523.89, 520.909
6.07297, -524.482, 765.169
6.88348, -865.278, -624.484
5.35088, -885.485, 272.112
6.92743, 862.691, 859.361
5.20042, -357.554, -278.643
3.31357, 928.734, -643.985
3.30492, 951.585, 441.794
7.19182, 313.031, 285.201
3.45628, 550.999, -847.356
3.15761, 3.08067, -97.1762
4.41122, -305.762, -7.94313
6.12674, 259.092, -259.594
2.50651, 543.105, 871.256
4.60222, 25.9499, 735.297
5.18984, 300.847, -215.013
4.86596, -237.699, 245.922
6.33003, 543.865, 868.06
2.9396, 556.489, -458.3
7.04284, 138.001, 322.308
3.20818, -860.604, -401.301
2.54782, 426.977, -48.9981
2.82267, 253.421, 519.122
4.96742, 380.834, 222.01
5.40914, 526.721, 971.208
4.03373, -944.35, 543.959
4.57091, 896.725, -67.5501
4.33401, -577.534, -684.838
3.42687, 175.614, 665.267
2.76788, 632.018, 183.982
4.47222, 537.716, -64.8381
3.98388, -347.069, -132.751
5.05388, -395.328, 818.583
3.75392, -704.208, 228.904
5.01589, 956.608, 887.626
2.51168, -4.62822, 780.97
7.01807, 989.296, -447.318
2.79181, -907.789, -943.598
5.17506, -679.974, 807.084
3.95754, -377.531, 870.973
7.3023, -802.124, -265.242
4.73406, 322.116, -108.847
5.08479, 889.303, 168.792
5.93861, -250.281, 31.6864
2.72187, -160.397, 73.5904
7.2946, -795.639, 605.069
5.70852, 369.971, 156.886
2.80215, 624.152, -776.555
3.33964, 51.8203, 267.399
5.76491, 487.866, -243.977
6.19864, -769.509, 338.253
3.57011, 851.202, 206.624
4.31441, 154.782, -865.562
6.56981, -647.412, 931.32
5.32057, 807.792, -470.212
7.45886, -47.5327, -882.791
6.5669, -763.298, 393.507
3.49157, -988.653, -22.364
2.50003, -144.57, -836.509
4.62608, 939.627, -771.401
4.07406, 847.234, 201.815
5.56218, 605.852, -929.81
3.83351, -189.156, -540.827
4.39881, -594.322, -62.8351
5.43397, 954.377, 300.536
5.95636, -140.567, -507.232
7.26736, -455.531, -569.26
4.89785, -293.233, -949.15
3.60319, 380.11, -723.69
5.33741, -720.202, -450.85
6.09873, 425.157, 362.17
4.4953, -494.426, 553.33
3.48326, -690.871, 973.39
6.66971, -666.667, -758.501
5.59561, -448.293, -869.358
7.26866, -287.222, 183.074
3.23222, -14.1806, -270.88
5.38953, 37.3699, -457.508
7.26796, -390.094, 712.32
3.62331, 720.392, -988.358
7.25137, -495.406, 796.219
3.07874, 787.31, -508.103
2.58372, 30.5036, -254.279
3.90465, -357.608, -166.288
7.15042, 637.563, 175.672
3.04796, 756.947, 875.144
6.77266, 26.7298, 821.983
5.68532, -723.58, -729.814
5.63853, 405.29, -708.933
3.80589, 722.446, 741.008
5.13936, -951.434, 214.281
7.16608, -276.802, 895.72
3.98055, 920.168, 108.943
4.78006, 158.254, 446.986
6.35659, -658.268, -605.263
4.17193, 113.732, 123.74
6.31775, -39.8252, -932.604
6.65892, -30.4257, 940.652
2.64618, -724.709, 567.117
4.31315, 712.92, -266.467
4.16221, 282.586, 461.905
3.17675, -515.43, -295.158
3.00839, -304.945, 622.761
5.11327, -607.919, 810.098
3.52046, 30.6484, -530.804
5.00728, -869.341, -622.952
5.1371, -3.36078, 961.548
4.13422, -264.673, -292.933
4.75888, 227.112, -440.877
6.85263, -6.75476, 973.307
4.72884, 641.348, 864.218
6.03726, -457.789, -912.183
6.83171, 908.628, -698.121
6.5822, 862.616, 215.394
2.67504, 888.119, 839.358
3.8644, -649.967, -238.264
5.21858, -421.442, -430.275
3.19942, -969.469, -557.545
5.57408, -774.823, -935.227
3.29182, -676.366, -604.41
4.41129, 100.128, 220.332
5.94997, -94.7324, 188.721
3.21128, -392.515, 464.147
5.65284, -784.256, 789.405
3.15973, 194.821, 935.537
7.13583, -737.311, 247.154
5.53465, -936.998, 783.979
5.50388, -924.391, 379.883
3.33635, 593.544, -526.926
3.301, -868.611, -397.421
5.91628, 618.394, -27.8961
5.1456, -707.798, -11.992
3.65264, -139.236, 797.733
6.55373, -503.166, -56.4312
5.76477, -418.989, -558.474
4.08597, -568.623, -591.068
2.53953, -261.007, -812.404
3.49176, 731.211, 730.363
3.78831, -6.52274, 380.918
3.03825, 883.167, 38.6487
3.49545, 128.726, -429.416
6.75079, 803.767, -770.492
6.63912, -972.096, 211.459
6.76813, -962.753, -556.242
5.71027, 289.162, 777.673
3.6787, 716.651, -979.436
6.80638, -502.758, -805.202
5.4745, 35.7518, -105.589
2.52745, 504.773, -34.6376
6.84925, -667.089, -468.65
7.37729, 647.429, 102.598
5.59653, 376.514, 15.2885
3.85574, -933.917, 383.816
7.46973, -162.051, -628.82
4.60751, -719.393, -526.468
4.20537, -792.981, -613.88
4.80717, 373.775, -131.9
4.44822, 262.399, -381.668
4.613, -47.0787, 514.623
2.84879, 130.548, 290.085
5.5153, -58.2898, -135.259
7.36114, -49.7994, 228.489
5.07406, -697.308, -531.711
7.45461, 950.399, -136.608
5.84906, 625.414, -134.325
4.01716, -604.895, 69.195
3.47371, 870.171, 572.969
4.0109, -712.241, -931.928
4.93946, -335.972, 460.024
4.72438, 532.577, 986.54
5.7844, 321.516, -935.647
3.74227, -775.493, -670.18
4.72007, 54.3374, 554.339
5.75894, -692.398, 48.2082
6.67472, -715.758, 191.606
6.03698, 192.422, 811.168
4.93928, -867.319, -609.547
6.72039, 398.446, -236.247
7.00296, -513.64, -191.845
6.33082, -653.005, -522.573
5.29453, 631.099, 852.077
2.70603, -6.51435, 73.4611
5.46749, 562.57, 66.7152
2.68674, -672.762, 816.143
4.53488, 28.0863, 436.9
2.84243, -971.7, -879.706
7.38558, -772.08, -882.583
2.5956, -513.774, -236.663
6.60363, -155.068, -264.671
5.2195, -389.305, 864.577
5.72828, 788.28, -333.196
3.62934, -260.374, 44.6403
2.733, 833.232, -699.84
3.63154, 210.114, -552.477
4.58371, -633.661, 134.463
6.40126, 264.702, -629.443
3.72852, -923.758, 371.647
4.81411, 652.035, 94.0496
6.14756, 927.605, 290.011
5.35237, -331.163, 813.137
5.45997, 932.989, 910.452
4.98425, -936.393, 279.802
3.951, 477.878, 116.618
4.71107, -10.4734, -233.101
2.53669, 851.691, -397.239
7.41683, 496.266, -358.12
2.52822, -804.247, -157.162
4.8676, -116.267, 743.174
5.86497, -311.705, -122.803
