6.27803, -91.2375, -250.303
3.5948, -0.695994, -82.915
5.89648, 178.207, -326.912
5.09708, -188.115, 303.837
2.76731, -327.784, 376.886
2.53849, 234.058, 24.5747
4.58743, -295.069, -205.843
7.15218, 252.187, 184.346
2.95982, 0.204475, 409.998
6.00595, -75.447, -0.757077
3.81226, 537.047, 399.635
4.14117, 261.977, -280.912
7.45519, 261.71, 40.7171
7.41275, -366.748, -184.904
5.75759, 232.542, 149.797
6.92354, 253.311, -300.619
6.33247, -130.372, -114.811
3.87453, -328.846, -243.647
4.93259, -251.21, -250.652
2.80282, 474.033, 507.618
5.08146, 66.1906, 349.871
4.96988, 310.282, -334.046
7.23882, -392.014, -331.784
4.42071, -136.15, -190.738
5.14874, 408.108, -256.825
2.75042, 151.202, 42.4911
6.63909, 211.577, 42.7582
5.94228, -431.914, -377.345
6.18112, -50.406, 340.919
6.94286, 415.724, 423.294
4.25508, -117.381, -219.918
6.72991, 283.562, 193.071
3.84659, 181.706, 52.1484
4.83959, 57.0658, -128.99
3.2686, -467.85, -323.446
2.66527, 205.225, 142.001
7.2768, 274.413, 2.4111
6.95369, 327.803, 25.7018
3.29884, 229.056, 4.02269
3.15214, 318.729, -245.773
2.515, -630.353, -342.669
6.0491, -236.345, -231.369
3.40448, -245.982, 395.173
5.76029, 398.855, -285.505
4.42907, 211.511, -279.438
3.23766, 47.3298, -156.633
5.45054, 197.665, 101.348
3.24076, 57.2794, 360.404
3.2091, -1.28926, 258.914
4.94257, -317.416, -262.67
3.13015, 183.534, 110.22
5.64635, -72.3892, -288.946
5.60817, 261.369, -364.048
4.88216, -281.604, 532.11
2.64188, -387.829, -232.268
3.21011, -83.5455, 440.554
3.15594, -172.474, 340.749
3.31099, -432.812, 363.979
3.76529, 38.0144, -358.015
4.77654, 218.045, -208.96
6.54472, 199.742, -174.561
3.57624, -44.7678, 342.178
3.75063, 389.56, 267.967
5.02978, 59.1164, 330.478
6.27922, 133.264, 74.9486
5.66369, 211.605, 82.2495
5.9449, 208.491, 76.8879
7.27207, 344.946, 412.406
5.18713, -318.286, 496.93
4.57014, -277.926, -174.706
4.70019, 47.3537, 143.405
6.07821, 541.699, 404.47
6.20858, 265.233, -75.654
5.12494, 624.738, -413.335
6.06711, -181.037, -108.911
5.91025, 245.747, 18.9195
6.82941, 299.237, -392.677
3.19597, 99.9174, 399.912
3.57766, 267.052, -334.436
5.0733, -74.6665, -64.0292
4.83766, 181.872, 352.483
3.55759, -131.759, 467.393
5.65244, -373.91, 315.272
2.5044, -488.687, 180.682
4.09589, 278.147, -94.0689
5.90281, 223.003, 5.3192
6.0446, 128.09, -297.56
2.90869, -453.09, 449.159
3.56926, 217.716, 13.6855
4.44412, -383.605, -421.47
4.44927, 564.853, 477.604
3.92018, 306.639, -322.592
4.6123, 135.978, 112.524
2.55658, -452.796, -333.328
3.72027, 517.497, -470.457
4.49072, -432.116, 472.934
6.64177, -373.87, 21.4807
3.78584, 530.346, -366.373
3.59705, -338.283, -241.945
6.47385, 196.74, 15.3158
5.8476, 70.631, 180.964
5.49108, -480.714, 179.2
5.99917, -61.1744, -181.168
5.13062, 243.683, -274.066
4.14833, 248.148, -26.9698
3.30844, -470.641, -42.8098
6.56633, 169.144, 33.0636
4.08004, 275.214, -7.7047
4.05369, -223.195, -40.6396
4.65424, -6.68973, -150.962
4.46509, -122.915, -269.603
4.43916, 28.5916, -132.41
4.34871, -504.254, -637.364
5.88118, 255.514, -288.419
6.10384, 240.047, -5.73326
7.20082, 166.114, 257.57
5.08573, -206.212, -377.515
5.5282, -73.0967, -44.7898
5.85049, -372.009, 321.857
5.11404, 47.0751, -110.957
3.87105, -457.651, 467.586
7.08924, 210.124, 142.253
3.73367, 525.099, -419.293
4.77876, 203.758, 15.8697
3.30374, -449.765, 410.843
4.68319, 310.62, 206.082
7.45767, 267.173, 58.6412
6.26931, -245.498, 384.376
4.97846, -451.1, -349.164
7.01651, -358.479, -326.676
4.68213, 226.648, 270.519
5.09239, -158.621, -266.345
4.44866, 153.367, -58.3901
5.63431, -140.72, -265.427
5.19331, 300.86, 71.9004
4.35955, 219.207, -305.026
2.54674, -38.0786, 88.8968
6.3794, 143.971, -310.64
2.85317, -126.744, -286.241
3.98511, 242.199, -300.797
4.78581, -68.2943, -271.766
3.25156, -157.437, -135.192
5.97819, 237.575, -315.845
4.15587, 243.121, 26.7926
5.21197, 519.436, -445.948
2.64678, 650.119, -414.771
5.38086, 91.6979, -189.505
5.18133, 289.286, 41.347
7.36678, -229.445, -208.08
5.57063, -45.1481, -277.535
5.26431, -457.617, 203.105
6.69051, -187.452, 338.672
3.75764, -395.047, 387.723
6.98957, 206.713, 63.5108
5.97428, 203.263, -327.816
5.82752, -350.863, -266.89
3.06838, -348.729, -426.911
3.37987, -485.738, 149.783
2.91253, -95.0861, 8.55039
6.68103, -50.5485, -2.63095
2.64818, 526.957, -549.988
6.34719, -66.8987, -274.734
4.29829, -334.788, 434.332
6.24626, 0.709491, 443.902
6.28385, 237.436, 22.0147
3.60834, -509.189, -309.587
5.58305, 213.921, 39.3246
3.66846, -397.425, -67.3898
6.22052, -453.632, 200.713
5.80997, -350.833, -304.427
4.9209, 545.727, -487.347
2.58972, 169.336, -30.8864
4.98291, 235.455, 59.8119
5.09587, -43.4823, -235.504
4.71395, -470.734, 11.0384
4.14528, 22.351, 311.034
3.52671, 197.546, 198.425
7.19863, -129.554, -236.433
2.85168, -269.189, 401.848
3.30042, 44.9859, -291.778
6.70788, -272.868, -154.318
4.13614, -158.493, -146.138
6.85942, 258.73, 187.424
5.99896, 637.951, 317.372
5.52801, 281.945, -14.8087
4.77536, 6.29306, -175.569
2.91543, -313.16, -204.223
3.94883, 10.2293, -51.7005
6.51009, -178.025, -66.0662
6.81821, 149.209, 55.7964
3.81831, 221.213, -268.134
4.79881, -181.843, -179.91
4.95672, 188.452, -334.196
5.82344, -511.376, -338.25
7.31738, -317.894, -190.811
7.23022, 183.927, -218.974
2.81902, 257.297, -344.142
5.04829, -329.327, -161.948
6.13222, 485.517, 363.227
5.65882, 259.025, 79.8467
3.26658, -507.484, -457.112
5.09652, -473.986, 10.6168
3.52281, -348.911, 188.301
6.03231, 92.5759, -284.926
6.05786, -482.706, -248.744
3.66304, -365.705, -64.4956
6.80594, 12.0571, -50.278
2.67122, 1.31592, 408.618
6.26587, -491.261, 159.195
4.14789, 89.8697, 6.50235
4.65309, -252.337, -299.241
7.33455, 147.753, 36.8298
4.05803, 418.225, 415.848
5.69762, 514.118, -463.869
5.95386, 164.081, 111.619
5.36403, -2.72362, 422.289
6.60667, 541.794, -487.469
4.21807, -369.679, -385.747
5.09387, -541.336, -557.43
6.78438, -194.951, -223.149
6.18587, 158.516, 109.272
3.45992, -467.88, 300.078
2.83145, -131.985, 143.446
3.60828, 527.894, -526.633
3.33656, -338.708, 53.3354
6.31172, 200.377, -329.703
5.44905, -368.84, 23.0256
4.65223, 486.043, 457.074
7.09618, 159.884, 45.4261
5.09668, 288.336, 58.8766
7.38058, -253.772, -221.074
5.15714, -343.488, -239.965
2.98716, 292.017, 237.164
5.83983, 304.433, 44.5585
5.44444, 204.455, 167.953
5.01137, -252.227, -218.465
2.75808, -422.338, 160.581
2.6753, -214.424, -356.097
4.41484, -370.403, -327.797
5.55555, 252.139, 28.2176
5.06574, 506.739, 388.617
5.98498, 302.88, 156.12
4.89891, -172.747, -158.443
3.88323, 284.807, 209.757
6.01685, -256.019, -196.734
3.67701, 168.851, 111.342
6.41501, 19.745, -152.961
6.60589, -26.1805, 332.343
3.21842, -415.1, -294.049
5.75757, -429.398, 403.397
3.87677, 484.507, -471.529
7.26215, -310.528, 411.511
4.58238, -247.384, -119.56
3.03869, -66.1013, 4.04955
4.70633, -449.518, 405.612
6.28811, -358.99, -203.515
2.77803, -384.148, -54.1746
3.51241, -8.64332, -88.517
6.82305, 505.313, -536.925
6.52456, -101.662, -174.422
2.78861, -314.212, -335.235
4.40304, -74.4981, -194.816
4.56124, 18.3827, 372.34
2.80071, -119.655, 128.109
7.09746, 422.581, 405.146
3.35398, 380.42, 478.877
6.51634, -452.818, 186.719
3.88599, 151.354, 72.4776
4.44586, 146.658, 400.03
7.19936, -4.24571, 420.558
6.24573, 40.7724, -153.19
3.44774, -489.782, 300.336
6.89581, 291.198, -103.379
6.8953, 167.114, -308.822
3.30515, -201.98, -95.5905
5.87346, -205.56, -118.181
6.89096, 199.122, 68.9345
6.98262, 243.202, 14.3965
3.06535, 88.368, 395.858
5.93789, -250.92, -103.882
3.21651, -411.461, -343.581
3.6901, 254.749, 40.6203
5.64383, 311.226, -49.4465
4.312, 390.184, 265.943
4.64437, 607.858, 316.297
4.91936, -136.313, -188.896
6.20379, 37.103, -126.731
3.23098, -417.005, 287.971
7.36238, -172.441, -62.873
7.3158, -310.664, -234.508
3.14741, -338.239, 538.201
5.3784, -21.4337, -379.205
4.66439, 19.3015, -106.614
5.50066, -137.012, -137.172
5.85098, -274.154, -154.827
4.5137, 467.081, 366.16
6.46691, 611.054, 315.304
4.89889, -300.962, -192.479
5.72449, 253.489, 36.7535
4.28836, -176.84, 451.473
5.96794, -259.957, -145.095
5.83428, -356.592, -326.152
3.22071, -265.347, 558.801
7.10415, -435.998, 208.009
4.22228, 50.6066, -158.326
6.66824, -49.7851, -184.456
2.74349, 246.985, -264.937
3.27936, -131.348, -180.435
2.55765, 143.877, 156.589
3.94327, 65.9577, 374.78
5.07295, -57.7538, -189.061
3.65948, 513.656, 427.706
2.75022, -73.5615, -201.003
5.33091, -438.966, -92.0572
6.69774, 53.791, 362.701
4.28763, -365.608, -328.284
4.3452, -7.55847, 299.039
7.22226, 275.467, 319.673
4.72425, -302.798, -217.798
6.82086, 184.305, 142.496
5.82654, -425.037, -298.252
5.79297, 7.03529, 385.775
7.10736, -613.481, 528.178
5.11536, 501.95, -423.821
5.45229, 274.953, -411.83
5.79944, 433.328, 421.576
4.24765, 245.044, 18.3359
4.11714, 213.332, -16.5109
7.08984, 57.3254, 347.144
3.08619, 525.37, -431.605
7.31268, 158.904, 64.5176
5.17978, -53.5754, -76.1082
5.81447, 504.624, 430.486
5.48362, 527.25, -426.056
6.93363, -606.725, -366.365
6.67999, -391.834, -298.175
6.69339, 267.02, 34.1478
6.85642, -40.4582, -3.99198
2.5002, -391.553, -168.943
4.77274, 234.708, 70.1781
4.25696, -461.789, 160.716
5.80713, -109.787, 513.148
6.22234, -468.11, 169.027
3.3821, -201.55, -237.982
7.4621, 476.433, -406.093
5.95466, -428.1, 201.529
6.97862, 203.459, 67.8336
3.51579, 241.946, 100.539
7.2356, -357.833, -61.4353
4.88476, 510.059, -412.882
6.78578, 560.538, -493.716
6.41237, -311.017, -397.918
5.70687, 518.102, -352.061
3.14521, -366.149, 202.388
5.77944, 64.4486, 370.452
3.09199, 93.7218, -202.386
3.88793, -26.8645, 292.861
6.65548, -135.977, -133.75
6.14153, -374.929, -488.714
6.74348, -755.919, 77.8956
3.43989, -218.006, -201.724
6.09602, 175.572, -243.831
4.25586, 228.882, -30.7739
3.34555, -645.146, -337.623
4.52383, 216.502, -291.674
4.20924, -123.705, 396.233
6.67141, 151.694, 77.1299
3.9111, 420.136, 317.022
5.16766, -391.737, -297.124
6.25085, 591.595, -449.322
4.62554, -377.165, -358.012
4.66964, -392.508, 375.035
3.03022, 587.73, -418.879
6.4639, -59.5747, -287.962
3.91232, -326.862, -342.188
7.14264, -331.137, -201.74
5.37926, 238.398, -3.64138
3.4895, 393.838, -265.998
5.99081, 163.509, -287.202
3.07265, 330.943, -176.415
4.22945, -40.3329, 337.656
4.15646, -460.369, -274.932
6.42735, 559.316, -491.316
6.65775, 215.024, 64.4288
4.21712, -528.113, 438.291
4.2603, -238.67, 385.729
6.38197, -127.09, -274.963
6.58658, 99.6272, 361.757
4.26157, -166.487, -77.056
7.09559, -452.537, -167.703
3.2877, 260.675, -64.8103
5.56029, -331.082, 510.626
5.54222, -245.691, 563.073
3.16647, -88.6761, -129.059
3.51409, -451.567, -347.867
4.79457, -447.506, 398.939
3.48759, -247.266, 382.568
6.77118, -466.439, 43.6466
6.54562, -245.789, -404.093
2.80131, -458.169, 330.295
6.50584, -476.802, 439.745
5.49597, -128.712, -267.891
7.43182, -476.094, 170.816
2.65919, 52.3833, 384.7
6.8356, 517.497, -525.093
3.69109, 115.584, 16.6648
3.6127, 262.362, 116.81
4.73907, -380.02, -290.33
2.61231, 119.535, 19.4486
6.79755, -105.718, -185.509
4.15902, 265.368, 233.875
5.72195, 317.983, 127.084
7.43521, -414.791, -388.035
5.30162, 273.187, -333.36
4.74553, -147.183, -110.836
5.213, -97.0076, -158.6
2.90797, 204.679, 83.2449
3.99606, -209.334, -22.5296
6.63964, 429.699, 410.823
6.48936, 442.726, 605.612
5.71048, 26.8903, 395.918
4.84105, 141.41, 122.8
7.15326, -156.85, -270.574
5.08798, -52.2306, -185.943
7.42924, 414.866, -279.553
5.94567, 147.901, -262.918
6.19966, -131.804, -271.353
3.46323, -468.962, -321.513
6.08881, -259.545, 560.788
6.11146, 121.886, 72.8809
6.49298, 252.669, -6.21764
4.23216, 286.165, -263.151
5.1481, 271.166, -253.991
3.19001, 457.6, -223.901
6.73218, -140.594, -140.106
6.32766, -51.1282, -280.757
7.5, 510.948, -433.871
4.24891, 495.845, 334.748
5.50367, -377.278, 382.687
3.50808, -264.238, -250.816
6.2385, 290.766, -0.510288
6.49225, 335.739, 132.405
3.03505, -445.899, 331.094
5.35813, -336.298, -251.258
2.84683, 198.394, -368.499
4.16036, 412.174, 420.984
5.80945, 237.599, -270.405
5.27726, -114.478, -192.051
7.12415, 210, 164.34
2.69832, -299.602, -277.936
2.62083, -116.77, -136.206
4.61923, 230.098, -296.797
4.36987, 178.773, 111.628
2.93303, -230.135, -186.814
3.05403, -55.6602, -85.6229
5.31992, 293.39, -439.487
7.37269, 65.6538, 321.998
3.05066, -59.2381, -272.298
5.99352, 46.6906, 392.848
2.79674, -101.898, -187.926
4.69755, 166.499, 105.316
5.24651, 490.443, 521.764
3.45129, 304.253, -411.001
7.36597, 265.622, -31.6668
3.19593, -238.486, -246.832
5.48978, 482.644, -434.797
7.12812, -426.871, 452.836
3.91116, 169.665, 260.377
6.8307, -144.785, -166.673
6.29598, 114.345, -117.732
6.10793, 267.01, -45.6201
3.34241, -137.208, 140.597
3.32882, 434.95, 301.629
3.39076, -288.159, -112.44
5.87226, 262.25, -321.023
4.83484, -201.273, -418.672
6.85219, -378.781, -493.466
5.76023, -242.422, -186.076
5.80464, 593.079, 690.323
2.58037, -526.929, -502.185
4.30596, -345.026, -296.122
3.72747, 144.967, 37.9616
6.93086, -409.505, -369.692
5.23701, 494.4, 399.406
6.57209, 16.901, -311.594
5.24453, 28.8766, 422.337
4.16156, 236.462, 181.093
4.40213, 98.4964, -292.715
2.52389, 248.929, 429.022
6.95226, -138.246, -274.389
6.16955, -413.018, 391.524
6.04239, 45.0056, 430.072
5.1278, 25.9133, -116.954
6.41065, 12.834, -306.731
3.42484, -191.298, -340.714
5.72673, 214.869, 138.154
3.42178, -280.304, -263.741
3.31214, 237.075, -186.927
2.65594, -156.412, 374.082
7.42716, -98.9941, -171.683
4.04559, -93.5241, -323.113
4.11075, -351.659, -207.081
5.51155, 277.858, 135.694
2.89107, -265.461, -251.284
3.93936, 281.911, -52.6789
5.79307, -149.197, -284.644
7.36348, -327.586, -419.712
7.27758, -459.279, -304.518
7.42745, -316.663, -194.617
7.30478, -362.111, -319.402
3.0073, -379.271, 402.437
3.71505, -99.867, -243.24
6.91151, 77.973, -120.864
5.28805, 274.75, -95.7368
6.7669, 459.253, 440.931
7.49145, -498.735, 423.947
3.99751, -278.528, -509.024
6.33157, 423.796, 419.46
4.81901, 398.282, 36.9968
6.8168, -314.915, -276.471
6.99018, 310.513, -48.4053
7.377, 124.192, -238.843
2.77405, 108.287, -119.886
6.32605, 531.178, -484.888
5.09219, -442.966, 423.16
3.46574, 183.14, 31.5311
6.98252, 246.86, -324.018
6.38492, -260.19, 147.408
2.75968, 308.685, -20.4717
7.47331, -398.367, 386.186
5.93659, -265.677, -219.389
5.94854, 352.567, 385.883
6.57666, -437.604, 415.655
7.05426, -146.472, -291.114
3.34218, -34.8227, -9.20726
5.24183, -420.167, 431.527
6.53351, -363.204, -327.6
4.17803, 254.395, -286.438
5.53435, -176.239, -256.45
6.59602, -442.525, 227.559
7.3485, 18.2884, -111.217
6.29349, 413.127, 412.064
3.72113, -143.431, -166.191
5.80589, -455.62, 172.423
4.21574, -316.392, -153.879
7.27146, 118.276, -216.842
2.60828, 479.472, 354.258
4.54979, -566.8, 526.548
2.55789, 152.159, -282.752
3.04964, 280.61, 141.437
5.28259, -340.506, 461.99
4.45466, 114.353, -259.985
7.20539, -26.4583, -48.2352
2.55572, 273.91, 218.033
6.22897, -180.203, -202.017
3.84293, 285.113, 60.0298
4.27153, -490.668, -517.928
3.45835, -402.384, 145.641
5.14832, 299.252, 166.374
4.39478, 74.2293, -358.737
3.16407, 16.8699, -229.132
4.26563, -139.56, -260.772
4.2497, 498.707, 525.175
7.41084, 162.338, 61.1977
5.25961, 64.3369, -154.648
4.99918, 49.3395, -312.713
3.58531, -421.833, 220.356
4.37311, 19.765, -159.1
6.78251, -388.751, -287.286
6.45578, 525.829, -429.372
3.9204, -271.028, 400.772
5.07645, 259.461, 68.2
6.79238, -191.008, -246.093
7.07844, -218.79, -280.781
7.48941, 30.4011, 393.72
6.53177, 56.271, -133.719
5.22718, -350.681, -214.156
7.3461, -19.6735, -176.298
5.31931, -534.572, 115.904
4.03031, -326.699, 346.01
5.41853, 422.205, 366.358
2.91197, 12.4218, -52.8745
5.47382, 306.843, -82.2089
3.31968, -388.648, -298.472
6.46527, -393.963, -362.738
2.95373, 667.301, 319.396
6.3072, -466.273, -262.937
6.83996, -113.801, -187.424
6.40105, 78.1164, -130.168
6.61399, 486.282, 398.005
6.70974, 280.21, -36.7155
4.48328, 227.125, -202.405
6.508, -91.9329, 7.87073
6.56811, 238.119, 16.5671
5.43493, -295.242, -264.523
4.64621, 182.212, 77.5002
2.5002, -86.6488, -278.068
5.31153, -457.105, 34.9365
6.22632, 115.276, 9.38277
3.89846, 313.822, 144.241
2.93406, -476.699, 519.24
3.5733, 475.003, -325.434
3.93296, -422.092, 306.973
4.86595, -386.423, 510.925
6.95893, 501.017, 429.836
5.91955, 184.617, -326.171
3.54376, 16.6654, -33.6551
6.67533, 569.494, -41.4338
7.09218, 482.906, 424.409
4.48244, -467.903, -265.026
6.37858, 238.915, 20.2232
5.68161, 84.0394, -191.818
6.64746, 209.197, 34.5142
3.40204, 181.772, -323.27
7.45927, 184.648, -217.371
6.70558, 102.184, -283.757
4.65177, 301.132, 219.919
4.38589, 476.205, 414.656
2.70802, 263.648, -231.086
6.80715, -415.608, -354.254
6.62116, 481.991, -453.669
6.25052, -262.655, 502.111
3.55801, -371.882, 408.638
4.31029, -222.152, -140.287
4.43545, -286.971, -169.109
7.32918, 436.05, 391.676
6.5872, 55.7777, 358.609
4.5755, 163.191, 312.567
5.83759, 248.557, 31.4548
2.52101, 480.478, 408.456
6.98048, -447.989, 245.299
3.68416, -39.5169, 100.188
3.79415, 111.13, -268.395
5.4939, 238.895, -308.38
6.89823, -463.24, 182.354
6.16299, -282.713, -372.635
6.0773, 409.435, 431.773
3.57724, -408.26, 400.715
6.30413, 642.46, -425.55
3.85351, -155.313, -215.922
2.75246, 204.881, 4.74218
4.78866, 279.387, 75.6912
2.58759, 120.403, -315.233
3.01129, 170.28, -75.482
2.639, -163.313, -81.2941
5.65921, -96.3287, -262.51
6.34425, 26.1306, -129.856
2.74132, 212.311, -332.73
6.6924, -51.4416, -235.22
6.76899, -144.388, -243.434
6.57649, -261.168, 559.943
6.85188, 420.898, 292.315
5.27222, -304.781, -197.881
6.12646, -99.8477, -173.609
3.20424, -437.69, 431.819
6.6115, 243.445, -293.209
5.51185, 133.465, 186.314
4.93856, 52.8724, -313.955
6.14942, -5.12285, 338.973
4.05164, 522.543, -537.798
3.93925, -361.712, 32.606
5.45857, -422.139, 407.762
5.34055, 560.412, 378.52
5.41059, -375.64, -356.293
2.84132, -366.282, 189.222
4.34304, 60.5406, -130.025
6.28475, -383.304, -377.839
6.35297, -481.951, -200.24
4.27217, -180.372, -288.258
5.98913, 49.2494, 374.185
5.08005, -316.816, -189.935
5.94494, 236.095, 69.7928
6.18066, 34.0074, 393.379
2.56231, -171.603, -304.262
7.16549, 159.542, 59.0121
5.37826, 161.053, 81.275
3.05587, 511.38, 412.147
4.87388, -158.323, -142.137
3.24247, 244.229, 12.1825
4.22594, 218.263, 99.8048
7.04476, -454.859, 167.792
4.54571, 3.69214, 409.457
5.96642, -292.617, -232.859
3.35865, 257.017, -298.983
6.21715, 506.375, -498.205
4.16319, -338.199, 434.191
4.62157, 234.4, 118.947
2.79523, -47.3412, 160.564
5.09005, 237.777, 9.49463
5.94425, 169.318, -326.088
5.01149, -154.58, -143.997
6.56617, 43.7354, -221.082
3.07974, -181.325, -238.961
5.24841, 254.125, 0.171953
5.06046, 241.134, 99.2781
6.02649, 370.527, 353.097
5.65083, -186.209, 363.101
4.0207, -78.694, -274.463
6.74719, 276.481, 79.7743
3.39619, 221.594, 60.8091
2.61737, -348.137, -266.162
4.19467, 188.418, 59.6844
3.43818, 172.884, 219.614
6.60467, -108.115, -243.492
6.72507, -283.509, -182.415
6.78031, 525.245, -525.816
7.37454, -436.075, 430.067
2.99587, 237.476, -401.527
2.56182, 491.98, 344.211
2.58614, 243.997, -39.4635
2.64527, 223.212, 28.2761
4.1031, 64.011, -157.63
6.17815, 117.218, 5.05076
3.14876, 285.18, -73.6022
2.5161, -250.243, 256.126
6.91905, -86.4042, -178.307
3.70482, 360.935, -343.074
4.38481, -433.371, 417.029
4.44879, 228.048, 46.2925
2.81534, 185.858, 35.0717
7.30792, -45.8645, 329.961
3.75349, 405.798, 8.20336
6.85376, -299.097, -274.961
2.85991, -391.2, 183.328
2.70653, -112.383, 437.805
3.46378, 297.535, -300.233
3.86708, -105.91, 116.829
7.4007, -349.698, -447.558
3.60607, 189.05, -323.346
6.43119, -306.943, 433.38
4.42306, 24.8606, -144.811
3.78593, 226.312, -309.568
3.91087, -400.817, 167.086
7.33834, 186.611, 77.9253
4.22841, 241.264, 70.7876
3.45922, -513.489, 216.885
5.05037, -312.733, -246.737
5.21857, -384.977, 387.129
5.72333, -423.349, -347.537
3.89738, 48.3793, 429.596
3.41887, -151.227, -291.788
2.71579, -534.874, 225.338
3.98408, -227.701, -217.626
4.25548, -5.16048, 62.7892
7.09372, -332.194, 516.596
5.81225, 272.17, -31.3973
5.08041, 473.025, 388.274
4.03763, 236.513, 22.8442
3.0007, -20.0355, 8.28541
3.47502, 238.683, -327.491
4.11407, 148.557, -144.716
5.56182, 180.17, 37.4654
5.13511, 515.797, -392.076
3.45653, 237.467, 22.169
4.7178, -535.554, -462.464
4.48693, -407.142, 400.918
6.28051, -352.672, 379.811
6.6213, 420.295, 316.048
5.51573, 50.4465, 26.8039
3.04573, 239.805, -276.48
4.11797, 237.586, 92.9809
5.03403, 338.256, 203.303
4.76521, -415.069, 400.728
4.77315, -131.755, -265.454
4.91125, 496.462, 454.06
5.07896, 170.503, -314.375
4.50207, 30.6068, 272.223
4.22945, 181.944, 203.462
6.64533, 307.725, -51.8724
3.02204, -476.735, -349.364
6.40057, 242.327, 23.9971
3.19919, -139.885, -134.029
2.62171, -321.056, -173.058
6.0664, 278.122, -250.462
7.15538, -83.4965, -174.446
7.47667, 235.489, 29.1081
3.86264, -358.067, 368.3
3.6923, -330.403, -201.703
3.87328, 169.409, 299.877
5.70836, -395.548, -251.767
5.17637, 349.741, 14.6464
6.8967, 434.818, -306.189
6.75968, -352.268, -328.451
2.98004, 117.536, -8.29661
4.66818, -465.327, 186.379
3.17045, 389.698, -287.278
5.86802, -82.7838, -13.7627
5.34964, 53.3447, -289.212
3.66474, -326.784, 520.541
5.50306, 270.529, -341.656
2.6551, -332.556, -224.682
7.08512, 177.396, -233.637
3.82958, 119.943, 20.2653
6.50016, -147.375, -163.208
5.46389, -67.1438, -130.138
5.0822, 228.437, -54.9937
5.2567, 314.497, -4.81122
3.47225, 239.893, 88.8298
5.36152, 58.1214, -398.196
3.81992, 284.356, 162.992
4.41648, -443.111, 480.557
2.73626, -325.605, -280.967
4.22823, 153.006, -288.405
3.61594, 183.522, -326.605
3.81264, -61.5523, -269.408
3.05141, -126.092, -199.741
7.40088, -309.3, -275.41
5.93794, 331.239, 373.729
5.82158, -336.388, -206.338
5.99501, -525.643, -341.778
2.68746, -296.511, 110.125
3.6706, -559.541, -533.649
3.95397, 462.614, 407.02
3.50543, -166.178, -124.24
2.7177, 110.817, 16.5038
2.56571, -374.388, 365.471
6.07297, -424.852, 490.489
6.88348, -338.815, -298.571
5.35088, -570.882, 108.285
6.92743, 471.614, 481.144
5.20042, -253.083, -145.686
3.31357, 523.469, -345.321
3.30492, 418.205, 424.559
7.19182, 228.489, 50.3947
3.45628, 378.19, -433.029
3.15761, 6.92346, -86.0315
4.41122, -121.487, -193.731
6.12674, 246.201, 21.053
2.50651, 506.687, 388.668
4.60222, 41.8386, 443.091
5.18984, 180.095, 192.939
4.86596, -45.6685, 104.425
6.33003, 506.64, 388.589
2.9396, 208.216, -360.621
7.04284, 269.377, 45.4328
3.20818, -318.423, -386.685
2.54782, 218.227, 230.472
2.82267, 224.74, 31.3045
4.96742, 317.372, 134.322
5.40914, 484.037, 406.426
4.03373, -453.059, 528.382
4.57091, 209.66, 79.8643
4.33401, -406.76, -353.943
3.42687, 24.0929, 304.809
2.76788, 214.142, 73.08
4.47222, 225.218, 91.8316
3.98388, -162.132, -51.9524
5.05388, -458.888, 422.85
3.75392, -766.808, 159.439
5.01589, 485.146, 456.363
2.51168, 63.0375, 364.322
7.01807, 512.827, -427.527
2.79181, -405.922, -355.78
5.17506, -407.214, 411.751
3.95754, -389.183, 256.082
7.3023, -219.803, -40.448
4.73406, 290.962, 14.7168
5.08479, 365.811, 235.115
5.93861, -107.387, -272.645
2.72187, -198.285, -135.063
7.2946, -443.002, 461.654
5.70852, 135.461, -16.9887
2.80215, -34.0236, -238.426
3.33964, 272.274, 213.323
5.76491, 205.759, 203.352
6.19864, -475.39, 186.463
3.57011, 329.502, 133.683
4.31441, -16.9864, -307.713
6.56981, -308.198, 401.505
5.32057, 409.009, -302.202
7.45886, -58.1794, -273.972
6.5669, -487.106, 196.867
3.49157, -322.883, 75.8636
2.50003, -63.3955, -325.881
4.62608, 521.909, -504.037
4.07406, 300.68, 85.463
5.56218, 452.294, -390.693
3.83351, -157.539, -139.062
4.39881, -297.095, -372.706
5.43397, 317.136, 140.482
5.95636, -142.991, -265.825
7.26736, -40.2243, -239.752
4.89785, -339.445, -254.382
3.60319, 227.878, -292.704
5.33741, -560.11, -436.061
6.09873, 338.18, 35.0517
4.4953, -257.521, 560.102
3.48326, -368.602, 305.265
6.66971, -558.381, -534.852
5.59561, -469.659, -344.43
7.26866, -117.564, -247.183
3.23222, 178.039, -198.235
5.38953, -421.857, -263.116
7.26796, -311.047, 407.223
3.62331, 591.718, -338.383
7.25137, -396.144, 522.527
3.07874, 530.707, -389.296
2.58372, -93.6574, -275.893
3.90465, -61.3301, -176.693
7.15042, 189.785, 109.638
3.04796, 783.142, 599.168
6.77266, 53.5937, 354.843
5.68532, -549.935, -343.7
5.63853, 237.272, -300.645
3.80589, 448.628, 309.038
5.13936, -476.318, 262.001
7.16608, -170.581, 371.537
3.98055, 188.197, -67.7156
4.78006, 216.622, 24.2703
6.35659, -353.533, -346.924
4.17193, 364.368, 45.9373
6.31775, 221.86, -256.828
6.65892, 7.36643, 243.006
2.64618, -444.595, 487.885
4.31315, 369.545, -69.1939
4.16221, 277.354, -101.972
3.17675, -424.903, -256.707
3.00839, -200.562, 546.877
5.11327, -272.078, 442.11
3.52046, -240.393, -312.502
5.00728, -302.645, -386.682
5.1371, -53.2805, 273.543
4.13422, -94.7193, -136.805
4.75888, 168.854, -236.394
6.85263, 158.817, 301.988
4.72884, 562.574, 375.878
6.03726, -714.406, -454.536
6.83171, 520.672, -574.803
6.5822, 318.174, 148.301
2.67504, 604.106, 525.401
3.8644, -326.501, -200.006
5.21858, -114.237, -254.218
3.19942, -423.816, -483.405
5.57408, -216.122, -201.226
3.29182, -384.006, -247.164
4.41129, 226.5, 10.2802
5.94997, -42.6337, 113.007
3.21128, -249.42, 250.792
5.65284, -412.839, 432.106
3.15973, 47.1478, 318.455
7.13583, -482.183, 202.888
5.53465, -422.743, 430.293
5.50388, -386.193, 16.9077
3.33635, 259.054, -292.975
3.301, -355.708, -329.887
5.91628, 176.023, 113.625
5.1456, -284.607, -278.97
3.65264, 69.3227, 419.616
6.55373, -442.023, -190.109
5.76477, -17.1702, -146.827
4.08597, -354.082, -365.673
2.53953, -162.05, -150.92
3.49176, 420.121, 428.831
3.78831, 333.725, 59.8406
3.03825, 145.18, 80.9401
3.49545, -41.5132, -121.896
6.75079, 493.18, -514.016
6.63912, -409.522, 44.393
6.76813, -383.806, -288.234
5.71027, -66.559, 393.854
3.6787, 535.198, -386.648
6.80638, -481.246, -204.656
5.4745, 47.0699, -159.109
2.52745, 179.001, 92.2147
6.84925, -398.035, -281.383
7.37729, 204.58, 127.23
5.59653, 243.843, 17.8051
3.85574, -422.388, 154.093
7.46973, 50.0351, -152.095
4.60751, -465.111, -341.589
4.20537, -419.241, -344.633
4.80717, 229.129, 72.4072
4.44822, 12.5675, -168.371
4.613, 34.2132, 404.194
2.84879, 272.207, -11.3689
5.5153, 139.559, -123.822
7.36114, -47.8046, -72.2461
5.07406, -277.432, -282.81
7.45461, 145.555, 51.5874
5.84906, 233.502, 83.6957
4.01716, -261.267, -317.43
3.47371, 255.288, 335.589
4.0109, -309.677, -77.7935
4.93946, -393.78, 487.849
4.72438, 491.843, 407.026
5.7844, 157.262, -289.318
3.74227, -359.864, -315.007
4.72007, 66.838, 447.936
5.75894, -297.224, -383.397
6.67472, -456.507, 216.233
6.03698, 11.1561, 305.003
4.93928, -400.809, -326.071
6.72039, 222.415, 149.505
7.00296, -330.076, -190.305
6.33082, -263.88, -152.106
5.29453, 392.635, 479.453
2.70603, 274.204, 2.69977
5.46749, 213.798, 40.6573
2.68674, -309.627, 398.066
4.53488, 209.145, 116.656
2.84243, -477.439, -482.79
7.38558, -216.75, -204.094
2.5956, -309.796, -220.963
6.60363, -113.907, -171.351
5.2195, -428.383, 297.228
5.72828, 396.271, -290.559
3.62934, -123.805, -126.039
2.733, 678.917, -582.253
3.63154, 247.78, -287.956
4.58371, -375.573, 200.804
6.40126, 242.305, -338.007
3.72852, -427.245, 150.836
4.81411, 210.323, 73.49
6.14756, 175.159, 31.9114
5.35237, -440.183, 296.452
5.45997, 485.723, 454.772
4.98425, -532.707, 162.309
3.951, 221.872, 45.8492
4.71107, 22.499, -114.324
2.53669, 673.153, -769.418
7.41683, 268.369, -36.1845
2.52822, -414.044, -238.748
4.8676, 61.4531, 413.83
5.86497, -129.83, -121.698
