6.27803, -592.219, -497.019
3.5948, 121.067, -212.746
5.89648, 356.031, -604.677
5.09708, -211.831, 639.295
2.76731, -706.255, 624.44
2.53849, 240.664, 54.3427
4.58743, -554.93, -162.778
7.15218, 247.933, 288.047
2.95982, 32.7152, 483.153
6.00595, -151.819, 182.538
3.81226, 590.033, 664.78
4.14117, 415.43, -623.902
7.45519, 257.066, 164.763
7.41275, -471.523, -194.046
5.75759, 252.459, 337.951
6.92354, 213.432, -576.398
6.33247, -108.574, -415.842
3.87453, -538.882, -114.926
4.93259, -492.921, -225.065
2.80282, 723.197, 722.199
5.08146, -31.4928, 630.017
4.96988, 601.414, -443.184
7.23882, -623.348, -548.362
4.42071, 27.8505, -569.781
5.14874, 733.517, -351.151
2.75042, 600.565, 52.338
6.63909, 403.31, 395.118
5.94228, -551.486, -487.335
6.18112, 207.528, 625.071
6.94286, 678.681, 444.903
4.25508, -318.189, -374.83
6.72991, 287.67, 30.8446
3.84659, 457.24, -108.69
4.83959, 75.2965, -187.928
3.2686, -614.968, -560.765
2.66527, 430.227, 139.938
7.2768, 87.9378, 33.8245
6.95369, 195.024, 348.807
3.29884, 427.686, 82.6121
3.15214, 323.391, -518.424
2.515, -441.231, -630.466
6.0491, -566.834, -177.699
3.40448, -422.231, 574.985
5.76029, 612.071, -289.386
4.42907, 325.697, -533.143
3.23766, 30.0064, -191.263
5.45054, 464.117, -24.1853
3.24076, 89.5264, 600.993
3.2091, -137.899, 617.892
4.94257, -374.326, -27.916
3.13015, 574.678, -64.59
5.64635, -245.643, -421.402
5.60817, 237.355, -430.013
4.88216, -422.606, 574.465
2.64188, -368.564, -127.95
3.21011, -19.7593, 626.18
3.15594, -185.781, 671.941
3.31099, -690.035, 634.926
3.76529, -124.859, -529.078
4.77654, 390.048, -649.34
6.54472, -10.6445, -200.867
3.57624, 207.569, 592.813
3.75063, 602.419, 328.667
5.02978, 19.6256, 629.739
6.27922, 462.875, 101.97
5.66369, 602.563, -80.5306
5.9449, 464.968, -105.961
7.27207, 699.29, 453.767
5.18713, -487.333, 560.32
4.57014, -505.435, -135.129
4.70019, 376.256, 100.917
6.07821, 566.715, 403.659
6.20858, 237.609, 297.491
5.12494, 676.734, -734.562
6.06711, -562.25, -186.055
5.91025, 248.17, 26.482
6.82941, 675.671, -423.691
3.19597, -95.481, 585.724
3.57766, 638.313, -257.302
5.0733, -241.894, -201.853
4.83766, 108.887, 514.431
3.55759, -229.199, 602.848
5.65244, -564.161, 694.041
2.5044, -649.454, 254.675
4.09589, 301.077, 373.516
5.90281, 263.46, 19.5405
6.0446, 493.375, -414.884
2.90869, -667.048, 488.288
3.56926, 292.83, 411.849
4.44412, -566.45, -519.619
4.44927, 694.7, 671.81
3.92018, 260.096, -473.586
4.6123, 381.2, 375.878
2.55658, -601.187, -580.558
3.72027, 745.258, -590.336
4.49072, -647.062, 510.799
6.64177, -681.307, 197.794
3.78584, 745.873, -679.067
3.59705, -614.007, -547.739
6.47385, 293.62, 387.464
5.8476, 299.005, 316.339
5.49108, -646.02, 169.41
5.99917, -243.526, -440.927
5.13062, 392.614, -564.312
4.14833, 315.981, 144.561
3.30844, -771.558, 138.855
6.56633, 472.197, 35.4663
4.08004, 270.131, 202.01
4.05369, -124.659, -546.398
4.65424, 4.17366, 26.601
4.46509, -235.788, -427.654
4.43916, 55.9874, -169.651
4.34871, -523.418, -442.355
5.88118, 282.087, -449.345
6.10384, 224.76, 42.7697
7.20082, 11.9862, 608.021
5.08573, -201.537, -366.519
5.5282, -142.246, 178.951
5.85049, -548.089, 706.283
5.11404, 31.0391, -95.5049
3.87105, -658.589, 562.4
7.08924, 257.534, 311.429
3.73367, 689.113, -450.044
4.77876, 197.387, 273.27
3.30374, -691.783, 607.229
4.68319, 162.673, 274.349
7.45767, 258.914, 163.582
6.26931, -314.655, 386.537
4.97846, -549.877, -485.484
7.01651, -633.218, -492.417
4.68213, 444.556, 423.445
5.09239, 71.0244, -537.87
4.44866, 134.124, -417.965
5.63431, -104.668, -388.414
5.19331, 279.704, 142.95
4.35955, 446.146, -423.812
2.54674, -209.078, 236.937
6.3794, -23.0342, -559.854
2.85317, -488.832, -532.967
3.98511, 340.008, -608.637
4.78581, -13.3188, -570.914
3.25156, -97.3714, -71.2445
5.97819, 481.41, -382.419
4.15587, 270.761, 149.199
5.21197, 736.758, -720.066
2.64678, 643.238, -752.976
5.38086, 58.7989, -174.422
5.18133, 207.174, 312.603
7.36678, -628.707, -619.805
5.57063, -222.057, -434.172
5.26431, -698.899, 220.983
6.69051, -207.616, 654.745
3.75764, -403.676, 599.14
6.98957, 452.539, -108.23
5.97428, 430.993, -367.051
5.82752, -399.626, -133.248
3.06838, -561.62, -394.042
3.37987, -631.837, 228.651
2.91253, -85.2207, 100.355
6.68103, -111.396, 235.97
2.64818, 707.44, -639.244
6.34719, -42.2465, -515.681
4.29829, -384.237, 581.061
6.24626, 79.4976, 469.865
6.28385, 307.702, 103.885
3.60834, -434.861, -608.089
5.58305, 307.912, 118.972
3.66846, -344.529, -152.08
6.22052, -707.538, 228.941
5.80997, -545.692, -506.676
4.9209, 743.135, -606.836
2.58972, 626.19, 58.8646
4.98291, 276.744, 209.28
5.09587, -30.8003, -514.017
4.71395, -656.05, 327.656
4.14528, -16.1525, 617.703
3.52671, 350.264, -55.1394
7.19863, -88.2222, -378.34
2.85168, -478.693, 626.882
3.30042, 106.122, -605.57
6.70788, -514.985, -140.029
4.13614, -159.831, -141.116
6.85942, 216.879, 278.931
5.99896, 588.681, 513.109
5.52801, 676.11, -136.992
4.77536, 89.4732, -164.532
2.91543, -442.207, -236.11
3.94883, 62.8415, -176.791
6.51009, -594.377, -374.337
6.81821, 229.167, -32.8829
3.81831, 293.065, -506.717
4.79881, -630.47, -210.371
4.95672, 456.684, -395.938
5.82344, -450.363, -589.762
7.31738, -480.033, -237.436
7.23022, 409.406, -591.841
2.81902, 278.111, -467.598
5.04829, -485.067, -303.095
6.13222, 655.958, 495.529
5.65882, 377.739, -181.089
3.26658, -752.193, -738.646
5.09652, -657.64, 330.708
3.52281, -403.355, 473.061
6.03231, 352.56, -620.25
6.05786, -422.067, -139.558
3.66304, -380.53, -181.084
6.80594, 60.8119, -175.438
2.67122, 20.0297, 602.199
6.26587, -617.076, 290.733
4.14789, 435.512, 111.115
4.65309, -130.655, -366.183
7.33455, 577.418, -40.1454
4.05803, 628.054, 529.383
5.69762, 711.664, -722.868
5.95386, 590.453, -42.1663
5.36403, 34.4639, 486.333
6.60667, 736.833, -606.57
4.21807, -552.775, -439.346
5.09387, -547.377, -479.879
6.78438, 48.8506, -545.229
6.18587, 237.337, 33.2141
3.45992, -663.907, 155.01
2.83145, -259.783, 266.492
3.60828, 742.131, -659.17
3.33656, -239.578, -71.6059
6.31172, 351.611, -587.058
5.44905, -690.082, 170.783
4.65223, 752.926, 710.45
7.09618, 508.849, 2.86626
5.09668, 258.814, 190.774
7.38058, -573.212, -94.5333
5.15714, -374.028, -4.66348
2.98716, 307.974, 58.0513
5.83983, 292.786, 141.816
5.44444, 283.424, 11.08
5.01137, -524.794, -182.399
2.75808, -644.877, 261.797
2.6753, -207.054, -229.364
4.41484, -584.815, -586.042
5.55555, 337.113, 109.624
5.06574, 582.582, 659.028
5.98498, 209.651, -21.9217
4.89891, -65.9576, -113.517
3.88323, 122.008, 387.726
6.01685, -363.929, 67.1734
3.67701, 572.764, -48.3639
6.41501, 58.7614, -210.924
6.60589, 190.351, 557.384
3.21842, -407.529, -72.6605
5.75757, -398.059, 594.179
3.87677, 807.939, -638.497
7.26215, -416.742, 646.49
4.58238, -513.855, -139.9
3.03869, -132.878, 167.766
4.70633, -694.208, 489.116
6.28811, -454.814, -206.025
2.77803, -491.578, -213.007
3.51241, -21.864, 40.912
6.82305, 696.884, -597.319
6.52456, -217.35, -56.9026
2.78861, -659.312, -403.905
4.40304, 14.136, -578.868
4.56124, 62.8596, 538.524
2.80071, -268.725, 275.878
7.09746, 592.381, 576.296
3.35398, 522.695, 726.255
6.51634, -621.95, 229.295
3.88599, 504.848, -30.3789
4.44586, 151.891, 698.319
7.19936, 15.3273, 626.316
6.24573, 63.5125, -138.811
3.44774, -445.982, 563.328
6.89581, 236.036, 323.134
6.8953, 320.107, -551.223
3.30515, -595.136, -233.953
5.87346, -492.52, -235.737
6.89096, 485.128, 96.2746
6.98262, 333.3, 362.534
3.06535, -75.1904, 589.543
5.93789, -195.778, -233.603
3.21651, -521.487, -457.39
3.6901, 269.047, 4.76691
5.64383, 669.257, -108.271
4.312, 601.519, 330.819
4.64437, 718.799, 510.937
4.91936, 27.4091, -566.394
6.20379, 123.539, -171.885
3.23098, -491.332, 490.428
7.36238, -589.472, -378.144
7.3158, -493.691, -237.885
3.14741, -334.674, 546.176
5.3784, -107.375, -407.223
4.66439, 130.331, -212.648
5.50066, -251.034, -190.784
5.85098, -512.082, -142.802
4.5137, 442.344, 732.772
6.46691, 707.177, 514.028
4.89889, -542.928, -191.703
5.72449, 310.721, 187.543
4.28836, -228.969, 610.865
5.96794, -242.582, -190.436
5.83428, -438.471, -525.673
3.22071, -409.795, 547.398
7.10415, -589.81, 240.659
4.22228, 48.9605, -201.104
6.66824, -243.071, -468.781
2.74349, 291.319, -501.585
3.27936, -188.791, -38.052
2.55765, 299.731, 384.365
3.94327, 13.7914, 523.617
5.07295, -246.325, -194.668
3.65948, 601.053, 430.104
2.75022, -188.887, -49.7931
5.33091, -620.816, -526.385
6.69774, 29.9997, 586.235
4.28763, -589.762, -538.416
4.3452, 110.156, 670.252
7.22226, 273.604, 114.057
4.72425, -525.946, -182.414
6.82086, 292.953, 111.162
5.82654, -542.354, -509.03
5.79297, 102.607, 534.172
7.10736, -787.063, 746.484
5.11536, 709.37, -728.298
5.45229, 314.427, -425.035
5.79944, 612.811, 520.565
4.24765, 331.625, 359.621
4.11714, 236.387, 15.9049
7.08984, 36.9901, 581.25
3.08619, 694.026, -444.25
7.31268, 510.111, -104.465
5.17978, 96.6653, -187.886
5.81447, 620.155, 504.139
5.48362, 700.912, -455.678
6.93363, -546.961, -561.322
6.67999, -590.544, -535.131
6.69339, 303.887, 147.104
6.85642, -117.959, 199.279
2.5002, -622.95, 145.868
4.77274, 310.717, 101.169
4.25696, -623.908, 226.09
5.80713, -211.426, 587.123
6.22234, -669.406, 222.177
3.3821, -147.939, -410.637
7.4621, 767.544, -553.125
5.95466, -626.763, 235.371
6.97862, 321.761, 1.58321
3.51579, 252.328, 30.6907
7.2356, -430.475, -233.825
4.88476, 703.469, -470.218
6.78578, 733.342, -630.796
6.41237, -614.324, -493.863
5.70687, 726.082, -633.266
3.14521, -716.952, 180.908
5.77944, -59.1609, 612.393
3.09199, 79.5123, -103.117
3.88793, 206.315, 593.541
6.65548, -247.506, -190.15
6.14153, -644.252, -507.991
6.74348, -738.237, 189.868
3.43989, -625.971, -609.73
6.09602, 382.083, -275.669
4.25586, 285.294, 237.304
3.34555, -466.409, -523.965
4.52383, 254.098, -550.143
4.20924, 120.166, 655.111
6.67141, 259.855, 22.8705
3.9111, 619.985, 491.192
5.16766, -618.021, -545.94
6.25085, 740.605, -678.346
4.62554, -616.958, -469.809
4.66964, -417.959, 674.614
3.03022, 724.198, -780.646
6.4639, -165.734, -398.321
3.91232, -554.111, -478.425
7.14264, -428.442, -201.579
5.37926, 294.37, 379.632
3.4895, 617.431, -295.352
5.99081, 419.882, -580.436
3.07265, 286.361, -531.455
4.22945, 203.534, 628.878
4.15646, -417.879, -203.108
6.42735, 685.564, -643.834
6.65775, 362.179, -94.8753
4.21712, -667.534, 626.634
4.2603, -239.52, 646.911
6.38197, -49.3479, -594.34
6.58658, -64.3711, 607.126
4.26157, -239.081, 149.558
7.09559, -441.042, -176.673
3.2877, 265.473, 113.147
5.56029, -469.664, 561.052
5.54222, -411.16, 548.424
3.16647, -181.408, -459.457
3.51409, -612.108, -559.435
4.79457, -626.041, 562.324
3.48759, -420.224, 576.373
6.77118, -650.069, 186.249
6.54562, -502.662, -477.142
2.80131, -677.689, 547.117
6.50584, -646.266, 523.459
5.49597, -137.551, -400.842
7.43182, -648.573, 217.845
2.65919, -14.2631, 603.092
6.8356, 751.952, -659.374
3.69109, 478.57, 212.359
3.6127, 251.724, 303.033
4.73907, -538.236, -562.544
2.61231, 645.34, -26.217
6.79755, -190.533, -52.2725
4.15902, 217.741, 269.767
5.72195, 282.307, 92.361
7.43521, -563.688, -451.986
5.30162, 281.504, -415.118
4.74553, -612.373, -232.91
5.213, 2.28184, -551.25
2.90797, 560.562, -53.5593
3.99606, -572.38, -188.817
6.63964, 588.935, 580.48
6.48936, 436.548, 742.604
5.71048, -52.3941, 661.676
4.84105, 428.677, 165.939
7.15326, -140.464, -402.526
5.08798, -196.996, -65.8957
7.42924, 708.588, -361.247
5.94567, -12.2482, -566.29
6.19966, -140.348, -399.556
3.46323, -449.184, -607.86
6.08881, -417.097, 571.67
6.11146, 488.184, 13.3151
6.49298, 348.208, 124.587
4.23216, 225.714, -677.847
5.1481, 146.006, -319.214
3.19001, 627.853, -248.575
6.73218, -263.981, -163.567
6.32766, -6.70476, -562.852
7.5, 698.206, -457.897
4.24891, 488.801, 698.525
5.50367, -506.48, 611.383
3.50808, -390.805, -29.1946
6.2385, 70.9048, 51.3957
6.49225, 637.421, 165.813
3.03505, -667.458, 166.456
5.35813, -371.351, -26.6114
2.84683, 263.251, -333.048
4.16036, 717.539, 512.89
5.80945, 348.176, -534.396
5.27726, -61.3961, -80.7529
7.12415, 284.806, 1.57804
2.69832, -378.475, -31.7969
2.62083, -211.246, 40.7903
4.61923, 210.555, -471.998
4.36987, 298.551, 97.9845
2.93303, -247.655, -166.475
3.05403, -51.0761, 126.332
5.31992, 279.658, -377.68
7.37269, -50.5604, 561.088
3.05066, -40.5643, -518.059
5.99352, 135.117, 585.031
2.79674, -15.2334, -566.003
4.69755, 574.987, -49.2273
5.24651, 719.19, 613.485
3.45129, 526.225, -603.416
7.36597, 273.524, 107.38
3.19593, -476.79, -48.0177
5.48978, 707.594, -469.896
7.12812, -733.031, 611.287
3.91116, 15.5922, 608.482
6.8307, -119.036, -130.632
6.29598, -24.3329, -334.636
6.10793, 270.202, 357.209
3.34241, -244.866, 246.94
3.32882, 687.969, 321.166
3.39076, -654.058, -578.332
5.87226, 226.025, -453.126
4.83484, -156.847, -222.866
6.85219, -588.771, -389.605
5.76023, -583.343, -124.925
5.80464, 766.442, 767.631
2.58037, -621.917, -503.847
4.30596, -579.277, -538.81
3.72747, 606.994, 104.241
6.93086, -715.807, -698.8
5.23701, 697.696, 741.64
6.57209, -18.1476, -545.288
5.24453, 123.038, 581.615
4.16156, 362.815, -26.0923
4.40213, 1.7178, -572.38
2.52389, 561.886, 496.311
6.95226, -183.353, -379.527
6.16955, -440.81, 626.31
6.04239, -76.3678, 595.82
5.1278, 92.9244, -179.907
6.41065, 53.6154, -562.229
3.42484, -351.921, -397.36
5.72673, 256.654, 341.703
3.42178, -475.567, -207.416
3.31214, 67.8059, -205.468
2.65594, -227.605, 639.894
7.42716, -1.95328, -570.305
4.04559, -241.162, -395.284
4.11075, -463.069, -231.666
5.51155, 210.265, -38.528
2.89107, -275.682, -641.527
3.93936, 73.397, 71.2877
5.79307, -145.755, -395.473
7.36348, -633.61, -357.379
7.27758, -368.617, -537.659
7.42745, -475.915, -215.366
7.30478, -575.134, -523.142
3.0073, -391.002, 636.411
3.71505, -139.629, -396.252
6.91151, 24.4146, -142.689
5.28805, 275.576, 363.75
6.7669, 576.585, 468.263
7.49145, -416.507, 577.887
3.99751, -227.228, -616.396
6.33157, 681.046, 444.424
4.81901, 229.375, -44.2465
6.8168, -630.307, -506.113
6.99018, 669.272, -166.663
7.377, 201.824, -345.861
2.77405, 394.31, -7.85787
6.32605, 714.897, -646.776
5.09219, -667.41, 585.808
3.46574, 645.721, -102.774
6.98252, 305.157, -500.326
6.38492, -641.231, 244.934
2.75968, 270.413, 358.27
7.47331, -722.756, 650.624
5.93659, -186.267, -427.015
5.94854, 673.106, 411.434
6.57666, -429.985, 565.246
7.05426, -197.949, -399.79
3.34218, -118.404, 203.758
5.24183, -381.15, 601.768
6.53351, -379.213, -148.768
4.17803, 283.347, -452.223
5.53435, -105.301, -40.7987
6.59602, -639.52, 149.702
7.3485, 91.1532, -180.543
6.29349, 599.182, 458.68
3.72113, -116.963, -129.079
5.80589, -574.086, 283.322
4.21574, -480.585, -238.511
7.27146, 252.793, -300.204
2.60828, 566.412, 486.017
4.54979, -780.174, 770.297
2.55789, 457.81, -610.425
3.04964, 644.687, 208.814
5.28259, -651.854, 290.535
4.45466, 23.286, -172.413
7.20539, -32.2989, -98.6398
2.55572, 245.842, 274.925
6.22897, -142.73, -418.746
3.84293, 311.583, 99.3934
4.27153, -693.261, -514.451
3.45835, -434.809, 587.655
5.14832, 186.633, -15.1743
4.39478, 39.3981, -563.389
3.16407, -83.798, -541.995
4.26563, -144.162, -413.298
4.2497, 764.825, 728.401
7.41084, 463.668, 7.43083
5.25961, 49.1632, -135.251
4.99918, -20.0838, -570.624
3.58531, -671.015, 207.143
4.37311, -18.7696, -334.498
6.78251, -615.237, -554.574
6.45578, 671.866, -445.558
3.9204, -479.942, 624.193
5.07645, 247.31, 165.974
6.79238, -232.613, -79.8883
7.07844, -605.7, -204.264
7.48941, 87.4212, 602.974
6.53177, 76.5189, -209.565
5.22718, -575.682, -215.012
7.3461, 14.0393, -561.15
5.31931, -545.319, 312.912
4.03031, -455.515, 608.828
5.41853, 630.061, 675.053
2.91197, 60.0516, -176.076
5.47382, 271.265, 351.134
3.31968, -638.188, -524.652
6.46527, -602.442, -577.997
2.95373, 674.587, 526.058
6.3072, -549.635, -566.81
6.83996, -192.779, -52.3721
6.40105, 23.6695, -139.044
6.61399, 698.002, 678.001
6.70974, 245.687, 383.73
4.48328, 196.103, 28.6285
6.508, -80.4107, 98.1612
6.56811, 236.003, 16.3549
5.43493, -359.231, -6.59893
4.64621, 573.583, -37.3574
2.5002, -161.242, -417.981
5.31153, -672.203, 178.291
6.22632, 323.867, 94.9545
3.89846, 658.108, 241.279
2.93406, -642.415, 511.875
3.5733, 694.265, -632.457
3.93296, -434.952, 571.391
4.86595, -397.819, 436.284
6.95893, 681.509, 660.653
5.91955, 452.642, -396.585
3.54376, -9.66973, -211.159
6.67533, 755.231, -34.7905
7.09218, 736.377, 698.364
4.48244, -558.55, -563.301
6.37858, 379.859, 388.051
5.68161, -25.9314, -96.4448
6.64746, 299.091, 132.139
3.40204, 446.479, -382.117
7.45927, 404.327, -584.241
6.70558, 16.5977, -541.53
4.65177, 685.92, 205.425
4.38589, 481.957, 747
2.70802, 441.072, -363.059
6.80715, -584.262, -520.999
6.62116, 764.913, -678.064
6.25052, -146.412, 602.301
3.55801, -261.928, 647.171
4.31029, -586.56, -214.32
4.43545, -587.29, -393.004
7.32918, 569.406, 494.416
6.5872, -30.9152, 620.216
4.5755, 18.8235, 370.769
5.83759, 335.61, 113.179
2.52101, 485.476, 708.247
6.98048, -700.03, 248.346
3.68416, -205.525, 271.788
3.79415, 239.679, -228.964
5.4939, 318.94, -581.812
6.89823, -634.401, 189.62
6.16299, -630.249, -444.839
6.0773, 630.546, 514.244
3.57724, -416.233, 602.613
6.30413, 687.484, -753.345
3.85351, -266.984, -462.899
2.75246, 420.366, 142.927
4.78866, 265.516, 195.34
2.58759, 431.814, -572.038
3.01129, 50.6707, -72.9859
2.639, -243.604, 146.055
5.65921, -281.903, -427.168
6.34425, 92.0189, -175.115
2.74132, 387.231, -514.321
6.6924, -12.8032, -553.594
6.76899, -194.504, -154.445
6.57649, -422.621, 577.456
6.85188, 675.763, 337.597
5.27222, -455.816, -237.319
6.12646, -221.534, -52.6223
3.20424, -398.475, 577.343
6.6115, 427.253, -433.487
5.51185, 411.319, -35.0022
4.93856, 414.619, -606.432
6.14942, -133.491, 603.918
4.05164, 764.677, -547.223
3.93925, -676.579, 191.701
5.45857, -726.131, 612.088
5.34055, 519.076, 603.869
5.41059, -529.552, -537.982
2.84132, -729.609, 207.524
4.34304, 51.6574, -161.906
6.28475, -563.246, -503.911
6.35297, -441.607, -628.294
4.27217, -438.009, -211.514
5.98913, 84.4265, 572.595
5.08005, -478.529, -216.999
5.94494, 264.282, 25.9844
6.18066, -48.5235, 665.689
2.56231, -266.069, -407.508
7.16549, 464.599, 8.81479
5.37826, 371.927, 110.557
3.05587, 509.691, 673.296
4.87388, -105.164, -66.9531
3.24247, 253.347, 157.68
4.22594, 264.089, 346.413
7.04476, -626.147, 229.714
4.54571, 67.2012, 465.38
5.96642, -566.38, -113.344
3.35865, 354.591, -537.722
6.21715, 645.005, -443.323
4.16319, -464.971, 596.491
4.62157, 430.91, 162.685
2.79523, -196.1, 83.5359
5.09005, 213.988, -37.4972
5.94425, 282.68, -447.999
5.01149, -187.477, -70.9337
6.56617, -99.0504, -566.824
3.07974, 101.329, -593.828
5.24841, 289.198, 356.877
5.06046, 259.943, 51.915
6.02649, 694.527, 468.548
5.65083, -223.035, 634.955
4.0207, -88.6253, -624.023
6.74719, 345.753, 104.262
3.39619, 509.958, 19.4302
2.61737, -391.226, -133.6
4.19467, 525.191, -14.098
3.43818, 281.285, 29.3765
6.60467, -194.837, 50.195
6.72507, -548.467, -194.357
6.78031, 755.746, -656.388
7.37454, -688.168, 607.757
2.99587, 347.619, -412.207
2.56182, 609.059, 516.064
2.58614, 222.822, 266.759
2.64527, 351.382, 103.214
4.1031, 44.9958, -132.37
6.17815, 490.253, 222.275
3.14876, 209.866, 319.675
2.5161, -321.791, 350.952
6.91905, -4.41275, -572.183
3.70482, 322.399, -549.148
4.38481, -724.693, 603.587
4.44879, 495.366, 94.8177
2.81534, 463.477, 201.041
7.30792, 159.069, 564.306
3.75349, 638.226, -187.228
6.85376, -528.291, -55.8408
2.85991, -675.697, 152.22
2.70653, -318.09, 490.657
3.46378, 229.449, -456.323
3.86708, -252.814, 261.387
7.4007, -636.93, -349.88
3.60607, 249.45, -477.688
6.43119, -675.142, 571.573
4.42306, 155.436, -287.663
3.78593, 310.939, -574.672
3.91087, -659.72, 236.357
7.33834, 593.956, -43.1204
4.22841, 437.516, 131.211
3.45922, -618.331, 494.583
5.05037, -487.001, -176.073
5.21857, -387.352, 652.945
5.72333, -582.929, -527.308
3.89738, -42.8975, 556.25
3.41887, -270.664, -414.188
2.71579, -637.151, 182.086
3.98408, -494.173, -203.581
4.25548, -163.194, 117.203
7.09372, -478.69, 564.552
5.81225, 440.226, -226.171
5.08041, 624.962, 486.757
4.03763, 386.818, 392.387
3.0007, -136.612, 99.1999
3.47502, 337.224, -580.099
4.11407, 118.397, -283.72
5.56182, 629.423, 103.24
5.13511, 712.172, -648.598
3.45653, 241.829, 149.389
4.7178, -534.642, -506.468
4.48693, -389.739, 620.995
6.28051, -557.088, 639.874
6.6213, 619.323, 487.541
5.51573, 52.7303, -234.46
3.04573, 373.911, -561.283
4.11797, 367.319, -156.037
5.03403, 147.494, 239.404
4.76521, -438.961, 555.328
4.77315, -138.92, -403.022
4.91125, 739.231, 710.665
5.07896, 281.775, -529.31
4.50207, 89.7586, 633.503
4.22945, 550.272, 312.884
6.64533, 672.835, -109.971
3.02204, -570.716, -463.822
6.40057, 392.414, 401.908
3.19919, -245.522, -189.446
2.62171, -592.808, -575.376
6.0664, 344.055, -550.936
7.15538, 9.22591, -577.254
7.47667, 299.66, 156.947
3.86264, -639.721, 296.578
3.6923, -429.345, -201.781
3.87328, 494.259, 508.029
5.70836, -595.114, -526.261
5.17637, 303.097, 129.061
6.8967, 625.844, -336.859
6.75968, -633.614, -500.181
2.98004, 597.355, -64.9604
4.66818, -713.752, 240.822
3.17045, 79.6376, -527.371
5.86802, -145.594, 199.605
5.34964, -132.488, -441.393
3.66474, -361.535, 704.15
5.50306, 273.031, -464.075
2.6551, -444.735, -89.1476
7.08512, 375.051, -286.375
3.82958, 647.139, -24.654
6.50016, -136.32, -351.484
5.46389, 28.7148, -618.514
5.0822, 266.381, 349.831
5.2567, 269.523, 325.697
3.47225, 350.703, -155.208
5.36152, 103.555, -666.519
3.81992, 248.681, 303.108
4.41648, -693.677, 472.354
2.73626, -578.445, -705.088
4.22823, 456.755, -611.424
3.61594, 472.355, -372.18
3.81264, -15.7, -501.204
3.05141, -232.906, -440.46
7.40088, -549.652, -103.759
5.93794, 617.587, 512.7
5.82158, -485.833, -173.116
5.99501, -669.667, -506.037
2.68746, -598.428, -368.853
3.6706, -688.974, -511.703
3.95397, 645.228, 519.547
3.50543, -67.7031, -89.3673
2.7177, 303.942, 45.0991
2.56571, -390.172, 682.506
6.07297, -407.716, 549.365
6.88348, -577.627, -498.69
5.35088, -633.141, 346.726
6.92743, 740.659, 739.95
5.20042, -440.609, -185.047
3.31357, 692.959, -642.686
3.30492, 786.106, 431.996
7.19182, 280.263, 181.988
3.45628, 499.502, -629.869
3.15761, 112.953, -136.408
4.41122, -189.673, -51.8879
6.12674, 195.731, -47.1857
2.50651, 582.377, 659.234
4.60222, 20.6087, 605.051
5.18984, 249.16, 43.3322
4.86596, -163.118, 228.517
6.33003, 587.577, 655.668
2.9396, 469.886, -441.965
7.04284, 254.244, 218.679
3.20818, -575.031, -538.168
2.54782, 291.598, 43.3062
2.82267, 291.911, 412.391
4.96742, 291.976, 119.55
5.40914, 487.231, 709.795
4.03373, -629.755, 522.301
4.57091, 585.485, -45.7662
4.33401, -625.949, -542.79
3.42687, 86.1604, 519.352
2.76788, 453.573, 127.333
4.47222, 405.455, -60.1086
3.98388, -222.225, -183.669
5.05388, -450.871, 590.92
3.75392, -736.437, 209.319
5.01589, 733.906, 713.509
2.51168, -60.985, 610.402
7.01807, 707.196, -442.79
2.79181, -725.83, -693.391
5.17506, -429.321, 552.329
3.95754, -444.798, 582.625
7.3023, -580.413, -194.043
4.73406, 273.279, 25.8101
5.08479, 690.198, 225.834
5.93861, -185.998, -94.7294
2.72187, -126.962, -81.8973
7.2946, -668.406, 505.613
5.70852, 240.263, 79.9575
2.80215, 205.246, -550.802
3.33964, 254.047, 314.161
5.76491, 348.229, -76.3831
6.19864, -665.541, 151.546
3.57011, 663.071, 208.009
4.31441, 123.135, -565.484
6.56981, -549.813, 678.796
5.32057, 637.464, -378.778
7.45886, -39.8776, -518.415
6.5669, -629.943, 162.86
3.49157, -680.743, 16.0633
2.50003, -10.5862, -507.272
4.62608, 678.836, -595.593
4.07406, 659.436, 248.921
5.56218, 535.072, -689.197
3.83351, -76.9133, -358.004
4.39881, -539.753, -63.4263
5.43397, 640.253, 196.06
5.95636, -154.584, -404.074
7.26736, -243.904, -449.275
4.89785, -323.511, -652.432
3.60319, 321.203, -580.929
5.33741, -544.744, -435.883
6.09873, 303.741, 109.946
4.4953, -417.381, 581.76
3.48326, -561.791, 697.9
6.66971, -683.889, -517.982
5.59561, -444.513, -620.497
7.26866, -194.441, 43.8806
3.23222, 81.7008, -192.857
5.38953, -264.384, -461.144
7.26796, -422.118, 604.214
3.62331, 720.334, -718.284
7.25137, -412.815, 547.645
3.07874, 693.585, -436.443
2.58372, 59.3803, -320.902
3.90465, -239.783, -209.359
7.15042, 479.724, 86.764
3.04796, 749.683, 736.086
6.77266, 49.37, 536.929
5.68532, -553.847, -516.887
5.63853, 319.394, -578.73
3.80589, 624.443, 492.539
5.13936, -629.616, 199.97
7.16608, -222.118, 628.824
3.98055, 594.871, 45.9351
4.78006, 228.575, 288.207
6.35659, -561.312, -534.811
4.17193, 295.509, 116.836
6.31775, 146.819, -600.724
6.65892, -109.798, 586.902
2.64618, -712.028, 474.04
4.31315, 573.125, -200.208
4.16221, 300.562, 366.866
3.17675, -395.631, -118.645
3.00839, -247.625, 622.005
5.11327, -467.694, 715.487
3.52046, -64.5653, -368.039
5.00728, -533.976, -523.017
5.1371, -31.0961, 608.264
4.13422, -191.186, -116.823
4.75888, 279.561, -287.197
6.85263, -1.03811, 580.055
4.72884, 523.745, 600.466
6.03726, -614.601, -484.276
6.83171, 731.188, -592.198
6.5822, 647.524, 200.936
2.67504, 772.207, 744.998
3.8644, -489.837, -206.611
5.21858, -293.156, -436.316
3.19942, -540.349, -503.935
5.57408, -634.42, -626.428
3.29182, -593.152, -520.577
4.41129, 227.537, 187.646
5.94997, -111.118, 144.25
3.21128, -327.016, 346.796
5.65284, -679.709, 609.841
3.15973, 74.6477, 622.668
7.13583, -687.115, 216.77
5.53465, -686.532, 610.551
5.50388, -647.267, 191.119
3.33635, 413.732, -350.46
3.301, -590.225, -564.252
5.91628, 536.489, -2.45729
5.1456, -581.349, -68.3883
3.65264, -33.6773, 610.009
6.55373, -395.272, -136.158
5.76477, -279.475, -457.73
4.08597, -571.594, -558.891
2.53953, -192.126, -543.74
3.49176, 649.037, 519.427
3.78831, 145.104, 322.689
3.03825, 562.903, -106.247
3.49545, 158.948, -259.278
6.75079, 782.239, -566.248
6.63912, -630.85, 201.173
6.76813, -543.578, -488.099
5.71027, 117.058, 530.929
3.6787, 716.129, -722.722
6.80638, -622.864, -469.355
5.4745, 112.889, -129.828
2.52745, 410.354, -55.3603
6.84925, -601.277, -543.661
7.37729, 427.479, 143.884
5.59653, 219.808, 47.7152
3.85574, -698.161, 105.558
7.46973, -24.4489, -347.885
4.60751, -603.399, -574.895
4.20537, -562.961, -467.25
4.80717, 259.785, 29.252
4.44822, 164.746, -304.515
4.613, 109.131, 562.436
2.84879, 252.493, 309.759
5.5153, 38.5782, -189.363
7.36114, -87.0733, 69.6755
5.07406, -562.417, -560.132
7.45461, 606.359, -19.8731
5.84906, 449.528, -108.316
4.01716, -574.8, -118.144
3.47371, 543.082, 512.84
4.0109, -576.626, -490.445
4.93946, -387.14, 473.421
4.72438, 473.381, 716.622
5.7844, 379.067, -557.959
3.74227, -581.182, -527.779
4.72007, 90.4453, 471.379
5.75894, -569.51, -52.0209
6.67472, -685.279, 216.754
6.03698, 113.464, 657.413
4.93928, -609.345, -544.452
6.72039, 330.891, -62.9755
7.00296, -433.205, -209.81
6.33082, -612.4, -502.568
5.29453, 529.703, 760.387
2.70603, 88.7542, 29.3515
5.46749, 412.568, 114.601
2.68674, -386.32, 624.674
4.53488, 213.335, 301.51
2.84243, -722.549, -768.609
7.38558, -601.32, -622.79
2.5956, -469.013, -211.379
6.60363, -204.381, -196.855
5.2195, -418.795, 564.267
5.72828, 613.376, -294.695
3.62934, -180.602, -164.683
2.733, 703.799, -646.964
3.63154, 251.293, -505.959
4.58371, -646.432, 118.906
6.40126, 232.239, -507.072
3.72852, -691.049, 149.766
4.81411, 450.337, 128.35
6.14756, 584.454, 90.6097
5.35237, -419.07, 577.591
5.45997, 735.425, 714.884
4.98425, -630.688, 243.776
3.951, 255.463, 136.609
4.71107, 83.7067, -195.413
2.53669, 733.667, -694.634
7.41683, 435.526, -231.229
2.52822, -713.334, -199.882
4.8676, -33.6813, 607.212
5.86497, -155.44, -242.957
