6.27803, -190.853, -323.676
3.5948, 33.9374, -104.102
5.89648, 219.23, -354.748
5.09708, -196.504, 373.636
2.76731, -403.576, 414.449
2.53849, 290.029, 70.3967
4.58743, -320.933, -223.257
7.15218, 279.25, 224.916
2.95982, 37.2092, 435.168
6.00595, -87.5089, 35.5932
3.81226, 573.181, 471.345
4.14117, 224.43, -376.55
7.45519, 253.121, 56.8926
7.41275, -365.994, -186.351
5.75759, 227.096, 232.397
6.92354, 241.75, -313.351
6.33247, -120.128, -172.796
3.87453, -373.097, -194.286
4.93259, -330.368, -228.13
2.80282, 545.98, 571.727
5.08146, 16.6021, 439.734
4.96988, 381.581, -360.736
7.23882, -437.371, -374.748
4.42071, -96.7557, -249.152
5.14874, 483.088, -268.607
2.75042, 256.77, 52.1535
6.63909, 197.906, 153.959
5.94228, -450.3, -399.679
6.18112, 14.6721, 394.742
6.94286, 459.175, 437.774
4.25508, -184.275, -264.504
6.72991, 282.627, 195.134
3.84659, 302.556, 15.5466
4.83959, 45.0192, -134.46
3.2686, -494.641, -407.95
2.66527, 208.646, 93.0605
7.2768, 214.183, -18.44
6.95369, 352.568, 112.908
3.29884, 223.44, 37.8243
3.15214, 347.913, -331.696
2.515, -614.582, -377.882
6.0491, -276.349, -228.618
3.40448, -264.689, 418.836
5.76029, 446.075, -286.062
4.42907, 230.668, -377.543
3.23766, 74.4994, -152.216
5.45054, 222.028, 47.4854
3.24076, 47.798, 387.753
3.2091, -27.0635, 306.582
4.94257, -313.739, -204.568
3.13015, 306.467, 119.362
5.64635, -101.754, -333.07
5.60817, 301.076, -351.191
4.88216, -293.885, 565.698
2.64188, -429.807, -227.363
3.21011, -86.639, 497.074
3.15594, -192.608, 389.578
3.31099, -498.979, 399.79
3.76529, 33.0353, -377.998
4.77654, 225.851, -291.29
6.54472, 168.24, -178.842
3.57624, -4.71811, 383.342
3.75063, 438.882, 282.535
5.02978, 11.385, 413.223
6.27922, 166.539, 80.2786
5.66369, 309.85, 15.7024
5.9449, 300.917, 25.1584
7.27207, 408.269, 440.193
5.18713, -346.842, 534.89
4.57014, -301.642, -207.527
4.70019, 80.7708, 148.506
6.07821, 530.75, 433.664
6.20858, 267.612, 29.7796
5.12494, 667.914, -489.208
6.06711, -246.377, -116.321
5.91025, 266.543, 67.5408
6.82941, 380.944, -404.845
3.19597, 56.8031, 478.519
3.57766, 355.488, -316.963
5.0733, -92.4829, -89.8504
4.83766, 182.155, 402.859
3.55759, -142.668, 515.753
5.65244, -414.105, 382.951
2.5044, -512.287, 167.326
4.09589, 270.486, -19.7709
5.90281, 291.594, 75.0447
6.0446, 213.509, -309.374
2.90869, -506.077, 431.01
3.56926, 267.414, 148.747
4.44412, -393.809, -425.664
4.44927, 602.919, 532.801
3.92018, 278.511, -374.642
4.6123, 170.665, 200.06
2.55658, -424.824, -388.835
3.72027, 549.849, -523.181
4.49072, -493.654, 457.744
6.64177, -424.22, 46.0462
3.78584, 600.758, -432.172
3.59705, -371.346, -344.141
6.47385, 208.114, 129.844
5.8476, 95.7621, 221.337
5.49108, -518.748, 155.138
5.99917, -95.6674, -251.543
5.13062, 257.709, -368.628
4.14833, 269.323, 8.93252
3.30844, -545.724, -11.3822
6.56633, 289.262, -0.342164
4.08004, 281.957, -14.2855
4.05369, -209.947, -140.083
4.65424, -17.1672, -100.695
4.46509, -191.72, -311.035
4.43916, 61.2574, -142.792
4.34871, -516.158, -621.93
5.88118, 238.847, -365.232
6.10384, 249.412, 57.2097
7.20082, 142.538, 319.969
5.08573, -217.737, -397.835
5.5282, -97.0276, 23.3993
5.85049, -413.206, 383.081
5.11404, 75.709, -153.347
3.87105, -512.314, 507.873
7.08924, 229.646, 203.328
3.73367, 543.993, -443.868
4.77876, 149.923, 66.5105
3.30374, -490.172, 470.224
4.68319, 266.906, 258.404
7.45767, 244.508, 66.0245
6.26931, -258.027, 380.902
4.97846, -456.144, -380.164
7.01651, -420.04, -330.508
4.68213, 282.715, 316.693
5.09239, -104.694, -290.907
4.44866, 153.453, -136.251
5.63431, -152.81, -308.951
5.19331, 300.183, 63.8487
4.35955, 291.571, -325.288
2.54674, -63.345, 148.875
6.3794, 126.118, -362.334
2.85317, -202.016, -362.349
3.98511, 265.13, -343.412
4.78581, -45.631, -341.398
3.25156, -158.875, -148.604
5.97819, 313.384, -330.656
4.15587, 229.515, 56.0182
5.21197, 543.85, -533.435
2.64678, 666.823, -503.465
5.38086, 82.8311, -224.314
5.18133, 266.993, 40.1982
7.36678, -293.526, -282.632
5.57063, -97.3035, -320.685
5.26431, -506.527, 212.784
6.69051, -191.406, 393.016
3.75764, -389.995, 458.746
6.98957, 328.311, 25.335
5.97428, 295.807, -324.67
5.82752, -352.833, -251.074
3.06838, -422.23, -425.58
3.37987, -531.234, 176.212
2.91253, -100.402, 43.1639
6.68103, -86.436, 31.7576
2.64818, 571.633, -590.175
6.34719, -25.1362, -357.794
4.29829, -362.288, 480.384
6.24626, 21.4464, 485.688
6.28385, 288.074, 62.3233
3.60834, -525.718, -357.774
5.58305, 312.137, 49.0574
3.66846, -386.028, -71.4359
6.22052, -474.175, 234.598
5.80997, -436.228, -363.269
4.9209, 617.971, -550.053
2.58972, 263.825, -53.4421
4.98291, 279.595, 50.5659
5.09587, -61.5513, -313.325
4.71395, -512.317, 75.3126
4.14528, 43.251, 342.185
3.52671, 224.606, 154.684
7.19863, -145.375, -312.762
2.85168, -309.459, 457.6
3.30042, 64.6008, -365.391
6.70788, -307.948, -165.044
4.13614, -150.148, -134.35
6.85942, 271.021, 238.138
5.99896, 649.245, 342.657
5.52801, 388.507, -39.7691
4.77536, 54.6767, -187.964
2.91543, -392.06, -141.305
3.94883, 23.4678, -57.424
6.51009, -282.529, -74.9171
6.81821, 130.984, 42.6457
3.81831, 280.748, -374.519
4.79881, -260.246, -180.209
4.95672, 276.69, -342.093
5.82344, -521.033, -373.968
7.31738, -375.995, -174.67
7.23022, 211.005, -300.356
2.81902, 248.861, -389.684
5.04829, -339.834, -189.713
6.13222, 521.569, 368.789
5.65882, 239.436, -6.06003
3.26658, -581.965, -516.763
5.09652, -513.03, 69.543
3.52281, -357.25, 242.106
6.03231, 150.971, -330.598
6.05786, -478.368, -251.224
3.66304, -376.876, -53.6601
6.80594, 21.5726, -55.8797
2.67122, 32.7824, 432.09
6.26587, -513.149, 204.241
4.14789, 128.2, 35.8089
4.65309, -250.21, -352.851
7.33455, 263.416, 69.9774
4.05803, 458.844, 454.941
5.69762, 555.318, -509.019
5.95386, 285.23, 54.6102
5.36403, 38.5878, 426.165
6.60667, 618.745, -543.939
4.21807, -419.424, -446.521
5.09387, -549.671, -566.108
6.78438, -183.303, -326.162
6.18587, 217.166, 114.646
3.45992, -513.64, 271.286
2.83145, -172.989, 166.584
3.60828, 570.801, -576.384
3.33656, -323.502, 41.1291
6.31172, 209.167, -354.13
5.44905, -417.888, 50.4908
4.65223, 546.136, 513.097
7.09618, 292.358, -6.35512
5.09668, 317.636, 64.5302
7.38058, -314.781, -206.548
5.15714, -329.805, -213.133
2.98716, 239.808, 212.974
5.83983, 298.844, 38.619
5.44444, 223.167, 179.256
5.01137, -292.194, -189.623
2.75808, -455.855, 189.932
2.6753, -223.152, -348.238
4.41484, -409.468, -369.616
5.55555, 210.467, 46.9628
5.06574, 554.647, 446.086
5.98498, 294.055, 120.966
4.89891, -171.309, -99.9078
3.88323, 249.05, 282.109
6.01685, -278.537, -124.546
3.67701, 285.65, 49.1095
6.41501, 69.2639, -165.402
6.60589, -9.69846, 398.113
3.21842, -404.342, -255.938
5.75757, -411.983, 467.592
3.87677, 558.425, -484.787
7.26215, -308.467, 450.688
4.58238, -305.957, -140.473
3.03869, -115.102, 29.243
4.70633, -493.369, 493.453
6.28811, -409.958, -170.216
2.77803, -437.519, -63.9847
3.51241, -11.304, -46.1191
6.82305, 529.421, -559.067
6.52456, -89.0691, -146.997
2.78861, -424.588, -401.615
4.40304, -69.3532, -241.304
4.56124, 74.56, 421.471
2.80071, -156.875, 160.47
7.09746, 443.42, 474.045
3.35398, 417.101, 545.623
6.51634, -536.865, 187.038
3.88599, 288.374, 19.8302
4.44586, 158.633, 475.921
7.19936, -20.3543, 480.186
6.24573, 29.631, -163.123
3.44774, -489.912, 341.672
6.89581, 271.344, -7.00741
6.8953, 230.803, -373.77
3.30515, -300.962, -122.701
5.87346, -272.924, -112.878
6.89096, 185.121, 77.2769
6.98262, 217.029, 145.34
3.06535, 43.1845, 494.103
5.93789, -245.026, -114.97
3.21651, -459.38, -382.72
3.6901, 260.5, 58.5787
5.64383, 408.382, -67.8419
4.312, 439.433, 281.702
4.64437, 648.704, 360.424
4.91936, -96.9733, -249.861
6.20379, 39.3951, -120.748
3.23098, -441.686, 350.712
7.36238, -279.801, -79.5957
7.3158, -359.6, -223.854
3.14741, -325.365, 551.658
5.3784, -15.7679, -412.674
4.66439, 63.8835, -155.988
5.50066, -179.855, -154.089
5.85098, -305.077, -164.75
4.5137, 453.28, 449.231
6.46691, 647.026, 362.977
4.89889, -384.537, -172.526
5.72449, 292.947, 9.10606
4.28836, -178.068, 498.401
5.96794, -263.883, -137.487
5.83428, -442.249, -419.187
3.22071, -285.077, 581.399
7.10415, -500.538, 216.047
4.22228, 79.9433, -153.133
6.66824, -52.0374, -249.126
2.74349, 238.707, -388.07
3.27936, -129.382, -122.675
2.55765, 155.24, 230.393
3.94327, 79.0298, 454.635
5.07295, -75.9215, -188.535
3.65948, 533.355, 466.081
2.75022, -116.168, -127.224
5.33091, -505.734, -163.873
6.69774, 82.4757, 391.377
4.28763, -376.391, -368.128
4.3452, 19.1823, 348.519
7.22226, 267.686, 312.768
4.72425, -362.271, -242.31
6.82086, 202.454, 122.487
5.82654, -450.556, -361.75
5.79297, 4.21966, 382.627
7.10736, -658.32, 576.647
5.11536, 554.547, -493.79
5.45229, 272.226, -460.276
5.79944, 478.65, 425.774
4.24765, 221.143, 150.093
4.11714, 237.447, 52.6401
7.08984, 50.1848, 396.189
3.08619, 540.952, -433.829
7.31268, 277.885, 29.7768
5.17978, -35.6597, -78.9092
5.81447, 545.812, 428.987
5.48362, 538.75, -432.12
6.93363, -626.26, -395.52
6.67999, -431.248, -356.806
6.69339, 295.714, 35.5779
6.85642, -60.7635, 42.0973
2.5002, -452.412, -102.576
4.77274, 227.88, 112.411
4.25696, -517.367, 206.01
5.80713, -138.154, 546.651
6.22234, -522.632, 210.723
3.3821, -174.523, -297.4
7.4621, 537.88, -421.968
5.95466, -518.598, 224.435
6.97862, 241.803, 109.523
3.51579, 261.927, 130.031
7.2356, -406.86, -68.5295
4.88476, 560.889, -428.082
6.78578, 613.717, -540.812
6.41237, -373.003, -459.315
5.70687, 569.671, -417.919
3.14521, -440.793, 175.129
5.77944, 71.6535, 461.239
3.09199, 83.6507, -213.119
3.88793, 11.0013, 362.941
6.65548, -177.217, -149.615
6.14153, -442.377, -532.483
6.74348, -765.463, 98.4102
3.43989, -314.001, -279.538
6.09602, 226.745, -233.263
4.25586, 264.891, 24.5267
3.34555, -629.742, -399.426
4.52383, 293.866, -340.202
4.20924, -87.075, 458.274
6.67141, 219.897, 113.914
3.9111, 473.729, 343.079
5.16766, -421.769, -355.011
6.25085, 642.334, -485.43
4.62554, -422.779, -445.091
4.66964, -396.352, 437.77
3.03022, 617.285, -491.367
6.4639, -92.8644, -312.645
3.91232, -341.749, -375.669
7.14264, -400.145, -213.523
5.37926, 283.474, 128.458
3.4895, 453.242, -281.629
5.99081, 209.803, -348.527
3.07265, 327.855, -234.137
4.22945, 13.939, 402.828
4.15646, -492.736, -250.118
6.42735, 571.415, -527.691
6.65775, 235.995, 116.003
4.21712, -588.607, 474.218
4.2603, -221.926, 431.382
6.38197, -115.165, -382.42
6.58658, 56.3742, 412.67
4.26157, -187.77, -20.9154
7.09559, -484.701, -172.495
3.2877, 279.199, 4.77915
5.56029, -373.973, 560.802
5.54222, -290.877, 583.161
3.16647, -105.156, -188.865
3.51409, -490.032, -410.512
4.79457, -525.958, 470.417
3.48759, -274.384, 421.775
6.77118, -497.708, 53.1304
6.54562, -280.903, -437.421
2.80131, -509.041, 367.256
6.50584, -546.991, 441.11
5.49597, -166.594, -298.475
7.43182, -532.074, 183.354
2.65919, 16.7507, 455.602
6.8356, 583.545, -569.758
3.69109, 210.241, 21.7488
3.6127, 278.304, 211.737
4.73907, -450.358, -406.828
2.61231, 199.862, 1.77503
6.79755, -123.108, -156.723
4.15902, 274.062, 253.872
5.72195, 277.336, 101.38
7.43521, -438.715, -434.34
5.30162, 265.965, -392.338
4.74553, -260.521, -143.119
5.213, -54.0487, -270.05
2.90797, 318.064, 16.3344
3.99606, -255.813, -54.4232
6.63964, 430.822, 464.693
6.48936, 441.414, 646.56
5.71048, 18.7124, 466.016
4.84105, 194.551, 92.4015
7.15326, -172.681, -322.53
5.08798, -69.7367, -147.131
7.42924, 496.847, -291.698
5.94567, 111.315, -342.93
6.19966, -168.961, -302.471
3.46323, -508.207, -365.516
6.08881, -277.078, 584.701
6.11146, 224.118, 86.8359
6.49298, 352.741, 21.1326
4.23216, 251.817, -336.096
5.1481, 257.714, -265.823
3.19001, 506.669, -225.557
6.73218, -177.372, -146.95
6.32766, -47.7586, -338.277
7.5, 572.45, -414.388
4.24891, 499.078, 408.481
5.50367, -427.347, 426.979
3.50808, -257.492, -187.301
6.2385, 212.884, -19.2992
6.49225, 416.565, 156.947
3.03505, -521.563, 317.265
5.35813, -389.404, -176.706
2.84683, 193.867, -369.889
4.16036, 508.825, 411.135
5.80945, 274.244, -365.602
5.27726, -117.899, -145.953
7.12415, 216.895, 183.419
2.69832, -313.188, -222.023
2.62083, -129.473, -71.4913
4.61923, 283.947, -350.201
4.36987, 214.582, 98.4882
2.93303, -233.756, -173.845
3.05403, -54.9179, -22.0014
5.31992, 265.545, -450.653
7.37269, 44.0408, 404.458
3.05066, -38.4927, -340.799
5.99352, 23.4603, 403.046
2.79674, -68.2777, -290.306
4.69755, 288.324, 49.2323
5.24651, 526.957, 555.684
3.45129, 356.022, -464.581
7.36597, 274.163, -68.3785
3.19593, -271.145, -186.895
5.48978, 554.91, -443.341
7.12812, -502.2, 474.577
3.91116, 145.65, 321.068
6.8307, -157.223, -113.877
6.29598, 106.533, -181.543
6.10793, 276.061, -1.71474
3.34241, -161.991, 178.015
3.32882, 485.056, 296.192
3.39076, -405.636, -179.501
5.87226, 271.908, -410.214
4.83484, -182.338, -399.242
6.85219, -419.376, -505.757
5.76023, -304.894, -218.598
5.80464, 632.336, 714.695
2.58037, -582.987, -537.953
4.30596, -380.543, -376.862
3.72747, 273.653, 46.6635
6.93086, -490.789, -456.753
5.23701, 558.805, 484.015
6.57209, 23.7198, -367.068
5.24453, 0.325498, 421.565
4.16156, 251.484, 133.964
4.40213, 104.631, -377.764
2.52389, 303.413, 454.884
6.95226, -143.498, -293.593
6.16955, -442.643, 417.629
6.04239, 31.1392, 515.44
5.1278, 34.5863, -115.069
6.41065, 24.545, -373.959
3.42484, -232.993, -363.202
5.72673, 231.711, 201.093
3.42178, -353.68, -232.211
3.31214, 218.318, -194.358
2.65594, -166.998, 434.285
7.42716, -53.4284, -259.922
4.04559, -123.86, -326.455
4.11075, -373.079, -174.982
5.51155, 290.992, 157.746
2.89107, -270.422, -350.684
3.93936, 225.572, -57.7695
5.79307, -146.372, -351.261
7.36348, -354.244, -408.406
7.27758, -446.47, -326.778
7.42745, -373.013, -178.059
7.30478, -393.847, -417.332
3.0073, -369.326, 420.195
3.71505, -132.191, -297.345
6.91151, 35.8053, -125.495
5.28805, 266.929, -19.7704
6.7669, 503.459, 421.974
7.49145, -509.449, 480.708
3.99751, -268.24, -547.874
6.33157, 464.084, 439.275
4.81901, 364.269, 83.1486
6.8168, -392.93, -308.918
6.99018, 398.938, -93.7449
7.377, 143.008, -267.24
2.77405, 164.335, -110.106
6.32605, 572.359, -524.483
5.09219, -492.323, 484.611
3.46574, 243.718, -5.08586
6.98252, 285.438, -408.765
6.38492, -326.628, 171.592
2.75968, 261.806, 83.0366
7.47331, -485.569, 434.725
5.93659, -268.103, -264.205
5.94854, 390.24, 400.998
6.57666, -400.011, 449.8
7.05426, -155.066, -343.046
3.34218, -59.6209, 48.9817
5.24183, -414.84, 430.74
6.53351, -406.428, -264.933
4.17803, 240.025, -366.117
5.53435, -165.292, -211.234
6.59602, -512.604, 193.937
7.3485, 57.4315, -150.461
6.29349, 465.496, 451.931
3.72113, -157.437, -119.882
5.80589, -514.428, 151.454
4.21574, -354.014, -185.399
7.27146, 151.163, -228.46
2.60828, 483.035, 367.624
4.54979, -613.322, 584.725
2.55789, 231.714, -375.438
3.04964, 393.42, 164.645
5.28259, -425.241, 443.988
4.45466, 100.452, -264.492
7.20539, -28.2347, -42.6873
2.55572, 307.577, 246.451
6.22897, -183.006, -261.907
3.84293, 229.994, 115.186
4.27153, -551.485, -529.76
3.45835, -407.584, 227.899
5.14832, 276.629, 100.985
4.39478, 72.7979, -410.629
3.16407, 15.6185, -287.362
4.26563, -139.073, -303.258
4.2497, 546.494, 589.416
7.41084, 189.865, 98.2547
5.25961, 50.2983, -144.634
4.99918, 48.7256, -380.419
3.58531, -501.239, 253.853
4.37311, 13.3156, -221.107
6.78251, -429.472, -367.989
6.45578, 552.276, -425.353
3.9204, -307.468, 458.103
5.07645, 258.684, 43.2199
6.79238, -207.371, -223.955
7.07844, -260.692, -248.58
7.48941, 33.2098, 404.36
6.53177, 49.2959, -120.003
5.22718, -355.655, -222.797
7.3461, -28.7675, -281.952
5.31931, -571.078, 146.265
4.03031, -337.832, 399.242
5.41853, 461.342, 451.986
2.91197, 20.3115, -55.4962
5.47382, 293.563, -6.87197
3.31968, -428.43, -366.744
6.46527, -440.803, -376.853
2.95373, 690.13, 358.941
6.3072, -524.85, -314.708
6.83996, -123.843, -151.326
6.40105, 33.0489, -116.649
6.61399, 575.898, 485.096
6.70974, 298.599, -15.6884
4.48328, 226.816, -167.899
6.508, -94.9322, 41.6526
6.56811, 286.327, 100.156
5.43493, -301.433, -182.407
4.64621, 299.914, -24.2109
2.5002, -110.717, -295.946
5.31153, -500.886, 56.5309
6.22632, 126.275, -15.5958
3.89846, 405.501, 154.141
2.93406, -510.535, 544.275
3.5733, 541.68, -367.634
3.93296, -429.148, 336.087
4.86595, -401.037, 520.013
6.95893, 535.692, 466.071
5.91955, 273.974, -343.652
3.54376, 12.1124, -72.9112
6.67533, 619.233, -40.6613
7.09218, 560.917, 471.353
4.48244, -527.756, -314.627
6.37858, 230.727, 135.638
5.68161, 54.3522, -187.086
6.64746, 310.135, 47.9536
3.40204, 269.993, -353.502
7.45927, 209.896, -299.086
6.70558, 96.3685, -359.73
4.65177, 388.886, 233.043
4.38589, 476.492, 513.621
2.70802, 312.006, -241.267
6.80715, -441.923, -363.14
6.62116, 519.124, -501.897
6.25052, -239.024, 534.76
3.55801, -341.95, 460.32
4.31029, -258.369, -150.832
4.43545, -404.97, -201.036
7.32918, 498.257, 418.515
6.5872, 19.9875, 441.903
4.5755, 124.134, 324.401
5.83759, 206.319, 50.1669
2.52101, 491.456, 490.482
6.98048, -471.856, 222.284
3.68416, -85.3195, 151.033
3.79415, 128.518, -259.415
5.4939, 272.205, -343.154
6.89823, -532.734, 200.123
6.16299, -361.751, -448.918
6.0773, 466.087, 420.967
3.57724, -404.934, 467.735
6.30413, 665.162, -487.805
3.85351, -196.531, -254.511
2.75246, 198.77, 47.7589
4.78866, 287.293, 61.8331
2.58759, 177.299, -415.701
3.01129, 147.552, -76.5151
2.639, -192.821, -17.6824
5.65921, -104.792, -310.803
6.34425, 59.2289, -139.388
2.74132, 225.103, -402.172
6.6924, -38.6743, -312.785
6.76899, -168.53, -223.812
6.57649, -278.446, 584.513
6.85188, 493.908, 299.098
5.27222, -382.097, -190.243
6.12646, -90.2543, -154.194
3.20424, -392.049, 434.593
6.6115, 316.537, -295.155
5.51185, 144.331, 148.58
4.93856, 124.945, -369.686
6.14942, -49.6377, 384.072
4.05164, 569.274, -525.787
3.93925, -410.7, 65.4155
5.45857, -470.568, 480.133
5.34055, 561.083, 404.493
5.41059, -446.49, -421.893
2.84132, -419.603, 201.365
4.34304, 53.3257, -118.343
6.28475, -439.925, -460.386
6.35297, -502.356, -277.813
4.27217, -253.345, -264.619
5.98913, 55.2052, 380.92
5.08005, -374.639, -175.602
5.94494, 307.533, 46.6194
6.18066, 14.4449, 466.07
2.56231, -160.654, -342.689
7.16549, 191.328, 101.924
5.37826, 191.745, 97.525
3.05587, 516.184, 488.683
4.87388, -153.087, -144.472
3.24247, 292.416, 72.1304
4.22594, 262.413, 194.715
7.04476, -530.925, 201.525
4.54571, 54.3591, 448.277
5.96642, -359.432, -213.844
3.35865, 229.746, -373.848
6.21715, 514.131, -496.992
4.16319, -352.772, 482.499
4.62157, 235.366, 98.1135
2.79523, -67.8109, 158.136
5.09005, 284.86, 97.6583
5.94425, 171.016, -380.721
5.01149, -148.032, -147.555
6.56617, 38.377, -303.429
3.07974, -115.175, -332.175
5.24841, 218.365, 82.666
5.06046, 261.445, 127.294
6.02649, 419.065, 385.273
5.65083, -178.316, 429.818
4.0207, -86.0114, -374.301
6.74719, 227.584, 106.022
3.39619, 256.972, 19.6712
2.61737, -352.193, -247.8
4.19467, 280.053, 1.2061
3.43818, 220.026, 190.3
6.60467, -139.568, -168.291
6.72507, -360.226, -154.126
6.78031, 582.174, -572.246
7.37454, -480.301, 470.491
2.99587, 241.438, -439.075
2.56182, 518.238, 374.179
2.58614, 271.012, 75.7835
2.64527, 182.631, 50.634
4.1031, 52.2018, -142.561
6.17815, 201.03, 32.4864
3.14876, 280.515, 5.21909
2.5161, -262.471, 274.887
6.91905, -64.6332, -247.45
3.70482, 381.982, -408.794
4.38481, -512.665, 460.245
4.44879, 260.752, -0.144231
2.81534, 209.468, 22.5547
7.30792, 4.80136, 398.407
3.75349, 476.837, -33.4171
6.85376, -358.687, -255.686
2.85991, -427.149, 168.01
2.70653, -164.005, 464.057
3.46378, 293.187, -377.713
3.86708, -138.844, 153.522
7.4007, -364.013, -452.196
3.60607, 167.182, -380.726
6.43119, -360.46, 444.211
4.42306, 46.4548, -184.294
3.78593, 276.976, -330.128
3.91087, -452.339, 149.955
7.33834, 286.576, -16.5617
4.22841, 239.462, 77.8149
3.45922, -535.68, 274.173
5.05037, -378.057, -247.439
5.21857, -424.664, 470.535
5.72333, -432.376, -381.959
3.89738, 0.0953197, 496.781
3.41887, -140.508, -333.85
2.71579, -559.381, 240.886
3.98408, -318.318, -189.426
4.25548, -28.1958, 81.3278
7.09372, -374.071, 551.217
5.81225, 321.884, -92.5186
5.08041, 522.95, 417.868
4.03763, 228.017, 138.013
3.0007, -28.2052, 29.9295
3.47502, 275.06, -393.544
4.11407, 168.473, -174.373
5.56182, 276.027, 38.2026
5.13511, 571.112, -411.993
3.45653, 287.568, 59.1939
4.7178, -562.812, -492.976
4.48693, -410.039, 450.844
6.28051, -393.325, 436.811
6.6213, 473.945, 342.285
5.51573, 42.4311, -0.296262
3.04573, 258.936, -369.673
4.11797, 275.456, -17.2853
5.03403, 335.233, 220.005
4.76521, -407.967, 465.178
4.77315, -170.24, -299.432
4.91125, 542.664, 529.465
5.07896, 217.682, -333.912
4.50207, 24.1452, 323.886
4.22945, 265.021, 261.743
6.64533, 407.106, -64.5759
3.02204, -494.039, -390.278
6.40057, 214.901, 149.75
3.19919, -179.597, -151.096
2.62171, -352.306, -283.097
6.0664, 250.983, -337.792
7.15538, -69.8363, -266.12
7.47667, 269.168, 81.9874
3.86264, -405.576, 348.011
3.6923, -400.282, -212.802
3.87328, 234.761, 356.935
5.70836, -463.025, -337.275
5.17637, 389.484, 41.5054
6.8967, 486.768, -318.296
6.75968, -433.626, -331.75
2.98004, 207.729, -49.806
4.66818, -499.874, 231.404
3.17045, 341.28, -348.87
5.86802, -82.3916, 57.6943
5.34964, 12.1815, -375.146
3.66474, -334.72, 585.727
5.50306, 263.25, -383.931
2.6551, -308.596, -231.625
7.08512, 226.328, -244.644
3.82958, 198.55, 0.553788
6.50016, -142.394, -209.173
5.46389, -65.2792, -246.99
5.0822, 246.612, 10.8684
5.2567, 250.227, 5.80723
3.47225, 270.922, -6.9324
5.36152, 68.2764, -473.483
3.81992, 266.171, 233.717
4.41648, -533.707, 489.781
2.73626, -443.646, -351.537
4.22823, 231.07, -369.779
3.61594, 257.932, -354.356
3.81264, -31.0655, -352.269
3.05141, -146.466, -238.768
7.40088, -351.389, -261.408
5.93794, 397.871, 394.771
5.82158, -383.552, -172.032
5.99501, -580.34, -390.564
2.68746, -363.324, 19.8431
3.6706, -597.023, -543.914
3.95397, 468.624, 399.141
3.50543, -171.18, -86.295
2.7177, 135.254, -19.0035
2.56571, -385.738, 417.425
6.07297, -401.762, 503.763
6.88348, -382.2, -383.701
5.35088, -571.832, 155.152
6.92743, 527.692, 560.989
5.20042, -351.849, -140.03
3.31357, 566.651, -398.048
3.30492, 502.702, 399.866
7.19182, 276.617, 54.6878
3.45628, 406.24, -486.951
3.15761, 17.8768, -58.7501
4.41122, -122.009, -148.09
6.12674, 270.141, 70.5485
2.50651, 553.654, 446.617
4.60222, 38.8968, 479.505
5.18984, 217.4, 218.989
4.86596, -65.9968, 139.945
6.33003, 553.749, 446.439
2.9396, 286.87, -403.26
7.04284, 270.206, -9.35382
3.20818, -368.185, -447.675
2.54782, 231.852, 203.2
2.82267, 262.005, 122.214
4.96742, 272.566, 109.263
5.40914, 490.706, 487.319
4.03373, -489.503, 554.653
4.57091, 308.12, 25.5763
4.33401, -448.364, -383.516
3.42687, 26.0622, 399.069
2.76788, 191.335, 57.0316
4.47222, 263.171, 65.1933
3.98388, -168.977, -50.5782
5.05388, -504.772, 478.3
3.75392, -774.423, 172.382
5.01589, 547.317, 518.83
2.51168, 70.5771, 456.92
7.01807, 562.586, -431.405
2.79181, -489.944, -463.359
5.17506, -413.238, 455.426
3.95754, -394.927, 308.958
7.3023, -272.751, -84.2226
4.73406, 313.485, 87.8595
5.08479, 449.248, 237.341
5.93861, -116.943, -245.807
2.72187, -160.12, -113.423
7.2946, -483.634, 466.904
5.70852, 136.55, -11.9242
2.80215, 2.27382, -345.924
3.33964, 292.613, 276.476
5.76491, 233.617, 159.485
6.19864, -498.622, 158.566
3.57011, 419.086, 158.09
4.31441, 14.5184, -395.352
6.56981, -376.975, 454.646
5.32057, 458.548, -327.575
7.45886, -31.6691, -353.064
6.5669, -497.614, 178.151
3.49157, -407.631, 72.5283
2.50003, -55.2091, -396.877
4.62608, 558.52, -546.378
4.07406, 404.13, 126.755
5.56218, 467.394, -457.85
3.83351, -126.353, -192.509
4.39881, -348.934, -312.526
5.43397, 406.654, 168.444
5.95636, -146.412, -313.314
7.26736, -93.5507, -266.973
4.89785, -329.374, -357.326
3.60319, 280.529, -340.361
5.33741, -580.432, -448.027
6.09873, 288.21, 76.3768
4.4953, -275.466, 582.569
3.48326, -414.54, 391.136
6.66971, -595.632, -545.109
5.59561, -493.298, -370.481
7.26866, -127.554, -166.397
3.23222, 173.456, -225.379
5.38953, -397.442, -304.653
7.26796, -299.481, 457.827
3.62331, 647.048, -411.337
7.25137, -400.758, 516.304
3.07874, 546.958, -404.621
2.58372, -36.101, -295.642
3.90465, -83.9524, -183.563
7.15042, 194.002, 62.8266
3.04796, 785.399, 632.435
6.77266, 76.0761, 416.437
5.68532, -586.184, -366.82
5.63853, 270.908, -341.371
3.80589, 479.306, 345.712
5.13936, -532.499, 284.181
7.16608, -186.715, 424.148
3.98055, 269.571, -69.5772
4.78006, 267.294, 131.604
6.35659, -399.583, -399.136
4.17193, 334.488, 80.4259
6.31775, 185.827, -316.147
6.65892, -32.2094, 316.007
2.64618, -494.729, 481.044
4.31315, 428.825, -109.729
4.16221, 272.271, -25.1048
3.17675, -436.233, -249.284
3.00839, -208.121, 580.585
5.11327, -309.757, 514.927
3.52046, -226.963, -313.767
5.00728, -400.856, -425.149
5.1371, -65.5667, 325.915
4.13422, -115.467, -92.2294
4.75888, 192.187, -245.719
6.85263, 143.321, 364.969
4.72884, 564.69, 400.584
6.03726, -717.332, -462.826
6.83171, 545.264, -596.563
6.5822, 397.35, 152.121
2.67504, 650.587, 576.431
3.8644, -358.275, -149.097
5.21858, -108.187, -291.916
3.19942, -458.035, -516.259
5.57408, -314.511, -279.902
3.29182, -453.132, -277.468
4.41129, 280.204, 1.53692
5.94997, -72.9767, 124.097
3.21128, -268.279, 271.39
5.65284, -519.075, 451.957
3.15973, 33.4325, 365.323
7.13583, -483.425, 215.265
5.53465, -517.669, 457.058
5.50388, -455.362, 35.4403
3.33635, 303.244, -292.855
3.301, -442.182, -406.581
5.91628, 291.195, 53.7327
5.1456, -397.005, -234.99
3.65264, 65.4425, 481.146
6.55373, -448.745, -186.54
5.76477, -48.9822, -217.292
4.08597, -411.313, -422.901
2.53953, -168.045, -228.845
3.49176, 436.368, 439.256
3.78831, 335.194, 145.684
3.03825, 249.036, 29.5989
3.49545, 15.5368, -148.399
6.75079, 569.325, -526.673
6.63912, -474.365, 61.4815
6.76813, -445.288, -375.137
5.71027, -55.2371, 430.431
3.6787, 603.621, -444.564
6.80638, -544.186, -247.242
5.4745, 31.9963, -154.248
2.52745, 272.637, 74.2252
6.84925, -425.854, -323.649
7.37729, 210.436, 98.1345
5.59653, 245.535, 49.1024
3.85574, -498.32, 127.255
7.46973, 31.6335, -207.56
4.60751, -486.238, -411.362
4.20537, -443.444, -389.75
4.80717, 309.303, 41.8656
4.44822, 44.1968, -205.026
4.613, 78.0041, 485.809
2.84879, 265.047, 72.9485
5.5153, 108.786, -131.098
7.36114, -64.0922, -38.2377
5.07406, -360.38, -328.749
7.45461, 245.284, -13.6574
5.84906, 334.489, 54.7537
4.01716, -315.89, -312.982
3.47371, 312.241, 382.325
4.0109, -345.559, -145.089
4.93946, -399.766, 521.382
4.72438, 468.502, 489.641
5.7844, 220.422, -345.502
3.74227, -393.132, -413.914
4.72007, 63.5088, 467.506
5.75894, -347.708, -300.252
6.67472, -493.961, 210.642
6.03698, 35.2044, 357.051
4.93928, -463.12, -388.355
6.72039, 236.403, 136.332
7.00296, -362.277, -183.199
6.33082, -397.198, -197.838
5.29453, 408.111, 549.991
2.70603, 213.7, -18.3164
5.46749, 196.709, 44.5149
2.68674, -315.469, 446.609
4.53488, 261.501, 176.139
2.84243, -528.563, -557.77
7.38558, -306.317, -286.215
2.5956, -379.681, -164.455
6.60363, -159.416, -136.322
5.2195, -449.61, 340.076
5.72828, 442.66, -279.922
3.62934, -139.71, -131.306
2.733, 703.492, -597.617
3.63154, 255.524, -346.666
4.58371, -449.42, 234.973
6.40126, 296.034, -380.989
3.72852, -460.356, 144.248
4.81411, 190.136, 59.993
6.14756, 253.702, -37.6853
5.35237, -442.504, 339.103
5.45997, 547.279, 517.641
4.98425, -591.994, 185.25
3.951, 262.202, 33.4901
4.71107, 38.9252, -121.113
2.53669, 691.836, -764.793
7.41683, 325.084, -97.6889
2.52822, -502.397, -223.884
4.8676, 66.1485, 478.266
5.86497, -126.319, -151.065
