6.27803, -404.208, -405.656
3.5948, 101.829, -212.761
5.89648, 316.419, -455.949
5.09708, -204.66, 561.866
2.76731, -568.099, 539.772
2.53849, 250.243, 72.6139
4.58743, -402.832, -214.961
7.15218, 246.773, 278.988
2.95982, 37.2399, 433.251
6.00595, -103.653, 152.879
3.81226, 587.381, 576.038
4.14117, 349.117, -487.727
7.45519, 226.327, 127.036
7.41275, -374.81, -187.386
5.75759, 218.686, 327.312
6.92354, 207.682, -464.802
6.33247, -113.359, -305.136
3.87453, -496.561, -94.1443
4.93259, -445.862, -167.254
2.80282, 638.32, 681.64
5.08146, -27.1429, 597.663
4.96988, 511.892, -411.346
7.23882, -496.397, -506.956
4.42071, -18.1867, -459.655
5.14874, 641.914, -324.514
2.75042, 499.088, 63.8953
6.63909, 309.915, 338.335
5.94228, -484.176, -422.754
6.18112, 153.593, 549.544
6.94286, 571.994, 470.67
4.25508, -278.944, -323.819
6.72991, 276.071, 106.419
3.84659, 399.59, -72.0455
4.83959, 74.5906, -167.691
3.2686, -487.15, -488.939
2.66527, 349.584, 80.941
7.2768, 129.405, 3.40393
6.95369, 297.381, 270.094
3.29884, 371.74, 94.7842
3.15214, 312.807, -502.646
2.515, -512.491, -490.99
6.0491, -429.023, -175.49
3.40448, -344.247, 496.535
5.76029, 558.002, -285.587
4.42907, 269.37, -504.617
3.23766, 38.6519, -169.822
5.45054, 366.288, -13.6854
3.24076, 62.6087, 503.587
3.2091, -93.2849, 477.517
4.94257, -347.209, -87.8076
3.13015, 473.608, 3.84708
5.64635, -192.493, -393.058
5.60817, 284.444, -372.583
4.88216, -346.3, 586.784
2.64188, -401.941, -161.327
3.21011, -76.2673, 595.142
3.15594, -181.523, 553.148
3.31099, -608.843, 529.757
3.76529, -57.1447, -429.28
4.77654, 293.458, -544.329
6.54472, 64.2503, -183.701
3.57624, 134.148, 526.536
3.75063, 539.215, 310.837
5.02978, -8.63251, 569.733
6.27922, 388.954, 77.952
5.66369, 490.67, -53.792
5.9449, 402.673, -67.3491
7.27207, 611.358, 469.528
5.18713, -429.021, 584.287
4.57014, -458.946, -220.673
4.70019, 209.059, 128.102
6.07821, 528.532, 404.149
6.20858, 222.335, 217.793
5.12494, 679.462, -656.383
6.06711, -422.583, -203.093
5.91025, 223.804, 87.5079
6.82941, 553.768, -419.05
3.19597, -56.3159, 576.18
3.57766, 522.679, -287.435
5.0733, -167.054, -168.229
4.83766, 156.603, 492.897
3.55759, -184.848, 608.761
5.65244, -498.909, 590.571
2.5044, -573.521, 194.709
4.09589, 266.525, 262.04
5.90281, 228.852, 89.0082
6.0446, 386.928, -344.766
2.90869, -585.349, 461.714
3.56926, 275.114, 313.689
4.44412, -512.784, -413.574
4.44927, 647.108, 629.252
3.92018, 226.495, -444.718
4.6123, 313.822, 321.409
2.55658, -492.717, -517.972
3.72027, 622.459, -587.834
4.49072, -595.55, 461.786
6.64177, -545.066, 117.415
3.78584, 699.473, -596.498
3.59705, -470.126, -540.273
6.47385, 302.79, 327.622
5.8476, 187.097, 292.265
5.49108, -577.972, 139.423
5.99917, -196.643, -390.874
5.13062, 281.167, -501.718
4.14833, 250.132, 151.391
3.30844, -691.239, 68.5748
6.56633, 419.196, 14.448
4.08004, 253.957, 158.319
4.05369, -143.805, -386.416
4.65424, -17.1581, -14.7417
4.46509, -244.38, -392.697
4.43916, 78.5903, -174.617
4.34871, -537.089, -536.074
5.88118, 267.797, -457.618
6.10384, 292.991, 104.291
7.20082, 64.1919, 463.26
5.08573, -244.194, -386.361
5.5282, -106.617, 144.473
5.85049, -509.525, 566.364
5.11404, 37.3635, -130.577
3.87105, -595.505, 532.359
7.08924, 258.368, 285.395
3.73367, 662.129, -422.079
4.77876, 143.122, 193.353
3.30374, -606.522, 579.794
4.68319, 177.111, 287.708
7.45767, 296.084, 110.821
6.26931, -289.811, 384.002
4.97846, -478.001, -413.081
7.01651, -581.785, -413.601
4.68213, 383.69, 392.292
5.09239, 12.9301, -410.657
4.44866, 140.266, -307.712
5.63431, -156.702, -378.074
5.19331, 230.522, 45.2849
4.35955, 375.043, -382.688
2.54674, -162.422, 211.208
6.3794, 61.1648, -494.298
2.85317, -353.972, -479.004
3.98511, 336.824, -506.413
4.78581, 0.762227, -475.808
3.25156, -100.73, -107.528
5.97819, 381.27, -368.893
4.15587, 272.66, 76.5806
5.21197, 632.028, -668.799
2.64678, 644.772, -654.722
5.38086, 57.3812, -232.184
5.18133, 251.883, 180.763
7.36678, -518.301, -460.462
5.57063, -219.091, -382.774
5.26431, -656.024, 240.624
6.69051, -219.924, 538.537
3.75764, -389.251, 555.343
6.98957, 402.463, -71.6477
5.97428, 382.83, -357.195
5.82752, -358.351, -166.575
3.06838, -519.984, -371.82
3.37987, -601.538, 227.575
2.91253, -87.585, 71.0839
6.68103, -116.298, 167.454
2.64818, 713.212, -623.671
6.34719, -5.58709, -443.698
4.29829, -417.132, 516.805
6.24626, 80.8505, 496.333
6.28385, 254.684, 84.9671
3.60834, -453.615, -529.467
5.58305, 349.903, 113.466
3.66846, -343.531, -94.3499
6.22052, -580.41, 228.352
5.80997, -525.073, -526.563
4.9209, 700.102, -634.335
2.58972, 466.811, 19.1749
4.98291, 268.146, 120.63
5.09587, -71.7862, -445.838
4.71395, -567.843, 235.771
4.14528, 13.6129, 497.364
3.52671, 292.039, -17.4104
7.19863, -154.764, -377.529
2.85168, -387.559, 531.172
3.30042, 101.895, -529.74
6.70788, -426.278, -216.859
4.13614, -133.618, -112.882
6.85942, 262.438, 246.912
5.99896, 643.587, 442.103
5.52801, 581.83, -106.421
4.77536, 111.386, -150.766
2.91543, -468.317, -142.682
3.94883, 34.3167, -103.062
6.51009, -494.906, -222.676
6.81821, 179.863, -7.77317
3.81831, 293.556, -502.825
4.79881, -524.272, -183.577
4.95672, 418.787, -358.021
5.82344, -453.942, -494.091
7.31738, -439.437, -191.731
7.23022, 343.454, -508.9
2.81902, 265.164, -408.216
5.04829, -415.169, -288.059
6.13222, 554.951, 453.816
5.65882, 312.886, -125.926
3.26658, -696.471, -655.686
5.09652, -564.395, 230.224
3.52281, -384.231, 367.245
6.03231, 309.315, -449.136
6.05786, -426.351, -236.916
3.66304, -388.172, -99.7343
6.80594, 34.9015, -100.052
2.67122, 7.61116, 476.917
6.26587, -570.634, 291.954
4.14789, 319.601, 132.601
4.65309, -205.043, -402.264
7.33455, 476.405, 31.3093
4.05803, 571.251, 441.974
5.69762, 642.422, -665.589
5.95386, 467.462, -31.8749
5.36403, 36.3503, 429.422
6.60667, 701.406, -630.423
4.21807, -512.811, -452.626
5.09387, -541.72, -548.377
6.78438, -63.1238, -441.198
6.18587, 297.283, 54.9317
3.45992, -625.689, 174.753
2.83145, -211.885, 223.553
3.60828, 694.174, -621.053
3.33656, -281.404, -9.14401
6.31172, 312.581, -458.907
5.44905, -564.387, 134.868
4.65223, 671.041, 635.137
7.09618, 440.022, -11.1568
5.09668, 224.181, 107.265
7.38058, -499.021, -150.665
5.15714, -341.309, -105.412
2.98716, 238.067, 52.9306
5.83983, 243.82, 149.581
5.44444, 292.218, 92.8875
5.01137, -451.456, -206.195
2.75808, -564.303, 264.717
2.6753, -229.237, -282.729
4.41484, -566.229, -474.159
5.55555, 279.688, 121.006
5.06574, 576.331, 585.955
5.98498, 219.101, -9.33024
4.89891, -125.456, -70.526
3.88323, 169.012, 361.193
6.01685, -330.793, 3.29211
3.67701, 495.816, -63.7816
6.41501, 37.7808, -184.015
6.60589, 127.216, 484.058
3.21842, -364.326, -142.562
5.75757, -406.575, 525.533
3.87677, 730.687, -554.719
7.26215, -347.922, 589.629
4.58238, -424.515, -211.066
3.03869, -149.769, 106.484
4.70633, -609.354, 511.713
6.28811, -463.285, -211.301
2.77803, -508.836, -121.689
3.51241, -17.6246, 17.53
6.82305, 644.237, -572.35
6.52456, -146.431, -96.9243
2.78861, -601.98, -396.388
4.40304, -50.5449, -427.829
4.56124, 89.679, 483.842
2.80071, -216.271, 238.228
7.09746, 523.774, 547.271
3.35398, 480.163, 681.976
6.51634, -595.077, 239.123
3.88599, 452.732, -34.1462
4.44586, 163.698, 620.877
7.19936, 10.556, 582.711
6.24573, 69.6766, -115.974
3.44774, -443.852, 454.051
6.89581, 245.233, 196.664
6.8953, 345.88, -456.303
3.30515, -519.953, -224.503
5.87346, -362.373, -173.812
6.89096, 371.904, 70.6546
6.98262, 294.78, 302.329
3.06535, -67.7153, 570.585
5.93789, -232.872, -205.197
3.21651, -439.61, -429.56
3.6901, 216.143, 99.6278
5.64383, 576.03, -88.6241
4.312, 539.5, 310.682
4.64437, 705.211, 448.287
4.91936, -18.3676, -456.694
6.20379, 59.5665, -168.288
3.23098, -489.405, 428.438
7.36238, -500.382, -225.525
7.3158, -459.55, -173.61
3.14741, -310.223, 552.904
5.3784, -37.9144, -403.529
4.66439, 100.549, -210.219
5.50066, -217.448, -176.752
5.85098, -423.413, -216.326
4.5137, 447.655, 620.742
6.46691, 715.167, 454.989
4.89889, -435.032, -195.469
5.72449, 256.564, 57.6134
4.28836, -184.709, 590.973
5.96794, -273.951, -163.47
5.83428, -479.038, -474.441
3.22071, -334.463, 614.333
7.10415, -573.659, 212.661
4.22228, 39.7922, -200.712
6.66824, -139.042, -411.003
2.74349, 264.919, -494.069
3.27936, -180.438, -104.806
2.55765, 219.042, 353.416
3.94327, 24.6897, 519.701
5.07295, -164.566, -201.81
3.65948, 585.366, 468.719
2.75022, -209.624, -70.5857
5.33091, -606.622, -356.601
6.69774, 42.3643, 514.547
4.28763, -454.21, -456.948
4.3452, 76.5666, 552.772
7.22226, 258.793, 222.03
4.72425, -433.23, -206.171
6.82086, 319.336, 66.5422
5.82654, -533.958, -527.006
5.79297, 51.8614, 471.145
7.10736, -742.405, 678.562
5.11536, 641.872, -662.497
5.45229, 256.326, -457.555
5.79944, 577.115, 445.835
4.24765, 295.752, 301.195
4.11714, 269.231, 113.329
7.08984, 29.6567, 538.415
3.08619, 653.28, -411.642
7.31268, 450.944, -67.7985
5.17978, 54.4612, -97.0236
5.81447, 578.54, 464.562
5.48362, 666.277, -423.025
6.93363, -623.805, -488.2
6.67999, -511.619, -515.474
6.69339, 256.35, 149.72
6.85642, -129.934, 136.484
2.5002, -554.061, 33.0088
4.77274, 217.977, 58.3033
4.25696, -599.731, 238.159
5.80713, -204.432, 585.072
6.22234, -615.929, 198.981
3.3821, -107.342, -353.588
7.4621, 694.19, -490.151
5.95466, -604.394, 248.263
6.97862, 302.619, 44.6158
3.51579, 217.038, 75.5594
7.2356, -468.945, -147.727
4.88476, 637.038, -431.053
6.78578, 721.451, -632.285
6.41237, -553.781, -475.017
5.70687, 632.459, -538.781
3.14521, -635.532, 140.875
5.77944, -11.7736, 586.895
3.09199, 70.28, -187.037
3.88793, 142.667, 518.212
6.65548, -220.798, -178.906
6.14153, -581.833, -551.198
6.74348, -766.046, 148.068
3.43989, -516.951, -456.676
6.09602, 326.743, -269.678
4.25586, 326.661, 187.446
3.34555, -526.739, -466.901
4.52383, 284.972, -476.029
4.20924, 38.2988, 594.308
6.67141, 288.11, 63.1505
3.9111, 577.296, 465.833
5.16766, -509.35, -513.575
6.25085, 730.552, -581.54
4.62554, -529.507, -487.866
4.66964, -395.366, 602.411
3.03022, 673.627, -676.446
6.4639, -195.21, -361.579
3.91232, -440.335, -420.873
7.14264, -489.418, -198.119
5.37926, 257.619, 329.68
3.4895, 532.531, -274.396
5.99081, 345.665, -524.48
3.07265, 283.046, -381.336
4.22945, 157.199, 553.062
4.15646, -470.927, -186.426
6.42735, 623.703, -600.642
6.65775, 305.8, -1.34269
4.21712, -669.41, 542.191
4.2603, -190.639, 540.712
6.38197, -82.6502, -539.686
6.58658, -48.1141, 515.992
4.26157, -226.263, 84.6032
7.09559, -480.773, -211.931
3.2877, 223.404, 140.329
5.56029, -452.321, 591.707
5.54222, -334.45, 612.914
3.16647, -165.579, -320.8
3.51409, -490.009, -490.779
4.79457, -592.043, 560.496
3.48759, -327.933, 498.043
6.77118, -566.462, 123.27
6.54562, -388.643, -471.962
2.80131, -594.717, 468.876
6.50584, -629.782, 476.778
5.49597, -138.217, -369.229
7.43182, -601.97, 228.366
2.65919, -10.0121, 592.644
6.8356, 687.624, -618.134
3.69109, 410.256, 144.489
3.6127, 263.201, 335.868
4.73907, -523.773, -484.994
2.61231, 487.819, 15.0569
6.79755, -170.233, -72.3643
4.15902, 267.575, 261.402
5.72195, 266.721, 31.1937
7.43521, -511.454, -419.468
5.30162, 247.18, -383.881
4.74553, -514.967, -228.201
5.213, -39.829, -496.242
2.90797, 486.557, -39.7814
3.99606, -420.222, -203.373
6.63964, 517.455, 547.856
6.48936, 436.245, 716.348
5.71048, -22.6803, 566.701
4.84105, 362.142, 73.1393
7.15326, -154.082, -396.115
5.08798, -183.479, -101.998
7.42924, 633.098, -320.357
5.94567, 46.3767, -529.206
6.19966, -133.36, -381.076
3.46323, -451.006, -490.684
6.08881, -351.572, 594.949
6.11146, 408.991, 51.1979
6.49298, 408.277, 116.218
4.23216, 216.93, -559.227
5.1481, 198.887, -315.112
3.19001, 590.42, -236.18
6.73218, -219.953, -166.591
6.32766, 4.60181, -477.984
7.5, 628.112, -460.661
4.24891, 485.048, 585.802
5.50367, -504.512, 548.42
3.50808, -315.709, -59.4239
6.2385, 100.16, 26.1601
6.49225, 538.815, 161.755
3.03505, -659.262, 256.222
5.35813, -377.361, -64.1408
2.84683, 231.485, -341.134
4.16036, 655.574, 468.106
5.80945, 316.129, -503.379
5.27726, -122.064, -96.6953
7.12415, 273.041, 105.929
2.69832, -353.753, -85.9406
2.62083, -160.325, 9.12317
4.61923, 239.718, -415.984
4.36987, 307.224, 62.7784
2.93303, -254.821, -160.85
3.05403, -49.9823, 80.2754
5.31992, 244.23, -399.984
7.37269, -24.2453, 498.095
3.05066, -5.02062, -449.936
5.99352, 67.6342, 464.566
2.79674, -11.0423, -503.713
4.69755, 489.149, -62.5833
5.24651, 625.186, 593.527
3.45129, 461.093, -553.182
7.36597, 281.129, -23.9886
3.19593, -383.375, -62.1264
5.48978, 625.45, -433.225
7.12812, -675.134, 544.496
3.91116, 66.2692, 466.214
6.8307, -122.648, -132.18
6.29598, 42.5374, -286.629
6.10793, 263.3, 256.672
3.34241, -222.637, 214.868
3.32882, 607.426, 319.415
3.39076, -559.571, -399.514
5.87226, 224.213, -451.262
4.83484, -152.433, -285.19
6.85219, -512.455, -443.139
5.76023, -510.062, -190.345
5.80464, 715.489, 756.488
2.58037, -655.325, -540.148
4.30596, -543.884, -492.13
3.72747, 514.874, 93.8465
6.93086, -636.192, -619.649
5.23701, 668.034, 655.879
6.57209, 16.172, -494.052
5.24453, 88.9153, 460.276
4.16156, 308.58, -8.38532
4.40213, 85.8176, -486.244
2.52389, 436.2, 487.913
6.95226, -166.663, -353.935
6.16955, -452.432, 536.349
6.04239, -14.7114, 607.614
5.1278, 88.0855, -167.747
6.41065, 47.02, -493.707
3.42484, -308.764, -390.697
5.72673, 258.981, 284.175
3.42178, -456.237, -162.439
3.31214, 156.088, -212.9
2.65594, -198.048, 526.96
7.42716, -44.1537, -436.448
4.04559, -224.174, -348.443
4.11075, -450.066, -181.384
5.51155, 220.038, 64.457
2.89107, -272.918, -534.624
3.93936, 123.841, 31.4416
5.79307, -158.926, -385.955
7.36348, -502.201, -356.45
7.27758, -382.603, -448.178
7.42745, -434.813, -201.287
7.30478, -514.973, -556.591
3.0073, -401.233, 541.788
3.71505, -146.445, -372.62
6.91151, -12.293, -137.944
5.28805, 260.116, 255.408
6.7669, 553.698, 400.354
7.49145, -478.366, 536.644
3.99751, -244.95, -603.179
6.33157, 569.149, 471.023
4.81901, 196.026, 54.8573
6.8168, -568.451, -401.676
6.99018, 570.121, -150.153
7.377, 178.386, -311.832
2.77405, 300.679, -76.6632
6.32605, 647.493, -601.889
5.09219, -582.714, 555.084
3.46574, 503.438, -45.0043
6.98252, 299.94, -456.494
6.38492, -488.735, 222.275
2.75968, 229.408, 216.09
7.47331, -644.595, 587.616
5.93659, -241.325, -358.736
5.94854, 541.932, 409.319
6.57666, -416.307, 557.443
7.05426, -182.293, -350.328
3.34218, -125.935, 138.25
5.24183, -393.688, 535.962
6.53351, -408.494, -131.611
4.17803, 266.522, -456.722
5.53435, -115.984, -105.005
6.59602, -633.105, 150.253
7.3485, 120.053, -177.2
6.29349, 585.348, 479.436
3.72113, -123.836, -134.021
5.80589, -603.107, 230.839
4.21574, -457.927, -184.221
7.27146, 217.568, -270.171
2.60828, 506.318, 420.856
4.54979, -711.625, 702.177
2.55789, 395.974, -530.288
3.04964, 564.566, 179.745
5.28259, -553.535, 365.225
4.45466, 67.0602, -236.036
7.20539, -29.2529, -64.061
2.55572, 296.208, 259.054
6.22897, -132.399, -376.568
3.84293, 248.393, 69.9883
4.27153, -670.781, -549.018
3.45835, -427.459, 413.415
5.14832, 211.104, -30.7284
4.39478, 71.5466, -478.759
3.16407, -26.248, -421.421
4.26563, -145.764, -370.859
4.2497, 675.6, 678.619
7.41084, 409.096, 73.7659
5.25961, 43.005, -116.068
4.99918, 24.3154, -505.69
3.58531, -655.306, 232.931
4.37311, 5.25606, -297.341
6.78251, -512.066, -500.105
6.45578, 637.882, -438.338
3.9204, -389.278, 531.998
5.07645, 280.899, 114.887
6.79238, -212.359, -140.425
7.07844, -457.688, -174.956
7.48941, 60.5295, 502.244
6.53177, 68.0623, -167.099
5.22718, -411.104, -197.158
7.3461, -48.5047, -477.52
5.31931, -560.964, 265.875
4.03031, -410.923, 548.416
5.41853, 559.486, 606.179
2.91197, 33.3863, -101.138
5.47382, 254.04, 211.438
3.31968, -504.029, -522.65
6.46527, -495.005, -499.114
2.95373, 691.416, 461.734
6.3072, -593.792, -444.586
6.83996, -170.87, -69.7845
6.40105, -13.8141, -132.049
6.61399, 645.573, 624.016
6.70974, 258.924, 218.396
4.48328, 194.073, -73.1737
6.508, -88.9362, 71.0515
6.56811, 217.347, 57.3015
5.43493, -326.106, -62.6472
4.64621, 470.744, -40.0378
2.5002, -113.935, -341.179
5.31153, -589.545, 90.6295
6.22632, 232.896, 2.60775
3.89846, 567.037, 222
2.93406, -573.893, 547.966
3.5733, 654.828, -526.43
3.93296, -451.634, 455.077
4.86595, -404.732, 452.882
6.95893, 639.455, 570.644
5.91955, 413.734, -365.268
3.54376, -4.81211, -156.57
6.67533, 710.278, -37.53
7.09218, 686.132, 590.752
4.48244, -591.44, -449.145
6.37858, 328.987, 324.794
5.68161, -4.92379, -133.47
6.64746, 353.034, 116.985
3.40204, 423.115, -378.994
7.45927, 342.044, -508.45
6.70558, 78.4361, -493.112
4.65177, 563.626, 229.155
4.38589, 477.099, 674.115
2.70802, 400.087, -299.212
6.80715, -525.546, -512.683
6.62116, 657.306, -603.327
6.25052, -184.192, 586.653
3.55801, -283.454, 567.352
4.31029, -406.387, -162.123
4.43545, -526.912, -305.651
7.32918, 597.153, 458.834
6.5872, -27.5193, 607.856
4.5755, 59.0175, 349.194
5.83759, 279.466, 118.973
2.52101, 493.147, 631.505
6.98048, -633.745, 207.652
3.68416, -154.17, 233.227
3.79415, 194.121, -233.403
5.4939, 325.801, -492.729
6.89823, -574.66, 199.431
6.16299, -574.016, -502.345
6.0773, 581.007, 453.726
3.57724, -400.549, 540.402
6.30413, 690.283, -651.54
3.85351, -263.745, -385.747
2.75246, 344.48, 111.126
4.78866, 221.198, 92.5529
2.58759, 338.767, -557.496
3.01129, 95.4582, -64.9802
2.639, -229.139, 84.8225
5.65921, -215.394, -391.778
6.34425, 116.972, -183.659
2.74132, 307.434, -473.494
6.6924, -53.4991, -487.145
6.76899, -209.204, -157.231
6.57649, -350.197, 588.336
6.85188, 616.491, 314.708
5.27222, -424.097, -192.148
6.12646, -142.834, -101.365
3.20424, -383.693, 486.768
6.6115, 396.554, -375.018
5.51185, 288.223, 24.8283
4.93856, 318.473, -478.396
6.14942, -107.827, 516.722
4.05164, 699.768, -545.393
3.93925, -545.91, 117.026
5.45857, -645.853, 555.679
5.34055, 521.84, 513.394
5.41059, -556.774, -494.281
2.84132, -601.189, 252.073
4.34304, 77.4862, -178.279
6.28475, -519.68, -511.4
6.35297, -462.613, -473.699
4.27217, -440.052, -166.087
5.98913, 40.5147, 468.403
5.08005, -438.343, -202.941
5.94494, 268.448, -17.1098
6.18066, -30.7932, 560.953
2.56231, -219.753, -347.184
7.16549, 412.546, 76.4817
5.37826, 361.258, 111.442
3.05587, 518.15, 610.644
4.87388, -97.0785, -101.038
3.24247, 241.624, 123.902
4.22594, 276.025, 333.286
7.04476, -590.595, 231.981
4.54571, 94.6491, 467.779
5.96642, -471.23, -141.504
3.35865, 275.785, -464.604
6.21715, 581.94, -474.353
4.16319, -437.463, 544.774
4.62157, 342.938, 78.2599
2.79523, -135.291, 107.794
5.09005, 217.744, 60.0512
5.94425, 197.198, -442.374
5.01149, -181.049, -84.9495
6.56617, -26.9213, -480.159
3.07974, 38.0796, -458.471
5.24841, 231.962, 245.431
5.06046, 217.593, 72.4968
6.02649, 548.918, 469.706
5.65083, -203.473, 547.761
4.0207, -103.994, -535.578
6.74719, 233.601, 67.6089
3.39619, 409.553, 18.5705
2.61737, -358.655, -164.819
4.19467, 484.231, -15.4877
3.43818, 251.842, 45.6303
6.60467, -170.296, -13.4233
6.72507, -431.355, -188.825
6.78031, 683.319, -621.18
7.37454, -611.596, 580.431
2.99587, 292.834, -412.413
2.56182, 568.306, 437.304
2.58614, 256.385, 224.883
2.64527, 309.316, 131.735
4.1031, 41.4829, -118.485
6.17815, 414.096, 166.315
3.14876, 242.584, 193.601
2.5161, -298.63, 314.722
6.91905, -34.813, -442.285
3.70482, 374.794, -506.735
4.38481, -638.482, 553.741
4.44879, 405.254, 34.1124
2.81534, 371.656, 140.437
7.30792, 138.888, 482.904
3.75349, 589.661, -125.804
6.85376, -461.291, -114.083
2.85991, -554.471, 142.433
2.70653, -260.758, 481.505
3.46378, 230.084, -450.302
3.86708, -226.273, 229.34
7.4007, -492.109, -386.239
3.60607, 208.269, -438.66
6.43119, -534.902, 501.919
4.42306, 121.129, -264.725
3.78593, 334.722, -488.71
3.91087, -595.547, 171.947
7.33834, 448.446, -41.6186
4.22841, 344.6, 113.282
3.45922, -588.673, 400.935
5.05037, -430.813, -165.041
5.21857, -417.843, 613.627
5.72333, -519.17, -527.844
3.89738, -49.2789, 545.108
3.41887, -211.306, -344.38
2.71579, -581.038, 193.195
3.98408, -499.944, -184.298
4.25548, -98.8432, 101.137
7.09372, -460.698, 587.722
5.81225, 395.793, -184.311
5.08041, 563.467, 449.834
4.03763, 316.802, 327.432
3.0007, -76.9496, 69.8692
3.47502, 334.426, -454.812
4.11407, 158.491, -261.498
5.56182, 497.116, 93.3569
5.13511, 654.293, -523.251
3.45653, 216.584, 131.185
4.7178, -587.512, -551.972
4.48693, -382.63, 535.04
6.28051, -508.701, 590.745
6.6213, 576.585, 466.245
5.51573, 32.0806, -113.292
3.04573, 281.212, -498.414
4.11797, 335.18, -108.983
5.03403, 232.668, 225.788
4.76521, -396.933, 550.663
4.77315, -133.121, -385.226
4.91125, 680.051, 633.898
5.07896, 277.439, -448.536
4.50207, 44.6028, 509.191
4.22945, 441.347, 302.835
6.64533, 573.202, -86.3657
3.02204, -460.797, -440.89
6.40057, 306.864, 309.917
3.19919, -216.97, -179.644
2.62171, -482.888, -458.071
6.0664, 286.743, -530.071
7.15538, -46.0177, -415.8
7.47667, 253.82, 129.932
3.86264, -551.688, 331.624
3.6923, -485.589, -199.277
3.87328, 382.754, 455.871
5.70836, -479.048, -524.819
5.17637, 366.604, 98.7104
6.8967, 577.197, -330.985
6.75968, -576.885, -385.915
2.98004, 439.793, -92.9083
4.66818, -627.705, 215.01
3.17045, 170.524, -446.167
5.86802, -99.1046, 127.925
5.34964, -80.8538, -446.777
3.66474, -349.983, 678.268
5.50306, 271.943, -411.76
2.6551, -353.789, -170.739
7.08512, 315.429, -256.916
3.82958, 488.755, 15.5398
6.50016, -123.101, -279.992
5.46389, -23.0608, -514.812
5.0822, 242.977, 215.85
5.2567, 202.715, 188.063
3.47225, 322.784, -131.536
5.36152, 90.3629, -604.424
3.81992, 280.338, 328.904
4.41648, -643.372, 463.694
2.73626, -551.153, -593.08
4.22823, 396.751, -532.947
3.61594, 413.895, -378.824
3.81264, -3.51708, -452.646
3.05141, -174.687, -346.007
7.40088, -483.915, -139.756
5.93794, 574.824, 451.632
5.82158, -434.925, -172.175
5.99501, -664.764, -470.543
2.68746, -498.23, -233.971
3.6706, -660.988, -539.014
3.95397, 524.92, 457.581
3.50543, -101.949, -67.0679
2.7177, 220.392, -26.7904
2.56571, -396.856, 611.164
6.07297, -409.234, 495.256
6.88348, -548.29, -485.042
5.35088, -567.394, 286.177
6.92743, 660.305, 696.098
5.20042, -474.713, -222.918
3.31357, 644.078, -543.679
3.30492, 689.43, 417.744
7.19182, 266.601, 91.9848
3.45628, 463.989, -583.848
3.15761, 87.2582, -79.4766
4.41122, -179.238, -75.2505
6.12674, 215.597, 60.2237
2.50651, 579.37, 584.828
4.60222, 48.1808, 568.677
5.18984, 279.893, 154.764
4.86596, -123.118, 207.453
6.33003, 580.126, 583.247
2.9396, 417.928, -439.153
7.04284, 287.624, 107.702
3.20818, -491.204, -550.081
2.54782, 263.545, 43.5742
2.82267, 283.434, 311.593
4.96742, 274.596, 42.1987
5.40914, 489.054, 628.537
4.03373, -564.326, 542.046
4.57091, 472.193, -40.3942
4.33401, -527.686, -514.647
3.42687, 68.3291, 489.926
2.76788, 374.863, 122.987
4.47222, 373.853, -29.1546
3.98388, -172.698, -117.953
5.05388, -489.933, 534.82
3.75392, -769.96, 197.84
5.01589, 667.115, 626.421
2.51168, -12.4807, 584.11
7.01807, 646.82, -451.805
2.79181, -632.586, -604.955
5.17506, -397.058, 523.958
3.95754, -423.409, 448.291
7.3023, -401.821, -205.811
4.73406, 263.617, 56.8495
5.08479, 609.139, 236.049
5.93861, -148.977, -174.085
2.72187, -104.682, -122.253
7.2946, -615.466, 494.138
5.70852, 178.447, 2.87976
2.80215, 117.85, -511.365
3.33964, 295.856, 353.313
5.76491, 308.184, -4.26317
6.19864, -559.808, 143.998
3.57011, 586.386, 174.866
4.31441, 86.3307, -513.65
6.56981, -502.616, 579.829
5.32057, 565.203, -363.153
7.45886, -7.50709, -452.281
6.5669, -591.145, 145.675
3.49157, -574.363, 31.5722
2.50003, -35.4659, -470.997
4.62608, 632.977, -577.793
4.07406, 571.972, 214.428
5.56218, 508.085, -600.723
3.83351, -80.657, -283.006
4.39881, -481.498, -110.739
5.43397, 553.962, 184.306
5.95636, -149.857, -370.636
7.26736, -194.281, -333.066
4.89785, -325.714, -547.758
3.60319, 325.718, -493.254
5.33741, -579.105, -447.139
6.09873, 246.818, 106.271
4.4953, -352.101, 599.903
3.48326, -496.069, 594.063
6.66971, -664.781, -536.543
5.59561, -456.937, -489.434
7.26866, -174.438, -9.9795
3.23222, 134.778, -232.341
5.38953, -323.677, -414.432
7.26796, -343.389, 553.548
3.62331, 723.031, -601.462
7.25137, -374.119, 495.231
3.07874, 642.902, -442.992
2.58372, 30.3995, -320.287
3.90465, -175.649, -208.223
7.15042, 362.38, 80.073
3.04796, 776.908, 702.072
6.77266, 80.8697, 526.92
5.68532, -612.447, -437.611
5.63853, 323.464, -498.373
3.80589, 561.706, 408.993
5.13936, -601.36, 281.263
7.16608, -212.861, 524.142
3.98055, 471.538, 22.2861
4.78006, 267.76, 267.325
6.35659, -541.424, -497.175
4.17193, 248.443, 84.0898
6.31775, 154.079, -485.538
6.65892, -97.2946, 465.998
2.64618, -628.24, 446.093
4.31315, 522.151, -172.687
4.16221, 260.873, 255.641
3.17675, -392.203, -168.049
3.00839, -235.202, 625.574
5.11327, -404.626, 655.852
3.52046, -147.055, -314.869
5.00728, -561.672, -493.329
5.1371, -56.4676, 473.085
4.13422, -187.267, -74.3101
4.75888, 253.055, -269.728
6.85263, 73.0759, 507.435
4.72884, 521.399, 515.376
6.03726, -693.813, -472.01
6.83171, 621.921, -580.641
6.5822, 564.597, 180.738
2.67504, 735.957, 678.489
3.8644, -448.307, -199.222
5.21858, -190.854, -394.415
3.19942, -515.401, -520.04
5.57408, -518.884, -451.723
3.29182, -554.782, -380.554
4.41129, 318.139, 120.731
5.94997, -107.813, 140.685
3.21128, -303.14, 317.882
5.65284, -655.44, 551.385
3.15973, 20.8132, 495.551
7.13583, -550.742, 218.684
5.53465, -634.762, 555.84
5.50388, -600.549, 122.306
3.33635, 372.006, -312.498
3.301, -593.231, -542.459
5.91628, 464.836, -23.2579
5.1456, -545.978, -122.48
3.65264, 16.7852, 564.552
6.55373, -388.542, -164.527
5.76477, -169.608, -414.611
4.08597, -531.4, -490.973
2.53953, -145.267, -427.473
3.49176, 566.263, 455.011
3.78831, 231.114, 289.233
3.03825, 475.721, -85.0083
3.49545, 145.996, -207.596
6.75079, 707.118, -536.758
6.63912, -595.8, 106.156
6.76813, -474.913, -418.608
5.71027, 24.8552, 492.521
3.6787, 700.606, -582.247
6.80638, -628.843, -361.263
5.4745, 90.3656, -123.915
2.52745, 356.269, -39.7581
6.84925, -492.252, -504.616
7.37729, 339.44, 74.3625
5.59653, 296.504, 101.024
3.85574, -639.649, 99.373
7.46973, -10.8632, -289.309
4.60751, -494.831, -484.605
4.20537, -490.852, -407.833
4.80717, 273.695, -17.6918
4.44822, 116.506, -254.087
4.613, 114.894, 560.437
2.84879, 248.891, 243.312
5.5153, 16.8239, -181.44
7.36114, -79.4703, 25.7916
5.07406, -540.441, -464.877
7.45461, 514.001, -14.9968
5.84906, 400.07, -61.3503
4.01716, -487.526, -234.984
3.47371, 446.006, 465.958
4.0109, -476.649, -338.691
4.93946, -402.817, 496.891
4.72438, 444.972, 630.103
5.7844, 350.296, -523.31
3.74227, -510.691, -551.654
4.72007, 107.64, 461.18
5.75894, -494.293, -100.576
6.67472, -644.667, 238.006
6.03698, 87.818, 552.505
4.93928, -496.449, -480.209
6.72039, 320.94, -14.1505
7.00296, -443.605, -202.238
6.33082, -549.592, -350.846
5.29453, 479.195, 671.241
2.70603, 130.498, 1.53327
5.46749, 316.671, 113.959
2.68674, -356.559, 553.575
4.53488, 299.659, 247.722
2.84243, -646.317, -693.956
7.38558, -523.772, -447.494
2.5956, -403.635, -193.879
6.60363, -231.873, -169.695
5.2195, -461.645, 454.234
5.72828, 552.519, -293.439
3.62934, -143.074, -169.008
2.733, 724.548, -613.62
3.63154, 244.486, -452.561
4.58371, -631.92, 190.017
6.40126, 276.042, -430.878
3.72852, -584.088, 150.818
4.81411, 377.426, 121.605
6.14756, 480.021, 9.91892
5.35237, -445.469, 461.633
5.45997, 669.158, 629.965
4.98425, -654.1, 236.333
3.951, 305.5, 151.823
4.71107, 79.0757, -164.06
2.53669, 726.611, -739.303
7.41683, 401.393, -182.182
2.52822, -645.705, -207.528
4.8676, 19.9295, 564.217
5.86497, -126.555, -218.297
