6.27803, -729.386, -943.842
3.5948, 9.90449, -119.144
5.89648, 365.013, -888.597
5.09708, -281.605, 874.059
2.76731, -958.579, 653.441
2.53849, 353.694, 36.6855
4.58743, -783.876, -250.094
7.15218, 188.569, 398.598
2.95982, 26.3728, 697.637
6.00595, -184.331, 315.994
3.81226, 539.201, 797.699
4.14117, 471.976, -877.46
7.45519, 458.53, 252.745
7.41275, -502.434, -245.265
5.75759, 484.029, 428.288
6.92354, 256.303, -821.425
6.33247, -152.143, -478.839
3.87453, -461.406, -61.683
4.93259, -653.784, -292.255
2.80282, 803.693, 762.729
5.08146, 17.2232, 760.567
4.96988, 930.551, -371.86
7.23882, -788.585, -470.184
4.42071, -24.2321, -818.235
5.14874, 796.608, -486.872
2.75042, 848.779, -72.4401
6.63909, 550.518, 530.016
5.94228, -900.379, -720.135
6.18112, 258.499, 725.297
6.94286, 944.798, 441.604
4.25508, -357.951, -513.996
6.72991, 184.676, 21.5761
3.84659, 616.409, -111.116
4.83959, 59.4741, -199.636
3.2686, -647.152, -462.948
2.66527, 624.379, 121.418
7.2768, -14.1545, 87.4578
6.95369, 116.654, 473.644
3.29884, 645.509, 228.67
3.15214, 425.382, -558.814
2.515, -461.876, -802.297
6.0491, -871.135, -177.577
3.40448, -494.383, 830.383
5.76029, 770.047, -329.526
4.42907, 400.229, -718.501
3.23766, -6.62802, -215.237
5.45054, 602.185, 129.534
3.24076, 161.276, 883.999
3.2091, -166.322, 940.98
4.94257, -470.708, 110.413
3.13015, 840.231, -59.7558
5.64635, -334.476, -571.217
5.60817, 278.944, -712.665
4.88216, -480.385, 567.24
2.64188, -470.274, -234.601
3.21011, -121.206, 762.384
3.15594, -193.614, 855.406
3.31099, -820.661, 747.64
3.76529, -258.806, -812.009
4.77654, 528.367, -725.896
6.54472, -87.5644, -291.297
3.57624, 296.254, 818.977
3.75063, 801.124, 376.462
5.02978, -65.3695, 710.798
6.27922, 636.145, 148.392
5.66369, 829.19, -32.1435
5.9449, 590.37, -143.702
7.27207, 947.182, 465.06
5.18713, -381.22, 682.247
4.57014, -742.407, 24.231
4.70019, 739.945, 163.337
6.07821, 717.779, 451.659
6.20858, 371.178, 571.349
5.12494, 757.049, -939.687
6.06711, -834.677, -81.6312
5.91025, 316.404, -24.778
6.82941, 820.735, -583.199
3.19597, 57.3538, 737.157
3.57766, 912.974, -128.266
5.0733, -329.845, -152.806
4.83766, -114.029, 741.354
3.55759, -239.723, 602.698
5.65244, -678.045, 958.766
2.5044, -905.15, 178.26
4.09589, 436.08, 524.46
5.90281, 361.544, -99.1176
6.0446, 652.58, -568.82
2.90869, -789.318, 633.376
3.56926, 254.959, 460.785
4.44412, -807.861, -561.018
4.44927, 918.139, 903.02
3.92018, 369.6, -457.685
4.6123, 558.266, 537.901
2.55658, -641.018, -430.654
3.72027, 905.259, -624.607
4.49072, -706.508, 640.104
6.64177, -661.483, 197.107
3.78584, 933.208, -703.441
3.59705, -770.433, -505.968
6.47385, 371.393, 264.165
5.8476, 477.012, 385.474
5.49108, -882.298, 273.493
5.99917, -360.376, -525.079
5.13062, 565.683, -737.777
4.14833, 203.533, 98.7747
3.30844, -723.352, 375.779
6.56633, 699.192, -19.1395
4.08004, 438.046, 123.077
4.05369, 29.3563, -724.83
4.65424, 29.6076, 134.79
4.46509, -219.097, -474.835
4.43916, -38.7603, -163.222
4.34871, -784.952, -475.806
5.88118, 327.308, -523.583
6.10384, 415.9, 30.2058
7.20082, -66.7804, 870.113
5.08573, -81.9189, -367.996
5.5282, -173.726, 306.582
5.85049, -672.59, 937.787
5.11404, 62.1272, -295.687
3.87105, -915.652, 635.729
7.08924, 116.946, 281.092
3.73367, 907.486, -423.85
4.77876, 352.007, 645.197
3.30374, -913.115, 634.634
4.68319, 390.798, 358.985
7.45767, 445.512, 182.188
6.26931, -423.787, 387.355
4.97846, -935.852, -636.022
7.01651, -651.563, -778.214
4.68213, 487.38, 528.839
5.09239, 157.408, -940.37
4.44866, 91.2888, -819.099
5.63431, -188.436, -586.54
5.19331, 379.992, 326.743
4.35955, 644.851, -427.771
2.54674, -344.601, 348.701
6.3794, 33.9702, -751.8
2.85317, -869.393, -578.543
3.98511, 419.156, -684.511
4.78581, -55.4368, -840.182
3.25156, -94.7039, 21.2028
5.97819, 638.209, -423.484
4.15587, 378.9, 137.885
5.21197, 951.293, -835.189
2.64678, 726.582, -920.547
5.38086, 1.78064, -212.96
5.18133, 341.783, 466.434
7.36678, -742.427, -883.535
5.57063, -312.282, -588.693
5.26431, -726.558, 221.267
6.69051, -242.962, 876.822
3.75764, -496.104, 884.302
6.98957, 590.22, -125.975
5.97428, 512.082, -489.575
5.82752, -477.456, -78.3627
3.06838, -587.85, -774.404
3.37987, -924.133, 102.37
2.91253, -148.66, 164.745
6.68103, -223.32, 343.291
2.64818, 898.974, -707.636
6.34719, -17.9525, -824.691
4.29829, -509.178, 843.689
6.24626, 26.4049, 511.11
6.28385, 332.92, 316.34
3.60834, -526.71, -883.675
5.58305, 300.507, 153.814
3.66846, -563.088, -225.736
6.22052, -686.816, 275.19
5.80997, -865.702, -662.51
4.9209, 898.65, -759.289
2.58972, 850.71, 193.757
4.98291, 453.665, 169.663
5.09587, -24.585, -854.238
4.71395, -841.799, 501.785
4.14528, -21.0586, 921.604
3.52671, 471.019, -98.3805
7.19863, -222.457, -599.608
2.85168, -520.627, 881.688
3.30042, 29.7927, -731.417
6.70788, -744.265, 20.5498
4.13614, -155.371, -253.942
6.85942, 164.096, 416.439
5.99896, 653.77, 510.653
5.52801, 857.885, -201.199
4.77536, 67.9898, -242.905
2.91543, -489.052, -255.661
3.94883, -21.5516, -118.344
6.51009, -599.976, -776.741
6.81821, 352.882, 33.131
3.81831, 404.177, -497.072
4.79881, -802.395, -230
4.95672, 572.397, -504.226
5.82344, -462.19, -947.902
7.31738, -616.991, -175.829
7.23022, 557.746, -730.494
2.81902, 218.838, -643.469
5.04829, -463.999, -267.784
6.13222, 648.214, 657.203
5.65882, 564.535, -315.748
3.26658, -897.727, -917.767
5.09652, -838.912, 495.841
3.52281, -530.712, 822.038
6.03231, 399.283, -825.801
6.05786, -468.292, -70.1993
3.66304, -562.599, -223.154
6.80594, -19.8284, -111.171
2.67122, -93.0653, 908.565
6.26587, -911.01, 82.1785
4.14789, 639.694, 136.604
4.65309, 51.0736, -511.812
7.33455, 888.864, -215.067
4.05803, 735.847, 671.763
5.69762, 915.165, -686.442
5.95386, 848.387, -58.7844
5.36403, 40.6396, 617.962
6.60667, 903.087, -726.048
4.21807, -872.745, -676.09
5.09387, -820.413, -717.439
6.78438, 115.727, -910.111
6.18587, 333.285, 46.4649
3.45992, -854.259, 355.007
2.83145, -305.988, 321.692
3.60828, 852.543, -701.92
3.33656, 147.866, -168.531
6.31172, 371.178, -874.408
5.44905, -829.642, 384.996
4.65223, 856.78, 834.56
7.09618, 639.721, 12.8433
5.09668, 458.436, 178.645
7.38058, -689.974, -40.9663
5.15714, -449.299, 128.721
2.98716, 340.679, 340.067
5.83983, 183.057, 119.955
5.44444, 153.653, -11.8548
5.01137, -658.976, -111.135
2.75808, -889.466, 428.313
2.6753, -315.127, 19.7164
4.41484, -772.94, -526.533
5.55555, 206.158, 92.4937
5.06574, 550.28, 842.106
5.98498, 338.596, -14.811
4.89891, -7.23353, -200.136
3.88323, 45.3096, 433.143
6.01685, -433.698, 192.193
3.67701, 841.7, 20.1344
6.41501, 136.247, -176.245
6.60589, 335.283, 800.068
3.21842, -484.941, 45.005
5.75757, -500.424, 766.636
3.87677, 845.63, -941.29
7.26215, -413.067, 685.592
4.58238, -736.245, 20.405
3.03869, -123.916, 385.888
4.70633, -769.638, 531.621
6.28811, -397.119, -281.4
2.77803, -342.669, -288.117
3.51241, -12.0647, 128.441
6.82305, 899.743, -716.35
6.52456, -270.886, -1.37143
2.78861, -663.145, -645.093
4.40304, -57.2197, -704.659
4.56124, -93.4627, 713.585
2.80071, -362.711, 302.959
7.09746, 791.581, 618.401
3.35398, 535.706, 825.195
6.51634, -921.46, 201.88
3.88599, 710.99, 46.525
4.44586, 163.806, 743.384
7.19936, 71.3122, 615.363
6.24573, 187.343, -203.218
3.44774, -338.088, 743.737
6.89581, 418.295, 474.404
6.8953, 399.44, -800.328
3.30515, -796.391, -249.285
5.87346, -779.687, -181.687
6.89096, 616.448, 160.439
6.98262, 259.641, 504.852
3.06535, 1.40697, 732.758
5.93789, -196.091, -222.529
3.21651, -801.575, -743.772
3.6901, 381.021, -37.6066
5.64383, 906.316, -205.171
4.312, 800.324, 377.898
4.64437, 582.691, 708.98
4.91936, -25.2487, -817.021
6.20379, 14.1229, -120.18
3.23098, -350.23, 840.871
7.36238, -788.464, -739.419
7.3158, -506.249, -210.207
3.14741, -575.378, 644.73
5.3784, -284.654, -595.169
4.66439, 153.307, -171.59
5.50066, -233.926, -243.449
5.85098, -671.711, -60.6705
4.5137, 400.271, 958.531
6.46691, 665.676, 654.552
4.89889, -932.707, -242.166
5.72449, 291.041, 266.849
4.28836, -264.569, 607.75
5.96794, -319.464, -216.604
5.83428, -416.189, -669.688
3.22071, -427.656, 696.542
7.10415, -900.572, 184.317
4.22228, 28.3184, -224.997
6.66824, -392.529, -466.568
2.74349, 300.204, -713.221
3.27936, -243.799, -49.0379
2.55765, 324.341, 478.572
3.94327, 111.66, 579.102
5.07295, -337.569, -153.729
3.65948, 669.215, 432.103
2.75022, -253.135, -46.8657
5.33091, -602.29, -780.007
6.69774, -156.216, 638.32
4.28763, -674.059, -472.315
4.3452, 162.68, 846.952
7.22226, 263.022, -68.0057
4.72425, -879.397, -178.162
6.82086, 454.778, 154.992
5.82654, -776.922, -720.743
5.79297, 174.664, 650.329
7.10736, -938.204, 940.049
5.11536, 935.893, -634.785
5.45229, 443.142, -441.195
5.79944, 662.002, 661.82
4.24765, 262.614, 474.527
4.11714, 350.527, 37.562
7.08984, -107.91, 714.864
3.08619, 919.648, -452.818
7.31268, 621.347, -124.085
5.17978, 60.8721, -281.098
5.81447, 776.316, 633.369
5.48362, 882.212, -487.695
6.93363, -507.793, -721.324
6.67999, -647.099, -602.237
6.69339, 249.567, 184.921
6.85642, -160.045, 298.52
2.5002, -773.488, 333.992
4.77274, 273.257, 331.105
4.25696, -922.986, 201.457
5.80713, -252.815, 694.166
6.22234, -887.427, 153.523
3.3821, -161.942, -475.765
7.4621, 800.959, -765.043
5.95466, -919.321, 196.76
6.97862, 149.123, -20.7789
3.51579, 348.615, -96.1594
7.2356, -480.706, -39.634
4.88476, 851.735, -487.164
6.78578, 917.869, -751.663
6.41237, -901.724, -543.417
5.70687, 900.788, -872.194
3.14521, -708.919, 169.699
5.77944, 8.86067, 663.476
3.09199, 56.4147, -0.0707022
3.88793, 306.095, 777.159
6.65548, -240.176, -245.783
6.14153, -745.704, -510.483
6.74348, -602.802, 291.266
3.43989, -768.823, -876.853
6.09602, 554.862, -305.408
4.25586, 143.887, 298.471
3.34555, -420.14, -690.733
4.52383, 337.576, -518.598
4.20924, 163.46, 732.916
6.67141, 344.744, -126.034
3.9111, 699.251, 588.922
5.16766, -634.687, -455.232
6.25085, 939.468, -850.969
4.62554, -667.246, -736.914
4.66964, -526.667, 548.897
3.03022, 844.39, -914.699
6.4639, -38.9155, -456.104
3.91232, -595.98, -464.365
7.14264, -542.253, -237.416
5.37926, 246.925, 511.695
3.4895, 816.519, -300.522
5.99081, 558.205, -736.665
3.07265, 486.692, -902.862
4.22945, 276.63, 749.944
4.15646, -545.512, -236.077
6.42735, 827.275, -930.226
6.65775, 458.678, -212.059
4.21712, -728.193, 746.36
4.2603, -280.041, 897.464
6.38197, 128.724, -767.577
6.58658, 1.72666, 683.44
4.26157, -155.625, 292.764
7.09559, -404.111, -277.416
3.2877, 512.211, 236.926
5.56029, -465.02, 592.875
5.54222, -427.681, 696.448
3.16647, -241.792, -714.355
3.51409, -717.976, -506.862
4.79457, -839.635, 526.004
3.48759, -473.21, 894.64
6.77118, -838.973, 376.518
6.54562, -758.457, -650.563
2.80131, -876.046, 852.128
6.50584, -710.657, 632.774
5.49597, -161, -512.765
7.43182, -880.839, 269.672
2.65919, -118.831, 679.443
6.8356, 901.779, -714.228
3.69109, 622.944, 307.473
3.6127, 182.123, 395.748
4.73907, -907.155, -554.241
2.61231, 849.13, -183.478
6.79755, -257.094, 2.20263
4.15902, 221.634, 555.839
5.72195, 315.861, 294.948
7.43521, -909.858, -502.373
5.30162, 285.669, -573.398
4.74553, -757.654, -247.766
5.213, 139.094, -725.086
2.90797, 787.304, -34.3579
3.99606, -789.293, -248.528
6.63964, 777.27, 634.047
6.48936, 611.299, 887.47
5.71048, -117.757, 680.852
4.84105, 619.025, 364.753
7.15326, -201.527, -554.754
5.08798, -244.811, -53.5012
7.42924, 789.808, -486.142
5.94567, -52.3094, -685.706
6.19966, -156.919, -479.562
3.46323, -399.117, -895.004
6.08881, -462.215, 595.578
6.11146, 574.412, -152.626
6.49298, 279.624, 147.676
4.23216, 251.578, -958.914
5.1481, -24.5782, -122.48
3.19001, 727.904, -333.807
6.73218, -238.024, -244.116
6.32766, -42.0628, -850.065
7.5, 885.268, -436.59
4.24891, 474.506, 943.53
5.50367, -579.714, 564.398
3.50808, -491.959, 60.3735
6.2385, 41.5665, 156.775
6.49225, 932.174, 220.072
3.03505, -696.511, 105.783
5.35813, -509.071, 43.4059
2.84683, 360.651, -363.764
4.16036, 683.763, 676.88
5.80945, 466.376, -692.503
5.27726, 141.204, -170.279
7.12415, 227.601, -10.2473
2.69832, -464.055, 207.276
2.62083, -290.609, 219.702
4.61923, 228.531, -641.453
4.36987, 456.748, 137.392
2.93303, -241.072, -258.706
3.05403, -153.204, 166.38
5.31992, 351.691, -338.785
7.37269, 8.82968, 715.329
3.05066, -55.2037, -835.774
5.99352, 100.247, 935.812
2.79674, -69.2945, -692.733
4.69755, 831.939, -81.0005
5.24651, 960.579, 702.236
3.45129, 672.988, -732.94
7.36597, 338.467, 321.692
3.19593, -669.544, -80.6059
5.48978, 890.505, -452.772
7.12812, -853.161, 701.446
3.91116, -66.3283, 871.025
6.8307, -157.319, -86.8097
6.29598, -194.316, -570.279
6.10793, 333.629, 613.775
3.34241, -341.475, 345.247
3.32882, 774.684, 359.85
3.39076, -647.835, -951.412
5.87226, 318.051, -575.459
4.83484, -318.344, 22.1138
6.85219, -786.161, -355.906
5.76023, -666.395, -109.549
5.80464, 742.215, 847.591
2.58037, -651.68, -568.662
4.30596, -749.034, -683.576
3.72747, 903.577, 91.912
6.93086, -897.915, -906.993
5.23701, 818.276, 786.175
6.57209, -46.5714, -635.486
5.24453, 170.001, 839.186
4.16156, 492.596, -46.7829
4.40213, -0.938257, -648.751
2.52389, 898.274, 629.217
6.95226, -84.2722, -399.747
6.16955, -466.144, 666.798
6.04239, -130.844, 657.695
5.1278, 82.9868, -182.05
6.41065, -169.821, -787.287
3.42484, -409.05, -440.318
5.72673, 269.857, 460.433
3.42178, -649.996, -275.98
3.31214, -3.25243, -123.455
2.65594, -183.883, 836.553
7.42716, 135.441, -674.417
4.04559, -308.895, -683.521
4.11075, -638.156, -292.371
5.51155, 275.434, -211.625
2.89107, -323.811, -894.457
3.93936, 3.76923, 58.0854
5.79307, -148.039, -479.589
7.36348, -927.062, -359.473
7.27758, -362.056, -765.284
7.42745, -658.049, -301.41
7.30478, -877.182, -699.593
3.0073, -520.513, 544.084
3.71505, -151.889, -478.212
6.91151, 113.266, -396.359
5.28805, 338.426, 658.148
6.7669, 785.978, 524.476
7.49145, -531.116, 554.669
3.99751, -212.067, -471.292
6.33157, 944.1, 429.365
4.81901, 293.336, -165.789
6.8168, -649.142, -750.351
6.99018, 840.255, -32.3764
7.377, 252.899, -392.497
2.77405, 613.581, 166.148
6.32605, 904.3, -631.827
5.09219, -908.427, 734.861
3.46574, 939.302, -201.157
6.98252, 226.964, -554.496
6.38492, -832.083, 100.65
2.75968, 399.258, 527.832
7.47331, -809.317, 753.827
5.93659, -69.4615, -436.054
5.94854, 868.959, 494.851
6.57666, -644.875, 810.553
7.05426, -58.5735, -443.526
3.34218, -201.509, 366.233
5.24183, -601.162, 780.083
6.53351, -489.067, -243.186
4.17803, 331.245, -528.663
5.53435, -93.327, 26.8331
6.59602, -888.393, 341.357
7.3485, 64.5712, -232.117
6.29349, 550.838, 512.526
3.72113, -136.259, -98.4054
5.80589, -570.838, 382.96
4.21574, -468.781, -204.86
7.27146, 362.725, -381.026
2.60828, 787.901, 541.9
4.54979, -881.997, 918.767
2.55789, 568.796, -681.371
3.04964, 849.974, 219.689
5.28259, -809.111, 102.962
4.45466, 5.83399, -253.727
7.20539, 119.887, -182.906
2.55572, 182.647, 369.341
6.22897, -185.117, -462.952
3.84293, 148.238, 120.045
4.27153, -639.141, -758.416
3.45835, -443.364, 634.492
5.14832, 296.411, -138.352
4.39478, -43.6647, -855.292
3.16407, -35.7011, -830.466
4.26563, -174.234, -518.52
4.2497, 776.638, 953.527
7.41084, 635.569, -152.08
5.25961, 147.21, -339.604
4.99918, 41.1608, -720.427
3.58531, -829.506, 412.947
4.37311, -248.858, -611.505
6.78251, -630.29, -462.336
6.45578, 794.582, -518.394
3.9204, -521.252, 878.674
5.07645, 441.928, 125.387
6.79238, -245.09, 35.5701
7.07844, -852.682, -177.411
7.48941, 133.655, 879.266
6.53177, 140.099, -170.608
5.22718, -903.63, -175.426
7.3461, 133.869, -727.089
5.31931, -577.776, 365.68
4.03031, -448.364, 636.023
5.41853, 890.759, 886.619
2.91197, 66.8498, -274.577
5.47382, 351.305, 597.59
3.31968, -570.561, -578.365
6.46527, -637.117, -432.812
2.95373, 597.824, 689.581
6.3072, -486.033, -681.012
6.83996, -254.403, -9.14735
6.40105, 158.908, -336.773
6.61399, 906.452, 886.208
6.70974, 367.924, 542.94
4.48328, 490.804, 257.673
6.508, -138.47, 168.562
6.56811, 373.205, -38.7496
5.43493, -401.479, 91.1755
4.64621, 768.109, -25.3634
2.5002, -49.3302, -459.747
5.31153, -797.25, 330.585
6.22632, 358.851, 326.555
3.89846, 908.373, 286.196
2.93406, -939.634, 556.128
3.5733, 854.383, -867.445
3.93296, -474.969, 599.141
4.86595, -382.198, 460.774
6.95893, 838.925, 824.494
5.91955, 498.937, -483.079
3.54376, -6.7872, -120.831
6.67533, 773.505, -5.16935
7.09218, 907.248, 910.174
4.48244, -501.932, -673.928
6.37858, 560.017, 531.126
5.68161, -130.038, -106.016
6.64746, 474.503, 244.803
3.40204, 532.371, -474.083
7.45927, 562.024, -719.371
6.70558, -144.453, -809.55
4.65177, 865.718, 247.891
4.38589, 595.324, 853.989
2.70802, 619.27, -494.707
6.80715, -730.524, -504.211
6.62116, 888.881, -884.013
6.25052, 27.8542, 720.296
3.55801, -174.585, 931.903
4.31029, -781.852, -177.004
4.43545, -587.029, -740.663
7.32918, 794.401, 628.687
6.5872, -128.697, 664.004
4.5755, -71.4445, 438.851
5.83759, 195.926, 150.834
2.52101, 480.765, 942.635
6.98048, -711.861, 204.302
3.68416, -358.764, 358.211
3.79415, 341.114, -122.195
5.4939, 389.901, -693.539
6.89823, -813.949, 357.967
6.16299, -577.769, -582.478
6.0773, 850.507, 568.806
3.57724, -587.777, 483.917
6.30413, 687.291, -940.784
3.85351, -193.393, -518.121
2.75246, 626.384, 302.205
4.78866, 310.48, 275.536
2.58759, 424.207, -744.342
3.01129, 61.5325, -199.34
2.639, -154.02, 289.145
5.65921, -355.238, -539.672
6.34425, 57.0983, -229.367
2.74132, 539.941, -815.678
6.6924, -23.6957, -628.59
6.76899, -243.901, -263.354
6.57649, -492.903, 572.8
6.85188, 787.885, 381.439
5.27222, -615.611, -149.346
6.12646, -248.505, -18.562
3.20424, -480.658, 886.601
6.6115, 585.719, -510.488
5.51185, 699.617, -186.327
4.93856, 482.349, -887.695
6.14942, -248.794, 866.777
4.05164, 754.889, -657.181
3.93925, -702.823, 333.367
5.45857, -910.079, 753.542
5.34055, 604.726, 833.442
5.41059, -920.96, -557.886
2.84132, -671.587, 291.579
4.34304, 154.125, -345.25
6.28475, -925.889, -562.619
6.35297, -452.788, -850.202
4.27217, -395.607, -277.23
5.98913, 211.462, 897.787
5.08005, -651.458, -292.899
5.94494, 347.936, 147.412
6.18066, -80.6937, 625.411
2.56231, -328.217, -652.539
7.16549, 635.858, -155.46
5.37826, 117.589, 116.863
3.05587, 508.079, 967.613
4.87388, -113.389, 27.8732
3.24247, 222.047, 108.951
4.22594, 55.0338, 432.481
7.04476, -879.687, 157.849
4.54571, 8.77457, 533.109
5.96642, -678.04, -91.5029
3.35865, 367.242, -855.461
6.21715, 859.581, -486.939
4.16319, -432.216, 663.003
4.62157, 636.745, 325.693
2.79523, -180.884, -75.7272
5.09005, 272.612, -215.002
5.94425, 453.494, -566.727
5.01149, -259.188, 9.47725
6.56617, -182.494, -732.114
3.07974, 97.9105, -900.431
5.24841, 283.077, 461.888
5.06046, 353.863, 31.058
6.02649, 929.557, 445.6
5.65083, -253.7, 878.958
4.0207, -50.8884, -629.786
6.74719, 396.032, 343.308
3.39619, 619.54, -29.6379
2.61737, -502.563, -95.5583
4.19467, 693.521, 41.2264
3.43818, 341.54, -132.867
6.60467, -282.311, 159.791
6.72507, -905.419, -185.727
6.78031, 852.133, -701.985
7.37454, -915.151, 632.844
2.99587, 423.655, -435.866
2.56182, 566.991, 635.086
2.58614, 227.407, 548.443
2.64527, 220.819, 117.922
4.1031, 150.244, -336.079
6.17815, 608.661, 290.108
3.14876, 354.113, 462.11
2.5161, -377.098, 484.008
6.91905, 134.259, -788.694
3.70482, 203.596, -533.389
4.38481, -826.14, 732.073
4.44879, 610.649, 144.111
2.81534, 618.278, 297.922
7.30792, 185.233, 896.98
3.75349, 709.06, -351.656
6.85376, -667.803, -70.0285
2.85991, -887.32, 376.954
2.70653, -594.122, 578.069
3.46378, 318.076, -498.183
3.86708, -299.117, 306.108
7.4007, -941.697, -352.201
3.60607, 334.338, -513.957
6.43119, -864.405, 832.421
4.42306, 268.367, -404.992
3.78593, 458.996, -626.357
3.91087, -899.29, 62.1626
7.33834, 882.471, -52.99
4.22841, 715.341, 150.541
3.45922, -933.898, 726.652
5.05037, -545.3, -370.691
5.21857, -536.069, 609.146
5.72333, -663.263, -571.618
3.89738, 2.01312, 766.262
3.41887, -307.582, -684.203
2.71579, -819.446, 355.774
3.98408, -509.587, -244.621
4.25548, -229.599, 131.097
7.09372, -395.671, 699.029
5.81225, 496.575, -351.718
5.08041, 865.223, 562.623
4.03763, 580.491, 554.928
3.0007, -330.702, 143.606
3.47502, 363.923, -900.517
4.11407, 46.0874, -116.69
5.56182, 901.563, 92.9474
5.13511, 936.595, -953.041
3.45653, 309.551, 247.846
4.7178, -663.628, -471.415
4.48693, -670.648, 809.403
6.28051, -589.612, 746.688
6.6213, 725.079, 603.239
5.51573, 138.609, -379.81
3.04573, 585.031, -788.179
4.11797, 469.11, -165.239
5.03403, 21.3528, 307.198
4.76521, -663.929, 780.283
4.77315, -170.149, -466.765
4.91125, 905.936, 897.288
5.07896, 362.086, -648.544
4.50207, 179.987, 793.754
4.22945, 915.214, 426.761
6.64533, 906.763, -201.843
3.02204, -698.237, -756.286
6.40057, 529.606, 512.289
3.19919, -291.143, -232.01
2.62171, -781.565, -532.913
6.0664, 374.702, -686.116
7.15538, 145.099, -781.166
7.47667, 221.315, 165.598
3.86264, -894.503, 154.125
3.6923, -525.333, -247.275
3.87328, 918.117, 607.485
5.70836, -881.48, -727.761
5.17637, 295.309, 125.8
6.8967, 791.677, -293.206
6.75968, -637.857, -780.592
2.98004, 851.577, -47.2456
4.66818, -727.34, 218.049
3.17045, -165.322, -731.107
5.86802, -194.605, 311.793
5.34964, -36.5328, -441.992
3.66474, -559.693, 565.348
5.50306, 254.503, -660.942
2.6551, -762.817, -13.9933
7.08512, 541.882, -283.806
3.82958, 847.177, -178.085
6.50016, -169.929, -530.95
5.46389, 146.303, -721.529
5.0822, 354.455, 588.355
5.2567, 351.871, 591.999
3.47225, 457.003, -226.347
5.36152, 152.869, -692.057
3.81992, 169.524, 392.824
4.41648, -782.661, 523.24
2.73626, -714.211, -886.478
4.22823, 565.002, -678.703
3.61594, 639.633, -437.243
3.81264, 18.2963, -704.675
3.05141, -408.628, -438.56
7.40088, -677.289, -5.27883
5.93794, 792.086, 635.044
5.82158, -545.763, -364.358
5.99501, -584.481, -666.057
2.68746, -789.922, -739.137
3.6706, -658.823, -753.584
3.95397, 736.936, 678.654
3.50543, 57.4052, -223.491
2.7177, 328.179, 283.294
2.56571, -523.702, 559.08
6.07297, -496.562, 770.854
6.88348, -849.722, -591.579
5.35088, -872.975, 330.845
6.92743, 854.793, 836.359
5.20042, -368.125, -270.038
3.31357, 883.527, -634.356
3.30492, 941.31, 452.664
7.19182, 290.77, 261.49
3.45628, 522.365, -810.482
3.15761, -7.04757, -122.759
4.41122, -239.336, 10.6948
6.12674, 277.755, -206.31
2.50651, 551.189, 842.507
4.60222, 30.5282, 721.761
5.18984, 255.898, -231.843
4.86596, -230.21, 237.502
6.33003, 545.371, 848.267
2.9396, 538.491, -464.456
7.04284, 153.146, 326.532
3.20818, -827.733, -406.249
2.54782, 353.871, -34.8956
2.82267, 246.897, 513.635
4.96742, 373.948, 220.236
5.40914, 514.992, 956.396
4.03373, -916.834, 538.869
4.57091, 846.659, -49.5997
4.33401, -603.318, -648.91
3.42687, 150.248, 647.251
2.76788, 623.701, 148.285
4.47222, 505.509, -59.7457
3.98388, -337.217, -130.609
5.05388, -387.859, 809.254
3.75392, -715.114, 232.477
5.01589, 901.962, 915.103
2.51168, 6.49363, 785.013
7.01807, 937.285, -441.81
2.79181, -922, -921.37
5.17506, -619.037, 780.2
3.95754, -385.482, 827.37
7.3023, -792.577, -248.923
4.73406, 349.825, -106.561
5.08479, 851.361, 180.022
5.93861, -291.757, -10.1339
2.72187, -158.137, 57.8608
7.2946, -779.501, 593.62
5.70852, 374.556, 144.08
2.80215, 577.203, -743.161
3.33964, 73.0816, 262.795
5.76491, 481.457, -217.967
6.19864, -772.893, 329.824
3.57011, 845.004, 225.285
4.31441, 136.682, -799.986
6.56981, -643.662, 910.189
5.32057, 807.19, -460.828
7.45886, -54.2238, -841.188
6.5669, -763.122, 365.767
3.49157, -955.211, -18.1724
2.50003, -140.514, -809.594
4.62608, 895.558, -717.635
4.07406, 830.468, 201.508
5.56218, 599.104, -904.555
3.83351, -169.057, -520.774
4.39881, -590.904, -73.6222
5.43397, 897.097, 278.924
5.95636, -121.696, -457.762
7.26736, -427.075, -551.178
4.89785, -296.095, -914.346
3.60319, 413.26, -696.872
5.33741, -686.433, -476.809
6.09873, 366.783, 341.582
4.4953, -481.476, 573.231
3.48326, -676.059, 958.886
6.66971, -644.344, -758.382
5.59561, -451.147, -854.926
7.26866, -275.201, 177.089
3.23222, 2.79692, -218.785
5.38953, 16.5222, -443.096
7.26796, -423.721, 701.607
3.62331, 702.371, -959.189
7.25137, -488.023, 785.713
3.07874, 802.354, -517.486
2.58372, 5.11955, -227.413
3.90465, -333.708, -163.134
7.15042, 627.607, 135.421
3.04796, 763.722, 856.69
6.77266, 3.57801, 757.025
5.68532, -703.151, -717.324
5.63853, 392.499, -693.598
3.80589, 720.417, 680.098
5.13936, -915.75, 212.58
7.16608, -255.027, 856.283
3.98055, 892.433, 113.15
4.78006, 188.983, 397.036
6.35659, -643.573, -591.673
4.17193, 157.267, 116.526
6.31775, -50.2587, -834.493
6.65892, -19.7358, 909.583
2.64618, -722.341, 560.174
4.31315, 697.621, -259.24
4.16221, 264.66, 484.683
3.17675, -472.469, -236.251
3.00839, -293.796, 616.854
5.11327, -583.591, 787.223
3.52046, 32.6927, -508.415
5.00728, -843.986, -592.611
5.1371, -24.7583, 933.182
4.13422, -259.029, -291.025
4.75888, 238.344, -410.071
6.85263, -37.5894, 915.945
4.72884, 610.741, 836.273
6.03726, -450.613, -850.463
6.83171, 878.611, -692.321
6.5822, 812.81, 193.149
2.67504, 828.15, 827.831
3.8644, -625.892, -251.711
5.21858, -414.134, -421.124
3.19942, -927.085, -557.776
5.57408, -745.798, -870.939
3.29182, -629.359, -633.488
4.41129, 107.536, 215.505
5.94997, -98.0699, 182.707
3.21128, -401.117, 476.233
5.65284, -782.964, 757.482
3.15973, 162.309, 914.447
7.13583, -716.417, 210.781
5.53465, -918.403, 781.93
5.50388, -889.742, 364.153
3.33635, 591.88, -508.627
3.301, -833.093, -402.288
5.91628, 594.892, -22.5544
5.1456, -690.724, -4.72488
3.65264, -121.929, 743.781
6.55373, -483.194, -58.5106
5.76477, -413.505, -545.593
4.08597, -597.245, -585.547
2.53953, -251.716, -791.828
3.49176, 717.126, 691.013
3.78831, 6.73139, 373.906
3.03825, 854.047, 42.3973
3.49545, 102.462, -415.245
6.75079, 799.357, -771.357
6.63912, -894.955, 196.201
6.76813, -901.875, -558.304
5.71027, 300.574, 768.569
3.6787, 711.891, -957.397
6.80638, -503.696, -775.624
5.4745, 10.3058, -117.57
2.52745, 519.065, -59.7207
6.84925, -629.709, -455.568
7.37729, 620.898, 126.252
5.59653, 361.448, 23.9771
3.85574, -897.01, 340.563
7.46973, -186.98, -584.672
4.60751, -685.443, -506.41
4.20537, -782.067, -602.836
4.80717, 332.093, -100.471
4.44822, 253.633, -413.545
4.613, -25.4396, 509.949
2.84879, 128.186, 305.356
5.5153, -24.3957, -121.224
7.36114, -50.6213, 212.85
5.07406, -710.504, -499.581
7.45461, 915.046, -123.989
5.84906, 588.468, -123.925
4.01716, -599.745, 59.8546
3.47371, 835.981, 585.153
4.0109, -735.933, -893.102
4.93946, -343.855, 452.548
4.72438, 508.323, 941.919
5.7844, 336.745, -896.528
3.74227, -747.169, -682.603
4.72007, 49.2553, 543.691
5.75894, -693.792, -1.72102
6.67472, -718.119, 244.571
6.03698, 186.894, 806.017
4.93928, -842.15, -629.568
6.72039, 390.07, -218.413
7.00296, -510.724, -214.106
6.33082, -665.507, -490.045
5.29453, 644.254, 881.428
2.70603, -6.20288, 77.9406
5.46749, 552.951, 74.8117
2.68674, -635.613, 797.558
4.53488, 74.7966, 424.904
2.84243, -942.31, -865.641
7.38558, -752.44, -898.261
2.5956, -493.079, -252.562
6.60363, -168.751, -265.152
5.2195, -386.822, 825.762
5.72828, 754.225, -343.354
3.62934, -271.674, 8.12855
2.733, 873.271, -708.803
3.63154, 206.31, -543.683
4.58371, -634.579, 130.073
6.40126, 256.433, -615.146
3.72852, -898.973, 357.469
4.81411, 624.304, 146.208
6.14756, 929.839, 286.714
5.35237, -337.055, 795.829
5.45997, 913.509, 896.04
4.98425, -872.405, 271.968
3.951, 451.609, 156.637
4.71107, -4.64881, -215.106
2.53669, 833.933, -405.777
7.41683, 485.711, -347.798
2.52822, -760.192, -195.729
4.8676, -105.999, 733.424
5.86497, -328.519, -132.924
