6.27803, -8.00032, -99.6898
3.5948, -28.2524, -75.333
5.89648, 148.977, -226.633
5.09708, -173.304, 213.182
2.76731, -234.837, 349.052
2.53849, 161.882, 0.0884615
4.58743, -263.714, -214.162
7.15218, 208.408, 77.563
2.95982, 3.0276, 361.236
6.00595, -35.2745, -92.9035
3.81226, 425.818, 302.609
4.14117, 255.15, -187.341
7.45519, 218.973, -30.8987
7.41275, -292.667, -220.743
5.75759, 208.579, -20.3363
6.92354, 219.726, -270.206
6.33247, -144.309, -116.462
3.87453, -256.791, -279.767
4.93259, -143.952, -253.184
2.80282, 368.257, 399.53
5.08146, 68.8063, 244.382
4.96988, 176.671, -256.831
7.23882, -283.697, -236.386
4.42071, -133.548, -99.5871
5.14874, 292.99, -276.064
2.75042, 55.4784, 31.5307
6.63909, 272.761, -122.004
5.94228, -348.715, -290.854
6.18112, -93.3408, 246.004
6.94286, 355.607, 371.764
4.25508, -54.5107, -141.192
6.72991, 253.412, 163.59
3.84659, 47.0664, 86.7558
4.83959, 48.8033, -156.979
3.2686, -386.952, -216.089
2.66527, 193.059, 88.3293
7.2768, 326.366, 45.6462
6.95369, 228.445, -86.357
3.29884, 219.844, 77.6856
3.15214, 249.009, -132.533
2.515, -640.566, -293.043
6.0491, -220.032, -223.726
3.40448, -239.302, 337.818
5.76029, 329.045, -259.255
4.42907, 216.528, -176.407
3.23766, 5.5574, -111.901
5.45054, 210.28, 141.123
3.24076, 44.4386, 303.122
3.2091, 53.1751, 182.394
4.94257, -331.212, -302.074
3.13015, 38.272, 49.1336
5.64635, -38.1458, -157.604
5.60817, 173.583, -330.318
4.88216, -261.465, 474.905
2.64188, -269.29, -264.065
3.21011, -74.6776, 347.62
3.15594, -171.057, 270.625
3.31099, -342.617, 341.847
3.76529, 52.526, -294.606
4.77654, 193.513, -99.8008
6.54472, 227.8, -176.653
3.57624, -90.5672, 248.644
3.75063, 311.999, 243.001
5.02978, 121.236, 227.968
6.27922, 175.199, 28.6728
5.66369, 65.4597, 88.2861
5.9449, 89.4452, 69.6978
7.27207, 268.637, 353.354
5.18713, -273.426, 440.824
4.57014, -209.344, -159.9
4.70019, 21.0238, 123.373
6.07821, 535.544, 339.059
6.20858, 292.291, -168.327
5.12494, 560.177, -320.51
6.06711, -84.0989, -148.129
5.91025, 165.435, -18.3149
6.82941, 179.288, -357.877
3.19597, 119.398, 268.93
3.57766, 132.553, -345.088
5.0733, -34.2032, -52.7856
4.83766, 173.835, 261.911
3.55759, -114.862, 386.631
5.65244, -315.422, 219.549
2.5044, -395.622, 229.626
4.09589, 275.054, -159.947
5.90281, 186.232, 4.64751
6.0446, 24.8162, -253.949
2.90869, -339.81, 458.447
3.56926, 199.485, -146.251
4.44412, -360.461, -379.337
4.44927, 493.575, 387.694
3.92018, 303.405, -232.979
4.6123, 155.653, -35.6185
2.55658, -465.516, -266.984
3.72027, 437.97, -387.109
4.49072, -353.066, 438.622
6.64177, -299.724, -21.549
3.78584, 426.008, -282.209
3.59705, -266.637, -110.54
6.47385, 265.894, -91.4892
5.8476, 55.6221, 106.467
5.49108, -368.009, 201.315
5.99917, -33.8797, -100.909
5.13062, 181.435, -180.593
4.14833, 199.927, -9.31975
3.30844, -347.852, -84.7093
6.56633, 88.1997, 147.685
4.08004, 183.654, 32.0631
4.05369, -216.915, 86.5041
4.65424, 5.65691, -211.755
4.46509, -77.9975, -184.058
4.43916, 11.4487, -117.14
4.34871, -483.427, -648.541
5.88118, 255.022, -192.926
6.10384, 226.34, 46.6732
7.20082, 203.139, 154.019
5.08573, -202.973, -318.143
5.5282, -24.9222, -154.548
5.85049, -317.059, 227.128
5.11404, -42.6453, -105.639
3.87105, -339.719, 402.768
7.08924, 163.222, 15.2015
3.73367, 454.431, -415.02
4.77876, 286.805, -8.21176
3.30374, -331.072, 327.791
4.68319, 330.302, 113.473
7.45767, 207.411, -15.2931
6.26931, -237.529, 366.607
4.97846, -409.187, -262.731
7.01651, -322.349, -283.548
4.68213, 147.977, 176.468
5.09239, -182.954, -246.465
4.44866, 169.325, 72.364
5.63431, -97.3416, -161.612
5.19331, 191.539, 22.2613
4.35955, 158.866, -244.667
2.54674, -7.94627, 18.4933
6.3794, 189.629, -216.952
2.85317, -51.6426, -136.233
3.98511, 178.261, -204.583
4.78581, -129.825, -146.028
3.25156, -109.861, -166.78
5.97819, 118.16, -233.438
4.15587, 209.808, 3.56848
5.21197, 446.629, -328.891
2.64678, 585.501, -302.476
5.38086, 77.8582, -155.074
5.18133, 212.065, 50.9177
7.36678, -108.983, -105.162
5.57063, -57.1824, -203.067
5.26431, -398.537, 152.889
6.69051, -170.555, 278.59
3.75764, -391.937, 329.42
6.98957, 41.9282, 126.094
5.97428, 78.871, -248.791
5.82752, -312.327, -269.491
3.06838, -246.775, -388.185
3.37987, -383.862, 160.372
2.91253, -57.6942, -78.5715
6.68103, -14.7113, -96.4326
2.64818, 432.278, -428.533
6.34719, -121.825, -149.733
4.29829, -306.926, 340.868
6.24626, -23.0922, 343.824
6.28385, 158.794, 0.465831
3.60834, -449.438, -248.657
5.58305, 118.222, 84.411
3.66846, -399.799, -55.3745
6.22052, -399, 135.411
5.80997, -232.96, -209.043
4.9209, 436.705, -396.742
2.58972, 60.5773, 40.0362
4.98291, 160.227, 21.6627
5.09587, -63.6454, -111.95
4.71395, -387.056, -66.7994
4.14528, -18.467, 259.002
3.52671, 174.344, 228.634
7.19863, -88.7789, -164.222
2.85168, -234.837, 311.087
3.30042, 16.9323, -185.378
6.70788, -214.794, -173.376
4.13614, -124.679, -122.838
6.85942, 189.656, 76.9035
5.99896, 601.173, 283.705
5.52801, 90.2156, 13.9798
4.77536, -34.1956, -114.535
2.91543, -196.682, -286.219
3.94883, -14.8122, -63.4326
6.51009, -21.3597, -83.9143
6.81821, 227.114, 43.4466
3.81831, 192.779, -179.861
4.79881, -72.7645, -188.374
4.95672, 88.9024, -250.051
5.82344, -468.504, -276.58
7.31738, -223.263, -229.757
7.23022, 133.613, -101.127
2.81902, 265.106, -226.345
5.04829, -276.739, -198.04
6.13222, 422.319, 374.124
5.65882, 252.212, 177.857
3.26658, -395.382, -363.064
5.09652, -395.08, -70.0585
3.52281, -350.899, 122.312
6.03231, 28.5441, -206.3
6.05786, -454.302, -259.872
3.66304, -323.799, -98.3991
6.80594, -14.998, -64.8558
2.67122, 1.67384, 362.524
6.26587, -377.215, 136.663
4.14789, 78.6284, -16.5759
4.65309, -254.65, -182.219
7.33455, 50.8019, 13.0717
4.05803, 358.381, 376.03
5.69762, 459.134, -397.721
5.95386, 63.5885, 105.331
5.36403, -4.63338, 369.46
6.60667, 438.866, -399.311
4.21807, -295.843, -221.346
5.09387, -523.475, -523.748
6.78438, -175.417, -82.8199
6.18587, 135.939, 44.5655
3.45992, -382.321, 338.483
2.83145, -63.9287, 82.5466
3.60828, 438.716, -434.471
3.33656, -357.626, 62.1523
6.31172, 174.224, -210.605
5.44905, -293.083, -18.8751
4.65223, 393.174, 326.941
7.09618, 59.52, 145.576
5.09668, 166.994, 34.2573
7.38058, -183.456, -233.216
5.15714, -313.273, -302.585
2.98716, 357.43, 225.809
5.83983, 196.179, 42.5544
5.44444, 212.16, 88.5751
5.01137, -213.56, -251.246
2.75808, -392.362, 132.412
2.6753, -204.518, -328.185
4.41484, -288.118, -241.61
5.55555, 207.989, 0.967913
5.06574, 393.85, 336.497
5.98498, 265.261, 168.081
4.89891, -109.403, -244.944
3.88323, 290.488, 58.2141
6.01685, -224.364, -299.897
3.67701, 63.0585, 111.166
6.41501, -15.4772, -115.968
6.60589, -50.6299, 215.981
3.21842, -397.563, -345.299
5.75757, -371.592, 340.353
3.87677, 407.014, -433.209
7.26215, -327.557, 335.455
4.58238, -143.018, -126.545
3.03869, 4.30214, -55.509
4.70633, -324.936, 311.312
6.28811, -222.421, -273.364
2.77803, -280.789, -61.9789
3.51241, 23.4259, -134.837
6.82305, 489.77, -468.474
6.52456, -100.509, -219
2.78861, -193.567, -191.494
4.40304, -72.1102, -113.027
4.56124, -30.7252, 315.411
2.80071, -59.3644, 74.9185
7.09746, 395.861, 342.664
3.35398, 380.297, 360.513
6.51634, -391.1, 190.125
3.88599, 78.2556, 113.429
4.44586, 110.711, 272.543
7.19936, 49.0568, 298.205
6.24573, 67.5183, -126.807
3.44774, -460.505, 232.698
6.89581, 266.828, -175.613
6.8953, 101.338, -210.487
3.30515, -43.4226, -103.245
5.87346, -73.2272, -149.326
6.89096, 261.424, 27.4803
6.98262, 247.176, -98.766
3.06535, 117.822, 219.293
5.93789, -237.05, -131.231
3.21651, -303.737, -272.725
3.6901, 165.413, -50.5995
5.64383, 136.875, 19.3144
4.312, 312.719, 241.886
4.64437, 544.64, 254.222
4.91936, -135.3, -101.949
6.20379, -3.31817, -134.36
3.23098, -411.869, 204.154
7.36238, -14.0855, -81.1788
7.3158, -225.131, -225.471
3.14741, -347.607, 488.047
5.3784, -31.2634, -302.268
4.66439, -30.8257, -98.7646
5.50066, -100.358, -136.333
5.85098, -213.2, -173.895
4.5137, 473.977, 284.747
6.46691, 552.416, 250.867
4.89889, -220.456, -233.219
5.72449, 139.585, 65.0046
4.28836, -175.711, 373.955
5.96794, -251.003, -200.549
5.83428, -248.515, -162.457
3.22071, -229.835, 509.562
7.10415, -375.486, 197.456
4.22228, 0.10933, -111.602
6.66824, -106.243, -102.349
2.74349, 272.63, -166.058
3.27936, -94.5105, -212.747
2.55765, 155.041, -0.524904
3.94327, 22.7994, 235.802
5.07295, -41.3088, -176.779
3.65948, 402.929, 337.958
2.75022, -68.564, -292.065
5.33091, -324.678, -4.87495
6.69774, 13.3393, 295.617
4.28763, -302.078, -249.174
4.3452, -30.6351, 240.453
7.22226, 281.41, 312.948
4.72425, -239.248, -192.702
6.82086, 225.318, 98.6048
5.82654, -332.627, -217.441
5.79297, 23.2922, 378.623
7.10736, -540.881, 454.676
5.11536, 460.434, -334.642
5.45229, 269.723, -307.073
5.79944, 349.265, 389.976
4.24765, 246.398, -93.9385
4.11714, 224.884, -22.129
7.08984, 33.0534, 312.621
3.08619, 440.155, -438.704
7.31268, 54.9789, 75.8644
5.17978, -76.5323, -76.4585
5.81447, 411.9, 394.411
5.48362, 446.557, -428.251
6.93363, -565.454, -318.824
6.67999, -268.13, -213.947
6.69339, 115.482, 56.7676
6.85642, -7.19456, -80.8646
2.5002, -267.643, -277.491
4.77274, 187.066, -30.3133
4.25696, -364.955, 108.218
5.80713, -70.7208, 451.36
6.22234, -383.791, 189.05
3.3821, -229.839, -126.092
7.4621, 412.342, -394.525
5.95466, -348.869, 162.69
6.97862, 200.639, -14.6707
3.51579, 158.095, -26.8207
7.2356, -284.739, -61.5697
4.88476, 460.357, -439.195
6.78578, 425.013, -403.143
6.41237, -232.368, -258.635
5.70687, 446.726, -287.554
3.14521, -281.915, 228.364
5.77944, 15.7635, 234.913
3.09199, 86.4563, -143.873
3.88793, -56.549, 200.005
6.65548, -99.623, -131.73
6.14153, -279.152, -403.672
6.74348, -734.256, 49.5043
3.43989, -90.8667, -93.897
6.09602, 95.7875, -227.39
4.25586, 203.218, 5.89988
3.34555, -643.094, -253.207
4.52383, 169.078, -239.469
4.20924, -172.858, 296.379
6.67141, 113.29, 8.55408
3.9111, 344.613, 280.399
5.16766, -276.214, -201.647
6.25085, 496.698, -395.23
4.62554, -275.6, -209.824
4.66964, -374.41, 337.832
3.03022, 531.533, -323.839
6.4639, -17.5603, -182.65
3.91232, -331.589, -227.566
7.14264, -194.988, -233.994
5.37926, 143.077, -104.728
3.4895, 302.415, -262.93
5.99081, 110.44, -219.817
3.07265, 307.848, -90.7749
4.22945, -92.7321, 244.538
4.15646, -411.915, -306.345
6.42735, 491.362, -431.898
6.65775, 215, 10.6108
4.21712, -416.036, 373.998
4.2603, -275.555, 350.119
6.38197, -129.426, -90.7785
6.58658, 120.662, 281.871
4.26157, -107.947, -177.873
7.09559, -384.622, -182.583
3.2877, 227.999, -112.296
5.56029, -276.395, 446.555
5.54222, -228.85, 512.176
3.16647, -99.1037, -87.0774
3.51409, -384.589, -248.929
4.79457, -330.048, 351.779
3.48759, -212.443, 359.215
6.77118, -396.554, 14.4108
6.54562, -200.705, -322.038
2.80131, -366.652, 273.42
6.50584, -342.467, 431.656
5.49597, -88.2729, -161.087
7.43182, -368.808, 196.374
2.65919, 68.4317, 253.8
6.8356, 433.687, -434.114
3.69109, 29.2237, 11.53
3.6127, 187.859, -49.3158
4.73907, -288.966, -149.543
2.61231, 72.813, 35.6491
6.79755, -97.3741, -227.775
4.15902, 257.129, 156.124
5.72195, 328.581, 165.821
7.43521, -363.335, -264.739
5.30162, 245.298, -191.346
4.74553, 16.3062, -117.34
5.213, -166.961, -124.48
2.90797, 81.3349, 57.7845
3.99606, -133.257, -20.9133
6.63964, 434.517, 344.023
6.48936, 441.512, 537.003
5.71048, 60.366, 289.341
4.84105, 111.175, 64.9498
7.15326, -105.014, -157.688
5.08798, -97.6427, -232.322
7.42924, 288.865, -274.21
5.94567, 206.269, -172.791
6.19966, -78.9675, -158.053
3.46323, -383.858, -274.236
6.08881, -225.085, 508.366
6.11146, 84.8632, 72.5293
6.49298, 157.805, 44.3191
4.23216, 268.722, -163.561
5.1481, 260.165, -246.717
3.19001, 371.689, -223.967
6.73218, -128.918, -137.144
6.32766, -132.976, -143.616
7.5, 457.901, -443.163
4.24891, 449.004, 250.374
5.50367, -353.843, 333.855
3.50808, -263.597, -330.061
6.2385, 314.319, 43.3551
6.49225, 156.704, 97.9773
3.03505, -324.277, 366.529
5.35813, -217.962, -328.542
2.84683, 208.978, -309.308
4.16036, 340.283, 438.836
5.80945, 196.148, -186.089
5.27726, -105.839, -232.149
7.12415, 201.357, 93.7888
2.69832, -296.108, -250.551
2.62083, -98.7007, -256.504
4.61923, 148.663, -238.518
4.36987, 139.176, 25.9608
2.93303, -233.677, -234.028
3.05403, -33.3273, -158.2
5.31992, 320.837, -395.012
7.37269, 69.9398, 257.041
3.05066, -135.11, -157.974
5.99352, 42.3381, 337.513
2.79674, -192.235, -62.8401
4.69755, 60.0906, 104.716
5.24651, 440.391, 429.006
3.45129, 209.911, -317.692
7.36597, 200.272, 46.8322
3.19593, -227.172, -276.607
5.48978, 430.537, -414.398
7.12812, -343.268, 382.496
3.91116, 201.707, 149.822
6.8307, -103.294, -222.773
6.29598, 109.831, -20.8834
6.10793, 214.272, -9.30168
3.34241, -86.6302, 85.6495
3.32882, 322.071, 285.823
3.39076, -94.6568, -75.7282
5.87226, 160.83, -176.982
4.83484, -232.477, -415.709
6.85219, -314.937, -446.791
5.76023, -149.183, -157.833
5.80464, 535.028, 650.578
2.58037, -441.037, -442.528
4.30596, -299.258, -200.297
3.72747, 77.5262, 76.7578
6.93086, -272.957, -206.035
5.23701, 413.396, 337.392
6.57209, 5.84919, -204.525
5.24453, 84.2588, 382.828
4.16156, 195.332, 197.847
4.40213, 120.793, -152.21
2.52389, 172.357, 377.841
6.95226, -96.1091, -181.073
6.16955, -384.042, 360.793
6.04239, 54.2986, 273.445
5.1278, -7.1021, -139.876
6.41065, -0.784711, -198.234
3.42484, -133.047, -278.546
5.72673, 167.998, 8.38742
3.42178, -202.702, -271.078
3.31214, 250.012, -193.2
2.65594, -173.949, 268.059
7.42716, -180.163, -70.218
4.04559, -62.1394, -261.94
4.11075, -287.943, -266.649
5.51155, 222.532, 105.207
2.89107, -246.061, -108.327
3.93936, 317.445, 15.9342
5.79307, -79.5997, -150.358
7.36348, -291.019, -404.66
7.27758, -419.618, -286.005
7.42745, -227.789, -230.896
7.30478, -294.526, -199.618
3.0073, -408.438, 330.871
3.71505, -124.33, -169.331
6.91151, 77.2558, -166.861
5.28805, 280.534, -157.255
6.7669, 416.256, 435.302
7.49145, -435.152, 336.236
3.99751, -292.912, -432.886
6.33157, 360.226, 370.763
4.81901, 403.277, -28.3144
6.8168, -208.907, -215.16
6.99018, 128.2, 35.9857
7.377, 87.5805, -196.029
2.77405, 16.4865, -158.357
6.32605, 458.408, -406.527
5.09219, -329.556, 301.375
3.46574, 73.9363, 143.177
6.98252, 178.345, -178.676
6.38492, -166.288, 108.409
2.75968, 313.495, -134.406
7.47331, -277.563, 331.971
5.93659, -234.15, -165.09
5.94854, 301.614, 352.573
6.57666, -440.213, 367.704
7.05426, -99.8731, -146.484
3.34218, -16.5139, -83.0617
5.24183, -422.343, 426.492
6.53351, -263.305, -383.555
4.17803, 259.395, -185.196
5.53435, -165.134, -279.702
6.59602, -333.506, 208.074
7.3485, -35.8503, -106.604
6.29349, 401.501, 332.761
3.72113, -104.396, -222.444
5.80589, -421.164, 202.727
4.21574, -264.71, -151.801
7.27146, 77.2926, -204.907
2.60828, 461.801, 377.234
4.54979, -493.733, 437.457
2.55789, 89.7496, -168.756
3.04964, 94.2132, 86.5728
5.28259, -231.574, 467.002
4.45466, 153.783, -243.824
7.20539, -12.3752, -70.0184
2.55572, 206.534, 136.307
6.22897, -155.168, -107.662
3.84293, 264.882, -45.1874
4.27153, -400.26, -486.437
3.45835, -402.142, 45.4701
5.14832, 303.471, 202.665
4.39478, 75.9698, -255.407
3.16407, 6.04604, -121.166
4.26563, -104.434, -159.423
4.2497, 409.295, 423.51
7.41084, 166.897, 34.7554
5.25961, 8.15543, -114.11
4.99918, 49.7381, -197.413
3.58531, -363.643, 156.491
4.37311, 41.4324, -53.7928
6.78251, -280.045, -227.143
6.45578, 437.036, -409.728
3.9204, -236.457, 309.523
5.07645, 203.547, 25.3178
6.79238, -153.255, -268.299
7.07844, -161.184, -285.817
7.48941, 64.4502, 349.579
6.53177, 33.8708, -155.608
5.22718, -295.783, -213.545
7.3461, -2.10851, -30.6375
5.31931, -467.947, 82.2201
4.03031, -322.087, 283.463
5.41853, 375.235, 269.173
2.91197, -12.2502, -63.3921
5.47382, 261.909, -171.391
3.31968, -269.896, -203.107
6.46527, -318.479, -266.837
2.95373, 615.782, 264.386
6.3072, -342.814, -212.185
6.83996, -115.793, -231.054
6.40105, 69.3932, -150.495
6.61399, 351.696, 317.684
6.70974, 181.112, -9.78151
4.48328, 182.637, -258.262
6.508, -53.6248, -81.7888
6.56811, 157.009, 7.85083
5.43493, -313.14, -339.059
4.64621, 82.0279, 222.057
2.5002, -65.18, -157.481
5.31153, -409.661, 15.8149
6.22632, 126.677, 85.8287
3.89846, 174.197, 97.2257
2.93406, -407.626, 462.849
3.5733, 369.668, -268.636
3.93296, -404.899, 230.999
4.86595, -380.964, 484.732
6.95893, 438.042, 352.092
5.91955, 103.114, -239.522
3.54376, 2.22322, -25.6074
6.67533, 487.351, -41.84
7.09218, 377.246, 327.009
4.48244, -344.706, -207.241
6.37858, 263.807, -112.305
5.68161, 120.687, -179.632
6.64746, 115.287, 84.1444
3.40204, 103.437, -240.504
7.45927, 148.756, -125.949
6.70558, 105.019, -168.601
4.65177, 155.526, 164.986
4.38589, 471.901, 280.772
2.70802, 171.226, -234.733
6.80715, -300.369, -283.511
6.62116, 461.796, -393.802
6.25052, -308.55, 441.097
3.55801, -441.831, 339.607
4.31029, -150.439, -165.957
4.43545, -91.4925, -168.966
7.32918, 359.925, 391.949
6.5872, 84.9861, 237.173
4.5755, 224.159, 264.113
5.83759, 202.441, 1.21665
2.52101, 454.14, 300.238
6.98048, -409.736, 242.686
3.68416, 24.5114, 17.4376
3.79415, 84.7792, -243.365
5.4939, 174.859, -198.779
6.89823, -386.834, 192.933
6.16299, -202.014, -232.158
6.0773, 385.147, 381.187
3.57724, -406.638, 334.181
6.30413, 592.898, -324.752
3.85351, -82.0538, -207.079
2.75246, 275.85, 15.5993
4.78866, 158.049, 22.9068
2.58759, 77.9259, -140.805
3.01129, 198.501, -33.8123
2.639, -99.7442, -179.04
5.65921, -122.172, -171.757
6.34425, 10.4498, -117.622
2.74132, 195.714, -193.919
6.6924, -83.3293, -140.916
6.76899, -101.978, -258.487
6.57649, -228.217, 511.433
6.85188, 332.15, 304.177
5.27222, -239.663, -239.208
6.12646, -103.51, -224.349
3.20424, -470.305, 360
6.6115, 110.866, -288.608
5.51185, 140.975, 211.816
4.93856, -51.2676, -187.491
6.14942, 74.0146, 304.465
4.05164, 464.327, -500.146
3.93925, -313.391, -16.5952
5.45857, -379.235, 303.657
5.34055, 522.07, 345.3
5.41059, -276.978, -226.392
2.84132, -308.531, 184.184
4.34304, 30.0732, -158.727
6.28475, -273.642, -190.483
6.35297, -425.827, -117.7
4.27217, -64.9307, -270.166
5.98913, 43.394, 344.509
5.08005, -223.787, -234.458
5.94494, 56.9201, 74.0102
6.18066, 65.4882, 282.306
2.56231, -168.311, -184.457
7.16549, 167.556, 34.2258
5.37826, 170.412, 10.4957
3.05587, 449.416, 297.992
4.87388, -116.465, -148.548
3.24247, 161.752, -5.80771
4.22594, 187.241, -77.8633
7.04476, -353.531, 182.531
4.54571, -44.0327, 356.027
5.96642, -235.772, -263.009
3.35865, 262.069, -133.419
6.21715, 493.262, -484.873
4.16319, -308.266, 342.621
4.62157, 190.827, 109.733
2.79523, -9.54154, 150.053
5.09005, 159.64, 4.79635
5.94425, 197.52, -218.456
5.01149, -119.333, -151.415
6.56617, 45.1261, -82.6006
3.07974, -264.093, -114.964
5.24841, 224.439, -63.206
5.06046, 157.291, -28.381
6.02649, 305.523, 307.933
5.65083, -166.651, 270.743
4.0207, -69.7508, -153.276
6.74719, 249.839, -22.1391
3.39619, 153.116, 75.4659
2.61737, -312.797, -267.942
4.19467, 73.189, 122.049
3.43818, 119.88, 219.471
6.60467, -114.344, -322.236
6.72507, -203.391, -233.625
6.78031, 442.476, -436.401
7.37454, -350.97, 300.608
2.99587, 230.303, -318.183
2.56182, 450.793, 341.349
2.58614, 201.182, -111.185
2.64527, 271.733, 5.20727
4.1031, 8.64412, -111.62
6.17815, 22.8186, 22.1609
3.14876, 257.555, -165.528
2.5161, -226.925, 226.706
6.91905, -147.773, -82.6566
3.70482, 315.789, -231.364
4.38481, -323.673, 366.555
4.44879, 159.842, 40.7871
2.81534, 164.564, 90.3273
7.30792, -84.6729, 252.387
3.75349, 268.17, 61.5048
6.85376, -250.851, -240.294
2.85991, -354.581, 189.764
2.70653, -35.2921, 383.999
3.46378, 232.319, -184.281
3.86708, -56.852, 62.9075
7.4007, -322.531, -405.003
3.60607, 204.386, -209.334
6.43119, -245.037, 392.022
4.42306, 15.7205, -115.415
3.78593, 152.765, -220.876
3.91087, -356.41, 196.647
7.33834, 96.5152, 177.182
4.22841, 161.735, -10.1029
3.45922, -442.594, 128.333
5.05037, -229.303, -225.648
5.21857, -351.127, 304.9
5.72333, -351.326, -293.824
3.89738, 83.0065, 296.312
3.41887, -71.9479, -135.322
2.71579, -469.34, 194.723
3.98408, -76.7872, -229.094
4.25548, 35.9379, 24.8746
7.09372, -268.698, 432.409
5.81225, 146.433, 89.0482
5.08041, 402.584, 347.326
4.03763, 264.62, -115.083
3.0007, -18.1116, -49.3821
3.47502, 172.037, -163.009
4.11407, 114.989, -94.8671
5.56182, 107.573, 97.8786
5.13511, 439.323, -391.925
3.45653, 159.847, 3.89344
4.7178, -483.934, -411.475
4.48693, -402.582, 335.773
6.28051, -333.414, 314.413
6.6213, 344.564, 281.556
5.51573, 88.8858, 56.737
3.04573, 191.271, -185.065
4.11797, 172.875, 153.195
5.03403, 309.218, 160.653
4.76521, -395.561, 348.804
4.77315, -98.5974, -161.347
4.91125, 398.945, 328.175
5.07896, 98.3376, -280.909
4.50207, 34.5762, 207.382
4.22945, 90.1468, 64.2331
6.64533, 136.521, 20.1406
3.02204, -386.937, -279.871
6.40057, 260.756, -115.72
3.19919, -109.384, -130.512
2.62171, -309.943, -70.3042
6.0664, 268.98, -170.467
7.15538, -155.922, -88.9113
7.47667, 180.833, -66.2842
3.86264, -298.099, 395.786
3.6923, -196.906, -234.976
3.87328, 74.4995, 215.798
5.70836, -254.375, -177.013
5.17637, 238.49, -7.68189
6.8967, 335.667, -275.559
6.75968, -315.954, -287.344
2.98004, 23.2766, 85.9518
4.66818, -388.125, 123.191
3.17045, 451.442, -221.672
5.86802, -71.8298, -111.812
5.34964, 114.48, -162.621
3.66474, -317.451, 399.558
5.50306, 218.815, -233.288
2.6551, -339.195, -194.643
7.08512, 102.252, -248.094
3.82958, 71.8444, 34.9226
6.50016, -132.789, -105.335
5.46389, -72.7508, -1.58202
5.0822, 220.334, -81.0366
5.2567, 311.184, 26.1939
3.47225, 167.591, 153.184
5.36152, 39.2113, -265.821
3.81992, 274.629, 34.5931
4.41648, -308.54, 420.638
2.73626, -154.559, -210.534
4.22823, 93.9382, -174.693
3.61594, 79.5019, -267.057
3.81264, -139.1, -152.257
3.05141, -45.2821, -163.253
7.40088, -239.277, -246.517
5.93794, 251.733, 343.075
5.82158, -202.61, -251.965
5.99501, -415.365, -266.499
2.68746, -201.903, 227.911
3.6706, -497.667, -514.106
3.95397, 441.755, 426.35
3.50543, -85.6351, -180.846
2.7177, 128.396, 91.0869
2.56571, -366.749, 340.547
6.07297, -438.928, 431.187
6.88348, -304.389, -203.351
5.35088, -547.61, 45.9643
6.92743, 396.243, 325.948
5.20042, -98.1195, -175.326
3.31357, 415.503, -292.016
3.30492, 310.871, 427.499
7.19182, 159.917, 9.1804
3.45628, 334.753, -345.471
3.15761, 18.491, -155.81
4.41122, -112.198, -205.676
6.12674, 140.194, -27.7317
2.50651, 392.748, 336.528
4.60222, 45.8372, 325.089
5.18984, 148.668, 126.584
4.86596, -4.11642, 58.682
6.33003, 393.625, 336.486
2.9396, 93.5301, -234.038
7.04284, 176.593, 92.6017
3.20818, -223.09, -276.966
2.54782, 189.648, 228.278
2.82267, 204.078, -84.8469
4.96742, 327.469, 146.571
5.40914, 465.211, 269.956
4.03373, -391.306, 464.558
4.57091, 88.2731, 77.644
4.33401, -294.077, -280.994
3.42687, 32.2359, 182.953
2.76788, 229.197, 38.9104
4.47222, 150.885, 22.1154
3.98388, -141.54, -113.481
5.05388, -324.028, 319.214
3.75392, -747.959, 139.626
5.01589, 401.963, 329.231
2.51168, 21.0058, 234.135
7.01807, 448.539, -420.711
2.79181, -276.722, -202.198
5.17506, -397.088, 325.907
3.95754, -398.111, 177.809
7.3023, -129.056, -1.43245
4.73406, 162.96, -81.4838
5.08479, 234.558, 223.108
5.93861, -121.895, -240.659
2.72187, -225.827, -175.541
7.2946, -365.441, 414.593
5.70852, 155.242, 5.61601
2.80215, -135.551, -104.893
3.33964, 247.254, 118.84
5.76491, 159.906, 217.912
6.19864, -403.309, 200.54
3.57011, 148.356, 104.032
4.31441, -87.8985, -152.661
6.56981, -220.176, 338.292
5.32057, 296.52, -250.874
7.45886, -141.783, -162.325
6.5669, -378.342, 184.135
3.49157, -203.212, 70.4762
2.50003, -92.8829, -169.454
4.62608, 454.101, -433.278
4.07406, 97.2696, 10.6015
5.56218, 435.996, -298.378
3.83351, -175.015, -110.281
4.39881, -245.002, -454.892
5.43397, 175.009, 103.175
5.95636, -91.6188, -161.842
7.26736, -4.61983, -189.145
4.89785, -311.257, -110.136
3.60319, 130.272, -254.407
5.33741, -515.204, -411.869
6.09873, 332.876, -31.2596
4.4953, -232.266, 509.393
3.48326, -317.206, 232.006
6.66971, -494.953, -513.859
5.59561, -382.088, -271.515
7.26866, -98.9491, -307.297
3.23222, 165.038, -186.074
5.38953, -407.815, -213.598
7.26796, -322.301, 329.674
3.62331, 499.859, -242.133
7.25137, -373.055, 484.882
3.07874, 490.276, -389.528
2.58372, -176.099, -190.778
3.90465, -50.3977, -187.743
7.15042, 209.1, 122.451
3.04796, 775.16, 550
6.77266, 52.0909, 299.399
5.68532, -467.666, -304.004
5.63853, 157.954, -243.379
3.80589, 376.826, 266.587
5.13936, -370.776, 220.099
7.16608, -156.379, 277.103
3.98055, 84.5098, -38.4023
4.78006, 197.991, -125.748
6.35659, -309.208, -234.084
4.17193, 348.337, -6.09727
6.31775, 258.493, -213.848
6.65892, 66.8288, 149.697
2.64618, -347.262, 437.964
4.31315, 246.846, 3.55434
4.16221, 270.451, -163.356
3.17675, -370.079, -285.641
3.00839, -198.878, 488.516
5.11327, -232.822, 325.843
3.52046, -268.258, -278.943
5.00728, -176.763, -316.421
5.1371, -23.2295, 210.183
4.13422, -118.136, -235.498
4.75888, 142.67, -233.67
6.85263, 170.626, 196.488
4.72884, 525.864, 342.893
6.03726, -701.542, -438.775
6.83171, 481.845, -514.401
6.5822, 162.865, 101.551
2.67504, 529.034, 445.549
3.8644, -230.52, -274.716
5.21858, -114.289, -171.354
3.19942, -363.254, -417.644
5.57408, -92.5681, -91.9252
3.29182, -282.18, -235.617
4.41129, 206.67, 33.1105
5.94997, 22.6045, 62.1048
3.21128, -225.718, 221.589
5.65284, -317.371, 367.431
3.15973, 77.8162, 268.323
7.13583, -409.765, 165.077
5.53465, -298.664, 391.565
5.50388, -265.725, -5.2848
3.33635, 127.132, -245.422
3.301, -314.702, -161.593
5.91628, 51.8491, 109.418
5.1456, -137.501, -303.57
3.65264, 38.2253, 299.208
6.55373, -410.134, -197.602
5.76477, 30.8951, -64.4901
4.08597, -315.86, -217.442
2.53953, -100.819, -84.0983
3.49176, 388.899, 326.113
3.78831, 266.217, -73.225
3.03825, 123.397, 94.0521
3.49545, -117.859, -102.617
6.75079, 419.661, -474.623
6.63912, -307.482, 11.996
6.76813, -280.515, -214.187
5.71027, -68.7512, 330.29
3.6787, 408.048, -321.926
6.80638, -356.024, -146.223
5.4745, 72.104, -114.247
2.52745, 115.946, 60.6951
6.84925, -264.148, -235.247
7.37729, 202.169, 104.936
5.59653, 198.412, 28.5745
3.85574, -347.44, 206.566
7.46973, 60.2163, -93.0179
4.60751, -393.026, -233.561
4.20537, -359.595, -282.518
4.80717, 76.0821, 62.4194
4.44822, -21.6209, -98.1383
4.613, 8.99997, 237.567
2.84879, 217.097, -23.6645
5.5153, 164.502, -112.352
7.36114, -37.5117, -141.431
5.07406, -208.478, -201.79
7.45461, 104.967, 126.867
5.84906, 72.2131, 57.623
4.01716, -196.807, -271.636
3.47371, 171.438, 251.754
4.0109, -247.317, -8.76324
4.93946, -395.361, 426.846
4.72438, 452.263, 271.307
5.7844, 66.415, -179.443
3.74227, -281.473, -197.155
4.72007, 65.1042, 363.474
5.75894, -241.581, -444.421
6.67472, -391.079, 167.331
6.03698, -3.28799, 248.709
4.93928, -273.057, -239.7
6.72039, 195.848, 95.9627
7.00296, -196.909, -256.695
6.33082, -53.5182, -128.839
5.29453, 372.66, 355.37
2.70603, 326.91, 44.0848
5.46749, 234.133, 48.3627
2.68674, -334.378, 369.411
4.53488, 102.542, -1.00792
2.84243, -399.392, -360.555
7.38558, -88.8583, -94.3957
2.5956, -222.833, -255.651
6.60363, -81.2727, -240.442
5.2195, -403.893, 232.973
5.72828, 326.253, -266.712
3.62934, -136.675, -134.757
2.733, 637.161, -554.804
3.63154, 175.271, -216.902
4.58371, -282.358, 142.931
6.40126, 140.016, -210.37
3.72852, -407.511, 191.443
4.81411, 226.658, 40.0941
6.14756, 98.3181, 171.185
5.35237, -400.797, 248.877
5.45997, 397.86, 328.321
4.98425, -418.015, 136.679
3.951, 208.857, 41.2278
4.71107, -4.96774, -144.192
2.53669, 644.102, -771.212
7.41683, 137.535, 94.3225
2.52822, -261.648, -277.633
4.8676, 33.6258, 293.199
5.86497, -125.416, -162.8
