6.27803, -442.099, -420.42
3.5948, 111.058, -211.004
5.89648, 322.521, -481.986
5.09708, -202.871, 586.022
2.76731, -592.028, 564.343
2.53849, 242.844, 65.4444
4.58743, -430.217, -192.647
7.15218, 244.607, 280.277
2.95982, 33.7841, 436.121
6.00595, -108.47, 164.862
3.81226, 594.963, 595.916
4.14117, 374.896, -517.83
7.45519, 225.42, 141.058
7.41275, -389.411, -187.342
5.75759, 221.298, 335.413
6.92354, 207.558, -493.002
6.33247, -109.307, -327.063
3.87453, -511.779, -96.9694
4.93259, -440.616, -174.23
2.80282, 654.653, 694.093
5.08146, -25.6141, 610.685
4.96988, 532.322, -419.124
7.23882, -519.001, -523.577
4.42071, -9.83132, -493.289
5.14874, 667.351, -330.181
2.75042, 525.763, 63.3101
6.63909, 334.613, 355.294
5.94228, -491.548, -427.095
6.18112, 169.015, 573.193
6.94286, 596.832, 454.085
4.25508, -289.449, -335.162
6.72991, 287.803, 91.0352
3.84659, 417.609, -80.5245
4.83959, 79.5008, -186.356
3.2686, -515.946, -500.015
2.66527, 359.832, 95.3329
7.2768, 119.456, 8.0292
6.95369, 270.23, 291.312
3.29884, 387.985, 92.0433
3.15214, 305.626, -517.64
2.515, -488.42, -526.084
6.0491, -466.024, -161.936
3.40448, -359.429, 514.721
5.76029, 569.59, -289.01
4.42907, 278.748, -509.072
3.23766, 32.1042, -179.473
5.45054, 389.704, -16.9359
3.24076, 77.6639, 521.379
3.2091, -106.885, 508.9
4.94257, -356.368, -73.7708
3.13015, 495.971, -14.5307
5.64635, -203.178, -411.141
5.60817, 275.974, -383.53
4.88216, -363.263, 592.018
2.64188, -395.093, -149.833
3.21011, -69.8673, 606.303
3.15594, -180.324, 581.82
3.31099, -626.532, 555.314
3.76529, -75.6992, -451.805
4.77654, 315.344, -573.817
6.54472, 44.9792, -183.627
3.57624, 150.047, 544.928
3.75063, 554.53, 315.241
5.02978, -2.75194, 587.592
6.27922, 410.766, 82.8172
5.66369, 524.96, -64.608
5.9449, 407.069, -73.8081
7.27207, 637.948, 466.121
5.18713, -443.36, 585.048
4.57014, -486.251, -200.651
4.70019, 246.04, 121.131
6.07821, 535.467, 402.214
6.20858, 215.54, 236.011
5.12494, 676.746, -670.751
6.06711, -465.594, -222.409
5.91025, 215.318, 71.1331
6.82941, 581.113, -419.597
3.19597, -67.9511, 578.767
3.57766, 550.997, -280.81
5.0733, -182.486, -177.277
4.83766, 144.026, 503.842
3.55759, -196.436, 616.534
5.65244, -508.144, 621.579
2.5044, -588.105, 209.522
4.09589, 262.173, 287.856
5.90281, 232.803, 74.5326
6.0446, 414.928, -358.688
2.90869, -607.212, 470.227
3.56926, 281.92, 343.91
4.44412, -526.531, -435.499
4.44927, 659.08, 645.641
3.92018, 230.62, -458.718
4.6123, 336.982, 329.649
2.55658, -524.443, -519.05
3.72027, 640.827, -584.51
4.49072, -603.765, 466.738
6.64177, -573.958, 135.435
3.78584, 708.372, -624.264
3.59705, -498.915, -559.901
6.47385, 304.963, 347.069
5.8476, 209.105, 299.635
5.49108, -590.857, 137.27
5.99917, -207.262, -397.637
5.13062, 303.374, -514.454
4.14833, 270.762, 160.039
3.30844, -711.81, 83.5375
6.56633, 427.222, 15.1904
4.08004, 258.808, 176.251
4.05369, -138.664, -427.941
4.65424, -12.3461, -4.87327
4.46509, -249.694, -399.125
4.43916, 64.8353, -165.73
4.34871, -532.245, -507.128
5.88118, 272.093, -458.24
6.10384, 277.043, 93.4193
7.20082, 48.242, 494.839
5.08573, -240.354, -380.762
5.5282, -124.198, 157.166
5.85049, -518.852, 602.484
5.11404, 27.3193, -120.344
3.87105, -611.558, 539.518
7.08924, 268.304, 297.459
3.73367, 682.247, -424.652
4.77876, 151.203, 212.463
3.30374, -624.043, 590.488
4.68319, 169.801, 286.173
7.45767, 287.791, 125.021
6.26931, -295.358, 384.753
4.97846, -493.775, -431.615
7.01651, -596.195, -431.357
4.68213, 398.662, 400.947
5.09239, 29.1219, -437.532
4.44866, 138.623, -333.803
5.63431, -129.877, -380.951
5.19331, 234.409, 67.4264
4.35955, 387.839, -391.863
2.54674, -173.986, 217.555
6.3794, 45.2239, -516.24
2.85317, -381.773, -494.13
3.98511, 336.5, -538.776
4.78581, 4.91337, -499.217
3.25156, -105.735, -101.619
5.97819, 402.868, -374.115
4.15587, 271.279, 82.8075
5.21197, 661.026, -680.74
2.64678, 639.29, -676.832
5.38086, 60.5271, -227.206
5.18133, 243.825, 211.921
7.36678, -554.245, -499.732
5.57063, -221.067, -397.484
5.26431, -662.094, 239.24
6.69051, -214.745, 568.085
3.75764, -383.278, 561.616
6.98957, 420.23, -81.8229
5.97428, 391.402, -357.472
5.82752, -359.484, -159.355
3.06838, -527.416, -371.2
3.37987, -600.748, 237.821
2.91253, -84.7528, 77.9911
6.68103, -114.68, 186.985
2.64818, 726.427, -636.189
6.34719, -8.8171, -464.103
4.29829, -408.233, 521.515
6.24626, 86.5136, 488.171
6.28385, 259.661, 92.7383
3.60834, -447.601, -554.405
5.58305, 342.365, 122.696
3.66846, -340.314, -106.755
6.22052, -613.015, 225.769
5.80997, -538.333, -532.457
4.9209, 697.287, -634.024
2.58972, 512.895, 35.0893
4.98291, 261.66, 146.368
5.09587, -68.2148, -462.425
4.71395, -583.662, 260.376
4.14528, 3.99593, 524.921
3.52671, 300.315, -32.4192
7.19863, -137.837, -367.607
2.85168, -413.637, 553.757
3.30042, 104.099, -550.672
6.70788, -455.581, -198.616
4.13614, -139.902, -119.457
6.85942, 243.928, 248.523
5.99896, 638.214, 463.921
5.52801, 606.464, -115.305
4.77536, 111.26, -149.566
2.91543, -477.21, -165.347
3.94883, 40.7259, -115.387
6.51009, -525.71, -257.602
6.81821, 188.215, -15.2292
3.81831, 290.806, -507.477
4.79881, -554.796, -189.355
4.95672, 433.293, -364.252
5.82344, -453.474, -512.696
7.31738, -437.833, -213.554
7.23022, 365.612, -537.122
2.81902, 280.638, -422.525
5.04829, -430.637, -294.288
6.13222, 570.992, 481.173
5.65882, 330.347, -141.072
3.26658, -710.646, -675.921
5.09652, -585.595, 259.858
3.52281, -389.111, 389.331
6.03231, 332.885, -489.561
6.05786, -415.944, -216.625
3.66304, -385.536, -116.131
6.80594, 40.7901, -116.295
2.67122, 4.91605, 505.327
6.26587, -580.447, 293.236
4.14789, 351.351, 137.639
4.65309, -188.745, -393.76
7.33455, 498.633, 16.7531
4.05803, 572.521, 451.596
5.69762, 653.013, -683.829
5.95386, 496.74, -38.4123
5.36403, 34.8229, 443.588
6.60667, 706.976, -631.187
4.21807, -518.163, -447.067
5.09387, -530.045, -532.114
6.78438, -33.7068, -454.596
6.18587, 281.077, 53.098
3.45992, -639.83, 173.245
2.83145, -220.134, 226.901
3.60828, 702.863, -627.923
3.33656, -273.186, -21.579
6.31172, 320.547, -492.582
5.44905, -595.542, 147.553
4.65223, 681.735, 657.64
7.09618, 455.776, -8.23715
5.09668, 224.734, 127.68
7.38058, -523.594, -135.611
5.15714, -351.96, -82.8046
2.98716, 260.035, 39.5138
5.83983, 249.157, 149.24
5.44444, 299.623, 65.4452
5.01137, -470.333, -217.197
2.75808, -586.291, 270.581
2.6753, -225.451, -272.266
4.41484, -572.339, -498.994
5.55555, 297.702, 118.179
5.06574, 581.48, 600.68
5.98498, 217.548, -19.0245
4.89891, -115.826, -77.2713
3.88323, 157.414, 368.452
6.01685, -338.858, 19.4341
3.67701, 514.643, -57.1402
6.41501, 36.8302, -195.077
6.60589, 149.439, 499.452
3.21842, -371.97, -122.614
5.75757, -407.248, 539.143
3.87677, 752.261, -573.049
7.26215, -363.564, 611.902
4.58238, -456.963, -206.106
3.03869, -148.651, 119.782
4.70633, -628.407, 505.815
6.28811, -480.535, -213.448
2.77803, -509.987, -139.296
3.51241, -18.9, 24.3123
6.82305, 662.454, -577.787
6.52456, -160.03, -93.0863
2.78861, -617.343, -393.954
4.40304, -41.9995, -466.353
4.56124, 80.5589, 491.659
2.80071, -228.545, 250.901
7.09746, 534.7, 560.47
3.35398, 492.479, 690.289
6.51634, -603.483, 231.855
3.88599, 462.282, -34.2644
4.44586, 161.99, 640.833
7.19936, 15.8444, 597.852
6.24573, 69.7674, -118.223
3.44774, -441.451, 485.743
6.89581, 237.999, 217.607
6.8953, 342.902, -475.238
3.30515, -538.738, -232.587
5.87346, -380.544, -194.682
6.89096, 397.677, 70.0324
6.98262, 307.528, 317.866
3.06535, -74.8668, 576.211
5.93789, -225.492, -215.904
3.21651, -450.995, -436.387
3.6901, 222.687, 84.9228
5.64383, 599.641, -88.9826
4.312, 554.384, 315.036
4.64437, 709.012, 464.807
4.91936, -9.58856, -495.922
6.20379, 77.1198, -175.724
3.23098, -491.316, 441.281
7.36238, -521.779, -261.539
7.3158, -457.864, -187.069
3.14741, -313.18, 551.181
5.3784, -51.3793, -403.927
4.66439, 105.993, -220.172
5.50066, -226.089, -179.596
5.85098, -459.696, -199.62
4.5137, 447.724, 651.962
6.46691, 719.647, 467.811
4.89889, -445.052, -189.104
5.72449, 258.899, 87.7341
4.28836, -193.322, 599.717
5.96794, -272.541, -169.46
5.83428, -465.798, -485.796
3.22071, -349.754, 606.178
7.10415, -569.908, 217.119
4.22228, 40.7167, -209.922
6.66824, -162.76, -430.374
2.74349, 269.946, -498.995
3.27936, -187.645, -98.6812
2.55765, 234.336, 366.847
3.94327, 18.1574, 518.568
5.07295, -178.371, -203.522
3.65948, 578.025, 454.492
2.75022, -212.948, -69.0017
5.33091, -617.847, -393.092
6.69774, 35.8238, 530.654
4.28763, -481.056, -469.193
4.3452, 87.6351, 577.561
7.22226, 260.868, 202.456
4.72425, -448.624, -177.365
6.82086, 322.503, 71.616
5.82654, -534.422, -533.25
5.79297, 66.963, 488.746
7.10736, -753.898, 694.439
5.11536, 654.509, -685.006
5.45229, 264.908, -443.701
5.79944, 592.915, 476.015
4.24765, 307.27, 311.616
4.11714, 260.792, 88.6631
7.08984, 31.4885, 553.744
3.08619, 669.693, -419.306
7.31268, 465.077, -78.8864
5.17978, 68.2688, -113.302
5.81447, 570.746, 476.471
5.48362, 674.332, -425.744
6.93363, -615.436, -504.638
6.67999, -526.128, -532.545
6.69339, 266.088, 161.245
6.85642, -126.465, 152.921
2.5002, -569.168, 56.4627
4.77274, 239.834, 62.9274
4.25696, -597.841, 236.005
5.80713, -211.867, 587.722
6.22234, -632.822, 200.805
3.3821, -110.159, -358.338
7.4621, 711.97, -502.622
5.95466, -612.222, 248.884
6.97862, 312.061, 31.0792
3.51579, 215.912, 73.9785
7.2356, -472.767, -178.116
4.88476, 642.299, -440.207
6.78578, 724.709, -642.888
6.41237, -574.29, -473.932
5.70687, 646.726, -558.543
3.14521, -661.044, 147.823
5.77944, -32.2528, 593.015
3.09199, 72.7264, -162.261
3.88793, 161.825, 535.104
6.65548, -226.517, -179.556
6.14153, -603.405, -542.968
6.74348, -762.531, 156.957
3.43989, -551.385, -509.542
6.09602, 336.333, -274.604
4.25586, 320.909, 201.893
3.34555, -506.174, -477.514
4.52383, 272.609, -494.952
4.20924, 58.6727, 614.431
6.67141, 278.311, 46.5327
3.9111, 580.88, 480.103
5.16766, -521.59, -526.274
6.25085, 738.997, -600.198
4.62554, -549.238, -472.979
4.66964, -401.677, 622.362
3.03022, 686.554, -705.152
6.4639, -194.607, -363.864
3.91232, -467.269, -432.835
7.14264, -473.039, -190.991
5.37926, 261.561, 348.926
3.4895, 548.615, -273.279
5.99081, 359.031, -542.497
3.07265, 278.572, -411.735
4.22945, 168.046, 567.775
4.15646, -443.616, -179.117
6.42735, 633.847, -613.668
6.65775, 319.786, -32.5315
4.21712, -671.083, 555.345
4.2603, -199.716, 565.891
6.38197, -76.4474, -556.187
6.58658, -55.0533, 535.342
4.26157, -229.276, 100.464
7.09559, -466.148, -216.309
3.2877, 231.282, 133.637
5.56029, -468.336, 583.711
5.54222, -350.18, 607.491
3.16647, -170.436, -352.183
3.51409, -516.572, -503.315
4.79457, -600.019, 558.65
3.48759, -343.003, 510.677
6.77118, -576.358, 143.279
6.54562, -411.414, -473.311
2.80131, -611.989, 488.816
6.50584, -633.916, 483.617
5.49597, -148.987, -385.83
7.43182, -617.41, 218.754
2.65919, -8.98279, 600.534
6.8356, 709.385, -625.5
3.69109, 428.738, 160.729
3.6127, 257.841, 334.771
4.73907, -529.169, -492.488
2.61231, 529.691, 7.28705
6.79755, -172.869, -60.7859
4.15902, 246.599, 266.363
5.72195, 271.79, 42.1009
7.43521, -522.417, -420.961
5.30162, 251.695, -390.211
4.74553, -545.376, -227.251
5.213, -33.6893, -512.591
2.90797, 511.125, -37.8521
3.99606, -468.522, -223.871
6.63964, 539.428, 552.656
6.48936, 435.662, 724.373
5.71048, -34.4936, 587.415
4.84105, 377.571, 87.3636
7.15326, -155.361, -399.202
5.08798, -195.72, -88.8181
7.42924, 649.993, -329.201
5.94567, 34.5024, -546.951
6.19966, -139.003, -383.758
3.46323, -444.429, -527.82
6.08881, -360.234, 585.818
6.11146, 422.323, 42.6679
6.49298, 399.129, 128.416
4.23216, 218.717, -588.643
5.1481, 185.239, -321.534
3.19001, 600.798, -238.534
6.73218, -232.314, -159.71
6.32766, 10.373, -494.979
7.5, 646.176, -467.208
4.24891, 485.236, 610.864
5.50367, -508.619, 563.104
3.50808, -334.275, -45.7106
6.2385, 90.4795, 32.5815
6.49225, 561.791, 161.258
3.03505, -671.046, 234.945
5.35813, -376.522, -49.6569
2.84683, 239.314, -339.123
4.16036, 670.806, 477.476
5.80945, 328.844, -506.686
5.27726, -106.307, -92.0794
7.12415, 284.197, 76.8587
2.69832, -354.613, -73.1936
2.62083, -165.601, 14.6914
4.61923, 230.124, -423.845
4.36987, 311.75, 73.1588
2.93303, -256.616, -161.123
3.05403, -49.0389, 91.9308
5.31992, 253.184, -390.676
7.37269, -30.9987, 509.322
3.05066, -8.427, -453.589
5.99352, 86.8971, 489.177
2.79674, -14.5788, -527.844
4.69755, 518.008, -59.0277
5.24651, 643.633, 595.424
3.45129, 477.107, -565.301
7.36597, 279.485, -1.17988
3.19593, -406.07, -56.3102
5.48978, 639.673, -445.132
7.12812, -695.252, 559.919
3.91116, 44.6604, 491.761
6.8307, -122.534, -133.272
6.29598, 30.0948, -298.206
6.10793, 266.01, 291.54
3.34241, -228.175, 225.029
3.32882, 633.885, 318.814
3.39076, -587.69, -438.851
5.87226, 220.106, -445.997
4.83484, -154.377, -271.206
6.85219, -535.217, -427.586
5.76023, -534, -173.538
5.80464, 728.11, 761.004
2.58037, -652.353, -536.739
4.30596, -554.93, -494.178
3.72747, 539.396, 96.8945
6.93086, -657.922, -638.754
5.23701, 674.127, 678.155
6.57209, 9.28244, -504.561
5.24453, 104.456, 489.508
4.16156, 325.795, -10.9875
4.40213, 66.0727, -505.25
2.52389, 460.193, 489.791
6.95226, -168.799, -352.812
6.16955, -450.202, 560.339
6.04239, -27.6767, 606.915
5.1278, 93.6297, -165.475
6.41065, 51.7535, -512.104
3.42484, -319.774, -392.733
5.72673, 271.281, 292.288
3.42178, -453.791, -186.58
3.31214, 140.175, -213.015
2.65594, -201.566, 549.231
7.42716, -32.4566, -471.468
4.04559, -229.554, -357.581
4.11075, -464.642, -183.247
5.51155, 213.196, 39.8901
2.89107, -273.534, -560.607
3.93936, 111.68, 43.1085
5.79307, -150.415, -403.804
7.36348, -536.304, -352.98
7.27758, -377.684, -469.264
7.42745, -446.279, -209.126
7.30478, -539.411, -556.353
3.0073, -403.36, 572.874
3.71505, -140.087, -381.429
6.91151, -4.23479, -139.323
5.28805, 271.628, 296.517
6.7669, 555.905, 412.767
7.49145, -468.367, 547.603
3.99751, -240.959, -608.217
6.33157, 599.56, 456.59
4.81901, 198.735, 29.9338
6.8168, -594.346, -422.101
6.99018, 595.155, -156.712
7.377, 185.57, -317.262
2.77405, 324.52, -65.317
6.32605, 660.511, -614.383
5.09219, -601.941, 566.909
3.46574, 541.702, -59.1956
6.98252, 303.099, -463.171
6.38492, -518.793, 230.075
2.75968, 243.722, 236.429
7.47331, -664.82, 605.831
5.93659, -229.595, -374.866
5.94854, 574.152, 406.522
6.57666, -420.616, 563.482
7.05426, -186.422, -362.288
3.34218, -128.628, 149.8
5.24183, -393.006, 551.593
6.53351, -402.575, -127.982
4.17803, 271.312, -457.213
5.53435, -109.581, -82.3479
6.59602, -643.246, 147.249
7.3485, 119.175, -180.418
6.29349, 599.277, 473.149
3.72113, -117.507, -136.265
5.80589, -592.294, 249.93
4.21574, -460.329, -182.135
7.27146, 226.063, -277.181
2.60828, 517.073, 435.557
4.54979, -727.408, 719.342
2.55789, 414.163, -552.544
3.04964, 582.241, 178.083
5.28259, -572.311, 351.727
4.45466, 54.3503, -223.38
7.20539, -30.3708, -70.0893
2.55572, 286.888, 255.908
6.22897, -140.397, -387.794
3.84293, 269.239, 87.1693
4.27153, -676.532, -548.096
3.45835, -430.885, 447.777
5.14832, 202.282, -33.9199
4.39478, 75.0435, -497.484
3.16407, -45.4112, -449.105
4.26563, -132.887, -389.038
4.2497, 699.085, 692.121
7.41084, 431.832, 58.8921
5.25961, 39.3337, -115.075
4.99918, 20.7326, -520.657
3.58531, -671.033, 222.372
4.37311, 1.0243, -304.602
6.78251, -522.049, -520.753
6.45578, 647.466, -433.607
3.9204, -412.584, 552.515
5.07645, 277.193, 130.55
6.79238, -219.478, -125.464
7.07844, -500.389, -178.045
7.48941, 71.4955, 526.542
6.53177, 75.4443, -173.002
5.22718, -452.865, -180.848
7.3461, -43.6208, -502.223
5.31931, -554.101, 278.595
4.03031, -429.753, 570.117
5.41853, 576.091, 626.379
2.91197, 43.8703, -116.479
5.47382, 239.234, 247.865
3.31968, -511.035, -525.789
6.46527, -514.888, -508.933
2.95373, 690.504, 479.929
6.3072, -592.886, -472.043
6.83996, -176.714, -62.3246
6.40105, -8.81955, -135.662
6.61399, 655.058, 633.407
6.70974, 260.577, 260.098
4.48328, 188.151, -52.822
6.508, -85.5935, 77.7351
6.56811, 216.481, 48.6324
5.43493, -329.692, -50.2894
4.64621, 504.659, -45.8301
2.5002, -119.642, -356.876
5.31153, -609.102, 103.529
6.22632, 252.802, 17.3898
3.89846, 588.446, 233.221
2.93406, -591.764, 538.652
3.5733, 661.137, -556.031
3.93296, -446.877, 476.817
4.86595, -402.318, 447.268
6.95893, 652.805, 592.279
5.91955, 427.229, -368.659
3.54376, -9.81862, -170.433
6.67533, 722.268, -36.9003
7.09218, 700.368, 612.886
4.48244, -592.102, -468.983
6.37858, 349.713, 347.727
5.68161, -10.6542, -122.045
6.64746, 349.185, 126.06
3.40204, 435.393, -380.718
7.45927, 361.015, -531.394
6.70558, 70.0718, -505.052
4.65177, 594.151, 220.981
4.38589, 475.312, 692.961
2.70802, 411.048, -311.78
6.80715, -537.209, -546.933
6.62116, 686.537, -610.774
6.25052, -172.386, 591.747
3.55801, -279.079, 587.013
4.31029, -440.75, -179.713
4.43545, -541.097, -323.058
7.32918, 587.782, 463.421
6.5872, -27.93, 623.541
4.5755, 49.1595, 354.095
5.83759, 300.724, 117.682
2.52101, 486.468, 646.413
6.98048, -655.514, 221.116
3.68416, -166.125, 243.775
3.79415, 205.605, -232.486
5.4939, 319.948, -518.925
6.89823, -587.054, 192.756
6.16299, -594.439, -491.075
6.0773, 590.266, 466.622
3.57724, -386.495, 548.327
6.30413, 693.163, -680.432
3.85351, -269.175, -405.963
2.75246, 375.567, 118.649
4.78866, 218.74, 114.966
2.58759, 365.941, -567.981
3.01129, 85.3451, -64.5124
2.639, -235.098, 99.0446
5.65921, -236.529, -407.597
6.34425, 119.446, -178.064
2.74132, 327.812, -474.2
6.6924, -41.3697, -512.762
6.76899, -206.162, -154.356
6.57649, -360.037, 589.567
6.85188, 628.616, 320.301
5.27222, -417.993, -199.542
6.12646, -160.47, -86.6285
3.20424, -383.692, 507.396
6.6115, 404.955, -393.548
5.51185, 319.775, 10.2113
4.93856, 350.774, -502.884
6.14942, -114.19, 538.032
4.05164, 726.231, -546.888
3.93925, -568.474, 129.928
5.45857, -672.249, 565.12
5.34055, 520.872, 534.13
5.41059, -555.601, -493.475
2.84132, -635.427, 247.42
4.34304, 75.3957, -174.743
6.28475, -520.349, -501.395
6.35297, -453.979, -512.224
4.27217, -469.434, -180.827
5.98913, 48.8284, 484.863
5.08005, -441.483, -201.361
5.94494, 268.188, -16.3326
6.18066, -32.0495, 586.258
2.56231, -240.92, -358.44
7.16549, 432.134, 60.0303
5.37826, 373.245, 104.196
3.05587, 517.058, 625.828
4.87388, -94.4572, -98.8896
3.24247, 234.689, 140.65
4.22594, 278.544, 337.914
7.04476, -602.369, 238.638
4.54571, 87.7632, 461.562
5.96642, -497.622, -126.805
3.35865, 293.435, -478.921
6.21715, 595.256, -468.662
4.16319, -444.047, 548.549
4.62157, 364.542, 97.3519
2.79523, -150.55, 101.91
5.09005, 208.488, 38.5628
5.94425, 210.013, -448.054
5.01149, -179.187, -82.319
6.56617, -49.4995, -502.345
3.07974, 56.9477, -484.477
5.24841, 250.933, 263.151
5.06046, 214.167, 68.348
6.02649, 586.511, 475.495
5.65083, -214.289, 561.922
4.0207, -102.782, -558.9
6.74719, 260.255, 67.105
3.39619, 437.914, 20.6062
2.61737, -362.262, -158.502
4.19467, 499.046, -10.3617
3.43818, 252.222, 31.4994
6.60467, -184.591, 5.39219
6.72507, -450.352, -186.763
6.78031, 709.99, -627.182
7.37454, -628.923, 593.259
2.99587, 308.069, -410.794
2.56182, 582.98, 463.415
2.58614, 248.894, 239.333
2.64527, 324.462, 135.749
4.1031, 40.8713, -115.109
6.17815, 434.533, 182.209
3.14876, 245.723, 218.094
2.5161, -303.703, 325.871
6.91905, -34.0184, -470.087
3.70482, 362.819, -520.617
4.38481, -660.75, 566.313
4.44879, 426.471, 49.4335
2.81534, 394.996, 158.297
7.30792, 144.786, 498.546
3.75349, 600.842, -139.041
6.85376, -475.086, -96.3379
2.85991, -589.738, 137.434
2.70653, -273.16, 483.132
3.46378, 224.869, -448.159
3.86708, -236.406, 238.113
7.4007, -525.855, -379.158
3.60607, 223.345, -447.471
6.43119, -563.739, 517.867
4.42306, 129.425, -267.956
3.78593, 335.888, -515.044
3.91087, -613.482, 184.33
7.33834, 475.101, -46.077
4.22841, 366.574, 124.569
3.45922, -595.675, 421.177
5.05037, -440.411, -156.736
5.21857, -413.037, 628.34
5.72333, -547.623, -542.186
3.89738, -47.1241, 549.28
3.41887, -230.003, -350.393
2.71579, -585.559, 194.248
3.98408, -509.945, -186.702
4.25548, -114.381, 104.43
7.09372, -466.326, 587.657
5.81225, 409.973, -190.886
5.08041, 578.899, 448.043
4.03763, 331.55, 344.777
3.0007, -95.5974, 77.3645
3.47502, 343.755, -473.065
4.11407, 150.217, -272.261
5.56182, 529.015, 97.0279
5.13511, 671.432, -544.928
3.45653, 208.695, 137.193
4.7178, -581.485, -552.169
4.48693, -384.085, 561.78
6.28051, -519.144, 599.106
6.6213, 583.082, 482.744
5.51573, 35.714, -142.68
3.04573, 299.285, -510.886
4.11797, 343.972, -120.001
5.03403, 206.213, 227.59
4.76521, -406.241, 553.186
4.77315, -140.519, -380.278
4.91125, 698.48, 648.234
5.07896, 278.104, -469.531
4.50207, 56.3751, 544.329
4.22945, 467.044, 305.778
6.64533, 597.941, -93.7799
3.02204, -473.221, -445.154
6.40057, 325.59, 330.605
3.19919, -229.803, -178.786
2.62171, -517.995, -488.971
6.0664, 298.719, -543.796
7.15538, -42.4524, -445.344
7.47667, 270.975, 142.188
3.86264, -576.82, 328.278
3.6923, -475.543, -191.495
3.87328, 407.729, 468.93
5.70836, -490.206, -528.515
5.17637, 350.094, 109.092
6.8967, 589.485, -332.563
6.75968, -593.01, -403.664
2.98004, 477.048, -91.4086
4.66818, -652.724, 211.729
3.17045, 150.298, -464.842
5.86802, -108.362, 142.608
5.34964, -93.9363, -447.786
3.66474, -352.127, 687.061
5.50306, 276.061, -420.467
2.6551, -377.084, -148.926
7.08512, 332.768, -260.955
3.82958, 530.635, 8.82291
6.50016, -125.798, -293.957
5.46389, -11.4737, -545.816
5.0822, 245.587, 244.279
5.2567, 212.968, 217.533
3.47225, 324.359, -138.433
5.36152, 93.714, -621.069
3.81992, 275.757, 326.59
4.41648, -657.765, 465.306
2.73626, -558.193, -622.617
4.22823, 412.975, -551.964
3.61594, 422.384, -383.051
3.81264, -13.8059, -467.301
3.05141, -184.517, -374.365
7.40088, -496.923, -131.324
5.93794, 602.18, 467.285
5.82158, -439.439, -156.498
5.99501, -669.994, -480.377
2.68746, -512.995, -266.662
3.6706, -675.369, -532.801
3.95397, 544.111, 472.557
3.50543, -90.2294, -67.3195
2.7177, 241.286, -20.7044
2.56571, -393.251, 634.709
6.07297, -410.553, 502.802
6.88348, -563.108, -481.439
5.35088, -580.691, 305.985
6.92743, 679.031, 709.999
5.20042, -478.125, -218.611
3.31357, 650.239, -558.771
3.30492, 713.58, 420.299
7.19182, 260.717, 112.556
3.45628, 472.748, -596.187
3.15761, 95.623, -88.4098
4.41122, -180.672, -59.3611
6.12674, 200.78, 27.2857
2.50651, 578.14, 601.499
4.60222, 44.3129, 581.613
5.18984, 275.595, 130.485
4.86596, -133.067, 214.595
6.33003, 576.202, 603.678
2.9396, 431.824, -441.418
7.04284, 290.174, 146.573
3.20818, -523.851, -550.926
2.54782, 269.766, 29.76
2.82267, 286.693, 343.196
4.96742, 288.685, 54.5693
5.40914, 491.708, 650.189
4.03373, -579.207, 534.357
4.57091, 490.861, -45.1228
4.33401, -532.78, -539.955
3.42687, 71.9196, 498.258
2.76788, 401.676, 122.652
4.47222, 383.325, -37.379
3.98388, -181.645, -133.646
5.05388, -487.935, 546.529
3.75392, -765.405, 201.283
5.01589, 689.907, 649.139
2.51168, -31.551, 595.598
7.01807, 660.913, -449.162
2.79181, -649.911, -629.013
5.17506, -404.296, 527.664
3.95754, -430.827, 476.359
7.3023, -443.204, -218.273
4.73406, 268.558, 44.1805
5.08479, 630.936, 234.682
5.93861, -157.305, -156.278
2.72187, -109.986, -115.19
7.2946, -634.214, 500.076
5.70852, 198.809, 12.4776
2.80215, 138.746, -524.126
3.33964, 292.578, 352.231
5.76491, 313.385, -22.2598
6.19864, -572.068, 136.899
3.57011, 608.731, 181.04
4.31441, 96.704, -527.604
6.56981, -525.165, 604.481
5.32057, 582.147, -367.173
7.45886, -6.89228, -460.369
6.5669, -603.001, 148.746
3.49157, -599.832, 27.413
2.50003, -35.3445, -471.517
4.62608, 638.416, -589.016
4.07406, 593.262, 224.011
5.56218, 514.623, -622.278
3.83351, -78.2996, -298.707
4.39881, -496.14, -95.6302
5.43397, 576.845, 187.19
5.95636, -138.201, -384.323
7.26736, -208.462, -354.62
4.89785, -325.056, -573.461
3.60319, 317.309, -526.901
5.33741, -571.482, -443.923
6.09873, 260.713, 115.414
4.4953, -359.171, 587.371
3.48326, -510.849, 618.598
6.66971, -674.947, -532.461
5.59561, -445.905, -520.561
7.26866, -174.946, 2.64509
3.23222, 125.476, -226.935
5.38953, -312.649, -428.018
7.26796, -354.597, 569.351
3.62331, 720.891, -635.801
7.25137, -377.299, 500.571
3.07874, 665.361, -445.004
2.58372, 38.2444, -322.254
3.90465, -191.339, -212.704
7.15042, 397.527, 86.9488
3.04796, 772.93, 712.36
6.77266, 73.5001, 534.76
5.68532, -604.04, -451.856
5.63853, 319.255, -522.543
3.80589, 579.141, 421.141
5.13936, -607.856, 271.475
7.16608, -216.525, 541.472
3.98055, 507.082, 30.9711
4.78006, 259.199, 275.658
6.35659, -538.417, -509.325
4.17193, 268.75, 85.3292
6.31775, 152.543, -512.739
6.65892, -101.333, 491.33
2.64618, -650.081, 448.861
4.31315, 534.852, -179.816
4.16221, 264.545, 286.478
3.17675, -385.098, -148.193
3.00839, -239.751, 627.891
5.11327, -419.637, 672.788
3.52046, -128.02, -323.593
5.00728, -552.08, -502.523
5.1371, -53.6238, 501.632
4.13422, -188.78, -85.3793
4.75888, 260.697, -273.678
6.85263, 57.0007, 528.745
4.72884, 518.113, 535.435
6.03726, -682.956, -472.553
6.83171, 650.844, -579.604
6.5822, 583.143, 189.54
2.67504, 746.945, 693.572
3.8644, -465.132, -192.536
5.21858, -219.272, -409.002
3.19942, -523.456, -493.432
5.57408, -554.724, -495.004
3.29182, -565.333, -407.298
4.41129, 304.483, 141.867
5.94997, -106.728, 136.937
3.21128, -309.23, 322.002
5.65284, -663.485, 570.037
3.15973, 35.132, 525.874
7.13583, -577.539, 217.645
5.53465, -644.381, 567.497
5.50388, -619.997, 141.378
3.33635, 381.355, -319.912
3.301, -600.493, -559.369
5.91628, 480.773, -18.636
5.1456, -558.542, -107.974
3.65264, 8.28641, 573.476
6.55373, -390.036, -160.703
5.76477, -195.66, -431.796
4.08597, -535.881, -517.501
2.53953, -156.568, -458.517
3.49176, 603.863, 457.782
3.78831, 207.181, 299.845
3.03825, 497.956, -94.3328
3.49545, 153.54, -218.978
6.75079, 722.075, -542.366
6.63912, -604.329, 120.155
6.76813, -488.288, -432.934
5.71027, 41.537, 499.076
3.6787, 716.261, -611.04
6.80638, -634.665, -382.355
5.4745, 98.7848, -123.317
2.52745, 367.492, -47.8827
6.84925, -514.113, -537.082
7.37729, 362.303, 92.632
5.59653, 272.11, 97.2972
3.85574, -655.906, 98.2392
7.46973, -15.9483, -303.982
4.60751, -517.856, -492.492
4.20537, -509.38, -411.028
4.80717, 266.088, -12.8561
4.44822, 127.907, -266.62
4.613, 115.978, 564.048
2.84879, 242.374, 264.434
5.5153, 14.7487, -185.797
7.36114, -81.2583, 35.4838
5.07406, -556.627, -501.905
7.45461, 540.039, -16.4322
5.84906, 412.761, -80.5137
4.01716, -516.569, -208.855
3.47371, 469.368, 478.29
4.0109, -498.978, -367.039
4.93946, -397.843, 487.259
4.72438, 447.303, 645.928
5.7844, 359.431, -529.24
3.74227, -539.293, -557.39
4.72007, 107.64, 460.282
5.75894, -514.531, -83.1266
6.67472, -666.476, 240.733
6.03698, 93.4566, 582.697
4.93928, -511.668, -513.286
6.72039, 329.194, -24.9787
7.00296, -430.979, -219.542
6.33082, -565.905, -380.131
5.29453, 492.539, 696.345
2.70603, 118.473, 11.7568
5.46749, 337.982, 110.667
2.68674, -371.692, 572.002
4.53488, 290.591, 259.611
2.84243, -664.406, -712.643
7.38558, -552.895, -480.425
2.5956, -409.578, -204.282
6.60363, -225.78, -185
5.2195, -459.69, 482.011
5.72828, 570.305, -294.369
3.62934, -148.47, -170.535
2.733, 717.281, -614.652
3.63154, 243.934, -470.588
4.58371, -639.628, 169.946
6.40126, 263.74, -448.409
3.72852, -614.406, 141.702
4.81411, 399.755, 124.225
6.14756, 503.629, 29.038
5.35237, -446.54, 474.143
5.45997, 688.055, 648.353
4.98425, -650.418, 248.063
3.951, 291.749, 156.781
4.71107, 72.8743, -178.984
2.53669, 730.776, -731.989
7.41683, 407.893, -197.271
2.52822, -663.464, -205.603
4.8676, 5.17694, 573.705
5.86497, -131.504, -224.287
