6.27803, -693.628, -632.601
3.5948, 105.223, -177.279
5.89648, 367.956, -716.835
5.09708, -258.923, 722.144
2.76731, -813.063, 643.294
2.53849, 274.067, -11.0785
4.58743, -647.605, -207.286
7.15218, 225.766, 337.717
2.95982, 34.342, 551.933
6.00595, -180.622, 201.943
3.81226, 598.562, 698.769
4.14117, 436.366, -700.883
7.45519, 334.503, 150.048
7.41275, -542.292, -243.518
5.75759, 331.993, 347.072
6.92354, 224.692, -656.449
6.33247, -135.515, -489.272
3.87453, -533.034, -123.686
4.93259, -493.695, -242.256
2.80282, 782.719, 781.756
5.08146, -69.4267, 602.917
4.96988, 692.695, -466.336
7.23882, -632.932, -503.637
4.42071, 7.04793, -603.366
5.14874, 783.78, -387.369
2.75042, 659.1, 38.8568
6.63909, 432.045, 450.593
5.94228, -675.684, -567.342
6.18112, 239.108, 669.192
6.94286, 770.159, 457.057
4.25508, -341.778, -427.881
6.72991, 216.596, -14.4997
3.84659, 493.091, -130.634
4.83959, 33.5845, -194.357
3.2686, -631.708, -499.159
2.66527, 480.758, 138.754
7.2768, 56.0593, 73.9126
6.95369, 148.476, 385.865
3.29884, 467.791, 96.8018
3.15214, 373.602, -526.42
2.515, -419.925, -681.461
6.0491, -626.933, -202.266
3.40448, -462.972, 650.758
5.76029, 678.961, -292.794
4.42907, 376.44, -596.241
3.23766, 98.4383, -189.989
5.45054, 559.3, -5.65825
3.24076, 98.4686, 675.909
3.2091, -146.231, 724.958
4.94257, -397.168, 37.9979
3.13015, 676.602, -29.1839
5.64635, -274.177, -451.842
5.60817, 218.83, -512.308
4.88216, -480.436, 547.775
2.64188, -375.864, -132.501
3.21011, 24.5413, 634.836
3.15594, -209.277, 746.277
3.31099, -766.707, 655.958
3.76529, -171.638, -615.438
4.77654, 471.918, -696.412
6.54472, -43.6597, -233.879
3.57624, 255.911, 645.894
3.75063, 650.94, 346.291
5.02978, -17.1158, 619.935
6.27922, 531.7, 114.032
5.66369, 658.106, -50.3097
5.9449, 502.199, -127.745
7.27207, 751.595, 436.993
5.18713, -455.855, 553.113
4.57014, -562.283, -111.015
4.70019, 500.775, 114.61
6.07821, 606.758, 413.307
6.20858, 300.021, 398.691
5.12494, 689.115, -819.842
6.06711, -650.565, -135.958
5.91025, 338.061, 5.86479
6.82941, 766.039, -478.702
3.19597, -84.4031, 613.555
3.57766, 720.546, -230.416
5.0733, -266.232, -163.903
4.83766, 48.6914, 555.036
3.55759, -253.135, 598.345
5.65244, -612.651, 772.739
2.5044, -702.81, 205.993
4.09589, 292.567, 418.986
5.90281, 277.626, 16.5713
6.0446, 549.898, -465.785
2.90869, -700.562, 529.766
3.56926, 304.441, 418.905
4.44412, -689.637, -592.37
4.44927, 721.933, 724.1
3.92018, 288.153, -470.713
4.6123, 443.354, 457.288
2.55658, -650.624, -577.126
3.72027, 815.5, -631.006
4.49072, -655.424, 569.032
6.64177, -761.446, 262.389
3.78584, 768.302, -680.626
3.59705, -649.198, -474.26
6.47385, 281.658, 355.841
5.8476, 368.807, 345.207
5.49108, -695.163, 222.305
5.99917, -288.483, -477.178
5.13062, 460.02, -643.488
4.14833, 297.781, 86.6618
3.30844, -816.124, 215.174
6.56633, 547.531, 39.115
4.08004, 311.761, 204.307
4.05369, -81.6496, -656.077
4.65424, 27.0998, 61.6622
4.46509, -210.208, -497.222
4.43916, 100.332, -184.276
4.34871, -572.579, -415.67
5.88118, 306.577, -451.71
6.10384, 251.734, -39.6769
7.20082, 9.66602, 717.128
5.08573, -131.03, -392.776
5.5282, -146.855, 239.168
5.85049, -575.731, 762.431
5.11404, 44.3315, -91.3995
3.87105, -727.649, 575.297
7.08924, 198.471, 323.765
3.73367, 724.556, -477.526
4.77876, 287.772, 361.776
3.30374, -752.887, 601.952
4.68319, 185.949, 255.322
7.45767, 301.536, 158.408
6.26931, -342.405, 378.982
4.97846, -670.704, -559.361
7.01651, -617.331, -621.419
4.68213, 485.667, 438.249
5.09239, 82.2632, -678.533
4.44866, 129.33, -515.635
5.63431, -102.854, -403.112
5.19331, 350.873, 194.812
4.35955, 514.385, -450.869
2.54674, -246.611, 257.577
6.3794, -0.103936, -621.619
2.85317, -674.451, -536.155
3.98511, 375.767, -645.712
4.78581, -32.1558, -614.11
3.25156, -100.69, -19.5639
5.97819, 536.241, -379.642
4.15587, 303.16, 173.654
5.21197, 777.828, -735.896
2.64678, 663.344, -827.1
5.38086, 23.6699, -135.451
5.18133, 210.304, 397.556
7.36678, -669.858, -708.984
5.57063, -250.804, -462.291
5.26431, -720.323, 217.761
6.69051, -237.267, 706.338
3.75764, -464.129, 627.826
6.98957, 496.962, -132.175
5.97428, 492.63, -403.017
5.82752, -429.32, -112.351
3.06838, -622.493, -449.035
3.37987, -713.377, 225.141
2.91253, -92.0995, 112.409
6.68103, -114.622, 269.814
2.64818, 752.305, -628.393
6.34719, -34.8958, -612.184
4.29829, -430.204, 680.911
6.24626, 68.4024, 487.322
6.28385, 318.679, 138.24
3.60834, -455.896, -673.125
5.58305, 234.401, 119.886
3.66846, -370.514, -209.292
6.22052, -704.541, 210.029
5.80997, -659.724, -514.02
4.9209, 778.504, -587.703
2.58972, 728.63, 87.3679
4.98291, 312.391, 192.672
5.09587, 7.87452, -633.099
4.71395, -718.713, 390.644
4.14528, -62.4902, 721.899
3.52671, 403.12, -62.5468
7.19863, -72.119, -400.562
2.85168, -529.445, 667.665
3.30042, 100.514, -645.256
6.70788, -561.034, -104.638
4.13614, -190.823, -178.638
6.85942, 236.666, 311.962
5.99896, 570.839, 503.878
5.52801, 735.104, -137.714
4.77536, 52.7353, -203.112
2.91543, -426.404, -190.392
3.94883, 89.1334, -173.156
6.51009, -645.934, -549.632
6.81821, 269.626, -31.2246
3.81831, 308.369, -492.261
4.79881, -657.037, -235
4.95672, 464.729, -416.383
5.82344, -443.587, -695.457
7.31738, -536.223, -188.036
7.23022, 469.555, -631.538
2.81902, 254.537, -515.317
5.04829, -547.185, -289.476
6.13222, 704.008, 511.413
5.65882, 426.53, -212.383
3.26658, -788.618, -802.277
5.09652, -716.092, 385.037
3.52281, -419.06, 595.49
6.03231, 361.903, -711.034
6.05786, -414.254, -92.6045
3.66304, -398.759, -238.481
6.80594, 90.8148, -172.28
2.67122, 15.0575, 717.352
6.26587, -684.061, 248.43
4.14789, 497.629, 109.941
4.65309, -63.8638, -381.459
7.33455, 652.351, -114.708
4.05803, 667.06, 549.263
5.69762, 788.859, -743.458
5.95386, 685.355, -22.0675
5.36403, 46.347, 556.37
6.60667, 785.329, -590.234
4.21807, -625.59, -521.918
5.09387, -641.71, -527.163
6.78438, 93.2066, -673.449
6.18587, 279.626, -11.5743
3.45992, -671.044, 183.59
2.83145, -296.939, 288.24
3.60828, 754.31, -678.366
3.33656, -160.621, -121.502
6.31172, 354.935, -686.261
5.44905, -722.786, 245.431
4.65223, 785.664, 766.579
7.09618, 565.712, 7.75758
5.09668, 318.212, 216.038
7.38058, -591.475, -89.9111
5.15714, -374.507, 23.3831
2.98716, 298.334, 139.385
5.83983, 288.252, 98.347
5.44444, 234.557, 12.6021
5.01137, -576.284, -92.5781
2.75808, -717.229, 194.739
2.6753, -183.564, -150.202
4.41484, -665.076, -555.958
5.55555, 285.399, 124.57
5.06574, 585.055, 725.286
5.98498, 264.931, 5.64435
4.89891, 0.365556, -140.674
3.88323, 87.7112, 404.042
6.01685, -389.803, 113.03
3.67701, 665.112, -52.2735
6.41501, 44.1904, -161.096
6.60589, 214.918, 628.719
3.21842, -447.07, -30.1733
5.75757, -425.449, 669.322
3.87677, 842.935, -714.639
7.26215, -463.858, 621.322
4.58238, -564.22, -103.581
3.03869, -126.307, 257.579
4.70633, -726.616, 482.998
6.28811, -394.565, -191.417
2.77803, -443.574, -251.526
3.51241, -18.8603, 52.4196
6.82305, 756.975, -633.603
6.52456, -231.948, -34.3213
2.78861, -672.276, -439.925
4.40304, 16.904, -632.528
4.56124, 35.5521, 601.03
2.80071, -287.197, 296.733
7.09746, 652.249, 580.857
3.35398, 547.251, 759.964
6.51634, -707.186, 215.371
3.88599, 555.312, -2.49556
4.44586, 132.429, 732.893
7.19936, 22.5109, 617.258
6.24573, 72.3571, -180.427
3.44774, -374.503, 666.299
6.89581, 284.218, 428.288
6.8953, 329.021, -647.646
3.30515, -669.524, -198.762
5.87346, -601.061, -248.819
6.89096, 571.76, 118.852
6.98262, 310.853, 402.882
3.06535, -69.1509, 618.595
5.93789, -168.792, -235.736
3.21651, -653.949, -515.768
3.6901, 271.943, -7.75519
5.64383, 740.305, -149.885
4.312, 650.803, 346.124
4.64437, 658.346, 553.541
4.91936, 6.23021, -599.287
6.20379, 104.809, -153.79
3.23098, -461.544, 578.121
7.36238, -650.094, -543.184
7.3158, -508.354, -220.005
3.14741, -381.927, 545.4
5.3784, -204.032, -443.168
4.66439, 86.3902, -181.207
5.50066, -273.587, -209.664
5.85098, -564.672, -99.5201
4.5137, 425.283, 808.477
6.46691, 684.669, 563.042
4.89889, -665.366, -196.503
5.72449, 312.967, 257.766
4.28836, -248.973, 613.215
5.96794, -246.77, -219.53
5.83428, -430.38, -569.509
3.22071, -483.201, 565.887
7.10415, -669.133, 256.249
4.22228, 90.1854, -181.804
6.66824, -324.636, -459.949
2.74349, 308.717, -553.509
3.27936, -201.252, -9.60196
2.55765, 293.832, 381.157
3.94327, 36.3381, 543.861
5.07295, -287.253, -165.14
3.65948, 628.803, 426.527
2.75022, -213.547, -14.1516
5.33091, -595.609, -632.919
6.69774, -2.45731, 663.248
4.28763, -655.74, -564.569
4.3452, 152.722, 740.374
7.22226, 322.427, 28.2271
4.72425, -647.143, -201.635
6.82086, 306.357, 183.643
5.82654, -650.231, -487.789
5.79297, 126.758, 566.493
7.10736, -821.028, 812.213
5.11536, 792.008, -739.011
5.45229, 358.143, -423.6
5.79944, 678.174, 555.118
4.24765, 314.265, 408.185
4.11714, 247.405, -24.6995
7.08984, -4.66691, 622.292
3.08619, 694.212, -465.013
7.31268, 550.132, -120.118
5.17978, 89.6652, -203.663
5.81447, 677.65, 536.673
5.48362, 725.921, -451.635
6.93363, -518.501, -616.066
6.67999, -646.137, -533.124
6.69339, 293.386, 113.987
6.85642, -131.11, 235.193
2.5002, -760.321, 264.306
4.77274, 381.262, 175.132
4.25696, -709.125, 216.912
5.80713, -224.826, 611.841
6.22234, -693.822, 211.35
3.3821, -166.891, -407.535
7.4621, 835.179, -604.1
5.95466, -707.586, 215.44
6.97862, 287.111, -2.87918
3.51579, 289.22, -14.1521
7.2356, -449.491, -194.262
4.88476, 759.271, -444.804
6.78578, 739.285, -618.979
6.41237, -634.02, -560.052
5.70687, 790.75, -718.385
3.14521, -704.26, 258.299
5.77944, -82.1996, 617.261
3.09199, 75.2321, -60.07
3.88793, 243.998, 664.444
6.65548, -254.711, -209.011
6.14153, -600.87, -498.941
6.74348, -656.495, 245.171
3.43989, -676.508, -706.08
6.09602, 435.633, -299.973
4.25586, 221.854, 252.769
3.34555, -438.327, -573.503
4.52383, 247.961, -586.609
4.20924, 135.244, 663.781
6.67141, 289.509, 11.122
3.9111, 662.323, 555.324
5.16766, -638.599, -508.719
6.25085, 772.251, -757.446
4.62554, -626.685, -561.232
4.66964, -421.952, 683.669
3.03022, 759.369, -843.456
6.4639, -97.1471, -416.275
3.91232, -669.677, -545.509
7.14264, -455.597, -223.388
5.37926, 327.653, 410.459
3.4895, 649.271, -316.481
5.99081, 447.46, -618.007
3.07265, 308.671, -650.633
4.22945, 239.51, 663.629
4.15646, -452.515, -223.095
6.42735, 798.781, -705.901
6.65775, 398.509, -136.746
4.21712, -678.449, 674.158
4.2603, -230.877, 711.781
6.38197, 23.483, -594.161
6.58658, -34.1979, 667.226
4.26157, -243.171, 199.453
7.09559, -434.933, -178.646
3.2877, 381.901, 132.666
5.56029, -424.538, 580.586
5.54222, -484.147, 566.718
3.16647, -191.253, -550.09
3.51409, -637.631, -501.672
4.79457, -675.555, 545.695
3.48759, -458.072, 645.968
6.77118, -754.717, 258.814
6.54562, -677.178, -523.376
2.80131, -750.811, 627.363
6.50584, -670.946, 556.263
5.49597, -158.497, -413.425
7.43182, -683.619, 209.274
2.65919, -49.6823, 618.522
6.8356, 762.301, -668.554
3.69109, 535.589, 245.63
3.6127, 196.221, 319.657
4.73907, -609.975, -590.146
2.61231, 748.854, -73.9801
6.79755, -213.152, -72.5111
4.15902, 241.404, 331.483
5.72195, 324.193, 220.529
7.43521, -611.268, -570.347
5.30162, 293.533, -469.084
4.74553, -659.18, -191.233
5.213, 57.9343, -651.957
2.90797, 679.471, -46.9815
3.99606, -654.484, -164.154
6.63964, 661.413, 579.307
6.48936, 466.754, 755.563
5.71048, -54.028, 705.261
4.84105, 497.943, 210.648
7.15326, -148.219, -413.493
5.08798, -242.572, -30.8271
7.42924, 773.157, -403.322
5.94567, -21.6239, -557.831
6.19966, -144.471, -427.539
3.46323, -446.737, -726.13
6.08881, -482.893, 547.882
6.11146, 543.653, -40.3682
6.49298, 260.394, 109.559
4.23216, 233.716, -767.323
5.1481, 102.189, -297.891
3.19001, 654.022, -273.868
6.73218, -250.592, -213.795
6.32766, -37.1047, -609.468
7.5, 731.982, -444.523
4.24891, 480.093, 811.593
5.50367, -460.258, 651.373
3.50808, -425.703, -8.9855
6.2385, 55.7702, 56.1779
6.49225, 720.011, 186.481
3.03505, -647.041, 121.122
5.35813, -407.386, -6.63334
2.84683, 280.406, -311.428
4.16036, 735.125, 560.745
5.80945, 346.6, -595.568
5.27726, -21.1642, -116.957
7.12415, 220.608, 2.38499
2.69832, -390.846, 56.1714
2.62083, -220.344, 97.4265
4.61923, 224.854, -521.673
4.36987, 313.417, 184.832
2.93303, -258.838, -215.673
3.05403, -61.9073, 156.182
5.31992, 306.91, -377.811
7.37269, -28.1195, 646.316
3.05066, -34.6672, -609.74
5.99352, 153.16, 687.826
2.79674, -7.57312, -563.301
4.69755, 662.593, -52.4836
5.24651, 796.93, 639.047
3.45129, 574.344, -643.648
7.36597, 320.686, 215.348
3.19593, -562.868, -58.4126
5.48978, 756.478, -448.482
7.12812, -760.45, 662.735
3.91116, 5.15163, 715.811
6.8307, -117.688, -117.96
6.29598, -90.2369, -389.428
6.10793, 295.422, 393.615
3.34241, -268.147, 288.264
3.32882, 723.931, 352.021
3.39076, -667.861, -722.214
5.87226, 251.458, -470.408
4.83484, -161.799, -165.289
6.85219, -650.913, -366.355
5.76023, -597.337, -60.8748
5.80464, 773.703, 746.094
2.58037, -565.534, -488.966
4.30596, -650.231, -521.518
3.72747, 684.627, 106.25
6.93086, -785.673, -760.887
5.23701, 744.65, 791.511
6.57209, -35.2979, -631.371
5.24453, 135.363, 682.378
4.16156, 395.388, -41.5465
4.40213, -67.9194, -581.486
2.52389, 687.209, 511.671
6.95226, -169.424, -441.393
6.16955, -424.613, 630.332
6.04239, -67.6714, 603.574
5.1278, 30.7959, -178.308
6.41065, -12.8248, -616.606
3.42484, -379.547, -399.206
5.72673, 236.958, 393.291
3.42178, -515.98, -240.504
3.31214, 23.8226, -147.837
2.65594, -223.975, 736.145
7.42716, 69.3638, -636.815
4.04559, -249.489, -480.545
4.11075, -504.146, -246.513
5.51155, 234.935, -99.692
2.89107, -278.786, -724.746
3.93936, 38.6882, 72.8994
5.79307, -160.718, -430.357
7.36348, -719.421, -361.081
7.27758, -363.664, -609.134
7.42745, -519.048, -256.548
7.30478, -651.964, -528.197
3.0073, -390.738, 646.549
3.71505, -153.279, -429.173
6.91151, 98.2493, -190.606
5.28805, 296.957, 393.556
6.7669, 624.865, 561.036
7.49145, -419.941, 577.967
3.99751, -209.243, -607.18
6.33157, 767.051, 451.996
4.81901, 214.027, -107.377
6.8168, -611.766, -610.966
6.99018, 739.513, -156.315
7.377, 216.38, -374.228
2.77405, 469.981, 70.8613
6.32605, 775.292, -683.496
5.09219, -757.98, 620.698
3.46574, 761.096, -125.83
6.98252, 282.898, -537.142
6.38492, -763.339, 189.154
2.75968, 321.364, 466.58
7.47331, -759.093, 660.345
5.93659, -122.451, -441.848
5.94854, 772.628, 454.982
6.57666, -465.129, 671.982
7.05426, -156.884, -432.657
3.34218, -134.766, 235.298
5.24183, -458.63, 650.54
6.53351, -386.363, -196.057
4.17803, 309.227, -454.482
5.53435, -101.569, -26.2966
6.59602, -638.696, 204.808
7.3485, 45.4253, -206.748
6.29349, 596.062, 482.309
3.72113, -122.939, -120.744
5.80589, -571.964, 308.228
4.21574, -518.061, -229.1
7.27146, 288.115, -327.037
2.60828, 644.31, 574.806
4.54979, -834.049, 806.203
2.55789, 484.293, -665.366
3.04964, 721.693, 227.973
5.28259, -747.654, 190.232
4.45466, 52.2479, -129.021
7.20539, -18.016, -124.652
2.55572, 186.41, 354.177
6.22897, -176.533, -413.738
3.84293, 274.862, 111.386
4.27153, -621.869, -510.812
3.45835, -397.514, 635.038
5.14832, 235.199, 18.8357
4.39478, -36.1989, -610.986
3.16407, -107.532, -650.654
4.26563, -171.883, -422.037
4.2497, 765.276, 775.796
7.41084, 500.16, -34.1119
5.25961, 84.6981, -225.001
4.99918, 8.13988, -611.646
3.58531, -680.315, 228.186
4.37311, -58.9848, -406.026
6.78251, -640.469, -506.647
6.45578, 745.941, -470.291
3.9204, -528.215, 668.728
5.07645, 259.439, 196.486
6.79238, -236.9, -14.2881
7.07844, -675.624, -236.712
7.48941, 97.6428, 678.229
6.53177, 51.1073, -164.641
5.22718, -706.563, -218.139
7.3461, 50.5638, -633.277
5.31931, -546.213, 341.985
4.03031, -426.538, 618.433
5.41853, 690.098, 715.523
2.91197, 92.589, -175.926
5.47382, 304.912, 451.402
3.31968, -701.265, -524.829
6.46527, -653.1, -572.826
2.95373, 623.262, 556.39
6.3072, -516.976, -622.696
6.83996, -218.901, -62.8893
6.40105, 100.385, -194.222
6.61399, 734.467, 719.523
6.70974, 259.598, 475.987
4.48328, 272.365, 118.729
6.508, -91.0177, 110.228
6.56811, 307.033, 33.1671
5.43493, -394.148, 27.1391
4.64621, 664.261, -76.2492
2.5002, -149.464, -380.036
5.31153, -752.547, 259.884
6.22632, 349.603, 184.158
3.89846, 727.095, 240.12
2.93406, -735.982, 496.071
3.5733, 773.298, -710.041
3.93296, -399.504, 661.222
4.86595, -393.962, 437.014
6.95893, 740.126, 735.824
5.91955, 470.046, -416.955
3.54376, 14.086, -221.8
6.67533, 777.096, -33.1587
7.09218, 789.803, 807.318
4.48244, -518.859, -643.41
6.37858, 430.409, 412.189
5.68161, -65.7812, -85.6211
6.64746, 310.912, 118.169
3.40204, 487.119, -422.132
7.45927, 469.33, -628.126
6.70558, -73.0337, -627.813
4.65177, 760.261, 196.082
4.38589, 489.937, 774.31
2.70802, 468.863, -426.147
6.80715, -583.231, -460.371
6.62116, 767.178, -758.683
6.25052, -86.2271, 624.554
3.55801, -211.357, 704.979
4.31029, -700.107, -232.591
4.43545, -687.678, -490.727
7.32918, 589.977, 541.525
6.5872, -47.1998, 619.358
4.5755, -11.3022, 389.898
5.83759, 287.874, 118.757
2.52101, 486.255, 797.846
6.98048, -717.578, 209.23
3.68416, -254.934, 291.504
3.79415, 273.742, -222.07
5.4939, 342.628, -601.714
6.89823, -699.318, 245.304
6.16299, -653.755, -437.289
6.0773, 645.728, 517.381
3.57724, -477.719, 557.424
6.30413, 695.162, -793.905
3.85351, -229.996, -496.295
2.75246, 467.531, 192.815
4.78866, 326.191, 258.336
2.58759, 445.838, -582.448
3.01129, 15.8801, -116.074
2.639, -240.643, 204.036
5.65921, -322.5, -456.062
6.34425, 49.472, -200.999
2.74132, 435.13, -584.682
6.6924, -37.1051, -634.822
6.76899, -188.746, -169.688
6.57649, -480.907, 550.597
6.85188, 725.818, 345.654
5.27222, -515.231, -200.587
6.12646, -228.393, -37.8561
3.20424, -477.563, 627.7
6.6115, 458.79, -455.971
5.51185, 502.802, -89.7052
4.93856, 437.668, -713.281
6.14942, -164.234, 666.346
4.05164, 777.566, -598.458
3.93925, -739.032, 239.632
5.45857, -741.809, 656.659
5.34055, 533.16, 674.986
5.41059, -622.877, -537.204
2.84132, -761.034, 180.161
4.34304, 82.2981, -213.139
6.28475, -634.824, -561.261
6.35297, -444.544, -706.025
4.27217, -409.228, -199.587
5.98913, 120.426, 683.219
5.08005, -512.02, -251.225
5.94494, 243.349, 92.1404
6.18066, -58.4667, 701.332
2.56231, -271.548, -501.75
7.16549, 496.557, -37.1646
5.37826, 294.813, 131.96
3.05587, 496.576, 729.64
4.87388, -97.2509, -29.5969
3.24247, 314.586, 163.993
4.22594, 202.659, 371.994
7.04476, -701.923, 197.032
4.54571, 64.8607, 475.328
5.96642, -613.562, -81.8393
3.35865, 392.574, -638.429
6.21715, 722.954, -412.952
4.16319, -422.825, 630.087
4.62157, 487.191, 231.467
2.79523, -229.084, 44.1512
5.09005, 216.442, -102.516
5.94425, 346.152, -481.054
5.01149, -218.292, -65.6779
6.56617, -138.81, -623.465
3.07974, 127.944, -716.731
5.24841, 298.701, 417.436
5.06046, 267.854, -10.4136
6.02649, 763.115, 431.467
5.65083, -241.342, 717.204
4.0207, -56.7097, -671.42
6.74719, 362.146, 169.923
3.39619, 544.629, -13.9627
2.61737, -424.768, -108.746
4.19467, 546.45, -1.75158
3.43818, 264.185, 8.68455
6.60467, -217.659, 77.2817
6.72507, -662.364, -198.247
6.78031, 753.421, -678.572
7.37454, -756.285, 602.351
2.99587, 378.419, -419.56
2.56182, 594.748, 529.14
2.58614, 243.735, 328.149
2.64527, 290.742, 129.373
4.1031, 84.3383, -227.651
6.17815, 526.013, 257.347
3.14876, 218.228, 392.095
2.5161, -340.112, 391.038
6.91905, 65.546, -635.862
3.70482, 280.08, -537.867
4.38481, -766.392, 677.11
4.44879, 524.873, 119.553
2.81534, 539.681, 251.915
7.30792, 162.2, 639.372
3.75349, 681.431, -240.944
6.85376, -601.195, -48.7197
2.85991, -716.923, 270.498
2.70653, -381.268, 504.57
3.46378, 241.192, -470.354
3.86708, -271.114, 284.445
7.4007, -747.244, -339.452
3.60607, 298.217, -463.212
6.43119, -763.994, 677.623
4.42306, 186.352, -328.316
3.78593, 329.2, -609.746
3.91087, -685.046, 246.424
7.33834, 670.736, -33.4572
4.22841, 529.507, 110.579
3.45922, -668.319, 590.986
5.05037, -529.865, -265.997
5.21857, -411.603, 631.229
5.72333, -636.672, -523.208
3.89738, -62.3739, 596.532
3.41887, -283.588, -509.365
2.71579, -697.624, 246.449
3.98408, -466.328, -263.946
4.25548, -212.925, 127.31
7.09372, -456.058, 560.374
5.81225, 463.543, -267.867
5.08041, 662.689, 575.247
4.03763, 441.319, 430.396
3.0007, -182.165, 124.585
3.47502, 319.428, -697.398
4.11407, 85.7707, -274.777
5.56182, 716.525, 105.447
5.13511, 795.38, -770.657
3.45653, 335.996, 180.675
4.7178, -579.788, -450.638
4.48693, -458.394, 641.519
6.28051, -589.201, 688.742
6.6213, 663.226, 562.191
5.51573, 65.0842, -303.077
3.04573, 432, -606.69
4.11797, 382.994, -185.92
5.03403, 100.688, 258.372
4.76521, -478.342, 659.661
4.77315, -150.908, -423.532
4.91125, 793.025, 804.94
5.07896, 333.477, -586.971
4.50207, 118.348, 695.943
4.22945, 647.093, 320.126
6.64533, 735.487, -148.939
3.02204, -658.217, -597.642
6.40057, 443.658, 440.531
3.19919, -259.319, -207.711
2.62171, -660.073, -568.733
6.0664, 371.194, -561.726
7.15538, 68.1589, -643.077
7.47667, 303.762, 86.7109
3.86264, -696.312, 191.192
3.6923, -444.841, -229.221
3.87328, 613.025, 539.229
5.70836, -692.862, -558.574
5.17637, 275.933, 103.622
6.8967, 661.182, -335.734
6.75968, -618.567, -622.969
2.98004, 670.094, -6.14655
4.66818, -691.84, 208.579
3.17045, -37.2003, -631.658
5.86802, -165.378, 237.396
5.34964, -146.444, -385.359
3.66474, -382.967, 695.36
5.50306, 251.833, -510.062
2.6551, -514.942, -37.4276
7.08512, 420.666, -289.613
3.82958, 749.803, -72.4267
6.50016, -160.018, -461.184
5.46389, 64.7382, -631.578
5.0822, 308.775, 453.383
5.2567, 302.303, 454.557
3.47225, 399.158, -176.55
5.36152, 112.54, -695.468
3.81992, 191.547, 305.905
4.41648, -743.847, 494.712
2.73626, -600.174, -778.481
4.22823, 484.94, -663.675
3.61594, 537.046, -394.321
3.81264, -35.4404, -595.575
3.05141, -323.173, -477.379
7.40088, -637.017, -88.7772
5.93794, 679.828, 538.033
5.82158, -529.933, -262.253
5.99501, -613.337, -557.833
2.68746, -648.021, -542.673
3.6706, -624.275, -517.86
3.95397, 720.194, 547.758
3.50543, -29.763, -110.444
2.7177, 332.11, 172.087
2.56571, -398.568, 691.723
6.07297, -487.147, 674.772
6.88348, -628.99, -560.273
5.35088, -704.02, 365.702
6.92743, 793.696, 743.101
5.20042, -402.127, -200.478
3.31357, 780.187, -695.144
3.30492, 855.747, 446.813
7.19182, 304.042, 252.089
3.45628, 519.572, -656.029
3.15761, 69.5202, -204.052
4.41122, -222.409, -54.9852
6.12674, 239.654, -102.033
2.50651, 585.475, 724.07
4.60222, -44.7158, 636.101
5.18984, 259.423, -67.7916
4.86596, -181.613, 224.466
6.33003, 589.754, 723.207
2.9396, 488.552, -427.001
7.04284, 214.985, 250.275
3.20818, -614.53, -472
2.54782, 307.053, 44.6196
2.82267, 305.739, 411.369
4.96742, 288.811, 182.067
5.40914, 502.198, 784.769
4.03373, -723.034, 527.735
4.57091, 682.681, -22.8988
4.33401, -639.167, -501.502
3.42687, 119.265, 565.816
2.76788, 468.927, 130.006
4.47222, 430.184, -70.5438
3.98388, -293.06, -213.297
5.05388, -377.768, 640.576
3.75392, -675.854, 228.902
5.01589, 807.3, 779.068
2.51168, -85.9508, 617.053
7.01807, 710.42, -460.337
2.79181, -776.616, -752.531
5.17506, -468.721, 656.448
3.95754, -373.936, 662.769
7.3023, -657.144, -170.801
4.73406, 241.412, -11.1931
5.08479, 726.166, 202.391
5.93861, -213.608, -9.92571
2.72187, -139.057, -40.3522
7.2946, -691.226, 517.891
5.70852, 324.313, 143.977
2.80215, 294.049, -576.695
3.33964, 201.002, 276.472
5.76491, 384.624, -112.434
6.19864, -752.492, 265.304
3.57011, 720.661, 215.101
4.31441, 141.24, -604.261
6.56981, -578.648, 780.636
5.32057, 701.197, -394.312
7.45886, -50.7764, -598.546
6.5669, -726.453, 244.151
3.49157, -765.955, 5.48033
2.50003, -55.7304, -626.695
4.62608, 763.194, -643.224
4.07406, 732.278, 245.998
5.56218, 556.059, -757.567
3.83351, -106.783, -440.022
4.39881, -597.604, -38.6105
5.43397, 713.397, 227.48
5.95636, -159.222, -447.431
7.26736, -284.033, -508.911
4.89785, -321.584, -732.381
3.60319, 337.318, -614.936
5.33741, -551.61, -431.668
6.09873, 318.917, 132.095
4.4953, -474.714, 548.687
3.48326, -610.158, 775.847
6.66971, -616.944, -508.041
5.59561, -443.763, -713.778
7.26866, -216.423, 91.7969
3.23222, 39.7803, -183.093
5.38953, -183.379, -464.697
7.26796, -443.359, 581.725
3.62331, 701.861, -802.676
7.25137, -467.665, 660.683
3.07874, 758.655, -464.535
2.58372, 81.1532, -304.759
3.90465, -290.111, -155.427
7.15042, 516.024, 122.298
3.04796, 745.411, 734.262
6.77266, 40.643, 538.66
5.68532, -545.586, -586.52
5.63853, 342.02, -606.501
3.80589, 677.206, 548.143
5.13936, -710.586, 131.478
7.16608, -217.61, 727.304
3.98055, 690.916, 58.9108
4.78006, 208.441, 312.724
6.35659, -660.21, -529.794
4.17193, 283.49, 121.144
6.31775, 129.318, -689.83
6.65892, -101.651, 703.128
2.64618, -740.109, 513.08
4.31315, 611.685, -219.105
4.16221, 299.907, 424.227
3.17675, -439.669, -144.363
3.00839, -220.947, 620.227
5.11327, -520.827, 741.997
3.52046, -13.6782, -417.914
5.00728, -627.862, -560.25
5.1371, -30.3261, 727.088
4.13422, -187.789, -147.379
4.75888, 285.049, -311.232
6.85263, -58.9981, 673.799
4.72884, 527.893, 676.824
6.03726, -532.536, -570.33
6.83171, 804.893, -644.711
6.5822, 716.597, 215.301
2.67504, 782.702, 781.218
3.8644, -496.511, -235.148
5.21858, -332.92, -469.892
3.19942, -662.753, -576.049
5.57408, -664.85, -716.217
3.29182, -623.526, -627
4.41129, 174.683, 195.656
5.94997, -122.179, 153.326
3.21128, -338.282, 385.161
5.65284, -747.022, 657.984
3.15973, 128.817, 707.986
7.13583, -719.051, 218.666
5.53465, -729.177, 669.528
5.50388, -712.689, 203.152
3.33635, 464.266, -402.198
3.301, -621.071, -459.762
5.91628, 556.637, 12.7651
5.1456, -583.714, -43.0272
3.65264, -28.3477, 628.843
6.55373, -425.263, -90.6724
5.76477, -325.627, -447.396
4.08597, -667.376, -514.24
2.53953, -226.453, -627.812
3.49176, 646.44, 536.597
3.78831, 94.5067, 338.586
3.03825, 636.708, -91.5603
3.49545, 151.351, -306.916
6.75079, 807.199, -606.098
6.63912, -712.151, 265.007
6.76813, -663.869, -567.619
5.71027, 185.32, 593.926
3.6787, 710.091, -797.442
6.80638, -555.61, -590.497
5.4745, 117.04, -172.94
2.52745, 449.551, -49.5159
6.84925, -646.972, -505.561
7.37729, 483.887, 137.541
5.59653, 243.858, -19.9423
3.85574, -726.069, 140.998
7.46973, -53.7301, -372.879
4.60751, -655.508, -535.211
4.20537, -628.427, -570.31
4.80717, 289.18, 19.6331
4.44822, 185.292, -326.243
4.613, 96.9742, 541.596
2.84879, 202.795, 321.416
5.5153, 95.4719, -185.956
7.36114, -78.6384, 122.279
5.07406, -570.714, -515.59
7.45461, 660.931, -67.3057
5.84906, 502.844, -121.387
4.01716, -582.668, -29.9847
3.47371, 648.896, 514.852
4.0109, -648.288, -652.495
4.93946, -383.735, 469.4
4.72438, 490.119, 776.536
5.7844, 372.461, -633.512
3.74227, -647.918, -524.161
4.72007, 42.9027, 471.67
5.75894, -596.211, -62.0591
6.67472, -674.632, 171.388
6.03698, 138.691, 744.178
4.93928, -651.211, -523.859
6.72039, 344.93, -113.746
7.00296, -439.714, -205.923
6.33082, -656.673, -596.245
5.29453, 566.567, 815.712
2.70603, 54.0007, 73.4312
5.46749, 497.896, 139.602
2.68674, -462.25, 646.923
4.53488, 157.845, 351.663
2.84243, -787.153, -819.923
7.38558, -642.711, -730.396
2.5956, -537.349, -248.324
6.60363, -197.719, -215.712
5.2195, -390.242, 678.827
5.72828, 667.588, -290.095
3.62934, -212.969, -132.617
2.733, 724.482, -645.435
3.63154, 262.17, -512.322
4.58371, -652.526, 109.254
6.40126, 216.848, -559.374
3.72852, -728.345, 255.696
4.81411, 471.528, 130.84
6.14756, 677.847, 154.165
5.35237, -382.886, 661.072
5.45997, 800.986, 774.713
4.98425, -683.61, 165.377
3.951, 322.977, 110.613
4.71107, 46.2894, -210.105
2.53669, 747.721, -612.778
7.41683, 460.856, -263.606
2.52822, -751.895, -194.519
4.8676, -28.4932, 625.703
5.86497, -202.099, -243.887
