6.27803, -710.742, -694.376
3.5948, 58.5467, -172.382
5.89648, 367.389, -749.647
5.09708, -259.045, 767.518
2.76731, -855.979, 648.014
2.53849, 289.02, -5.78059
4.58743, -694.005, -203.324
7.15218, 207.391, 345.985
2.95982, 22.5998, 587.548
6.00595, -185.09, 222.834
3.81226, 605.526, 731.794
4.14117, 450.047, -756.756
7.45519, 352.565, 139.653
7.41275, -528.238, -270.39
5.75759, 369.648, 359.518
6.92354, 231.963, -696.79
6.33247, -161.548, -511.451
3.87453, -525.54, -109.971
4.93259, -534.642, -249.71
2.80282, 781.62, 806.259
5.08146, -76.2974, 632.524
4.96988, 761.596, -456.756
7.23882, -625.302, -476.492
4.42071, -21.0055, -651.211
5.14874, 799.621, -429.562
2.75042, 691.165, 29.91
6.63909, 466.766, 462.856
5.94228, -692.483, -566.864
6.18112, 265.593, 682.946
6.94286, 815.963, 454.169
4.25508, -340.453, -471.937
6.72991, 192.7, -18.3611
3.84659, 521.103, -126.993
4.83959, 52.9558, -186.431
3.2686, -647.586, -494.527
2.66527, 514.215, 114.516
7.2768, 38.8008, 78.8989
6.95369, 130.563, 399.053
3.29884, 499.373, 119.011
3.15214, 396.562, -535.572
2.515, -424.863, -709.72
6.0491, -678.799, -208.828
3.40448, -457.396, 688.12
5.76029, 696.714, -291.911
4.42907, 391.64, -636.192
3.23766, 65.5392, -172.873
5.45054, 593.119, 34.5299
3.24076, 121.151, 720.124
3.2091, -148.824, 779.191
4.94257, -417.13, 63.8053
3.13015, 717.235, -26.461
5.64635, -285.685, -482.28
5.60817, 236.346, -566.761
4.88216, -498.702, 550.715
2.64188, -386.819, -141.077
3.21011, 15.3944, 639.527
3.15594, -233.206, 764.313
3.31099, -753.539, 669.239
3.76529, -193.173, -661.138
4.77654, 511.772, -706.266
6.54472, -56.368, -249.796
3.57624, 259.36, 686.162
3.75063, 676.385, 353.853
5.02978, -41.411, 635.434
6.27922, 535.842, 130.052
5.66369, 717.469, -26.4233
5.9449, 521.183, -125.308
7.27207, 803.531, 424.134
5.18713, -469.905, 569.795
4.57014, -597.909, -80.1982
4.70019, 573.999, 127.485
6.07821, 633.928, 422.984
6.20858, 321.718, 458.59
5.12494, 692.506, -852.267
6.06711, -698.623, -119.829
5.91025, 362.048, 0.626014
6.82941, 780.517, -509.918
3.19597, -46.3018, 650.603
3.57766, 761.931, -211.498
5.0733, -284.766, -150.68
4.83766, 3.47962, 575.983
3.55759, -251.505, 608.636
5.65244, -629.622, 812.706
2.5044, -720.954, 194.854
4.09589, 320.388, 431.276
5.90281, 290.247, -5.45897
6.0446, 576.049, -491.508
2.90869, -702.719, 528.195
3.56926, 291.989, 408.38
4.44412, -737.65, -581.979
4.44927, 757.78, 752.775
3.92018, 325.278, -460.373
4.6123, 473.842, 472.975
2.55658, -665.064, -501.523
3.72027, 831.601, -663.311
4.49072, -662.453, 589.415
6.64177, -746.337, 265.079
3.78584, 770.216, -703.732
3.59705, -637.975, -499.539
6.47385, 291.971, 338.738
5.8476, 398.041, 362.833
5.49108, -765.629, 207.531
5.99917, -315.939, -497.216
5.13062, 481.184, -667.898
4.14833, 269.62, 112.541
3.30844, -823.685, 264.021
6.56633, 591.596, 28.698
4.08004, 353.727, 196.165
4.05369, -43.7668, -696.079
4.65424, 52.84, 87.0416
4.46509, -198.265, -526.125
4.43916, 92.2048, -168.257
4.34871, -608.575, -420.804
5.88118, 313.829, -469.213
6.10384, 283.332, -48.4097
7.20082, 3.12983, 766.301
5.08573, -91.7523, -431.761
5.5282, -142.653, 260.623
5.85049, -590.305, 795.675
5.11404, 49.8081, -101.706
3.87105, -767.762, 584.854
7.08924, 181.96, 311.671
3.73367, 745.138, -481.866
4.77876, 318.285, 444.915
3.30374, -793.105, 606.121
4.68319, 217.49, 256.496
7.45767, 353.423, 155.691
6.26931, -362.133, 377.709
4.97846, -711.931, -575.695
7.01651, -614.484, -665.395
4.68213, 500.31, 443.843
5.09239, 95.5378, -754.745
4.44866, 126.193, -574.589
5.63431, -110.903, -421.952
5.19331, 340.02, 189.034
4.35955, 549.804, -454.932
2.54674, -268.688, 270.628
6.3794, 17.4591, -639.601
2.85317, -749.689, -516.737
3.98511, 393.052, -653.807
4.78581, -50.6104, -666.552
3.25156, -95.6418, -21.4324
5.97819, 562.879, -393.411
4.15587, 355.338, 149.57
5.21197, 802.463, -752.156
2.64678, 684.366, -861.398
5.38086, 2.83763, -149.204
5.18133, 231.807, 423.118
7.36678, -687.206, -757.398
5.57063, -262.775, -480.473
5.26431, -685.32, 219.294
6.69051, -235.048, 743.801
3.75764, -469.941, 676.395
6.98957, 525.55, -135.447
5.97428, 514.449, -440.432
5.82752, -435.696, -91.8583
3.06838, -647.101, -520.104
3.37987, -752.143, 181.592
2.91253, -105.152, 127.875
6.68103, -126.686, 278.203
2.64818, 772.762, -662.331
6.34719, -41.5963, -657.391
4.29829, -454.188, 702.143
6.24626, 63.565, 497.549
6.28385, 303.367, 176.781
3.60834, -474.491, -721.25
5.58305, 234.166, 122.192
3.66846, -403.692, -233.097
6.22052, -687.572, 209.703
5.80997, -703.742, -588.677
4.9209, 812.114, -599.566
2.58972, 775.158, 109.342
4.98291, 350.77, 165.797
5.09587, 12.5487, -699.072
4.71395, -748.691, 413.064
4.14528, -68.5022, 767.852
3.52671, 433.02, -62.2352
7.19863, -81.2022, -412.939
2.85168, -540.276, 683.385
3.30042, 69.6745, -670.176
6.70788, -605.471, -76.0449
4.13614, -186.011, -201.396
6.85942, 234.043, 335.627
5.99896, 582.009, 496.721
5.52801, 773.654, -150.75
4.77536, 42.0085, -188.305
2.91543, -456.759, -166.851
3.94883, 101.397, -178.7
6.51009, -650.475, -625.783
6.81821, 291.427, 7.04658
3.81831, 310.109, -475.653
4.79881, -670.44, -240.359
4.95672, 494.642, -440.888
5.82344, -443.157, -770.701
7.31738, -562.954, -176.243
7.23022, 497.465, -662.351
2.81902, 256.492, -543.856
5.04829, -572.175, -264.955
6.13222, 712.786, 540.611
5.65882, 452.74, -227.542
3.26658, -806.289, -837.582
5.09652, -743.214, 414.961
3.52281, -445.144, 680.081
6.03231, 368.915, -764.179
6.05786, -421.273, -96.6675
3.66304, -421.296, -259.309
6.80594, 104.439, -181.075
2.67122, -6.35468, 761.069
6.26587, -739.586, 187.525
4.14789, 541.863, 138.311
4.65309, -30.985, -407.583
7.33455, 693.663, -141.872
4.05803, 672.285, 595.744
5.69762, 822.738, -721.615
5.95386, 709.705, -22.1545
5.36403, 50.2174, 588.49
6.60667, 813.184, -596.624
4.21807, -727.909, -587.798
5.09387, -721.543, -577.821
6.78438, 98.3156, -732.988
6.18587, 278.189, -21.6053
3.45992, -713.536, 232.021
2.83145, -297.049, 294.49
3.60828, 775.906, -684.638
3.33656, -111.317, -149.066
6.31172, 353.919, -738.175
5.44905, -735.22, 294.178
4.65223, 809.265, 787.133
7.09618, 572.547, -6.0359
5.09668, 348.875, 186.224
7.38058, -586.798, -90.9778
5.15714, -393.048, 34.353
2.98716, 311.479, 180.336
5.83983, 278.387, 92.2313
5.44444, 220.578, 5.44967
5.01137, -604.809, -50.4318
2.75808, -722.765, 229.95
2.6753, -188.802, -106.589
4.41484, -664.888, -533.928
5.55555, 232.465, 118.052
5.06574, 582.841, 756.614
5.98498, 319.587, 6.14243
4.89891, 50.1859, -143.525
3.88323, 71.3457, 411.688
6.01685, -403.351, 135.532
3.67701, 696.269, -34.4844
6.41501, 26.2411, -174.892
6.60589, 225.569, 671.683
3.21842, -465.794, -8.1912
5.75757, -451.53, 718.192
3.87677, 845.996, -756.371
7.26215, -470.957, 606.438
4.58238, -611.557, -74.518
3.03869, -125.629, 300.284
4.70633, -739.53, 497.513
6.28811, -370.989, -204.229
2.77803, -424.391, -253.658
3.51241, -12.998, 57.4948
6.82305, 801.511, -654.828
6.52456, -216.296, -34.81
2.78861, -651.82, -478.862
4.40304, 5.67714, -628.88
4.56124, 4.09295, 636.838
2.80071, -289.768, 301.181
7.09746, 707.345, 553.875
3.35398, 559.005, 773.919
6.51634, -754.663, 204.856
3.88599, 584.734, 8.44128
4.44586, 142.215, 723.857
7.19936, 31.1047, 605.975
6.24573, 121.84, -198.354
3.44774, -383.263, 706.825
6.89581, 338.158, 453.04
6.8953, 347.041, -691.208
3.30515, -681.122, -175.58
5.87346, -655.421, -248.037
6.89096, 603.865, 129.648
6.98262, 284.873, 424.359
3.06535, -53.0949, 640.836
5.93789, -159.776, -234.208
3.21651, -701.068, -586.562
3.6901, 262.51, 3.49693
5.64383, 776.147, -174.567
4.312, 677.199, 352.046
4.64437, 628.061, 593.585
4.91936, -21.3344, -648.764
6.20379, 66.0534, -188.304
3.23098, -411.81, 634.86
7.36238, -672.799, -605.54
7.3158, -516.534, -217.78
3.14741, -420.662, 550.883
5.3784, -227.418, -480.853
4.66439, 33.9871, -192.317
5.50066, -262.826, -210.251
5.85098, -603.688, -83.843
4.5137, 418, 844.214
6.46691, 650.987, 581.005
4.89889, -724.017, -193.08
5.72449, 307.938, 264.874
4.28836, -260.341, 602.174
5.96794, -273.68, -205.378
5.83428, -432.673, -600.008
3.22071, -470.312, 582.846
7.10415, -757.061, 236.793
4.22228, 91.2069, -190.446
6.66824, -354.031, -447.609
2.74349, 306.045, -589.188
3.27936, -239.437, 5.19549
2.55765, 280.925, 424.719
3.94327, 62.5041, 548.524
5.07295, -297.649, -148.608
3.65948, 635.408, 423.348
2.75022, -246.31, -14.2154
5.33091, -617.3, -655.914
6.69774, -45.6283, 681.965
4.28763, -671.615, -542.183
4.3452, 156.889, 782.113
7.22226, 329.339, -17.8727
4.72425, -738.776, -196.433
6.82086, 341.716, 212.912
5.82654, -701.89, -558.925
5.79297, 128.715, 584.495
7.10736, -848.36, 847.623
5.11536, 813.039, -719.182
5.45229, 385.091, -424.73
5.79944, 686.926, 569.258
4.24765, 282.197, 426.722
4.11714, 287.323, -19.1924
7.08984, -52.2948, 651.929
3.08619, 724.459, -475.465
7.31268, 563.34, -123.977
5.17978, 75.4224, -165.666
5.81447, 685.874, 589.265
5.48362, 755.76, -447.108
6.93363, -511.393, -642.686
6.67999, -629.336, -543.698
6.69339, 253.035, 127.8
6.85642, -150.175, 264.547
2.5002, -795.596, 278.389
4.77274, 387.608, 215.714
4.25696, -763.353, 204.645
5.80713, -232.023, 634.371
6.22234, -728.707, 189.591
3.3821, -164.442, -445.826
7.4621, 854.641, -630.649
5.95466, -754.183, 203.861
6.97862, 239.965, 2.36588
3.51579, 265.741, -30.6889
7.2356, -451.899, -166.561
4.88476, 768.578, -432.974
6.78578, 770.214, -614.799
6.41237, -692.321, -580.184
5.70687, 814.253, -762.574
3.14521, -696.315, 260.73
5.77944, -53.2906, 630.668
3.09199, 70.7735, -42.448
3.88793, 242.743, 693.225
6.65548, -253.894, -244.065
6.14153, -608.618, -506.678
6.74348, -634.52, 262.055
3.43989, -676.566, -775.744
6.09602, 455.312, -300.576
4.25586, 175.62, 255.253
3.34555, -419.643, -587.237
4.52383, 247.042, -595.934
4.20924, 138.349, 670.761
6.67141, 286.975, 0.874953
3.9111, 668.915, 596.601
5.16766, -640.425, -500.141
6.25085, 788.124, -803.094
4.62554, -624.546, -625.104
4.66964, -439.1, 656.57
3.03022, 776.922, -871.565
6.4639, -75.9705, -408.987
3.91232, -693.762, -521.48
7.14264, -462.754, -217.342
5.37926, 295.348, 432.922
3.4895, 678.7, -328.95
5.99081, 472.048, -628.599
3.07265, 340.871, -709.569
4.22945, 265.668, 678.504
4.15646, -457.878, -218.198
6.42735, 826.271, -768.137
6.65775, 414.679, -153.726
4.21712, -688.638, 695.197
4.2603, -223.648, 769.758
6.38197, 53.9238, -614.053
6.58658, -8.53128, 678.462
4.26157, -237.49, 233.177
7.09559, -424.688, -199.091
3.2877, 422.189, 159.708
5.56029, -414.136, 607.66
5.54222, -471.719, 583.815
3.16647, -196.908, -595.348
3.51409, -631.046, -474.086
4.79457, -714.944, 534.819
3.48759, -456.389, 689.89
6.77118, -800.539, 284.7
6.54562, -725.063, -596.009
2.80131, -806.531, 680.643
6.50584, -679.038, 573.764
5.49597, -180.415, -446.109
7.43182, -771.743, 215.949
2.65919, -79.6812, 647.606
6.8356, 773.968, -670.953
3.69109, 549.769, 260.856
3.6127, 200.906, 346.476
4.73907, -698.15, -570.517
2.61231, 801.137, -101.304
6.79755, -238.775, -53.4595
4.15902, 259.053, 370.846
5.72195, 330.404, 261.802
7.43521, -684.682, -616.085
5.30162, 286.581, -489.288
4.74553, -685.027, -180.582
5.213, 81.1037, -665.065
2.90797, 743.328, -51.3723
3.99606, -684.392, -182.775
6.63964, 684.028, 555.274
6.48936, 494.956, 763.439
5.71048, -61.9198, 708.652
4.84105, 526.969, 236.39
7.15326, -159.641, -440.385
5.08798, -254.353, 6.63437
7.42924, 803.416, -425.163
5.94567, -15.2804, -583.134
6.19966, -165.712, -442.416
3.46323, -456.093, -761.342
6.08881, -500.075, 545.635
6.11146, 569.632, -57.0479
6.49298, 253.79, 120.527
4.23216, 237.895, -813.414
5.1481, 70.3683, -277.971
3.19001, 673.768, -296.786
6.73218, -253.084, -238.796
6.32766, -36.8795, -660.859
7.5, 741.049, -462.095
4.24891, 486.521, 854.625
5.50367, -433.452, 644.301
3.50808, -430.467, 5.79261
6.2385, 27.4365, 76.6065
6.49225, 760.15, 222.829
3.03505, -654.343, 103.296
5.35813, -434.554, 5.71942
2.84683, 304.885, -324.737
4.16036, 720.565, 580.478
5.80945, 343.523, -628.451
5.27726, 6.54297, -154.706
7.12415, 205.566, 4.72614
2.69832, -400.51, 91.4837
2.62083, -225.168, 95.1681
4.61923, 231.387, -543.773
4.36987, 353.239, 211.554
2.93303, -252.345, -237.214
3.05403, -72.2495, 166.534
5.31992, 320.76, -378.049
7.37269, -1.29791, 680.056
3.05066, -46.7805, -654.379
5.99352, 133.217, 744.317
2.79674, -29.1827, -574.133
4.69755, 694.337, -34.2357
5.24651, 836.796, 653.102
3.45129, 598.637, -664.858
7.36597, 342.544, 258.966
3.19593, -623.703, -78.1769
5.48978, 766.315, -437.208
7.12812, -783.788, 701.167
3.91116, -0.171587, 766.908
6.8307, -119.827, -111.917
6.29598, -128.751, -441.527
6.10793, 316.443, 438.971
3.34241, -272.243, 301.955
3.32882, 751.053, 369.795
3.39076, -652.997, -782.04
5.87226, 263.295, -481.972
4.83484, -176.891, -127.911
6.85219, -684.565, -360.453
5.76023, -629.668, -34.7879
5.80464, 763.133, 750.192
2.58037, -565.164, -509.061
4.30596, -709.406, -546.864
3.72747, 727.965, 107.229
6.93086, -814.464, -790.012
5.23701, 780.677, 802.418
6.57209, -38.8504, -624.924
5.24453, 135.318, 750.754
4.16156, 412.089, -53.1424
4.40213, -68.7482, -583.947
2.52389, 754.351, 532.451
6.95226, -136.326, -436.238
6.16955, -417.394, 625.262
6.04239, -63.6099, 631.706
5.1278, 34.9965, -157.534
6.41065, -70.103, -651.218
3.42484, -391.34, -400.56
5.72673, 222.794, 428.133
3.42178, -538.489, -265.905
3.31214, 11.5555, -112.805
2.65594, -235.686, 785.904
7.42716, 81.6393, -684.377
4.04559, -264.546, -530.63
4.11075, -550.098, -236.643
5.51155, 254.792, -122.362
2.89107, -281.946, -768.536
3.93936, 39.9634, 70.396
5.79307, -171.425, -436.069
7.36348, -765.542, -362.788
7.27758, -362.121, -646.488
7.42745, -549.596, -259.918
7.30478, -718.461, -524.576
3.0073, -425.203, 638.71
3.71505, -158.224, -456.712
6.91151, 135.271, -247.329
5.28805, 315.659, 442.693
6.7669, 683.3, 594.511
7.49145, -452.473, 598.291
3.99751, -196.726, -590.739
6.33157, 818.117, 453.938
4.81901, 230.281, -133.108
6.8168, -621.076, -667.113
6.99018, 766.113, -131.628
7.377, 224.474, -388.127
2.77405, 516.873, 130.935
6.32605, 800.901, -702.716
5.09219, -788.819, 653.468
3.46574, 804.331, -133.609
6.98252, 258.726, -550.015
6.38492, -773.912, 152.186
2.75968, 323.639, 510.903
7.47331, -758.966, 662.683
5.93659, -96.3277, -416.558
5.94854, 792.624, 476.328
6.57666, -508.444, 704.026
7.05426, -121.12, -428.221
3.34218, -156.267, 263.55
5.24183, -528.438, 683.386
6.53351, -414.272, -206.837
4.17803, 317.843, -474.095
5.53435, -94.2564, -14.9954
6.59602, -666.561, 249.588
7.3485, 36.5543, -190.851
6.29349, 592.889, 504.529
3.72113, -125.137, -114.92
5.80589, -573.099, 320.45
4.21574, -510.529, -229.36
7.27146, 306.615, -331.082
2.60828, 713.31, 570.258
4.54979, -846.963, 824.32
2.55789, 490.061, -682.359
3.04964, 765.406, 231.408
5.28259, -791.728, 157.248
4.45466, 76.0702, -128.618
7.20539, -1.44395, -135.99
2.55572, 180.73, 390.872
6.22897, -150.396, -446.774
3.84293, 276.126, 100.567
4.27153, -600.216, -576.796
3.45835, -411.558, 645.642
5.14832, 297.544, -0.0188878
4.39478, -33.4851, -663.016
3.16407, -111.237, -709.203
4.26563, -176.038, -432.677
4.2497, 757.449, 820.444
7.41084, 520.58, -62.6695
5.25961, 112.985, -264.453
4.99918, 26.8957, -635.555
3.58531, -735.502, 275.506
4.37311, -109.76, -424.808
6.78251, -643.868, -495.446
6.45578, 791.292, -470.042
3.9204, -540.976, 684.386
5.07645, 292.039, 203.526
6.79238, -237.849, -0.661041
7.07844, -700.507, -241.845
7.48941, 114.795, 719.741
6.53177, 22.2791, -166.852
5.22718, -762.829, -214.086
7.3461, 94.5891, -681.003
5.31931, -549.087, 355.184
4.03031, -404.281, 648.83
5.41853, 731.705, 737.725
2.91197, 105.421, -183.556
5.47382, 311.719, 489.261
3.31968, -680.448, -535.402
6.46527, -665.113, -507.77
2.95373, 604.402, 598.431
6.3072, -518.851, -637.389
6.83996, -240.573, -62.7504
6.40105, 112.604, -241.318
6.61399, 749.527, 762.548
6.70974, 275.651, 515.044
4.48328, 355.625, 151.398
6.508, -102.036, 125.699
6.56811, 323.865, 39.7755
5.43493, -389.722, 49.9804
4.64621, 720.522, -69.4116
2.5002, -126.277, -364.686
5.31153, -788.243, 283.97
6.22632, 341.633, 209.954
3.89846, 759.397, 216.459
2.93406, -788.751, 500.786
3.5733, 832.191, -743.117
3.93296, -397.295, 670.857
4.86595, -389.495, 441.942
6.95893, 786.979, 753.745
5.91955, 485.239, -430.347
3.54376, 46.4181, -203.168
6.67533, 778.98, -34.0779
7.09218, 832.566, 838.259
4.48244, -497.757, -658.728
6.37858, 460.001, 440.489
5.68161, -83.6721, -84.2887
6.64746, 333.97, 139.603
3.40204, 481.098, -430.898
7.45927, 497.054, -665.829
6.70558, -101.257, -666.624
4.65177, 785.608, 195.244
4.38589, 505.829, 786.116
2.70802, 501.256, -428.145
6.80715, -590.037, -445.701
6.62116, 797.52, -787.563
6.25052, -43.8682, 611.256
3.55801, -193.915, 754.361
4.31029, -729.034, -242.826
4.43545, -711.417, -587.464
7.32918, 617.588, 572.828
6.5872, -72.4209, 626.128
4.5755, -26.4587, 400.714
5.83759, 259.093, 130.23
2.52101, 484.26, 847.251
6.98048, -682.724, 220.911
3.68416, -298.941, 303.476
3.79415, 291.74, -215.048
5.4939, 361.758, -621.265
6.89823, -724.704, 274.46
6.16299, -650.879, -459.268
6.0773, 666.866, 535.963
3.57724, -504.721, 516.827
6.30413, 714.545, -832.349
3.85351, -201.582, -502.841
2.75246, 497.054, 213.789
4.78866, 331.3, 281.268
2.58759, 440.102, -602.047
3.01129, 17.1937, -161.394
2.639, -237.57, 229.454
5.65921, -357.575, -483.713
6.34425, 41.6092, -184.959
2.74132, 466.469, -635.972
6.6924, -47.4976, -626.903
6.76899, -201.883, -174.491
6.57649, -507.145, 549.225
6.85188, 743.843, 351.141
5.27222, -537.136, -189.09
6.12646, -221.175, -39.7615
3.20424, -466.631, 679.766
6.6115, 479.638, -457.686
5.51185, 553.075, -125.686
4.93856, 449.346, -751.329
6.14942, -178.724, 700.476
4.05164, 765.252, -619.722
3.93925, -732.585, 251.919
5.45857, -770.291, 688.187
5.34055, 540.535, 717.771
5.41059, -731.749, -521.898
2.84132, -746.53, 185.734
4.34304, 110.149, -233.902
6.28475, -699.212, -574.341
6.35297, -439.297, -742.687
4.27217, -387.122, -214.918
5.98913, 145.726, 740.122
5.08005, -547.372, -257.327
5.94494, 264.259, 134.411
6.18066, -67.13, 707.064
2.56231, -291.263, -556.138
7.16549, 522.705, -60.4542
5.37826, 224.18, 107.205
3.05587, 487.797, 769.86
4.87388, -105.846, -1.30806
3.24247, 301.923, 132.325
4.22594, 170.245, 387.95
7.04476, -760.165, 222.91
4.54571, 46.0791, 489.589
5.96642, -613.052, -52.5416
3.35865, 397.543, -681.593
6.21715, 771.9, -405.066
4.16319, -418.997, 625.981
4.62157, 523.832, 258.767
2.79523, -236.988, 15.6644
5.09005, 215.901, -142.966
5.94425, 370.913, -499.043
5.01149, -238.649, -52.5621
6.56617, -155.323, -651.274
3.07974, 134.152, -772.986
5.24841, 321.592, 420.341
5.06046, 285.298, -20.1963
6.02649, 789.374, 437.18
5.65083, -265.312, 751.243
4.0207, -33.2354, -673.383
6.74719, 335.303, 207.777
3.39619, 548.731, -20.249
2.61737, -432.906, -88.6009
4.19467, 591.708, 6.15562
3.43818, 284.576, -42.8098
6.60467, -227.627, 118.094
6.72507, -728.438, -204.624
6.78031, 780.415, -663.275
7.37454, -796.494, 606.728
2.99587, 380.306, -425.442
2.56182, 582.424, 552.251
2.58614, 255.515, 378.429
2.64527, 258.469, 118.216
4.1031, 109.68, -263.86
6.17815, 552.933, 267.79
3.14876, 235.445, 417.816
2.5161, -341.906, 410.266
6.91905, 80.8188, -653.283
3.70482, 266.093, -524.727
4.38481, -772.604, 679.928
4.44879, 545.44, 130.247
2.81534, 566.082, 285.788
7.30792, 157.603, 684.823
3.75349, 702.734, -275.817
6.85376, -612.96, -54.8652
2.85991, -729.374, 308.21
2.70653, -424.137, 516.224
3.46378, 266.218, -492.356
3.86708, -287.02, 303.473
7.4007, -799.947, -338.873
3.60607, 325.834, -463.898
6.43119, -791.813, 729.705
4.42306, 201.495, -351.417
3.78593, 370.831, -607.058
3.91087, -731.191, 215.217
7.33834, 719.375, -45.2518
4.22841, 575.566, 114.16
3.45922, -709.2, 637.964
5.05037, -534.503, -307.336
5.21857, -454.489, 613.236
5.72333, -627.152, -547.622
3.89738, -68.278, 656.099
3.41887, -280.38, -551.411
2.71579, -718.491, 275.031
3.98408, -471.573, -272.949
4.25548, -238.097, 123.623
7.09372, -435.128, 593.193
5.81225, 473.145, -287.23
5.08041, 690.654, 566.553
4.03763, 450.073, 458.094
3.0007, -212.657, 136.156
3.47502, 316.859, -753.786
4.11407, 65.3665, -261.803
5.56182, 759.91, 104.064
5.13511, 833.004, -820.191
3.45653, 355.133, 205.452
4.7178, -631.498, -441.578
4.48693, -515.795, 688.83
6.28051, -601.974, 714.292
6.6213, 692.483, 584.725
5.51573, 77.8606, -333.028
3.04573, 472.203, -632.494
4.11797, 395.781, -191.806
5.03403, 79.4658, 269.003
4.76521, -503.248, 687.551
4.77315, -155.663, -445.225
4.91125, 825.181, 844.163
5.07896, 344.506, -637.158
4.50207, 151.844, 727.517
4.22945, 704.248, 329.251
6.64533, 772.925, -171.637
3.02204, -628.153, -651.499
6.40057, 459.483, 472.737
3.19919, -270.522, -213.074
2.62171, -666.575, -525.867
6.0664, 373.467, -575.697
7.15538, 91.2432, -667.411
7.47667, 282.813, 80.3395
3.86264, -727.352, 186.711
3.6923, -455.101, -218.93
3.87328, 698.486, 546.954
5.70836, -691, -573.225
5.17637, 290.749, 130.993
6.8967, 676.57, -325.545
6.75968, -608.078, -657.291
2.98004, 687.921, -2.31407
4.66818, -701.423, 211.858
3.17045, -96.6841, -676.082
5.86802, -165.5, 249.596
5.34964, -132.067, -384.177
3.66474, -402.031, 660.375
5.50306, 254.148, -538.877
2.6551, -559.53, -13.886
7.08512, 461.646, -294.209
3.82958, 799.13, -103.281
6.50016, -171.753, -484.2
5.46389, 88.4929, -636.631
5.0822, 316.216, 492.63
5.2567, 337.577, 485.184
3.47225, 423.859, -191.878
5.36152, 118.969, -701.355
3.81992, 176.167, 335.58
4.41648, -762.359, 496.635
2.73626, -613.417, -811.74
4.22823, 490.246, -684.752
3.61594, 564.356, -386.767
3.81264, -40.4639, -676.797
3.05141, -363.766, -461.329
7.40088, -667.237, -72.7497
5.93794, 697.016, 591.08
5.82158, -534.465, -300.511
5.99501, -609.569, -589.43
2.68746, -671.25, -606.078
3.6706, -596.225, -565.721
3.95397, 735.49, 547.88
3.50543, 14.8318, -146.458
2.7177, 329.274, 228.681
2.56571, -396.412, 660.675
6.07297, -492.46, 732.878
6.88348, -729.18, -562.945
5.35088, -751.823, 375.368
6.92743, 805.301, 768.111
5.20042, -396.594, -213.916
3.31357, 833.82, -702.402
3.30492, 889.118, 455.167
7.19182, 337.554, 282.736
3.45628, 519.426, -666.347
3.15761, 15.2417, -211.545
4.41122, -227.201, -61.614
6.12674, 251.192, -119.943
2.50651, 584.88, 754.827
4.60222, -77.7205, 635.54
5.18984, 257.108, -106.886
4.86596, -185.638, 213.236
6.33003, 587.075, 753.229
2.9396, 485.213, -415.111
7.04284, 199.971, 267.46
3.20818, -669.692, -444.697
2.54782, 319.067, 27.4281
2.82267, 285.685, 409.4
4.96742, 305.568, 217.259
5.40914, 492.885, 818.9
4.03373, -773.58, 535.676
4.57091, 712.902, -30.4502
4.33401, -623.422, -529.163
3.42687, 147.844, 586.356
2.76788, 510.412, 130.794
4.47222, 441.251, -70.2556
3.98388, -310.761, -207.57
5.05388, -362.44, 704.926
3.75392, -690.913, 220.075
5.01589, 831.002, 810.617
2.51168, -46.0617, 625.743
7.01807, 734.267, -452.826
2.79181, -821.179, -793.909
5.17506, -500.86, 713.849
3.95754, -368.646, 702.822
7.3023, -686.722, -174.584
4.73406, 248.505, -50.0677
5.08479, 735.672, 192.428
5.93861, -224.226, 10.2745
2.72187, -144.536, -16.9982
7.2946, -709.575, 543.772
5.70852, 374.76, 149.943
2.80215, 353.201, -589.996
3.33964, 173.42, 271.781
5.76491, 404.676, -133.689
6.19864, -770.611, 316.056
3.57011, 768.616, 226.158
4.31441, 146.251, -626.045
6.56981, -601.668, 828.19
5.32057, 742.383, -410.264
7.45886, -17.3824, -667.855
6.5669, -768.201, 281.72
3.49157, -810.793, -0.0164081
2.50003, -79.2714, -675.76
4.62608, 781.261, -684.51
4.07406, 758.356, 215.792
5.56218, 566.76, -793.009
3.83351, -154.034, -458.137
4.39881, -618.886, -77.6065
5.43397, 753.616, 224.827
5.95636, -183.624, -475.13
7.26736, -304.079, -518.585
4.89785, -319.89, -773.695
3.60319, 344.945, -604.548
5.33741, -568.064, -434.45
6.09873, 301.657, 172.996
4.4953, -500.12, 545.557
3.48326, -628.416, 816.353
6.66971, -593.716, -573.156
5.59561, -438.993, -747.155
7.26866, -229.973, 106.477
3.23222, 44.6811, -202.693
5.38953, -132.115, -431.801
7.26796, -441.847, 577.182
3.62331, 693.352, -826.198
7.25137, -460.996, 701.868
3.07874, 781.676, -473.773
2.58372, 90.2036, -271.378
3.90465, -298.529, -158.203
7.15042, 511.965, 122.264
3.04796, 729.341, 751.206
6.77266, 47.4259, 568.716
5.68532, -565.006, -633.394
5.63853, 360.314, -624.19
3.80589, 702.121, 558.391
5.13936, -754.338, 114.858
7.16608, -221.723, 756.262
3.98055, 739.893, 63.1057
4.78006, 195.855, 334.333
6.35659, -617.555, -543.939
4.17193, 290.306, 116.585
6.31775, 99.2363, -731.378
6.65892, -86.7835, 763.168
2.64618, -740.023, 530.26
4.31315, 631.881, -228.545
4.16221, 290.156, 411.76
3.17675, -469.235, -161.584
3.00839, -221.265, 612.632
5.11327, -550.326, 746.696
3.52046, 6.57849, -441.379
5.00728, -723.845, -566.624
5.1371, -36.8338, 774.532
4.13422, -180.146, -176.283
4.75888, 276.585, -327.971
6.85263, -66.7993, 730.279
4.72884, 534.939, 719.201
6.03726, -516.507, -642.585
6.83171, 835.533, -665.314
6.5822, 760.874, 230.893
2.67504, 783.405, 781.798
3.8644, -547.928, -256.096
5.21858, -346.775, -462.996
3.19942, -702.687, -570.176
5.57408, -686.144, -753.246
3.29182, -610.086, -630.913
4.41129, 153.908, 199.576
5.94997, -127.203, 155.284
3.21128, -344.486, 404.3
5.65284, -796.125, 670.809
3.15973, 139.901, 733.524
7.13583, -685.052, 200.936
5.53465, -782.322, 682.699
5.50388, -739.574, 264.252
3.33635, 486.297, -446.983
3.301, -674.815, -427.251
5.91628, 566.798, 9.39722
5.1456, -610.724, -55.7234
3.65264, -42.4782, 636.348
6.55373, -443.955, -69.7748
5.76477, -333.565, -465.849
4.08597, -657.399, -548.008
2.53953, -238.043, -672.294
3.49176, 669.235, 527.068
3.78831, 71.4055, 346.514
3.03825, 691.092, -71.5688
3.49545, 143.98, -333.471
6.75079, 808.865, -645.706
6.63912, -767.966, 247.777
6.76813, -717.067, -564.227
5.71027, 221.79, 633.303
3.6787, 690.525, -832.323
6.80638, -523.511, -624.061
5.4745, 73.6238, -197.389
2.52745, 470.077, -47.8838
6.84925, -649.295, -495.435
7.37729, 515.146, 115.986
5.59653, 292.922, -23.844
3.85574, -726.338, 179.638
7.46973, -88.9047, -408.829
4.60751, -632.184, -489.217
4.20537, -729.734, -564.893
4.80717, 278.314, -27.8651
4.44822, 195.189, -333.995
4.613, 85.355, 531.172
2.84879, 170.405, 317.11
5.5153, 109.227, -163.741
7.36114, -66.4058, 142.404
5.07406, -613.364, -489.529
7.45461, 710.703, -89.8181
5.84906, 524.807, -140.351
4.01716, -584.927, 1.99304
3.47371, 709.864, 544.071
4.0109, -687.723, -710.951
4.93946, -383.306, 468.362
4.72438, 494.976, 820.911
5.7844, 367.476, -681.057
3.74227, -712.418, -546.723
4.72007, 31.0577, 473.755
5.75894, -586.76, -71.5043
6.67472, -668.791, 175.075
6.03698, 147.119, 775.391
4.93928, -710.232, -533.95
6.72039, 354.64, -138.875
7.00296, -455.47, -224.812
6.33082, -664.34, -582.055
5.29453, 585.83, 840.805
2.70603, 33.6487, 85.1521
5.46749, 529.561, 147.859
2.68674, -520.943, 692.229
4.53488, 140.56, 380.211
2.84243, -821.487, -837.833
7.38558, -678.179, -769.707
2.5956, -525.266, -272.26
6.60363, -195.365, -224.692
5.2195, -370.427, 702.244
5.72828, 707.311, -291.593
3.62934, -220.452, -115.456
2.733, 761.378, -643.249
3.63154, 250.087, -510.807
4.58371, -648.794, 116.52
6.40126, 213.916, -582.502
3.72852, -728.479, 309.742
4.81411, 509.473, 129.149
6.14756, 733.771, 192.52
5.35237, -364.227, 686.303
5.45997, 831.454, 810.125
4.98425, -747.746, 164.192
3.951, 361.019, 105.032
4.71107, 52.505, -189.194
2.53669, 776.393, -560.337
7.41683, 465.752, -288.287
2.52822, -761.171, -193.393
4.8676, -41.5244, 622.854
5.86497, -231.433, -228.837
