6.27803, -736.237, -995.243
3.5948, 62.3794, -85.8557
5.89648, 359.484, -903.772
5.09708, -234.73, 874.142
2.76731, -932.584, 658.23
2.53849, 332.898, 56.8706
4.58743, -859.955, -232.456
7.15218, 178.363, 375.127
2.95982, 51.9619, 692.065
6.00595, -160.966, 317.466
3.81226, 526.969, 818.218
4.14117, 471.793, -902.346
7.45519, 510.591, 262.291
7.41275, -507.489, -272.165
5.75759, 504.746, 443.887
6.92354, 262.644, -851.711
6.33247, -122.577, -451.692
3.87453, -518.025, -48.2448
4.93259, -673.551, -304.564
2.80282, 820.19, 790.954
5.08146, 8.00662, 805.471
4.96988, 969.484, -362.695
7.23882, -815.685, -468.455
4.42071, -12.2581, -840.383
5.14874, 824.956, -447.948
2.75042, 878.195, -66.348
6.63909, 541.582, 535.214
5.94228, -962.87, -746.904
6.18112, 258.953, 735.406
6.94286, 991.031, 450.284
4.25508, -383.168, -534.564
6.72991, 182.409, 26.1704
3.84659, 664.721, -162.946
4.83959, 73.8692, -175.494
3.2686, -643.608, -427.033
2.66527, 609.894, 142.323
7.2768, -5.40112, 71.9101
6.95369, 109.873, 494.583
3.29884, 680.639, 247.965
3.15214, 428.906, -573.043
2.515, -451.797, -816.552
6.0491, -953.67, -176.417
3.40448, -514.954, 871.305
5.76029, 772.731, -362.462
4.42907, 364.7, -698.603
3.23766, -7.74208, -228.392
5.45054, 684.447, 172.801
3.24076, 118.253, 909.625
3.2091, -181.694, 963.613
4.94257, -493.618, 127.971
3.13015, 910.285, -67.7876
5.64635, -359.078, -597.874
5.60817, 301.122, -743.647
4.88216, -500.961, 603.268
2.64188, -579.609, -241.653
3.21011, -141.519, 801.547
3.15594, -180.53, 891.472
3.31099, -821.617, 758.792
3.76529, -268.451, -853.937
4.77654, 572.47, -733.719
6.54472, -94.644, -300.096
3.57624, 302.605, 859.602
3.75063, 816.92, 362.562
5.02978, -58.0269, 720.77
6.27922, 634.882, 190.527
5.66369, 905.972, -70.2597
5.9449, 640.677, -126.583
7.27207, 970.836, 407.851
5.18713, -423.263, 709.467
4.57014, -789.43, 28.264
4.70019, 751.645, 155.105
6.07821, 736.713, 458.782
6.20858, 409.785, 598.67
5.12494, 770.927, -959.979
6.06711, -866.523, -74.0706
5.91025, 334.414, -21.7407
6.82941, 832.082, -599.327
3.19597, 85.7756, 776.279
3.57766, 972.789, -100.616
5.0733, -365.528, -110.693
4.83766, -119.158, 754.685
3.55759, -267.76, 611.971
5.65244, -690.615, 986.757
2.5044, -979.831, 214.744
4.09589, 453.153, 544.818
5.90281, 363.546, -157.553
6.0446, 671.054, -587.667
2.90869, -809.048, 655.375
3.56926, 265.806, 533.053
4.44412, -835.16, -571.62
4.44927, 899.294, 903.136
3.92018, 382.995, -461.106
4.6123, 565.366, 551.681
2.55658, -615.202, -434.898
3.72027, 940.167, -617.118
4.49072, -722.616, 645.249
6.64177, -647.364, 201.462
3.78584, 973.275, -686.608
3.59705, -804.879, -535.72
6.47385, 390.372, 268.862
5.8476, 503.306, 391.804
5.49108, -889.896, 281.902
5.99917, -363.466, -543.139
5.13062, 526.467, -762.117
4.14833, 185.071, 101.217
3.30844, -714.551, 403.443
6.56633, 718.586, -28.4603
4.08004, 478.361, 115.247
4.05369, 54.9551, -731.303
4.65424, 35.3964, 170.698
4.46509, -247.719, -477.135
4.43916, -49.4521, -113.299
4.34871, -838.981, -442.905
5.88118, 343.149, -493.243
6.10384, 453.723, 28.0942
7.20082, -70.3247, 893.452
5.08573, -79.4162, -357.516
5.5282, -194.361, 322.993
5.85049, -694.574, 978.161
5.11404, 81.3406, -309.335
3.87105, -959.756, 649.22
7.08924, 94.1974, 285.249
3.73367, 935.618, -463.534
4.77876, 385.193, 684.362
3.30374, -954.015, 640.289
4.68319, 413.645, 410.081
7.45767, 498.914, 168.376
6.26931, -439.443, 390.988
4.97846, -986.711, -655.822
7.01651, -658.303, -839.126
4.68213, 492.645, 562.496
5.09239, 168.547, -983.19
4.44866, 88.1956, -862.26
5.63431, -224.407, -568.079
5.19331, 415.661, 318.137
4.35955, 632.334, -438.534
2.54674, -368.732, 364.715
6.3794, 41.1781, -789.152
2.85317, -887.454, -560.502
3.98511, 445.433, -679.606
4.78581, -46.2276, -890.428
3.25156, -94.4078, 41.2465
5.97819, 669.237, -431.148
4.15587, 367.221, 157.056
5.21197, 971.088, -881.559
2.64678, 718.917, -987.139
5.38086, -23.1522, -237.027
5.18133, 366.506, 474.298
7.36678, -757.476, -924.846
5.57063, -297.867, -620.032
5.26431, -745.961, 211.866
6.69051, -274.398, 906.68
3.75764, -486.388, 938.242
6.98957, 624.54, -144.979
5.97428, 512.053, -503.005
5.82752, -473.048, -95.5519
3.06838, -579.743, -769.724
3.37987, -982.328, 94.7355
2.91253, -136.185, 195.618
6.68103, -247.224, 371.96
2.64818, 940.576, -765.092
6.34719, -1.29097, -851.117
4.29829, -502.774, 866.156
6.24626, 2.5703, 535.044
6.28385, 362.802, 341.458
3.60834, -537.816, -923.437
5.58305, 305.083, 127.356
3.66846, -549.7, -253.475
6.22052, -669.257, 303.844
5.80997, -910.285, -685.393
4.9209, 904.283, -746.788
2.58972, 828.094, 238.981
4.98291, 446.77, 198.73
5.09587, -111.808, -887.549
4.71395, -873.807, 530.959
4.14528, -61.8689, 949.536
3.52671, 485.117, -107.305
7.19863, -250.79, -652.735
2.85168, -497.445, 927.175
3.30042, 51.7907, -747.409
6.70788, -785.951, 34.7867
4.13614, -162.384, -275.181
6.85942, 157.933, 427.503
5.99896, 671.497, 515.976
5.52801, 869.184, -220.428
4.77536, 79.5267, -268.113
2.91543, -518.846, -180.134
3.94883, -55.2041, -149.104
6.51009, -570.613, -786.97
6.81821, 335.776, 59.1464
3.81831, 421.479, -511.147
4.79881, -836.146, -235.748
4.95672, 609.193, -525.912
5.82344, -467.263, -989.5
7.31738, -626.869, -153.702
7.23022, 583.339, -734.7
2.81902, 223.351, -655.782
5.04829, -409.696, -307.403
6.13222, 668.297, 657.842
5.65882, 600.904, -339.22
3.26658, -915.432, -908.634
5.09652, -866.715, 540.956
3.52281, -556.668, 855.029
6.03231, 399.991, -820.908
6.05786, -474.549, -14.9954
3.66304, -573.444, -233.532
6.80594, -62.0955, -132.801
2.67122, -109.493, 950.51
6.26587, -935.609, 51.722
4.14789, 643.279, 169.436
4.65309, 71.3811, -533.736
7.33455, 968.478, -193.69
4.05803, 733.049, 695.576
5.69762, 988.111, -700.934
5.95386, 867.642, -61.8533
5.36403, 79.4952, 628.771
6.60667, 891.795, -683.682
4.21807, -901.264, -678.879
5.09387, -809.78, -775.439
6.78438, 122.476, -951.264
6.18587, 345.899, 40.2789
3.45992, -944.29, 388.106
2.83145, -308.131, 340.49
3.60828, 842.539, -716.556
3.33656, 170.445, -235.105
6.31172, 382.06, -933.441
5.44905, -843.447, 424.357
4.65223, 859.723, 853.121
7.09618, 660.511, 12.1437
5.09668, 444.445, 189.164
7.38058, -678.694, -21.1673
5.15714, -453.008, 147.074
2.98716, 334.199, 392.911
5.83983, 218.332, 98.6169
5.44444, 139.529, -25.1445
5.01137, -699.864, -111.657
2.75808, -932.529, 459.82
2.6753, -348.5, 30.9818
4.41484, -786.046, -513.136
5.55555, 187.825, 103.203
5.06574, 544.038, 868.657
5.98498, 302.506, -26.3848
4.89891, -25.1734, -185.51
3.88323, 68.3152, 421.811
6.01685, -439.195, 209.394
3.67701, 874.922, 58.1373
6.41501, 187.728, -176.034
6.60589, 360.731, 836.972
3.21842, -535.648, 53.4078
5.75757, -488.682, 809.87
3.87677, 869.769, -986.295
7.26215, -431.405, 716.182
4.58238, -751.793, 14.0409
3.03869, -126.675, 403.332
4.70633, -798.358, 531.592
6.28811, -419.084, -302.749
2.77803, -338.608, -320.074
3.51241, -27.9954, 144.837
6.82305, 942.111, -778.983
6.52456, -265.528, -11.9639
2.78861, -679.371, -673.098
4.40304, -64.2996, -701.443
4.56124, -146.452, 765.148
2.80071, -381.581, 302.507
7.09746, 804.846, 647.215
3.35398, 537.995, 804.125
6.51634, -932.188, 153.466
3.88599, 723.884, 45.9912
4.44586, 172.776, 738.285
7.19936, 53.0229, 623.604
6.24573, 160.978, -164.171
3.44774, -325.021, 759.876
6.89581, 436.141, 485.126
6.8953, 417.845, -850.586
3.30515, -806.61, -263.981
5.87346, -804.472, -166.193
6.89096, 627.626, 126.523
6.98262, 258.422, 526.727
3.06535, -25.2443, 754.705
5.93789, -233.71, -253.22
3.21651, -839.615, -763.127
3.6901, 414.486, -44.6243
5.64383, 947.211, -218.072
4.312, 816.935, 362.301
4.64437, 588.458, 717.675
4.91936, -8.47121, -840.113
6.20379, -3.46445, -107.663
3.23098, -391.68, 867.58
7.36238, -833.439, -773.102
7.3158, -515, -192.215
3.14741, -601.392, 665.067
5.3784, -319.338, -606.858
4.66439, 170.474, -122.702
5.50066, -239.822, -258.011
5.85098, -698.797, -132.825
4.5137, 396.503, 987.912
6.46691, 640.052, 694.975
4.89889, -976.622, -250.72
5.72449, 296.872, 276.689
4.28836, -246.296, 599.228
5.96794, -330.466, -220.615
5.83428, -416.975, -705.028
3.22071, -377.958, 711.484
7.10415, -982.082, 220.995
4.22228, 32.04, -235.827
6.66824, -415.571, -470.101
2.74349, 270.63, -747.712
3.27936, -249.908, -65.2195
2.55765, 331.303, 509.064
3.94327, 120.994, 588.817
5.07295, -346.985, -172.81
3.65948, 682.726, 437.711
2.75022, -241.921, -69.2925
5.33091, -595.659, -846.685
6.69774, -152.677, 673.93
4.28763, -649.398, -429.832
4.3452, 165.186, 871.098
7.22226, 256.227, -73.3792
4.72425, -910.097, -181.011
6.82086, 494.373, 186.75
5.82654, -789.072, -736.257
5.79297, 164.718, 665.437
7.10736, -960.057, 961.942
5.11536, 948.871, -619.051
5.45229, 439.191, -442.064
5.79944, 668.131, 666.574
4.24765, 287.311, 460.862
4.11714, 342.892, 51.0792
7.08984, -108.38, 738.814
3.08619, 903.776, -445.972
7.31268, 675.029, -170.695
5.17978, 48.6081, -330.841
5.81447, 854.446, 634.515
5.48362, 897.896, -502.77
6.93363, -506.211, -745.663
6.67999, -667.844, -607.396
6.69339, 246.763, 203.38
6.85642, -213.859, 340.167
2.5002, -769.697, 340.565
4.77274, 258.675, 350.444
4.25696, -932.739, 152.542
5.80713, -257.88, 708.757
6.22234, -875.612, 152.815
3.3821, -123.675, -452.609
7.4621, 794.513, -812.775
5.95466, -932.089, 171.168
6.97862, 142.991, -13.4348
3.51579, 371.981, -132.644
7.2356, -457.354, -36.3154
4.88476, 884.571, -504.562
6.78578, 920.947, -747.235
6.41237, -979.41, -556.672
5.70687, 909.057, -908.647
3.14521, -724.109, 148.383
5.77944, 4.30957, 649.995
3.09199, 53.1975, 9.23512
3.88793, 335.183, 803.774
6.65548, -221.924, -227.175
6.14153, -751.798, -513.308
6.74348, -597.99, 295.766
3.43989, -781.309, -941.693
6.09602, 557.958, -279.345
4.25586, 159.6, 332.39
3.34555, -415.956, -688.877
4.52383, 337.001, -547.435
4.20924, 159.228, 770.458
6.67141, 391.474, -125.68
3.9111, 697.952, 584.189
5.16766, -666.88, -474.206
6.25085, 992.954, -852.504
4.62554, -690.617, -761.996
4.66964, -568.747, 547.62
3.03022, 857.538, -931.951
6.4639, -39.3597, -465.961
3.91232, -573.752, -483.126
7.14264, -582.838, -236.116
5.37926, 247.1, 512.45
3.4895, 818.369, -289.938
5.99081, 573.568, -752.2
3.07265, 495.176, -958.614
4.22945, 305.606, 786.839
4.15646, -589.594, -236.081
6.42735, 828.287, -961.418
6.65775, 459.467, -212.72
4.21712, -739.603, 754.832
4.2603, -273.895, 889.799
6.38197, 149.056, -827.741
6.58658, -12.4551, 687.901
4.26157, -130.389, 282.175
7.09559, -428.605, -301.115
3.2877, 492.117, 254.064
5.56029, -484.664, 566.245
5.54222, -377.796, 711.099
3.16647, -251.721, -745.147
3.51409, -745.142, -478.16
4.79457, -856.538, 501.263
3.48759, -525.939, 930.273
6.77118, -846.288, 380.467
6.54562, -759.648, -692.137
2.80131, -906.187, 885.47
6.50584, -718.799, 653.107
5.49597, -193.94, -542.968
7.43182, -890.45, 306.654
2.65919, -161.195, 641.842
6.8356, 944.64, -765.385
3.69109, 668.106, 348.746
3.6127, 174.411, 430.813
4.73907, -986.374, -550.058
2.61231, 863.57, -179.057
6.79755, -259.763, 15.4624
4.15902, 213.09, 590.17
5.72195, 305.783, 251.287
7.43521, -944.661, -483.186
5.30162, 284.574, -583.52
4.74553, -757.893, -246.271
5.213, 167.506, -723.092
2.90797, 773.075, -32.8318
3.99606, -814.886, -270.752
6.63964, 821.678, 677.693
6.48936, 625.232, 936.206
5.71048, -103.381, 679.824
4.84105, 630.449, 385.972
7.15326, -198.588, -609.323
5.08798, -246.737, -74.8599
7.42924, 797.7, -538.766
5.94567, -80.2591, -722.375
6.19966, -180.661, -449.085
3.46323, -392.662, -933.763
6.08881, -452.655, 623.891
6.11146, 569.974, -180.552
6.49298, 266.683, 153.702
4.23216, 255.23, -995.845
5.1481, -15.9065, -60.6148
3.19001, 715.972, -360.309
6.73218, -224.75, -208.723
6.32766, -83.6427, -884.014
7.5, 923.315, -418.84
4.24891, 482.881, 991.676
5.50367, -600.58, 590.256
3.50808, -496.009, 83.8755
6.2385, 28.9832, 153.188
6.49225, 975.176, 216.328
3.03505, -705.765, 109.184
5.35813, -507.111, 47.2277
2.84683, 359.651, -335.499
4.16036, 746.304, 689.601
5.80945, 486.338, -707.712
5.27726, 169.608, -190.416
7.12415, 228.91, -11.6916
2.69832, -485.305, 226.122
2.62083, -311.068, 239.651
4.61923, 215.191, -656.343
4.36987, 460.902, 135.663
2.93303, -232.532, -247.916
3.05403, -158.987, 170.029
5.31992, 367.578, -347.492
7.37269, 60.5709, 741.688
3.05066, -45.8986, -886.347
5.99352, 99.0597, 980.106
2.79674, -50.4942, -741.715
4.69755, 835.257, -107.695
5.24651, 991.365, 715.695
3.45129, 690.924, -749.807
7.36597, 314.575, 326.701
3.19593, -677.872, -62.8573
5.48978, 938.713, -432.253
7.12812, -872.437, 704.027
3.91116, -80.2638, 885.558
6.8307, -141.658, -82.8585
6.29598, -226.814, -599.946
6.10793, 360.49, 617.433
3.34241, -376.5, 370.099
3.32882, 834.814, 373.357
3.39076, -647.406, -988.752
5.87226, 335.065, -601.554
4.83484, -354.225, 40.0735
6.85219, -810.369, -358.074
5.76023, -695.869, -118.031
5.80464, 761.442, 879.773
2.58037, -663.317, -601.61
4.30596, -778.108, -667.619
3.72747, 923.792, 117.866
6.93086, -936.401, -949.224
5.23701, 824.091, 774.387
6.57209, -26.646, -649.195
5.24453, 176.609, 866.127
4.16156, 506.171, -55.3857
4.40213, 23.724, -654.581
2.52389, 930.891, 654.044
6.95226, -90.379, -397.384
6.16955, -496.662, 685.452
6.04239, -153.722, 661.487
5.1278, 56.223, -186.501
6.41065, -190.778, -814.251
3.42484, -386.487, -470.521
5.72673, 243.784, 517.994
3.42178, -688.426, -341.932
3.31214, 62.9563, -92.5993
2.65594, -181.963, 849.938
7.42716, 130.515, -665.788
4.04559, -331.316, -716.309
4.11075, -674.93, -290.116
5.51155, 285.242, -234.768
2.89107, -329.354, -921.909
3.93936, -20.6734, 90.7921
5.79307, -126.666, -490.545
7.36348, -991.554, -349.199
7.27758, -363.133, -795.333
7.42745, -670.35, -290.835
7.30478, -912.699, -761.894
3.0073, -558.403, 567.057
3.71505, -123.427, -493.818
6.91151, 99.3542, -432.668
5.28805, 340.391, 699.641
6.7669, 802.335, 516.176
7.49145, -536.795, 525.498
3.99751, -256.997, -481.847
6.33157, 975.823, 486.268
4.81901, 284.91, -144.02
6.8168, -636.31, -792.147
6.99018, 859.937, 4.01332
7.377, 257.866, -416.025
2.77405, 658.837, 82.7587
6.32605, 946.261, -616.529
5.09219, -932.796, 739.163
3.46574, 923.15, -235.308
6.98252, 196.895, -543.67
6.38492, -833.029, 97.5342
2.75968, 415.455, 540.84
7.47331, -852.819, 764.668
5.93659, -4.56032, -458.704
5.94854, 887.497, 496.716
6.57666, -657.125, 818.082
7.05426, -37.1037, -437.907
3.34218, -201.387, 403.117
5.24183, -580.404, 803.583
6.53351, -486.285, -252.21
4.17803, 324.996, -537.665
5.53435, -104.84, 34.7367
6.59602, -950.621, 334.003
7.3485, 81.4475, -246.078
6.29349, 583.779, 493.341
3.72113, -180.603, -92.5169
5.80589, -572.102, 402.953
4.21574, -448.695, -187.13
7.27146, 375.603, -395.868
2.60828, 803.107, 555.406
4.54979, -891.561, 945.829
2.55789, 584.984, -670.221
3.04964, 837.114, 196.587
5.28259, -846.792, 92.9192
4.45466, -23.8135, -238.019
7.20539, 117.74, -182.682
2.55572, 179.328, 393.871
6.22897, -222.276, -436.37
3.84293, 110.716, 125.88
4.27153, -669.4, -760.067
3.45835, -461.853, 617.964
5.14832, 295.543, -169.11
4.39478, -57.3039, -856.072
3.16407, -12.249, -803.172
4.26563, -126.578, -564.006
4.2497, 783.598, 984.608
7.41084, 606.855, -124.974
5.25961, 151.551, -375.993
4.99918, 13.8571, -714.765
3.58531, -834.518, 455.873
4.37311, -234.206, -650.022
6.78251, -665.573, -468.872
6.45578, 792.058, -512.795
3.9204, -492.853, 928.789
5.07645, 437.202, 101.385
6.79238, -292.108, -23.7661
7.07844, -940.763, -172.597
7.48941, 135.913, 915.013
6.53177, 174.406, -194.594
5.22718, -898.984, -184.901
7.3461, 150.315, -735.579
5.31931, -585.001, 362.624
4.03031, -416.969, 659.172
5.41853, 964.822, 951.407
2.91197, 53.6677, -330.571
5.47382, 352.165, 619.974
3.31968, -598.305, -591.61
6.46527, -608.663, -437.415
2.95373, 579.46, 738.833
6.3072, -505.056, -679.655
6.83996, -222.406, 31.353
6.40105, 191.053, -334.225
6.61399, 908.541, 968.13
6.70974, 372.358, 552.836
4.48328, 528.078, 256.574
6.508, -160.338, 168.486
6.56811, 380.199, -43.8865
5.43493, -409.562, 100.873
4.64621, 795.275, -49.4592
2.5002, -64.2008, -478.337
5.31153, -814.755, 317.022
6.22632, 336.711, 353.384
3.89846, 967.014, 290.933
2.93406, -985.288, 564.78
3.5733, 853.432, -880.269
3.93296, -490.957, 562.321
4.86595, -405.711, 474.587
6.95893, 844.827, 819.828
5.91955, 512.417, -503.411
3.54376, -49.5216, -67.2637
6.67533, 793.51, 11.542
7.09218, 934.827, 918.317
4.48244, -475.328, -700.413
6.37858, 541.56, 529.8
5.68161, -160.466, -90.1638
6.64746, 483.214, 290.428
3.40204, 556.969, -461.599
7.45927, 579.872, -764.36
6.70558, -152.163, -844.949
4.65177, 887.633, 265.429
4.38589, 596.514, 888.729
2.70802, 654.306, -505.286
6.80715, -802.567, -535.185
6.62116, 915.643, -900.354
6.25052, 13.5233, 731.596
3.55801, -165.271, 991.549
4.31029, -781.649, -192.011
4.43545, -590.727, -801.021
7.32918, 799.452, 636.79
6.5872, -167.492, 632.129
4.5755, -81.9479, 448.941
5.83759, 205.016, 182.791
2.52101, 476.629, 976.102
6.98048, -738.085, 248.44
3.68416, -343.576, 354.973
3.79415, 357.35, -94.6706
5.4939, 407.205, -709.391
6.89823, -837.246, 372.468
6.16299, -564.071, -590.356
6.0773, 911.629, 570.321
3.57724, -607.613, 481.137
6.30413, 678.838, -957.334
3.85351, -161.25, -558.839
2.75246, 665.653, 338.023
4.78866, 269.917, 245.771
2.58759, 448.174, -777.875
3.01129, 72.5494, -171.613
2.639, -131.232, 286.808
5.65921, -341.397, -516.141
6.34425, 87.0161, -249.13
2.74132, 525.752, -839.617
6.6924, -56.9551, -630.636
6.76899, -262.924, -318.546
6.57649, -446.285, 574.532
6.85188, 794.598, 404.945
5.27222, -632.418, -169.928
6.12646, -294.563, 57.9902
3.20424, -526.042, 930.439
6.6115, 597.603, -528.87
5.51185, 732.512, -196.957
4.93856, 508.088, -919.536
6.14942, -287.732, 950.448
4.05164, 757.482, -668.775
3.93925, -699.445, 353.286
5.45857, -951.478, 808.901
5.34055, 654.596, 883.368
5.41059, -931.528, -576.538
2.84132, -689.082, 283.161
4.34304, 149.461, -387.732
6.28475, -933.046, -575.923
6.35297, -449.241, -868.121
4.27217, -393.947, -252.953
5.98913, 241.947, 931.249
5.08005, -673.585, -299.073
5.94494, 390.346, 132.697
6.18066, -82.0352, 616.041
2.56231, -343.023, -674.265
7.16549, 613.029, -122.481
5.37826, 133.058, 126.079
3.05587, 461.265, 974.064
4.87388, -106.728, 29.3259
3.24247, 178.478, 99.6436
4.22594, 51.0004, 448.713
7.04476, -932.301, 184.338
4.54571, 14.8072, 517.637
5.96642, -680.039, -76.0179
3.35865, 380.659, -941.888
6.21715, 891.457, -509.171
4.16319, -424.624, 642.554
4.62157, 666.105, 311.814
2.79523, -137.464, -113.479
5.09005, 284.647, -235.415
5.94425, 473.806, -580.877
5.01149, -250.091, 15.5279
6.56617, -169.365, -750.643
3.07974, 82.2859, -937.943
5.24841, 269.744, 465.113
5.06046, 410.052, 21.155
6.02649, 956.121, 441.384
5.65083, -238.073, 886.757
4.0207, -25.7701, -637.071
6.74719, 399.868, 370.718
3.39619, 603.562, -21.2261
2.61737, -529.672, -100.2
4.19467, 737.514, 52.8921
3.43818, 352.346, -87.5236
6.60467, -287.265, 186.652
6.72507, -895.342, -158.864
6.78031, 848.129, -720.472
7.37454, -954.212, 641.762
2.99587, 468.853, -448.083
2.56182, 564.575, 656.077
2.58614, 221.532, 582.739
2.64527, 251.237, 95.6312
4.1031, 153.013, -390.818
6.17815, 627.04, 302.159
3.14876, 356.537, 476.971
2.5161, -368.315, 506.607
6.91905, 139.336, -790.446
3.70482, 230.85, -573.362
4.38481, -818.438, 764.407
4.44879, 612.332, 185.155
2.81534, 596.153, 294.641
7.30792, 183.667, 955.963
3.75349, 726.283, -338.823
6.85376, -678.465, -63.6754
2.85991, -917.696, 425.756
2.70653, -622.233, 575.269
3.46378, 361.184, -523.224
3.86708, -310.07, 302.891
7.4007, -952.362, -365.352
3.60607, 323.252, -533.904
6.43119, -875.365, 855.496
4.42306, 300.204, -421.702
3.78593, 479.337, -636.633
3.91087, -944.889, 64.4615
7.33834, 867.706, -35.3928
4.22841, 766.59, 171.306
3.45922, -982.444, 737.356
5.05037, -548.19, -375.25
5.21857, -557.255, 633.696
5.72333, -640.467, -615.201
3.89738, -10.9549, 790.1
3.41887, -296.686, -718.674
2.71579, -842.64, 372.814
3.98408, -501.203, -262.931
4.25548, -231.441, 140.389
7.09372, -421.728, 723.12
5.81225, 507.187, -363.097
5.08041, 866.242, 585.043
4.03763, 614.945, 587.123
3.0007, -352.184, 154.837
3.47502, 379.63, -880.549
4.11407, 31.2679, -131.101
5.56182, 962.638, 86.814
5.13511, 960.304, -983.186
3.45653, 258.642, 284.184
4.7178, -640.164, -423.161
4.48693, -708.46, 853.5
6.28051, -606.492, 744.768
6.6213, 736.442, 602.607
5.51573, 142.254, -344.715
3.04573, 609.235, -827.855
4.11797, 486.535, -165.333
5.03403, 8.79062, 318.276
4.76521, -648.255, 800.239
4.77315, -180.487, -457.802
4.91125, 918.847, 911.986
5.07896, 369.146, -651.115
4.50207, 202.457, 822.734
4.22945, 964.878, 484.006
6.64533, 931.677, -241.433
3.02204, -731.707, -797.203
6.40057, 585.087, 567.235
3.19919, -297.438, -239.214
2.62171, -796.885, -518.679
6.0664, 406.585, -753.403
7.15538, 151.093, -823.826
7.47667, 183.471, 174.431
3.86264, -878.051, 152.933
3.6923, -474.561, -256.699
3.87328, 961.643, 619.63
5.70836, -907.899, -730.618
5.17637, 310.269, 154.711
6.8967, 833.763, -296.578
6.75968, -669.713, -835.983
2.98004, 906.65, -37.6566
4.66818, -747.9, 203.249
3.17045, -204.613, -756.586
5.86802, -166.906, 310.086
5.34964, -53.7441, -476.718
3.66474, -622.324, 565.475
5.50306, 266.223, -688.68
2.6551, -802.133, -27.7193
7.08512, 568.104, -311.451
3.82958, 861.45, -174.767
6.50016, -184.067, -509.852
5.46389, 168.224, -719.292
5.0822, 351.012, 625.285
5.2567, 321.125, 642.332
3.47225, 504.954, -234.022
5.36152, 123.496, -742.51
3.81992, 212.791, 402.174
4.41648, -765.618, 539.392
2.73626, -755.88, -897.545
4.22823, 589.102, -672.743
3.61594, 673.367, -433.507
3.81264, 17.6067, -735.334
3.05141, -429.525, -403.027
7.40088, -705.306, 19.1847
5.93794, 795.754, 634.56
5.82158, -547.539, -381.657
5.99501, -601.355, -672.533
2.68746, -836.542, -774.24
3.6706, -629.457, -745.83
3.95397, 719.934, 693.688
3.50543, -36.7141, -257
2.7177, 372.219, 335.031
2.56571, -526.504, 519.144
6.07297, -526.665, 765.426
6.88348, -870.685, -627.972
5.35088, -886.351, 269.625
6.92743, 865.305, 868.043
5.20042, -356.833, -279.651
3.31357, 929.563, -646.672
3.30492, 963.433, 440.812
7.19182, 317.485, 286.919
3.45628, 553.274, -851.082
3.15761, -0.182793, -100.291
4.41122, -312.434, -6.10265
6.12674, 258.201, -263.567
2.50651, 546.549, 868.993
4.60222, 25.3231, 736.884
5.18984, 305.88, -214.23
4.86596, -238.457, 246.888
6.33003, 540.424, 875.086
2.9396, 555.238, -466.401
7.04284, 135.003, 323.347
3.20818, -872.641, -396.864
2.54782, 433.447, -50.9258
2.82267, 239.677, 525.292
4.96742, 381.532, 222.331
5.40914, 529.485, 977.292
4.03373, -947.414, 544.576
4.57091, 908.334, -71.7914
4.33401, -575.445, -687.725
3.42687, 182.658, 667.872
2.76788, 645.401, 170.921
4.47222, 540.281, -65.2734
3.98388, -347.666, -132.305
5.05388, -396.009, 820.112
3.75392, -701.192, 229.883
5.01589, 962.428, 885.857
2.51168, -11.2481, 791.184
7.01807, 994.566, -447.944
2.79181, -906.542, -946.827
5.17506, -686.024, 805.485
3.95754, -377.844, 874.257
7.3023, -809.125, -273.317
4.73406, 320.456, -109.106
5.08479, 893.139, 168.044
5.93861, -253.923, 25.7783
2.72187, -160.563, 75.294
7.2946, -797.394, 606.318
5.70852, 366.256, 156.524
2.80215, 628.359, -779.631
3.33964, 49.6087, 267.93
5.76491, 487.583, -247.763
6.19864, -769.125, 336.448
3.57011, 857.583, 202.773
4.31441, 156.51, -871.722
6.56981, -647.898, 933.717
5.32057, 807.753, -470.535
7.45886, -40.4476, -895.375
6.5669, -763.542, 396.262
3.49157, -992.308, -22.817
2.50003, -156.363, -848.137
4.62608, 942.623, -779.802
4.07406, 839.626, 199.082
5.56218, 606.562, -932.562
3.83351, -199.472, -543.556
4.39881, -594.83, -61.7099
5.43397, 961.077, 300.008
5.95636, -141.313, -512.948
7.26736, -458.106, -571.032
4.89785, -292.979, -952.916
3.60319, 377.217, -728.428
5.33741, -723.327, -448.288
6.09873, 430.622, 363.565
4.4953, -494.862, 556.38
3.48326, -693.721, 990.486
6.66971, -674.614, -758.495
5.59561, -447.22, -873.784
7.26866, -292.694, 174.678
3.23222, -14.3122, -277.094
5.38953, 39.5877, -459.188
7.26796, -392.793, 719.804
3.62331, 721.312, -980.906
7.25137, -493.84, 801.586
3.07874, 792.788, -515.586
2.58372, 29.9375, -259.845
3.90465, -357.264, -168.085
7.15042, 641.323, 170.862
3.04796, 748.654, 872.335
6.77266, 29.2308, 827.598
5.68532, -725.583, -731.482
5.63853, 407.085, -709.21
3.80589, 724.101, 744.546
5.13936, -950.903, 218.157
7.16608, -272.966, 908.028
3.98055, 922.324, 103.039
4.78006, 156.536, 453.653
6.35659, -656.226, -616.826
4.17193, 102.551, 118.434
6.31775, -39.6216, -940.493
6.65892, -30.1849, 942.33
2.64618, -725.026, 567.944
4.31315, 714.586, -267.266
4.16221, 284.078, 461.367
3.17675, -518.02, -301.728
3.00839, -306.128, 623.39
5.11327, -609.353, 813.626
3.52046, 30.6465, -533.279
5.00728, -867.111, -629.245
5.1371, 1.02971, 961.406
4.13422, -267.67, -292.827
4.75888, 226.447, -443.83
6.85263, -7.26018, 981.98
4.72884, 644.323, 864.937
6.03726, -458.558, -917.356
6.83171, 913.246, -698.976
6.5822, 868.233, 219.544
2.67504, 893.397, 838.176
3.8644, -652.768, -237.018
5.21858, -422.368, -430.67
3.19942, -986.35, -543.144
5.57408, -777.09, -935.953
3.29182, -688.085, -605.081
4.41129, 99.3718, 220.894
5.94997, -94.4644, 189.268
3.21128, -390.014, 461.726
5.65284, -784.799, 792.863
3.15973, 198.077, 935.949
7.13583, -742.008, 254.509
5.53465, -938.595, 784.515
5.50388, -922.057, 372.448
3.33635, 589.942, -529.674
3.301, -864.242, -400.638
5.91628, 622.38, -29.2944
5.1456, -712.665, -13.315
3.65264, -133.741, 808.055
6.55373, -502.311, -57.8471
5.76477, -419.987, -560.078
4.08597, -556.242, -586.124
2.53953, -262.087, -814.848
3.49176, 731.417, 736.365
3.78831, -7.92686, 381.692
3.03825, 888.84, 38.6361
3.49545, 131.333, -433.428
6.75079, 803.765, -771.518
6.63912, -982.696, 208.406
6.76813, -960.375, -553.752
5.71027, 286.61, 778.988
3.6787, 723.658, -984.908
6.80638, -502.68, -808.415
5.4745, 36.4975, -103.398
2.52745, 506.447, -31.3835
6.84925, -663.044, -475.074
7.37729, 648.899, 105.809
5.59653, 378.361, 14.1153
3.85574, -939.507, 381.409
7.46973, -160.088, -632.902
4.60751, -722.173, -528.893
4.20537, -794.249, -614.95
4.80717, 366.297, -136.672
4.44822, 263.765, -379.994
4.613, -49.2757, 515.181
2.84879, 131.472, 288.263
5.5153, -57.7109, -128.279
7.36114, -49.7393, 230.159
5.07406, -696.917, -534.528
7.45461, 954.05, -137.254
5.84906, 631.072, -143
4.01716, -605.487, 70.1675
3.47371, 873.777, 568.168
4.0109, -710.585, -935.685
4.93946, -335.227, 460.914
4.72438, 532.915, 986.458
5.7844, 320.305, -939.732
3.74227, -778.143, -667.869
4.72007, 54.7331, 555.401
5.75894, -692.036, 52.037
6.67472, -714.376, 189.617
6.03698, 195.237, 814.779
4.93928, -870.093, -604.348
6.72039, 399.396, -238.19
7.00296, -502.375, -185.548
6.33082, -651.634, -525.314
5.29453, 629.414, 849.594
2.70603, -14.8383, 84.2417
5.46749, 563.724, 65.9125
2.68674, -678.361, 824.307
4.53488, 24.614, 436.965
2.84243, -974.858, -881.308
7.38558, -776.134, -882.413
2.5956, -516.299, -234.451
6.60363, -156.618, -267.675
5.2195, -381.681, 873.835
5.72828, 790.752, -332.765
3.62934, -260.723, 53.2746
2.733, 829.825, -696.39
3.63154, 213.434, -555.066
4.58371, -633.603, 134.98
6.40126, 265.589, -631.129
3.72852, -922.575, 384.471
4.81411, 656.567, 91.1308
6.14756, 928.435, 290.84
5.35237, -330.667, 815.085
5.45997, 930.648, 918.709
4.98425, -941.482, 280.632
3.951, 490.234, 110.932
4.71107, -4.40225, -227.577
2.53669, 853.738, -396.417
7.41683, 494.721, -358.112
2.52822, -808.321, -148.966
4.8676, -104.98, 736.508
5.86497, -310.784, -122.249
