6.27803, -699.195, -649.776
3.5948, 88.5782, -171.035
5.89648, 364.344, -728.79
5.09708, -260.59, 735.695
2.76731, -825.183, 644.641
2.53849, 284.052, -9.70914
4.58743, -659.061, -208.105
7.15218, 221.108, 340.958
2.95982, 30.4033, 559.133
6.00595, -183.665, 206.293
3.81226, 600.989, 706.964
4.14117, 439.719, -713.576
7.45519, 341.358, 145.239
7.41275, -542.043, -253.485
5.75759, 342.258, 350.287
6.92354, 226.611, -667.469
6.33247, -141.848, -496.612
3.87453, -530.769, -120.029
4.93259, -504.84, -244.151
2.80282, 783.105, 790.661
5.08146, -76.6397, 605.19
4.96988, 710.942, -467.469
7.23882, -629.955, -490.564
4.42071, -0.320894, -611.548
5.14874, 788.587, -395.335
2.75042, 667.78, 36.9827
6.63909, 440.506, 456.695
5.94228, -689.671, -566.234
6.18112, 247.878, 669.295
6.94286, 783.353, 451.788
4.25508, -343.949, -437.708
6.72991, 208.745, -16.5152
3.84659, 504.59, -138.078
4.83959, 31.2007, -195.351
3.2686, -632.571, -499.781
2.66527, 493.442, 128.844
7.2768, 51.0838, 80.1109
6.95369, 143.21, 389.946
3.29884, 474.574, 101.551
3.15214, 380.084, -528.712
2.515, -420.587, -688.775
6.0491, -639.133, -204.271
3.40448, -458.721, 661.432
5.76029, 686.547, -292.119
4.42907, 381.572, -606.649
3.23766, 89.1762, -189.63
5.45054, 572.661, 6.08299
3.24076, 96.8974, 686.291
3.2091, -147.006, 739.736
4.94257, -403.385, 45.7293
3.13015, 688.809, -21.5172
5.64635, -277.471, -459.325
5.60817, 220.513, -527.583
4.88216, -490.149, 543.812
2.64188, -378.44, -134.343
3.21011, 23.2447, 637.434
3.15594, -214.897, 753.792
3.31099, -766.544, 661.432
3.76529, -177.692, -627.947
4.77654, 482.789, -700.179
6.54472, -47.2931, -238.31
3.57624, 260.071, 655.752
3.75063, 657.306, 349.192
5.02978, -25.278, 620.865
6.27922, 534.505, 115.725
5.66369, 672.533, -41.8224
5.9449, 508.046, -121.884
7.27207, 766.245, 435.019
5.18713, -459.205, 555.021
4.57014, -568.083, -109.633
4.70019, 521.49, 116.416
6.07821, 613.242, 415.38
6.20858, 313.219, 415.16
5.12494, 689.858, -829.658
6.06711, -663.843, -131.18
5.91025, 346.078, 3.97948
6.82941, 770.894, -488.172
3.19597, -76.5054, 627.491
3.57766, 731.782, -225.807
5.0733, -270.2, -160.041
4.83766, 35.0296, 562.073
3.55759, -255.322, 600.283
5.65244, -616.725, 784.298
2.5044, -707.707, 195.907
4.09589, 294.947, 426.927
5.90281, 280.168, 17.707
6.0446, 557.179, -472.853
2.90869, -700.974, 530.581
3.56926, 303.653, 414.164
4.44412, -706.107, -592.581
4.44927, 729.982, 735.15
3.92018, 297.422, -468.769
4.6123, 453.632, 464.061
2.55658, -661.779, -556.331
3.72027, 821.396, -637.841
4.49072, -656.605, 574.988
6.64177, -757.548, 266.443
3.78584, 768.425, -689.12
3.59705, -646.763, -476.309
6.47385, 284.587, 351.021
5.8476, 377.276, 349.946
5.49108, -712.631, 215.214
5.99917, -295.921, -482.731
5.13062, 463.62, -651.482
4.14833, 286.963, 88.2125
3.30844, -819.647, 227.817
6.56633, 558.934, 37.947
4.08004, 322.514, 201.147
4.05369, -72.9261, -668.736
4.65424, 32.955, 67.6862
4.46509, -206.95, -506.056
4.43916, 104.402, -176.687
4.34871, -581.775, -415.804
5.88118, 312.158, -456.19
6.10384, 259.655, -45.4193
7.20082, 7.00322, 733.371
5.08573, -121.839, -403.569
5.5282, -145.733, 248.865
5.85049, -579.444, 771.033
5.11404, 45.8081, -92.903
3.87105, -738.221, 577.662
7.08924, 195.162, 319.273
3.73367, 729.965, -480.789
4.77876, 297.766, 378.946
3.30374, -766.403, 600.997
4.68319, 192.548, 252.7
7.45767, 317.628, 157.317
6.26931, -347.998, 377.963
4.97846, -684.535, -571.832
7.01651, -614.911, -629.793
4.68213, 490.279, 439.773
5.09239, 84.6954, -700.841
4.44866, 128.576, -530.928
5.63431, -103.227, -407.536
5.19331, 355.351, 194.87
4.35955, 524.153, -452.378
2.54674, -252.372, 260.856
6.3794, 5.20488, -626.855
2.85317, -700.712, -530.416
3.98511, 381.591, -648.538
4.78581, -36.299, -617.395
3.25156, -96.5091, -15.3173
5.97819, 544.368, -381.555
4.15587, 315.105, 170.36
5.21197, 781.504, -741.222
2.64678, 667.913, -837.015
5.38086, 17.8451, -135.922
5.18133, 213.13, 406.213
7.36678, -674.617, -723.189
5.57063, -253.77, -466.987
5.26431, -713.171, 225.888
6.69051, -236.952, 714.413
3.75764, -465.723, 640.423
6.98957, 502.103, -133.801
5.97428, 500.388, -412.076
5.82752, -429.394, -106.143
3.06838, -632.433, -463.431
3.37987, -722.472, 220.588
2.91253, -96.6071, 114.886
6.68103, -116.271, 272.59
2.64818, 755.637, -636.145
6.34719, -27.9967, -626.273
4.29829, -433.849, 690.035
6.24626, 67.8792, 490.631
6.28385, 311.67, 144.816
3.60834, -460.956, -685.712
5.58305, 230.858, 121.565
3.66846, -377.695, -217.19
6.22052, -693.323, 204.847
5.80997, -678.188, -535.057
4.9209, 789.79, -588.172
2.58972, 742.268, 92.6644
4.98291, 323.379, 184.893
5.09587, 9.32543, -652.612
4.71395, -723.952, 398.207
4.14528, -64.3491, 735.446
3.52671, 410.908, -62.7245
7.19863, -71.8415, -403.249
2.85168, -532.514, 674.087
3.30042, 95.8241, -651.178
6.70788, -572.796, -98.5581
4.13614, -189.106, -185.705
6.85942, 236.578, 317.483
5.99896, 572.852, 502.109
5.52801, 744.268, -139.146
4.77536, 43.8664, -201.239
2.91543, -430.887, -179.541
3.94883, 101.588, -175.337
6.51009, -645.019, -575.116
6.81821, 276.021, -24.7733
3.81831, 309.467, -489.699
4.79881, -660.359, -237.408
4.95672, 470.491, -419.183
5.82344, -441.993, -715.558
7.31738, -544.034, -184.367
7.23022, 475.707, -642.671
2.81902, 251.504, -517.779
5.04829, -555.567, -284.33
6.13222, 707.47, 516.357
5.65882, 433.57, -216.49
3.26658, -793.117, -811.467
5.09652, -726.177, 392.42
3.52281, -427.563, 616.627
6.03231, 367.733, -723.891
6.05786, -414.284, -93.1525
3.66304, -403.991, -245.037
6.80594, 98.2872, -171.845
2.67122, 12.2387, 724.471
6.26587, -698.336, 233.079
4.14789, 507.42, 117.603
4.65309, -53.3325, -388.806
7.33455, 663.273, -122.374
4.05803, 671.883, 561.455
5.69762, 795.573, -738.007
5.95386, 696.704, -20.5862
5.36403, 49.2678, 566.188
6.60667, 791.804, -592.094
4.21807, -650.378, -539.303
5.09387, -669.065, -541.038
6.78438, 94.4008, -689.173
6.18587, 285.491, -19.6897
3.45992, -677.897, 193.703
2.83145, -298.737, 289.075
3.60828, 757.51, -684.4
3.33656, -147.932, -128.894
6.31172, 354.468, -699.956
5.44905, -724.247, 259.389
4.65223, 792.529, 771.792
7.09618, 569.299, 1.71905
5.09668, 327.931, 210.838
7.38058, -590.879, -89.6117
5.15714, -378.337, 25.5837
2.98716, 298.584, 153.64
5.83983, 287.787, 95.9757
5.44444, 230.12, 11.6906
5.01137, -579.991, -78.6469
2.75808, -719.181, 195.335
2.6753, -184.58, -137.643
4.41484, -663.268, -547.08
5.55555, 268.153, 121.924
5.06574, 586.658, 733.087
5.98498, 280.473, 8.48421
4.89891, 12.8645, -142.768
3.88323, 83.1377, 406.168
6.01685, -393.477, 119.258
3.67701, 670.524, -50.8074
6.41501, 37.3122, -159.017
6.60589, 217.773, 639.957
3.21842, -452.412, -24.2461
5.75757, -434.09, 683.354
3.87677, 845.404, -725.896
7.26215, -466.981, 616.925
4.58238, -574.293, -103.338
3.03869, -127.715, 270.339
4.70633, -729.714, 486.163
6.28811, -386.322, -192.44
2.77803, -438.375, -253.405
3.51241, -17.6606, 53.8253
6.82305, 769.282, -638.222
6.52456, -230.317, -36.7244
2.78861, -669.456, -448.813
4.40304, 15.3925, -634.841
4.56124, 29.3492, 611.167
2.80071, -289.563, 300.151
7.09746, 667.743, 571.915
3.35398, 550.333, 764.175
6.51634, -724.733, 213.167
3.88599, 564.36, -2.18393
4.44586, 133.689, 732.917
7.19936, 24.4444, 613.649
6.24573, 85.7722, -185.447
3.44774, -374.512, 682.436
6.89581, 298.67, 438.952
6.8953, 333.579, -659.564
3.30515, -672.233, -192.298
5.87346, -615.319, -249.07
6.89096, 581.231, 121.923
6.98262, 301.207, 410.681
3.06535, -68.742, 615.991
5.93789, -165.94, -235.774
3.21651, -666.463, -532.341
3.6901, 267.385, -1.28328
5.64383, 748.986, -156.851
4.312, 658.112, 347.397
4.64437, 647.248, 562.772
4.91936, -0.0123391, -612.379
6.20379, 95.2361, -157.538
3.23098, -450.242, 593.423
7.36238, -659.512, -566.344
7.3158, -509.982, -217.142
3.14741, -391.258, 546.224
5.3784, -211.169, -453.192
4.66439, 71.6928, -181.03
5.50066, -274.36, -208.628
5.85098, -577.074, -90.9167
4.5137, 423.186, 818.207
6.46691, 673.161, 568.877
4.89889, -685.34, -202.226
5.72449, 308.852, 260.373
4.28836, -250.532, 610.608
5.96794, -255.068, -215.591
5.83428, -432.561, -577.227
3.22071, -481.378, 571.754
7.10415, -688.531, 253.033
4.22228, 90.0218, -190.815
6.66824, -333.681, -454.238
2.74349, 307.98, -562.712
3.27936, -208.278, -6.93849
2.55765, 286.788, 389.776
3.94327, 47.2092, 545.249
5.07295, -291.381, -162.425
3.65948, 631.933, 426.266
2.75022, -221.874, -14.9857
5.33091, -596.75, -641.05
6.69774, -12.5038, 671.642
4.28763, -656.632, -556.732
4.3452, 155.77, 752.531
7.22226, 325.983, 15.7736
4.72425, -672.064, -201.683
6.82086, 310.753, 192.092
5.82654, -668.529, -500.406
5.79297, 125.636, 571.2
7.10736, -827.934, 822.402
5.11536, 802.219, -736.404
5.45229, 364.328, -423.768
5.79944, 686.948, 559.516
4.24765, 301.79, 408.04
4.11714, 257.252, -28.7109
7.08984, -14.439, 631.81
3.08619, 698.815, -468.748
7.31268, 554.646, -121.536
5.17978, 82.3214, -196.019
5.81447, 688.584, 550.806
5.48362, 734.645, -447.946
6.93363, -519.125, -622.662
6.67999, -638.237, -535.341
6.69339, 287.741, 121.229
6.85642, -137.028, 239.058
2.5002, -778.014, 265.456
4.77274, 385.143, 186.209
4.25696, -728.119, 212.027
5.80713, -227.569, 618.018
6.22234, -700.669, 199.17
3.3821, -173.895, -413.072
7.4621, 841.621, -610.67
5.95466, -731.587, 217.697
6.97862, 273.55, -1.31464
3.51579, 282.898, -13.6087
7.2356, -451.628, -186.609
4.88476, 759.371, -443.098
6.78578, 745.84, -617.177
6.41237, -638.586, -564.756
5.70687, 794.692, -730.831
3.14521, -698.464, 264.193
5.77944, -83.3335, 617.724
3.09199, 74.1047, -54.9866
3.88793, 241.938, 677.115
6.65548, -252.091, -214.35
6.14153, -600.672, -500.11
6.74348, -649.167, 250.595
3.43989, -672.682, -718.486
6.09602, 441.28, -302.382
4.25586, 207.49, 253.133
3.34555, -430.207, -578.108
4.52383, 247.723, -589.848
4.20924, 135.89, 665.158
6.67141, 289.501, 8.52123
3.9111, 667.102, 562.833
5.16766, -643.741, -503.592
6.25085, 777.456, -773.248
4.62554, -621.973, -578.839
4.66964, -424.255, 677.617
3.03022, 764.17, -851.417
6.4639, -91.0177, -415.224
3.91232, -681.27, -541.188
7.14264, -457.211, -223.706
5.37926, 322.815, 421.125
3.4895, 655.587, -318.47
5.99081, 455.062, -620.334
3.07265, 315.783, -667.101
4.22945, 244.527, 670.554
4.15646, -459.71, -219.291
6.42735, 809.688, -722.222
6.65775, 403.146, -141.685
4.21712, -681.061, 680.046
4.2603, -229.76, 727.671
6.38197, 32.408, -598.249
6.58658, -28.9734, 670.56
4.26157, -242.17, 207.064
7.09559, -432.642, -183.956
3.2877, 393.581, 139.476
5.56029, -418.479, 588.128
5.54222, -482.178, 572.222
3.16647, -192.539, -562.117
3.51409, -627.26, -490.643
4.79457, -685.868, 544.425
3.48759, -457.96, 658.073
6.77118, -771.557, 267.839
6.54562, -697.102, -543.231
2.80131, -767.84, 640.619
6.50584, -673.054, 561.082
5.49597, -164.128, -416.607
7.43182, -706.947, 207.681
2.65919, -55.8099, 630.456
6.8356, 765.02, -667.38
3.69109, 540.245, 247.948
3.6127, 195.508, 330.784
4.73907, -626.895, -587.684
2.61231, 763.466, -80.1251
6.79755, -223.093, -67.3273
4.15902, 248.746, 343.135
5.72195, 324.594, 235.244
7.43521, -630.025, -588.617
5.30162, 290.735, -476.166
4.74553, -664.166, -187.562
5.213, 66.4565, -660.29
2.90797, 698.897, -49.1865
3.99606, -664.174, -162.449
6.63964, 669.292, 574.214
6.48936, 473.44, 758.034
5.71048, -58.724, 707.505
4.84105, 505.995, 217.246
7.15326, -149.293, -415.294
5.08798, -248.552, -20.9911
7.42924, 782.414, -410.165
5.94567, -20.1421, -562.834
6.19966, -148.686, -434.424
3.46323, -450.514, -737.793
6.08881, -492.548, 550.395
6.11146, 551.024, -45.2947
6.49298, 253.761, 115.724
4.23216, 234.853, -779.871
5.1481, 94.2656, -292.618
3.19001, 658.464, -279.385
6.73218, -251.412, -225.341
6.32766, -36.2739, -624.334
7.5, 734.026, -449.642
4.24891, 481.515, 824.537
5.50367, -451.717, 648.364
3.50808, -428.612, -6.39382
6.2385, 49.4439, 59.4987
6.49225, 732.238, 192.631
3.03505, -645.956, 115.58
5.35813, -413.658, -2.32391
2.84683, 287.643, -310.875
4.16036, 733.32, 566.862
5.80945, 343.142, -610.706
5.27726, -14.8658, -129.821
7.12415, 214.611, 3.4829
2.69832, -393.339, 66.3125
2.62083, -214.805, 98.5166
4.61923, 227.924, -526.541
4.36987, 320.308, 196.413
2.93303, -255.529, -227.565
3.05403, -64.3429, 159.6
5.31992, 310.718, -377.96
7.37269, -19.1999, 654.988
3.05066, -29.0214, -632.826
5.99352, 151.725, 702.043
2.79674, -12.3613, -566.79
4.69755, 669.768, -50.0718
5.24651, 807.81, 642.808
3.45129, 580.981, -649.4
7.36597, 328.62, 226.735
3.19593, -578.422, -62.1491
5.48978, 763.827, -443.109
7.12812, -768.856, 675.18
3.91116, 5.1556, 728.722
6.8307, -121.031, -116.881
6.29598, -100.828, -399.782
6.10793, 302.402, 398.86
3.34241, -266.774, 292.065
3.32882, 731.555, 358.646
3.39076, -663.083, -738.089
5.87226, 253.445, -475.515
4.83484, -164.972, -155.507
6.85219, -660.081, -364.514
5.76023, -602.988, -49.9944
5.80464, 772.57, 745.76
2.58037, -563.506, -493.772
4.30596, -661.933, -518.607
3.72747, 696.005, 106.609
6.93086, -794.992, -768.065
5.23701, 753.924, 796.898
6.57209, -43.0967, -633.123
5.24453, 135.3, 698.391
4.16156, 399.741, -44.3399
4.40213, -68.9418, -581.493
2.52389, 706.537, 519.233
6.95226, -158.112, -444.201
6.16955, -421.978, 623.39
6.04239, -62.861, 609.284
5.1278, 31.4468, -174.391
6.41065, -28.5525, -623.573
3.42484, -382.895, -399.505
5.72673, 233.907, 400.162
3.42178, -524.755, -244.459
3.31214, 23.9874, -136.667
2.65594, -228.171, 751.568
7.42716, 70.8268, -648.744
4.04559, -253.342, -494.296
4.11075, -516.847, -241.275
5.51155, 244.982, -107.288
2.89107, -279.49, -736.594
3.93936, 36.1898, 69.6001
5.79307, -168.842, -426.78
7.36348, -731.901, -361.546
7.27758, -363.18, -619.278
7.42745, -528.765, -258.351
7.30478, -677.408, -521.8
3.0073, -398.048, 645.48
3.71505, -153.554, -428.398
6.91151, 113.64, -205.986
5.28805, 298.128, 409.12
6.7669, 636.854, 572.798
7.49145, -427.691, 582.697
3.99751, -206.589, -603.694
6.33157, 782.595, 455.748
4.81901, 219.788, -116.668
6.8168, -611.854, -629.936
6.99018, 747.781, -147.554
7.377, 218.536, -378.096
2.77405, 481.549, 84.4268
6.32605, 783.015, -688.814
5.09219, -766.774, 628.07
3.46574, 773.776, -127.627
6.98252, 277.477, -542.822
6.38492, -769.501, 179.854
2.75968, 323.244, 480.81
7.47331, -756.935, 657.378
5.93659, -114.318, -436.727
5.94854, 777.098, 464.558
6.57666, -475.335, 684.186
7.05426, -143.158, -432.264
3.34218, -136.874, 244.291
5.24183, -475.942, 657.616
6.53351, -392.542, -203.507
4.17803, 311.907, -458.823
5.53435, -99.5201, -27.4771
6.59602, -644.005, 216.403
7.3485, 45.7497, -197.8
6.29349, 595.704, 487.69
3.72113, -117.951, -117.75
5.80589, -572.186, 311.53
4.21574, -516.562, -228.417
7.27146, 293.747, -329.053
2.60828, 663.231, 584.482
4.54979, -838.374, 810.143
2.55789, 487.775, -670.911
3.04964, 737.088, 231.949
5.28259, -759.511, 177.487
4.45466, 58.9311, -127.435
7.20539, -16.621, -126.179
2.55572, 182.463, 365.459
6.22897, -177.069, -423.146
3.84293, 271.537, 106.476
4.27153, -606.829, -525.843
3.45835, -397.591, 635.935
5.14832, 249.862, 18.0318
4.39478, -46.4819, -615.301
3.16407, -109.328, -666.989
4.26563, -172.589, -429.112
4.2497, 761.47, 786.303
7.41084, 505.948, -40.9161
5.25961, 93.6842, -239.512
4.99918, 16.1454, -616.701
3.58531, -694.808, 240.712
4.37311, -68.8494, -414.385
6.78251, -644.976, -500.765
6.45578, 757.414, -471.357
3.9204, -533.806, 671.74
5.07645, 266.192, 199.1
6.79238, -238.225, -9.06201
7.07844, -682.958, -239.118
7.48941, 103.764, 689.352
6.53177, 43.2304, -166.33
5.22718, -722.765, -217.095
7.3461, 57.5856, -649.831
5.31931, -546.844, 345.702
4.03031, -419.952, 628.176
5.41853, 700.224, 721.174
2.91197, 97.276, -171.623
5.47382, 308.937, 462.382
3.31968, -699.224, -525.24
6.46527, -660.809, -555.873
2.95373, 616.676, 568.227
6.3072, -512.918, -628.974
6.83996, -218.775, -59.3525
6.40105, 106.539, -208.354
6.61399, 736.697, 728.976
6.70974, 263.35, 487.163
4.48328, 294.451, 128.354
6.508, -94.0215, 114.508
6.56811, 313.701, 35.1893
5.43493, -393.19, 33.5127
4.64621, 682.34, -75.7558
2.5002, -143.789, -372.828
5.31153, -762.821, 263.965
6.22632, 348.806, 194.42
3.89846, 734.657, 235.098
2.93406, -752.463, 494.331
3.5733, 790.676, -716.282
3.93296, -398.867, 663.428
4.86595, -392.977, 437.992
6.95893, 752.59, 742.417
5.91955, 468.376, -422.687
3.54376, 20.4918, -220.788
6.67533, 778.472, -33.2006
7.09218, 801.428, 813.607
4.48244, -512.684, -649.434
6.37858, 438.231, 418.4
5.68161, -70.4541, -85.0014
6.64746, 318.346, 121.361
3.40204, 490.651, -426.733
7.45927, 480.125, -634.075
6.70558, -82.4186, -638.361
4.65177, 768.305, 195.501
4.38589, 494.67, 776.35
2.70802, 479.206, -428.654
6.80715, -583.659, -456.455
6.62116, 773.358, -764.966
6.25052, -71.4827, 622.262
3.55801, -205.583, 717.42
4.31029, -709.018, -236.11
4.43545, -700.082, -512.534
7.32918, 596.261, 550.032
6.5872, -50.6258, 621.752
4.5755, -15.4595, 392.774
5.83759, 277.903, 119.347
2.52101, 485.517, 810.85
6.98048, -708.503, 210.03
3.68416, -265.165, 292.765
3.79415, 278.598, -220.505
5.4939, 344.967, -605.325
6.89823, -703.232, 255.79
6.16299, -654.254, -440.897
6.0773, 650.914, 519.416
3.57724, -483.497, 540.02
6.30413, 700.865, -801.171
3.85351, -223.324, -498.566
2.75246, 475.345, 198.61
4.78866, 330.605, 266.499
2.58759, 444.86, -586.371
3.01129, 12.2902, -126.86
2.639, -240.162, 212.751
5.65921, -332.765, -464.38
6.34425, 47.065, -200.477
2.74132, 442.323, -597.036
6.6924, -35.6529, -633.641
6.76899, -192.834, -170.763
6.57649, -481.963, 547.011
6.85188, 730.908, 346.113
5.27222, -521.209, -196.5
6.12646, -223.376, -34.5994
3.20424, -477.439, 637.743
6.6115, 464.025, -457.611
5.51185, 516.543, -98.3536
4.93856, 441.209, -726.118
6.14942, -168.116, 675.361
4.05164, 774.815, -604.16
3.93925, -739.151, 242.993
5.45857, -745.118, 664.824
5.34055, 531.658, 687.827
5.41059, -653.929, -533.055
2.84132, -759.108, 182.083
4.34304, 88.9428, -219.852
6.28475, -646.488, -564.812
6.35297, -443.629, -719.953
4.27217, -400.807, -201.449
5.98913, 125.785, 702.979
5.08005, -517.972, -253.807
5.94494, 244.189, 102.518
6.18066, -56.0057, 704.041
2.56231, -274.438, -516.985
7.16549, 502.831, -43.953
5.37826, 273.51, 127.025
3.05587, 494.466, 738.695
4.87388, -101.368, -19.8687
3.24247, 313.892, 157.796
4.22594, 194.87, 376.082
7.04476, -722.261, 198.639
4.54571, 59.5312, 478.089
5.96642, -616.189, -75.5968
3.35865, 395.415, -650.676
6.21715, 735.975, -409.957
4.16319, -417.328, 633.726
4.62157, 496.647, 239.296
2.79523, -231.504, 37.8032
5.09005, 213.318, -112.008
5.94425, 353.192, -485.895
5.01149, -222.589, -69.273
6.56617, -143.46, -631.213
3.07974, 130.026, -732.609
5.24841, 307.751, 420.761
5.06046, 268.818, -19.7292
6.02649, 768.248, 429.138
5.65083, -248.793, 726.019
4.0207, -50.4347, -674.753
6.74719, 358.129, 179.192
3.39619, 545.074, -16.3663
2.61737, -432.971, -107.298
4.19467, 554.716, 0.97968
3.43818, 266.902, -7.64153
6.60467, -222.721, 85.5064
6.72507, -680.832, -195.833
6.78031, 757.66, -675.19
7.37454, -766.264, 603.628
2.99587, 381.298, -421.127
2.56182, 590.608, 534.486
2.58614, 243.564, 340.047
2.64527, 283.017, 130.614
4.1031, 90.372, -236.108
6.17815, 532.726, 261.406
3.14876, 223.819, 402.571
2.5161, -342.38, 394.04
6.91905, 67.9667, -637.821
3.70482, 277.051, -532.287
4.38481, -769.732, 678.149
4.44879, 533.088, 126.583
2.81534, 548.529, 261.838
7.30792, 161.6, 651.09
3.75349, 687.424, -249.521
6.85376, -608.774, -49.2517
2.85991, -718.46, 284.451
2.70653, -392.188, 507.239
3.46378, 248.042, -471.297
3.86708, -276.927, 291.035
7.4007, -761.812, -339.11
3.60607, 302.287, -458.161
6.43119, -772.158, 694.21
4.42306, 191.11, -336.352
3.78593, 335.957, -611.225
3.91087, -691.956, 241.88
7.33834, 685.675, -37.8636
4.22841, 544.563, 109.146
3.45922, -679.006, 603.622
5.05037, -531.237, -274.206
5.21857, -424.838, 628.964
5.72333, -628.363, -529.698
3.89738, -67.98, 612.748
3.41887, -283.186, -523.14
2.71579, -708.673, 258.572
3.98408, -467.375, -267.403
4.25548, -220.016, 127.565
7.09372, -450.023, 566.526
5.81225, 461.627, -273.169
5.08041, 665.576, 581.603
4.03763, 442.727, 436.031
3.0007, -189.73, 128.091
3.47502, 318.274, -712.9
4.11407, 80.0214, -271.997
5.56182, 728.181, 105.311
5.13511, 806.05, -784.715
3.45653, 343.128, 182.384
4.7178, -593.409, -446.229
4.48693, -479.457, 652.991
6.28051, -593.026, 695.697
6.6213, 663.779, 568.622
5.51573, 68.1005, -311.825
3.04573, 440.727, -614.388
4.11797, 385.992, -187.987
5.03403, 94.7626, 261.208
4.76521, -488.226, 668.169
4.77315, -155.794, -433.226
4.91125, 801.719, 821.013
5.07896, 344.369, -598.229
4.50207, 125.027, 700.465
4.22945, 662.291, 322.039
6.64533, 746.747, -159.626
3.02204, -651.456, -615.132
6.40057, 448.078, 447.528
3.19919, -261.95, -205.852
2.62171, -656.943, -558.33
6.0664, 372.356, -565.003
7.15538, 79.8527, -650.121
7.47667, 300.337, 82.6056
3.86264, -703.49, 183.685
3.6923, -445.449, -230.361
3.87328, 633.665, 540.542
5.70836, -694.306, -560.348
5.17637, 280.356, 108.064
6.8967, 665.948, -334.335
6.75968, -619.313, -637.565
2.98004, 674.398, -3.64651
4.66818, -689.919, 208.338
3.17045, -54.9836, -647.343
5.86802, -166.555, 240.926
5.34964, -142.953, -384.06
3.66474, -388.856, 688.791
5.50306, 253.025, -520.823
2.6551, -526.246, -30.7279
7.08512, 430.151, -290.007
3.82958, 763.266, -80.9768
6.50016, -162.624, -470.86
5.46389, 72.7505, -628.282
5.0822, 304.632, 463.786
5.2567, 316.012, 466.172
3.47225, 406.105, -180.848
5.36152, 114.599, -696.669
3.81992, 184.418, 312.535
4.41648, -748.602, 496.887
2.73626, -603.567, -787.9
4.22823, 486.253, -670.572
3.61594, 543.508, -394.894
3.81264, -42.9259, -619.779
3.05141, -338.12, -477.421
7.40088, -646.288, -84.5043
5.93794, 681.669, 550.108
5.82158, -531.378, -279.581
5.99501, -609.107, -566.915
2.68746, -660.32, -566.023
3.6706, -612.412, -534.453
3.95397, 726.102, 547.677
3.50543, -18.1741, -115.004
2.7177, 332.569, 189.152
2.56571, -400.174, 687.36
6.07297, -490.206, 693.123
6.88348, -652.685, -570.558
5.35088, -716.537, 368.25
6.92743, 797.988, 748.835
5.20042, -404.219, -201.923
3.31357, 796.013, -697.035
3.30492, 865.068, 449.047
7.19182, 312.856, 261.494
3.45628, 520.759, -659.067
3.15761, 55.2619, -208.927
4.41122, -229.539, -59.5588
6.12674, 239.296, -106.352
2.50651, 586.649, 734.052
4.60222, -56.0251, 640.833
5.18984, 259.301, -78.3705
4.86596, -181.371, 222.405
6.33003, 587.125, 731.636
2.9396, 487.994, -420.265
7.04284, 212.917, 256.23
3.20818, -627.167, -462.951
2.54782, 307.983, 42.2577
2.82267, 308.206, 404.987
4.96742, 291.149, 192.328
5.40914, 502.109, 794.764
4.03373, -736.938, 530.578
4.57091, 686.489, -23.6495
4.33401, -630.323, -509.341
3.42687, 130.2, 571.585
2.76788, 477.649, 132.651
4.47222, 433.651, -70.9268
3.98388, -298.718, -212.112
5.05388, -374.309, 654.903
3.75392, -675.38, 228.665
5.01589, 813.651, 785.965
2.51168, -79.3153, 619.857
7.01807, 714.565, -457.147
2.79181, -785.093, -765.22
5.17506, -480.655, 673.394
3.95754, -368.06, 675.262
7.3023, -664.542, -171.538
4.73406, 239.959, -22.1809
5.08479, 727.099, 199.648
5.93861, -215.855, -1.3992
2.72187, -140.624, -34.1004
7.2946, -696.265, 522.705
5.70852, 341.367, 145.881
2.80215, 308.994, -580.119
3.33964, 192.695, 275.746
5.76491, 389.903, -117.792
6.19864, -757.995, 282.497
3.57011, 730.085, 221.629
4.31441, 142.961, -610.058
6.56981, -584.559, 794.151
5.32057, 711.451, -397.798
7.45886, -45.1501, -618.819
6.5669, -740.621, 254.684
3.49157, -778.111, 3.9941
2.50003, -63.9436, -639.748
4.62608, 770.788, -653.803
4.07406, 742.312, 242.764
5.56218, 558.99, -767.21
3.83351, -116.684, -448.355
4.39881, -608.136, -47.0928
5.43397, 720.039, 228.6
5.95636, -168.526, -455.407
7.26736, -290.288, -511.697
4.89785, -321.2, -743.624
3.60319, 346.17, -613.574
5.33741, -554.916, -431.858
6.09873, 313.973, 144.017
4.4953, -484.702, 551.984
3.48326, -617.376, 785.661
6.66971, -611.284, -524.71
5.59561, -442.374, -718.165
7.26866, -220.564, 97.0751
3.23222, 39.6631, -188.146
5.38953, -169.785, -461.762
7.26796, -443.262, 579.97
3.62331, 697.814, -812.55
7.25137, -465.08, 674.125
3.07874, 768.608, -466.552
2.58372, 84.1216, -299.579
3.90465, -292.621, -153.232
7.15042, 516.399, 123.341
3.04796, 742.964, 734.983
6.77266, 40.4128, 544.366
5.68532, -551.953, -597.083
5.63853, 342.595, -606.287
3.80589, 690.474, 546.475
5.13936, -722.419, 125.773
7.16608, -216.872, 735.258
3.98055, 704.187, 60.0464
4.78006, 207.049, 317.47
6.35659, -649.628, -534.873
4.17193, 290.638, 116.42
6.31775, 123.794, -702.627
6.65892, -98.6047, 719.588
2.64618, -740.52, 517.299
4.31315, 617.157, -221.684
4.16221, 289.879, 421.558
3.17675, -447.866, -147.756
3.00839, -218.469, 618.158
5.11327, -528.811, 744.033
3.52046, -7.85115, -424.288
5.00728, -655.818, -561.732
5.1371, -32.0097, 740.728
4.13422, -185.669, -154.468
4.75888, 281.58, -316.519
6.85263, -64.2232, 688.433
4.72884, 533.4, 686.057
6.03726, -526.911, -587.99
6.83171, 813.915, -651.518
6.5822, 731.425, 215.707
2.67504, 782.268, 780.783
3.8644, -501.711, -240.187
5.21858, -335.256, -471.341
3.19942, -674.607, -582.913
5.57408, -675.931, -727.456
3.29182, -623.954, -626.589
4.41129, 168.688, 196.691
5.94997, -123.693, 154.145
3.21128, -337.734, 393.142
5.65284, -761.825, 660.106
3.15973, 135.711, 717.017
7.13583, -703.212, 218.058
5.53465, -741.702, 676.875
5.50388, -722.815, 220.696
3.33635, 474.085, -414.555
3.301, -634.802, -447.761
5.91628, 557.569, 14.2993
5.1456, -588.461, -43.4764
3.65264, -27.8445, 626.157
6.55373, -430.897, -83.6997
5.76477, -324.637, -450.152
4.08597, -668.198, -519.304
2.53953, -229.766, -640.01
3.49176, 650.369, 534.078
3.78831, 88.0519, 340.73
3.03825, 649.974, -87.0782
3.49545, 149.558, -314.194
6.75079, 808.517, -615.968
6.63912, -728.265, 262.513
6.76813, -683.039, -572.446
5.71027, 194.965, 604.077
3.6787, 706.209, -807.486
6.80638, -546.351, -601.175
5.4745, 111.42, -182.271
2.52745, 455.088, -48.9776
6.84925, -641.727, -502.785
7.37729, 490.527, 132.548
5.59653, 251.97, -20.7695
3.85574, -727.68, 149.581
7.46973, -62.3642, -379.451
4.60751, -651.718, -520.26
4.20537, -653.459, -568.502
4.80717, 293.478, 7.36807
4.44822, 187.328, -326.584
4.613, 94.3719, 538.86
2.84879, 188.132, 320.578
5.5153, 95.0956, -178.063
7.36114, -74.8298, 127.89
5.07406, -578.736, -508.139
7.45461, 672.642, -74.3978
5.84906, 507.503, -127.656
4.01716, -583.034, -20.075
3.47371, 666.024, 520.228
4.0109, -658.942, -668.893
4.93946, -383.492, 469.189
4.72438, 488.889, 788.983
5.7844, 370.591, -646.47
3.74227, -665.458, -517.248
4.72007, 38.9376, 471.768
5.75894, -594.144, -65.1125
6.67472, -671.572, 170.67
6.03698, 140.211, 753.885
4.93928, -667.758, -527.19
6.72039, 347.468, -120.636
7.00296, -441.951, -210.145
6.33082, -658.617, -597.222
5.29453, 571.782, 822.81
2.70603, 52.4244, 74.4404
5.46749, 506.93, 144.462
2.68674, -481.342, 654.047
4.53488, 152.599, 359.038
2.84243, -796.847, -825.827
7.38558, -650.825, -743.449
2.5956, -536.991, -253.379
6.60363, -196.776, -218.223
5.2195, -385.162, 685.142
5.72828, 676.286, -291.101
3.62934, -215.252, -128.011
2.733, 732.468, -644.898
3.63154, 260.072, -510.281
4.58371, -653.283, 110.957
6.40126, 215.618, -566.093
3.72852, -730.381, 274.189
4.81411, 477.421, 131.165
6.14756, 692.174, 163.718
5.35237, -374.49, 667.014
5.45997, 811.544, 785.527
4.98425, -699.813, 161.722
3.951, 334.814, 107.605
4.71107, 50.4938, -212.323
2.53669, 754.777, -598.028
7.41683, 467.093, -269.382
2.52822, -755.563, -193.916
4.8676, -30.6569, 627.914
5.86497, -209.494, -240.885
