6.27803, -705.107, -670.54
3.5948, 72.4901, -169.038
5.89648, 363.764, -737.932
5.09708, -260.786, 751.413
2.76731, -839.696, 646.246
2.53849, 293.075, -10.7628
4.58743, -675.113, -206.813
7.15218, 215.316, 344.007
2.95982, 28.4545, 571.856
6.00595, -186.897, 213.195
3.81226, 603.497, 717.909
4.14117, 444.097, -730.915
7.45519, 347.464, 140.607
7.41275, -533.904, -265.2
5.75759, 354.861, 354.491
6.92354, 229.051, -681.049
6.33247, -150.448, -504.416
3.87453, -528.281, -115.385
4.93259, -517.412, -243.535
2.80282, 783.464, 798.866
5.08146, -80.7795, 614.398
4.96988, 734.52, -465.607
7.23882, -627.988, -480.787
4.42071, -9.01475, -627.196
5.14874, 793.29, -407.688
2.75042, 678.56, 34.1521
6.63909, 453.814, 461.073
5.94228, -697.151, -562.814
6.18112, 254.192, 671.898
6.94286, 797.515, 449.993
4.25508, -344.067, -452.73
6.72991, 200.56, -17.9447
3.84659, 514.547, -134.042
4.83959, 37.0283, -195.925
3.2686, -643.696, -502.067
2.66527, 502.076, 124.444
7.2768, 44.8224, 81.7518
6.95369, 137.074, 394.534
3.29884, 484.089, 108.424
3.15214, 387.871, -531.779
2.515, -422.146, -698.2
6.0491, -656.141, -206.653
3.40448, -456.277, 669.816
5.76029, 691.707, -291.109
4.42907, 386.913, -619.997
3.23766, 76.2108, -185.467
5.45054, 584.359, 19.5226
3.24076, 102.755, 703.148
3.2091, -147.882, 757.992
4.94257, -410.173, 54.3676
3.13015, 705.989, -17.6064
5.64635, -281.391, -469.456
5.60817, 226.768, -546.382
4.88216, -495.814, 551.73
2.64188, -382.049, -137.109
3.21011, 20.5931, 639.435
3.15594, -223.338, 760.954
3.31099, -760.219, 666.496
3.76529, -184.997, -643.357
4.77654, 496.265, -703.821
6.54472, -51.5945, -243.689
3.57624, 263.327, 669.432
3.75063, 666.871, 349.337
5.02978, -36.159, 630.021
6.27922, 535.407, 119.858
5.66369, 693.071, -35.7347
5.9449, 513.809, -120.304
7.27207, 785.171, 429.468
5.18713, -463.838, 560.316
4.57014, -579.462, -101.275
4.70019, 547.453, 121.585
6.07821, 621.818, 418.334
6.20858, 320.357, 436.001
5.12494, 691.073, -840.774
6.06711, -680.078, -125.722
5.91025, 354.455, 2.27427
6.82941, 775.772, -498.772
3.19597, -62.4578, 638.696
3.57766, 745.674, -219.638
5.0733, -275.995, -155.535
4.83766, 18.9229, 568.264
3.55759, -256.353, 605.102
5.65244, -622.609, 799.619
2.5044, -710.233, 193.887
4.09589, 301.571, 431.256
5.90281, 285.573, 11.9235
6.0446, 566.002, -481.529
2.90869, -699.277, 527.193
3.56926, 296.529, 405.905
4.44412, -723.748, -590.018
4.44927, 744.738, 744.156
3.92018, 310.453, -467.447
4.6123, 464.608, 469.979
2.55658, -662.436, -524.83
3.72027, 826.942, -647.398
4.49072, -658.857, 581.943
6.64177, -753.019, 267.789
3.78584, 768.778, -697.502
3.59705, -641.022, -482.651
6.47385, 288.182, 345.395
5.8476, 387.239, 355.882
5.49108, -736.221, 203.291
5.99917, -305.174, -489.496
5.13062, 470.034, -659.762
4.14833, 276.541, 96.3959
3.30844, -822.629, 244.099
6.56633, 573.222, 35.0759
4.08004, 334.373, 195.042
4.05369, -60.5054, -682.876
4.65424, 44.478, 75.2038
4.46509, -203.041, -516.097
4.43916, 96.9406, -169.095
4.34871, -593.73, -417.182
5.88118, 315.563, -465.717
6.10384, 270.187, -49.3415
7.20082, 3.11402, 747.795
5.08573, -108.381, -418.083
5.5282, -141.968, 257.728
5.85049, -584.302, 782.2
5.11404, 47.6631, -96.0004
3.87105, -751.621, 580.812
7.08924, 189.368, 314.765
3.73367, 736.806, -482.893
4.77876, 309.946, 404.102
3.30374, -781.828, 605.551
4.68319, 203.846, 251.712
7.45767, 335.989, 155.678
6.26931, -354.593, 377.584
4.97846, -699.275, -581.479
7.01651, -613.757, -644.1
4.68213, 495.382, 441.613
5.09239, 89.0639, -726.809
4.44866, 127.561, -550.56
5.63431, -105.068, -410.903
5.19331, 352.541, 190.586
4.35955, 536.126, -453.819
2.54674, -259.742, 265.164
6.3794, 12.3218, -632.695
2.85317, -726.206, -523.318
3.98511, 387.348, -651.016
4.78581, -45.6618, -639.267
3.25156, -95.097, -15.3878
5.97819, 554.163, -385.361
4.15587, 331.539, 163.56
5.21197, 789.177, -746.747
2.64678, 674.577, -848.86
5.38086, 11.2461, -139.546
5.18133, 219.228, 415.761
7.36678, -679.824, -740.715
5.57063, -257.715, -473.098
5.26431, -701.349, 226.639
6.69051, -236.281, 726.846
3.75764, -468.02, 658.195
6.98957, 514.658, -134.625
5.97428, 508.299, -424.744
5.82752, -431.846, -97.9785
3.06838, -644.076, -484.915
3.37987, -731.713, 201.769
2.91253, -96.4846, 118.46
6.68103, -120.018, 275.294
2.64818, 762.223, -646.823
6.34719, -32.9524, -642.668
4.29829, -440.424, 694.83
6.24626, 66.4343, 494.04
6.28385, 306.764, 154.989
3.60834, -467.232, -701.86
5.58305, 229.322, 122.878
3.66846, -388.636, -225.749
6.22052, -684.818, 203.094
5.80997, -692.457, -562.523
4.9209, 804.693, -594.995
2.58972, 758.335, 99.9966
4.98291, 335.922, 176.452
5.09587, 11.0227, -674.759
4.71395, -734.256, 401.689
4.14528, -66.2872, 751.034
3.52671, 420.798, -62.5562
7.19863, -72.7728, -407.722
2.85168, -538.499, 676.95
3.30042, 84.4712, -657.809
6.70788, -591.552, -91.8571
4.13614, -187.349, -193.121
6.85942, 235.86, 325.356
5.99896, 576.176, 499.718
5.52801, 757.856, -145.675
4.77536, 40.1454, -192.969
2.91543, -441.236, -170.842
3.94883, 103.15, -173.876
6.51009, -645.547, -599.655
6.81821, 282.219, -10.8866
3.81831, 309.948, -485.062
4.79881, -664.906, -239.324
4.95672, 480.991, -427.91
5.82344, -442.02, -743.739
7.31738, -553.124, -180.347
7.23022, 484.149, -653.253
2.81902, 251.251, -525.128
5.04829, -564.512, -276.28
6.13222, 710.691, 526.008
5.65882, 442.369, -221.568
3.26658, -798.796, -823.303
5.09652, -735.03, 406.315
3.52281, -435.712, 646.28
6.03231, 370.698, -744.016
6.05786, -416.136, -94.4648
3.66304, -411.221, -252.301
6.80594, 105.957, -178.8
2.67122, 3.75114, 737.875
6.26587, -716.641, 212.808
4.14789, 523.676, 129.388
4.65309, -42.202, -397.178
7.33455, 677.075, -131.519
4.05803, 669.12, 584.026
5.69762, 808.037, -727.962
5.95386, 703.677, -20.277
5.36403, 50.4326, 576.826
6.60667, 798.587, -591.918
4.21807, -687.025, -560.046
5.09387, -701.182, -555.543
6.78438, 95.3892, -709.123
6.18587, 286.62, -22.7507
3.45992, -692.842, 209.722
2.83145, -299.473, 290.666
3.60828, 764.233, -686.218
3.33656, -131.497, -138.403
6.31172, 354.01, -717.251
5.44905, -729.2, 276.9
4.65223, 800.631, 778.918
7.09618, 570.654, -4.8082
5.09668, 338.371, 201.383
7.38058, -585.574, -88.9303
5.15714, -384.43, 28.8373
2.98716, 302.867, 169.458
5.83983, 285.248, 93.3212
5.44444, 225.615, 9.52761
5.01137, -587.208, -63.1559
2.75808, -719.961, 209.146
2.6753, -186.533, -123.281
4.41484, -659.406, -540.863
5.55555, 253.631, 117.781
5.06574, 588.12, 741.643
5.98498, 301.164, 8.97037
4.89891, 30.3934, -142.278
3.88323, 77.5991, 408.75
6.01685, -398.034, 126.859
3.67701, 678.466, -43.8503
6.41501, 31.2463, -162.028
6.60589, 221.278, 654.322
3.21842, -458.787, -16.8603
5.75757, -442.663, 702.39
3.87677, 846.996, -739.961
7.26215, -469.839, 612.362
4.58238, -585.747, -92.9711
3.03869, -127.512, 285.528
4.70633, -733.989, 490.94
6.28811, -378.063, -197.007
2.77803, -432.238, -254.309
3.51241, -15.8076, 55.5268
6.82305, 784.219, -645.212
6.52456, -221.905, -37.8459
2.78861, -663.3, -461.511
4.40304, 10.0166, -633.978
4.56124, 17.8463, 623.632
2.80071, -291.4, 302.937
7.09746, 686.097, 559.7
3.35398, 554.203, 769.027
6.51634, -745.731, 213.667
3.88599, 577.781, 2.43417
4.44586, 135.688, 730.705
7.19936, 28.0564, 609.564
6.24573, 104.779, -193.54
3.44774, -377.65, 698.41
6.89581, 318.043, 448.207
6.8953, 339.508, -674.139
3.30515, -674.724, -187.069
5.87346, -633.353, -248.957
6.89096, 592.225, 125.599
6.98262, 293.889, 419.372
3.06535, -64.7984, 618.135
5.93789, -162.826, -235.366
3.21651, -679.622, -554.722
3.6901, 265.261, 2.6504
5.64383, 756.67, -165.388
4.312, 665.974, 351.51
4.64437, 636.87, 576.699
4.91936, -8.68822, -629.081
6.20379, 82.7265, -168.918
3.23098, -434.241, 611.936
7.36238, -666.859, -587.95
7.3158, -512.781, -215.902
3.14741, -403.977, 547.828
5.3784, -219.082, -465.787
4.66439, 56.4601, -183.364
5.50066, -272.109, -207.731
5.85098, -593.363, -85.3776
4.5137, 420.72, 830.226
6.46691, 658.445, 573.578
4.89889, -702.248, -202.481
5.72449, 306.848, 262.75
4.28836, -253.1, 605.672
5.96794, -264.158, -210.464
5.83428, -433.496, -588.189
3.22071, -478.94, 578.202
7.10415, -718.099, 245.347
4.22228, 89.2905, -192.836
6.66824, -342.849, -448.963
2.74349, 306.956, -574.688
3.27936, -221.253, -2.27983
2.55765, 280.679, 403.043
3.94327, 55.2735, 545.855
5.07295, -295.868, -155.873
3.65948, 635.062, 425.646
2.75022, -232.933, -15.4794
5.33091, -601.378, -648.709
6.69774, -27.926, 679.048
4.28763, -662.84, -552.543
4.3452, 157.667, 766.953
7.22226, 328.709, 0.185635
4.72425, -706.779, -198.681
6.82086, 321.395, 202.458
5.82654, -687.714, -524.472
5.79297, 126.358, 577.242
7.10736, -837.166, 834.428
5.11536, 805.527, -731.102
5.45229, 372.517, -423.998
5.79944, 691.64, 561.928
4.24765, 287.462, 415.558
4.11714, 271.553, -27.626
7.08984, -30.133, 642.904
3.08619, 709.13, -472.664
7.31268, 559.502, -122.954
5.17978, 78.3755, -181.048
5.81447, 692.661, 571.039
5.48362, 745.086, -445.676
6.93363, -516.93, -633.631
6.67999, -634.699, -537.155
6.69339, 274.785, 129.334
6.85642, -145.449, 250.895
2.5002, -789.129, 268.317
4.77274, 387.718, 199.935
4.25696, -740.416, 213.42
5.80713, -229.804, 625.893
6.22234, -713.505, 192.661
3.3821, -176.308, -429.156
7.4621, 848.423, -619.44
5.95466, -744.009, 212.725
6.97862, 255.609, 0.366364
3.51579, 271.03, -16.8568
7.2356, -452.716, -177.781
4.88476, 765.428, -440.853
6.78578, 755.48, -615.382
6.41237, -657.791, -571.273
5.70687, 802.861, -747.271
3.14521, -694.947, 264.387
5.77944, -74.8461, 621.829
3.09199, 72.6095, -49.0045
3.88793, 241.348, 685.867
6.65548, -252.431, -225.621
6.14153, -603.156, -503.203
6.74348, -641.688, 256.432
3.43989, -672.22, -744.705
6.09602, 447.654, -303.764
4.25586, 191.388, 254.579
3.34555, -423.584, -581.473
4.52383, 247.464, -593.206
4.20924, 136.71, 667.431
6.67141, 288, 4.98931
3.9111, 674.842, 582.652
5.16766, -646.659, -495.891
6.25085, 782.035, -788.679
4.62554, -621.688, -600.551
4.66964, -430.046, 669.049
3.03022, 770.075, -860.95
6.4639, -84.5904, -412.293
3.91232, -686.853, -534.989
7.14264, -460.607, -219.235
5.37926, 309.952, 430.737
3.4895, 664.43, -321.51
5.99081, 464.285, -623.459
3.07265, 326.271, -687.127
4.22945, 255.897, 679.543
4.15646, -462.538, -221.417
6.42735, 819.598, -743.936
6.65775, 408.661, -147.489
4.21712, -684.472, 687.163
4.2603, -228.094, 747.254
6.38197, 42.6059, -604.731
6.58658, -20.206, 674.006
4.26157, -239.367, 221.051
7.09559, -428.841, -190.403
3.2877, 407.26, 148.517
5.56029, -414.927, 596.172
5.54222, -477.5, 577.24
3.16647, -194.043, -576.97
3.51409, -622.662, -483.337
4.79457, -699.16, 542.407
3.48759, -458.092, 675.732
6.77118, -787.235, 277.478
6.54562, -715.472, -568.647
2.80131, -788.078, 658.05
6.50584, -675.834, 566.87
5.49597, -173.054, -427.938
7.43182, -740.759, 208.775
2.65919, -63.2076, 642.456
6.8356, 767.013, -668.5
3.69109, 545.194, 252.41
3.6127, 196.778, 339.188
4.73907, -655.173, -581.469
2.61231, 779.843, -91.3079
6.79755, -235.002, -57.7769
4.15902, 254.786, 355.312
5.72195, 326.058, 248.403
7.43521, -654.847, -605.825
5.30162, 288.538, -482.364
4.74553, -673.648, -185.107
5.213, 76.4691, -663.397
2.90797, 720.698, -50.6779
3.99606, -676.125, -167.06
6.63964, 673.966, 562.66
6.48936, 482.725, 761.253
5.71048, -61.1564, 704.494
4.84105, 515.753, 225.754
7.15326, -152.999, -422.595
5.08798, -253.226, -8.31214
7.42924, 793.572, -418.414
5.94567, -16.6068, -571.595
6.19966, -160.067, -440.288
3.46323, -454.433, -749.878
6.08881, -493.718, 548.235
6.11146, 559.867, -50.9184
6.49298, 250.16, 122.054
4.23216, 236.26, -795.38
5.1481, 82.8884, -285.956
3.19001, 664.848, -287.004
6.73218, -254.906, -235.234
6.32766, -34.1815, -640.518
7.5, 736.678, -455.476
4.24891, 483.675, 839.452
5.50367, -444.424, 646.303
3.50808, -430.894, -2.96378
6.2385, 39.9689, 66.4644
6.49225, 745.683, 203.692
3.03505, -648.064, 108.028
5.35813, -422.324, 2.87084
2.84683, 295.714, -315.539
4.16036, 729.178, 573.724
5.80945, 339.366, -621.71
5.27726, -6.93358, -143.101
7.12415, 209.17, 4.3331
2.69832, -396.576, 78.2093
2.62083, -216.204, 94.949
4.61923, 229.059, -533.283
4.36987, 333.647, 208.182
2.93303, -247.128, -233.654
3.05403, -67.7541, 163.299
5.31992, 315.392, -378.078
7.37269, -8.97015, 666.085
3.05066, -29.9876, -644.985
5.99352, 146.947, 719.995
2.79674, -22.4384, -569.312
4.69755, 680.843, -44.0791
5.24651, 821.232, 647.523
3.45129, 589.159, -656.533
7.36597, 336.587, 241.365
3.19593, -600.723, -69.6996
5.48978, 765.073, -437.58
7.12812, -777.277, 689.182
3.91116, 7.77778, 750.876
6.8307, -122.291, -116.464
6.29598, -114.369, -418.374
6.10793, 309.903, 415.059
3.34241, -267.075, 296.881
3.32882, 740.839, 364.56
3.39076, -655.975, -757.656
5.87226, 254.879, -478.819
4.83484, -170.035, -142.939
6.85219, -671.419, -362.49
5.76023, -615.912, -39.222
5.80464, 769.356, 745.761
2.58037, -563.026, -500.521
4.30596, -686.39, -523.31
3.72747, 710.476, 106.972
6.93086, -804.959, -776.781
5.23701, 766.488, 800.786
6.57209, -42.1162, -628.534
5.24453, 131.028, 720.781
4.16156, 405.26, -48.1698
4.40213, -69.2919, -582.259
2.52389, 730.029, 524.85
6.95226, -144.495, -441.744
6.16955, -418.333, 621.299
6.04239, -63.0902, 622.216
5.1278, 36.2779, -167.588
6.41065, -53.5148, -636.267
3.42484, -386.889, -399.942
5.72673, 228.228, 410.195
3.42178, -532.571, -252.72
3.31214, 19.0758, -123.641
2.65594, -232.232, 768.88
7.42716, 72.3392, -664.653
4.04559, -258.292, -511.14
4.11075, -533.234, -237.005
5.51155, 252.243, -115.748
2.89107, -280.507, -751.312
3.93936, 34.1106, 65.4364
5.79307, -177.982, -424.918
7.36348, -747.405, -362.128
7.27758, -362.647, -631.843
7.42745, -542.117, -258.578
7.30478, -699.862, -518.078
3.0073, -408.651, 642.235
3.71505, -154.189, -438.984
6.91151, 125.855, -225.219
5.28805, 308.172, 426.629
6.7669, 654.916, 585.181
7.49145, -438.473, 590.881
3.99751, -202.815, -598.649
6.33157, 801.375, 458.384
4.81901, 225.169, -124.684
6.8168, -618.004, -653.027
6.99018, 756.125, -138.222
7.377, 221.251, -382.802
2.77405, 496.256, 103.257
6.32605, 791.501, -695.416
5.09219, -777.257, 638.7
3.46574, 788.531, -130.266
6.98252, 269.62, -547.277
6.38492, -771.291, 167.292
2.75968, 324.067, 496.176
7.47331, -756.724, 657.471
5.93659, -105.137, -429.491
5.94854, 783.819, 470.896
6.57666, -489.093, 693.983
7.05426, -132.377, -429.388
3.34218, -143.38, 247.103
5.24183, -501.87, 664.769
6.53351, -404.154, -207.974
4.17803, 313.156, -461.04
5.53435, -96.4299, -24.0915
6.59602, -652.898, 231.519
7.3485, 44.6197, -191.431
6.29349, 595.003, 495.094
3.72113, -117.671, -112.6
5.80589, -572.557, 315.629
4.21574, -513.307, -228.938
7.27146, 300.106, -330.613
2.60828, 690.737, 583.305
4.54979, -842.662, 816.041
2.55789, 487.848, -677.772
3.04964, 750.728, 238.138
5.28259, -777.264, 166.471
4.45466, 67.0434, -126.919
7.20539, -12.2658, -129.36
2.55572, 178.928, 379.862
6.22897, -167.367, -435.581
3.84293, 272.867, 103.64
4.27153, -599.555, -545.31
3.45835, -400.557, 638.974
5.14832, 270.022, 14.4558
4.39478, -46.9783, -631.353
3.16407, -110.72, -686.826
4.26563, -170.037, -428.774
4.2497, 757.551, 801.395
7.41084, 510.887, -52.0978
5.25961, 99.8689, -250.322
4.99918, 22.9756, -624.097
3.58531, -713.457, 256.949
4.37311, -84.453, -421.563
6.78251, -643.194, -500.672
6.45578, 772.657, -471.389
3.9204, -537.193, 678.795
5.07645, 276.534, 201.597
6.79238, -238.82, -4.46942
7.07844, -691.378, -241.047
7.48941, 109.829, 702.186
6.53177, 30.082, -167.997
5.22718, -741.86, -215.895
7.3461, 72.8867, -669.172
5.31931, -547.779, 350.173
4.03031, -413.861, 641.986
5.41853, 713.808, 728.377
2.91197, 105.898, -178.058
5.47382, 310.325, 478.482
3.31968, -690.49, -528.075
6.46527, -662.899, -533.257
2.95373, 610.387, 582.749
6.3072, -512.644, -632.958
6.83996, -224.386, -59.6636
6.40105, 111.267, -224.019
6.61399, 740.317, 745.295
6.70974, 268.612, 500.423
4.48328, 321.529, 137.952
6.508, -99.7085, 120.369
6.56811, 320.074, 37.8891
5.43493, -391.727, 41.6722
4.64621, 701.075, -73.0697
2.5002, -135.936, -367.573
5.31153, -774.936, 273.343
6.22632, 348.891, 205.11
3.89846, 748.019, 224.515
2.93406, -770.289, 497.081
3.5733, 813.4, -726.652
3.93296, -398.051, 665.802
4.86595, -391.536, 439.557
6.95893, 768.445, 748.919
5.91955, 471.74, -425.422
3.54376, 30.8301, -217.319
6.67533, 779.35, -33.4598
7.09218, 816.506, 824.25
4.48244, -505.303, -655.011
6.37858, 448.215, 427.487
5.68161, -76.387, -84.4956
6.64746, 325.887, 127.532
3.40204, 489.318, -428.604
7.45927, 490.777, -646.089
6.70558, -92.2603, -651.304
4.65177, 777.157, 195.036
4.38589, 500.041, 780.779
2.70802, 492.256, -427.553
6.80715, -585.816, -451.282
6.62116, 784.12, -774.852
6.25052, -56.2276, 613.387
3.55801, -199.462, 733.97
4.31029, -718.994, -239.709
4.43545, -710.748, -544.021
7.32918, 605.262, 560.341
6.5872, -58.5342, 625.361
4.5755, -20.5672, 396.399
5.83759, 267.905, 122.94
2.52101, 484.748, 827.045
6.98048, -695.987, 216.891
3.68416, -281.028, 294.051
3.79415, 284.644, -218.242
5.4939, 348.071, -613.689
6.89823, -711.121, 267.639
6.16299, -653.65, -447.672
6.0773, 658.744, 524.564
3.57724, -493.329, 526.951
6.30413, 708.507, -814.25
3.85351, -214.053, -500.853
2.75246, 485.222, 205.664
4.78866, 333.858, 275.078
2.58759, 442.841, -592.957
3.01129, 12.1648, -144.661
2.639, -240.882, 216.87
5.65921, -345.763, -474.979
6.34425, 39.6062, -195.934
2.74132, 451.816, -613.183
6.6924, -39.1612, -624.958
6.76899, -197.461, -172.399
6.57649, -490.501, 545.022
6.85188, 736.975, 347.959
5.27222, -528.564, -192.552
6.12646, -223.656, -33.5245
3.20424, -473.927, 653.173
6.6115, 470.851, -458.646
5.51185, 533.558, -110.184
4.93856, 445.374, -740.203
6.14942, -172.964, 686.771
4.05164, 771.755, -611.402
3.93925, -735.933, 249.083
5.45857, -753.372, 675.774
5.34055, 532.907, 701.474
5.41059, -694.74, -528.41
2.84132, -754.899, 182.1
4.34304, 97.5039, -226.728
6.28475, -668.715, -570.314
6.35297, -440.227, -732.728
4.27217, -391.213, -207.276
5.98913, 134.688, 724.751
5.08005, -529.488, -254.456
5.94494, 249.172, 118.661
6.18066, -57.2859, 709.321
2.56231, -281.491, -536.486
7.16549, 513.509, -50.0142
5.37826, 248.558, 113.286
3.05587, 491.524, 750.714
4.87388, -104.747, -10.1743
3.24247, 310.644, 145.261
4.22594, 184.958, 380.345
7.04476, -742.174, 208.741
4.54571, 53.1104, 482.873
5.96642, -617.255, -66.6891
3.35865, 397.206, -665.433
6.21715, 752.396, -406.984
4.16319, -416.563, 631.054
4.62157, 508.8, 248.57
2.79523, -234.292, 28.9493
5.09005, 212.971, -126.402
5.94425, 361.559, -491.936
5.01149, -228.966, -64.964
6.56617, -149.05, -640.605
3.07974, 132.205, -751.583
5.24841, 318.66, 418.689
5.06046, 273.194, -28.0207
6.02649, 775.139, 432.252
5.65083, -256.966, 736.948
4.0207, -42.3504, -676.535
6.74719, 348.984, 193.146
3.39619, 546.391, -18.4116
2.61737, -436.077, -103.711
4.19467, 569.888, 4.98273
3.43818, 278.321, -27.0707
6.60467, -227.498, 99.7904
6.72507, -702.135, -197.017
6.78031, 767.282, -670.122
7.37454, -779.035, 603.678
2.99587, 383.575, -423.334
2.56182, 586.321, 542.416
2.58614, 246.936, 358.397
2.64527, 273.399, 122.798
4.1031, 103.357, -251.62
6.17815, 541.818, 265.36
3.14876, 232.362, 412.968
2.5161, -339.279, 398.587
6.91905, 72.982, -643.349
3.70482, 273.242, -528.412
4.38481, -771.904, 677.194
4.44879, 540.894, 130.817
2.81534, 557.555, 273.408
7.30792, 160.294, 666.232
3.75349, 694.676, -260.83
6.85376, -611.939, -50.0571
2.85991, -721.237, 297.705
2.70653, -406.441, 510.966
3.46378, 260.215, -479.216
3.86708, -281.04, 299.448
7.4007, -779.59, -338.886
3.60607, 311.723, -454.788
6.43119, -781.587, 711.578
4.42306, 196.078, -343.915
3.78593, 355.931, -608.162
3.91087, -709.203, 231.96
7.33834, 702.818, -42.6315
4.22841, 560.016, 110.513
3.45922, -692.625, 619.304
5.05037, -532.774, -287.948
5.21857, -439.336, 621.946
5.72333, -623.366, -539.639
3.89738, -72.4794, 635.548
3.41887, -282.245, -536.19
2.71579, -713.38, 266.509
3.98408, -469.081, -270.598
4.25548, -228.7, 126.896
7.09372, -442.315, 576.915
5.81225, 465.16, -276.191
5.08041, 671.029, 576.86
4.03763, 445.045, 445.132
3.0007, -199.768, 132.16
3.47502, 317.3, -731.9
4.11407, 72.9105, -267.752
5.56182, 742.66, 104.859
5.13511, 818.726, -801.418
3.45653, 352.742, 187.88
4.7178, -610.537, -443.081
4.48693, -499.601, 671.605
6.28051, -597.425, 704.297
6.6213, 676.756, 576.312
5.51573, 72.4375, -321.991
3.04573, 453.283, -624.218
4.11797, 390.209, -190.065
5.03403, 87.5959, 264.772
4.76521, -494.66, 678.359
4.77315, -154.193, -443.443
4.91125, 811.513, 834.324
5.07896, 349.867, -620.884
4.50207, 137.498, 708.894
4.22945, 681.477, 325.029
6.64533, 763.232, -166.537
3.02204, -641.865, -632.932
6.40057, 451.44, 458.278
3.19919, -263.063, -209.549
2.62171, -657.904, -545.105
6.0664, 373.253, -569.559
7.15538, 88.782, -656.928
7.47667, 293.419, 79.8965
3.86264, -713.525, 180.681
3.6923, -448.557, -228.841
3.87328, 662.006, 542.629
5.70836, -689.115, -565.296
5.17637, 285.513, 118.399
6.8967, 671.589, -331.69
6.75968, -615.27, -646.531
2.98004, 680.252, -2.15023
4.66818, -697.639, 205.951
3.17045, -74.8958, -662.671
5.86802, -167.013, 244.916
5.34964, -138.311, -383.337
3.66474, -393.808, 675.743
5.50306, 254.164, -531.275
2.6551, -541.004, -22.7183
7.08512, 443.414, -291.091
3.82958, 780.81, -89.7449
6.50016, -166.689, -478.862
5.46389, 80.838, -630.128
5.0822, 308.375, 474.865
5.2567, 327.635, 475.696
3.47225, 414.446, -186.076
5.36152, 117.489, -698.529
3.81992, 179.428, 324.485
4.41648, -754.972, 496.695
2.73626, -607.961, -799.18
4.22823, 489.263, -677.754
3.61594, 551.385, -393.639
3.81264, -46.1722, -651.019
3.05141, -353.566, -470.907
7.40088, -656.673, -79.1166
5.93794, 690.571, 570.668
5.82158, -532.721, -292.979
5.99501, -608.018, -578.037
2.68746, -667.566, -587.199
3.6706, -601.432, -548.139
3.95397, 731.811, 547.76
3.50543, -2.39653, -125.963
2.7177, 329.897, 211.098
2.56571, -399.958, 679.396
6.07297, -491.809, 713.307
6.88348, -684.586, -571.407
5.35088, -732.584, 371.553
6.92743, 802.143, 757.02
5.20042, -401.018, -204.204
3.31357, 814.218, -699.274
3.30492, 876.363, 451.852
7.19182, 323.123, 272.096
3.45628, 521.183, -662.602
3.15761, 34.9518, -212.091
4.41122, -230.003, -67.3507
6.12674, 242.664, -111.906
2.50651, 587.25, 741.125
4.60222, -69.3065, 642.048
5.18984, 258.717, -91.1432
4.86596, -180.706, 218.633
6.33003, 584.282, 744.667
2.9396, 487.355, -415.158
7.04284, 207.751, 262.357
3.20818, -646.234, -453.961
2.54782, 311.225, 35.7499
2.82267, 301.113, 404.731
4.96742, 296.663, 204.388
5.40914, 500.154, 806.211
4.03373, -754.108, 533.282
4.57091, 695.339, -25.3882
4.33401, -625.117, -517.848
3.42687, 139.76, 578.481
2.76788, 490.226, 131.539
4.47222, 437.597, -71.0137
3.98388, -304.736, -210.235
5.05388, -370.411, 676.674
3.75392, -679.348, 227.757
5.01589, 818.495, 794.901
2.51168, -63.1814, 619.613
7.01807, 721.245, -454.439
2.79181, -799.407, -781.706
5.17506, -492.346, 694.11
3.95754, -365.807, 690.272
7.3023, -673.788, -171.954
4.73406, 242.339, -35.6923
5.08479, 730.388, 195.908
5.93861, -218.54, 6.02864
2.72187, -142.481, -26.2601
7.2946, -703.236, 531.503
5.70852, 359.709, 148.05
2.80215, 328.592, -584.134
3.33964, 183.105, 274.313
5.76491, 396.584, -124.786
6.19864, -764.429, 299.374
3.57011, 742.883, 223.791
4.31441, 144.747, -617.359
6.56981, -592.195, 810.232
5.32057, 725.024, -402.915
7.45886, -29.41, -645.972
6.5669, -755.442, 267.933
3.49157, -793.19, 2.14734
2.50003, -71.4788, -655.837
4.62608, 778.623, -667.926
4.07406, 750.621, 234.087
5.56218, 562.596, -779.137
3.83351, -131.611, -455.536
4.39881, -616.282, -61.4988
5.43397, 732.022, 228.136
5.95636, -177.247, -465.098
7.26736, -296.85, -515.367
4.89785, -320.654, -757.526
3.60319, 346.175, -603.715
5.33741, -560.156, -432.631
6.09873, 306.299, 161.164
4.4953, -500.498, 546.785
3.48326, -623.573, 796.189
6.66971, -603.814, -549.804
5.59561, -441.895, -725.882
7.26866, -223.874, 102.136
3.23222, 42.9262, -200.375
5.38953, -151.47, -452.95
7.26796, -443.142, 577.038
3.62331, 694.974, -821.771
7.25137, -463.625, 688.275
3.07874, 777.251, -469.737
2.58372, 88.5247, -289.822
3.90465, -294.813, -155.369
7.15042, 515.986, 122.533
3.04796, 735.706, 738.718
6.77266, 43.1588, 554.965
5.68532, -558.188, -613.776
5.63853, 350.526, -611.022
3.80589, 699.158, 549.181
5.13936, -737.148, 120.012
7.16608, -217.52, 744.566
3.98055, 720.649, 61.4422
4.78006, 202.676, 324.692
6.35659, -634.629, -540.286
4.17193, 293.642, 115.268
6.31775, 114.282, -716.992
6.65892, -93.8611, 739.859
2.64618, -740.425, 523.012
4.31315, 623.947, -224.861
4.16221, 284.361, 416.574
3.17675, -458.022, -153.026
3.00839, -218.813, 615.111
5.11327, -538.776, 745.812
3.52046, -0.98641, -432.177
5.00728, -689.405, -569.147
5.1371, -34.2083, 756.817
4.13422, -182.561, -163.951
4.75888, 278.645, -321.635
6.85263, -68.7179, 708.252
4.72884, 537.069, 700.89
6.03726, -521.383, -611.332
6.83171, 824.611, -659.182
6.5822, 748.93, 221.787
2.67504, 782.54, 781.326
3.8644, -518.159, -249.614
5.21858, -339.01, -468.939
3.19942, -687.361, -583.403
5.57408, -685.407, -736.108
3.29182, -617.75, -627.709
4.41129, 161.634, 198.005
5.94997, -125.439, 154.888
3.21128, -342.707, 400.912
5.65284, -778.976, 664.269
3.15973, 143.027, 725.986
7.13583, -690.975, 210.27
5.53465, -759.907, 682.794
5.50388, -732.402, 240.755
3.33635, 480.28, -434.373
3.301, -652.884, -436.075
5.91628, 560.313, 13.2681
5.1456, -596.767, -46.6206
3.65264, -32.8612, 625.592
6.55373, -437.181, -76.4526
5.76477, -326.672, -456.726
4.08597, -664.336, -531.135
2.53953, -233.693, -654.976
3.49176, 656.18, 531.147
3.78831, 80.2503, 343.392
3.03825, 667.797, -80.5287
3.49545, 147.128, -323.173
6.75079, 809.306, -628.917
6.63912, -747.423, 255.625
6.76813, -704.691, -571.557
5.71027, 207.153, 617.175
3.6787, 697.777, -817.208
6.80638, -536.354, -611.183
5.4745, 96.0604, -191.93
2.52745, 461.983, -48.3887
6.84925, -637.419, -500.425
7.37729, 501.093, 122.602
5.59653, 266.103, -22.3727
3.85574, -728.477, 162.313
7.46973, -73.9626, -390.367
4.60751, -649.359, -502.915
4.20537, -688.274, -558.193
4.80717, 289.12, -7.67827
4.44822, 190.751, -329.369
4.613, 90.6427, 535.392
2.84879, 176.489, 317.987
5.5153, 101.968, -165.724
7.36114, -70.7052, 134.569
5.07406, -591.832, -498.712
7.45461, 689.529, -82.4042
5.84906, 511.077, -137.51
4.01716, -583.832, -9.29662
3.47371, 686.029, 529.313
4.0109, -672.129, -688.527
4.93946, -383.315, 468.908
4.72438, 489.227, 803.654
5.7844, 369.179, -662.667
3.74227, -683.515, -523.476
4.72007, 34.792, 472.33
5.75894, -590.578, -68.1657
6.67472, -669.389, 171.66
6.03698, 142.775, 764.534
4.93928, -684.938, -532.502
6.72039, 350.719, -129.095
7.00296, -446.01, -215.864
6.33082, -659.316, -593.325
5.29453, 578.255, 831.319
2.70603, 45.5216, 84.947
5.46749, 517.416, 147.943
2.68674, -496.784, 669.255
4.53488, 146.722, 368.473
2.84243, -808.7, -832.054
7.38558, -662.885, -757.486
2.5956, -537.606, -263.617
6.60363, -195.896, -221.351
5.2195, -380.022, 692.682
5.72828, 690.645, -292.401
3.62934, -217.801, -122.328
2.733, 744.3, -644.022
3.63154, 255.484, -509.728
4.58371, -652.215, 114.318
6.40126, 214.472, -574.018
3.72852, -730.892, 292.46
4.81411, 489.707, 133.233
6.14756, 710.502, 176.154
5.35237, -365.678, 674.302
5.45997, 824.929, 798.79
4.98425, -720.803, 159.908
3.951, 347.626, 105.497
4.71107, 54.6083, -205.671
2.53669, 764.314, -580.542
7.41683, 469.21, -279.935
2.52822, -759.08, -193.36
4.8676, -29.4733, 624.156
5.86497, -219.035, -235.981
