6.27803, -729.323, -943.324
3.5948, 9.43694, -118.661
5.89648, 364.97, -888.214
5.09708, -281.615, 873.839
2.76731, -958.474, 653.488
2.53849, 354.387, 35.9833
4.58743, -783.129, -249.446
7.15218, 188.482, 398.947
2.95982, 26.0455, 697.816
6.00595, -184.18, 315.74
3.81226, 539.239, 797.687
4.14117, 472.046, -877.286
7.45519, 458.13, 252.477
7.41275, -502.319, -244.769
5.75759, 483.826, 428.132
6.92354, 256.244, -821.133
6.33247, -152.903, -479.527
3.87453, -461.303, -61.609
4.93259, -653.578, -292.955
2.80282, 803.552, 762.706
5.08146, 17.5556, 760.016
4.96988, 930.179, -371.96
7.23882, -788.286, -470.093
4.42071, -24.7151, -818.301
5.14874, 796.21, -487.219
2.75042, 847.982, -72.6987
6.63909, 550.363, 529.85
5.94228, -899.691, -719.852
6.18112, 258.507, 725.219
6.94286, 944.402, 441.673
4.25508, -358.211, -513.953
6.72991, 184.699, 21.5222
3.84659, 616.051, -110.647
4.83959, 59.6457, -199.622
3.2686, -646.814, -462.832
2.66527, 624.511, 121.817
7.2768, -14.0468, 87.3819
6.95369, 116.716, 473.439
3.29884, 645.176, 228.476
3.15214, 425.37, -558.688
2.515, -461.968, -802.169
6.0491, -870.587, -177.642
3.40448, -494.419, 830.099
5.76029, 769.98, -329.34
4.42907, 400.394, -718.598
3.23766, -6.57475, -214.839
5.45054, 602.05, 128.72
3.24076, 161.413, 883.684
3.2091, -166.16, 940.704
4.94257, -470.475, 110.265
3.13015, 839.927, -59.4381
5.64635, -334.236, -570.967
5.60817, 278.812, -712.349
4.88216, -480.457, 567.588
2.64188, -469.559, -233.876
3.21011, -121.1, 761.766
3.15594, -193.745, 855.057
3.31099, -820.151, 747.387
3.76529, -258.704, -811.588
4.77654, 528.257, -725.478
6.54472, -87.4987, -291.211
3.57624, 296.203, 818.565
3.75063, 800.754, 376.397
5.02978, -65.4826, 710.706
6.27922, 636.408, 148.465
5.66369, 828.911, -31.9009
5.9449, 590.003, -143.721
7.27207, 947.132, 465.079
5.18713, -381.217, 681.977
4.57014, -741.667, 24.3672
4.70019, 739.683, 163.278
6.07821, 717.596, 451.593
6.20858, 370.747, 571.118
5.12494, 756.899, -939.479
6.06711, -834.371, -81.7068
5.91025, 316.43, -24.7913
6.82941, 820.631, -583.044
3.19597, 57.0046, 736.778
3.57766, 912.72, -128.821
5.0733, -329.74, -153.189
4.83766, -114.176, 741.355
3.55759, -239.636, 602.706
5.65244, -677.884, 958.759
2.5044, -905.069, 177.881
4.09589, 435.901, 524.258
5.90281, 361.085, -98.9154
6.0446, 652.402, -568.639
2.90869, -789.124, 633.155
3.56926, 254.792, 460.286
4.44412, -807.605, -560.927
4.44927, 917.353, 902.726
3.92018, 369.478, -457.661
4.6123, 558.207, 538.161
2.55658, -640.765, -431.058
3.72027, 905.123, -624.473
4.49072, -706.559, 639.664
6.64177, -661.65, 197.082
3.78584, 932.529, -703.451
3.59705, -770.062, -505.837
6.47385, 371.187, 264.137
5.8476, 476.763, 385.419
5.49108, -882.255, 273.062
5.99917, -360.015, -524.97
5.13062, 566.169, -737.377
4.14833, 203.65, 98.5041
3.30844, -723.459, 375.5
6.56633, 699.004, -19.0481
4.08004, 437.446, 123.347
4.05369, 29.2489, -724.394
4.65424, 29.6458, 134.703
4.46509, -218.805, -474.858
4.43916, -38.4671, -163.294
4.34871, -784.444, -476.377
5.88118, 327.298, -523.953
6.10384, 415.517, 30.2248
7.20082, -66.4655, 870.17
5.08573, -81.9375, -368.139
5.5282, -173.372, 306.466
5.85049, -672.342, 937.277
5.11404, 62.1953, -295.477
3.87105, -915.898, 636.241
7.08924, 117.185, 281.094
3.73367, 907.232, -423.811
4.77876, 351.643, 644.813
3.30374, -912.689, 634.563
4.68319, 390.547, 358.345
7.45767, 445.043, 181.99
6.26931, -423.638, 387.322
4.97846, -935.349, -635.822
7.01651, -651.204, -777.552
4.68213, 487.351, 528.536
5.09239, 157.296, -939.957
4.44866, 91.335, -818.668
5.63431, -187.975, -586.658
5.19331, 379.563, 326.931
4.35955, 644.562, -428.127
2.54674, -344.503, 348.777
6.3794, 33.9049, -751.366
2.85317, -869.189, -578.714
3.98511, 418.812, -684.635
4.78581, -55.2318, -840.501
3.25156, -94.3268, 21.3239
5.97819, 637.917, -423.174
4.15587, 378.733, 137.781
5.21197, 951.03, -834.843
2.64678, 726.543, -920.192
5.38086, 2.20288, -213.001
5.18133, 341.666, 466.331
7.36678, -741.982, -883.003
5.57063, -312.26, -588.464
5.26431, -727.087, 221.273
6.69051, -243.151, 876.867
3.75764, -495.848, 883.852
6.98957, 590.452, -125.931
5.97428, 512.183, -489.447
5.82752, -477.445, -78.0147
3.06838, -587.995, -774.512
3.37987, -923.544, 102.421
2.91253, -148.418, 164.711
6.68103, -223.067, 343.021
2.64818, 898.501, -707.493
6.34719, -17.8958, -824.76
4.29829, -509.071, 843.389
6.24626, 26.5179, 511.053
6.28385, 332.877, 315.8
3.60834, -526.601, -883.291
5.58305, 300.367, 153.853
3.66846, -562.505, -225.371
6.22052, -686.93, 274.968
5.80997, -865.396, -662.421
4.9209, 898.322, -758.925
2.58972, 850.909, 193.442
4.98291, 453.905, 169.602
5.09587, -23.9953, -854.179
4.71395, -841.771, 501.443
4.14528, -21.1267, 921.365
3.52671, 470.891, -98.2896
7.19863, -222.302, -599.099
2.85168, -521.02, 881.028
3.30042, 29.7108, -731.794
6.70788, -743.805, 20.1811
4.13614, -155.439, -253.875
6.85942, 164.248, 416.208
5.99896, 653.599, 510.602
5.52801, 857.799, -200.966
4.77536, 67.9094, -242.663
2.91543, -489.668, -255.928
3.94883, -20.5063, -117.918
6.51009, -600.338, -776.668
6.81821, 352.791, 32.6807
3.81831, 404.008, -496.938
4.79881, -801.824, -230.092
4.95672, 572.018, -503.915
5.82344, -462.142, -947.504
7.31738, -616.829, -175.834
7.23022, 557.169, -730.472
2.81902, 218.874, -643.35
5.04829, -464.293, -267.431
6.13222, 648.287, 656.807
5.65882, 564.124, -315.45
3.26658, -897.375, -917.889
5.09652, -838.523, 495.597
3.52281, -530.435, 821.74
6.03231, 399.135, -825.709
6.05786, -468.459, -70.6332
3.66304, -562.822, -223.123
6.80594, -19.4715, -111.17
2.67122, -92.8904, 908.152
6.26587, -910.677, 82.3523
4.14789, 639.075, 136.058
4.65309, 50.8358, -511.596
7.33455, 888.06, -215.11
4.05803, 735.673, 671.596
5.69762, 914.534, -686.517
5.95386, 847.778, -58.7561
5.36403, 40.5288, 617.916
6.60667, 903.107, -726.22
4.21807, -872.314, -675.94
5.09387, -820.157, -717.009
6.78438, 115.637, -909.704
6.18587, 333.499, 46.1525
3.45992, -853.746, 354.828
2.83145, -305.948, 321.464
3.60828, 853.113, -702.257
3.33656, 147.234, -167.678
6.31172, 371.156, -874.091
5.44905, -829.616, 384.477
4.65223, 856.177, 833.946
7.09618, 639.525, 12.8403
5.09668, 458.47, 178.167
7.38058, -689.959, -41.1099
5.15714, -449.279, 128.527
2.98716, 340.812, 339.397
5.83983, 183.037, 120.215
5.44444, 153.665, -12.0641
5.01137, -658.791, -111.027
2.75808, -889.05, 427.996
2.6753, -315.075, 19.8754
4.41484, -772.619, -526.323
5.55555, 206.332, 92.6094
5.06574, 550.185, 841.824
5.98498, 338.806, -14.6945
4.89891, -6.96712, -200.457
3.88323, 45.0979, 433.109
6.01685, -433.653, 192.031
3.67701, 841.322, 19.8838
6.41501, 135.767, -176.447
6.60589, 335.015, 799.709
3.21842, -484.686, 45.0256
5.75757, -500.592, 766.267
3.87677, 845.358, -940.813
7.26215, -413.507, 685.304
4.58238, -736.426, 20.5424
3.03869, -123.896, 385.714
4.70633, -769.465, 531.659
6.28811, -397.02, -280.957
2.77803, -342.746, -287.795
3.51241, -11.9039, 128.266
6.82305, 900.219, -716.036
6.52456, -271.139, -1.97401
2.78861, -662.969, -644.808
4.40304, -56.9446, -704.322
4.56124, -93.3986, 713.051
2.80071, -362.523, 302.976
7.09746, 791.719, 617.824
3.35398, 535.85, 825.304
6.51634, -921.673, 202.275
3.88599, 710.636, 46.4296
4.44586, 163.853, 743.455
7.19936, 71.2915, 615.256
6.24573, 187.323, -203.315
3.44774, -338.218, 743.589
6.89581, 418.121, 474.309
6.8953, 399.386, -799.982
3.30515, -796.913, -248.895
5.87346, -779.726, -182.096
6.89096, 616.257, 160.824
6.98262, 259.859, 504.822
3.06535, 1.77625, 732.532
5.93789, -195.789, -222.393
3.21651, -801.201, -743.721
3.6901, 380.336, -37.513
5.64383, 905.829, -205.22
4.312, 799.946, 378.177
4.64437, 582.705, 708.759
4.91936, -25.3284, -816.696
6.20379, 14.3785, -120.425
3.23098, -350.131, 840.483
7.36238, -788.289, -738.959
7.3158, -506.011, -210.287
3.14741, -575.12, 644.527
5.3784, -284.492, -594.955
4.66439, 152.707, -172.301
5.50066, -234.268, -244.32
5.85098, -671.614, -60.6096
4.5137, 400.307, 958.252
6.46691, 665.52, 654.225
4.89889, -932.278, -242.077
5.72449, 290.99, 266.305
4.28836, -264.607, 607.756
5.96794, -319.344, -216.565
5.83428, -416.201, -669.528
3.22071, -427.356, 696.429
7.10415, -899.725, 184.171
4.22228, 28.2864, -224.641
6.66824, -392.45, -466.532
2.74349, 300.317, -712.931
3.27936, -243.428, -48.5258
2.55765, 324.289, 478.244
3.94327, 111.565, 579.013
5.07295, -337.112, -153.538
3.65948, 669.091, 432.054
2.75022, -253.166, -46.8341
5.33091, -602.228, -779.043
6.69774, -156.149, 638.311
4.28763, -674.256, -472.432
4.3452, 162.57, 846.851
7.22226, 263.098, -67.9537
4.72425, -879.389, -178.144
6.82086, 454.04, 154.967
5.82654, -776.865, -720.644
5.79297, 174.586, 650.164
7.10736, -937.994, 939.839
5.11536, 935.492, -634.917
5.45229, 443.087, -441.172
5.79944, 662.201, 662.157
4.24765, 262.455, 474.343
4.11714, 350.783, 37.8494
7.08984, -107.728, 714.818
3.08619, 919.509, -452.917
7.31268, 620.966, -123.796
5.17978, 60.837, -280.715
5.81447, 775.367, 633.577
5.48362, 881.805, -487.502
6.93363, -507.807, -721.08
6.67999, -646.785, -602.01
6.69339, 249.582, 184.704
6.85642, -159.782, 298.138
2.5002, -773.534, 333.635
4.77274, 273.427, 330.899
4.25696, -922.52, 201.617
5.80713, -252.764, 694.026
6.22234, -887.453, 153.456
3.3821, -161.834, -475.1
7.4621, 801.184, -764.464
5.95466, -918.995, 196.54
6.97862, 149.295, -20.5721
3.51579, 348.874, -96.0001
7.2356, -480.806, -39.9482
4.88476, 851.607, -487.188
6.78578, 917.53, -751.496
6.41237, -901.529, -543.013
5.70687, 900.573, -871.994
3.14521, -708.792, 169.956
5.77944, 8.88157, 663.688
3.09199, 56.4459, -0.160351
3.88793, 305.728, 776.787
6.65548, -239.777, -245.528
6.14153, -745.534, -510.497
6.74348, -602.852, 291.218
3.43989, -768.873, -876.701
6.09602, 554.842, -305.536
4.25586, 143.865, 298.258
3.34555, -420.153, -690.443
4.52383, 337.323, -518.968
4.20924, 163.357, 732.551
6.67141, 344.632, -125.559
3.9111, 699.298, 588.995
5.16766, -634.458, -455.406
6.25085, 939.008, -850.884
4.62554, -666.815, -736.82
4.66964, -526.098, 549.013
3.03022, 844.236, -914.575
6.4639, -38.8744, -455.957
3.91232, -596.278, -464.186
7.14264, -542.017, -237.39
5.37926, 246.949, 511.047
3.4895, 816.203, -300.503
5.99081, 558.215, -736.109
3.07265, 486.585, -902.235
4.22945, 276.56, 749.691
4.15646, -544.693, -236.342
6.42735, 827.317, -929.927
6.65775, 458.714, -212.116
4.21712, -728.088, 746.272
4.2603, -280.026, 896.976
6.38197, 128.613, -767.395
6.58658, 1.91473, 683.405
4.26157, -155.982, 292.844
7.09559, -403.806, -277.096
3.2877, 512.008, 236.73
5.56029, -464.731, 593.306
5.54222, -427.364, 696.374
3.16647, -241.696, -714.062
3.51409, -717.711, -507.149
4.79457, -839.327, 526.121
3.48759, -472.958, 894.167
6.77118, -838.698, 376.419
6.54562, -758.317, -650.345
2.80131, -875.738, 851.761
6.50584, -710.443, 632.852
5.49597, -160.73, -512.507
7.43182, -880.828, 269.927
2.65919, -118.187, 679.615
6.8356, 900.95, -713.466
3.69109, 622.695, 307.227
3.6127, 182.686, 395.005
4.73907, -906.701, -553.997
2.61231, 849.084, -183.727
6.79755, -256.768, 2.34765
4.15902, 221.775, 555.437
5.72195, 316.028, 295.051
7.43521, -909.515, -502.608
5.30162, 285.698, -573.3
4.74553, -757.745, -247.771
5.213, 139.481, -725.032
2.90797, 787.327, -34.2387
3.99606, -788.504, -248.726
6.63964, 777.46, 634.126
6.48936, 611.177, 886.97
5.71048, -118.125, 680.743
4.84105, 618.911, 364.531
7.15326, -201.152, -554.388
5.08798, -245.067, -53.2817
7.42924, 790.013, -485.849
5.94567, -52.1851, -685.573
6.19966, -156.391, -479.826
3.46323, -399.188, -894.629
6.08881, -462.512, 595.136
6.11146, 574.548, -152.275
6.49298, 279.803, 147.608
4.23216, 251.543, -958.562
5.1481, -24.402, -123.479
3.19001, 727.965, -333.727
6.73218, -238.406, -244.038
6.32766, -42.1058, -849.859
7.5, 884.939, -436.5
4.24891, 474.715, 943.308
5.50367, -579.248, 564.338
3.50808, -491.934, 60.0693
6.2385, 41.6056, 156.612
6.49225, 931.754, 220.115
3.03505, -696.422, 105.754
5.35813, -508.941, 43.3555
2.84683, 360.539, -363.9
4.16036, 683.417, 676.67
5.80945, 466.169, -692.359
5.27726, 140.777, -169.888
7.12415, 227.586, -10.2281
2.69832, -463.836, 207.084
2.62083, -290.406, 219.496
4.61923, 228.652, -641.304
4.36987, 456.403, 137.795
2.93303, -241.233, -259.103
3.05403, -153.267, 166.397
5.31992, 351.612, -338.838
7.37269, 8.47806, 715.084
3.05066, -54.6823, -835.618
5.99352, 100.267, 935.384
2.79674, -69.4641, -692.346
4.69755, 831.966, -80.6456
5.24651, 960.284, 702.109
3.45129, 672.816, -732.777
7.36597, 338.554, 321.867
3.19593, -669.06, -80.9922
5.48978, 890.181, -453.12
7.12812, -852.969, 701.434
3.91116, -66.6767, 870.405
6.8307, -157.162, -86.7273
6.29598, -194.285, -569.97
6.10793, 333.548, 613.647
3.34241, -341.198, 344.875
3.32882, 774.423, 359.942
3.39076, -647.841, -951.053
5.87226, 317.872, -575.191
4.83484, -317.774, 21.7573
6.85219, -785.927, -355.891
5.76023, -666.012, -109.141
5.80464, 742.174, 847.358
2.58037, -651.904, -568.407
4.30596, -748.879, -683.774
3.72747, 903.737, 91.9414
6.93086, -897.754, -906.585
5.23701, 818.22, 786.181
6.57209, -46.3292, -635.407
5.24453, 170.017, 838.841
4.16156, 492.517, -46.8624
4.40213, -1.20241, -648.678
2.52389, 897.965, 628.965
6.95226, -84.2023, -399.783
6.16955, -465.804, 666.604
6.04239, -130.384, 658.114
5.1278, 83.0144, -182.218
6.41065, -169.6, -787.038
3.42484, -409.024, -439.725
5.72673, 270.001, 460.269
3.42178, -649.71, -275.478
3.31214, -4.0675, -123.215
2.65594, -183.925, 836.46
7.42716, 135.504, -674.554
4.04559, -308.364, -683.279
4.11075, -637.999, -292.243
5.51155, 275.485, -211.341
2.89107, -323.747, -894.202
3.93936, 3.79033, 58.0688
5.79307, -148.365, -479.249
7.36348, -926.502, -359.576
7.27758, -362.047, -764.998
7.42745, -657.856, -301.187
7.30478, -876.875, -699.154
3.0073, -520.049, 544.6
3.71505, -152.454, -477.558
6.91151, 113.287, -395.957
5.28805, 338.455, 657.694
6.7669, 785.83, 524.599
7.49145, -531.337, 554.885
3.99751, -211.489, -471.177
6.33157, 943.822, 429.389
4.81901, 293.335, -165.813
6.8168, -649.419, -749.861
6.99018, 839.977, -32.9319
7.377, 252.831, -392.421
2.77405, 613.582, 166.048
6.32605, 903.971, -631.967
5.09219, -908.216, 734.869
3.46574, 939.192, -200.812
6.98252, 227.069, -554.435
6.38492, -831.864, 100.75
2.75968, 399.077, 527.716
7.47331, -809.18, 753.766
5.93659, -69.8665, -436.04
5.94854, 868.781, 494.83
6.57666, -644.651, 810.456
7.05426, -58.5736, -443.006
3.34218, -201.514, 365.841
5.24183, -601.281, 779.747
6.53351, -488.928, -243.243
4.17803, 331.238, -528.132
5.53435, -93.4759, 26.5763
6.59602, -887.906, 341.593
7.3485, 64.2475, -232.02
6.29349, 550.471, 512.907
3.72113, -136.099, -98.4524
5.80589, -570.849, 382.714
4.21574, -469.035, -205.104
7.27146, 362.596, -380.838
2.60828, 787.751, 541.703
4.54979, -881.907, 918.511
2.55789, 568.49, -681.441
3.04964, 849.841, 219.795
5.28259, -809.027, 102.988
4.45466, 6.17569, -253.86
7.20539, 120.047, -182.843
2.55572, 182.692, 369.495
6.22897, -184.647, -463.29
3.84293, 148.739, 119.955
4.27153, -638.805, -758.347
3.45835, -443.601, 634.813
5.14832, 296.515, -138.215
4.39478, -43.5894, -854.193
3.16407, -36.5164, -830.377
4.26563, -174.897, -517.885
4.2497, 776.574, 953.228
7.41084, 635.556, -151.944
5.25961, 147.369, -339.357
4.99918, 41.1413, -720.342
3.58531, -829.446, 412.456
4.37311, -248.714, -611.061
6.78251, -630.248, -462.256
6.45578, 794.699, -518.047
3.9204, -521.291, 878.251
5.07645, 442.212, 125.531
6.79238, -245.054, 35.8869
7.07844, -851.953, -177.46
7.48941, 133.791, 878.958
6.53177, 140.402, -170.66
5.22718, -903.346, -175.54
7.3461, 133.368, -726.994
5.31931, -577.684, 365.768
4.03031, -448.362, 635.734
5.41853, 890.047, 886.374
2.91197, 66.7722, -273.804
5.47382, 351.635, 597.197
3.31968, -570.445, -578.041
6.46527, -637.427, -433.027
2.95373, 597.899, 689.321
6.3072, -485.9, -680.97
6.83996, -253.885, -9.24249
6.40105, 158.362, -336.939
6.61399, 906.174, 885.282
6.70974, 367.885, 542.89
4.48328, 490.869, 257.476
6.508, -138.358, 168.433
6.56811, 373.185, -38.6922
5.43493, -401.408, 91.0843
4.64621, 767.964, -25.1588
2.5002, -49.6523, -459.703
5.31153, -797.055, 330.767
6.22632, 358.816, 326.434
3.89846, 907.931, 286.252
2.93406, -939.187, 556.034
3.5733, 854.415, -867.333
3.93296, -474.611, 599.664
4.86595, -382.092, 460.766
6.95893, 838.937, 824.678
5.91955, 498.757, -482.866
3.54376, -6.47898, -121.87
6.67533, 773.324, -5.38713
7.09218, 906.749, 910.39
4.48244, -502.139, -673.78
6.37858, 560.28, 530.685
5.68161, -129.997, -106.122
6.64746, 474.193, 244.683
3.40204, 532.18, -474.035
7.45927, 561.841, -719.603
6.70558, -144.144, -809.091
4.65177, 865.493, 247.703
4.38589, 595.354, 853.617
2.70802, 618.903, -494.614
6.80715, -729.982, -504.003
6.62116, 888.732, -883.715
6.25052, 27.4412, 720.129
3.55801, -174.695, 931.384
4.31029, -781.393, -176.78
4.43545, -587.2, -740.36
7.32918, 793.969, 628.76
6.5872, -128.477, 663.836
4.5755, -71.3427, 438.755
5.83759, 196.093, 150.594
2.52101, 480.663, 942.13
6.98048, -711.611, 204.051
3.68416, -358.767, 358.191
3.79415, 341.079, -123
5.4939, 390.122, -693.35
6.89823, -813.771, 357.779
6.16299, -578.073, -582.569
6.0773, 849.975, 568.882
3.57724, -587.588, 483.952
6.30413, 687.408, -940.647
3.85351, -193.378, -517.878
2.75246, 625.648, 301.862
4.78866, 310.757, 275.914
2.58759, 423.977, -743.998
3.01129, 61.276, -199.917
2.639, -154.442, 289.588
5.65921, -355.339, -539.734
6.34425, 56.7694, -228.888
2.74132, 539.968, -815.381
6.6924, -23.6491, -628.601
6.76899, -243.612, -262.75
6.57649, -492.914, 572.579
6.85188, 787.933, 381.137
5.27222, -615.532, -149.422
6.12646, -248.489, -19.2671
3.20424, -480.502, 886.293
6.6115, 585.556, -510.44
5.51185, 699.303, -186.221
4.93856, 482.057, -887.392
6.14942, -248.285, 865.95
4.05164, 754.868, -657.071
3.93925, -702.869, 333.173
5.45857, -909.773, 753.143
5.34055, 604.484, 833.293
5.41059, -920.416, -558.009
2.84132, -671.584, 291.492
4.34304, 154.461, -344.904
6.28475, -925.65, -562.087
6.35297, -452.779, -850.106
4.27217, -395.878, -277.814
5.98913, 211.114, 897.459
5.08005, -651.14, -292.527
5.94494, 347.713, 147.339
6.18066, -80.6945, 625.522
2.56231, -328.061, -652.337
7.16549, 635.425, -155.729
5.37826, 117.712, 116.817
3.05587, 508.398, 967.266
4.87388, -113.42, 27.8543
3.24247, 221.758, 108.889
4.22594, 55.2828, 432.451
7.04476, -879.274, 158.275
4.54571, 8.8801, 533.035
5.96642, -677.967, -91.6612
3.35865, 367.176, -854.732
6.21715, 859.327, -486.569
4.16319, -432.338, 663.107
4.62157, 636.432, 325.591
2.79523, -181.206, -75.7483
5.09005, 272.442, -215.44
5.94425, 453.285, -566.588
5.01149, -259.16, 9.71912
6.56617, -182.561, -731.922
3.07974, 98.1136, -900.103
5.24841, 282.789, 461.997
5.06046, 353.236, 31.7938
6.02649, 929.105, 445.232
5.65083, -253.5, 878.847
4.0207, -51.3529, -629.661
6.74719, 395.724, 343.1
3.39619, 619.42, -29.6032
2.61737, -502.262, -95.4765
4.19467, 693.314, 41.2016
3.43818, 340.97, -132.909
6.60467, -282.14, 159.814
6.72507, -905.217, -185.774
6.78031, 852.178, -701.692
7.37454, -914.575, 632.4
2.99587, 423.396, -435.781
2.56182, 567.016, 634.885
2.58614, 227.421, 548.172
2.64527, 220.741, 118.265
4.1031, 150.192, -335.41
6.17815, 608.583, 289.993
3.14876, 353.822, 462.055
2.5161, -377.203, 483.749
6.91905, 133.901, -788.304
3.70482, 203.644, -533.083
4.38481, -826.082, 731.794
4.44879, 609.801, 144.065
2.81534, 618.453, 298.168
7.30792, 185.168, 896.498
3.75349, 708.989, -351.622
6.85376, -667.8, -69.7088
2.85991, -887.019, 376.316
2.70653, -593.959, 578.043
3.46378, 318.038, -497.897
3.86708, -299.03, 306.176
7.4007, -941.539, -352.07
3.60607, 334.239, -513.424
6.43119, -864.31, 832.214
4.42306, 267.92, -404.798
3.78593, 458.801, -626.265
3.91087, -899.022, 62.4
7.33834, 882.285, -52.8537
4.22841, 714.998, 150.485
3.45922, -933.395, 726.574
5.05037, -545.293, -370.439
5.21857, -535.844, 608.882
5.72333, -663.035, -571.437
3.89738, 1.82179, 765.45
3.41887, -308.07, -683.771
2.71579, -819.52, 355.942
3.98408, -509.977, -244.659
4.25548, -229.588, 131.013
7.09372, -395.473, 699.102
5.81225, 496.346, -351.555
5.08041, 865.035, 562.457
4.03763, 580.128, 554.579
3.0007, -330.486, 143.502
3.47502, 363.633, -900.58
4.11407, 46.0666, -116.913
5.56182, 900.728, 92.9869
5.13511, 936.365, -952.749
3.45653, 309.764, 247.582
4.7178, -664.273, -471.673
4.48693, -670.22, 808.959
6.28051, -589.461, 746.748
6.6213, 724.975, 603.253
5.51573, 138.442, -379.922
3.04573, 584.783, -787.777
4.11797, 468.946, -165.253
5.03403, 21.4771, 307.096
4.76521, -663.736, 780.045
4.77315, -169.993, -467.256
4.91125, 906.136, 897.063
5.07896, 362.044, -648.543
4.50207, 179.928, 793.689
4.22945, 914.481, 426.244
6.64533, 906.75, -201.487
3.02204, -697.862, -755.874
6.40057, 529.294, 511.878
3.19919, -291.071, -231.94
2.62171, -781.226, -532.881
6.0664, 374.327, -685.729
7.15538, 145.262, -780.844
7.47667, 221.498, 165.422
3.86264, -894.825, 153.931
3.6923, -525.295, -247.177
3.87328, 917.688, 607.376
5.70836, -881.231, -727.481
5.17637, 295.183, 125.788
6.8967, 791.418, -293.247
6.75968, -637.801, -779.88
2.98004, 851.758, -47.11
4.66818, -726.797, 217.714
3.17045, -165.045, -730.917
5.86802, -194.961, 311.842
5.34964, -36.7575, -442.182
3.66474, -559.292, 565.113
5.50306, 254.377, -660.658
2.6551, -762.405, -13.8385
7.08512, 541.67, -283.71
3.82958, 847.038, -178.046
6.50016, -169.744, -530.825
5.46389, 146.346, -721.557
5.0822, 354.776, 587.775
5.2567, 351.401, 591.969
3.47225, 456.769, -225.994
5.36152, 152.673, -691.689
3.81992, 169.281, 393.018
4.41648, -782.729, 523.049
2.73626, -713.612, -886.407
4.22823, 564.846, -678.861
3.61594, 639.785, -437.133
3.81264, 18.4072, -704.644
3.05141, -408.43, -439.103
7.40088, -677.051, -5.22294
5.93794, 791.684, 634.458
5.82158, -545.727, -364.365
5.99501, -584.461, -665.925
2.68746, -789.333, -738.573
3.6706, -658.8, -753.497
3.95397, 736.886, 678.544
3.50543, 58.1365, -223.619
2.7177, 328.134, 282.73
2.56571, -523.201, 558.81
6.07297, -496.101, 771.052
6.88348, -849.521, -591.31
5.35088, -872.856, 331.258
6.92743, 854.88, 836.379
5.20042, -368.297, -269.969
3.31357, 883.157, -634.647
3.30492, 941.253, 453.262
7.19182, 290.851, 261.839
3.45628, 522.159, -810.129
3.15761, -7.00059, -122.55
4.41122, -239.189, 10.4778
6.12674, 277.647, -205.57
2.50651, 551.237, 842.553
4.60222, 31.003, 721.706
5.18984, 255.682, -231.655
4.86596, -230.126, 237.417
6.33003, 545.548, 847.867
2.9396, 538.216, -464.686
7.04284, 153.171, 326.488
3.20818, -827.593, -406.169
2.54782, 353.397, -34.7325
2.82267, 246.801, 513.595
4.96742, 373.869, 220.229
5.40914, 514.74, 956.086
4.03373, -916.551, 538.823
4.57091, 846.191, -49.666
4.33401, -603.427, -648.622
3.42687, 150.222, 647.094
2.76788, 623.07, 147.636
4.47222, 505.152, -59.7464
3.98388, -336.838, -130.815
5.05388, -387.765, 809.261
3.75392, -714.407, 232.317
5.01589, 901.983, 914.855
2.51168, 6.29241, 784.913
7.01807, 936.677, -441.762
2.79181, -921.85, -921.09
5.17506, -618.682, 779.954
3.95754, -385.421, 827.394
7.3023, -792.552, -248.963
4.73406, 349.855, -106.372
5.08479, 850.929, 180.209
5.93861, -292.126, -10.0971
2.72187, -158.109, 57.6907
7.2946, -779.33, 593.499
5.70852, 374.663, 144.137
2.80215, 576.538, -742.711
3.33964, 73.3151, 262.749
5.76491, 481.206, -217.761
6.19864, -773.001, 329.925
3.57011, 844.827, 225.274
4.31441, 136.481, -799.078
6.56981, -643.63, 909.976
5.32057, 807.077, -460.917
7.45886, -53.757, -840.286
6.5669, -763.15, 365.443
3.49157, -954.858, -18.1278
2.50003, -141.032, -809.469
4.62608, 894.916, -717.403
4.07406, 830.207, 201.326
5.56218, 599.031, -904.288
3.83351, -168.87, -520.883
4.39881, -590.882, -73.7402
5.43397, 896.676, 278.695
5.95636, -121.592, -457.746
7.26736, -426.685, -550.95
4.89785, -296.132, -913.975
3.60319, 413.224, -696.737
5.33741, -685.973, -477.105
6.09873, 366.351, 341.206
4.4953, -481.742, 572.951
3.48326, -675.999, 958.339
6.66971, -644.212, -758.749
5.59561, -451.093, -855.202
7.26866, -275.146, 176.861
3.23222, 3.44869, -218.056
5.38953, 16.2918, -442.952
7.26796, -424.117, 701.005
3.62331, 702.258, -958.766
7.25137, -488.07, 785.417
3.07874, 802.121, -517.563
2.58372, 4.70223, -227.29
3.90465, -333.7, -162.761
7.15042, 627.785, 135.292
3.04796, 763.615, 856.401
6.77266, 3.48273, 756.654
5.68532, -702.918, -717.211
5.63853, 392.512, -693.111
3.80589, 720.365, 679.603
5.13936, -914.976, 212.142
7.16608, -255.143, 856.018
3.98055, 892.174, 113.006
4.78006, 188.945, 396.374
6.35659, -643.586, -591.464
4.17193, 157.419, 116.486
6.31775, -50.6297, -833.329
6.65892, -19.421, 909.066
2.64618, -722.322, 560.106
4.31315, 697.46, -259.164
4.16221, 264.878, 484.856
3.17675, -472.127, -236.426
3.00839, -293.667, 616.79
5.11327, -583.495, 787.069
3.52046, 32.7542, -508.187
5.00728, -843.775, -592.467
5.1371, -24.9566, 932.481
4.13422, -258.957, -290.721
4.75888, 238.574, -409.696
6.85263, -37.8746, 915.798
4.72884, 610.263, 835.949
6.03726, -450.674, -849.318
6.83171, 878.47, -692.495
6.5822, 812.593, 193.124
2.67504, 827.877, 827.314
3.8644, -625.661, -251.873
5.21858, -414.031, -421.14
3.19942, -926.525, -558.222
5.57408, -745.622, -870.857
3.29182, -629.28, -633.621
4.41129, 107.619, 215.457
5.94997, -98.1137, 182.633
3.21128, -401.005, 476.212
5.65284, -783.003, 757.142
3.15973, 162.161, 913.964
7.13583, -716.407, 210.873
5.53465, -918.112, 781.714
5.50388, -889.379, 363.875
3.33635, 592.036, -508.298
3.301, -832.513, -402.466
5.91628, 594.789, -22.5499
5.1456, -690.889, -4.83436
3.65264, -121.483, 743.194
6.55373, -482.749, -58.5948
5.76477, -413.536, -545.495
4.08597, -597.324, -585.463
2.53953, -251.629, -791.637
3.49176, 717.114, 690.303
3.78831, 6.87523, 373.833
3.03825, 853.797, 42.2575
3.49545, 102.466, -415.132
6.75079, 799.158, -771.484
6.63912, -894.274, 196.366
6.76813, -901.041, -558.804
5.71027, 300.612, 768.482
3.6787, 711.763, -957.131
6.80638, -503.709, -775.309
5.4745, 9.51659, -118.18
2.52745, 519.146, -59.6448
6.84925, -629.27, -455.488
7.37729, 620.422, 126.915
5.59653, 360.946, 23.9893
3.85574, -896.418, 340.209
7.46973, -187.505, -584.033
4.60751, -685.249, -506.096
4.20537, -781.957, -602.711
4.80717, 331.92, -100.184
4.44822, 253.591, -413.71
4.613, -25.197, 509.907
2.84879, 128.288, 305.442
5.5153, -24.2149, -120.952
7.36114, -50.6331, 212.682
5.07406, -710.617, -499.292
7.45461, 914.511, -123.716
5.84906, 588.11, -124.15
4.01716, -599.693, 59.7508
3.47371, 835.744, 585.092
4.0109, -736.364, -892.549
4.93946, -343.953, 452.476
4.72438, 508.127, 941.69
5.7844, 336.965, -896.091
3.74227, -746.986, -682.404
4.72007, 49.1887, 543.566
5.75894, -693.548, -2.5828
6.67472, -718.031, 244.883
6.03698, 186.691, 805.802
4.93928, -841.924, -629.472
6.72039, 389.983, -218.225
7.00296, -510.852, -214.764
6.33082, -665.646, -489.596
5.29453, 644.194, 881.516
2.70603, -6.30968, 78.0857
5.46749, 552.857, 74.9065
2.68674, -635.433, 797.452
4.53488, 75.0852, 424.795
2.84243, -941.995, -865.499
7.38558, -752.313, -898.001
2.5956, -493.089, -251.925
6.60363, -168.816, -265.03
5.2195, -386.803, 824.906
5.72828, 753.896, -343.317
3.62934, -271.571, 7.57516
2.733, 873.534, -708.563
3.63154, 206.3, -543.833
4.58371, -634.592, 130.029
6.40126, 256.342, -615.009
3.72852, -898.223, 357.083
4.81411, 624.177, 145.777
6.14756, 929.608, 286.611
5.35237, -337.131, 795.654
5.45997, 913.899, 896.019
4.98425, -871.633, 271.638
3.951, 451.88, 156.972
4.71107, -4.7177, -214.686
2.53669, 833.757, -405.882
7.41683, 485.732, -347.736
2.52822, -759.932, -195.807
4.8676, -105.811, 733.02
5.86497, -328.849, -133.135
