6.27803, -719.415, -766.238
3.5948, 6.47668, -190.499
5.89648, 363.511, -789.518
5.09708, -241.693, 799.932
2.76731, -897.776, 652.268
2.53849, 316.659, 12.3907
4.58743, -731.672, -194.745
7.15218, 172.487, 359.018
2.95982, 10.5169, 638.448
6.00595, -171.219, 239.56
3.81226, 601.952, 777.619
4.14117, 462.717, -803.923
7.45519, 374.096, 181.925
7.41275, -521.439, -273.466
5.75759, 415.962, 374.607
6.92354, 240.233, -739.94
6.33247, -198.36, -513.631
3.87453, -517.104, -95.5759
4.93259, -604.127, -282.472
2.80282, 784.576, 779.36
5.08146, -34.8281, 675.726
4.96988, 822.539, -415.303
7.23882, -658.634, -497.69
4.42071, -59.0481, -724.272
5.14874, 815.424, -479.965
2.75042, 726.926, 9.21205
6.63909, 491.473, 490.492
5.94228, -741.667, -630.183
6.18112, 285.552, 712.154
6.94286, 855.321, 447.466
4.25508, -339.188, -513.702
6.72991, 181.215, -12.5215
3.84659, 563.967, -133.633
4.83959, 46.8677, -164.598
3.2686, -638.181, -477.42
2.66527, 558.757, 156.129
7.2768, 17.6289, 73.2995
6.95369, 128.299, 410.088
3.29884, 562.072, 140.363
3.15214, 418.014, -546.244
2.515, -436.852, -744.853
6.0491, -751.42, -200.278
3.40448, -468.652, 745.577
5.76029, 737.854, -291.201
4.42907, 404.912, -682.42
3.23766, 45.3051, -178.389
5.45054, 601.908, 56.2033
3.24076, 151.394, 786.838
3.2091, -151.544, 837.238
4.94257, -432.863, 87.5992
3.13015, 756.96, -47.0915
5.64635, -296.074, -521.14
5.60817, 256.863, -622.4
4.88216, -511.166, 557.006
2.64188, -403.472, -157.142
3.21011, -21.5403, 636.153
3.15594, -221.86, 775.039
3.31099, -766.045, 690.353
3.76529, -214.229, -709.357
4.77654, 548.173, -700.463
6.54472, -68.3554, -265.598
3.57624, 264.844, 701.357
3.75063, 708.042, 359.522
5.02978, -97.043, 656.992
6.27922, 549.501, 157.636
5.66369, 756.188, -21.6517
5.9449, 559.068, -129.467
7.27207, 851.716, 420.422
5.18713, -461.498, 628.44
4.57014, -658.925, -35.8343
4.70019, 646.083, 139.711
6.07821, 665.934, 433.878
6.20858, 328.628, 511.817
5.12494, 703.481, -883.284
6.06711, -747.595, -105.183
5.91025, 369.975, -3.38625
6.82941, 793.061, -538.125
3.19597, -16.6885, 664.834
3.57766, 817.433, -173.008
5.0733, -306.332, -148.146
4.83766, -40.1926, 608.669
3.55759, -244.231, 608.078
5.65244, -638.937, 861.516
2.5044, -808.526, 192.439
4.09589, 373.48, 462.1
5.90281, 311.095, -42.4478
6.0446, 602.878, -518.405
2.90869, -730.755, 548.37
3.56926, 270.217, 454.732
4.44412, -746.759, -549.27
4.44927, 782.142, 777.892
3.92018, 339.076, -461.318
4.6123, 486.857, 472.731
2.55658, -632.951, -458.215
3.72027, 849.445, -698.133
4.49072, -679.412, 603.97
6.64177, -718.437, 251.961
3.78584, 784, -697.531
3.59705, -673.087, -510.055
6.47385, 302.495, 315.533
5.8476, 419.781, 380.242
5.49108, -811.353, 241.749
5.99917, -343.199, -513.558
5.13062, 526.015, -703.089
4.14833, 239.139, 139.667
3.30844, -789.933, 306.215
6.56633, 642.569, 10.5087
4.08004, 388.038, 214.481
4.05369, -6.80758, -699.693
4.65424, 55.5212, 114.481
4.46509, -179.098, -540.835
4.43916, 86.6795, -192.265
4.34871, -654.368, -447.752
5.88118, 316.526, -481.839
6.10384, 307.418, -11.2513
7.20082, -15.0996, 817.387
5.08573, -67.0109, -436.347
5.5282, -160.766, 282.107
5.85049, -609.307, 834.834
5.11404, 55.5853, -137.964
3.87105, -817.224, 599.568
7.08924, 163.097, 313.387
3.73367, 765.363, -453.754
4.77876, 326.342, 526.874
3.30374, -836.686, 612.356
4.68319, 256.929, 274.987
7.45767, 404.777, 134.344
6.26931, -382.969, 379.687
4.97846, -769.94, -568.877
7.01651, -607.443, -682.068
4.68213, 504.899, 454.111
5.09239, 116.067, -821.126
4.44866, 119.899, -651.382
5.63431, -145.531, -452.638
5.19331, 309.398, 213.651
4.35955, 585.205, -455.4
2.54674, -298.379, 294.196
6.3794, 31.2452, -664.418
2.85317, -797.487, -524.858
3.98511, 387.891, -651.931
4.78581, -40.4863, -705.291
3.25156, -90.5657, -13.3938
5.97819, 586.702, -401.413
4.15587, 379.373, 154.14
5.21197, 853.378, -772.11
2.64678, 710.014, -869.614
5.38086, 22.7833, -193.581
5.18133, 262.919, 434.142
7.36678, -709.233, -817.688
5.57063, -280.425, -504.473
5.26431, -678.757, 199.134
6.69051, -237.655, 807.773
3.75764, -452.838, 766.03
6.98957, 556.172, -130.99
5.97428, 508.406, -469.569
5.82752, -436.126, -69.833
3.06838, -645.523, -613.061
3.37987, -800.012, 135.661
2.91253, -114.734, 147.573
6.68103, -168.88, 279.509
2.64818, 844.354, -696.02
6.34719, -55.9424, -724.395
4.29829, -467.619, 720.684
6.24626, 48.5876, 507.913
6.28385, 317.075, 236.387
3.60834, -493.796, -776.665
5.58305, 269.12, 118.188
3.66846, -453.782, -242.195
6.22052, -709.202, 232.22
5.80997, -766.208, -625.9
4.9209, 840.354, -621.861
2.58972, 811.714, 133.455
4.98291, 403.095, 139.22
5.09587, 13.5812, -759.322
4.71395, -780.509, 442.541
4.14528, -79.322, 822.043
3.52671, 453.591, -72.9474
7.19863, -139.211, -430.961
2.85168, -527.194, 731.091
3.30042, 55.4767, -707.501
6.70788, -645.843, -27.4298
4.13614, -190.113, -228.808
6.85942, 220.928, 367.17
5.99896, 606.461, 497.639
5.52801, 814.866, -172.172
4.77536, 40.9817, -167.114
2.91543, -486.782, -171.83
3.94883, 70.7107, -176.322
6.51009, -662.024, -691.399
6.81821, 319.783, 23.1849
3.81831, 349.509, -461.142
4.79881, -694.626, -253.405
4.95672, 515.492, -455.084
5.82344, -449.488, -835.78
7.31738, -586.134, -167.547
7.23022, 507.222, -699.259
2.81902, 242.627, -582.764
5.04829, -564.849, -235.944
6.13222, 706.219, 614.204
5.65882, 482.094, -245.308
3.26658, -831.989, -874.621
5.09652, -775.036, 438.568
3.52281, -480.895, 756.966
6.03231, 360.982, -794.786
6.05786, -450.019, -93.1101
3.66304, -455.055, -257.489
6.80594, 76.1078, -177.945
2.67122, -21.0038, 810.267
6.26587, -813.727, 136.402
4.14789, 557.391, 136.511
4.65309, -4.60442, -439.139
7.33455, 743.678, -169.979
4.05803, 700.131, 610.087
5.69762, 840.481, -677.308
5.95386, 753.03, -47.5253
5.36403, 38.2991, 608.994
6.60667, 841.954, -616.875
4.21807, -798.422, -636.423
5.09387, -725.659, -626.396
6.78438, 103.59, -791.429
6.18587, 296.86, -23.8585
3.45992, -761.685, 303.982
2.83145, -280.521, 313.107
3.60828, 824.017, -674.096
3.33656, -47.6448, -179.349
6.31172, 366.123, -802.512
5.44905, -750.431, 331.939
4.65223, 818.08, 804.769
7.09618, 587.457, 6.91905
5.09668, 369.78, 148.344
7.38058, -610.881, -77.8534
5.15714, -417.572, 58.1119
2.98716, 315.488, 223.754
5.83983, 248.477, 97.3798
5.44444, 202.487, 5.59342
5.01137, -653.642, -58.4451
2.75808, -764.722, 302.475
2.6753, -197.62, -58.727
4.41484, -697.241, -511.892
5.55555, 204.082, 131.484
5.06574, 578.115, 783.108
5.98498, 353.087, -5.58705
4.89891, 93.3993, -186.906
3.88323, 55.5271, 419.462
6.01685, -418.03, 158.044
3.67701, 765.962, -29.2474
6.41501, 57.4297, -180.785
6.60589, 245.782, 721.886
3.21842, -481.259, 16.2637
5.75757, -476.947, 724.836
3.87677, 825.931, -814.852
7.26215, -444.629, 593.555
4.58238, -633.962, -30.4839
3.03869, -122.312, 333.274
4.70633, -754.886, 521.684
6.28811, -361.021, -230.19
2.77803, -401.478, -250.831
3.51241, 1.68256, 64.6892
6.82305, 839.672, -685.274
6.52456, -220.497, -46.0867
2.78861, -614.176, -542.375
4.40304, -3.62133, -624.645
4.56124, -47.559, 669.456
2.80071, -298.988, 314.548
7.09746, 747.312, 555.96
3.35398, 588.666, 784.996
6.51634, -795.374, 187.824
3.88599, 614.224, 23.6829
4.44586, 162.823, 726.557
7.19936, 44.6447, 594.073
6.24573, 154.516, -204.947
3.44774, -378.254, 713.623
6.89581, 369.176, 456.126
6.8953, 372.808, -730.114
3.30515, -711.863, -198.692
5.87346, -724.193, -228.363
6.89096, 621.311, 135.702
6.98262, 268.971, 430.649
3.06535, -36.2701, 675.446
5.93789, -155.752, -226.459
3.21651, -742.296, -627.761
3.6901, 271.707, -4.78779
5.64383, 812.977, -186.002
4.312, 708.165, 358.685
4.64437, 607.432, 633.192
4.91936, -59.4123, -724.098
6.20379, 7.7697, -180.246
3.23098, -378.156, 706.787
7.36238, -698.614, -643.533
7.3158, -514.615, -229.671
3.14741, -479.868, 574.93
5.3784, -247.24, -523.7
4.66439, 18.9211, -185.285
5.50066, -250.262, -226.29
5.85098, -659.082, -31.2973
4.5137, 411.181, 882.93
6.46691, 637.993, 605.398
4.89889, -802.637, -195.816
5.72449, 326.376, 263.017
4.28836, -270.917, 603.93
5.96794, -278.494, -206.212
5.83428, -428.472, -630.307
3.22071, -455.423, 611.955
7.10415, -834.876, 199.96
4.22228, 81.4771, -176.953
6.66824, -381.428, -455.565
2.74349, 304.676, -631.021
3.27936, -270.827, 7.58912
2.55765, 318.33, 443.701
3.94327, 81.3928, 558.295
5.07295, -313.188, -147.733
3.65948, 639.952, 422.271
2.75022, -270.299, 2.53482
5.33091, -640.87, -688.087
6.69774, -95.7221, 673.892
4.28763, -689.901, -509.937
4.3452, 155.452, 788.076
7.22226, 306.021, -56.1416
4.72425, -801.21, -202.715
6.82086, 390.217, 194.169
5.82654, -749.717, -657.923
5.79297, 138.052, 605.325
7.10736, -879.609, 881.044
5.11536, 841.781, -687.429
5.45229, 410.398, -430.916
5.79944, 687.016, 596.201
4.24765, 257.216, 430.631
4.11714, 314.297, 22.0842
7.08984, -94.579, 644.026
3.08619, 795.339, -447.218
7.31268, 547.852, -136.355
5.17978, 50.7393, -144.283
5.81447, 686.343, 607.628
5.48362, 790.407, -449.951
6.93363, -517.655, -650.906
6.67999, -619.974, -551.847
6.69339, 232.986, 104.309
6.85642, -162.996, 284.139
2.5002, -820.862, 302.367
4.77274, 367.802, 254.167
4.25696, -797.612, 193.075
5.80713, -238.706, 655.659
6.22234, -786.03, 196.663
3.3821, -150.599, -486.48
7.4621, 858.221, -670.46
5.95466, -800.32, 191.54
6.97862, 191.119, -2.81516
3.51579, 287.479, -73.0318
7.2356, -459.878, -134.963
4.88476, 772.872, -437.446
6.78578, 817.429, -633.694
6.41237, -782.168, -542.349
5.70687, 849.672, -804.155
3.14521, -712.416, 238.611
5.77944, -9.58318, 679.685
3.09199, 65.592, -26.2891
3.88793, 249.327, 703.025
6.65548, -253.296, -254.957
6.14153, -654.914, -506.346
6.74348, -620.444, 274.423
3.43989, -689.022, -829.712
6.09602, 508.817, -297.919
4.25586, 143.801, 267.74
3.34555, -414.339, -608.678
4.52383, 255.211, -586.036
4.20924, 145.644, 685.425
6.67141, 309.969, -39.3881
3.9111, 703.373, 608.636
5.16766, -638.34, -479.374
6.25085, 814.814, -831.007
4.62554, -629.754, -704.856
4.66964, -449.525, 606.619
3.03022, 795.91, -897.543
6.4639, -94.1059, -411.452
3.91232, -707.303, -503.518
7.14264, -457.036, -218.621
5.37926, 267.627, 433.302
3.4895, 711.921, -328.145
5.99081, 502.379, -658.763
3.07265, 389.408, -768.089
4.22945, 268.503, 701.675
4.15646, -474.172, -223.149
6.42735, 828.779, -822.495
6.65775, 426.723, -161.317
4.21712, -701.044, 715.689
4.2603, -223.491, 814.66
6.38197, 86.4008, -650.157
6.58658, 22.64, 704.019
4.26157, -226.124, 268.701
7.09559, -410.93, -231.78
3.2877, 457.82, 192.779
5.56029, -427.826, 656.943
5.54222, -455.034, 610.647
3.16647, -213.43, -636.353
3.51409, -670.971, -492.856
4.79457, -749.801, 520.799
3.48759, -452.449, 757.791
6.77118, -806.828, 311.365
6.54562, -726.588, -614.376
2.80131, -836.029, 738.433
6.50584, -685.602, 596.141
5.49597, -141.07, -480.19
7.43182, -816.016, 249.09
2.65919, -80.8343, 651.209
6.8356, 820.524, -670.769
3.69109, 575.853, 276.259
3.6127, 213.995, 348.412
4.73907, -778.938, -554.736
2.61231, 847.363, -144.767
6.79755, -257.01, -38.8869
4.15902, 279.072, 434.898
5.72195, 355.063, 307.275
7.43521, -766.843, -600.397
5.30162, 277.764, -506.143
4.74553, -724.841, -169.276
5.213, 103.268, -685.894
2.90797, 792.234, -45.571
3.99606, -714.959, -203.225
6.63964, 742.145, 562.32
6.48936, 529.523, 772.026
5.71048, -76.0124, 703.414
4.84105, 563.928, 278.388
7.15326, -158.205, -464.148
5.08798, -234.975, 20.6703
7.42924, 801.523, -464.909
5.94567, -17.5942, -623.743
6.19966, -162.111, -494.58
3.46323, -434.83, -788.344
6.08881, -516.294, 552.421
6.11146, 592.043, -73.8998
6.49298, 269.786, 142.416
4.23216, 242.427, -863.112
5.1481, 44.2143, -231.924
3.19001, 696.393, -331.869
6.73218, -254.803, -264.127
6.32766, -33.4517, -728.703
7.5, 774.771, -464.281
4.24891, 487.056, 891.642
5.50367, -417.586, 606.33
3.50808, -455.985, 32.0217
6.2385, 31.078, 100.483
6.49225, 806.321, 244.152
3.03505, -670.24, 100.373
5.35813, -452.503, 11.2797
2.84683, 328.795, -354.116
4.16036, 672.253, 593.801
5.80945, 378.219, -654.618
5.27726, 76.1524, -185.404
7.12415, 219.499, -1.5339
2.69832, -412.068, 127.443
2.62083, -249.452, 135.03
4.61923, 259.639, -579.541
4.36987, 383.833, 201.175
2.93303, -249.406, -253.278
3.05403, -84.902, 166.544
5.31992, 334.776, -375.785
7.37269, 10.0052, 694.322
3.05066, -41.6096, -701.246
5.99352, 113.078, 814.374
2.79674, -43.656, -600.082
4.69755, 771.854, -32.2028
5.24651, 879.431, 669.049
3.45129, 624.583, -688
7.36597, 341.571, 303.175
3.19593, -632.43, -67.2008
5.48978, 777.48, -436.405
7.12812, -798.058, 710.206
3.91116, -18.8339, 815.006
6.8307, -122.835, -104.807
6.29598, -198.262, -483.669
6.10793, 328.385, 536.583
3.34241, -308.894, 309.882
3.32882, 773.858, 376.563
3.39076, -651.611, -845.273
5.87226, 291.155, -517.136
4.83484, -200.278, -79.3247
6.85219, -720.304, -356.482
5.76023, -650.869, -50.8369
5.80464, 749.459, 782.735
2.58037, -586.029, -535.965
4.30596, -741.953, -639.302
3.72747, 781.247, 106.633
6.93086, -852.4, -833.137
5.23701, 820.295, 807.193
6.57209, -46.1685, -639.51
5.24453, 156.456, 809.517
4.16156, 435.778, -68.8463
4.40213, -61.9513, -592.332
2.52389, 814.678, 558.356
6.95226, -89.1726, -423.209
6.16955, -422.514, 637.291
6.04239, -65.2341, 657.115
5.1278, 24.8088, -178.994
6.41065, -102.652, -700.139
3.42484, -402.38, -403.348
5.72673, 229.918, 468.857
3.42178, -564.115, -274.816
3.31214, -6.90359, -95.5924
2.65594, -241.563, 813.121
7.42716, 131.846, -703.492
4.04559, -284.572, -589.788
4.11075, -588.481, -262.009
5.51155, 264.584, -138.248
2.89107, -288.279, -816.708
3.93936, 14.6621, 97.509
5.79307, -149.297, -475.961
7.36348, -816.316, -364.234
7.27758, -361.221, -686.993
7.42745, -567.75, -257.002
7.30478, -768.759, -590.574
3.0073, -466.561, 622.24
3.71505, -164.306, -461.638
6.91151, 141.439, -307.387
5.28805, 345.102, 490.057
6.7669, 746.378, 582.52
7.49145, -491.399, 596.787
3.99751, -168.194, -566.993
6.33157, 862.478, 453.194
4.81901, 253.288, -153.545
6.8168, -614.363, -682.352
6.99018, 794.74, -116.487
7.377, 233.681, -401.295
2.77405, 582.117, 154.048
6.32605, 835.906, -713.284
5.09219, -832.619, 711.815
3.46574, 846.336, -137.228
6.98252, 236.757, -545.58
6.38492, -778.188, 122.729
2.75968, 319.763, 525.371
7.47331, -761.355, 681.886
5.93659, -73.8398, -411.577
5.94854, 818.402, 486.191
6.57666, -566.726, 733.781
7.05426, -100.863, -424.457
3.34218, -146.909, 286.946
5.24183, -587.724, 735.158
6.53351, -447.136, -209.563
4.17803, 316.327, -483.957
5.53435, -100.382, 4.63322
6.59602, -722.164, 294.413
7.3485, 38.8437, -166.859
6.29349, 580.608, 523.946
3.72113, -125.843, -110.636
5.80589, -574.961, 334.411
4.21574, -524.672, -232.441
7.27146, 322.984, -332.86
2.60828, 739.66, 526.854
4.54979, -858.26, 852.704
2.55789, 524.674, -688.578
3.04964, 793.727, 208.167
5.28259, -808.868, 138.199
4.45466, 90.9893, -155.184
7.20539, 62.5469, -188.961
2.55572, 180.056, 404.843
6.22897, -157.376, -475.45
3.84293, 256.383, 99.7563
4.27153, -600.413, -644.712
3.45835, -441.457, 649.537
5.14832, 325.708, -69.9129
4.39478, -16.0133, -722.572
3.16407, -107.191, -765.629
4.26563, -138.382, -474.467
4.2497, 761.881, 868.675
7.41084, 548.739, -96.8301
5.25961, 133.501, -289.297
4.99918, 19.372, -659.106
3.58531, -771.287, 296.43
4.37311, -181.042, -457.699
6.78251, -642.332, -475.234
6.45578, 822.223, -458.988
3.9204, -528.129, 732.319
5.07645, 346.514, 194.743
6.79238, -243.26, 28.8244
7.07844, -719.356, -233.084
7.48941, 160.184, 777.574
6.53177, 59.7204, -177.135
5.22718, -802.538, -200.747
7.3461, 123.973, -710.06
5.31931, -554.06, 367.642
4.03031, -395.972, 645.009
5.41853, 795.364, 786.532
2.91197, 72.96, -177.443
5.47382, 334.857, 511.665
3.31968, -641.91, -548.569
6.46527, -630.069, -463.68
2.95373, 598.588, 636.938
6.3072, -497.68, -662.357
6.83996, -249.655, -36.2486
6.40105, 110.07, -278.997
6.61399, 792.684, 791.094
6.70974, 302.047, 549.146
4.48328, 424.904, 186.327
6.508, -117.476, 149.94
6.56811, 322.511, 30.4587
5.43493, -388.449, 66.04
4.64621, 766.733, -42.3166
2.5002, -97.0953, -372.079
5.31153, -819.662, 304.657
6.22632, 317.294, 237.734
3.89846, 814.776, 235.752
2.93406, -835.889, 512.82
3.5733, 869.991, -795.493
3.93296, -404.002, 657.516
4.86595, -381.249, 454.958
6.95893, 831.909, 777.111
5.91955, 512.565, -464.239
3.54376, 36.6075, -133.057
6.67533, 760.744, -39.6563
7.09218, 866.881, 864.324
4.48244, -499.564, -657.646
6.37858, 490.728, 498.65
5.68161, -108.025, -87.1707
6.64746, 383.099, 174.099
3.40204, 479.621, -442.367
7.45927, 509.989, -684.572
6.70558, -125.7, -716.271
4.65177, 788.233, 204.541
4.38589, 519.994, 794.616
2.70802, 522.257, -471.459
6.80715, -603.822, -439.259
6.62116, 840.985, -814.882
6.25052, -14.3021, 640.369
3.55801, -184.692, 812.768
4.31029, -747.048, -243.471
4.43545, -686.068, -662.024
7.32918, 669.628, 610.943
6.5872, -74.5817, 665.507
4.5755, -42.3811, 413.163
5.83759, 224.286, 124.863
2.52101, 498.631, 897.167
6.98048, -679.392, 197.064
3.68416, -327.773, 328.271
3.79415, 311.613, -201.519
5.4939, 388.832, -653.547
6.89823, -781.419, 288.316
6.16299, -640.668, -520.473
6.0773, 707.604, 572.155
3.57724, -534.596, 499.616
6.30413, 722.156, -885.188
3.85351, -156.856, -487.53
2.75246, 532.152, 236.412
4.78866, 360.811, 294.157
2.58759, 427.34, -631.675
3.01129, 23.2731, -215.603
2.639, -225.083, 266.975
5.65921, -377.918, -496.519
6.34425, 41.3605, -167.598
2.74132, 518.35, -708.567
6.6924, -44.7463, -633.365
6.76899, -211.908, -184.926
6.57649, -518.482, 551.81
6.85188, 761.301, 363.124
5.27222, -562.45, -182.92
6.12646, -223.913, -52.1956
3.20424, -455.49, 753.877
6.6115, 531.522, -450.814
5.51185, 608.801, -152.598
4.93856, 461.797, -799.868
6.14942, -195.842, 741.405
4.05164, 755.417, -629.526
3.93925, -725.826, 275.369
5.45857, -835.664, 701.691
5.34055, 548.232, 773.357
5.41059, -807.093, -509.472
2.84132, -711.308, 218.275
4.34304, 142.4, -276.059
6.28475, -790.293, -549.642
6.35297, -441.625, -788.153
4.27217, -392.136, -239.627
5.98913, 156.704, 768.079
5.08005, -589.312, -273.143
5.94494, 300.276, 135.344
6.18066, -79.5956, 698.609
2.56231, -306.04, -600.418
7.16549, 551.99, -93.592
5.37826, 176.465, 106.893
3.05587, 498.937, 826.856
4.87388, -101.16, 9.97909
3.24247, 243.897, 110.499
4.22594, 126.153, 412.694
7.04476, -820.651, 227.113
4.54571, 32.9927, 510.228
5.96642, -602.191, -52.3421
3.35865, 390.049, -723.669
6.21715, 823.513, -416.008
4.16319, -425.538, 649.495
4.62157, 578.696, 275.326
2.79523, -239.4, -41.7573
5.09005, 231.988, -184.391
5.94425, 395.407, -519.467
5.01149, -236.621, -39.2462
6.56617, -170.699, -679.537
3.07974, 135.09, -828.891
5.24841, 308.105, 449.12
5.06046, 311.317, 7.53622
6.02649, 843.63, 451.135
5.65083, -278.266, 797.411
4.0207, -37.3959, -640.947
6.74719, 310.954, 235.046
3.39619, 560.175, -23.0267
2.61737, -433.813, -69.6108
4.19467, 632.258, 21.0168
3.43818, 302.276, -52.3486
6.60467, -239.55, 153.04
6.72507, -805.812, -198.966
6.78031, 824.843, -675.58
7.37454, -835.78, 614.85
2.99587, 386.518, -425.492
2.56182, 575.129, 580.14
2.58614, 271.969, 439.529
2.64527, 204.567, 130.899
4.1031, 136.298, -288.728
6.17815, 560.998, 277.969
3.14876, 264.283, 447.048
2.5161, -350.408, 430.029
6.91905, 93.6489, -703.263
3.70482, 235.613, -513.874
4.38481, -788.756, 707.644
4.44879, 543.242, 134.613
2.81534, 583.093, 313.487
7.30792, 146.973, 748.03
3.75349, 719.333, -323.137
6.85376, -638.536, -69.6737
2.85991, -751.987, 319.128
2.70653, -480.769, 540.335
3.46378, 292.43, -502.777
3.86708, -296.943, 293.284
7.4007, -854.167, -340.101
3.60607, 342.385, -492.453
6.43119, -818.155, 773.213
4.42306, 215.686, -366.741
3.78593, 402.07, -609.481
3.91087, -784.809, 161.028
7.33834, 748.39, -32.4633
4.22841, 621.57, 139.178
3.45922, -768.199, 692.351
5.05037, -538.609, -334.541
5.21857, -479.776, 572.584
5.72333, -611.78, -557.526
3.89738, -36.7296, 666.138
3.41887, -282.386, -586.576
2.71579, -776.152, 290.844
3.98408, -481.084, -271.065
4.25548, -233.489, 112.248
7.09372, -415.052, 650.967
5.81225, 462.974, -315.013
5.08041, 766.266, 546.239
4.03763, 500.467, 488.029
3.0007, -256.511, 122.607
3.47502, 320.326, -813.155
4.11407, 36.689, -242.822
5.56182, 808.535, 103.307
5.13511, 870.553, -868.865
3.45653, 326.759, 248.283
4.7178, -691.23, -457.713
4.48693, -552.381, 732.014
6.28051, -608.623, 741.563
6.6213, 721.578, 617.852
5.51573, 94.4302, -360.907
3.04573, 497.624, -659.91
4.11797, 414.998, -191.135
5.03403, 58.1276, 281.195
4.76521, -547.628, 723.418
4.77315, -170.629, -494.747
4.91125, 873.725, 865.534
5.07896, 340.05, -653.563
4.50207, 150.689, 789.022
4.22945, 771.744, 346.255
6.64533, 807.213, -183.929
3.02204, -600.371, -707.018
6.40057, 487.753, 472.428
3.19919, -280.001, -206.131
2.62171, -674.831, -498.827
6.0664, 370.465, -602.652
7.15538, 98.1128, -685.329
7.47667, 261.812, 111.281
3.86264, -785.843, 197.957
3.6923, -478.452, -221.439
3.87328, 787.166, 574.954
5.70836, -745.335, -601.647
5.17637, 298.758, 153.244
6.8967, 703.768, -307.834
6.75968, -635.87, -690.099
2.98004, 717.197, -12.6464
4.66818, -683.787, 222.708
3.17045, -130.209, -689.068
5.86802, -154.213, 286.15
5.34964, -106.854, -402.784
3.66474, -422.588, 612.819
5.50306, 240.724, -576.933
2.6551, -620.376, 8.38596
7.08512, 490.573, -290.997
3.82958, 846.193, -145.45
6.50016, -188.527, -482.404
5.46389, 101.988, -679.499
5.0822, 328.631, 513.3
5.2567, 345.288, 501.711
3.47225, 448.34, -205.218
5.36152, 106.836, -697.922
3.81992, 192.242, 358.315
4.41648, -777.197, 498.826
2.73626, -631.952, -842.327
4.22823, 524.179, -689.74
3.61594, 597.832, -394.459
3.81264, 2.97392, -713.149
3.05141, -358.976, -449.264
7.40088, -684.655, -54.3714
5.93794, 679.686, 613.289
5.82158, -538.778, -327.648
5.99501, -605.514, -613.31
2.68746, -701.101, -643.47
3.6706, -599.68, -640.534
3.95397, 710.9, 565.963
3.50543, 44.0629, -224.348
2.7177, 331.115, 249.238
2.56571, -438.332, 621.092
6.07297, -492.413, 770.964
6.88348, -809.273, -569.15
5.35088, -806.693, 382.164
6.92743, 805.645, 805.821
5.20042, -385.845, -235.448
3.31357, 871.785, -708.615
3.30492, 921.129, 464.378
7.19182, 345.714, 287.357
3.45628, 494.369, -709.122
3.15761, -18.3009, -190.268
4.41122, -254.217, -37.4939
6.12674, 258.628, -133.107
2.50651, 577.655, 782.177
4.60222, -53.2763, 637.537
5.18984, 253.641, -164.469
4.86596, -204.033, 217.515
6.33003, 572.812, 787.363
2.9396, 480.032, -441.735
7.04284, 176.802, 281.452
3.20818, -726.793, -425.374
2.54782, 332.991, -1.16702
2.82267, 265.055, 447.663
4.96742, 343.223, 227.293
5.40914, 484.31, 864.35
4.03373, -826.516, 540.877
4.57091, 748.129, -22.4461
4.33401, -632.032, -576.453
3.42687, 162.775, 608.011
2.76788, 558.158, 104.621
4.47222, 457.517, -54.5519
3.98388, -323.658, -197.864
5.05388, -370.984, 764.873
3.75392, -690.954, 182.106
5.01589, 849.967, 851.918
2.51168, -25.2545, 684.025
7.01807, 787.566, -464.249
2.79181, -851.657, -818.178
5.17506, -531.563, 744.38
3.95754, -355.313, 729.275
7.3023, -719.323, -195.882
4.73406, 280.756, -77.9281
5.08479, 753.813, 194.42
5.93861, -261.994, 6.68486
2.72187, -149.766, 8.9943
7.2946, -734.003, 567.319
5.70852, 378.854, 146.142
2.80215, 424.604, -618.636
3.33964, 144.72, 256.575
5.76491, 431.08, -172.437
6.19864, -781.37, 350.438
3.57011, 788.566, 201.356
4.31441, 144.884, -651.543
6.56981, -633.974, 871.429
5.32057, 790.894, -461.502
7.45886, -18.6457, -724.209
6.5669, -801.331, 308.681
3.49157, -859.664, -6.08725
2.50003, -98.1792, -720.178
4.62608, 785.794, -708.751
4.07406, 800.046, 204.895
5.56218, 578.074, -831.21
3.83351, -182.948, -439.277
4.39881, -603.459, -100.728
5.43397, 808.566, 237.643
5.95636, -169.944, -485.728
7.26736, -326.956, -516.147
4.89785, -316.479, -818.227
3.60319, 351.511, -615.164
5.33741, -611.366, -440.637
6.09873, 316.699, 229.74
4.4953, -517.829, 548.728
3.48326, -640.354, 857.577
6.66971, -596.32, -647.448
5.59561, -440.91, -793.173
7.26866, -250.978, 128.946
3.23222, 36.2087, -162.771
5.38953, -64.8246, -409.986
7.26796, -454.134, 603.512
3.62331, 687.977, -864.559
7.25137, -473.213, 726.088
3.07874, 811.189, -460.831
2.58372, 94.3342, -202.822
3.90465, -295.018, -134.486
7.15042, 521.398, 125.368
3.04796, 723.421, 783.592
6.77266, 50.1172, 620.751
5.68532, -593.723, -687.028
5.63853, 386.125, -653.71
3.80589, 711.263, 569.515
5.13936, -802.443, 112.756
7.16608, -249.579, 790.436
3.98055, 793.714, 68.7263
4.78006, 187.098, 357.699
6.35659, -621.897, -552.135
4.17193, 270.333, 125.343
6.31775, 53.7385, -774.783
6.65892, -53.1427, 816.4
2.64618, -726.023, 547.304
4.31315, 653.956, -238.745
4.16221, 285.867, 415.802
3.17675, -485.37, -195.033
3.00839, -235.034, 608.18
5.11327, -578.891, 737.838
3.52046, 25.2404, -466.729
5.00728, -802.465, -572.044
5.1371, -45.1728, 817.256
4.13422, -181.907, -220.557
4.75888, 273.335, -347.213
6.85263, -55.6661, 784.839
4.72884, 548.055, 772.244
6.03726, -492.977, -711.629
6.83171, 836.092, -689.231
6.5822, 789.628, 214.955
2.67504, 783.758, 782.219
3.8644, -590.698, -272.546
5.21858, -365.034, -443.29
3.19942, -795.146, -550.174
5.57408, -705.029, -807.831
3.29182, -594.735, -632.736
4.41129, 135.056, 204.198
5.94997, -126.866, 151.139
3.21128, -352.906, 424.065
5.65284, -812.379, 690.012
3.15973, 135.602, 756.028
7.13583, -679.973, 216.374
5.53465, -832.42, 687.758
5.50388, -757.985, 311.454
3.33635, 518.483, -453.426
3.301, -731.104, -415.873
5.91628, 586.008, -13.4467
5.1456, -623.041, -75.4213
3.65264, -94.6815, 652.293
6.55373, -457.124, -61.3741
5.76477, -370.128, -505.259
4.08597, -635.195, -580.766
2.53953, -248.449, -719.693
3.49176, 716.847, 558.843
3.78831, 48.114, 355.363
3.03825, 766.062, -23.6989
3.49545, 132.814, -359.912
6.75079, 800.806, -709.449
6.63912, -816.061, 197.059
6.76813, -744.701, -576.336
5.71027, 265.892, 685.865
3.6787, 681.629, -862.122
6.80638, -508.065, -684.337
5.4745, -5.38851, -166.576
2.52745, 492.131, -48.2794
6.84925, -648.44, -476.73
7.37729, 568.978, 144.055
5.59653, 327.038, 10.1062
3.85574, -761.928, 259.897
7.46973, -138.72, -459.312
4.60751, -611.547, -477.953
4.20537, -764.8, -575.991
4.80717, 271.933, -66.2014
4.44822, 209.941, -353.541
4.613, 63.4717, 517.615
2.84879, 169.715, 300.74
5.5153, 92.5898, -184.325
7.36114, -57.4159, 166.002
5.07406, -683.928, -482.884
7.45461, 773.707, -102.815
5.84906, 557.693, -130.618
4.01716, -587.958, 26.75
3.47371, 734.408, 562.154
4.0109, -732.304, -767.112
4.93946, -383.962, 460.882
4.72438, 496.852, 858.145
5.7844, 361.863, -745.195
3.74227, -742.223, -641.965
4.72007, 26.5324, 483.81
5.75894, -620.021, -88.4794
6.67472, -679.805, 206.117
6.03698, 149.759, 796.671
4.93928, -780.413, -572.067
6.72039, 366.212, -165.84
7.00296, -465.888, -211.981
6.33082, -698.341, -539.303
5.29453, 607.026, 863.978
2.70603, 12.519, 73.4991
5.46749, 539.762, 113.782
2.68674, -565.033, 729.772
4.53488, 114.791, 413.635
2.84243, -851.059, -848.486
7.38558, -701.142, -791.086
2.5956, -520.536, -271.793
6.60363, -190.683, -225.88
5.2195, -361.314, 724.351
5.72828, 718.204, -298.323
3.62934, -225.926, -91.8279
2.733, 826.25, -649.204
3.63154, 245.042, -524.615
4.58371, -641.759, 120.161
6.40126, 220.239, -601.678
3.72852, -740.152, 325.866
4.81411, 559.771, 102.947
6.14756, 819.915, 246.116
5.35237, -362.642, 742.897
5.45997, 855.416, 854.012
4.98425, -793.938, 211.543
3.951, 393.431, 117.267
4.71107, 43.4003, -177.253
2.53669, 805.147, -493.628
7.41683, 475.207, -317.889
2.52822, -751.739, -210.915
4.8676, -82.9396, 665.147
5.86497, -283.762, -205.972
