6.27803, -1471.79, -1776.41
3.5948, -24.5371, -292.176
5.89648, 703.049, -1662.53
5.09708, -591.257, 1725.46
2.76731, -1803.09, 1255.51
2.53849, 635.135, 86.6866
4.58743, -1522.12, -437.496
7.15218, 329.729, 804.591
2.95982, 23.3374, 1416.65
6.00595, -368.255, 604.081
3.81226, 1094.56, 1608.81
4.14117, 932.622, -1712.74
7.45519, 862.072, 431.744
7.41275, -994.465, -463.663
5.75759, 919.691, 817.867
6.92354, 499.036, -1574.94
6.33247, -357.539, -970.844
3.87453, -926.269, -165.46
4.93259, -1254.44, -678.34
2.80282, 1565.24, 1523.17
5.08146, 13.8858, 1396.06
4.96988, 1774.11, -769.8
7.23882, -1454.94, -982.068
4.42071, -93.3041, -1608.14
5.14874, 1607.31, -1008.91
2.75042, 1597.19, -89.8014
6.63909, 1071.45, 1023.62
5.94228, -1671.86, -1393.87
6.18112, 536.239, 1442.39
6.94286, 1816.73, 895.827
4.25508, -724.206, -1019.25
6.72991, 373.291, 25.128
3.84659, 1181.56, -288.104
4.83959, 158.306, -410.202
3.2686, -1284.65, -914.959
2.66527, 1189.93, 207.941
7.2768, -4.6915, 168.15
6.95369, 246.614, 898.397
3.29884, 1213.62, 409.634
3.15214, 862.485, -1111.39
2.515, -925.106, -1585.27
6.0491, -1671.64, -372.344
3.40448, -995.473, 1576.78
5.76029, 1515.65, -632.778
4.42907, 798.151, -1365.25
3.23766, 92.328, -446.629
5.45054, 1134.79, 230.703
3.24076, 312.517, 1696.64
3.2091, -305.108, 1799.59
4.94257, -899.629, 204.846
3.13015, 1575.5, -80.5724
5.64635, -616.927, -1095.08
5.60817, 535.866, -1348.73
4.88216, -1041.16, 1135.36
2.64188, -977.836, -540.535
3.21011, -179.509, 1369.56
3.15594, -416.43, 1635.58
3.31099, -1551.93, 1435.83
3.76529, -475.536, -1535.8
4.77654, 1100.33, -1394.28
6.54472, -159.261, -562.94
3.57624, 584.656, 1523.8
3.75063, 1520, 794.932
5.02978, -215.912, 1374.28
6.27922, 1211.75, 325.745
5.66369, 1624.13, -169.79
5.9449, 1164.93, -253.801
7.27207, 1720.95, 931.338
5.18713, -827.302, 1313.75
4.57014, -1382.92, 1.63206
4.70019, 1409.41, 303.742
6.07821, 1392.86, 888.276
6.20858, 658.422, 1102.04
5.12494, 1491.84, -1828.21
6.06711, -1598.59, -182.247
5.91025, 667.339, -49.6909
6.82941, 1618.8, -1130.7
3.19597, 1.60579, 1384.6
3.57766, 1758.32, -242.374
5.0733, -595.17, -326.18
4.83766, -191.665, 1410.19
3.55759, -468.816, 1215.32
5.65244, -1298.94, 1827.9
2.5044, -1792.51, 362.328
4.09589, 827.08, 1000.75
5.90281, 641.59, -171.881
6.0446, 1263.43, -1094.96
2.90869, -1531.94, 1211.74
3.56926, 577.371, 897.469
4.44412, -1564.45, -1113.12
4.44927, 1671.22, 1717.73
3.92018, 711.78, -914.074
4.6123, 1090.41, 1002.82
2.55658, -1305.04, -790.778
3.72027, 1761.69, -1290.38
4.49072, -1408.99, 1220.64
6.64177, -1378.29, 393.078
3.78584, 1648.18, -1356.45
3.59705, -1499.69, -957.031
6.47385, 684.22, 539.262
5.8476, 897.48, 760.104
5.49108, -1631.05, 702.194
5.99917, -697.639, -1085.38
5.13062, 1090.99, -1442.5
4.14833, 415.623, 240.252
3.30844, -1479.46, 683.109
6.56633, 1353.97, -16.2803
4.08004, 850.731, 366.895
4.05369, 57.0536, -1402.82
4.65424, 71.5455, 258.355
4.46509, -280.534, -988.666
4.43916, 30.6973, -327.574
4.34871, -1450.81, -1010.86
5.88118, 596.283, -1099.12
6.10384, 724.584, 53.0724
7.20082, -108.707, 1698.98
5.08573, -171.401, -788.07
5.5282, -269.797, 554.381
5.85049, -1319.32, 1815.06
5.11404, 103.109, -471.232
3.87105, -1774.06, 1251.37
7.08924, 288.823, 574.252
3.73367, 1744.92, -912.778
4.77876, 668.594, 1217.43
3.30374, -1787.54, 1281.66
4.68319, 705.315, 591.653
7.45767, 895.445, 305.572
6.26931, -813.331, 767.262
4.97846, -1748.84, -1224.42
7.01651, -1233.21, -1444.69
4.68213, 974.282, 993.939
5.09239, 287.307, -1784.1
4.44866, 197.577, -1528.97
5.63431, -400.355, -1061.18
5.19331, 642.345, 595.082
4.35955, 1259.98, -901.101
2.54674, -670.9, 663.413
6.3794, 84.6004, -1406.88
2.85317, -1696.6, -1163.52
3.98511, 814.846, -1403.7
4.78581, -31.3302, -1568.9
3.25156, -205.7, 40.7242
5.97819, 1225.01, -820.653
4.15587, 705.388, 274.558
5.21197, 1826.82, -1606.42
2.64678, 1476.57, -1604.38
5.38086, 87.9467, -345.229
5.18133, 644.166, 913.242
7.36678, -1450.92, -1709.6
5.57063, -611.784, -1118.27
5.26431, -1427.53, 417.824
6.69051, -463.148, 1636.63
3.75764, -985.809, 1632.92
6.98957, 1149.19, -255.115
5.97428, 1044.6, -942.618
5.82752, -910.896, -116.722
3.06838, -1286.41, -1430.36
3.37987, -1735.96, 202.871
2.91253, -276.042, 325.992
6.68103, -380.175, 622.862
2.64818, 1804.8, -1460.97
6.34719, -92.979, -1683.55
4.29829, -977.705, 1634.31
6.24626, 66.3099, 1029.15
6.28385, 648.996, 606.781
3.60834, -1030.24, -1678.83
5.58305, 572.21, 260.7
3.66846, -975.501, -435.493
6.22052, -1378.83, 477.003
5.80997, -1653.74, -1340.8
4.9209, 1759.97, -1381.17
2.58972, 1576.97, 370.768
4.98291, 848.374, 260.641
5.09587, -39.6066, -1556.63
4.71395, -1603.12, 990.142
4.14528, -62.0627, 1747.66
3.52671, 914.522, -172.664
7.19863, -359.665, -1076.23
2.85168, -949.165, 1707.42
3.30042, 26.0895, -1412.43
6.70788, -1376.08, 8.09051
4.13614, -372.676, -494.028
6.85942, 345.123, 744.91
5.99896, 1267.57, 1009.36
5.52801, 1657.36, -388.481
4.77536, 71.1437, -427.026
2.91543, -929.293, -483.435
3.94883, 22.1164, -296.335
6.51009, -1218.6, -1475.11
6.81821, 761.077, 19.3082
3.81831, 766.551, -963.313
4.79881, -1474.68, -480.671
4.95672, 1084.16, -948.192
5.82344, -915.39, -1803.46
7.31738, -1202.86, -334.656
7.23022, 1032.22, -1410.4
2.81902, 466.669, -1255.05
5.04829, -873.388, -482.161
6.13222, 1320.3, 1301.86
5.65882, 1050.55, -553.398
3.26658, -1731.55, -1816.25
5.09652, -1650.9, 991.765
3.52281, -982.586, 1575.86
6.03231, 731.002, -1599.49
6.05786, -984.147, -137.094
3.66304, -879.209, -399.145
6.80594, 69.581, -280.171
2.67122, -132.54, 1715.11
6.26587, -1720.4, 207.534
4.14789, 1290.08, 211.34
4.65309, 49.6637, -951.046
7.33455, 1676.26, -353.746
4.05803, 1429.87, 1255.53
5.69762, 1750.21, -1411.83
5.95386, 1588.5, -81.8211
5.36403, 68.6446, 1235.67
6.60667, 1771.6, -1447.62
4.21807, -1678.56, -1306.5
5.09387, -1502.98, -1396.67
6.78438, 217.768, -1711.25
6.18587, 628.696, 94.4536
3.45992, -1669.83, 708.822
2.83145, -572.405, 625.712
3.60828, 1723.38, -1306.63
3.33656, 247.546, -416.626
6.31172, 698.492, -1715.89
5.44905, -1619.58, 661.78
4.65223, 1630.01, 1606.04
7.09618, 1235.61, 22.9765
5.09668, 842.625, 270.453
7.38058, -1331.15, -95.7509
5.15714, -882.386, 194.806
2.98716, 752.407, 621.413
5.83983, 389.698, 251.27
5.44444, 319.798, -33.9317
5.01137, -1351.48, -60.1205
2.75808, -1679.7, 775.984
2.6753, -511.743, -38.7723
4.41484, -1440.41, -980.269
5.55555, 418.249, 247.288
5.06574, 1141.31, 1637.81
5.98498, 695.908, -19.446
4.89891, 95.57, -427.773
3.88323, 98.652, 844.62
6.01685, -861.458, 350.118
3.67701, 1600.2, 8.38658
6.41501, 225.602, -379.629
6.60589, 594.132, 1515.74
3.21842, -954.156, 100.954
5.75757, -976.176, 1525.35
3.87677, 1646.69, -1775.61
7.26215, -785.712, 1333.87
4.58238, -1451.93, 37.5644
3.03869, -244.522, 729.59
4.70633, -1522.31, 1066.27
6.28811, -772.154, -535.435
2.77803, -711.79, -503.252
3.51241, 13.8748, 207.37
6.82305, 1767.57, -1374.66
6.52456, -559.625, -55.2473
2.78861, -1289.33, -1219.22
4.40304, -96.8922, -1301.74
4.56124, -177.167, 1365.16
2.80071, -679.964, 614.338
7.09746, 1491.14, 1245.03
3.35398, 1104.21, 1667.55
6.51634, -1689.29, 400.775
3.88599, 1329.4, 75.2924
4.44586, 343.138, 1467.14
7.19936, 128.19, 1202.01
6.24573, 338.028, -387.685
3.44774, -709.51, 1454.56
6.89581, 795.827, 928.753
6.8953, 799.002, -1541.81
3.30515, -1496.73, -518.301
5.87346, -1540.34, -402.021
6.89096, 1157.09, 280.237
6.98262, 507.029, 999.524
3.06535, 12.5885, 1407.77
5.93789, -456.501, -456.237
3.21651, -1312.53, -1325.25
3.6901, 688.978, -90.5063
5.64383, 1724.11, -391.138
4.312, 1520.9, 742.762
4.64437, 1167.41, 1365.04
4.91936, -96.6239, -1604.31
6.20379, -24.5447, -297.818
3.23098, -668.042, 1548.71
7.36238, -1634.71, -1387.48
7.3158, -1044.12, -445.946
3.14741, -1086.24, 1238.81
5.3784, -543.023, -1131.86
4.66439, 165.082, -355.346
5.50066, -437.341, -519.134
5.85098, -1345.79, -121.933
4.5137, 808.932, 1853.48
6.46691, 1338.16, 1244.39
4.89889, -1762.23, -462.903
5.72449, 678.074, 588.497
4.28836, -540.013, 1214.06
5.96794, -607.14, -431.907
5.83428, -848.196, -1317.46
3.22071, -874.824, 1346.07
7.10415, -1731.07, 386.844
4.22228, 64.1769, -472.923
6.66824, -786.203, -904.99
2.74349, 608.527, -1363.83
3.27936, -518.579, -23.9314
2.55765, 662.289, 897.065
3.94327, 199.361, 1139.13
5.07295, -666.817, -294.303
3.65948, 1311.05, 854.299
2.75022, -544.423, -64.789
5.33091, -1307, -1452.91
6.69774, -277.035, 1296.84
4.28763, -1323.41, -928.47
4.3452, 323.276, 1625
7.22226, 549.328, -124.434
4.72425, -1715.1, -361.417
6.82086, 823.354, 361.548
5.82654, -1533.54, -1374.59
5.79297, 308.298, 1260.32
7.10736, -1827.54, 1831.22
5.11536, 1759.81, -1283.43
5.45229, 862.549, -875.808
5.79944, 1333.01, 1309.66
4.24765, 557.328, 883.903
4.11714, 634.513, 69.4864
7.08984, -161.343, 1394.01
3.08619, 1798.09, -840.285
7.31268, 1159.13, -255.321
5.17978, 117.519, -455.098
5.81447, 1496.25, 1244.68
5.48362, 1658.37, -952.522
6.93363, -1017.97, -1382.87
6.67999, -1299.61, -1109.44
6.69339, 495.697, 306.23
6.85642, -378.672, 593.39
2.5002, -1561.43, 657.436
4.77274, 603.306, 599.489
4.25696, -1736.14, 425.613
5.80713, -493.553, 1356.1
6.22234, -1708.04, 313.302
3.3821, -381.263, -960.425
7.4621, 1639.92, -1457.97
5.95466, -1727.85, 387.785
6.97862, 336.137, -18.3932
3.51579, 583.739, -168.584
7.2356, -924.017, -182.846
4.88476, 1729.98, -893.206
6.78578, 1734.42, -1499.05
6.41237, -1717.24, -1095.49
5.70687, 1721.2, -1707.44
3.14521, -1408.46, 408.713
5.77944, 16.0947, 1420.87
3.09199, 120.071, -21.4031
3.88793, 580.626, 1469.94
6.65548, -501.392, -520.427
6.14153, -1435.99, -997.815
6.74348, -1218.65, 570.168
3.43989, -1402.58, -1712.16
6.09602, 1067.08, -626.56
4.25586, 306.783, 604.103
3.34555, -823.131, -1288.49
4.52383, 651.856, -1017.85
4.20924, 297.056, 1424.1
6.67141, 635.489, -139.64
3.9111, 1433.98, 1221.71
5.16766, -1304.45, -928.883
6.25085, 1775.14, -1673.37
4.62554, -1189.05, -1487.16
4.66964, -962.392, 1133.58
3.03022, 1676.14, -1835.52
6.4639, -64.9682, -852.353
3.91232, -1316.13, -919.274
7.14264, -1021.9, -459.136
5.37926, 486.52, 992.118
3.4895, 1520.63, -615.516
5.99081, 1079.97, -1397.18
3.07265, 896.616, -1662.24
4.22945, 524.323, 1438.65
4.15646, -1032.11, -450.564
6.42735, 1647.56, -1769.35
6.65775, 901.299, -393.893
4.21712, -1433.09, 1470.04
4.2603, -478.991, 1656.75
6.38197, 206.327, -1489.79
6.58658, 28.9236, 1395.1
4.26157, -383.501, 605.184
7.09559, -782.14, -520.405
3.2877, 968.3, 459.52
5.56029, -949.981, 1230.21
5.54222, -874.868, 1345.31
3.16647, -460.707, -1361.52
3.51409, -1363.24, -1013.61
4.79457, -1608.47, 961.005
3.48759, -964.101, 1675.85
6.77118, -1623.42, 701.936
6.54562, -1483.51, -1283.47
2.80131, -1724.08, 1605.9
6.50584, -1384.76, 1254.51
5.49597, -300.142, -1011.84
7.43182, -1755.29, 358.922
2.65919, -152.919, 1353.35
6.8356, 1745.84, -1377.07
3.69109, 1193.9, 581.421
3.6127, 407.449, 714.176
4.73907, -1718.42, -1122.48
2.61231, 1720.54, -369.276
6.79755, -456.604, -63.3954
4.15902, 484.452, 1005.41
5.72195, 639.109, 583.562
7.43521, -1732.62, -1087.39
5.30162, 593.787, -1108.32
4.74553, -1546.66, -443.428
5.213, 257.851, -1352.29
2.90797, 1562.18, -39.1684
3.99606, -1513.73, -472.201
6.63964, 1496.95, 1198.71
6.48936, 1184.33, 1656.9
5.71048, -207.786, 1305.83
4.84105, 1208.55, 672.878
7.15326, -320.766, -993.93
5.08798, -525.534, -29.3475
7.42924, 1582.16, -991.044
5.94567, -57.5963, -1332.83
6.19966, -366.179, -980.785
3.46323, -817.378, -1701.9
6.08881, -924.845, 1187.88
6.11146, 1173.69, -242.726
6.49298, 576.982, 296.055
4.23216, 495.188, -1836.84
5.1481, 45.1718, -350.227
3.19001, 1485.87, -673.491
6.73218, -456.109, -510.538
6.32766, -46.6313, -1566.64
7.5, 1701.73, -858.679
4.24891, 988.254, 1828.75
5.50367, -1080.29, 1102.79
3.50808, -975.609, 53.8282
6.2385, 84.7559, 266.924
6.49225, 1763.19, 451.439
3.03505, -1371.93, 205.343
5.35813, -963.559, 67.6516
2.84683, 703.001, -736.524
4.16036, 1339.16, 1317.85
5.80945, 879.41, -1353.21
5.27726, 231.543, -362.412
7.12415, 451.23, -14.6592
2.69832, -867.816, 361.48
2.62083, -533.587, 386.26
4.61923, 489.505, -1250.99
4.36987, 830.491, 359.366
2.93303, -466.589, -452.814
3.05403, -272.539, 330.716
5.31992, 685.745, -730.291
7.37269, 38.2052, 1392.94
3.05066, -29.1437, -1559.5
5.99352, 207.639, 1771.61
2.79674, -140.364, -1326.27
4.69755, 1578.53, -78.7764
5.24651, 1852.98, 1375.73
3.45129, 1305.56, -1428.12
7.36597, 693.238, 587.183
3.19593, -1257.1, -176.931
5.48978, 1631.59, -917.699
7.12812, -1661.48, 1402
3.91116, -94.9783, 1715.8
6.8307, -307.765, -177.058
6.29598, -390.262, -1085.88
6.10793, 693.828, 1140.58
3.34241, -658.814, 665.021
3.32882, 1518, 746.795
3.39076, -1298.23, -1818.76
5.87226, 591.128, -1085.23
4.83484, -522.863, -24.4065
6.85219, -1517.64, -709.258
5.76023, -1347.6, -129.239
5.80464, 1494.87, 1642.43
2.58037, -1304.84, -1122.94
4.30596, -1475.1, -1284.71
3.72747, 1708.74, 204.112
6.93086, -1759.37, -1739.76
5.23701, 1630.38, 1585.43
6.57209, -58.5113, -1253.35
5.24453, 327.572, 1648.28
4.16156, 957.903, -137.469
4.40213, -75.7802, -1264.11
2.52389, 1738.15, 1188.07
6.95226, -172.885, -820.312
6.16955, -861.294, 1249.78
6.04239, -209.222, 1379.24
5.1278, 147.04, -406.329
6.41065, -280.558, -1531.96
3.42484, -819.42, -862.305
5.72673, 551.151, 893.454
3.42178, -1247.29, -528.332
3.31214, -1.21735, -184.068
2.65594, -402.593, 1658.34
7.42716, 292.947, -1404.78
4.04559, -578.161, -1301.75
4.11075, -1235.5, -544.106
5.51155, 513.145, -427.809
2.89107, -625.51, -1733.35
3.93936, -4.86447, 121.604
5.79307, -369.046, -972.481
7.36348, -1752.17, -732.003
7.27758, -722.526, -1464.21
7.42745, -1243.7, -520.818
7.30478, -1667.03, -1318.4
3.0073, -971.279, 1208.82
3.71505, -274.913, -1019.99
6.91151, 220.382, -712.45
5.28805, 650.932, 1176.11
6.7669, 1546.89, 1084.15
7.49145, -1028.67, 1137.29
3.99751, -304.86, -1016.23
6.33157, 1857.83, 793.445
4.81901, 572.147, -347.314
6.8168, -1259.41, -1481.31
6.99018, 1632.97, -117.935
7.377, 485.971, -831.983
2.77405, 1118.38, 344.344
6.32605, 1761.59, -1303.16
5.09219, -1764.49, 1472.45
3.46574, 1831.39, -308.736
6.98252, 441.962, -1086.14
6.38492, -1601.22, 209.081
2.75968, 749.777, 1032.74
7.47331, -1605.37, 1471.5
5.93659, -203.778, -750.348
5.94854, 1698.53, 981.624
6.57666, -1303.85, 1522
7.05426, -172.314, -953.05
3.34218, -379.335, 600.365
5.24183, -1131.03, 1516.42
6.53351, -1077.08, -503.241
4.17803, 641.267, -998.318
5.53435, -202.612, 47.157
6.59602, -1702.91, 675.245
7.3485, 60.865, -385.68
6.29349, 1030.82, 1114.09
3.72113, -340.894, -183.142
5.80589, -1155.42, 708.061
4.21574, -1039.37, -483.537
7.27146, 690.34, -698.566
2.60828, 1522.98, 1037.2
4.54979, -1743.29, 1779.5
2.55789, 1064.19, -1397.62
3.04964, 1716.4, 390.706
5.28259, -1622.54, 237.033
4.45466, 80.9317, -443.413
7.20539, 238.197, -308.1
2.55572, 397.97, 812.537
6.22897, -295.849, -996.545
3.84293, 337.658, 255.36
4.27153, -1208.15, -1459.49
3.45835, -874.429, 1319.51
5.14832, 630.328, -246.164
4.39478, -116.635, -1612.38
3.16407, -90.7748, -1680
4.26563, -347.33, -888.932
4.2497, 1539.23, 1837.06
7.41084, 1175.67, -235.222
5.25961, 265.334, -664.238
4.99918, 41.0947, -1432.49
3.58531, -1664.11, 673.146
4.37311, -457.611, -1117.51
6.78251, -1304.54, -911.451
6.45578, 1585.38, -930.346
3.9204, -1027.73, 1663.25
5.07645, 865.417, 302.109
6.79238, -481.264, 46.6423
7.07844, -1670.21, -410.075
7.48941, 326.349, 1694.37
6.53177, 233.158, -356.909
5.22718, -1685.06, -285.762
7.3461, 296.829, -1374.52
5.31931, -1122.84, 752.036
4.03031, -871.311, 1281.5
5.41853, 1773.98, 1742.84
2.91197, 119.855, -457.016
5.47382, 693.743, 1148.97
3.31968, -1165.49, -1172.45
6.46527, -1228.09, -1036.18
2.95373, 1219.38, 1321.65
6.3072, -959.076, -1341.95
6.83996, -519.848, -26.2947
6.40105, 227.165, -676.563
6.61399, 1715.91, 1666.4
6.70974, 715.455, 1088.32
4.48328, 834.082, 422.154
6.508, -254.193, 310.975
6.56811, 657.756, -43.3913
5.43493, -788.596, 161.173
4.64621, 1542.8, -21.3689
2.5002, -62.0047, -847.104
5.31153, -1555.07, 661.095
6.22632, 689.298, 639.613
3.89846, 1717.41, 516.122
2.93406, -1770.67, 1075.59
3.5733, 1741.59, -1705.35
3.93296, -948.231, 1153.37
4.86595, -758.154, 932.476
6.95893, 1701.55, 1650.37
5.91955, 996.652, -946.141
3.54376, 16.2645, -358.288
6.67533, 1497.73, -62.0143
7.09218, 1811.15, 1805.79
4.48244, -1031.22, -1334.29
6.37858, 1081.54, 1007.06
5.68161, -218.599, -201.033
6.64746, 941.975, 478.265
3.40204, 990.605, -952.482
7.45927, 1100.36, -1422.43
6.70558, -265.922, -1531.78
4.65177, 1684.41, 457.27
4.38589, 1127.48, 1592.71
2.70802, 1125.1, -987.354
6.80715, -1389.2, -990.243
6.62116, 1763.04, -1686.68
6.25052, -34.9366, 1407.65
3.55801, -367.455, 1758.6
4.31029, -1485.89, -400.552
4.43545, -1274.86, -1446.08
7.32918, 1497.36, 1180.03
6.5872, -206.272, 1379.84
4.5755, -118.966, 855.447
5.83759, 386.988, 228.573
2.52101, 1032.1, 1794.48
6.98048, -1406.84, 394.94
3.68416, -678.365, 687.002
3.79415, 659.971, -335.646
5.4939, 750.197, -1302.77
6.89823, -1642.17, 695.021
6.16299, -1197.54, -1164.5
6.0773, 1611.79, 1141.54
3.57724, -1131.69, 978.163
6.30413, 1383.53, -1847.5
3.85351, -352.087, -950.333
2.75246, 1203.96, 594.95
4.78866, 650.668, 608.274
2.58759, 801.509, -1387.09
3.01129, 130.362, -435.863
2.639, -367.337, 605.403
5.65921, -706.797, -1031.27
6.34425, 60.6683, -421.533
2.74132, 1072.07, -1550.91
6.6924, -72.8661, -1239.25
6.76899, -424.056, -461.436
6.57649, -1001.15, 1164.59
6.85188, 1566.67, 708.13
5.27222, -1199.48, -340.62
6.12646, -455.952, -75.7669
3.20424, -1010.53, 1612.48
6.6115, 1153.52, -971.843
5.51185, 1326.18, -348.109
4.93856, 951.13, -1705.14
6.14942, -462.212, 1663.96
4.05164, 1507.01, -1289.53
3.93925, -1418.68, 620.217
5.45857, -1769.12, 1446.02
5.34055, 1109.62, 1623.66
5.41059, -1735.83, -1084.49
2.84132, -1368.72, 544.653
4.34304, 275.214, -698.752
6.28475, -1673.25, -1131.95
6.35297, -896.819, -1643.63
4.27217, -871.472, -471.263
5.98913, 338.092, 1675.06
5.08005, -1252.53, -553.352
5.94494, 721.614, 288.524
6.18066, -166.437, 1287.57
2.56231, -620.183, -1270.3
7.16549, 1168.56, -190.26
5.37826, 350.553, 205.227
3.05587, 997.834, 1819.62
4.87388, -187.761, 8.78937
3.24247, 544.793, 150.883
4.22594, 181.59, 867.426
7.04476, -1760.8, 402.189
4.54571, 61.7436, 1029.66
5.96642, -1244.97, -192.528
3.35865, 780.431, -1588.48
6.21715, 1664.62, -957.553
4.16319, -871.943, 1358.21
4.62157, 1193.18, 536.01
2.79523, -288.57, -207.465
5.09005, 490.39, -372.751
5.94425, 849.286, -1089.64
5.01149, -534.524, -17.7203
6.56617, -363.822, -1417.68
3.07974, 226.642, -1757.77
5.24841, 504.62, 985.31
5.06046, 699.047, 35.3458
6.02649, 1806.18, 917.632
5.65083, -548.787, 1687.93
4.0207, -95.2017, -1307.38
6.74719, 690.312, 582.487
3.39619, 1205.96, -45.8485
2.61737, -942.907, -131.308
4.19467, 1346.97, 71.5176
3.43818, 752.397, -261.639
6.60467, -524.218, 336.995
6.72507, -1640.5, -399.039
6.78031, 1714.09, -1365.43
7.37454, -1763.17, 1248.5
2.99587, 807.778, -857.184
2.56182, 1139.41, 1223.61
2.58614, 490.764, 983.841
2.64527, 400.527, 299.162
4.1031, 298.876, -708.323
6.17815, 1179.28, 593.28
3.14876, 619.041, 894.798
2.5161, -756.568, 898.494
6.91905, 247.928, -1439.08
3.70482, 425.536, -1052.08
4.38481, -1593.75, 1450.63
4.44879, 1171.63, 282.693
2.81534, 1209.69, 620.758
7.30792, 329.291, 1710.9
3.75349, 1405.2, -684.665
6.85376, -1261.32, -181.398
2.85991, -1708.22, 610.581
2.70653, -1046.77, 1143.03
3.46378, 677.221, -990.82
3.86708, -600.968, 603.055
7.4007, -1818.69, -684.608
3.60607, 639.993, -986.465
6.43119, -1688, 1620.27
4.42306, 482.827, -724.222
3.78593, 871.472, -1233.09
3.91087, -1749.58, 205.23
7.33834, 1737.3, -73.1782
4.22841, 1356.18, 293.92
3.45922, -1728.92, 1409.26
5.05037, -1086.68, -714.427
5.21857, -1000.52, 1133.29
5.72333, -1312.52, -1140.98
3.89738, 22.3196, 1379.61
3.41887, -628.671, -1265.78
2.71579, -1676.16, 644.894
3.98408, -864.855, -454.171
4.25548, -458.216, 242.621
7.09372, -899.936, 1293.65
5.81225, 975.031, -676.122
5.08041, 1625.55, 1090.96
4.03763, 1071.57, 987.002
3.0007, -608.22, 264.886
3.47502, 735.715, -1694.6
4.11407, -49.6021, -248.259
5.56182, 1696.76, 166.865
5.13511, 1819.21, -1837.3
3.45653, 610.929, 557.15
4.7178, -1288.21, -926.08
4.48693, -1254.49, 1580.26
6.28051, -1161.12, 1538.16
6.6213, 1419.75, 1206.14
5.51573, 242.511, -682.344
3.04573, 1105.2, -1472.5
4.11797, 899.683, -340.39
5.03403, 72.4625, 591.345
4.76521, -1255.65, 1548.28
4.77315, -281.964, -898.201
4.91125, 1747, 1739.46
5.07896, 727.427, -1307.85
4.50207, 327.949, 1597.03
4.22945, 1832.04, 790.461
6.64533, 1722.82, -395.931
3.02204, -1295.04, -1452.18
6.40057, 1075.86, 998.011
3.19919, -567.123, -450.504
2.62171, -1441.6, -990.724
6.0664, 739.197, -1347.33
7.15538, 227.302, -1493.29
7.47667, 479.168, 287.748
3.86264, -1762.15, 293.675
3.6923, -994.815, -462.115
3.87328, 1724.77, 1196.16
5.70836, -1656.55, -1324.4
5.17637, 581.087, 290.164
6.8967, 1548.16, -587.167
6.75968, -1341.46, -1419.58
2.98004, 1595.1, -78.8654
4.66818, -1425.05, 434.386
3.17045, -293.164, -1425.65
5.86802, -341.879, 590.759
5.34964, -78.1228, -845.606
3.66474, -982.078, 1121.09
5.50306, 471.04, -1246.26
2.6551, -1412.93, 15.211
7.08512, 1054.56, -565.99
3.82958, 1686.28, -420.362
6.50016, -324.092, -979.953
5.46389, 215.874, -1495.55
5.0822, 670.154, 1086.98
5.2567, 726.429, 1130.16
3.47225, 933.804, -433.748
5.36152, 278.991, -1399.85
3.81992, 383.324, 818.123
4.41648, -1562.12, 1006.7
2.73626, -1452, -1702.51
4.22823, 1064.07, -1396.03
3.61594, 1241.17, -819.754
3.81264, 51.3234, -1449.2
3.05141, -758.587, -898.811
7.40088, -1366.63, -36.0268
5.93794, 1557.86, 1250.4
5.82158, -1084.15, -700.628
5.99501, -1175.39, -1296.88
2.68746, -1637.77, -1388.48
3.6706, -1287.39, -1484.35
3.95397, 1416.35, 1283.24
3.50543, 60.2909, -401.381
2.7177, 706.447, 590.926
2.56571, -1036.84, 1140.8
6.07297, -996.634, 1533.74
6.88348, -1664.23, -1153.48
5.35088, -1618.58, 703.291
6.92743, 1655.29, 1638.46
5.20042, -802.447, -530.779
3.31357, 1666.32, -1331.73
3.30492, 1801.68, 929.24
7.19182, 635.425, 466.935
3.45628, 1009.23, -1542.69
3.15761, -8.78131, -281.341
4.41122, -520.401, 126.651
6.12674, 570.975, -332.502
2.50651, 1120.24, 1630.48
4.60222, 13.524, 1397.08
5.18984, 484.244, -371.842
4.86596, -439.682, 456.69
6.33003, 1119.67, 1629.29
2.9396, 990.458, -927.105
7.04284, 292.005, 605.738
3.20818, -1582.78, -808.995
2.54782, 703.119, 48.3752
2.82267, 501.226, 881.618
4.96742, 727.533, 442.201
5.40914, 976.354, 1828.49
4.03373, -1772.79, 1078.34
4.57091, 1598.3, -89.2765
4.33401, -1213.9, -1231.79
3.42687, 331.51, 1262.62
2.76788, 1293.45, 210.884
4.47222, 992.948, -94.9154
3.98388, -635.215, -339.912
5.05388, -749.378, 1607.82
3.75392, -1378.63, 381.109
5.01589, 1729.12, 1747.81
2.51168, 26.9898, 1531.33
7.01807, 1741.49, -904.411
2.79181, -1785.34, -1783.57
5.17506, -1152.7, 1516.88
3.95754, -752.218, 1590.39
7.3023, -1525.07, -456.635
4.73406, 664.065, -175.732
5.08479, 1584.86, 412.464
5.93861, -446.09, -77.2119
2.72187, -311.463, 75.7691
7.2946, -1519.6, 1160.37
5.70852, 710.262, 280.787
2.80215, 1110.33, -1398.16
3.33964, 201.873, 515.626
5.76491, 887.37, -394.723
6.19864, -1547.14, 690.158
3.57011, 1591.83, 402.948
4.31441, 269.551, -1442.37
6.56981, -1282.07, 1776.39
5.32057, 1569.54, -964.102
7.45886, -31.4821, -1556.55
6.5669, -1579.42, 662.604
3.49157, -1829.08, -26.1275
2.50003, -283.222, -1491.47
4.62608, 1690.64, -1444.09
4.07406, 1628.61, 386.007
5.56218, 1180.5, -1747
3.83351, -347.168, -1045.6
4.39881, -1183.57, -175.323
5.43397, 1729.04, 542.432
5.95636, -291.601, -967.56
7.26736, -768.745, -1043.21
4.89785, -604.783, -1741.07
3.60319, 760.641, -1314.41
5.33741, -1283.85, -974.189
6.09873, 635.665, 565.636
4.4953, -922.138, 1198
3.48326, -1312.76, 1826.82
6.66971, -1240.53, -1432.2
5.59561, -889.061, -1655.53
7.26866, -537.368, 290.233
3.23222, 61.9744, -396.027
5.38953, -33.1922, -851.452
7.26796, -846.741, 1349.53
3.62331, 1382.86, -1899.95
7.25137, -947.964, 1497.45
3.07874, 1620.27, -916.98
2.58372, 3.14513, -269.849
3.90465, -689.387, -292.535
7.15042, 1266.27, 215.121
3.04796, 1471.54, 1645.96
6.77266, 27.1109, 1346.02
5.68532, -1320.24, -1425.79
5.63853, 805.742, -1343.28
3.80589, 1429.58, 1282.34
5.13936, -1665.47, 391.355
7.16608, -476.832, 1693.13
3.98055, 1733.61, 218.579
4.78006, 415.388, 720.677
6.35659, -1286.02, -1160.41
4.17193, 329.882, 220.738
6.31775, -106.565, -1516.52
6.65892, -92.569, 1697.89
2.64618, -1442.36, 1106
4.31315, 1360.9, -500.603
4.16221, 536.868, 880.079
3.17675, -965.446, -405.417
3.00839, -544.808, 1214.39
5.11327, -1193.45, 1490.05
3.52046, 72.7933, -994.237
5.00728, -1621.26, -1167.67
5.1371, -109.089, 1777.78
4.13422, -490.952, -461.044
4.75888, 478.179, -753.739
6.85263, -28.4202, 1759.55
4.72884, 1139.98, 1625.77
6.03726, -932.3, -1578.02
6.83171, 1761.45, -1332.5
6.5822, 1651.48, 393.637
2.67504, 1651.37, 1615.46
3.8644, -1211.64, -540.03
5.21858, -779.291, -854.339
3.19942, -1727.65, -1086.57
5.57408, -1493.82, -1689.68
3.29182, -1073.74, -1193.89
4.41129, 236.141, 419.674
5.94997, -210.778, 344.332
3.21128, -755.51, 931.244
5.65284, -1576.91, 1426.23
3.15973, 333.07, 1666.74
7.13583, -1413.05, 415.355
5.53465, -1761.18, 1498.48
5.50388, -1652.87, 664.523
3.33635, 1146.84, -977.683
3.301, -1570.08, -831.466
5.91628, 1171.2, -46.5822
5.1456, -1342.83, -129.589
3.65264, -178.936, 1383.71
6.55373, -939.891, -146.473
5.76477, -817.856, -1075.07
4.08597, -1225.5, -1144.97
2.53953, -510.519, -1526.39
3.49176, 1439.28, 1229.42
3.78831, 47.7972, 731.559
3.03825, 1644.47, 10.6492
3.49545, 261.121, -731.791
6.75079, 1576.47, -1500.96
6.63912, -1724.38, 384.042
6.76813, -1714.22, -1084.74
5.71027, 575.445, 1522.45
3.6787, 1382.26, -1895.73
6.80638, -1011.79, -1477.31
5.4745, -20.5268, -259.622
2.52745, 958.782, -107.531
6.84925, -1293.28, -925.223
7.37729, 1185.39, 314.752
5.59653, 685.822, 30.0364
3.85574, -1675.16, 654.5
7.46973, -437.581, -1074.24
4.60751, -1287.95, -909.836
4.20537, -1541.35, -1174.49
4.80717, 665.335, -171.034
4.44822, 496.333, -781.189
4.613, 11.6598, 1013.58
2.84879, 299.581, 608.243
5.5153, 23.8535, -290.452
7.36114, -104.934, 386.5
5.07406, -1443.02, -1004.34
7.45461, 1709.57, -273.127
5.84906, 1229.58, -364.185
4.01716, -1188, 94.2786
3.47371, 1633.88, 1175.93
4.0109, -1435.5, -1594.26
4.93946, -717.456, 892.698
4.72438, 987.254, 1858.68
5.7844, 724.096, -1725.55
3.74227, -1432.52, -1405.66
4.72007, 75.8698, 1049.14
5.75894, -1351.9, -111.335
6.67472, -1371.32, 562.26
6.03698, 337.483, 1558.54
4.93928, -1658.55, -1157.16
6.72039, 761.285, -392.232
7.00296, -1025.49, -471.366
6.33082, -1350.57, -950.238
5.29453, 1310, 1773.22
2.70603, -2.09599, 162.906
5.46749, 1086.73, 173.148
2.68674, -1147.59, 1506.54
4.53488, 158.933, 827.705
2.84243, -1809.81, -1700.64
7.38558, -1421.47, -1771.42
2.5956, -953.949, -543.889
6.60363, -337.695, -501.385
5.2195, -766.171, 1550.53
5.72828, 1439.88, -644.336
3.62934, -574.064, -47.45
2.733, 1717.35, -1306.95
3.63154, 468.158, -1073.2
4.58371, -1273.58, 250.707
6.40126, 489.817, -1207.37
3.72852, -1614.66, 703.692
4.81411, 1163.43, 309.872
6.14756, 1775.36, 551.34
5.35237, -714.494, 1541.93
5.45997, 1802.76, 1742.73
4.98425, -1642.92, 525.189
3.951, 830.725, 316.283
4.71107, 70.0807, -442.396
2.53669, 1635.83, -838.717
7.41683, 951.146, -671.202
2.52822, -1495.02, -428.961
4.8676, -212.238, 1375.34
5.86497, -636.825, -296.281
