6.27803, -1472.5, -1990.69
3.5948, 125.232, -171.859
5.89648, 718.887, -1807.64
5.09708, -469.363, 1748.02
2.76731, -1865.08, 1316.63
2.53849, 668.05, 108.335
4.58743, -1720.19, -464.947
7.15218, 356.707, 750.172
2.95982, 104.007, 1384.14
6.00595, -320.749, 634.978
3.81226, 1053.82, 1636.54
4.14117, 943.596, -1804.81
7.45519, 1021.27, 524.717
7.41275, -1015.04, -544.197
5.75759, 1009.58, 887.836
6.92354, 525.309, -1703.55
6.33247, -244.908, -902.771
3.87453, -1036.35, -96.3222
4.93259, -1346.66, -607.654
2.80282, 1640.3, 1582.12
5.08146, 16.0644, 1611.11
4.96988, 1939.13, -725.359
7.23882, -1631.49, -936.9
4.42071, -9.67471, -1695.1
5.14874, 1650.02, -895.805
2.75042, 1756.62, -132.945
6.63909, 1084.16, 1071.7
5.94228, -1925.94, -1493.95
6.18112, 517.91, 1470.86
6.94286, 1982.41, 900.588
4.25508, -766.543, -1069.1
6.72991, 364.806, 52.3544
3.84659, 1329.38, -325.991
4.83959, 148.068, -351.887
3.2686, -1290.83, -853.661
2.66527, 1219.56, 284.689
7.2768, -10.6944, 143.675
6.95369, 219.715, 989.251
3.29884, 1361.42, 496.004
3.15214, 857.83, -1146.15
2.515, -903.596, -1633.2
6.0491, -1907.74, -352.379
3.40448, -1030.17, 1742.82
5.76029, 1545.51, -725.037
4.42907, 729.306, -1397.23
3.23766, -7.1326, -454.479
5.45054, 1369.18, 345.666
3.24076, 236.22, 1819.29
3.2091, -363.422, 1927.35
4.94257, -987.33, 256.014
3.13015, 1821.07, -138.617
5.64635, -718.272, -1195.87
5.60817, 602.299, -1487.42
4.88216, -1002.07, 1206.67
2.64188, -1157.01, -478.165
3.21011, -283.323, 1603.13
3.15594, -361.012, 1783.09
3.31099, -1644.55, 1517.99
3.76529, -536.962, -1708.05
4.77654, 1144.58, -1467.27
6.54472, -189.324, -600.234
3.57624, 605.238, 1719.36
3.75063, 1634.31, 721.398
5.02978, -116.032, 1441.58
6.27922, 1269.77, 381.537
5.66369, 1811.76, -140.868
5.9449, 1281.76, -252.925
7.27207, 1941.82, 815.544
5.18713, -846.38, 1418.5
4.57014, -1578.48, 57.4712
4.70019, 1503.34, 310.131
6.07821, 1473.5, 917.594
6.20858, 819.705, 1197.46
5.12494, 1541.9, -1920.04
6.06711, -1733.18, -148.117
5.91025, 668.869, -43.4982
6.82941, 1664.21, -1198.72
3.19597, 171.643, 1552.72
3.57766, 1945.83, -201.168
5.0733, -731.192, -221.272
4.83766, -238.409, 1509.76
3.55759, -535.609, 1224
5.65244, -1383.12, 1975.74
2.5044, -1957.23, 431.707
4.09589, 906.371, 1089.72
5.90281, 727.139, -315.432
6.0446, 1342.18, -1175.41
2.90869, -1618.18, 1310.83
3.56926, 533.245, 1065.76
4.44412, -1670.43, -1143.32
4.44927, 1798.39, 1806.3
3.92018, 766.044, -922.233
4.6123, 1130.83, 1103.46
2.55658, -1230.94, -869.753
3.72027, 1879.89, -1230.82
4.49072, -1445.48, 1290.12
6.64177, -1294.68, 402.943
3.78584, 1946.65, -1373.11
3.59705, -1609.78, -1073.59
6.47385, 780.814, 537.746
5.8476, 1006.72, 783.637
5.49108, -1779.41, 563.963
5.99917, -726.888, -1086.42
5.13062, 1052.87, -1524.36
4.14833, 369.526, 202.697
3.30844, -1429.07, 806.991
6.56633, 1437.25, -56.96
4.08004, 956.666, 230.439
4.05369, 110.001, -1462.51
4.65424, 70.8345, 341.658
4.46509, -495.639, -954.342
4.43916, -98.8687, -226.309
4.34871, -1678.15, -885.763
5.88118, 686.311, -986.438
6.10384, 907.595, 56.1774
7.20082, -140.655, 1787.2
5.08573, -158.825, -715.009
5.5282, -388.811, 645.968
5.85049, -1389.34, 1955.97
5.11404, 162.767, -618.805
3.87105, -1920.05, 1298.97
7.08924, 188.31, 570.526
3.73367, 1871.43, -927.213
4.77876, 770.51, 1368.88
3.30374, -1908.57, 1290.44
4.68319, 827.374, 820.327
7.45767, 998.029, 336.569
6.26931, -878.951, 781.989
4.97846, -1973.61, -1311.75
7.01651, -1315.81, -1678.58
4.68213, 985.319, 1125.14
5.09239, 337.131, -1966.56
4.44866, 176.376, -1724.69
5.63431, -448.998, -1136.17
5.19331, 831.45, 636.268
4.35955, 1264.64, -877.106
2.54674, -738.07, 729.943
6.3794, 82.3796, -1578.45
2.85317, -1774.98, -1120.95
3.98511, 890.952, -1359.21
4.78581, -90.7499, -1781.28
3.25156, -190.403, 85.8301
5.97819, 1338.24, -862.068
4.15587, 730.245, 311.646
5.21197, 1942.29, -1763.27
2.64678, 1437.36, -1974.85
5.38086, -46.7674, -474.407
5.18133, 733.147, 948.567
7.36678, -1514.57, -1850.92
5.57063, -595.718, -1240.23
5.26431, -1491.99, 423.977
6.69051, -548.998, 1813.66
3.75764, -972.565, 1876.95
6.98957, 1247.87, -290.34
5.97428, 1023.46, -1005.68
5.82752, -946.083, -191.144
3.06838, -1159.59, -1539.36
3.37987, -1964.89, 189.433
2.91253, -272.374, 391.363
6.68103, -494.543, 744.039
2.64818, 1879.65, -1529.44
6.34719, -6.43011, -1694.54
4.29829, -1005.38, 1732.38
6.24626, 5.01785, 1070.23
6.28385, 725.6, 683.035
3.60834, -1075.8, -1847.08
5.58305, 610.171, 254.61
3.66846, -1099.44, -507.104
6.22052, -1338.47, 607.781
5.80997, -1820.65, -1371.65
4.9209, 1808.26, -1493.71
2.58972, 1656.18, 478.099
4.98291, 893.681, 398.084
5.09587, -223.849, -1775.32
4.71395, -1747.46, 1061.99
4.14528, -123.856, 1899.28
3.52671, 970.294, -214.647
7.19863, -501.802, -1305.68
2.85168, -993.597, 1854.53
3.30042, 103.609, -1495.05
6.70788, -1572.43, 68.9678
4.13614, -325.505, -550.695
6.85942, 315.659, 854.977
5.99896, 1343.07, 1031.97
5.52801, 1738.42, -440.916
4.77536, 159.036, -536.617
2.91543, -1037.86, -359.711
3.94883, -110.422, -298.613
6.51009, -1141.12, -1574.14
6.81821, 675.644, 121.404
3.81831, 843.025, -1022.35
4.79881, -1672.37, -471.447
4.95672, 1220.07, -1057.42
5.82344, -934.628, -1979.18
7.31738, -1253.71, -307.212
7.23022, 1167.08, -1469.27
2.81902, 447.049, -1311.5
5.04829, -818.567, -614.696
6.13222, 1336.61, 1315.29
5.65882, 1201.95, -678.524
3.26658, -1830.81, -1817.36
5.09652, -1733.81, 1082.07
3.52281, -1113.44, 1710.2
6.03231, 799.952, -1641.86
6.05786, -949.187, -29.8033
3.66304, -1145.63, -471.566
6.80594, -122.965, -264.471
2.67122, -219.051, 1901.19
6.26587, -1871.25, 103.239
4.14789, 1286.33, 336.97
4.65309, 142.829, -1067.56
7.33455, 1937.22, -387.339
4.05803, 1466.19, 1391.4
5.69762, 1976.53, -1401.98
5.95386, 1735.08, -123.792
5.36403, 159.153, 1257.63
6.60667, 1783.53, -1367.26
4.21807, -1802.75, -1356.82
5.09387, -1619.39, -1551.18
6.78438, 244.965, -1902.7
6.18587, 691.914, 80.191
3.45992, -1889.09, 776.676
2.83145, -616.269, 681.043
3.60828, 1686.89, -1434.46
3.33656, 340.959, -470.411
6.31172, 763.814, -1866.73
5.44905, -1686.98, 848.844
4.65223, 1719.41, 1706.11
7.09618, 1321.11, 24.2785
5.09668, 888.756, 377.836
7.38058, -1357.32, -42.2267
5.15714, -906.036, 294.213
2.98716, 668.39, 786.001
5.83983, 436.803, 197.184
5.44444, 278.494, -50.8207
5.01137, -1399.42, -222.914
2.75808, -1865.24, 919.763
2.6753, -696.853, 61.9112
4.41484, -1572.03, -1026.13
5.55555, 376.24, 206.512
5.06574, 1094.32, 1732.74
5.98498, 604.91, -52.7832
4.89891, -50.4022, -370.996
3.88323, 136.635, 843.579
6.01685, -878.416, 418.856
3.67701, 1749.91, 116.402
6.41501, 375.813, -351.902
6.60589, 721.559, 1674.1
3.21842, -1071.47, 106.872
5.75757, -976.93, 1620.78
3.87677, 1739.63, -1972.77
7.26215, -863.412, 1432.42
4.58238, -1503.68, 28.0562
3.03869, -253.366, 806.73
4.70633, -1596.8, 1063.21
6.28811, -838.599, -605.826
2.77803, -677.213, -640.272
3.51241, -56.0576, 289.732
6.82305, 1883.3, -1553.19
6.52456, -531.045, -24.1411
2.78861, -1358.8, -1346.3
4.40304, -128.58, -1402.87
4.56124, -293.136, 1530.4
2.80071, -763.239, 605.011
7.09746, 1602.71, 1294.06
3.35398, 1076.09, 1608.16
6.51634, -1863.95, 308.344
3.88599, 1447.71, 91.9027
4.44586, 345.593, 1476.6
7.19936, 105.965, 1247.21
6.24573, 321.875, -328.158
3.44774, -649.991, 1519.82
6.89581, 872.353, 970.298
6.8953, 835.79, -1701.33
3.30515, -1612.53, -527.958
5.87346, -1609.05, -332.409
6.89096, 1255.19, 252.989
6.98262, 516.434, 1054.08
3.06535, -50.5681, 1509.5
5.93789, -469.582, -506.241
3.21651, -1679.6, -1525.83
3.6901, 829.079, -89.2526
5.64383, 1894.62, -436.133
4.312, 1633.49, 727.706
4.64437, 1176.92, 1435.38
4.91936, -25.1247, -1677.63
6.20379, -7.52412, -215.294
3.23098, -783.785, 1735.05
7.36238, -1668.41, -1547.01
7.3158, -1030.36, -384.624
3.14741, -1202.89, 1330.21
5.3784, -638.791, -1213.7
4.66439, 340.976, -245.266
5.50066, -478.149, -519.093
5.85098, -1397.71, -265.982
4.5137, 792.989, 1975.95
6.46691, 1280.06, 1390.1
4.89889, -1953.41, -501.474
5.72449, 593.558, 553.436
4.28836, -492.543, 1198.4
5.96794, -660.988, -441.501
5.83428, -833.948, -1410.28
3.22071, -755.585, 1422.96
7.10415, -1967.51, 442.389
4.22228, 64.1069, -471.66
6.66824, -831.208, -940.19
2.74349, 541.195, -1495.57
3.27936, -506.179, -135.41
2.55765, 662.634, 1018.24
3.94327, 242.024, 1177.67
5.07295, -693.916, -346.279
3.65948, 1365.51, 875.448
2.75022, -483.417, -136.49
5.33091, -1191.29, -1693.61
6.69774, -304.545, 1348.32
4.28763, -1293.6, -860.677
4.3452, 330.415, 1742.92
7.22226, 512.424, -146.782
4.72425, -1820.68, -361.927
6.82086, 988.834, 373.752
5.82654, -1578.21, -1472.58
5.79297, 329.328, 1330.93
7.10736, -1920.2, 1923.97
5.11536, 1899.48, -1236.88
5.45229, 878.394, -884.143
5.79944, 1336.31, 1333.6
4.24765, 572.439, 921.972
4.11714, 677.39, 101.036
7.08984, -217.24, 1477.68
3.08619, 1807.53, -891.977
7.31268, 1350.4, -341.507
5.17978, 97.2254, -662.035
5.81447, 1709.12, 1269.1
5.48362, 1797.52, -1011.46
6.93363, -1012.41, -1491.41
6.67999, -1336.03, -1214.82
6.69339, 493.51, 406.819
6.85642, -427.857, 680.466
2.5002, -1539.58, 682.431
4.77274, 517.297, 700.957
4.25696, -1866.53, 302.257
5.80713, -515.781, 1417.57
6.22234, -1752.78, 305.664
3.3821, -247.847, -906.086
7.4621, 1589.02, -1625.71
5.95466, -1863.92, 342.359
6.97862, 286.352, -26.4667
3.51579, 744.296, -265.133
7.2356, -914.594, -72.6733
4.88476, 1769.55, -1016.91
6.78578, 1842, -1494.41
6.41237, -1959.1, -1113.73
5.70687, 1817.52, -1817.82
3.14521, -1448.29, 296.691
5.77944, 8.5929, 1299.95
3.09199, 106.375, 18.5018
3.88793, 670.476, 1607.65
6.65548, -443.737, -454.413
6.14153, -1503.63, -1026.64
6.74348, -1195.96, 591.543
3.43989, -1563.03, -1884.09
6.09602, 1115.97, -558.631
4.25586, 319.306, 664.798
3.34555, -831.899, -1377.56
4.52383, 674.272, -1095.13
4.20924, 318.433, 1541.02
6.67141, 783.296, -251.345
3.9111, 1395.91, 1168.37
5.16766, -1357.87, -964.247
6.25085, 1986.1, -1705.05
4.62554, -1378.06, -1520.79
4.66964, -1137.67, 1095.18
3.03022, 1715.12, -1863.98
6.4639, -78.5776, -931.973
3.91232, -1147.41, -966.307
7.14264, -1166.61, -471.532
5.37926, 493.715, 1023.73
3.4895, 1636.56, -579.715
5.99081, 1147.76, -1504.06
3.07265, 990.383, -1917.44
4.22945, 611.383, 1573.82
4.15646, -1180.55, -472.695
6.42735, 1656.59, -1922.96
6.65775, 918.95, -425.455
4.21712, -1479.26, 1509.7
4.2603, -547.875, 1779.27
6.38197, 297.748, -1656.17
6.58658, -24.9532, 1375.82
4.26157, -260.695, 564.966
7.09559, -857.176, -602.346
3.2877, 984.079, 508.037
5.56029, -968.609, 1133.43
5.54222, -755.227, 1422.02
3.16647, -503.486, -1490.41
3.51409, -1490.38, -956.241
4.79457, -1713.14, 1002.51
3.48759, -1052.1, 1860.42
6.77118, -1693.13, 760.181
6.54562, -1519.29, -1384.39
2.80131, -1812.49, 1771.07
6.50584, -1437.5, 1306.57
5.49597, -388.786, -1085.93
7.43182, -1780.99, 613.465
2.65919, -322.712, 1283.69
6.8356, 1881.69, -1542.75
3.69109, 1336.11, 697.522
3.6127, 349.077, 861.757
4.73907, -1972.27, -1099.84
2.61231, 1727.98, -359.628
6.79755, -512.801, 28.76
4.15902, 426.605, 1180.21
5.72195, 611.651, 502.419
7.43521, -1889.46, -966.308
5.30162, 569.147, -1167.08
4.74553, -1515.8, -492.54
5.213, 333.452, -1448.64
2.90797, 1546.15, -65.6616
3.99606, -1628.45, -547.08
6.63964, 1643.54, 1355.63
6.48936, 1250.52, 1872.6
5.71048, -206.726, 1359.64
4.84105, 1260.94, 772.025
7.15326, -397.109, -1218.77
5.08798, -489.642, -147.86
7.42924, 1595.44, -1077.8
5.94567, -160.648, -1444.9
6.19966, -361.403, -897.715
3.46323, -785.302, -1867.68
6.08881, -905.164, 1247.91
6.11146, 1139.95, -361.198
6.49298, 533.327, 307.42
4.23216, 510.473, -1991.84
5.1481, -31.8103, -121.052
3.19001, 1431.93, -720.735
6.73218, -449.63, -417.182
6.32766, -167.398, -1768.18
7.5, 1846.64, -837.497
4.24891, 965.785, 1983.64
5.50367, -1201.22, 1180.64
3.50808, -992.039, 167.815
6.2385, 57.8916, 306.267
6.49225, 1950.53, 432.644
3.03505, -1411.56, 218.377
5.35813, -1014.23, 94.4542
2.84683, 719.177, -670.78
4.16036, 1492.91, 1379.18
5.80945, 972.752, -1415.49
5.27726, 343.824, -385.035
7.12415, 457.819, -23.3895
2.69832, -970.691, 452.311
2.62083, -622.218, 479.369
4.61923, 430.133, -1312.81
4.36987, 921.788, 271.379
2.93303, -464.601, -491.631
3.05403, -314.696, 343.763
5.31992, 735.282, -695.089
7.37269, 121.275, 1483.46
3.05066, -92.0317, -1772.64
5.99352, 198.117, 1960.39
2.79674, -100.972, -1483.59
4.69755, 1670.54, -215.479
5.24651, 1982.86, 1431.45
3.45129, 1381.92, -1499.68
7.36597, 629.059, 653.486
3.19593, -1359.17, -121.29
5.48978, 1877.76, -864.566
7.12812, -1744.95, 1408.07
3.91116, -160.59, 1770.82
6.8307, -283.174, -165.586
6.29598, -453.802, -1199.98
6.10793, 715.596, 1232.45
3.34241, -752.706, 739.9
3.32882, 1669.95, 746.846
3.39076, -1294.81, -1977.65
5.87226, 670.189, -1203.21
4.83484, -708.731, 80.2458
6.85219, -1620.82, -716.159
5.76023, -1392.29, -236.319
5.80464, 1523.04, 1759.74
2.58037, -1326.35, -1202.62
4.30596, -1555.56, -1332.79
3.72747, 1847.75, 235.954
6.93086, -1872.95, -1898.58
5.23701, 1648.28, 1548.69
6.57209, -53.2659, -1298.68
5.24453, 353.218, 1731.85
4.16156, 1012.36, -110.823
4.40213, 47.5355, -1309.18
2.52389, 1861.92, 1308.19
6.95226, -180.818, -794.749
6.16955, -993.436, 1370.97
6.04239, -308.469, 1322.67
5.1278, 112.254, -373.106
6.41065, -381.638, -1628.61
3.42484, -772.842, -940.935
5.72673, 488.855, 1037.53
3.42178, -1376.96, -683.998
3.31214, 125.686, -184.763
2.65594, -363.922, 1699.94
7.42716, 261.007, -1331.55
4.04559, -662.699, -1432.74
4.11075, -1356.36, -594.1
5.51155, 567.439, -473.224
2.89107, -658.726, -1843.93
3.93936, -41.3636, 182.317
5.79307, -251.738, -982.488
7.36348, -1983.32, -698.382
7.27758, -726.269, -1590.78
7.42745, -1337.32, -576.008
7.30478, -1825.55, -1524.01
3.0073, -1116.84, 1134.27
3.71505, -249.099, -985.505
6.91151, 198.673, -865.425
5.28805, 680.803, 1399.43
6.7669, 1604.74, 1032.33
7.49145, -1073.87, 1050.96
3.99751, -513.995, -963.675
6.33157, 1952.04, 972.756
4.81901, 569.719, -288.029
6.8168, -1272.6, -1584.42
6.99018, 1719.95, 8.13977
7.377, 515.497, -832.153
2.77405, 1318.33, 165.679
6.32605, 1891.75, -1235.92
5.09219, -1865.7, 1478.35
3.46574, 1845.76, -470.446
6.98252, 393.429, -1087.05
6.38492, -1665.9, 195.139
2.75968, 830.966, 1081.73
7.47331, -1705.81, 1529.44
5.93659, -8.31173, -917.318
5.94854, 1775.07, 993.434
6.57666, -1314.27, 1636.41
7.05426, -73.8146, -875.645
3.34218, -402.772, 806.367
5.24183, -1160.78, 1607.22
6.53351, -973.037, -505.149
4.17803, 650.748, -1075.04
5.53435, -208.709, 67.8225
6.59602, -1901.49, 668.01
7.3485, 173.197, -498.004
6.29349, 1167.67, 986.641
3.72113, -361.457, -185.105
5.80589, -1144.21, 805.971
4.21574, -897.309, -374.215
7.27146, 751.178, -791.798
2.60828, 1606.28, 1110.85
4.54979, -1783.16, 1891.77
2.55789, 1172.05, -1341.58
3.04964, 1673.04, 394.291
5.28259, -1693.93, 185.697
4.45466, -47.4993, -475.899
7.20539, 235.495, -365.463
2.55572, 358.652, 787.935
6.22897, -444.616, -872.656
3.84293, 221.376, 252.008
4.27153, -1351.74, -1529
3.45835, -924.061, 1235.81
5.14832, 591.085, -338.359
4.39478, -114.717, -1712.04
3.16407, -24.5412, -1606.26
4.26563, -252.933, -1128.11
4.2497, 1567.22, 1969.34
7.41084, 1211.91, -249.712
5.25961, 302.736, -751.343
4.99918, 27.698, -1429.39
3.58531, -1669.05, 911.892
4.37311, -468.133, -1300.19
6.78251, -1320.58, -933.458
6.45578, 1583.77, -1025.26
3.9204, -986.657, 1857.48
5.07645, 874.419, 202.68
6.79238, -584.379, -47.6962
7.07844, -1881.68, -345.544
7.48941, 271.895, 1830.2
6.53177, 345.068, -386.265
5.22718, -1797.72, -370.145
7.3461, 300.585, -1471.28
5.31931, -1170.02, 725.245
4.03031, -833.814, 1318.45
5.41853, 1929.86, 1903.01
2.91197, 107.352, -661.391
5.47382, 703.366, 1241.08
3.31968, -1196.64, -1183.23
6.46527, -1216.92, -874.923
2.95373, 1158.87, 1477.88
6.3072, -1010.14, -1359.32
6.83996, -444.534, 62.8193
6.40105, 381.973, -668.712
6.61399, 1817.09, 1936.49
6.70974, 744.737, 1105.72
4.48328, 1056.56, 513.107
6.508, -322.284, 335.226
6.56811, 760.438, -87.8206
5.43493, -819.151, 201.779
4.64621, 1590.63, -99.0064
2.5002, -128.574, -956.735
5.31153, -1629.57, 634.002
6.22632, 673.352, 706.964
3.89846, 1934.98, 581.706
2.93406, -1970.76, 1129.59
3.5733, 1706.86, -1760.59
3.93296, -982.919, 1125.37
4.86595, -811.537, 949.249
6.95893, 1689.71, 1639.66
5.91955, 1025.51, -1007.29
3.54376, -99.1427, -134.417
6.67533, 1587.1, 23.1328
7.09218, 1870.37, 1836.54
4.48244, -950.591, -1400.91
6.37858, 1082.01, 1058.28
5.68161, -321.017, -180.396
6.64746, 966.455, 581.013
3.40204, 1114.11, -922.813
7.45927, 1159.36, -1529.48
6.70558, -304.135, -1689.83
4.65177, 1775.35, 530.925
4.38589, 1193.05, 1777.59
2.70802, 1308.72, -1010.62
6.80715, -1605.36, -1069.54
6.62116, 1831.93, -1800.44
6.25052, 26.9508, 1463.39
3.55801, -330.533, 1983.31
4.31029, -1563.31, -384.05
4.43545, -1181.51, -1602.27
7.32918, 1597.18, 1275.25
6.5872, -334.999, 1264.05
4.5755, -163.937, 897.917
5.83759, 410.118, 365.685
2.52101, 953.33, 1952.13
6.98048, -1476.6, 497.134
3.68416, -687.136, 709.97
3.79415, 714.9, -189.536
5.4939, 812.166, -1415.17
6.89823, -1675.5, 741.773
6.16299, -1128.31, -1180.91
6.0773, 1823.46, 1140.68
3.57724, -1215.31, 962.261
6.30413, 1357.65, -1914.74
3.85351, -322.354, -1117.81
2.75246, 1331.73, 676.297
4.78866, 539.716, 491.518
2.58759, 896.427, -1555.86
3.01129, 144.817, -341.524
2.639, -262.397, 572.562
5.65921, -682.706, -1032.23
6.34425, 162.323, -491.784
2.74132, 1051.47, -1679.33
6.6924, -113.955, -1261.19
6.76899, -525.822, -637.304
6.57649, -892.426, 1149.01
6.85188, 1589.24, 809.961
5.27222, -1264.99, -340.091
6.12646, -589.268, 116.138
3.20424, -1052.23, 1861.4
6.6115, 1191.11, -1051.21
5.51185, 1465.15, -393.962
4.93856, 1016.26, -1839.19
6.14942, -575.541, 1901.19
4.05164, 1514.96, -1337.59
3.93925, -1398.88, 706.648
5.45857, -1903.14, 1618
5.34055, 1309.37, 1767
5.41059, -1867.4, -1151.7
2.84132, -1378.2, 566.323
4.34304, 299.079, -773.956
6.28475, -1862.5, -1153.21
6.35297, -899.021, -1734.4
4.27217, -787.883, -505.851
5.98913, 484.006, 1862.63
5.08005, -1347.59, -596.73
5.94494, 780.799, 265.3
6.18066, -164.081, 1232.04
2.56231, -686.078, -1348.61
7.16549, 1227.55, -244.877
5.37826, 266.175, 252.178
3.05587, 922.321, 1948.18
4.87388, -213.508, 58.3465
3.24247, 356.343, 198.717
4.22594, 101.999, 897.528
7.04476, -1864.98, 368.856
4.54571, 29.6739, 1035.15
5.96642, -1358.22, -153.255
3.35865, 762.098, -1884.7
6.21715, 1781.34, -1007.19
4.16319, -849.168, 1284.99
4.62157, 1332.38, 623.59
2.79523, -274.883, -227.163
5.09005, 572.571, -467.116
5.94425, 947.654, -1161.8
5.01149, -512.24, 30.9181
6.56617, -338.68, -1501.34
3.07974, 164.521, -1876.02
5.24841, 539.195, 930.271
5.06046, 820.249, 42.3095
6.02649, 1911.93, 882.793
5.65083, -476.047, 1773.82
4.0207, -51.3298, -1273.7
6.74719, 799.755, 741.556
3.39619, 1206.98, -42.3786
2.61737, -1059.43, -200.414
4.19467, 1475.31, 105.896
3.43818, 704.49, -174.788
6.60467, -574.425, 373.655
6.72507, -1790.71, -317.488
6.78031, 1695.27, -1440.36
7.37454, -1908.23, 1278.85
2.99587, 937.793, -896.199
2.56182, 1129.14, 1312.24
2.58614, 442.315, 1166.02
2.64527, 502.572, 191.189
4.1031, 303.197, -787.302
6.17815, 1254.14, 604.356
3.14876, 713.007, 954.112
2.5161, -736.6, 1013.29
6.91905, 278.641, -1580.89
3.70482, 461.639, -1146.72
4.38481, -1635.86, 1528.57
4.44879, 1224.42, 370.406
2.81534, 1192.28, 589.32
7.30792, 367.336, 1912.18
3.75349, 1452.6, -677.584
6.85376, -1356.99, -128.311
2.85991, -1835.51, 851.671
2.70653, -1244.72, 1150.81
3.46378, 722.473, -1046.47
3.86708, -620.184, 605.77
7.4007, -1904.81, -730.733
3.60607, 645.059, -1067.95
6.43119, -1750.78, 1711.09
4.42306, 600.352, -843.472
3.78593, 958.728, -1273.3
3.91087, -1890.08, 129.067
7.33834, 1735.48, -70.6537
4.22841, 1533.37, 342.736
3.45922, -1965.08, 1474.76
5.05037, -1096.1, -752.746
5.21857, -1114.59, 1267.48
5.72333, -1280.57, -1230.45
3.89738, -21.7747, 1579.84
3.41887, -593.339, -1437.47
2.71579, -1681.73, 755.792
3.98408, -1002.59, -526.577
4.25548, -462.885, 280.807
7.09372, -843.374, 1446.77
5.81225, 1014.34, -726.155
5.08041, 1732.55, 1170.21
4.03763, 1230.03, 1174.37
3.0007, -704.447, 309.713
3.47502, 759.294, -1761.12
4.11407, 62.5744, -262.373
5.56182, 1925.49, 173.608
5.13511, 1920.7, -1966.49
3.45653, 517.11, 568.453
4.7178, -1282.7, -845.427
4.48693, -1417.06, 1707.17
6.28051, -1213.05, 1489.54
6.6213, 1472.93, 1205.21
5.51573, 284.204, -689.985
3.04573, 1218.55, -1655.86
4.11797, 973.12, -330.69
5.03403, 17.5322, 636.587
4.76521, -1296.5, 1600.32
4.77315, -360.974, -916.003
4.91125, 1837.56, 1823.79
5.07896, 738.29, -1302.22
4.50207, 405.079, 1646.18
4.22945, 1929.49, 968.097
6.64533, 1863.73, -483.186
3.02204, -1463.53, -1594.56
6.40057, 1170.33, 1134.63
3.19919, -594.894, -478.454
2.62171, -1594.18, -1037.09
6.0664, 813.23, -1507
7.15538, 302.657, -1647.4
7.47667, 366.756, 348.891
3.86264, -1753.58, 305.801
3.6923, -947.84, -511.957
3.87328, 1923.46, 1239.3
5.70836, -1815.91, -1461.28
5.17637, 620.596, 309.542
6.8967, 1668.26, -592.919
6.75968, -1340.47, -1672.25
2.98004, 1813.6, -75.2543
4.66818, -1496.08, 406.045
3.17045, -409.318, -1513.28
5.86802, -334.884, 620.224
5.34964, -107.47, -953.766
3.66474, -1244.8, 1130.7
5.50306, 532.5, -1377.46
2.6551, -1604.42, -55.4859
7.08512, 1136.33, -622.979
3.82958, 1723.01, -349.065
6.50016, -368.202, -1019.67
5.46389, 338.333, -1436.15
5.0822, 709.698, 1252.54
5.2567, 642.117, 1284.83
3.47225, 1010.15, -467.998
5.36152, 246.808, -1485.1
3.81992, 425.691, 804.402
4.41648, -1531.21, 1078.82
2.73626, -1511.64, -1795.04
4.22823, 1177.08, -1344.75
3.61594, 1347.48, -867.407
3.81264, 35.164, -1470.88
3.05141, -859.107, -805.985
7.40088, -1410.67, 38.4651
5.93794, 1602.16, 1267.54
5.82158, -1095.32, -761.453
5.99501, -1202.76, -1345.12
2.68746, -1669.45, -1547.42
3.6706, -1258.88, -1491.65
3.95397, 1439.62, 1387.4
3.50543, -73.6923, -514.265
2.7177, 744.827, 669.81
2.56571, -1052.35, 1037.99
6.07297, -1053.42, 1530.86
6.88348, -1733.98, -1258.83
5.35088, -1773.19, 538.875
6.92743, 1730.68, 1736.36
5.20042, -713.631, -559.344
3.31357, 1859.17, -1293.41
3.30492, 1927.38, 881.556
7.19182, 635.15, 573.886
3.45628, 1106.65, -1702.31
3.15761, 0.71147, -200.492
4.41122, -625.132, -12.1302
6.12674, 516.385, -527.292
2.50651, 1080.57, 1748.27
4.60222, 50.7781, 1473.65
5.18984, 611.976, -428.443
4.86596, -476.941, 493.816
6.33003, 1080.77, 1749.99
2.9396, 1110.44, -933.197
7.04284, 269.889, 646.737
3.20818, -1745.7, -793.599
2.54782, 867.178, -101.939
2.82267, 476.459, 1049.53
4.96742, 763.103, 444.668
5.40914, 1058.77, 1954.23
4.03373, -1894.96, 1089.18
4.57091, 1817.41, -141.502
4.33401, -1150.8, -1375.57
3.42687, 365.563, 1335.85
2.76788, 1287.94, 343.929
4.47222, 1080.7, -130.579
3.98388, -695.357, -264.585
5.05388, -792.044, 1640.29
3.75392, -1402.27, 459.806
5.01589, 1925.1, 1771.64
2.51168, -23.0246, 1583.18
7.01807, 1989.31, -895.793
2.79181, -1813.04, -1893.79
5.17506, -1372.28, 1610.92
3.95754, -755.383, 1750.55
7.3023, -1619.47, -543.746
4.73406, 640.863, -218.225
5.08479, 1786.44, 336.02
5.93861, -505.404, 54.3552
2.72187, -321.128, 150.659
7.2946, -1594.86, 1212.69
5.70852, 735.576, 314.966
2.80215, 1256.9, -1559.38
3.33964, 99.1294, 535.879
5.76491, 975.197, -495.679
6.19864, -1538.17, 672.421
3.57011, 1715.41, 405.337
4.31441, 313.099, -1743.7
6.56981, -1295.81, 1867.54
5.32057, 1615.55, -940.995
7.45886, -81.829, -1790.96
6.5669, -1527.09, 792.637
3.49157, -1984.77, -45.6532
2.50003, -313.356, -1696.91
4.62608, 1899.64, -1550.14
4.07406, 1679.97, 397.221
5.56218, 1213.16, -1865.23
3.83351, -397.834, -1087.25
4.39881, -1189.68, -123.372
5.43397, 1921.85, 600.178
5.95636, -282.65, -1026.13
7.26736, -916.318, -1142.14
4.89785, -585.945, -1905.99
3.60319, 754.324, -1457.04
5.33741, -1446.8, -896.481
6.09873, 861.474, 727.183
4.4953, -989.803, 1110.78
3.48326, -1384.35, 1978.53
6.66971, -1343.31, -1513.68
5.59561, -893.787, -1749.87
7.26866, -585.564, 349.118
3.23222, -28.6228, -554.438
5.38953, 79.27, -918.444
7.26796, -785.559, 1439.9
3.62331, 1442.5, -1961.36
7.25137, -988.04, 1602.53
3.07874, 1586.26, -1031.58
2.58372, 59.8584, -519.912
3.90465, -714.711, -335.52
7.15042, 1284.29, 341.892
3.04796, 1497.1, 1744.62
6.77266, 58.567, 1655.43
5.68532, -1451.25, -1463.04
5.63853, 816.506, -1421.97
3.80589, 1448.48, 1489.87
5.13936, -1901.79, 436.467
7.16608, -545.906, 1816.29
3.98055, 1844.74, 205.859
4.78006, 313.012, 907.564
6.35659, -1312.48, -1234.08
4.17193, 204.821, 236.646
6.31775, -79.229, -1881.31
6.65892, -60.3583, 1884.73
2.64618, -1450.06, 1135.92
4.31315, 1429.38, -534.547
4.16221, 570.848, 922.398
3.17675, -1036.14, -603.713
3.00839, -612.303, 1246.81
5.11327, -1218.76, 1627.4
3.52046, 61.301, -1066.66
5.00728, -1744.59, -1254.95
5.1371, 2.23469, 1922.84
4.13422, -535.458, -585.656
4.75888, 452.879, -887.78
6.85263, -14.535, 1964.3
4.72884, 1288.77, 1729.9
6.03726, -917.144, -1834.93
6.83171, 1826.68, -1397.95
6.5822, 1736.68, 439.218
2.67504, 1787.01, 1676.3
3.8644, -1305.65, -473.993
5.21858, -844.772, -861.356
3.19942, -1974.57, -1086.02
5.57408, -1554.32, -1871.9
3.29182, -1376.62, -1210.2
4.41129, 198.718, 441.809
5.94997, -188.913, 378.557
3.21128, -779.938, 923.362
5.65284, -1569.62, 1585.87
3.15973, 396.281, 1871.93
7.13583, -1483.75, 508.999
5.53465, -1877.26, 1569.06
5.50388, -1844.1, 744.703
3.33635, 1185.79, -1064.3
3.301, -1728.38, -801.355
5.91628, 1244.95, -58.6688
5.1456, -1425.53, -26.6863
3.65264, -267.303, 1616.43
6.55373, -1004.61, -115.736
5.76477, -840.015, -1120.22
4.08597, -1112.04, -1172.04
2.53953, -524.216, -1629.8
3.49176, 1462.62, 1472.28
3.78831, -15.9089, 763.414
3.03825, 1777.93, 77.1963
3.49545, 262.789, -867.003
6.75079, 1607.54, -1543.06
6.63912, -1963.51, 415.625
6.76813, -1920.72, -1107.38
5.71027, 573.132, 1558.04
3.6787, 1447.88, -1970.24
6.80638, -1005.35, -1616.97
5.4745, 73.037, -206.707
2.52745, 1012.99, -62.6513
6.84925, -1318.51, -942.47
7.37729, 1297.92, 211.642
5.59653, 756.82, 28.1739
3.85574, -1879.34, 762.657
7.46973, -320.091, -1265.97
4.60751, -1444.45, -1057.88
4.20537, -1588.55, -1229.94
4.80717, 732.277, -273.474
4.44822, 527.6, -759.917
4.613, -98.6405, 1030.38
2.84879, 262.989, 576.445
5.5153, -117.335, -257.901
7.36114, -99.4715, 460.387
5.07406, -1393.82, -1069.15
7.45461, 1908.1, -275.075
5.84906, 1263.94, -286.223
4.01716, -1211, 140.376
3.47371, 1747.69, 1136.15
4.0109, -1421.11, -1871.53
4.93946, -670.422, 921.864
4.72438, 1066.21, 1973.61
5.7844, 640.565, -1879.63
3.74227, -1557.32, -1338.5
4.72007, 109.486, 1110.84
5.75894, -1384.05, 104.232
6.67472, -1428.7, 379.159
6.03698, 390.453, 1629.16
4.93928, -1740.32, -1208.51
6.72039, 798.856, -476.463
7.00296, -1004.36, -370.912
6.33082, -1303.22, -1050.78
5.29453, 1258.77, 1699.09
2.70603, -30.0351, 167.845
5.46749, 1127.52, 131.773
2.68674, -1356.95, 1648.92
4.53488, 49.0903, 873.93
2.84243, -1949.85, -1762.68
7.38558, -1552.44, -1764.82
2.5956, -1032.69, -468.816
6.60363, -312.752, -535.208
5.2195, -763.396, 1746.59
5.72828, 1581.8, -665.376
3.62934, -521.443, 106.887
2.733, 1659.53, -1392.64
3.63154, 427.019, -1110.23
4.58371, -1267.2, 269.981
6.40126, 531.223, -1262.32
3.72852, -1845.12, 769.356
4.81411, 1313.12, 181.732
6.14756, 1856.91, 581.696
5.35237, -661.312, 1630.25
5.45997, 1860.95, 1838.02
4.98425, -1883.18, 561.3
3.951, 980.868, 221.689
4.71107, -14.2999, -456.541
2.53669, 1707.65, -792.605
7.41683, 989.543, -716.328
2.52822, -1616.8, -297.639
4.8676, -209.202, 1472.85
5.86497, -621.525, -244.475
