6.27803, -1459.76, -1894.07
3.5948, 18.3437, -241.862
5.89648, 740.889, -1761.73
5.09708, -574.679, 1791.08
2.76731, -1900.85, 1280.27
2.53849, 630.286, 105.238
4.58743, -1614.94, -494.413
7.15218, 376.248, 786.572
2.95982, 57.1889, 1392.96
6.00595, -381.414, 638.389
3.81226, 1072.07, 1594.15
4.14117, 943.092, -1757.53
7.45519, 925.587, 492.722
7.41275, -1035.4, -498.408
5.75759, 970.87, 858.761
6.92354, 513.388, -1646.95
6.33247, -293.004, -953.041
3.87453, -923.138, -117.598
4.93259, -1301.51, -602.99
2.80282, 1594.85, 1532.1
5.08146, 29.663, 1535.4
4.96988, 1866.25, -742.281
7.23882, -1580.23, -943.513
4.42071, -50.4754, -1659.63
5.14874, 1604.78, -967.981
2.75042, 1702.64, -126.304
6.63909, 1106.29, 1071.04
5.94228, -1809.67, -1444.65
6.18112, 517.026, 1451.75
6.94286, 1880.42, 910.67
4.25508, -704.071, -1018.92
6.72991, 368.771, 43.6688
3.84659, 1217.63, -258.527
4.83959, 153.019, -363.119
3.2686, -1297.06, -903.181
2.66527, 1271.43, 288.622
7.2768, -28.5213, 180.96
6.95369, 232.422, 950.165
3.29884, 1295.58, 460.264
3.15214, 851.038, -1119.42
2.515, -922.934, -1606.77
6.0491, -1748.87, -368.852
3.40448, -983.58, 1657.08
5.76029, 1544.65, -666.766
4.42907, 802.385, -1403.15
3.23766, -9.31083, -495.657
5.45054, 1211.75, 322.552
3.24076, 317.596, 1768.21
3.2091, -333.279, 1884.72
4.94257, -944.662, 222.884
3.13015, 1676.7, -113.597
5.64635, -672.708, -1146.25
5.60817, 559.613, -1428.13
4.88216, -985.069, 1155.2
2.64188, -1015.3, -519.719
3.21011, -245.954, 1540.52
3.15594, -386.166, 1715.62
3.31099, -1660.23, 1511.88
3.76529, -519.28, -1629.96
4.77654, 1060.93, -1448.45
6.54472, -176.008, -583.922
3.57624, 593.234, 1643.62
3.75063, 1593.34, 745.888
5.02978, -132.83, 1422.69
6.27922, 1214.18, 304.315
5.66369, 1709.76, -61.0309
5.9449, 1223.8, -270.148
7.27207, 1880.26, 909.22
5.18713, -821.389, 1422.56
4.57014, -1491.56, 52.4686
4.70019, 1485.12, 322.196
6.07821, 1438.12, 904.228
6.20858, 750.621, 1145.3
5.12494, 1518.72, -1881.17
6.06711, -1673.65, -162.354
5.91025, 633.893, -54.3552
6.82941, 1643, -1168.67
3.19597, 119.474, 1479.57
3.57766, 1830.59, -240.695
5.0733, -667.242, -303.938
4.83766, -173.357, 1421.11
3.55759, -479.617, 1210.94
5.65244, -1348.81, 1910.01
2.5044, -1824.54, 377.418
4.09589, 874.697, 1051.67
5.90281, 673.74, -205.734
6.0446, 1307.51, -1139.99
2.90869, -1581.33, 1269.81
3.56926, 535.294, 928.411
4.44412, -1620.18, -1125
4.44927, 1780.51, 1796.51
3.92018, 740.883, -915.871
4.6123, 1127.42, 1036.98
2.55658, -1293.84, -905.169
3.72027, 1820.15, -1251.66
4.49072, -1417.36, 1276.59
6.64177, -1320.65, 394.495
3.78584, 1877.8, -1407.33
3.59705, -1541.23, -987.244
6.47385, 745.529, 528.578
5.8476, 957.491, 771.711
5.49108, -1745.53, 637.302
5.99917, -726.073, -1059.86
5.13062, 1103.65, -1451.84
4.14833, 380.281, 207.192
3.30844, -1445.24, 755.52
6.56633, 1400.93, -39.5679
4.08004, 887.878, 239.375
4.05369, 56.3725, -1451.87
4.65424, 55.8314, 270.336
4.46509, -441.633, -949.19
4.43916, -43.6223, -329.626
4.34871, -1578.33, -943.736
5.88118, 643.853, -1043.69
6.10384, 836.919, 60.2094
7.20082, -131.596, 1746.84
5.08573, -163.538, -734.144
5.5282, -332.391, 621.855
5.85049, -1352.3, 1913.13
5.11404, 128.446, -586.832
3.87105, -1841.76, 1265.69
7.08924, 230.341, 562.009
3.73367, 1837.35, -894.544
4.77876, 709.089, 1295.11
3.30374, -1844.55, 1270.48
4.68319, 785.53, 726.325
7.45767, 898.578, 370.386
6.26931, -849.663, 775.151
4.97846, -1878.48, -1275.29
7.01651, -1308.84, -1567.3
4.68213, 975.078, 1061.86
5.09239, 316.292, -1886.49
4.44866, 181.811, -1644.33
5.63431, -393.348, -1163.8
5.19331, 765.762, 651.044
4.35955, 1288.99, -860.006
2.54674, -693.661, 689.759
6.3794, 68.8072, -1510.25
2.85317, -1744.79, -1154.61
3.98511, 843.518, -1366.69
4.78581, -107.203, -1681.69
3.25156, -184.7, 42.2938
5.97819, 1281.97, -845.356
4.15587, 740.281, 275.239
5.21197, 1906.48, -1674.45
2.64678, 1467.49, -1756.8
5.38086, 25.2406, -401.025
5.18133, 687.149, 933.843
7.36678, -1498.27, -1752.74
5.57063, -624.929, -1185.91
5.26431, -1448.29, 427.479
6.69051, -521.356, 1722.07
3.75764, -994.713, 1760.73
6.98957, 1193.01, -256.403
5.97428, 1024.09, -978.818
5.82752, -954.481, -161.715
3.06838, -1216.42, -1516.61
3.37987, -1856.2, 203.74
2.91253, -292.595, 335.424
6.68103, -450.145, 690.32
2.64818, 1889.7, -1537.53
6.34719, -39.7186, -1642.2
4.29829, -1022.58, 1697.77
6.24626, 51.4504, 1024.06
6.28385, 670.346, 628.871
3.60834, -1056.36, -1773.22
5.58305, 603.72, 307.765
3.66846, -1079.63, -458.379
6.22052, -1372.08, 553.085
5.80997, -1738.51, -1323.75
4.9209, 1836.52, -1475.49
2.58972, 1647.27, 379.409
4.98291, 903.821, 338.235
5.09587, -78.999, -1720.51
4.71395, -1670.93, 999.382
4.14528, -50.1708, 1860.86
3.52671, 943.767, -198.02
7.19863, -446.091, -1202.87
2.85168, -988.678, 1803.75
3.30042, 64.9599, -1461.92
6.70788, -1496.58, 41.9297
4.13614, -307.611, -512.127
6.85942, 329.616, 838.063
5.99896, 1309.92, 1022
5.52801, 1717.07, -404.449
4.77536, 129.103, -465.75
2.91543, -913.122, -443.62
3.94883, -59.8883, -249.19
6.51009, -1152.59, -1538.04
6.81821, 708.594, 66.965
3.81831, 810.635, -996.004
4.79881, -1588.51, -473.943
4.95672, 1197.95, -1029.55
5.82344, -925.928, -1901.39
7.31738, -1233.12, -351.649
7.23022, 1153.11, -1449.23
2.81902, 439.047, -1289.54
5.04829, -887.76, -553.784
6.13222, 1298.84, 1308.53
5.65882, 1134.59, -635.249
3.26658, -1797.33, -1835.46
5.09652, -1704.29, 1024.83
3.52281, -1065.56, 1648.16
6.03231, 788.233, -1650.41
6.05786, -936.377, -139.014
3.66304, -988.419, -464.296
6.80594, -57.5122, -229.38
2.67122, -188.531, 1822.8
6.26587, -1826.25, 163.209
4.14789, 1239.11, 290.611
4.65309, 105.32, -1026.54
7.33455, 1787.35, -423.607
4.05803, 1463.67, 1342.63
5.69762, 1838.17, -1370.53
5.95386, 1675.24, -114.833
5.36403, 83.605, 1243.51
6.60667, 1809.29, -1451.15
4.21807, -1747.62, -1359.81
5.09387, -1601.11, -1456.5
6.78438, 232.6, -1825.86
6.18587, 729.904, 59.4602
3.45992, -1723.28, 718.699
2.83145, -612.495, 646.477
3.60828, 1751.35, -1427.95
3.33656, 298.172, -348.152
6.31172, 734.695, -1778.81
5.44905, -1653.07, 771.878
4.65223, 1713.03, 1670.46
7.09618, 1282.23, 25.6513
5.09668, 914.895, 361.496
7.38058, -1379.9, -80.5375
5.15714, -898.92, 260.085
2.98716, 680.236, 690.151
5.83983, 385.859, 252.426
5.44444, 307.587, -22.5285
5.01137, -1341.54, -199.926
2.75808, -1784.71, 861.302
2.6753, -637.382, 42.4392
4.41484, -1529.21, -1038.09
5.55555, 382.583, 206.106
5.06574, 1093.05, 1699.26
5.98498, 672.306, -27.1667
4.89891, -14.4412, -394.516
3.88323, 99.0017, 852.581
6.01685, -868.054, 386.624
3.67701, 1678.85, 59.4371
6.41501, 285.363, -361.556
6.60589, 674.256, 1605.15
3.21842, -972.357, 95.6391
5.75757, -997.98, 1538.94
3.87677, 1695.01, -1889.15
7.26215, -757.249, 1394.92
4.58238, -1471.27, 39.0877
3.03869, -248.121, 774.18
4.70633, -1543.92, 1065.85
6.28811, -820.41, -549.582
2.77803, -684.119, -580.61
3.51241, -26.3072, 259.028
6.82305, 1781.91, -1420.7
6.52456, -485.803, 34.4038
2.78861, -1329, -1294.24
4.40304, -112.345, -1412.29
4.56124, -222.181, 1465.09
2.80071, -728.028, 605.623
7.09746, 1588.6, 1247.98
3.35398, 1076.53, 1652.04
6.51634, -1850.38, 395.572
3.88599, 1431.72, 93.8879
4.44586, 330.472, 1485.12
7.19936, 142.254, 1227.12
6.24573, 374.392, -386.899
3.44774, -674.913, 1489.44
6.89581, 839.021, 950.091
6.8953, 810.4, -1607.65
3.30515, -1596.64, -500.173
5.87346, -1563.17, -358.571
6.89096, 1273.24, 277.343
6.98262, 497.09, 1053.04
3.06535, -2.14274, 1468.73
5.93789, -454.456, -490.444
3.21651, -1449.81, -1464.49
3.6901, 771.751, -73.3193
5.64383, 1817.33, -418.251
4.312, 1590.61, 739.337
4.64437, 1161.82, 1420.44
4.91936, -44.6043, -1638.11
6.20379, 30.6273, -245.346
3.23098, -739.215, 1655.61
7.36238, -1657.59, -1486.5
7.3158, -1024.81, -426.36
3.14741, -1154.32, 1292.27
5.3784, -571.806, -1187.59
4.66439, 315.882, -329.141
5.50066, -450.728, -438.886
5.85098, -1335.14, -174.166
4.5137, 800.013, 1921.04
6.46691, 1330.71, 1330.52
4.89889, -1871.27, -485.584
5.72449, 598.975, 518.89
4.28836, -529.444, 1210.71
5.96794, -640.773, -436.899
5.83428, -831.287, -1342.62
3.22071, -829.327, 1415.83
7.10415, -1827.2, 374.851
4.22228, 74.3255, -459.792
6.66824, -799.905, -935.459
2.74349, 598.819, -1433.73
3.27936, -492.461, -109.611
2.55765, 649.134, 961.425
3.94327, 224.593, 1159.46
5.07295, -678.113, -304.416
3.65948, 1340.16, 864.891
2.75022, -497.088, -118.118
5.33091, -1206.62, -1575.23
6.69774, -314.845, 1281.19
4.28763, -1260.45, -898.789
4.3452, 329.736, 1698.61
7.22226, 524.947, -136.688
4.72425, -1752.62, -318.124
6.82086, 918.236, 309.403
5.82654, -1549.45, -1440.77
5.79297, 349.748, 1302.7
7.10736, -1879.33, 1883.02
5.11536, 1881.3, -1267.91
5.45229, 886.795, -883.494
5.79944, 1319.78, 1311.99
4.24765, 540.753, 946.74
4.11714, 634.953, 106.163
7.08984, -238.258, 1450.76
3.08619, 1842.21, -899.674
7.31268, 1205.44, -256.903
5.17978, 114.297, -571.759
5.81447, 1579.64, 1275.22
5.48362, 1729.89, -994.964
6.93363, -1015.25, -1445.96
6.67999, -1303.52, -1194.33
6.69339, 498.739, 372.795
6.85642, -344.741, 592.383
2.5002, -1543.63, 659.964
4.77274, 544.196, 664.775
4.25696, -1854.29, 387.211
5.80713, -506.316, 1390.31
6.22234, -1767.59, 300.256
3.3821, -319.251, -951.232
7.4621, 1599.38, -1538.6
5.95466, -1828.85, 385.351
6.97862, 295.419, -42.9763
3.51579, 676.017, -196.165
7.2356, -957.598, -73.0796
4.88476, 1743.27, -951.964
6.78578, 1805.09, -1533.68
6.41237, -1813.09, -1133.76
5.70687, 1804.8, -1748.92
3.14521, -1419.66, 336.101
5.77944, 17.4242, 1324.08
3.09199, 112.325, 1.07517
3.88793, 616.681, 1559.49
6.65548, -504.679, -503.659
6.14153, -1475.48, -1013.96
6.74348, -1204.87, 583.144
3.43989, -1482.25, -1738.03
6.09602, 1114.89, -606.126
4.25586, 315.828, 607.821
3.34555, -841.637, -1383.19
4.52383, 670.497, -1041.81
4.20924, 324.649, 1471.63
6.67141, 690.94, -260.685
3.9111, 1397.86, 1176.87
5.16766, -1274.53, -899.834
6.25085, 1885.27, -1703.3
4.62554, -1309.42, -1493.69
4.66964, -1067.64, 1100.03
3.03022, 1690.9, -1831.15
6.4639, -58.8197, -867.276
3.91232, -1188.17, -930.206
7.14264, -1140.12, -473.349
5.37926, 483.974, 1022.42
3.4895, 1636.49, -592.349
5.99081, 1132.8, -1468.6
3.07265, 974.74, -1814.31
4.22945, 557.115, 1500.27
4.15646, -1131.07, -459.974
6.42735, 1654.15, -1864.55
6.65775, 916.751, -424.373
4.21712, -1457.96, 1493.91
4.2603, -520.347, 1746.63
6.38197, 259.291, -1528.97
6.58658, 0.753303, 1367.34
4.26157, -302.699, 577.652
7.09559, -808.659, -568.957
3.2877, 1032.47, 488.721
5.56029, -925.797, 1164.26
5.54222, -829.071, 1416.24
3.16647, -484.983, -1432.62
3.51409, -1436.37, -1009.02
4.79457, -1673.88, 1027.42
3.48759, -972.08, 1789.32
6.77118, -1648.9, 734.496
6.54562, -1517.81, -1319.84
2.80131, -1756.37, 1709.28
6.50584, -1420.79, 1271.16
5.49597, -335.029, -1045.08
7.43182, -1763.83, 491.244
2.65919, -265.976, 1311.9
6.8356, 1788.4, -1426.33
3.69109, 1250.48, 636.534
3.6127, 365.662, 797.25
4.73907, -1794.67, -1103.86
2.61231, 1699.25, -355.455
6.79755, -552.931, -29.7088
4.15902, 444.834, 1113.02
5.72195, 580.365, 581.884
7.43521, -1824.64, -1000.82
5.30162, 571.008, -1147.98
4.74553, -1511.29, -494.053
5.213, 308.618, -1410.92
2.90797, 1574.97, -67.1167
3.99606, -1591.08, -476.707
6.63964, 1564.62, 1292.42
6.48936, 1224.1, 1782.25
5.71048, -228.281, 1361.76
4.84105, 1239.55, 732.568
7.15326, -388.433, -1108.81
5.08798, -492.476, -95.4548
7.42924, 1589.41, -1002.45
5.94567, -109.486, -1370.72
6.19966, -312.673, -958.38
3.46323, -797.253, -1795.16
6.08881, -917.359, 1199.9
6.11146, 1147.28, -311.189
6.49298, 556.65, 296.204
4.23216, 503.613, -1922.71
5.1481, -51.3461, -220.779
3.19001, 1459.16, -672.46
6.73218, -429.724, -484.589
6.32766, -69.2948, -1693.79
7.5, 1775.63, -856.208
4.24891, 971.849, 1929.09
5.50367, -1179.58, 1120.28
3.50808, -984.049, 124.354
6.2385, 84.4988, 316.114
6.49225, 1870.21, 439.518
3.03505, -1394.23, 211.927
5.35813, -1020.64, 84.0852
2.84683, 718.193, -720.486
4.16036, 1385.32, 1376.69
5.80945, 935.783, -1387.13
5.27726, 277.61, -348.032
7.12415, 455.42, -20.7526
2.69832, -931.115, 417.134
2.62083, -584.014, 442.158
4.61923, 454.055, -1284.51
4.36987, 919.105, 273.039
2.93303, -450.727, -495.313
3.05403, -267.421, 335.129
5.31992, 707.148, -679.48
7.37269, 21.0831, 1433.51
3.05066, -101.039, -1689.41
5.99352, 200.228, 1877.55
2.79674, -138.99, -1398.66
4.69755, 1665.58, -163.807
5.24651, 1925.28, 1406.24
3.45129, 1348.3, -1468.16
7.36597, 666.377, 631.056
3.19593, -1340.31, -133.449
5.48978, 1770.66, -894.918
7.12812, -1709.09, 1402.99
3.91116, -139.399, 1737.3
6.8307, -326.755, -169.337
6.29598, -402.425, -1156.45
6.10793, 680.873, 1204.04
3.34241, -685.792, 710.686
3.32882, 1583.79, 751.339
3.39076, -1295.65, -1907.78
5.87226, 638.329, -1154.78
4.83484, -642.066, 45.1136
6.85219, -1575.52, -711.728
5.76023, -1328.38, -183.357
5.80464, 1484.59, 1699.36
2.58037, -1325.77, -1194.51
4.30596, -1508.19, -1321.73
3.72747, 1816.14, 182.463
6.93086, -1800.36, -1815.78
5.23701, 1644.54, 1569.3
6.57209, -92.2868, -1276.84
5.24453, 337.505, 1680.53
4.16156, 980.94, -101.13
4.40213, 1.6247, -1298.4
2.52389, 1800.88, 1261.86
6.95226, -169.629, -798.692
6.16955, -936.155, 1335.42
6.04239, -250.801, 1324.12
5.1278, 152.61, -377.481
6.41065, -342.554, -1578.04
3.42484, -791.948, -880.766
5.72673, 519.881, 935.674
3.42178, -1293, -573.152
3.31214, 45.8873, -227.443
2.65594, -367.428, 1674.68
7.42716, 270.084, -1346.62
4.04559, -623.83, -1370.72
4.11075, -1326.38, -568.411
5.51155, 542.521, -426.857
2.89107, -648.516, -1792.41
3.93936, 8.40392, 130.306
5.79307, -314.625, -962.869
7.36348, -1861.66, -719.171
7.27758, -724.226, -1534.45
7.42745, -1304.94, -595.751
7.30478, -1758.87, -1405.26
3.0073, -1033.29, 1095.28
3.71505, -285.767, -933.522
6.91151, 212.155, -798.779
5.28805, 676.819, 1322.64
6.7669, 1574.05, 1047.27
7.49145, -1057.01, 1100.23
3.99751, -432.204, -944.517
6.33157, 1908.15, 856.211
4.81901, 576.821, -329.848
6.8168, -1288.08, -1518.98
6.99018, 1688.16, -56.5866
7.377, 504.464, -786.683
2.77405, 1207.41, 336.573
6.32605, 1811.01, -1262.35
5.09219, -1819.86, 1469.74
3.46574, 1880.66, -392.972
6.98252, 450.398, -1099.57
6.38492, -1667.53, 202.517
2.75968, 801.105, 1057.05
7.47331, -1631.86, 1500.63
5.93659, -135.874, -859.905
5.94854, 1740.47, 989.902
6.57666, -1314.24, 1607.59
7.05426, -124.491, -954.661
3.34218, -402.931, 737.803
5.24183, -1194.93, 1556.94
6.53351, -1008.44, -449.009
4.17803, 652.224, -1028.21
5.53435, -202.248, 63.5744
6.59602, -1785.13, 675.381
7.3485, 122.959, -473.924
6.29349, 1107.19, 1020.59
3.72113, -297.922, -210.71
5.80589, -1141.53, 769.208
4.21574, -937.135, -412.092
7.27146, 726.242, -764.874
2.60828, 1578.05, 1086.41
4.54979, -1765.25, 1841.09
2.55789, 1133.45, -1354.01
3.04964, 1734.51, 399.347
5.28259, -1619.3, 202.592
4.45466, -8.65843, -484.405
7.20539, 239.878, -367.724
2.55572, 364.64, 739.123
6.22897, -374.203, -921.278
3.84293, 275.354, 273.88
4.27153, -1311.64, -1497.05
3.45835, -889.967, 1254.83
5.14832, 599.494, -281.159
4.39478, -128.229, -1686.72
3.16407, -55.4094, -1647.4
4.26563, -337.175, -1044.66
4.2497, 1554.14, 1911.22
7.41084, 1238.79, -259.896
5.25961, 284.417, -714.956
4.99918, 87.5525, -1432.16
3.58531, -1658.94, 832.31
4.37311, -499.322, -1234.07
6.78251, -1304.08, -899.936
6.45578, 1599.72, -1038.22
3.9204, -1040.16, 1778.63
5.07645, 878.098, 246.517
6.79238, -527.373, 27.1364
7.07844, -1750.75, -389.777
7.48941, 266.66, 1764.53
6.53177, 278.652, -349.343
5.22718, -1794.69, -313.467
7.3461, 303.705, -1434.66
5.31931, -1156.73, 730.218
4.03031, -894.221, 1291.35
5.41853, 1801.58, 1789.47
2.91197, 141.724, -571.877
5.47382, 680.393, 1179.71
3.31968, -1141.45, -1161.95
6.46527, -1284.94, -962.308
2.95373, 1199.95, 1383.66
6.3072, -972.57, -1360.52
6.83996, -568.712, -31.878
6.40105, 323.879, -672.387
6.61399, 1831.2, 1784.29
6.70974, 736.163, 1086.03
4.48328, 957.51, 496.999
6.508, -300.015, 334.953
6.56811, 743.15, -85.1222
5.43493, -803.905, 183.534
4.64621, 1537.48, -55.6253
2.5002, -72.9132, -883.507
5.31153, -1597.55, 656.512
6.22632, 712.214, 671.708
3.89846, 1803.88, 543.059
2.93406, -1885.56, 1113.67
3.5733, 1708.21, -1736.48
3.93296, -948.826, 1191.56
4.86595, -764.876, 920.773
6.95893, 1677.75, 1646.22
5.91955, 998.742, -971.203
3.54376, -17.8445, -232.458
6.67533, 1549.39, -7.31542
7.09218, 1821.92, 1773.02
4.48244, -1002.45, -1352.68
6.37858, 1096.2, 1048.12
5.68161, -247.359, -186.868
6.64746, 963.013, 517.738
3.40204, 1080.91, -930.877
7.45927, 1097.1, -1485.24
6.70558, -282.735, -1624.35
4.65177, 1734.99, 499.208
4.38589, 1190.44, 1712.07
2.70802, 1243.87, -992.034
6.80715, -1514.55, -1053.26
6.62116, 1779.62, -1770.65
6.25052, 58.1145, 1443.56
3.55801, -349.019, 1871.88
4.31029, -1563.83, -352.867
4.43545, -1205.54, -1531.24
7.32918, 1595.55, 1247.89
6.5872, -268.159, 1329.98
4.5755, -144.294, 878.958
5.83759, 391.934, 302.623
2.52101, 991.256, 1852.84
6.98048, -1439.7, 426.689
3.68416, -716.252, 707.484
3.79415, 699.597, -233.721
5.4939, 756.861, -1388.61
6.89823, -1646.93, 736.906
6.16299, -1155.26, -1160.5
6.0773, 1715.45, 1146.08
3.57724, -1178.18, 967.288
6.30413, 1369.36, -1881.82
3.85351, -375.117, -1020.31
2.75246, 1296.24, 631.699
4.78866, 613.277, 547.479
2.58759, 851.353, -1493.11
3.01129, 87.602, -420.22
2.639, -309.289, 584.342
5.65921, -714.987, -1077.26
6.34425, 137.943, -478.479
2.74132, 1080, -1634.02
6.6924, -51.3995, -1245.14
6.76899, -484.186, -541.142
6.57649, -982.043, 1132.24
6.85188, 1577.44, 763.297
5.27222, -1237.25, -297.599
6.12646, -489.021, 11.2354
3.20424, -985.745, 1754.06
6.6115, 1153.34, -1009.12
5.51185, 1403.54, -374.301
4.93856, 968.559, -1779.45
6.14942, -538.1, 1770.45
4.05164, 1509.99, -1315.89
3.93925, -1404.91, 669.429
5.45857, -1827.95, 1511.43
5.34055, 1210.65, 1667.36
5.41059, -1841.74, -1113.4
2.84132, -1343.11, 584.985
4.34304, 286.05, -690.017
6.28475, -1867.09, -1118.62
6.35297, -904.651, -1694.97
4.27217, -790.123, -546.658
5.98913, 427.544, 1800.23
5.08005, -1303.99, -584.638
5.94494, 706.53, 295.37
6.18066, -161.385, 1249.32
2.56231, -658.372, -1307.76
7.16549, 1273.5, -302.789
5.37826, 276.512, 223.253
3.05587, 951.12, 1922.63
4.87388, -212.628, 47.2904
3.24247, 492.46, 164.998
4.22594, 112.088, 872.399
7.04476, -1757.69, 302.617
4.54571, 15.7277, 1065.71
5.96642, -1347.97, -183.113
3.35865, 733.944, -1720.72
6.21715, 1730.18, -983.339
4.16319, -855.414, 1331.97
4.62157, 1257.64, 624.599
2.79523, -328.231, -195.26
5.09005, 546.96, -431.547
5.94425, 909.427, -1135.19
5.01149, -560.544, -31.549
6.56617, -364.041, -1465.87
3.07974, 193.099, -1805.28
5.24841, 554.73, 935.36
5.06046, 723.372, 63.1808
6.02649, 1857.21, 902.14
5.65083, -504.356, 1743.27
4.0207, -94.9525, -1270.43
6.74719, 796.207, 695.355
3.39619, 1244.14, -58.2962
2.61737, -1009.13, -192.055
4.19467, 1385.25, 83.2905
3.43818, 747.689, -259.502
6.60467, -565.56, 321.536
6.72507, -1794.56, -374.717
6.78031, 1674.26, -1387.94
7.37454, -1832.14, 1280.83
2.99587, 850.826, -871.623
2.56182, 1133.61, 1272.93
2.58614, 450.35, 1104.34
2.64527, 443.285, 205.482
4.1031, 296.912, -710.156
6.17815, 1219.97, 579.803
3.14876, 708.663, 925.685
2.5161, -752.69, 971.568
6.91905, 270.907, -1578.32
3.70482, 400.082, -1092.5
4.38481, -1624.38, 1472.07
4.44879, 1280.99, 231.128
2.81534, 1229.55, 596.911
7.30792, 373.393, 1803.62
3.75349, 1415.44, -700.67
6.85376, -1347.01, -161.21
2.85991, -1777.26, 762.201
2.70653, -1165.02, 1162.08
3.46378, 655.258, -1053.53
3.86708, -599.444, 611.22
7.4007, -1885.77, -704.594
3.60607, 689.327, -1010.39
6.43119, -1730.15, 1667.73
4.42306, 540.963, -812.908
3.78593, 920.372, -1253.84
3.91087, -1802.78, 119.168
7.33834, 1778.81, -102.153
4.22841, 1433.45, 307.452
3.45922, -1874.64, 1454.57
5.05037, -1091.32, -736.037
5.21857, -1075.28, 1221.84
5.72333, -1315.44, -1186.04
3.89738, 6.69229, 1517.58
3.41887, -609.708, -1373.64
2.71579, -1695.79, 730.205
3.98408, -916.765, -472.744
4.25548, -459.201, 262.955
7.09372, -840.768, 1317.4
5.81225, 992.583, -703.889
5.08041, 1725.94, 1121.74
4.03763, 1165.77, 1114.51
3.0007, -664.341, 288.605
3.47502, 729.66, -1789.2
4.11407, 68.1622, -213.627
5.56182, 1810.24, 182.007
5.13511, 1876.36, -1910.12
3.45653, 626.998, 538.794
4.7178, -1271.05, -894.191
4.48693, -1345.57, 1623.26
6.28051, -1181.42, 1492.65
6.6213, 1450.99, 1206.12
5.51573, 270.154, -747.355
3.04573, 1173.61, -1581.89
4.11797, 940.191, -330.544
5.03403, 40.9885, 615.701
4.76521, -1329.74, 1586.6
4.77315, -346.343, -926.341
4.91125, 1827.36, 1825.26
5.07896, 724.352, -1296.79
4.50207, 362.641, 1587.08
4.22945, 1893.27, 847.022
6.64533, 1816.27, -414.583
3.02204, -1402.41, -1519.46
6.40057, 1073.01, 1065.94
3.19919, -583.768, -465.413
2.62171, -1532.8, -1033.14
6.0664, 777.193, -1385.52
7.15538, 289.807, -1580.08
7.47667, 438.489, 335.059
3.86264, -1786.31, 305.571
3.6923, -1035.74, -498.112
3.87328, 1842.17, 1216.38
5.70836, -1765.4, -1459.72
5.17637, 591.512, 251.043
6.8967, 1592.09, -587.397
6.75968, -1277.55, -1569.72
2.98004, 1662.04, -148.443
4.66818, -1448.94, 469.166
3.17045, -333.944, -1466.37
5.86802, -367.094, 624.157
5.34964, -77.0261, -886.844
3.66474, -1122.82, 1143.47
5.50306, 510.8, -1325.76
2.6551, -1531.34, -30.1084
7.08512, 1083.13, -571.603
3.82958, 1703.21, -370.252
6.50016, -350.869, -1064.88
5.46389, 224.469, -1480.86
5.0822, 677.143, 1216.67
5.2567, 737.714, 1206.59
3.47225, 914.692, -450.147
5.36152, 303.079, -1417.48
3.81992, 342.453, 793.75
4.41648, -1561.97, 1045.67
2.73626, -1491.06, -1747.96
4.22823, 1137.53, -1357.76
3.61594, 1281.01, -873.915
3.81264, 29.4434, -1421.48
3.05141, -818.189, -870.164
7.40088, -1359.52, -7.87972
5.93794, 1551.93, 1245.42
5.82158, -1091.23, -736.427
5.99501, -1171.12, -1336.12
2.68746, -1655.87, -1485.09
3.6706, -1300.8, -1515.99
3.95397, 1479.45, 1341.64
3.50543, 17.1368, -414.165
2.7177, 694.445, 594.639
2.56571, -1063.78, 1117.52
6.07297, -999.356, 1538.73
6.88348, -1698.93, -1193.98
5.35088, -1750.37, 632.026
6.92743, 1714.18, 1673.93
5.20042, -733.584, -540.681
3.31357, 1761, -1261.94
3.30492, 1863.45, 893.745
7.19182, 602.188, 518.758
3.45628, 1047.07, -1627.02
3.15761, -18.0677, -234.167
4.41122, -472.692, 67.1909
6.12674, 557.099, -418.374
2.50651, 1096.19, 1691.49
4.60222, 61.2267, 1443.91
5.18984, 523.13, -465.056
4.86596, -461.54, 476.18
6.33003, 1097.38, 1689.58
2.9396, 1066.09, -947.437
7.04284, 290.636, 649.449
3.20818, -1657.64, -814.181
2.54782, 722.523, -60.4703
2.82267, 535.754, 914.208
4.96742, 749.008, 440.561
5.40914, 1036.36, 1916.2
4.03373, -1837.7, 1078.37
4.57091, 1688.54, -109.128
4.33401, -1202.05, -1298.49
3.42687, 302.008, 1297
2.76788, 1241.53, 287.506
4.47222, 1030.27, -108.426
3.98388, -674.547, -257.192
5.05388, -775.079, 1617.04
3.75392, -1463.79, 452.316
5.01589, 1820.07, 1817.41
2.51168, 25.1031, 1574.96
7.01807, 1882.22, -883.061
2.79181, -1842.2, -1855.2
5.17506, -1241.16, 1576.21
3.95754, -763.786, 1679.48
7.3023, -1573.72, -509.079
4.73406, 705.992, -206.507
5.08479, 1708.42, 358.614
5.93861, -481.779, 12.4328
2.72187, -317.174, 118.144
7.2946, -1561.35, 1188.92
5.70852, 754.449, 289.216
2.80215, 1163, -1489.44
3.33964, 142.959, 526.197
5.76491, 968.57, -442.167
6.19864, -1544.06, 662.92
3.57011, 1638.96, 425.555
4.31441, 275.767, -1608.69
6.56981, -1287.46, 1823.35
5.32057, 1610.86, -919.095
7.45886, -95.1806, -1703.03
6.5669, -1525.75, 736.679
3.49157, -1915.31, -36.9707
2.50003, -301.79, -1623.21
4.62608, 1802.66, -1423.85
4.07406, 1655.73, 404.027
5.56218, 1199.23, -1812.71
3.83351, -327.262, -1035.01
4.39881, -1182.17, -145.575
5.43397, 1815.58, 582.25
5.95636, -242.421, -933.497
7.26736, -859.341, -1105.46
4.89785, -591.649, -1833.86
3.60319, 766.228, -1399.65
5.33741, -1380.51, -950.245
6.09873, 738.11, 681.861
4.4953, -951.643, 1166.3
3.48326, -1362.88, 1886.71
6.66971, -1306.57, -1498.61
5.59561, -902.887, -1714.91
7.26866, -552.269, 355.187
3.23222, 19.3342, -410.782
5.38953, 35.9321, -888.043
7.26796, -860.475, 1393.82
3.62331, 1412.76, -1957.96
7.25137, -976.123, 1575.8
3.07874, 1549.48, -979.201
2.58372, -5.60704, -428.132
3.90465, -668.845, -337.318
7.15042, 1251.33, 268.978
3.04796, 1529.64, 1715.59
6.77266, 5.17932, 1527.78
5.68532, -1411.4, -1434.1
5.63853, 815.065, -1409.53
3.80589, 1434.31, 1365.34
5.13936, -1819.22, 425.618
7.16608, -463.558, 1740.25
3.98055, 1784.2, 233.42
4.78006, 369.632, 802.158
6.35659, -1326.21, -1163.68
4.17193, 269.547, 217.001
6.31775, -97.9707, -1687.67
6.65892, -52.5174, 1812.9
2.64618, -1444.94, 1121.26
4.31315, 1398.9, -519.337
4.16221, 553.238, 958.399
3.17675, -1014.64, -477.823
3.00839, -589.318, 1234.48
5.11327, -1174.94, 1584.49
3.52046, 64.737, -1019.91
5.00728, -1699.32, -1199.82
5.1371, -36.2954, 1880.33
4.13422, -530.687, -572.956
4.75888, 474.231, -824.867
6.85263, -65.2873, 1835.11
4.72884, 1209.92, 1676.43
6.03726, -901.49, -1715.61
6.83171, 1765.9, -1380.28
6.5822, 1668.38, 421.311
2.67504, 1663.16, 1672.41
3.8644, -1253.75, -499.396
5.21858, -829.797, -842.549
3.19942, -1775.55, -1126.05
5.57408, -1470.89, -1791.66
3.29182, -1177.25, -1220.85
4.41129, 213.988, 431.565
5.94997, -195.498, 366.382
3.21128, -805.206, 954.025
5.65284, -1565.79, 1519.25
3.15973, 322.845, 1828.26
7.13583, -1436.56, 406.385
5.53465, -1837.21, 1567.86
5.50388, -1779.77, 728.495
3.33635, 1149.13, -1019.79
3.301, -1673.96, -801.6
5.91628, 1189.67, -46.4072
5.1456, -1378.18, -11.3801
3.65264, -245.826, 1483.91
6.55373, -974.146, -117.925
5.76477, -826.536, -1092.71
4.08597, -1189.57, -1179.33
2.53953, -504.656, -1586.31
3.49176, 1436.83, 1392.79
3.78831, 11.5058, 748.786
3.03825, 1723.7, 67.0073
3.49545, 236.45, -826.556
6.75079, 1600.83, -1540.2
6.63912, -1810.73, 423.503
6.76813, -1860.76, -1083.01
5.71027, 598.811, 1540.64
3.6787, 1411.79, -1953.81
6.80638, -1007.27, -1555.66
5.4745, 29.5797, -253.362
2.52745, 1021.46, -125.869
6.84925, -1288.67, -900.357
7.37729, 1259.86, 247.134
5.59653, 725.409, 50.7
3.85574, -1786.68, 720.807
7.46973, -367.244, -1179.29
4.60751, -1373.72, -1016.73
4.20537, -1565.54, -1207.39
4.80717, 688.395, -207.886
4.44822, 506.461, -825.253
4.613, -54.1879, 1020.51
2.84879, 252.115, 607.948
5.5153, -67.9178, -240.011
7.36114, -101.039, 428.013
5.07406, -1419.09, -1001.93
7.45461, 1835.77, -262.919
5.84906, 1237.26, -295.085
4.01716, -1200.2, 121.149
3.47371, 1673.27, 1163.16
4.0109, -1476.37, -1787.97
4.93946, -686.356, 906.086
4.72438, 1017.16, 1885.11
5.7844, 670.638, -1798.95
3.74227, -1488.3, -1389.07
4.72007, 99.5171, 1089.03
5.75894, -1389.85, 7.68504
6.67472, -1414.25, 484.411
6.03698, 375.034, 1616.16
4.93928, -1684.19, -1237.05
6.72039, 781.624, -439.396
7.00296, -1020.32, -441.023
6.33082, -1330.8, -989.46
5.29453, 1307.72, 1764.15
2.70603, -16.4536, 120.379
5.46749, 1107.39, 148.062
2.68674, -1227.86, 1571.51
4.53488, 135.775, 856.8
2.84243, -1889.02, -1733.22
7.38558, -1512.18, -1818.86
2.5956, -965.931, -549.244
6.60363, -337.739, -530.315
5.2195, -758.394, 1664.94
5.72828, 1511.25, -680.789
3.62934, -526.996, 27.7835
2.733, 1750.58, -1433.23
3.63154, 417.785, -1076.67
4.58371, -1268.96, 260.745
6.40126, 514.212, -1232.25
3.72852, -1822.69, 687.709
4.81411, 1250.85, 306.225
6.14756, 1861.3, 573.751
5.35237, -673.644, 1594.05
5.45997, 1815.46, 1839.01
4.98425, -1772.22, 548.018
3.951, 900.129, 311.099
4.71107, 13.296, -503.247
2.53669, 1671.38, -808.158
7.41683, 974.089, -697.867
2.52822, -1524.81, -396.898
4.8676, -204.367, 1482.02
5.86497, -652.83, -262.32
