6.27803, -1473.58, -1998.1
3.5948, 131.24, -179.465
5.89648, 716.143, -1810.96
5.09708, -466.557, 1740.34
2.76731, -1862.27, 1322.47
2.53849, 670.701, 105.942
4.58743, -1730.17, -466.025
7.15218, 356.061, 747.637
2.95982, 106.979, 1384.55
6.00595, -334.369, 618.355
3.81226, 1049.76, 1640.39
4.14117, 944.173, -1809.06
7.45519, 1024.72, 529.424
7.41275, -1015.87, -545.23
5.75759, 1012.65, 890.077
6.92354, 526.29, -1708.1
6.33247, -253.147, -908.792
3.87453, -1046.52, -90.4557
4.93259, -1337.15, -572.068
2.80282, 1637.53, 1589.05
5.08146, 17.7277, 1617.14
4.96988, 1945.06, -724.165
7.23882, -1635.94, -935.723
4.42071, -0.65383, -1700.58
5.14874, 1654.22, -892.476
2.75042, 1762.83, -140.562
6.63909, 1080.94, 1049.14
5.94228, -1934.4, -1497.61
6.18112, 518.118, 1472.55
6.94286, 1994.78, 901.428
4.25508, -773.164, -1067.57
6.72991, 364.516, 52.9444
3.84659, 1356.18, -344.486
4.83959, 150.755, -346.045
3.2686, -1288.02, -849.247
2.66527, 1211.54, 286.245
7.2768, -6.94563, 138.908
6.95369, 218.616, 992.379
3.29884, 1366.79, 498.716
3.15214, 858.632, -1148.42
2.515, -902.04, -1635.46
6.0491, -1898.55, -346.038
3.40448, -1038.5, 1749.91
5.76029, 1547.46, -728.885
4.42907, 726.147, -1398.35
3.23766, -3.08319, -450.305
5.45054, 1379.7, 348.118
3.24076, 226.748, 1821.11
3.2091, -364.633, 1932.02
4.94257, -990.654, 258.869
3.13015, 1841.17, -140.053
5.64635, -722.043, -1199.94
5.60817, 604.478, -1491.99
4.88216, -1007.3, 1211.19
2.64188, -1183.8, -447.804
3.21011, -292.078, 1605.79
3.15594, -359.2, 1788.56
3.31099, -1632.38, 1539.19
3.76529, -538.305, -1714.19
4.77654, 1134.56, -1460.92
6.54472, -190.496, -601.565
3.57624, 606.31, 1725.22
3.75063, 1634.5, 725.005
5.02978, -115.176, 1443.07
6.27922, 1270.14, 397.794
5.66369, 1805.49, -149.108
5.9449, 1295.61, -244.555
7.27207, 1947.22, 810.126
5.18713, -843.213, 1407.2
4.57014, -1576.49, 73.0745
4.70019, 1505.63, 307.488
6.07821, 1476.34, 918.708
6.20858, 824.838, 1201.79
5.12494, 1543.68, -1922.91
6.06711, -1738, -146.994
5.91025, 670.365, -44.0747
6.82941, 1666.06, -1201.16
3.19597, 174.967, 1558.59
3.57766, 1955.1, -199.115
5.0733, -735.904, -216.967
4.83766, -240.736, 1522.93
3.55759, -538.643, 1226.09
5.65244, -1383.62, 1991.11
2.5044, -1991.44, 460.488
4.09589, 908.741, 1092.66
5.90281, 729.343, -326.505
6.0446, 1344.97, -1178.24
2.90869, -1621.07, 1314.03
3.56926, 519.246, 1057.05
4.44412, -1674.67, -1145.29
4.44927, 1791.71, 1808.05
3.92018, 768.143, -922.953
4.6123, 1134.52, 1106.72
2.55658, -1205.75, -878.646
3.72027, 1925.83, -1234.05
4.49072, -1452.67, 1280.66
6.64177, -1292.92, 403.816
3.78584, 1950.65, -1369.82
3.59705, -1595.44, -1065.3
6.47385, 783.384, 538.642
5.8476, 1010.74, 784.7
5.49108, -1775.66, 539.987
5.99917, -725.239, -1090.88
5.13062, 1050.78, -1529.06
4.14833, 354.726, 213.421
3.30844, -1428.07, 810.957
6.56633, 1440.16, -58.3478
4.08004, 955.94, 228.021
4.05369, 113.391, -1459.35
4.65424, 72.0889, 350.436
4.46509, -508.797, -959.73
4.43916, -96.7745, -215.052
4.34871, -1685.18, -883.399
5.88118, 686.964, -984.711
6.10384, 913.055, 55.833
7.20082, -154.103, 1780.37
5.08573, -158.378, -714.004
5.5282, -391.911, 645.513
5.85049, -1396.76, 1947.45
5.11404, 166.028, -623.516
3.87105, -1936.62, 1313.93
7.08924, 185.3, 571.631
3.73367, 1878.56, -932.309
4.77876, 774.974, 1374.49
3.30374, -1910.23, 1284.04
4.68319, 830.512, 826.31
7.45767, 1005.11, 330.913
6.26931, -881.345, 782.569
4.97846, -1981.09, -1314.57
7.01651, -1342.73, -1679.68
4.68213, 986.43, 1130.59
5.09239, 338.742, -1973
4.44866, 176.148, -1731
5.63431, -455.328, -1136.57
5.19331, 836.105, 636.21
4.35955, 1263.89, -878.487
2.54674, -748.712, 736.894
6.3794, 83.5461, -1583.52
2.85317, -1778.08, -1118.01
3.98511, 894.232, -1358.96
4.78581, -75.2149, -1806.07
3.25156, -208.339, 79.2319
5.97819, 1334.99, -857.126
4.15587, 739.926, 320.396
5.21197, 1946.46, -1768.73
2.64678, 1426.67, -1990.14
5.38086, -41.5295, -487.194
5.18133, 719.514, 954.661
7.36678, -1510.8, -1856.24
5.57063, -594.88, -1245.57
5.26431, -1495.33, 429.553
6.69051, -568.746, 1815.16
3.75764, -965.433, 1893.27
6.98957, 1265.68, -296.212
5.97428, 1039.96, -1019.35
5.82752, -945.627, -192.311
3.06838, -1161.36, -1534.7
3.37987, -1973.5, 188.208
2.91253, -272.35, 396.224
6.68103, -497.911, 748.52
2.64818, 1890.33, -1509.39
6.34719, -19.3584, -1682.82
4.29829, -1000.43, 1735.29
6.24626, 0.824326, 1075.26
6.28385, 726.334, 686.783
3.60834, -1077.33, -1853.02
5.58305, 610.422, 251.202
3.66846, -1100.48, -512.677
6.22052, -1336.72, 611.196
5.80997, -1810.91, -1362.16
4.9209, 1798.7, -1498.84
2.58972, 1656.1, 482.979
4.98291, 888.294, 377.268
5.09587, -231.571, -1783.21
4.71395, -1742.68, 1079.77
4.14528, -128.019, 1906.81
3.52671, 972.527, -215.95
7.19863, -508.424, -1312.73
2.85168, -995.858, 1856.16
3.30042, 104.989, -1502.81
6.70788, -1583.48, 59.978
4.13614, -307.138, -529.086
6.85942, 308.728, 854.287
5.99896, 1345.72, 1032.78
5.52801, 1740.45, -443.192
4.77536, 158.187, -548.907
2.91543, -1039.12, -384.878
3.94883, -110.368, -310.974
6.51009, -1135.72, -1578.94
6.81821, 679.231, 114.875
3.81831, 845.605, -1024.46
4.79881, -1675.21, -469.285
4.95672, 1186.48, -1064.33
5.82344, -935.342, -1985.48
7.31738, -1252.86, -300.698
7.23022, 1180.46, -1464.77
2.81902, 440.889, -1314
5.04829, -818.015, -617.403
6.13222, 1337.21, 1305.25
5.65882, 1207.05, -681.515
3.26658, -1833.6, -1818.36
5.09652, -1747.05, 1073.66
3.52281, -1117.03, 1715.31
6.03231, 798.997, -1643.57
6.05786, -952.169, -23.0949
3.66304, -1189.81, -483.429
6.80594, -131.746, -265.207
2.67122, -221.346, 1907.39
6.26587, -1872.92, 96.6177
4.14789, 1290.2, 363.278
4.65309, 145.455, -1070.85
7.33455, 1946.87, -385.991
4.05803, 1469.32, 1400.05
5.69762, 1987.65, -1405.58
5.95386, 1728.96, -126.919
5.36403, 164.793, 1260.82
6.60667, 1781.46, -1363.92
4.21807, -1830.11, -1375.32
5.09387, -1614.82, -1558.19
6.78438, 245.742, -1908.83
6.18587, 697.028, 69.903
3.45992, -1905.15, 790.794
2.83145, -616.465, 683.38
3.60828, 1699.58, -1446.86
3.33656, 343.436, -477.718
6.31172, 764.344, -1890.36
5.44905, -1689.95, 853.59
4.65223, 1718.81, 1702.61
7.09618, 1324.23, 23.9648
5.09668, 894.417, 402.471
7.38058, -1354.92, -37.8664
5.15714, -906.799, 296.791
2.98716, 668.225, 792.582
5.83983, 441.747, 195.404
5.44444, 285.301, -24.5914
5.01137, -1404.73, -222.707
2.75808, -1871.73, 924.308
2.6753, -710.362, 77.8242
4.41484, -1571.19, -1020.69
5.55555, 387.195, 207.264
5.06574, 1078.98, 1752.89
5.98498, 601.374, -53.1847
4.89891, -52.1785, -370.063
3.88323, 136.78, 842.146
6.01685, -879.348, 421.486
3.67701, 1752.38, 120.866
6.41501, 387.249, -347.095
6.60589, 725.078, 1679.61
3.21842, -1077.45, 109.094
5.75757, -991.929, 1600.75
3.87677, 1742.92, -1979.13
7.26215, -880.694, 1434.52
4.58238, -1507.28, 27.4328
3.03869, -253.898, 809.248
4.70633, -1599.79, 1064.39
6.28811, -824.4, -613.483
2.77803, -677.014, -644.816
3.51241, -58.2958, 292.119
6.82305, 1895.21, -1552.97
6.52456, -530.516, -30.9569
2.78861, -1361.1, -1350.2
4.40304, -127.765, -1402.92
4.56124, -301.416, 1533.95
2.80071, -765.993, 605.142
7.09746, 1592.4, 1263.24
3.35398, 1079.41, 1605.45
6.51634, -1872.65, 292.418
3.88599, 1446.58, 89.4064
4.44586, 347.076, 1477.69
7.19936, 103.298, 1247.5
6.24573, 319.861, -321.416
3.44774, -648.129, 1522.46
6.89581, 875.005, 972.055
6.8953, 839.519, -1707.09
3.30515, -1636.19, -554.335
5.87346, -1613.21, -332.788
6.89096, 1252.8, 250.967
6.98262, 537.307, 1073.48
3.06535, -53.4098, 1512.8
5.93789, -468.615, -492.039
3.21651, -1690.37, -1515.09
3.6901, 833.265, -89.3918
5.64383, 1901.78, -436.075
4.312, 1635.2, 720.073
4.64437, 1177.09, 1436.52
4.91936, -8.93797, -1701.06
6.20379, -1.89749, -199.652
3.23098, -796.775, 1731.93
7.36238, -1677.1, -1557.64
7.3158, -1043.16, -371.538
3.14741, -1206.71, 1333.15
5.3784, -642.614, -1214.53
4.66439, 342.351, -240.189
5.50066, -473.72, -524.563
5.85098, -1403.45, -279.188
4.5137, 792.412, 1980.46
6.46691, 1278.49, 1395.71
4.89889, -1959.92, -502.694
5.72449, 587.41, 555.657
4.28836, -490.917, 1196.58
5.96794, -662.413, -441.894
5.83428, -833.917, -1418.47
3.22071, -743.76, 1418.23
7.10415, -1974.2, 414.322
4.22228, 65.7237, -472.031
6.66824, -835.05, -942.804
2.74349, 539.004, -1501.05
3.27936, -493.023, -162.315
2.55765, 663.642, 1022.37
3.94327, 243.33, 1179.15
5.07295, -713.549, -338.861
3.65948, 1367.63, 876.382
2.75022, -494.892, -136.976
5.33091, -1190.42, -1702.39
6.69774, -309.252, 1329.66
4.28763, -1277.3, -833.53
4.3452, 351.742, 1737.52
7.22226, 511.542, -147.568
4.72425, -1801.73, -374.302
6.82086, 992.327, 381.88
5.82654, -1580.96, -1475.23
5.79297, 325.899, 1332.98
7.10736, -1923.5, 1927.29
5.11536, 1873.55, -1223.97
5.45229, 879.008, -884.678
5.79944, 1338.27, 1345.87
4.24765, 585.157, 920.825
4.11714, 660.606, 134.205
7.08984, -228.451, 1477.06
3.08619, 1807.06, -893.085
7.31268, 1347.8, -338.171
5.17978, 94.8616, -667.149
5.81447, 1717.46, 1271.75
5.48362, 1768.6, -1023.52
6.93363, -1012.17, -1494.97
6.67999, -1346.1, -1215.24
6.69339, 493.076, 409.061
6.85642, -432.632, 685.382
2.5002, -1539.09, 680.021
4.77274, 515.47, 703.597
4.25696, -1869.45, 299.62
5.80713, -516.477, 1419.77
6.22234, -1748.02, 305.672
3.3821, -231.829, -885.075
7.4621, 1588.98, -1631.37
5.95466, -1867.46, 364.839
6.97862, 278.745, -47.132
3.51579, 752.806, -262.288
7.2356, -911.067, -73.0651
4.88476, 1807.29, -1019.47
6.78578, 1845.11, -1492.1
6.41237, -1969.28, -1127.41
5.70687, 1836.92, -1800.92
3.14521, -1450.95, 294.211
5.77944, 7.65602, 1298.79
3.09199, 105.927, 19.8871
3.88793, 674.575, 1611.3
6.65548, -435.991, -453.488
6.14153, -1505.71, -1027.72
6.74348, -1195.3, 592.149
3.43989, -1575.19, -1905.22
6.09602, 1118.08, -556.609
4.25586, 323.008, 665.366
3.34555, -831.671, -1372.44
4.52383, 683.292, -1103.37
4.20924, 317.648, 1545.04
6.67141, 795.591, -251.045
3.9111, 1396.19, 1168.01
5.16766, -1345.64, -955.134
6.25085, 1993.16, -1706.8
4.62554, -1349.21, -1518.3
4.66964, -1144.12, 1093.24
3.03022, 1716.86, -1866.94
6.4639, -73.0395, -934.237
3.91232, -1144.95, -969.177
7.14264, -1165.61, -476.204
5.37926, 470.511, 1051.57
3.4895, 1632.24, -575.607
5.99081, 1159, -1533.12
3.07265, 991.574, -1925.07
4.22945, 617.17, 1578.68
4.15646, -1146.74, -472.403
6.42735, 1657.29, -1927.67
6.65775, 919.726, -426.041
4.21712, -1481.1, 1510.89
4.2603, -550.594, 1770.09
6.38197, 289.078, -1673.9
6.58658, -26.4499, 1376.61
4.26157, -258.369, 566.31
7.09559, -871.011, -603.021
3.2877, 979.329, 505.218
5.56029, -986.256, 1117.63
5.54222, -744.126, 1419.18
3.16647, -504.976, -1495.12
3.51409, -1494.77, -953.278
4.79457, -1715.58, 1002.15
3.48759, -1059.53, 1853.4
6.77118, -1676.25, 738.974
6.54562, -1519.26, -1388.7
2.80131, -1816.82, 1775.62
6.50584, -1435.56, 1316.75
5.49597, -390.044, -1088.95
7.43182, -1784.27, 619.376
2.65919, -337.651, 1260.74
6.8356, 1891.07, -1568.05
3.69109, 1337.37, 687.088
3.6127, 357.092, 866.557
4.73907, -1988.99, -1079.54
2.61231, 1724.12, -346.443
6.79755, -497.609, 51.0459
4.15902, 433.986, 1177.71
5.72195, 614.735, 497.23
7.43521, -1894.68, -964.076
5.30162, 569.264, -1168.62
4.74553, -1516.94, -492.325
5.213, 345.296, -1433.42
2.90797, 1546.32, -65.6011
3.99606, -1600.42, -547.935
6.63964, 1650.32, 1364.47
6.48936, 1252.6, 1879.46
5.71048, -205.429, 1359.28
4.84105, 1262.62, 774.966
7.15326, -394.411, -1224.14
5.08798, -492.26, -135.111
7.42924, 1596.78, -1086.85
5.94567, -165.01, -1450.61
6.19966, -362.599, -886.299
3.46323, -784.476, -1873.5
6.08881, -901.239, 1251.92
6.11146, 1140.21, -364.636
6.49298, 532.065, 308.074
4.23216, 511.036, -1997.47
5.1481, -31.2918, -114.27
3.19001, 1431.72, -724.814
6.73218, -451.795, -405.997
6.32766, -171.491, -1773.98
7.5, 1847.39, -831.434
4.24891, 966.371, 1993.88
5.50367, -1203.41, 1185.22
3.50808, -992.985, 170.601
6.2385, 55.5714, 303.152
6.49225, 1956.92, 432.193
3.03505, -1412.96, 218.96
5.35813, -1014.67, 94.9906
2.84683, 715.59, -664.001
4.16036, 1502.82, 1378.61
5.80945, 975.585, -1417.81
5.27726, 351.199, -397.195
7.12415, 457.969, -23.5066
2.69832, -973.705, 455.02
2.62083, -625.266, 482.155
4.61923, 432.845, -1314.47
4.36987, 921.52, 273.287
2.93303, -487.876, -532.982
3.05403, -318.513, 341.87
5.31992, 739.637, -698.275
7.37269, 126.202, 1486.67
3.05066, -97.6575, -1760.63
5.99352, 198.069, 1967.03
2.79674, -100.232, -1489.56
4.69755, 1671.63, -218.747
5.24651, 1987.52, 1433.52
3.45129, 1384.62, -1502.22
7.36597, 625.878, 656.599
3.19593, -1359.08, -162.419
5.48978, 1889.13, -866.324
7.12812, -1747.75, 1408.67
3.91116, -138.406, 1792.71
6.8307, -277.888, -160.277
6.29598, -459.544, -1204.37
6.10793, 695.747, 1253.68
3.34241, -750.629, 738.269
3.32882, 1681.09, 751.162
3.39076, -1294.78, -1983.3
5.87226, 672.514, -1206.87
4.83484, -708.476, 74.8405
6.85219, -1624.49, -716.591
5.76023, -1397.85, -230.969
5.80464, 1528.22, 1766.33
2.58037, -1319.8, -1187.26
4.30596, -1562.37, -1338.28
3.72747, 1853.82, 242.965
6.93086, -1878.46, -1903.35
5.23701, 1651.97, 1545.98
6.57209, -52.0962, -1307.71
5.24453, 336.845, 1743.68
4.16156, 1013.14, -112.571
4.40213, 50.9889, -1309.97
2.52389, 1866.89, 1311.76
6.95226, -181.554, -794.507
6.16955, -997.541, 1373.5
6.04239, -307.648, 1352.08
5.1278, 106.506, -375.896
6.41065, -384.526, -1632.8
3.42484, -769.385, -940.872
5.72673, 486.979, 1022.26
3.42178, -1381.85, -689.393
3.31214, 129.905, -166.425
2.65594, -363.8, 1702.44
7.42716, 260.397, -1330.99
4.04559, -665.116, -1437.71
4.11075, -1339.73, -595.388
5.51155, 574.995, -468.862
2.89107, -659.415, -1848.19
3.93936, -36.0276, 176.295
5.79307, -246.137, -986.113
7.36348, -1991.33, -697.821
7.27758, -726.448, -1595.36
7.42745, -1342.32, -590.822
7.30478, -1831.06, -1532.19
3.0073, -1118.09, 1139.8
3.71505, -247.206, -985.048
6.91151, 197.252, -868.787
5.28805, 681.648, 1405.16
6.7669, 1607.33, 1031.53
7.49145, -1065.81, 1041.08
3.99751, -508.933, -959.797
6.33157, 1964.51, 980.299
4.81901, 567.263, -286.025
6.8168, -1272.49, -1588.97
6.99018, 1723.1, 12.3707
7.377, 516.347, -834.7
2.77405, 1323.52, 162.291
6.32605, 1899.69, -1239.69
5.09219, -1869.64, 1479.27
3.46574, 1873.71, -493.888
6.98252, 388.869, -1085.94
6.38492, -1661.7, 197.415
2.75968, 833.067, 1083.83
7.47331, -1711.95, 1533.28
5.93659, -2.35733, -919.728
5.94854, 1777.88, 993.677
6.57666, -1314.91, 1645.02
7.05426, -72.7506, -870.014
3.34218, -402.768, 811.453
5.24183, -1159.93, 1609.41
6.53351, -952.142, -507.576
4.17803, 637.44, -1058.99
5.53435, -192.685, 85.9812
6.59602, -1910.63, 668.324
7.3485, 175.339, -495.881
6.29349, 1172.04, 985.423
3.72113, -370.796, -186.697
5.80589, -1144.62, 808.488
4.21574, -895.005, -372.281
7.27146, 753.115, -793.674
2.60828, 1608.62, 1112.35
4.54979, -1784.62, 1895.91
2.55789, 1178.55, -1343.04
3.04964, 1685.13, 405.834
5.28259, -1705.29, 181.119
4.45466, -70.3728, -467.86
7.20539, 236.234, -365.335
2.55572, 358.562, 794.609
6.22897, -449.299, -869.681
3.84293, 218.222, 260.771
4.27153, -1364.43, -1523.41
3.45835, -934.804, 1233.51
5.14832, 592.32, -341.46
4.39478, -119.111, -1709.24
3.16407, -26.497, -1604.9
4.26563, -248.054, -1133.63
4.2497, 1568.32, 1974.03
7.41084, 1222.68, -238.898
5.25961, 304.557, -787.79
4.99918, 26.4592, -1427.43
3.58531, -1669.5, 917.233
4.37311, -460.73, -1306.62
6.78251, -1328.66, -942.189
6.45578, 1575.1, -1019.16
3.9204, -985.621, 1858.28
5.07645, 875.345, 199.939
6.79238, -590.893, -52.8396
7.07844, -1908.45, -348.95
7.48941, 274.069, 1836.49
6.53177, 341.076, -388.417
5.22718, -1821.45, -367.446
7.3461, 299.049, -1478.01
5.31931, -1170.93, 725.317
4.03031, -829.543, 1321.95
5.41853, 1937.73, 1910.15
2.91197, 105.377, -666.898
5.47382, 718.101, 1246.08
3.31968, -1198.04, -1183.38
6.46527, -1219.2, -873.435
2.95373, 1157.19, 1485.45
6.3072, -1011.55, -1359.83
6.83996, -435.131, 67.2178
6.40105, 385.838, -669.111
6.61399, 1817.34, 1944.82
6.70974, 745.524, 1107.66
4.48328, 1070.35, 512.165
6.508, -323.251, 336.503
6.56811, 762.547, -88.7301
5.43493, -820.486, 203.291
4.64621, 1593.77, -101.981
2.5002, -141.335, -959.722
5.31153, -1632.02, 632.613
6.22632, 671.041, 714.342
3.89846, 1928.29, 605.429
2.93406, -1977.55, 1130.78
3.5733, 1707.03, -1762.68
3.93296, -987.503, 1113.8
4.86595, -815.601, 951.999
6.95893, 1691.72, 1639.85
5.91955, 1011.48, -998.454
3.54376, -103.287, -128.947
6.67533, 1590.28, 25.0766
7.09218, 1888.8, 1834.9
4.48244, -948.86, -1404.33
6.37858, 1082.93, 1082.36
5.68161, -324.525, -181.77
6.64746, 967.674, 586.92
3.40204, 1119.69, -913.257
7.45927, 1154.28, -1524.2
6.70558, -300.777, -1690.54
4.65177, 1778.46, 533.51
4.38589, 1193.99, 1782.59
2.70802, 1313.59, -1012.39
6.80715, -1621.05, -1083.57
6.62116, 1820.19, -1822.09
6.25052, 43.5266, 1473.31
3.55801, -330.238, 1991.21
4.31029, -1564.15, -384.956
4.43545, -1183.79, -1610.48
7.32918, 1601.9, 1289.09
6.5872, -334.497, 1265.54
4.5755, -165.506, 899.461
5.83759, 412.87, 369.832
2.52101, 955.815, 1950.11
6.98048, -1487.22, 514.252
3.68416, -686.76, 711.047
3.79415, 721.542, -193.496
5.4939, 815.602, -1417.15
6.89823, -1700.51, 761.832
6.16299, -1132.41, -1186.85
6.0773, 1830.97, 1142.12
3.57724, -1218.32, 961.978
6.30413, 1356.84, -1917.47
3.85351, -319.819, -1123.96
2.75246, 1340.81, 701.003
4.78866, 535.737, 491.278
2.58759, 900.029, -1560.69
3.01129, 148.459, -339.2
2.639, -258.897, 569.147
5.65921, -680.84, -1030.5
6.34425, 167.3, -491.441
2.74132, 1050.99, -1683.24
6.6924, -117.776, -1261.51
6.76899, -526.443, -644.432
6.57649, -887.088, 1147.28
6.85188, 1591.09, 812.658
5.27222, -1270.71, -347.214
6.12646, -594.763, 122.215
3.20424, -1057.41, 1883.76
6.6115, 1204.81, -1053.12
5.51185, 1470.25, -395.538
4.93856, 1019.67, -1844.11
6.14942, -578.302, 1911.76
4.05164, 1515.4, -1339.38
3.93925, -1398.59, 709.591
5.45857, -1909.69, 1625.08
5.34055, 1315.77, 1776.15
5.41059, -1860.54, -1158.61
2.84132, -1379.47, 566.515
4.34304, 303.395, -764.923
6.28475, -1874.04, -1154.61
6.35297, -893.621, -1752.52
4.27217, -788.381, -503.696
5.98913, 488.099, 1867.72
5.08005, -1376.97, -611.44
5.94494, 784.717, 262.515
6.18066, -164.521, 1230.94
2.56231, -688.124, -1351.96
7.16549, 1207.2, -244.669
5.37826, 267.909, 253.613
3.05587, 915.403, 1950.5
4.87388, -220.8, 45.753
3.24247, 343.033, 183.031
4.22594, 101.874, 901.506
7.04476, -1867.3, 359.096
4.54571, 31.49, 1031.18
5.96642, -1352.93, -148.416
3.35865, 769.279, -1863.53
6.21715, 1787.5, -1001.19
4.16319, -846.038, 1281.23
4.62157, 1338.57, 622.474
2.79523, -274.355, -233.037
5.09005, 566.335, -479.397
5.94425, 950.578, -1163.92
5.01149, -526.373, 50.22
6.56617, -337.844, -1504.34
3.07974, 162.68, -1881.98
5.24841, 530.056, 931.381
5.06046, 825.876, 42.9598
6.02649, 1904.06, 883.624
5.65083, -472.198, 1783.69
4.0207, -46.2395, -1264.46
6.74719, 800.68, 746.195
3.39619, 1202.93, -39.6108
2.61737, -1063.05, -200.646
4.19467, 1484.93, 109.837
3.43818, 699.449, -166.738
6.60467, -571.826, 384.591
6.72507, -1792.08, -309.462
6.78031, 1688.11, -1438.84
7.37454, -1910.59, 1274.84
2.99587, 942.605, -897.379
2.56182, 1128.79, 1315.39
2.58614, 428.184, 1182.75
2.64527, 506.346, 189.251
4.1031, 302.57, -763.387
6.17815, 1256.54, 606.052
3.14876, 741.212, 948.919
2.5161, -735.549, 1016.19
6.91905, 277.808, -1583.01
3.70482, 463.952, -1151.6
4.38481, -1644.51, 1514.85
4.44879, 1216.85, 373.865
2.81534, 1191.48, 591.041
7.30792, 367.506, 1921.44
3.75349, 1454.56, -675.389
6.85376, -1363.21, -111.712
2.85991, -1839.89, 857.575
2.70653, -1254.15, 1158.93
3.46378, 728.99, -1048.14
3.86708, -621.962, 605.68
7.4007, -1908.21, -731.711
3.60607, 649.22, -1084.27
6.43119, -1752.56, 1714.69
4.42306, 604.04, -845.526
3.78593, 961.846, -1274.94
3.91087, -1900.38, 133.284
7.33834, 1738.55, -66.1374
4.22841, 1540.27, 347.207
3.45922, -1972.02, 1476.64
5.05037, -1095.29, -766.446
5.21857, -1117.58, 1270.92
5.72333, -1270, -1232.03
3.89738, -20.2982, 1574.97
3.41887, -592.998, -1442.46
2.71579, -1674.83, 767.597
3.98408, -1013.61, -541.588
4.25548, -463.303, 282.323
7.09372, -842.709, 1463.12
5.81225, 997.831, -720.576
5.08041, 1735.03, 1174.37
4.03763, 1235.07, 1178.91
3.0007, -707.578, 311.511
3.47502, 760.893, -1762.81
4.11407, 63.3287, -265.764
5.56182, 1933.6, 173.037
5.13511, 1924.26, -1971.01
3.45653, 510.995, 572.001
4.7178, -1308.32, -858.912
4.48693, -1422.18, 1713.54
6.28051, -1215.67, 1489.73
6.6213, 1474.73, 1205.28
5.51573, 283.818, -687.847
3.04573, 1222.08, -1661.59
4.11797, 975.781, -330.928
5.03403, 15.697, 638.337
4.76521, -1296.68, 1595.16
4.77315, -363.688, -926.102
4.91125, 1835.62, 1818.5
5.07896, 739.785, -1303.01
4.50207, 389.15, 1628.82
4.22945, 1922.93, 971.627
6.64533, 1853.17, -479.058
3.02204, -1467.9, -1600.34
6.40057, 1175.65, 1140.52
3.19919, -595.616, -479.371
2.62171, -1608.96, -1028.41
6.0664, 814.987, -1514.2
7.15538, 315.628, -1644.64
7.47667, 360.121, 350.216
3.86264, -1761.02, 305.768
3.6923, -968.299, -500.534
3.87328, 1929.9, 1241.25
5.70836, -1820.25, -1463.05
5.17637, 622.216, 314.049
6.8967, 1676.48, -595.097
6.75968, -1317.53, -1686.62
2.98004, 1823.78, -68.005
4.66818, -1505.51, 393.316
3.17045, -412.662, -1517.21
5.86802, -316.386, 641.016
5.34964, -106.544, -965.722
3.66474, -1250.32, 1123.37
5.50306, 534.146, -1381.47
2.6551, -1609.95, -57.2497
7.08512, 1139.15, -626.055
3.82958, 1729.56, -357.412
6.50016, -370.979, -1018.45
5.46389, 341.604, -1447.77
5.0822, 723.733, 1232.26
5.2567, 636.807, 1291.4
3.47225, 1017.31, -466.495
5.36152, 240.107, -1488.15
3.81992, 429.346, 806.54
4.41648, -1530.31, 1080.09
2.73626, -1507.96, -1795.23
4.22823, 1178.05, -1342.74
3.61594, 1364.19, -877.569
3.81264, 33.0786, -1478.12
3.05141, -861.322, -803.62
7.40088, -1412.8, 41.9031
5.93794, 1615.61, 1288.9
5.82158, -1096.7, -752.72
5.99501, -1204.7, -1347.28
2.68746, -1669.04, -1554.84
3.6706, -1257.31, -1491.4
3.95397, 1432.3, 1388.48
3.50543, -83.0554, -523.373
2.7177, 756.211, 662.5
2.56571, -1082.74, 1051.64
6.07297, -1056.75, 1531.33
6.88348, -1737.78, -1264.77
5.35088, -1780.46, 555.81
6.92743, 1732.75, 1745.59
5.20042, -712.573, -560.86
3.31357, 1860.82, -1296.88
3.30492, 1940.58, 880.047
7.19182, 641.05, 575.617
3.45628, 1110.05, -1708.02
3.15761, -12.5737, -225.126
4.41122, -634.422, -9.48645
6.12674, 515.138, -533.257
2.50651, 1083.64, 1753.07
4.60222, 28.0907, 1466.3
5.18984, 619.173, -427.938
4.86596, -478.09, 495.331
6.33003, 1090.42, 1740.5
2.9396, 1110.21, -943.189
7.04284, 265.571, 648.553
3.20818, -1758.97, -789.847
2.54782, 876.331, -104.702
2.82267, 484.881, 1025.97
4.96742, 764.17, 445.199
5.40914, 1068.97, 1979.73
4.03373, -1899.71, 1090.14
4.57091, 1841.86, -137.801
4.33401, -1147.88, -1379.85
3.42687, 373.627, 1339.51
2.76788, 1272.65, 320.03
4.47222, 1084.52, -131.169
3.98388, -696.395, -263.726
5.05388, -793.008, 1642.7
3.75392, -1398.1, 461.265
5.01589, 1933.72, 1769.06
2.51168, -36.2949, 1601
7.01807, 1997.44, -896.857
2.79181, -1811.58, -1898.77
5.17506, -1380.34, 1609.33
3.95754, -773.106, 1754.41
7.3023, -1631.2, -537.087
4.73406, 638.593, -218.592
5.08479, 1792.3, 334.982
5.93861, -512.47, 21.8606
2.72187, -321.352, 153.295
7.2946, -1597.58, 1214.62
5.70852, 728.749, 313.206
2.80215, 1263.25, -1564.06
3.33964, 95.7371, 536.712
5.76491, 975.279, -501.039
6.19864, -1538.43, 675.319
3.57011, 1724.04, 398.915
4.31441, 315.807, -1753.08
6.56981, -1296.57, 1871.28
5.32057, 1615.7, -941.347
7.45886, -86.7528, -1796.63
6.5669, -1527.51, 796.848
3.49157, -1990.43, -46.351
2.50003, -328.3, -1714.03
4.62608, 1896.39, -1553.19
4.07406, 1665.47, 386.67
5.56218, 1214.25, -1869.5
3.83351, -401.599, -1089.49
4.39881, -1190.51, -121.646
5.43397, 1940.71, 585.735
5.95636, -283.292, -1034.09
7.26736, -920.203, -1144.85
4.89785, -585.569, -1911.81
3.60319, 750.339, -1464.04
5.33741, -1451.52, -892.591
6.09873, 869.404, 729.413
4.4953, -966.755, 1134.97
3.48326, -1382.18, 1989.44
6.66971, -1361.65, -1525.11
5.59561, -898.86, -1737.65
7.26866, -591.235, 342.543
3.23222, -28.8246, -563.305
5.38953, 82.6907, -921.081
7.26796, -783.745, 1449.67
3.62331, 1440.5, -1953.14
7.25137, -976.711, 1625.19
3.07874, 1603.91, -1037.58
2.58372, 58.9123, -527.839
3.90465, -693.995, -347.262
7.15042, 1301.45, 333.526
3.04796, 1490.84, 1743.73
6.77266, 62.2454, 1663.87
5.68532, -1454.31, -1465.71
5.63853, 819.197, -1422.77
3.80589, 1462.98, 1482.06
5.13936, -1902.26, 442.302
7.16608, -533.248, 1832.21
3.98055, 1848.26, 200.87
4.78006, 310.843, 916.536
6.35659, -1313.77, -1248.22
4.17193, 195.878, 229.752
6.31775, -78.9995, -1893.33
6.65892, -59.9914, 1887.52
2.64618, -1450.57, 1137.21
4.31315, 1431.84, -535.801
4.16221, 572.85, 921.856
3.17675, -1039.91, -613.352
3.00839, -614.136, 1247.77
5.11327, -1220.87, 1632.86
3.52046, 61.3229, -1070.49
5.00728, -1747.39, -1261.46
5.1371, 8.29671, 1924.21
4.13422, -540.242, -586.225
4.75888, 451.933, -892.279
6.85263, -15.0369, 1976.26
4.72884, 1293.31, 1731.16
6.03726, -918.319, -1842.79
6.83171, 1833.21, -1398.87
6.5822, 1744.2, 444.611
2.67504, 1794.82, 1674.77
3.8644, -1310.05, -472.056
5.21858, -846.186, -861.93
3.19942, -1989.94, -1093.29
5.57408, -1561.81, -1872.8
3.29182, -1392.04, -1211.94
4.41129, 197.562, 442.695
5.94997, -188.538, 379.385
3.21128, -777.07, 920.468
5.65284, -1570.52, 1591.22
3.15973, 400.617, 1873.34
7.13583, -1478.75, 500.903
5.53465, -1879.92, 1570.3
5.50388, -1844.45, 739.572
3.33635, 1220.11, -1063.33
3.301, -1726.79, -803.262
5.91628, 1250.18, -60.4351
5.1456, -1432.81, -28.6395
3.65264, -262.196, 1627.08
6.55373, -1004.84, -116.923
5.76477, -841.591, -1122.75
4.08597, -1099.7, -1166.39
2.53953, -525.899, -1633.62
3.49176, 1449.93, 1495.66
3.78831, -18.0738, 764.614
3.03825, 1786.52, 77.5696
3.49545, 266.531, -873.261
6.75079, 1607.51, -1544.77
6.63912, -1971.49, 437.565
6.76813, -1921.12, -1102.35
5.71027, 570.211, 1560.6
3.6787, 1461.13, -1982.01
6.80638, -1005.24, -1621.93
5.4745, 74.2161, -203.539
2.52745, 1015.67, -58.1439
6.84925, -1326.25, -946.531
7.37729, 1302.03, 213.841
5.59653, 759.861, 26.4263
3.85574, -1891.66, 758.945
7.46973, -317.151, -1272.2
4.60751, -1448.44, -1061.75
4.20537, -1590.54, -1231.56
4.80717, 722.972, -276.437
4.44822, 529.698, -757.592
4.613, -101.99, 1031.25
2.84879, 264.424, 573.769
5.5153, -122.067, -256.896
7.36114, -99.3896, 462.96
5.07406, -1393.51, -1073.36
7.45461, 1913.82, -275.595
5.84906, 1250.18, -300.724
4.01716, -1211.92, 141.871
3.47371, 1752.36, 1130.46
4.0109, -1418.64, -1877.35
4.93946, -669.293, 923.265
4.72438, 1059.81, 1955.05
5.7844, 638.782, -1885.92
3.74227, -1559.96, -1331.2
4.72007, 110.044, 1112.47
5.75894, -1383.55, 109.896
6.67472, -1426.89, 376.557
6.03698, 406.005, 1647.09
4.93928, -1744.61, -1202.95
6.72039, 800.326, -479.467
7.00296, -993.949, -365.033
6.33082, -1301.11, -1054.81
5.29453, 1256.82, 1696.2
2.70603, -50.9792, 191.599
5.46749, 1129.32, 130.558
2.68674, -1364.98, 1659.56
4.53488, 44.0557, 874.108
2.84243, -1954.72, -1765.18
7.38558, -1558.45, -1765.16
2.5956, -1036.02, -465.995
6.60363, -323.7, -550.951
5.2195, -744.406, 1759.76
5.72828, 1585.38, -664.958
3.62934, -521.516, 118.9
2.733, 1655.03, -1388.21
3.63154, 430.619, -1112.96
4.58371, -1267.13, 270.794
6.40126, 532.592, -1264.96
3.72852, -1845.04, 782.229
4.81411, 1322.23, 168.837
6.14756, 1858.57, 583.087
5.35237, -660.596, 1633.27
5.45997, 1855.5, 1856.41
4.98425, -1890.86, 562.641
3.951, 993.339, 216.418
4.71107, -9.94708, -451.838
2.53669, 1710.76, -791.51
7.41683, 1005.21, -723.52
2.52822, -1622.37, -287.757
4.8676, -191.945, 1472.13
5.86497, -620.243, -243.695
