6.27803, -1459.68, -1893.36
3.5948, 18.191, -241.341
5.89648, 740.715, -1760.84
5.09708, -574.965, 1790.86
2.76731, -1900.5, 1280.13
2.53849, 630.108, 105.685
4.58743, -1614.03, -494.463
7.15218, 376.141, 786.859
2.95982, 56.7603, 1393.17
6.00595, -381.4, 638.187
3.81226, 1072.12, 1594.11
4.14117, 943.166, -1757.27
7.45519, 925.037, 492.319
7.41275, -1035.88, -497.805
5.75759, 970.594, 858.548
6.92354, 513.307, -1646.55
6.33247, -293.786, -953.396
3.87453, -922.957, -117.491
4.93259, -1301.13, -604.197
2.80282, 1594.63, 1532.03
5.08146, 29.9429, 1535.02
4.96988, 1865.74, -742.413
7.23882, -1579.88, -943
4.42071, -51.017, -1659.98
5.14874, 1604.59, -968.373
2.75042, 1701.99, -126.558
6.63909, 1105.77, 1070.44
5.94228, -1808.75, -1444.27
6.18112, 517.037, 1451.64
6.94286, 1880.77, 911.208
4.25508, -704.188, -1018.7
6.72991, 368.798, 43.5937
3.84659, 1217, -258.872
4.83959, 153.038, -363.288
3.2686, -1295.46, -903.301
2.66527, 1272.02, 288.115
7.2768, -28.4443, 180.951
6.95369, 232.506, 949.887
3.29884, 1295.12, 460.004
3.15214, 851.017, -1119.24
2.515, -923.065, -1606.59
6.0491, -1748.08, -368.925
3.40448, -983.538, 1656.62
5.76029, 1544.62, -666.568
4.42907, 802.714, -1403.12
3.23766, -8.99679, -495.481
5.45054, 1211.53, 322.041
3.24076, 317.734, 1767.76
3.2091, -332.969, 1884.35
4.94257, -944.347, 222.675
3.13015, 1675.44, -114.186
5.64635, -672.389, -1145.91
5.60817, 559.421, -1427.68
4.88216, -985.374, 1155.42
2.64188, -1015.02, -520.323
3.21011, -245.794, 1539.8
3.15594, -386.361, 1715.14
3.31099, -1659.74, 1511.67
3.76529, -519.145, -1629.39
4.77654, 1060.84, -1447.84
6.54472, -175.917, -583.807
3.57624, 593.161, 1643.06
3.75063, 1593.25, 746.114
5.02978, -133.049, 1422.56
6.27922, 1213.58, 304.509
5.66369, 1709.22, -60.8896
5.9449, 1223.27, -270.138
7.27207, 1878.6, 909.237
5.18713, -822.342, 1422.24
4.57014, -1491.03, 51.9432
4.70019, 1484.76, 322.11
6.07821, 1437.87, 904.137
6.20858, 750.091, 1144.96
5.12494, 1518.56, -1880.88
6.06711, -1673.23, -162.458
5.91025, 633.916, -54.4196
6.82941, 1642.86, -1168.46
3.19597, 119.016, 1479.05
3.57766, 1829.81, -241.206
5.0733, -667.191, -304.553
4.83766, -173.247, 1420.86
3.55759, -479.481, 1210.96
5.65244, -1348.93, 1908.76
2.5044, -1822.55, 377.118
4.09589, 874.457, 1051.39
5.90281, 673.857, -205.435
6.0446, 1307.26, -1139.73
2.90869, -1581.07, 1269.51
3.56926, 534.984, 928.057
4.44412, -1619.84, -1124.9
4.44927, 1779.34, 1796.07
3.92018, 740.714, -915.841
4.6123, 1127.84, 1036.54
2.55658, -1295.52, -904.512
3.72027, 1819.94, -1251.78
4.49072, -1417.69, 1275.56
6.64177, -1320.87, 394.457
3.78584, 1876.94, -1407.35
3.59705, -1540.87, -986.878
6.47385, 745.25, 528.534
5.8476, 957.149, 771.635
5.49108, -1745.19, 637.777
5.99917, -725.587, -1059.81
5.13062, 1103.65, -1451.34
4.14833, 380.645, 208.356
3.30844, -1445.38, 755.141
6.56633, 1400.67, -39.4438
4.08004, 887.095, 239.52
4.05369, 55.8031, -1451.5
4.65424, 55.8681, 270.185
4.46509, -441.401, -949.285
4.43916, -43.1061, -329.777
4.34871, -1577.53, -945.204
5.88118, 643.218, -1044.24
6.10384, 836.395, 60.2366
7.20082, -131.306, 1746.84
5.08573, -163.562, -734.331
5.5282, -331.58, 621.667
5.85049, -1351.92, 1913.37
5.11404, 128.523, -586.227
3.87105, -1841.36, 1266.41
7.08924, 230.656, 561.999
3.73367, 1837.26, -895.101
4.77876, 708.61, 1294.57
3.30374, -1844.24, 1269.65
4.68319, 785.211, 725.473
7.45767, 897.912, 370.371
6.26931, -849.459, 775.105
4.97846, -1877.8, -1275.02
7.01651, -1308.43, -1566.43
4.68213, 975.034, 1061.45
5.09239, 316.139, -1885.93
4.44866, 181.87, -1643.74
5.63431, -392.658, -1163.55
5.19331, 765.205, 651.279
4.35955, 1288.41, -860.515
2.54674, -693.659, 689.702
6.3794, 68.7194, -1509.7
2.85317, -1744.62, -1154.82
3.98511, 843.095, -1366.8
4.78581, -106.338, -1680.9
3.25156, -184.729, 41.9175
5.97819, 1281.7, -844.937
4.15587, 740.089, 275.473
5.21197, 1906.14, -1673.95
2.64678, 1467.56, -1755.8
5.38086, 26.0156, -400.173
5.18133, 687.032, 933.682
7.36678, -1497.61, -1751.81
5.57063, -624.885, -1185.62
5.26431, -1448.04, 427.405
6.69051, -521.678, 1721.77
3.75764, -994.819, 1759.63
6.98957, 1193.61, -256.59
5.97428, 1024.27, -978.625
5.82752, -954.5, -161.307
3.06838, -1216.46, -1516.17
3.37987, -1855.4, 203.814
2.91253, -291.95, 335.469
6.68103, -449.806, 689.951
2.64818, 1889.38, -1537.16
6.34719, -40.6574, -1642.01
4.29829, -1022.48, 1697.43
6.24626, 51.6062, 1023.98
6.28385, 669.265, 628.397
3.60834, -1056.22, -1772.7
5.58305, 603.555, 307.845
3.66846, -1079.23, -458.336
6.22052, -1372.24, 552.774
5.80997, -1738.05, -1323.56
4.9209, 1835.85, -1475
2.58972, 1646.62, 379.083
4.98291, 904.133, 338.015
5.09587, -79.0243, -1720.49
4.71395, -1670.49, 999.244
4.14528, -50.2192, 1861.06
3.52671, 943.589, -197.896
7.19863, -445.85, -1202.16
2.85168, -988.396, 1803.14
3.30042, 65.1525, -1462.06
6.70788, -1495.79, 41.9627
4.13614, -307.693, -512.037
6.85942, 329.782, 837.745
5.99896, 1309.68, 1021.93
5.52801, 1716.94, -404.114
4.77536, 128.064, -465.072
2.91543, -912.768, -444.018
3.94883, -59.1824, -248.676
6.51009, -1152.72, -1537.73
6.81821, 709.168, 66.4861
3.81831, 810.402, -995.819
4.79881, -1587.89, -474.851
4.95672, 1197.53, -1029.24
5.82344, -925.868, -1900.85
7.31738, -1232.91, -351.667
7.23022, 1152.84, -1449.04
2.81902, 438.916, -1289.45
5.04829, -887.75, -553.431
6.13222, 1299.01, 1307.92
5.65882, 1134.06, -634.864
3.26658, -1796.83, -1835.66
5.09652, -1704.24, 1024.71
3.52281, -1065.19, 1647.74
6.03231, 787.945, -1650.25
6.05786, -936.536, -139.615
3.66304, -987.532, -463.444
6.80594, -56.4597, -229.285
2.67122, -188.296, 1822.24
6.26587, -1825.8, 163.456
4.14789, 1239.4, 289.653
4.65309, 105.007, -1026.25
7.33455, 1786.22, -423.486
4.05803, 1463.49, 1342.25
5.69762, 1837.31, -1370.56
5.95386, 1675.13, -114.18
5.36403, 83.443, 1243.46
6.60667, 1809.62, -1451.32
4.21807, -1747.11, -1359.7
5.09387, -1600.63, -1456.07
6.78438, 232.485, -1825.31
6.18587, 729.519, 58.5013
3.45992, -1722.66, 718.417
2.83145, -612.447, 646.179
3.60828, 1751.95, -1427.85
3.33656, 297.242, -347.028
6.31172, 734.603, -1779.05
5.44905, -1652.85, 771.094
4.65223, 1711.75, 1669.77
7.09618, 1281.96, 25.6479
5.09668, 914.982, 360.75
7.38058, -1379.92, -80.7238
5.15714, -898.889, 259.824
2.98716, 680.438, 689.318
5.83983, 385.577, 252.61
5.44444, 307.61, -22.7431
5.01137, -1341.17, -198.811
2.75808, -1784.14, 860.876
2.6753, -637.61, 42.7306
4.41484, -1527.99, -1037.76
5.55555, 382.702, 205.564
5.06574, 1093.49, 1698.24
5.98498, 672.584, -26.9788
4.89891, -13.979, -394.802
3.88323, 98.7137, 852.455
6.01685, -867.99, 386.402
3.67701, 1678.34, 59.1902
6.41501, 285.095, -361.622
6.60589, 673.894, 1604.66
3.21842, -971.962, 95.7079
5.75757, -998.634, 1538.12
3.87677, 1694.65, -1888.52
7.26215, -757.213, 1394.53
4.58238, -1471.29, 39.2213
3.03869, -248.092, 773.942
4.70633, -1543.7, 1065.98
6.28811, -820.28, -549.14
2.77803, -684.209, -580.17
3.51241, -26.0867, 258.788
6.82305, 1781.58, -1420.11
6.52456, -486.263, 34.1306
2.78861, -1328.78, -1293.86
4.40304, -111.981, -1411.8
4.56124, -221.957, 1465.36
2.80071, -727.773, 605.645
7.09746, 1587.8, 1248.31
3.35398, 1076.71, 1652.23
6.51634, -1849.8, 395.488
3.88599, 1431.31, 93.7856
4.44586, 330.711, 1485.23
7.19936, 142.231, 1226.96
6.24573, 374.304, -386.97
3.44774, -675.099, 1489.23
6.89581, 838.784, 949.959
6.8953, 810.403, -1607.2
3.30515, -1596.76, -500.136
5.87346, -1563.43, -359.156
6.89096, 1272.58, 277.462
6.98262, 496.99, 1052.82
3.06535, -1.67027, 1468.43
5.93789, -454.289, -491.147
3.21651, -1448.7, -1463.8
3.6901, 771.006, -73.1887
5.64383, 1816.03, -418.032
4.312, 1589.79, 740.001
4.64437, 1161.82, 1420.16
4.91936, -43.945, -1638.2
6.20379, 30.9548, -246.271
3.23098, -738.61, 1654.74
7.36238, -1657.74, -1486.09
7.3158, -1024.89, -426.709
3.14741, -1153.97, 1291.99
5.3784, -571.599, -1187.29
4.66439, 315.497, -329.967
5.50066, -450.711, -439.105
5.85098, -1334.9, -173.918
4.5137, 800.062, 1920.66
6.46691, 1330.89, 1330.14
4.89889, -1870.68, -485.467
5.72449, 598.586, 519.779
4.28836, -529.506, 1210.7
5.96794, -640.614, -436.868
5.83428, -831.306, -1342.4
3.22071, -828.812, 1415.38
7.10415, -1826.59, 375.224
4.22228, 74.4607, -459.523
6.66824, -799.866, -935.385
2.74349, 598.996, -1433.37
3.27936, -492.002, -108.896
2.55765, 649.048, 960.982
3.94327, 224.462, 1159.33
5.07295, -677.494, -303.995
3.65948, 1339.99, 864.823
2.75022, -497.551, -118.082
5.33091, -1206.78, -1574.3
6.69774, -314.773, 1281.19
4.28763, -1261.14, -899.442
4.3452, 329.631, 1698.54
7.22226, 525.048, -136.616
4.72425, -1752.45, -318.249
6.82086, 917.406, 309.303
5.82654, -1549.26, -1440.54
5.79297, 349.643, 1302.47
7.10736, -1879.05, 1882.73
5.11536, 1880.8, -1268.1
5.45229, 886.729, -883.473
5.79944, 1319.49, 1312.43
4.24765, 541.491, 946.432
4.11714, 634.888, 105.808
7.08984, -238.227, 1450.34
3.08619, 1842.02, -899.333
7.31268, 1204.8, -256.365
5.17978, 113.956, -571.474
5.81447, 1578.62, 1275.3
5.48362, 1729.12, -994.964
6.93363, -1015.27, -1445.63
6.67999, -1303.82, -1193.52
6.69339, 498.759, 372.506
6.85642, -344.751, 591.968
2.5002, -1543.9, 661.142
4.77274, 544.422, 664.489
4.25696, -1853.27, 386.618
5.80713, -506.247, 1390.12
6.22234, -1767.28, 299.675
3.3821, -319.913, -950.595
7.4621, 1599.98, -1537.47
5.95466, -1829.52, 385.523
6.97862, 295.646, -42.75
3.51579, 674.724, -195.458
7.2356, -957.731, -73.4419
4.88476, 1742.95, -951.214
6.78578, 1804.64, -1533.69
6.41237, -1812.6, -1133.57
5.70687, 1804.5, -1748.65
3.14521, -1419.48, 336.442
5.77944, 17.4605, 1324.35
3.09199, 112.367, 0.952456
3.88793, 616.206, 1559.06
6.65548, -505, -503.761
6.14153, -1475.24, -1013.88
6.74348, -1204.94, 583.079
3.43989, -1482.15, -1738.02
6.09602, 1114.87, -606.265
4.25586, 315.964, 607.668
3.34555, -841.648, -1382.79
4.52383, 670.78, -1041.49
4.20924, 324.326, 1471.12
6.67141, 690.58, -260.122
3.9111, 1397.92, 1176.97
5.16766, -1274.31, -899.309
6.25085, 1884.63, -1703.21
4.62554, -1308.75, -1492.42
4.66964, -1066.99, 1099.75
3.03022, 1690.7, -1830.97
6.4639, -58.6769, -867.077
3.91232, -1188.55, -929.948
7.14264, -1139.68, -473.194
5.37926, 484.162, 1022.24
3.4895, 1636.02, -592.305
5.99081, 1132.3, -1468.22
3.07265, 974.606, -1813.49
4.22945, 557.018, 1499.93
4.15646, -1130.64, -460.163
6.42735, 1654.19, -1864.13
6.65775, 916.784, -424.463
4.21712, -1457.82, 1493.79
4.2603, -519.876, 1745.32
6.38197, 259.097, -1528.57
6.58658, 0.996986, 1367.29
4.26157, -303.055, 577.766
7.09559, -808.554, -568.57
3.2877, 1032.25, 488.541
5.56029, -925.264, 1164.42
5.54222, -828.684, 1415.94
3.16647, -484.852, -1432.22
3.51409, -1435.9, -1009.47
4.79457, -1673.34, 1027.02
3.48759, -971.889, 1789.05
6.77118, -1648.57, 735.438
6.54562, -1517.48, -1319.48
2.80131, -1755.95, 1708.79
6.50584, -1420.31, 1271.56
5.49597, -334.288, -1045.44
7.43182, -1763.8, 490.698
2.65919, -266.087, 1312.15
6.8356, 1787.55, -1426
3.69109, 1250.3, 636.317
3.6127, 366.673, 796.066
4.73907, -1793.65, -1103.71
2.61231, 1699.17, -355.712
6.79755, -552.08, -30.5047
4.15902, 445.132, 1112.29
5.72195, 580.273, 581.858
7.43521, -1824.18, -1001.12
5.30162, 571.045, -1147.84
4.74553, -1511.35, -494.05
5.213, 308.427, -1409.84
2.90797, 1575, -66.9425
3.99606, -1590.65, -475.492
6.63964, 1564.48, 1292.53
6.48936, 1223.92, 1781.58
5.71048, -228.489, 1361.72
4.84105, 1239.4, 732.269
7.15326, -387.817, -1108.31
5.08798, -492.591, -95.2482
7.42924, 1589.48, -1002.33
5.94567, -109.277, -1370.49
6.19966, -311.854, -959.162
3.46323, -797.348, -1794.65
6.08881, -917.509, 1199.57
6.11146, 1147.43, -310.773
6.49298, 556.877, 296.111
4.23216, 503.566, -1922.23
5.1481, -51.5243, -221.861
3.19001, 1459.27, -672.348
6.73218, -429.394, -484.456
6.32766, -68.6992, -1693.44
7.5, 1775.18, -856.012
4.24891, 971.987, 1928.73
5.50367, -1179.14, 1120.09
3.50808, -984.006, 123.941
6.2385, 84.5623, 315.917
6.49225, 1869.64, 439.575
3.03505, -1394.11, 211.885
5.35813, -1020.5, 83.9888
2.84683, 718.028, -720.548
4.16036, 1385.03, 1376.56
5.80945, 935.507, -1386.93
5.27726, 276.612, -349.064
7.12415, 455.4, -20.7268
2.69832, -930.82, 416.874
2.62083, -583.738, 441.878
4.61923, 454.317, -1284.27
4.36987, 918.689, 273.55
2.93303, -451.158, -494.53
3.05403, -267.071, 334.879
5.31992, 707.047, -679.588
7.37269, 20.5485, 1433.19
3.05066, -99.6941, -1689.17
5.99352, 200.254, 1876.96
2.79674, -139.288, -1398.29
4.69755, 1665.64, -163.163
5.24651, 1924.87, 1406.07
3.45129, 1348.07, -1467.94
7.36597, 667.245, 630.839
3.19593, -1340.58, -133.903
5.48978, 1770.03, -895.316
7.12812, -1708.84, 1402.97
3.91116, -139.622, 1736.58
6.8307, -326.84, -169.275
6.29598, -402.814, -1156.27
6.10793, 680.574, 1203.46
3.34241, -685.332, 710.53
3.32882, 1583.22, 751.153
3.39076, -1295.66, -1907.28
5.87226, 638.083, -1154.42
4.83484, -641.158, 44.5787
6.85219, -1575.2, -711.704
5.76023, -1328.56, -182.393
5.80464, 1484.52, 1699.04
2.58037, -1324.92, -1194.41
4.30596, -1508.22, -1321.69
3.72747, 1816.21, 183.052
6.93086, -1800.14, -1815.18
5.23701, 1644.47, 1569.33
6.57209, -91.8014, -1276.56
5.24453, 337.488, 1680
4.16156, 980.797, -101.248
4.40213, 1.27578, -1298.31
2.52389, 1800.46, 1261.52
6.95226, -169.532, -798.73
6.16955, -935.687, 1335.14
6.04239, -250.372, 1324.56
5.1278, 152.755, -377.659
6.41065, -342.254, -1577.7
3.42484, -791.828, -880.355
5.72673, 519.628, 935.263
3.42178, -1292.91, -572.292
3.31214, 45.6534, -227.728
2.65594, -367.483, 1674.55
7.42716, 270.163, -1346.78
4.04559, -623.37, -1370.3
4.11075, -1325.75, -568.278
5.51155, 541.642, -427.286
2.89107, -648.43, -1792.06
3.93936, 8.36403, 130.277
5.79307, -314.994, -961.995
7.36348, -1860.86, -719.366
7.27758, -724.213, -1534.06
7.42745, -1304.64, -595.456
7.30478, -1758.45, -1404.66
3.0073, -1032.64, 1096.17
3.71505, -286.26, -933.074
6.91151, 212.045, -798.303
5.28805, 676.849, 1322.04
6.7669, 1573.85, 1047.43
7.49145, -1057.34, 1100.58
3.99751, -431.263, -944.275
6.33157, 1908.24, 855.756
4.81901, 576.782, -329.883
6.8168, -1288.54, -1518.27
6.99018, 1688.11, -57.2273
7.377, 504.354, -786.547
2.77405, 1206.51, 337.125
6.32605, 1810.68, -1262.35
5.09219, -1819.57, 1469.73
3.46574, 1880.56, -392.383
6.98252, 450.525, -1099.38
6.38492, -1667.24, 202.647
2.75968, 800.865, 1056.89
7.47331, -1631.87, 1500.53
5.93659, -136.572, -859.299
5.94854, 1740.23, 989.871
6.57666, -1313.99, 1607.36
7.05426, -124.747, -954.768
3.34218, -402.936, 737.275
5.24183, -1195.01, 1556.42
6.53351, -1008.73, -448.106
4.17803, 652.302, -1027.86
5.53435, -202.215, 63.8855
6.59602, -1784.31, 675.521
7.3485, 123.025, -473.568
6.29349, 1106.73, 1021.14
3.72113, -298.048, -210.657
5.80589, -1141.53, 768.89
4.21574, -937.484, -412.543
7.27146, 726.059, -764.641
2.60828, 1577.85, 1086.16
4.54979, -1765.12, 1840.74
2.55789, 1132.78, -1353.76
3.04964, 1734.64, 399.271
5.28259, -1619.17, 202.636
4.45466, -8.47569, -484.412
7.20539, 240.107, -367.683
2.55572, 364.713, 739.345
6.22897, -373.55, -921.719
3.84293, 275.63, 273.948
4.27153, -1311.83, -1498.2
3.45835, -890.011, 1254.88
5.14832, 599.657, -280.981
4.39478, -128.829, -1686.5
3.16407, -55.7349, -1646.6
4.26563, -338.388, -1043.39
4.2497, 1554.05, 1910.81
7.41084, 1238.21, -259.116
5.25961, 284.611, -715.179
4.99918, 87.6591, -1432.05
3.58531, -1658.85, 831.656
4.37311, -499.151, -1233.47
6.78251, -1304.09, -899.237
6.45578, 1599.68, -1037.76
3.9204, -1040.28, 1778.06
5.07645, 878.429, 246.846
6.79238, -527.044, 28.0647
7.07844, -1750.3, -390.089
7.48941, 266.854, 1764.11
6.53177, 278.809, -348.448
5.22718, -1794.19, -313.034
7.3461, 303.654, -1434.79
5.31931, -1156.62, 730.317
4.03031, -894.367, 1291.32
5.41853, 1801, 1789.27
2.91197, 142.182, -571.069
5.47382, 680.352, 1179.24
3.31968, -1141.12, -1162.05
6.46527, -1284.38, -963.054
2.95373, 1200.09, 1383.27
6.3072, -972.341, -1360.43
6.83996, -568.977, -31.6918
6.40105, 323.374, -672.504
6.61399, 1831.19, 1782.84
6.70974, 736.111, 1085.94
4.48328, 956.836, 496.486
6.508, -300.211, 334.859
6.56811, 742.963, -85.1565
5.43493, -803.807, 183.408
4.64621, 1537.26, -55.3781
2.5002, -72.4658, -883.597
5.31153, -1597.29, 656.714
6.22632, 712.199, 671.61
3.89846, 1803.32, 542.773
2.93406, -1884.96, 1113.55
3.5733, 1708.25, -1736.32
3.93296, -948.597, 1191.81
4.86595, -764.716, 920.741
6.95893, 1677.79, 1646.41
5.91955, 998.434, -970.937
3.54376, -17.345, -234.063
6.67533, 1549.14, -7.59142
7.09218, 1821.99, 1773.45
4.48244, -1002.79, -1352.51
6.37858, 1096.19, 1047.67
5.68161, -247.094, -186.945
6.64746, 963.086, 517.736
3.40204, 1080.71, -930.917
7.45927, 1097.14, -1485.44
6.70558, -282.461, -1623.9
4.65177, 1734.7, 498.98
4.38589, 1190.48, 1711.54
2.70802, 1243.38, -991.929
6.80715, -1514.34, -1053
6.62116, 1779.43, -1770.25
6.25052, 57.4037, 1443.04
3.55801, -349.246, 1871.15
4.31029, -1562.91, -352.468
4.43545, -1206.13, -1531.14
7.32918, 1595.6, 1246.71
6.5872, -267.526, 1329.7
4.5755, -144.155, 878.826
5.83759, 392.167, 302.282
2.52101, 991.545, 1852.27
6.98048, -1440.22, 427.099
3.68416, -716.237, 707.25
3.79415, 699.764, -234.703
5.4939, 756.979, -1388.51
6.89823, -1646.83, 735.911
6.16299, -1155.8, -1160.33
6.0773, 1714.9, 1146.33
3.57724, -1177.93, 967.334
6.30413, 1369.44, -1881.6
3.85351, -375.016, -1019.79
2.75246, 1295.99, 631.522
4.78866, 613.75, 548.12
2.58759, 851.039, -1492.65
3.01129, 87.392, -420.602
2.639, -309.832, 584.574
5.65921, -715.301, -1077.35
6.34425, 137.746, -478.629
2.74132, 1080.07, -1633.6
6.6924, -51.3075, -1245.1
6.76899, -483.896, -540.534
6.57649, -982.182, 1131.92
6.85188, 1577.57, 762.684
5.27222, -1237.14, -297.69
6.12646, -487.685, 10.7441
3.20424, -985.505, 1753.52
6.6115, 1153, -1008.95
5.51185, 1403.11, -374.16
4.93856, 968.17, -1779.04
6.14942, -537.561, 1769.91
4.05164, 1509.96, -1315.74
3.93925, -1404.97, 669.163
5.45857, -1827.53, 1510.89
5.34055, 1210.15, 1667.26
5.41059, -1841.32, -1113.27
2.84132, -1343.09, 584.891
4.34304, 286.201, -689.536
6.28475, -1866.6, -1118.58
6.35297, -904.683, -1694.86
4.27217, -790.318, -547.1
5.98913, 427.079, 1799.79
5.08005, -1303.84, -583.972
5.94494, 706.313, 295.214
6.18066, -161.384, 1249.46
2.56231, -658.16, -1307.48
7.16549, 1273.05, -302.577
5.37826, 277.302, 223.117
3.05587, 951.318, 1922.33
4.87388, -212.572, 46.8707
3.24247, 492.825, 164.849
4.22594, 112.537, 872.087
7.04476, -1757.38, 303.423
4.54571, 15.869, 1065.6
5.96642, -1347.27, -183.812
3.35865, 734.068, -1719.61
6.21715, 1730.17, -983.244
4.16319, -855.153, 1332.23
4.62157, 1256.73, 624.256
2.79523, -327.882, -195.478
5.09005, 546.8, -430.812
5.94425, 909.141, -1135
5.01149, -561.028, -31.6417
6.56617, -364.158, -1465.59
3.07974, 193.361, -1804.82
5.24841, 554.022, 935.703
5.06046, 723.516, 64.162
6.02649, 1857.24, 901.63
5.65083, -504.386, 1742.93
4.0207, -95.8942, -1270.59
6.74719, 795.825, 695.117
3.39619, 1244.02, -58.2603
2.61737, -1008.73, -191.95
4.19467, 1384.9, 83.2342
3.43818, 747.956, -259.631
6.60467, -565.322, 321.579
6.72507, -1793.95, -374.88
6.78031, 1674.3, -1387.72
7.37454, -1831.69, 1280.62
2.99587, 850.453, -871.489
2.56182, 1133.65, 1272.66
2.58614, 450.22, 1104.22
2.64527, 442.839, 205.496
4.1031, 296.588, -709.523
6.17815, 1219.88, 579.557
3.14876, 708.211, 925.633
2.5161, -752.826, 971.228
6.91905, 270.469, -1577.58
3.70482, 399.902, -1092.21
4.38481, -1623.82, 1471.63
4.44879, 1280.23, 230.693
2.81534, 1229.61, 597.324
7.30792, 373.317, 1802.97
3.75349, 1415.32, -700.624
6.85376, -1346.64, -161.626
2.85991, -1776.82, 761.386
2.70653, -1164.47, 1162.15
3.46378, 655.043, -1052.84
3.86708, -599.316, 611.3
7.4007, -1885.59, -704.36
3.60607, 689.46, -1010.45
6.43119, -1730.02, 1667.44
4.42306, 540.381, -812.65
3.78593, 920.103, -1253.71
3.91087, -1802.39, 119.463
7.33834, 1778.79, -101.937
4.22841, 1432.99, 307.377
3.45922, -1873.96, 1454.46
5.05037, -1091.25, -734.886
5.21857, -1074.98, 1221.48
5.72333, -1315.42, -1186.09
3.89738, 6.60184, 1516.03
3.41887, -610.057, -1373.15
2.71579, -1695.88, 729.959
3.98408, -916.463, -472.47
4.25548, -459.183, 262.834
7.09372, -840.948, 1316.91
5.81225, 992.167, -703.639
5.08041, 1725.44, 1121.33
4.03763, 1165.29, 1114.05
3.0007, -664.047, 288.462
3.47502, 729.382, -1788.79
4.11407, 67.6982, -213.768
5.56182, 1809.22, 181.624
5.13511, 1876.04, -1909.72
3.45653, 627.164, 538.839
4.7178, -1271.65, -895.138
4.48693, -1344.94, 1622.58
6.28051, -1181.21, 1492.72
6.6213, 1450.84, 1206.14
5.51573, 269.839, -747.203
3.04573, 1173.28, -1581.35
4.11797, 939.962, -330.562
5.03403, 41.1581, 615.56
4.76521, -1329.88, 1586.5
4.77315, -346.212, -926.91
4.91125, 1826.6, 1825.15
5.07896, 724.285, -1296.78
4.50207, 362.521, 1586.95
4.22945, 1892.64, 846.327
6.64533, 1816.79, -414.594
3.02204, -1401.92, -1518.91
6.40057, 1072.87, 1066.15
3.19919, -583.681, -465.321
2.62171, -1532.38, -1033.47
6.0664, 776.794, -1385.2
7.15538, 289.99, -1579.97
7.47667, 438.729, 334.816
3.86264, -1786.65, 305.275
3.6923, -1034.82, -497.838
3.87328, 1841.59, 1216.23
5.70836, -1765.03, -1459.36
5.17637, 591.336, 250.99
6.8967, 1591.78, -587.44
6.75968, -1277.43, -1568.79
2.98004, 1661.38, -148.342
4.66818, -1448.56, 469
3.17045, -333.514, -1466.13
5.86802, -367.364, 624.131
5.34964, -77.2611, -886.593
3.66474, -1122.25, 1143.24
5.50306, 510.631, -1325.38
2.6551, -1530.78, -29.902
7.08512, 1082.81, -571.482
3.82958, 1703.08, -370.323
6.50016, -350.809, -1064.93
5.46389, 224.101, -1480.97
5.0822, 677.348, 1216.65
5.2567, 737.947, 1206.24
3.47225, 914.338, -449.635
5.36152, 303.124, -1417.51
3.81992, 342.118, 794.193
4.41648, -1562.04, 1045.33
2.73626, -1490.71, -1748.2
4.22823, 1137.47, -1358.12
3.61594, 1281.24, -873.72
3.81264, 29.6126, -1421.44
3.05141, -817.853, -870.515
7.40088, -1359.19, -7.6907
5.93794, 1551.95, 1245.05
5.82158, -1091.23, -737.139
5.99501, -1171.09, -1335.96
2.68746, -1655.17, -1484.36
3.6706, -1301.24, -1516.28
3.95397, 1479.41, 1341.51
3.50543, 17.8127, -413.883
2.7177, 694.95, 594.317
2.56571, -1062.79, 1117.55
6.07297, -998.343, 1539.26
6.88348, -1698.27, -1194.3
5.35088, -1750.32, 632.401
6.92743, 1714.66, 1673.85
5.20042, -733.791, -540.567
3.31357, 1760.22, -1262.31
3.30492, 1862.45, 894.583
7.19182, 602.668, 517.724
3.45628, 1046.76, -1626.55
3.15761, -18.2822, -233.573
4.41122, -472.936, 67.9337
6.12674, 557.592, -417.708
2.50651, 1096.11, 1690.52
4.60222, 62.1822, 1444.18
5.18984, 523.006, -464.839
4.86596, -461.426, 476.063
6.33003, 1097.23, 1689.94
2.9396, 1065.68, -947.633
7.04284, 290.635, 649.305
3.20818, -1657.34, -814.125
2.54782, 722.036, -59.996
2.82267, 536.477, 913.953
4.96742, 748.9, 440.549
5.40914, 1036.12, 1915.79
4.03373, -1837.31, 1078.3
4.57091, 1687.18, -109.504
4.33401, -1202.17, -1298.07
3.42687, 301.973, 1296.79
2.76788, 1242.57, 286.397
4.47222, 1030.22, -108.218
3.98388, -674.068, -257.431
5.05388, -774.916, 1616.96
3.75392, -1463.34, 451.691
5.01589, 1819.72, 1816.59
2.51168, 25.1467, 1574.99
7.01807, 1881.38, -882.99
2.79181, -1842, -1854.87
5.17506, -1240.72, 1575.91
3.95754, -763.76, 1678.88
7.3023, -1573.47, -508.636
4.73406, 705.898, -206.46
5.08479, 1707.85, 358.867
5.93861, -481.874, 11.4878
2.72187, -317.144, 117.913
7.2946, -1561.12, 1188.75
5.70852, 754.477, 289.077
2.80215, 1162.17, -1488.78
3.33964, 143.277, 526.133
5.76491, 968.268, -441.893
6.19864, -1544.08, 662.363
3.57011, 1638.28, 425.596
4.31441, 275.498, -1607.47
6.56981, -1287.41, 1823.05
5.32057, 1610.69, -919.198
7.45886, -94.4989, -1702.01
6.5669, -1525.77, 736.254
3.49157, -1914.83, -36.9098
2.50003, -302.092, -1622.56
4.62608, 1802.21, -1422.65
4.07406, 1655.81, 404.176
5.56218, 1199.13, -1812.35
3.83351, -326.992, -1034.54
4.39881, -1182.14, -145.736
5.43397, 1815, 582.16
5.95636, -242.363, -933.646
7.26736, -858.842, -1105.17
4.89785, -591.698, -1833.35
3.60319, 765.612, -1398.53
5.33741, -1379.98, -950.651
6.09873, 737.442, 681.364
4.4953, -951.828, 1166.85
3.48326, -1362.32, 1886.4
6.66971, -1305.64, -1498.84
5.59561, -902.816, -1715.39
7.26866, -552.195, 354.862
3.23222, 18.8843, -410.796
5.38953, 35.6154, -887.839
7.26796, -860.849, 1393.68
3.62331, 1412.1, -1957.33
7.25137, -976.171, 1575.42
3.07874, 1549.48, -978.739
2.58372, -6.1284, -427.363
3.90465, -668.732, -337.023
7.15042, 1251.18, 268.249
3.04796, 1529.51, 1715.21
6.77266, 4.95969, 1527.22
5.68532, -1411.12, -1433.93
5.63853, 815.384, -1409.26
3.80589, 1434.15, 1364.61
5.13936, -1817.72, 424.962
7.16608, -463.345, 1740.19
3.98055, 1783.82, 233.32
4.78006, 369.432, 801.515
6.35659, -1326.04, -1163.6
4.17193, 269.263, 216.859
6.31775, -98.8305, -1685.91
6.65892, -52.6337, 1811.92
2.64618, -1444.91, 1121.16
4.31315, 1398.69, -519.232
4.16221, 553.517, 957.984
3.17675, -1015.07, -478.02
3.00839, -589.144, 1234.39
5.11327, -1174.9, 1584.35
3.52046, 64.8085, -1019.6
5.00728, -1699.53, -1198.97
5.1371, -36.5855, 1879.54
4.13422, -530.599, -572.485
4.75888, 474.515, -824.352
6.85263, -65.1555, 1834.73
4.72884, 1209.3, 1675.81
6.03726, -901.521, -1713.92
6.83171, 1765.76, -1380.52
6.5822, 1668.25, 421.029
2.67504, 1662.62, 1671.87
3.8644, -1253.41, -499.588
5.21858, -829.654, -842.548
3.19942, -1775.13, -1125.87
5.57408, -1471.03, -1791.59
3.29182, -1176.41, -1220.82
4.41129, 214.102, 431.496
5.94997, -195.555, 366.283
3.21128, -805.087, 954.018
5.65284, -1565.82, 1518.78
3.15973, 322.63, 1827.59
7.13583, -1436.26, 405.719
5.53465, -1836.8, 1567.58
5.50388, -1778.9, 727.84
3.33635, 1149.4, -1019.35
3.301, -1673.26, -801.792
5.91628, 1189.51, -46.3983
5.1456, -1378.16, -11.8847
3.65264, -245.316, 1482.97
6.55373, -973.589, -118.048
5.76477, -826.534, -1092.56
4.08597, -1189.64, -1179.33
2.53953, -504.532, -1586.04
3.49176, 1436.69, 1391.9
3.78831, 11.7026, 748.685
3.03825, 1723.35, 66.7085
3.49545, 236.748, -826.208
6.75079, 1600.22, -1540.75
6.63912, -1810.43, 424.039
6.76813, -1859.78, -1083.23
5.71027, 598.846, 1540.47
3.6787, 1412.09, -1953.93
6.80638, -1007.29, -1555.23
5.4745, 28.5436, -253.316
2.52745, 1020.87, -126.114
6.84925, -1288.49, -900.464
7.37729, 1259.56, 248.022
5.59653, 724.53, 51.1058
3.85574, -1786.41, 720.978
7.46973, -367.739, -1178.54
4.60751, -1373.45, -1016.33
4.20537, -1565.39, -1207.22
4.80717, 687.98, -207.598
4.44822, 506.388, -825.534
4.613, -53.858, 1020.45
2.84879, 252.121, 608.084
5.5153, -67.9759, -239.895
7.36114, -101.055, 427.783
5.07406, -1419.19, -1001.49
7.45461, 1835.24, -262.724
5.84906, 1237.29, -296.062
4.01716, -1200.13, 121.008
3.47371, 1672.98, 1163.08
4.0109, -1476.61, -1786.49
4.93946, -686.487, 905.985
4.72438, 1016.84, 1884.65
5.7844, 670.922, -1798.35
3.74227, -1487.96, -1389.26
4.72007, 99.43, 1088.87
5.75894, -1389.73, 6.71081
6.67472, -1413.77, 484.982
6.03698, 374.783, 1615.89
4.93928, -1683.9, -1236.62
6.72039, 781.508, -439.137
7.00296, -1019.95, -442.062
6.33082, -1330.98, -988.937
5.29453, 1307.82, 1764.33
2.70603, -16.319, 120.329
5.46749, 1107.26, 148.186
2.68674, -1226.77, 1571.25
4.53488, 136.063, 856.971
2.84243, -1888.59, -1733.02
7.38558, -1511.84, -1818.96
2.5956, -965.784, -549.465
6.60363, -337.832, -530.16
5.2195, -758.642, 1664.54
5.72828, 1510.75, -680.68
3.62934, -527.646, 26.6346
2.733, 1751.34, -1433.17
3.63154, 418.013, -1076.91
4.58371, -1268.98, 260.685
6.40126, 514.089, -1232.06
3.72852, -1821.94, 687.164
4.81411, 1250.43, 307.089
6.14756, 1860.97, 573.647
5.35237, -673.756, 1593.81
5.45997, 1815.52, 1839.19
4.98425, -1771.39, 547.897
3.951, 900.187, 311.575
4.71107, 13.7223, -503.297
2.53669, 1671.14, -808.286
7.41683, 974.197, -697.803
2.52822, -1524.46, -397.096
4.8676, -204.09, 1481.44
5.86497, -653.237, -262.553
