6.27803, -1471.8, -1985.73
3.5948, 121.895, -183.325
5.89648, 720.783, -1805.5
5.09708, -472.553, 1756.16
2.76731, -1867.69, 1312.33
2.53849, 681.304, 91.1376
4.58743, -1713.27, -464.371
7.15218, 357.18, 752.302
2.95982, 101.987, 1383.92
6.00595, -318.32, 637.149
3.81226, 1056.81, 1633.58
4.14117, 943.242, -1802.01
7.45519, 1019.28, 521.295
7.41275, -1009.57, -536.429
5.75759, 1007.53, 886.335
6.92354, 524.658, -1700.52
6.33247, -241.647, -899.744
3.87453, -1028.55, -100.774
4.93259, -1356.91, -597.166
2.80282, 1642.17, 1576.51
5.08146, 14.729, 1606.87
4.96988, 1935.19, -726.169
7.23882, -1628.55, -937.675
4.42071, -3.93601, -1693.01
5.14874, 1647.17, -898.177
2.75042, 1748.57, -125.877
6.63909, 1087.46, 1078.78
5.94228, -1920.27, -1491.5
6.18112, 517.78, 1469.73
6.94286, 1973.86, 900.057
4.25508, -761.532, -1070.27
6.72991, 365.013, 51.9597
3.84659, 1324.98, -323.722
4.83959, 143.536, -348.587
3.2686, -1301.51, -866.37
2.66527, 1225.31, 283.581
7.2768, -13.9637, 147.812
6.95369, 220.438, 987.171
3.29884, 1357.86, 494.185
3.15214, 857.318, -1144.65
2.515, -904.634, -1631.7
6.0491, -1899.37, -352.404
3.40448, -1022.88, 1737.29
5.76029, 1544.25, -722.412
4.42907, 731.556, -1396.59
3.23766, -17.1775, -459.897
5.45054, 1361.97, 344.049
3.24076, 243.794, 1818.42
3.2091, -362.594, 1924.29
4.94257, -985.114, 254.127
3.13015, 1792.96, -137.719
5.64635, -715.776, -1193.18
5.60817, 600.794, -1484.39
4.88216, -998.556, 1203.5
2.64188, -1134.04, -471.382
3.21011, -274.379, 1604.45
3.15594, -362.239, 1779.46
3.31099, -1650.22, 1512.64
3.76529, -536.066, -1703.96
4.77654, 1159.83, -1474.04
6.54472, -188.562, -599.353
3.57624, 604.532, 1715.46
3.75063, 1633.57, 726.391
5.02978, -116.568, 1440.57
6.27922, 1269.7, 368.555
5.66369, 1821.06, -137.347
5.9449, 1270.61, -260.072
7.27207, 1938.19, 819.44
5.18713, -850.44, 1437.47
4.57014, -1567.75, 69.8719
4.70019, 1502.09, 312.11
6.07821, 1471.62, 916.857
6.20858, 816.28, 1194.58
5.12494, 1540.7, -1918.12
6.06711, -1729.97, -148.863
5.91025, 667.77, -43.1367
6.82941, 1662.99, -1197.11
3.19597, 169.372, 1548.81
3.57766, 1939.67, -202.588
5.0733, -727.961, -224.253
4.83766, -235.528, 1499.88
3.55759, -533.413, 1222.53
5.65244, -1384.35, 1963.34
2.5044, -1937.73, 417.981
4.09589, 904.787, 1087.75
5.90281, 726.113, -307.218
6.0446, 1340.33, -1173.53
2.90869, -1616.24, 1308.71
3.56926, 530.606, 1060.65
4.44412, -1667.64, -1142.09
4.44927, 1803.36, 1805.7
3.92018, 764.65, -921.777
4.6123, 1128.36, 1101.05
2.55658, -1229.41, -871.045
3.72027, 1867.8, -1228.51
4.49072, -1436.48, 1304.71
6.64177, -1295.87, 402.374
3.78584, 1944.41, -1375.76
3.59705, -1608.46, -1080.15
6.47385, 779.088, 537.157
5.8476, 1004.05, 782.94
5.49108, -1778.26, 567.849
5.99917, -728.32, -1083.26
5.13062, 1054.37, -1521.21
4.14833, 374.038, 205.563
3.30844, -1429.76, 804.343
6.56633, 1435.31, -56.0369
4.08004, 958.902, 231.384
4.05369, 107.491, -1465.29
4.65424, 69.6081, 334.841
4.46509, -496.281, -955.555
4.43916, -101.203, -235.648
4.34871, -1673.44, -887.432
5.88118, 685.9, -987.725
6.10384, 903.95, 56.4057
7.20082, -139.044, 1785.95
5.08573, -159.119, -715.713
5.5282, -386.744, 646.281
5.85049, -1381.6, 1970.62
5.11404, 160.547, -615.752
3.87105, -1902.79, 1281.35
7.08924, 190.344, 569.809
3.73367, 1866.62, -923.62
4.77876, 767.507, 1365.12
3.30374, -1911, 1285.58
4.68319, 825.281, 816.258
7.45767, 992.981, 341.503
6.26931, -877.363, 781.607
4.97846, -1968.62, -1309.87
7.01651, -1310.3, -1674.35
4.68213, 984.605, 1121.53
5.09239, 336.055, -1962.27
4.44866, 176.529, -1720.49
5.63431, -444.763, -1135.99
5.19331, 828.336, 636.368
4.35955, 1265.23, -876.215
2.54674, -739.897, 731.468
6.3794, 81.6045, -1575.07
2.85317, -1772.99, -1122.88
3.98511, 888.746, -1359.39
4.78581, -85.4629, -1782.69
3.25156, -192.45, 82.2082
5.97819, 1344.81, -866.633
4.15587, 724.596, 306.586
5.21197, 1939.56, -1759.6
2.64678, 1448.02, -1949.64
5.38086, -51.19, -472.109
5.18133, 733.903, 946.73
7.36678, -1517.62, -1847.73
5.57063, -596.516, -1236.55
5.26431, -1490.52, 412.931
6.69051, -535.124, 1814.89
3.75764, -980.555, 1862.39
6.98957, 1250.83, -280.815
5.97428, 1013.56, -998.1
5.82752, -946.414, -190.324
3.06838, -1158.1, -1543.45
3.37987, -1959.19, 190.255
2.91253, -272.478, 388.062
6.68103, -492.288, 741.071
2.64818, 1886.38, -1557.7
6.34719, -14.6786, -1692.23
4.29829, -1010.09, 1731.12
6.24626, 8.09323, 1066.5
6.28385, 726.797, 679.504
3.60834, -1074.78, -1843.14
5.58305, 610.021, 257.14
3.66846, -1098.97, -503.354
6.22052, -1339.69, 605.454
5.80997, -1818.9, -1372.33
4.9209, 1816.46, -1490.85
2.58972, 1656.35, 474.723
4.98291, 894.698, 401.081
5.09587, -218.499, -1770.1
4.71395, -1743.05, 1060.75
4.14528, -120.928, 1894.28
3.52671, 968.819, -213.782
7.19863, -496.334, -1300.76
2.85168, -980.284, 1862.85
3.30042, 102.795, -1488.98
6.70788, -1573.24, 59.38
4.13614, -329.756, -554.231
6.85942, 321.106, 855.797
5.99896, 1341.3, 1031.44
5.52801, 1737.09, -439.364
4.77536, 159.905, -526.567
2.91543, -1030.07, -362.192
3.94883, -110.969, -288.034
6.51009, -1145.17, -1570.74
6.81821, 678.778, 120.245
3.81831, 841.308, -1020.95
4.79881, -1670.63, -472.78
4.95672, 1225.57, -1057.71
5.82344, -934.155, -1974.99
7.31738, -1254.62, -312.731
7.23022, 1151.93, -1473.31
2.81902, 435.697, -1311.06
5.04829, -830.645, -607.44
6.13222, 1335.38, 1329.84
5.65882, 1198.53, -676.505
3.26658, -1828.97, -1816.76
5.09652, -1731.97, 1077.77
3.52281, -1111.04, 1706.79
6.03231, 800.626, -1640.85
6.05786, -947.034, -34.6056
3.66304, -1136.47, -479.001
6.80594, -110.418, -255.533
2.67122, -217.515, 1897.06
6.26587, -1870.78, 108.558
4.14789, 1281.65, 326.184
4.65309, 141.06, -1065.38
7.33455, 1930.75, -388.324
4.05803, 1463.68, 1385.32
5.69762, 1968.81, -1399.31
5.95386, 1741.02, -122.12
5.36403, 155.052, 1255.47
6.60667, 1785.18, -1369.76
4.21807, -1795.94, -1352.29
5.09387, -1623.3, -1546.31
6.78438, 244.437, -1898.62
6.18587, 685.706, 90.1799
3.45992, -1870.22, 763.498
2.83145, -616.137, 679.465
3.60828, 1699.52, -1440.97
3.33656, 339.308, -465.459
6.31172, 761.935, -1857.7
5.44905, -1685.01, 845.637
4.65223, 1720.64, 1710.2
7.09618, 1319.02, 24.4654
5.09668, 887.628, 371.968
7.38058, -1358.95, -45.0271
5.15714, -905.543, 292.491
2.98716, 668.548, 781.571
5.83983, 433.325, 198.319
5.44444, 278.127, -54.0017
5.01137, -1390.25, -239.206
2.75808, -1860.92, 916.729
2.6753, -695.281, 63.1465
4.41484, -1574.17, -1030.86
5.55555, 363.133, 200.838
5.06574, 1096.41, 1727.01
5.98498, 607.39, -52.4749
4.89891, -49.1363, -371.694
3.88323, 136.455, 844.598
6.01685, -877.804, 417.11
3.67701, 1748.33, 113.272
6.41501, 366.976, -355.902
6.60589, 719.201, 1670.43
3.21842, -1067.33, 105.376
5.75757, -973.837, 1623.16
3.87677, 1737.42, -1968.52
7.26215, -842.952, 1430.98
4.58238, -1501.32, 28.4884
3.03869, -253.021, 805.051
4.70633, -1594.77, 1062.45
6.28811, -849.533, -602.22
2.77803, -677.359, -637.235
3.51241, -54.5521, 288.164
6.82305, 1876.4, -1531.6
6.52456, -531.376, -19.1506
2.78861, -1357.27, -1343.69
4.40304, -129.273, -1403.09
4.56124, -287.498, 1527.87
2.80071, -761.402, 604.936
7.09746, 1607.41, 1293.68
3.35398, 1073.55, 1610.51
6.51634, -1861.88, 311.908
3.88599, 1449.57, 94.0669
4.44586, 344.594, 1475.92
7.19936, 107.993, 1247.06
6.24573, 323.698, -333.305
3.44774, -651.241, 1518.09
6.89581, 870.59, 969.143
6.8953, 833.277, -1697.42
3.30515, -1613.61, -536.12
5.87346, -1606.37, -331.782
6.89096, 1256.68, 254.328
6.98262, 504.951, 1044.58
3.06535, -48.6356, 1507.31
5.93789, -477.281, -516.328
3.21651, -1665.21, -1541.17
3.6901, 826.423, -89.2014
5.64383, 1889.67, -436.399
4.312, 1633.49, 726.779
4.64437, 1176.72, 1434.77
4.91936, -24.8625, -1673.82
6.20379, -8.98229, -219.539
3.23098, -767.119, 1738.23
7.36238, -1667.22, -1538.52
7.3158, -1021.24, -384.14
3.14741, -1200.34, 1328.25
5.3784, -636, -1213.25
4.66439, 340.059, -248.728
5.50066, -468.163, -505.243
5.85098, -1393.52, -254.413
4.5137, 793.371, 1972.96
6.46691, 1281.14, 1386.3
4.89889, -1949.08, -500.658
5.72449, 598.196, 552.056
4.28836, -493.78, 1199.68
5.96794, -660.026, -441.244
5.83428, -833.902, -1404
3.22071, -765.102, 1425.98
7.10415, -1964.19, 443.634
4.22228, 63.015, -471.64
6.66824, -828.561, -938.455
2.74349, 542.758, -1491.92
3.27936, -510.134, -130.515
2.55765, 661.952, 1015.47
3.94327, 241.147, 1176.69
5.07295, -690.337, -347.036
3.65948, 1364.1, 874.833
2.75022, -487.156, -152.183
5.33091, -1191.88, -1687.73
6.69774, -302.4, 1347.86
4.28763, -1288.81, -859.781
4.3452, 329.098, 1741
7.22226, 513.019, -146.256
4.72425, -1820.89, -357.689
6.82086, 986.762, 367.04
5.82654, -1576.45, -1470.84
5.79297, 332.197, 1329.65
7.10736, -1918.01, 1921.77
5.11536, 1910.2, -1239.46
5.45229, 878.047, -883.802
5.79944, 1335.9, 1317.23
4.24765, 556.699, 925.016
4.11714, 674.396, 94.8306
7.08984, -208.26, 1472.03
3.08619, 1808.13, -891.103
7.31268, 1344.88, -338.267
5.17978, 107.492, -657.764
5.81447, 1703.49, 1267.38
5.48362, 1802.73, -1014.06
6.93363, -1012.57, -1489.04
6.67999, -1325.72, -1212.26
6.69339, 493.814, 405.297
6.85642, -424.445, 677.071
2.5002, -1537.55, 667.114
4.77274, 518.535, 699.186
4.25696, -1859.06, 319.306
5.80713, -515.311, 1416.11
6.22234, -1759.96, 306.143
3.3821, -254.665, -918.596
7.4621, 1589.07, -1621.9
5.95466, -1861.75, 338.549
6.97862, 288.184, -23.8319
3.51579, 733.715, -275.054
7.2356, -917.172, -72.2077
4.88476, 1765.01, -1020
6.78578, 1839.02, -1496.28
6.41237, -1959.21, -1100.59
5.70687, 1812.64, -1818.81
3.14521, -1446.54, 298.399
5.77944, 9.20004, 1300.78
3.09199, 106.679, 17.5757
3.88793, 667.768, 1605.23
6.65548, -448.847, -454.506
6.14153, -1502.22, -1025.92
6.74348, -1196.4, 591.135
3.43989, -1544.97, -1865.35
6.09602, 1114.62, -560.099
4.25586, 316.563, 664.195
3.34555, -832.187, -1382.45
4.52383, 666.846, -1087.9
4.20924, 318.967, 1538.32
6.67141, 774.511, -251.895
3.9111, 1395.76, 1168.62
5.16766, -1358.15, -965.164
6.25085, 1981.39, -1703.95
4.62554, -1377.64, -1517.42
4.66964, -1133.22, 1096.68
3.03022, 1713.95, -1862.03
6.4639, -83.106, -930.696
3.91232, -1149.1, -964.395
7.14264, -1179.16, -470.909
5.37926, 501.001, 1017.99
3.4895, 1640.9, -583.013
5.99081, 1148, -1495.68
3.07265, 989.591, -1912.33
4.22945, 606.976, 1570.32
4.15646, -1167.66, -472.303
6.42735, 1656.16, -1919.84
6.65775, 918.477, -425.089
4.21712, -1478.05, 1508.9
4.2603, -545.9, 1788.92
6.38197, 303.758, -1637.18
6.58658, -23.9202, 1375.31
4.26157, -264.134, 571.72
7.09559, -838.308, -604.466
3.2877, 988.198, 510.332
5.56029, -973.957, 1133.13
5.54222, -764.733, 1425.04
3.16647, -502.496, -1487.28
3.51409, -1487.44, -958.287
4.79457, -1711.6, 1002.87
3.48759, -1047.78, 1865.61
6.77118, -1696.81, 760.542
6.54562, -1519.44, -1381.33
2.80131, -1809.6, 1768.01
6.50584, -1441.72, 1294.08
5.49597, -397.16, -1085.91
7.43182, -1778.83, 609.033
2.65919, -321.639, 1285.76
6.8356, 1883.38, -1544.21
3.69109, 1333.04, 694.957
3.6127, 341.94, 858.472
4.73907, -1951.93, -1106.2
2.61231, 1727.2, -361.689
6.79755, -512.353, 23.7842
4.15902, 428.241, 1176.11
5.72195, 609.524, 506.315
7.43521, -1885.99, -967.829
5.30162, 569.096, -1166.05
4.74553, -1515.09, -492.668
5.213, 326.347, -1451.4
2.90797, 1546.17, -65.7402
3.99606, -1630.34, -556.549
6.63964, 1638.91, 1349.52
6.48936, 1249.13, 1868.01
5.71048, -207.634, 1359.87
4.84105, 1259.83, 770.053
7.15326, -399.123, -1215.06
5.08798, -484.843, -139.241
7.42924, 1594.28, -1071.12
5.94567, -157.591, -1440.96
6.19966, -359.656, -912.157
3.46323, -785.862, -1863.81
6.08881, -910.686, 1243.07
6.11146, 1139.83, -358.867
6.49298, 534.203, 306.972
4.23216, 510.1, -1988.11
5.1481, -32.1767, -125.646
3.19001, 1432.19, -717.838
6.73218, -448.316, -425.986
6.32766, -164.518, -1764.35
7.5, 1846.65, -842.146
4.24891, 965.042, 1976.32
5.50367, -1199.86, 1177.42
3.50808, -991.427, 165.93
6.2385, 59.7218, 309.062
6.49225, 1946.27, 432.949
3.03505, -1410.63, 217.997
5.35813, -1014.02, 94.1401
2.84683, 722.531, -676.877
4.16036, 1484.82, 1379.98
5.80945, 970.858, -1413.94
5.27726, 349.672, -385.711
7.12415, 457.715, -23.303
2.69832, -968.675, 450.502
2.62083, -620.206, 477.502
4.61923, 437.793, -1310.94
4.36987, 922.105, 270.046
2.93303, -458.804, -480.087
3.05403, -322.343, 333.592
5.31992, 731.88, -692.131
7.37269, 117.876, 1481.31
3.05066, -79.9583, -1788.88
5.99352, 198.159, 1955.97
2.79674, -101.536, -1479.52
4.69755, 1669.84, -213.29
5.24651, 1979.76, 1430.08
3.45129, 1380.13, -1498
7.36597, 631.236, 651.405
3.19593, -1362.32, -112.673
5.48978, 1869.39, -862.82
7.12812, -1743.09, 1407.68
3.91116, -161.814, 1766.98
6.8307, -287.44, -169.405
6.29598, -449.732, -1197.07
6.10793, 708.849, 1235.77
3.34241, -747.19, 736.24
3.32882, 1661.7, 743.531
3.39076, -1294.83, -1973.91
5.87226, 668.616, -1200.76
4.83484, -704.745, 77.2919
6.85219, -1618.39, -715.877
5.76023, -1394.01, -228.583
5.80464, 1518.72, 1754.87
2.58037, -1333.44, -1224.12
4.30596, -1553.94, -1339.18
3.72747, 1843.69, 230.061
6.93086, -1869.2, -1895.37
5.23701, 1645.8, 1551.07
6.57209, -54.1331, -1289.57
5.24453, 353.433, 1728.56
4.16156, 1011.87, -109.552
4.40213, 45.2098, -1308.64
2.52389, 1858.62, 1305.8
6.95226, -180.314, -794.905
6.16955, -990.688, 1369.27
6.04239, -308.15, 1316.78
5.1278, 116.82, -370.765
6.41065, -379.688, -1625.83
3.42484, -775.36, -940.925
5.72673, 493.621, 1048.25
3.42178, -1373.63, -680.319
3.31214, 121.831, -179.257
2.65594, -364.003, 1698.32
7.42716, 261.421, -1331.98
4.04559, -661.064, -1429.43
4.11075, -1348.34, -606.187
5.51155, 563.633, -474.408
2.89107, -658.259, -1841.1
3.93936, -39.159, 180.346
5.79307, -251.356, -985.151
7.36348, -1977.95, -698.78
7.27758, -726.15, -1587.74
7.42745, -1337.85, -586.655
7.30478, -1821.88, -1518.43
3.0073, -1116.13, 1130.2
3.71505, -257.229, -978.28
6.91151, 199.71, -863.15
5.28805, 680.276, 1395.6
6.7669, 1603.03, 1032.88
7.49145, -1073.79, 1054.19
3.99751, -506.753, -960.889
6.33157, 1939.05, 966.564
4.81901, 571.424, -289.54
6.8168, -1272.73, -1581.36
6.99018, 1717.88, 5.28633
7.377, 514.942, -830.426
2.77405, 1309.84, 182.841
6.32605, 1880.81, -1238.58
5.09219, -1863.09, 1477.74
3.46574, 1839.56, -463.617
6.98252, 396.808, -1088.08
6.38492, -1670.75, 193.041
2.75968, 829.551, 1080.34
7.47331, -1701.54, 1526.9
5.93659, -12.4922, -915.686
5.94854, 1773.2, 993.274
6.57666, -1313.83, 1630.16
7.05426, -74.5911, -879.807
3.34218, -402.777, 802.955
5.24183, -1161.45, 1605.78
6.53351, -979.449, -507.659
4.17803, 660.579, -1080.62
5.53435, -214.208, 55.0825
6.59602, -1895.39, 667.851
7.3485, 163.534, -495.387
6.29349, 1164.75, 987.524
3.72113, -354.574, -183.986
5.80589, -1143.95, 804.272
4.21574, -898.856, -375.539
7.27146, 749.883, -790.546
2.60828, 1604.73, 1109.83
4.54979, -1782.19, 1889.03
2.55789, 1178.08, -1347.2
3.04964, 1667.41, 395.763
5.28259, -1683.94, 189.474
4.45466, -28.58, -472.883
7.20539, 235.053, -365.577
2.55572, 358.718, 782.561
6.22897, -441.442, -874.731
3.84293, 220.883, 244.466
4.27153, -1342.63, -1516.73
3.45835, -911.945, 1241.15
5.14832, 590.2, -336.122
4.39478, -111.778, -1714.09
3.16407, -23.2689, -1607.31
4.26563, -256.245, -1124.4
4.2497, 1566.5, 1966.23
7.41084, 1226.6, -250.859
5.25961, 302.345, -743.558
4.99918, 28.6765, -1431.11
3.58531, -1668.71, 908.265
4.37311, -474.706, -1296.26
6.78251, -1316.54, -939.843
6.45578, 1586.53, -1035.29
3.9204, -993.353, 1853.6
5.07645, 873.851, 204.539
6.79238, -579.976, -43.9419
7.07844, -1875.89, -346.861
7.48941, 269.935, 1825.87
6.53177, 339.662, -376.348
5.22718, -1793.2, -367.554
7.3461, 302.411, -1466.2
5.31931, -1169.41, 725.225
4.03031, -836.891, 1315.67
5.41853, 1924.52, 1898.2
2.91197, 93.3091, -659.101
5.47382, 713.65, 1228.29
3.31968, -1195.66, -1183.01
6.46527, -1223.25, -873.144
2.95373, 1160.12, 1472.58
6.3072, -1009.15, -1359.01
6.83996, -451.25, 59.7404
6.40105, 379.356, -668.485
6.61399, 1816.95, 1930.87
6.70974, 744.219, 1104.45
4.48328, 1046, 514.061
6.508, -316.813, 339.789
6.56811, 759.07, -87.2287
5.43493, -818.272, 200.777
4.64621, 1588.48, -96.9712
2.5002, -115.112, -952.57
5.31153, -1627.94, 634.94
6.22632, 675.033, 701.915
3.89846, 1932.2, 577.293
2.93406, -1966.24, 1128.8
3.5733, 1706.77, -1759.21
3.93296, -971.533, 1135.49
4.86595, -808.559, 947.206
6.95893, 1688.41, 1639.5
5.91955, 1033.79, -1011.64
3.54376, -96.292, -138.086
6.67533, 1585, 21.8094
7.09218, 1849.92, 1832.49
4.48244, -951.81, -1398.62
6.37858, 1080.39, 1050.76
5.68161, -318.107, -179.335
6.64746, 965.744, 576.963
3.40204, 1107.97, -934.156
7.45927, 1157.05, -1521.61
6.70558, -309.336, -1690.96
4.65177, 1773.27, 529.221
4.38589, 1192.48, 1774.25
2.70802, 1305.47, -1009.44
6.80715, -1599.65, -1058.59
6.62116, 1832.81, -1794.88
6.25052, 26.2949, 1461.46
3.55801, -330.753, 1978.03
4.31029, -1562.81, -383.398
4.43545, -1179.66, -1596.48
7.32918, 1588.18, 1264.8
6.5872, -331.473, 1269
4.5755, -162.893, 896.892
5.83759, 407.7, 362.657
2.52101, 951.493, 1953.99
6.98048, -1481.58, 505.536
3.68416, -687.496, 709.296
3.79415, 707.615, -181.015
5.4939, 813.693, -1420.06
6.89823, -1672.26, 735.287
6.16299, -1119.75, -1174.7
6.0773, 1818.4, 1139.76
3.57724, -1213.3, 962.457
6.30413, 1358.21, -1912.94
3.85351, -324.162, -1113.67
2.75246, 1328.63, 672.326
4.78866, 542.502, 491.824
2.58759, 894.023, -1552.64
3.01129, 145.553, -355.443
2.639, -261.832, 562.617
5.65921, -684.07, -1033.46
6.34425, 168.202, -497.989
2.74132, 1051.86, -1676.75
6.6924, -111.159, -1261.14
6.76899, -525.41, -632.362
6.57649, -896.088, 1150.2
6.85188, 1588.06, 808.119
5.27222, -1260.72, -333.648
6.12646, -585.498, 111.963
3.20424, -1047.47, 1846.03
6.6115, 1183.29, -1053.59
5.51185, 1461.77, -392.914
4.93856, 1013.97, -1835.93
6.14942, -573.667, 1894.04
4.05164, 1514.67, -1336.41
3.93925, -1399.09, 704.688
5.45857, -1898.69, 1613.09
5.34055, 1304.8, 1760.51
5.41059, -1872.36, -1146.33
2.84132, -1377.25, 566.289
4.34304, 301.393, -784.803
6.28475, -1854.82, -1152.87
6.35297, -898.679, -1733.64
4.27217, -787.593, -507.356
5.98913, 481.263, 1859.26
5.08005, -1334.13, -579.749
5.94494, 778.041, 267.286
6.18066, -163.806, 1232.8
2.56231, -684.707, -1346.39
7.16549, 1220.56, -252.941
5.37826, 264.6, 251.118
3.05587, 927.685, 1946.95
4.87388, -205.199, 72.8234
3.24247, 382.355, 205.331
4.22594, 102.011, 894.784
7.04476, -1863.2, 363.334
4.54571, 28.0752, 1038.34
5.96642, -1357.7, -143.548
3.35865, 760.081, -1885.95
6.21715, 1773.45, -998.004
4.16319, -850.883, 1287.92
4.62157, 1328.25, 624.474
2.79523, -275.472, -222.91
5.09005, 575.573, -460.581
5.94425, 945.701, -1160.38
5.01149, -519.361, 17.1325
6.56617, -339.274, -1499.36
3.07974, 165.771, -1872.08
5.24841, 547.916, 928.73
5.06046, 816.415, 41.8846
6.02649, 1922.7, 882.079
5.65083, -477.821, 1764.79
4.0207, -54.9415, -1284.72
6.74719, 799.248, 738.42
3.39619, 1210.31, -44.4625
2.61737, -1057, -200.225
4.19467, 1467.9, 102.808
3.43818, 710.984, -186.85
6.60467, -578.088, 362.024
6.72507, -1790.15, -323.425
6.78031, 1688.78, -1433.37
7.37454, -1908.09, 1289.79
2.99587, 934.49, -895.379
2.56182, 1129.37, 1310.14
2.58614, 441.24, 1164.12
2.64527, 500.045, 192.477
4.1031, 297.021, -776.737
6.17815, 1252.55, 603.256
3.14876, 707.902, 953.968
2.5161, -737.316, 1011.33
6.91905, 279.178, -1579.73
3.70482, 459.989, -1143.44
4.38481, -1632.27, 1531.05
4.44879, 1230.62, 367.73
2.81534, 1192.91, 588.229
7.30792, 367.345, 1905.87
3.75349, 1451.25, -679.195
6.85376, -1354.85, -141.92
2.85991, -1832.59, 847.684
2.70653, -1239.02, 1140.81
3.46378, 717.888, -1045.36
3.86708, -619.009, 605.854
7.4007, -1902.61, -730.056
3.60607, 643.158, -1064.99
6.43119, -1749.6, 1708.7
4.42306, 597.847, -842.084
3.78593, 956.66, -1272.21
3.91087, -1882.21, 124.797
7.33834, 1733.73, -74.1326
4.22841, 1528.48, 339.497
3.45922, -1960.44, 1473.53
5.05037, -1094.81, -763.741
5.21857, -1112.59, 1265.19
5.72333, -1290.19, -1228.97
3.89738, -21.5407, 1585.53
3.41887, -593.61, -1434.15
2.71579, -1671.1, 764.865
3.98408, -1002.55, -528.296
4.25548, -462.621, 279.815
7.09372, -850.66, 1427.58
5.81225, 1010.99, -724.137
5.08041, 1731.16, 1166.96
4.03763, 1226.67, 1171.32
3.0007, -702.369, 308.533
3.47502, 758.159, -1760.12
4.11407, 62.0244, -259.854
5.56182, 1920.07, 174.017
5.13511, 1918.34, -1963.49
3.45653, 521.285, 566.05
4.7178, -1273.31, -847.337
4.48693, -1413.64, 1702.92
6.28051, -1211.31, 1489.44
6.6213, 1471.73, 1205.18
5.51573, 284.538, -691.593
3.04573, 1216.21, -1652.03
4.11797, 971.351, -330.55
5.03403, 18.756, 635.429
4.76521, -1297.05, 1604.53
4.77315, -360.368, -900.398
4.91125, 1843.53, 1828.88
5.07896, 737.324, -1301.72
4.50207, 406.397, 1647.76
4.22945, 1940.95, 966.964
6.64533, 1864.52, -481.053
3.02204, -1460.58, -1590.7
6.40057, 1166.62, 1130.59
3.19919, -594.389, -477.824
2.62171, -1584.09, -1043.39
6.0664, 812.037, -1502.06
7.15538, 293.824, -1655.43
7.47667, 371.626, 348.187
3.86264, -1742.42, 305.167
3.6923, -949.881, -513.466
3.87328, 1919.18, 1238.02
5.70836, -1813.06, -1460.27
5.17637, 619.438, 306.345
6.8967, 1662.04, -591.199
6.75968, -1342.82, -1666.23
2.98004, 1806.56, -80.6088
4.66818, -1488.69, 422.843
3.17045, -407.008, -1510.66
5.86802, -340.635, 615.589
5.34964, -109.092, -946.064
3.66474, -1240.47, 1139.22
5.50306, 531.403, -1374.79
2.6551, -1600.72, -54.294
7.08512, 1134.43, -620.86
3.82958, 1720.97, -348.135
6.50016, -366.343, -1020.57
5.46389, 334.017, -1436.46
5.0822, 702.621, 1255.34
5.2567, 645.761, 1280.41
3.47225, 1004.94, -469.276
5.36152, 251.557, -1482.9
3.81992, 423.148, 802.937
4.41648, -1531.87, 1077.95
2.73626, -1514.38, -1794.93
4.22823, 1170.16, -1342.12
3.61594, 1328.97, -858.534
3.81264, 36.5065, -1465.63
3.05141, -857.61, -807.671
7.40088, -1409.27, 36.1031
5.93794, 1603.28, 1280.01
5.82158, -1095.99, -749.826
5.99501, -1201.4, -1343.76
2.68746, -1664.02, -1536.81
3.6706, -1260.01, -1491.91
3.95397, 1446.55, 1386.69
3.50543, -66.7937, -507.508
2.7177, 732.823, 677.202
2.56571, -1048.17, 1038.92
6.07297, -1051.19, 1530.58
6.88348, -1735.76, -1252.93
5.35088, -1772.14, 540.698
6.92743, 1728.76, 1728.98
5.20042, -714.358, -558.318
3.31357, 1858.26, -1290.77
3.30492, 1909.23, 882.885
7.19182, 630.826, 572.38
3.45628, 1104.34, -1698.49
3.15761, 5.1777, -196.347
4.41122, -618.519, -13.9806
6.12674, 517.28, -523.248
2.50651, 1080.89, 1747.24
4.60222, 51.9314, 1472.24
5.18984, 606.957, -429.077
4.86596, -476.167, 492.82
6.33003, 1079.95, 1749.31
2.9396, 1113.38, -920.837
7.04284, 272.895, 645.618
3.20818, -1731.52, -798.819
2.54782, 860.742, -100.013
2.82267, 488.542, 1044.93
4.96742, 762.393, 444.328
5.40914, 1055.46, 1946.82
4.03373, -1891.81, 1088.54
4.57091, 1804.47, -140.968
4.33401, -1152.88, -1372.64
3.42687, 359.207, 1333.28
2.76788, 1266.1, 359.343
4.47222, 1078.11, -130.155
3.98388, -694.717, -265.084
5.05388, -791.359, 1638.71
3.75392, -1405.26, 458.811
5.01589, 1919.21, 1773.4
2.51168, -15.3733, 1568.13
7.01807, 1983.89, -895.085
2.79181, -1814.21, -1890.47
5.17506, -1366.41, 1612.34
3.95754, -753.137, 1750.23
7.3023, -1613.27, -531.022
4.73406, 642.514, -217.965
5.08479, 1782.52, 336.749
5.93861, -499.047, 65.3039
2.72187, -320.962, 148.911
7.2946, -1593.06, 1211.41
5.70852, 739.711, 315.434
2.80215, 1252.62, -1556.24
3.33964, 101.396, 535.331
5.76491, 975.358, -491.916
6.19864, -1538.99, 677.348
3.57011, 1709.33, 409.552
4.31441, 311.327, -1737.4
6.56981, -1295.31, 1865.07
5.32057, 1615.57, -940.668
7.45886, -92.1341, -1772.12
6.5669, -1526.83, 789.82
3.49157, -1981.02, -45.1888
2.50003, -295.485, -1681.16
4.62608, 1879.97, -1543.34
4.07406, 1688.87, 398.195
5.56218, 1212.43, -1862.4
3.83351, -381.929, -1082.93
4.39881, -1189.15, -124.525
5.43397, 1914.33, 601.574
5.95636, -282.011, -1020.48
7.26736, -913.692, -1140.33
4.89785, -586.201, -1902.12
3.60319, 757.188, -1452.25
5.33741, -1443.63, -899.116
6.09873, 855.981, 725.732
4.4953, -991.218, 1106.2
3.48326, -1387.97, 1959.72
6.66971, -1345.03, -1519.88
5.59561, -894.893, -1745.26
7.26866, -580.03, 357.448
3.23222, -28.4992, -548.234
5.38953, 76.9906, -916.709
7.26796, -785.383, 1432.56
3.62331, 1439.11, -1971.07
7.25137, -990.136, 1596.14
3.07874, 1581.51, -1016.54
2.58372, 60.4647, -514.352
3.90465, -716.163, -333.041
7.15042, 1285.79, 345.604
3.04796, 1502.96, 1746.14
6.77266, 56.0384, 1649.71
5.68532, -1449.2, -1461.3
5.63853, 810.814, -1415.55
3.80589, 1446.16, 1487.16
5.13936, -1902.04, 432.493
7.16608, -554.817, 1801.45
3.98055, 1842.51, 210.281
4.78006, 314.65, 901.044
6.35659, -1312.62, -1222.8
4.17193, 213.708, 242.98
6.31775, -79.4195, -1873.25
6.65892, -60.6026, 1882.97
2.64618, -1449.74, 1135.07
4.31315, 1427.74, -533.717
4.16221, 573.549, 921.622
3.17675, -1033.53, -597.061
3.00839, -611.087, 1246.16
5.11327, -1217.32, 1623.77
3.52046, 61.3014, -1064.12
5.00728, -1736.8, -1252.35
5.1371, -2.09189, 1922.52
4.13422, -532.346, -585.591
4.75888, 453.549, -884.759
6.85263, -14.095, 1955.8
4.72884, 1285.72, 1729.13
6.03726, -916.355, -1829.64
6.83171, 1822.08, -1397.16
6.5822, 1731.24, 435.185
2.67504, 1781.67, 1677.45
3.8644, -1302.77, -475.281
5.21858, -843.823, -860.961
3.19942, -1960.27, -1100.74
5.57408, -1554.75, -1873.46
3.29182, -1365.24, -1209.28
4.41129, 199.494, 441.228
5.94997, -189.179, 377.999
3.21128, -782.243, 925.626
5.65284, -1569.05, 1582.32
3.15973, 393.11, 1871.31
7.13583, -1475.21, 494.815
5.53465, -1875.58, 1568.41
5.50388, -1844.83, 751.441
3.33635, 1185.45, -1050.43
3.301, -1734.64, -797.413
5.91628, 1241.14, -57.3502
5.1456, -1420.58, -25.3455
3.65264, -273.412, 1606.54
6.55373, -1004.98, -114.59
5.76477, -838.981, -1118.57
4.08597, -1129.1, -1179.25
2.53953, -523.103, -1627.28
3.49176, 1463.09, 1465.19
3.78831, -14.4674, 762.618
3.03825, 1772.15, 77.0835
3.49545, 260.186, -862.847
6.75079, 1607.54, -1541.97
6.63912, -1955.2, 417.511
6.76813, -1922, -1110.42
5.71027, 575.484, 1556.55
3.6787, 1441.15, -1969.05
6.80638, -1005.43, -1613.67
5.4745, 72.267, -208.91
2.52745, 1011.26, -65.8782
6.84925, -1317.81, -931.339
7.37729, 1295.82, 209.216
5.59653, 754.905, 29.3489
3.85574, -1876.11, 767.727
7.46973, -322.085, -1261.8
4.60751, -1441.65, -1055.34
4.20537, -1587.24, -1228.85
4.80717, 742.236, -266.013
4.44822, 526.205, -761.578
4.613, -96.3937, 1029.81
2.84879, 262.04, 578.29
5.5153, -121.24, -269.091
7.36114, -99.5293, 458.674
5.07406, -1394.17, -1066.25
7.45461, 1904.28, -274.717
5.84906, 1255.04, -279.919
4.01716, -1210.39, 139.379
3.47371, 1744.26, 1140.59
4.0109, -1422.79, -1867.68
4.93946, -671.18, 920.945
4.72438, 1066.43, 1975.03
5.7844, 641.793, -1875.44
3.74227, -1552, -1332.2
4.72007, 109.091, 1109.76
5.75894, -1384.41, 100.354
6.67472, -1430.05, 381.099
6.03698, 387.025, 1624.71
4.93928, -1737.47, -1213.17
6.72039, 797.889, -474.468
7.00296, -1014.84, -376.569
6.33082, -1304.63, -1048.06
5.29453, 1260.34, 1701.41
2.70603, -22.4183, 158.155
5.46749, 1126.34, 132.585
2.68674, -1351.3, 1641.05
4.53488, 52.5827, 873.847
2.84243, -1946.61, -1761.04
7.38558, -1548.33, -1764.84
2.5956, -1030.22, -470.942
6.60363, -310.509, -531.518
5.2195, -773.809, 1735.41
5.72828, 1579.39, -665.714
3.62934, -521.196, 98.341
2.733, 1662.85, -1395.96
3.63154, 424.083, -1107.95
4.58371, -1267.26, 269.447
6.40126, 530.315, -1260.59
3.72852, -1846.21, 756.622
4.81411, 1308.92, 183.695
6.14756, 1855.98, 580.811
5.35237, -661.811, 1628.25
5.45997, 1870.84, 1830.77
4.98425, -1877.99, 560.434
3.951, 970.535, 226.082
4.71107, -14.8143, -459.264
2.53669, 1705.6, -793.341
7.41683, 990.366, -716.03
2.52822, -1612.84, -305.23
4.8676, -224.381, 1483.44
5.86497, -622.44, -245.027
