6.27803, -1459.72, -1893.72
3.5948, 18.2629, -241.599
5.89648, 740.803, -1761.28
5.09708, -574.823, 1790.97
2.76731, -1900.68, 1280.2
2.53849, 630.179, 105.46
4.58743, -1614.49, -494.438
7.15218, 376.197, 786.713
2.95982, 56.975, 1393.07
6.00595, -381.408, 638.289
3.81226, 1072.09, 1594.13
4.14117, 943.129, -1757.4
7.45519, 925.312, 492.52
7.41275, -1035.64, -498.108
5.75759, 970.732, 858.655
6.92354, 513.348, -1646.75
6.33247, -293.392, -953.219
3.87453, -923.046, -117.543
4.93259, -1301.32, -603.604
2.80282, 1594.74, 1532.07
5.08146, 29.8043, 1535.21
4.96988, 1865.99, -742.347
7.23882, -1580.06, -943.254
4.42071, -50.7458, -1659.81
5.14874, 1604.69, -968.176
2.75042, 1702.32, -126.432
6.63909, 1106.03, 1070.75
5.94228, -1809.21, -1444.46
6.18112, 517.031, 1451.69
6.94286, 1880.59, 910.944
4.25508, -704.129, -1018.81
6.72991, 368.785, 43.6313
3.84659, 1217.31, -258.697
4.83959, 153.029, -363.201
3.2686, -1296.28, -903.232
2.66527, 1271.73, 288.375
7.2768, -28.4829, 180.956
6.95369, 232.464, 950.026
3.29884, 1295.35, 460.134
3.15214, 851.027, -1119.33
2.515, -923, -1606.68
6.0491, -1748.48, -368.887
3.40448, -983.559, 1656.85
5.76029, 1544.63, -666.667
4.42907, 802.548, -1403.13
3.23766, -9.15503, -495.573
5.45054, 1211.64, 322.298
3.24076, 317.665, 1767.99
3.2091, -333.124, 1884.54
4.94257, -944.505, 222.78
3.13015, 1676.07, -113.888
5.64635, -672.548, -1146.08
5.60817, 559.517, -1427.9
4.88216, -985.222, 1155.31
2.64188, -1015.16, -520.022
3.21011, -245.874, 1540.16
3.15594, -386.263, 1715.38
3.31099, -1659.99, 1511.77
3.76529, -519.213, -1629.68
4.77654, 1060.88, -1448.14
6.54472, -175.963, -583.864
3.57624, 593.197, 1643.34
3.75063, 1593.3, 746.007
5.02978, -132.939, 1422.63
6.27922, 1213.88, 304.411
5.66369, 1709.49, -60.9601
5.9449, 1223.53, -270.147
7.27207, 1879.43, 909.226
5.18713, -821.859, 1422.41
4.57014, -1491.3, 52.2111
4.70019, 1484.94, 322.153
6.07821, 1438, 904.183
6.20858, 750.357, 1145.13
5.12494, 1518.64, -1881.02
6.06711, -1673.44, -162.406
5.91025, 633.904, -54.3875
6.82941, 1642.93, -1168.57
3.19597, 119.245, 1479.31
3.57766, 1830.2, -240.949
5.0733, -667.212, -304.245
4.83766, -173.302, 1420.99
3.55759, -479.549, 1210.95
5.65244, -1348.86, 1909.38
2.5044, -1823.52, 377.277
4.09589, 874.577, 1051.53
5.90281, 673.795, -205.588
6.0446, 1307.38, -1139.86
2.90869, -1581.2, 1269.66
3.56926, 535.139, 928.233
4.44412, -1620.01, -1124.95
4.44927, 1779.92, 1796.29
3.92018, 740.798, -915.856
4.6123, 1127.63, 1036.76
2.55658, -1294.67, -904.872
3.72027, 1820.04, -1251.72
4.49072, -1417.51, 1276.09
6.64177, -1320.76, 394.476
3.78584, 1877.37, -1407.34
3.59705, -1541.05, -987.061
6.47385, 745.39, 528.555
5.8476, 957.32, 771.673
5.49108, -1745.36, 637.547
5.99917, -725.831, -1059.83
5.13062, 1103.65, -1451.59
4.14833, 380.452, 207.783
3.30844, -1445.31, 755.331
6.56633, 1400.8, -39.5059
4.08004, 887.489, 239.445
4.05369, 56.0864, -1451.68
4.65424, 55.8497, 270.261
4.46509, -441.521, -949.239
4.43916, -43.3645, -329.702
4.34871, -1577.93, -944.474
5.88118, 643.533, -1043.97
6.10384, 836.657, 60.223
7.20082, -131.449, 1746.84
5.08573, -163.55, -734.237
5.5282, -331.985, 621.762
5.85049, -1352.12, 1913.26
5.11404, 128.485, -586.531
3.87105, -1841.56, 1266.04
7.08924, 230.498, 562.004
3.73367, 1837.3, -894.818
4.77876, 708.85, 1294.84
3.30374, -1844.4, 1270.08
4.68319, 785.371, 725.9
7.45767, 898.244, 370.38
6.26931, -849.561, 775.128
4.97846, -1878.14, -1275.16
7.01651, -1308.64, -1566.87
4.68213, 975.056, 1061.65
5.09239, 316.215, -1886.21
4.44866, 181.84, -1644.04
5.63431, -393, -1163.67
5.19331, 765.484, 651.161
4.35955, 1288.71, -860.261
2.54674, -693.66, 689.73
6.3794, 68.7633, -1509.97
2.85317, -1744.7, -1154.72
3.98511, 843.307, -1366.74
4.78581, -106.778, -1681.29
3.25156, -184.714, 42.105
5.97819, 1281.84, -845.145
4.15587, 740.184, 275.355
5.21197, 1906.32, -1674.2
2.64678, 1467.53, -1756.3
5.38086, 25.6302, -400.596
5.18133, 687.09, 933.763
7.36678, -1497.94, -1752.28
5.57063, -624.907, -1185.76
5.26431, -1448.18, 427.443
6.69051, -521.518, 1721.92
3.75764, -994.768, 1760.18
6.98957, 1193.3, -256.496
5.97428, 1024.18, -978.722
5.82752, -954.491, -161.512
3.06838, -1216.44, -1516.39
3.37987, -1855.8, 203.777
2.91253, -292.262, 335.447
6.68103, -449.976, 690.136
2.64818, 1889.54, -1537.35
6.34719, -40.1751, -1642.11
4.29829, -1022.53, 1697.6
6.24626, 51.5283, 1024.02
6.28385, 669.812, 628.629
3.60834, -1056.29, -1772.96
5.58305, 603.638, 307.805
3.66846, -1079.43, -458.358
6.22052, -1372.16, 552.93
5.80997, -1738.28, -1323.66
4.9209, 1836.18, -1475.24
2.58972, 1646.94, 379.245
4.98291, 903.977, 338.125
5.09587, -79.0106, -1720.5
4.71395, -1670.71, 999.312
4.14528, -50.1951, 1860.96
3.52671, 943.678, -197.958
7.19863, -445.971, -1202.52
2.85168, -988.538, 1803.44
3.30042, 65.0575, -1461.99
6.70788, -1496.19, 41.9432
4.13614, -307.651, -512.082
6.85942, 329.699, 837.905
5.99896, 1309.8, 1021.97
5.52801, 1717.01, -404.282
4.77536, 128.587, -465.404
2.91543, -912.945, -443.819
3.94883, -59.5339, -248.938
6.51009, -1152.65, -1537.89
6.81821, 708.877, 66.7273
3.81831, 810.519, -995.911
4.79881, -1588.19, -474.388
4.95672, 1197.74, -1029.4
5.82344, -925.898, -1901.12
7.31738, -1233.01, -351.658
7.23022, 1152.97, -1449.14
2.81902, 438.98, -1289.5
5.04829, -887.755, -553.608
6.13222, 1298.92, 1308.23
5.65882, 1134.33, -635.057
3.26658, -1797.08, -1835.56
5.09652, -1704.26, 1024.77
3.52281, -1065.38, 1647.95
6.03231, 788.089, -1650.33
6.05786, -936.456, -139.315
3.66304, -987.974, -463.87
6.80594, -56.9879, -229.334
2.67122, -188.414, 1822.52
6.26587, -1826.02, 163.332
4.14789, 1239.25, 290.143
4.65309, 105.164, -1026.4
7.33455, 1786.79, -423.547
4.05803, 1463.58, 1342.44
5.69762, 1837.74, -1370.54
5.95386, 1675.18, -114.509
5.36403, 83.5239, 1243.49
6.60667, 1809.45, -1451.23
4.21807, -1747.37, -1359.75
5.09387, -1600.87, -1456.29
6.78438, 232.542, -1825.59
6.18587, 729.723, 58.9809
3.45992, -1722.97, 718.558
2.83145, -612.471, 646.328
3.60828, 1751.65, -1427.89
3.33656, 297.711, -347.589
6.31172, 734.649, -1778.93
5.44905, -1652.96, 771.487
4.65223, 1712.38, 1670.1
7.09618, 1282.09, 25.6496
5.09668, 914.941, 361.123
7.38058, -1379.91, -80.6306
5.15714, -898.905, 259.955
2.98716, 680.336, 689.735
5.83983, 385.718, 252.518
5.44444, 307.599, -22.6348
5.01137, -1341.36, -199.373
2.75808, -1784.43, 861.089
2.6753, -637.477, 42.5747
4.41484, -1528.6, -1037.93
5.55555, 382.651, 205.828
5.06574, 1093.27, 1698.76
5.98498, 672.445, -27.0727
4.89891, -14.2111, -394.658
3.88323, 98.8569, 852.518
6.01685, -868.022, 386.513
3.67701, 1678.59, 59.3138
6.41501, 285.231, -361.595
6.60589, 674.075, 1604.91
3.21842, -972.159, 95.6733
5.75757, -998.306, 1538.53
3.87677, 1694.83, -1888.84
7.26215, -757.231, 1394.73
4.58238, -1471.28, 39.1541
3.03869, -248.107, 774.061
4.70633, -1543.81, 1065.91
6.28811, -820.346, -549.36
2.77803, -684.164, -580.39
3.51241, -26.1971, 258.908
6.82305, 1781.73, -1420.4
6.52456, -486.032, 34.2694
2.78861, -1328.89, -1294.05
4.40304, -112.163, -1412.05
4.56124, -222.068, 1465.22
2.80071, -727.901, 605.634
7.09746, 1588.18, 1248.14
3.35398, 1076.62, 1652.14
6.51634, -1850.09, 395.535
3.88599, 1431.52, 93.8368
4.44586, 330.592, 1485.18
7.19936, 142.242, 1227.04
6.24573, 374.348, -386.935
3.44774, -675.006, 1489.34
6.89581, 838.903, 950.025
6.8953, 810.402, -1607.42
3.30515, -1596.7, -500.156
5.87346, -1563.3, -358.874
6.89096, 1272.91, 277.401
6.98262, 497.04, 1052.93
3.06535, -1.90702, 1468.58
5.93789, -454.379, -490.788
3.21651, -1449.25, -1464.15
3.6901, 771.38, -73.2538
5.64383, 1816.68, -418.151
4.312, 1590.2, 739.66
4.64437, 1161.82, 1420.3
4.91936, -44.2868, -1638.14
6.20379, 30.795, -245.801
3.23098, -738.912, 1655.17
7.36238, -1657.67, -1486.3
7.3158, -1024.85, -426.53
3.14741, -1154.14, 1292.13
5.3784, -571.702, -1187.44
4.66439, 315.691, -329.553
5.50066, -450.72, -438.995
5.85098, -1335.02, -174.038
4.5137, 800.038, 1920.85
6.46691, 1330.8, 1330.33
4.89889, -1870.97, -485.526
5.72449, 598.77, 519.337
4.28836, -529.475, 1210.71
5.96794, -640.693, -436.883
5.83428, -831.296, -1342.51
3.22071, -829.074, 1415.6
7.10415, -1826.9, 375.026
4.22228, 74.3928, -459.657
6.66824, -799.885, -935.422
2.74349, 598.908, -1433.55
3.27936, -492.23, -109.254
2.55765, 649.091, 961.204
3.94327, 224.527, 1159.39
5.07295, -677.809, -304.205
3.65948, 1340.08, 864.857
2.75022, -497.321, -118.104
5.33091, -1206.7, -1574.77
6.69774, -314.809, 1281.19
4.28763, -1260.79, -899.116
4.3452, 329.683, 1698.58
7.22226, 524.997, -136.652
4.72425, -1752.53, -318.186
6.82086, 917.822, 309.352
5.82654, -1549.35, -1440.65
5.79297, 349.696, 1302.58
7.10736, -1879.19, 1882.87
5.11536, 1881.05, -1268.01
5.45229, 886.762, -883.484
5.79944, 1319.64, 1312.21
4.24765, 541.121, 946.588
4.11714, 634.931, 105.987
7.08984, -238.244, 1450.55
3.08619, 1842.12, -899.51
7.31268, 1205.12, -256.632
5.17978, 114.126, -571.616
5.81447, 1579.13, 1275.26
5.48362, 1729.51, -994.969
6.93363, -1015.26, -1445.8
6.67999, -1303.67, -1193.93
6.69339, 498.749, 372.65
6.85642, -344.746, 592.175
2.5002, -1543.76, 660.537
4.77274, 544.309, 664.632
4.25696, -1853.79, 386.908
5.80713, -506.282, 1390.21
6.22234, -1767.44, 299.963
3.3821, -319.588, -950.906
7.4621, 1599.68, -1538.03
5.95466, -1829.19, 385.445
6.97862, 295.532, -42.864
3.51579, 675.37, -195.804
7.2356, -957.664, -73.2602
4.88476, 1743.11, -951.589
6.78578, 1804.86, -1533.69
6.41237, -1812.85, -1133.67
5.70687, 1804.65, -1748.79
3.14521, -1419.57, 336.271
5.77944, 17.4424, 1324.21
3.09199, 112.346, 1.01387
3.88793, 616.444, 1559.27
6.65548, -504.84, -503.71
6.14153, -1475.36, -1013.92
6.74348, -1204.91, 583.112
3.43989, -1482.2, -1738.02
6.09602, 1114.88, -606.195
4.25586, 315.896, 607.744
3.34555, -841.642, -1382.99
4.52383, 670.641, -1041.65
4.20924, 324.487, 1471.37
6.67141, 690.76, -260.405
3.9111, 1397.89, 1176.92
5.16766, -1274.42, -899.583
6.25085, 1884.95, -1703.26
4.62554, -1309.09, -1493.03
4.66964, -1067.32, 1099.89
3.03022, 1690.8, -1831.06
6.4639, -58.7473, -867.176
3.91232, -1188.36, -930.077
7.14264, -1139.9, -473.273
5.37926, 484.067, 1022.33
3.4895, 1636.26, -592.327
5.99081, 1132.55, -1468.41
3.07265, 974.673, -1813.9
4.22945, 557.066, 1500.1
4.15646, -1130.85, -460.066
6.42735, 1654.17, -1864.34
6.65775, 916.767, -424.417
4.21712, -1457.89, 1493.85
4.2603, -520.113, 1745.98
6.38197, 259.194, -1528.77
6.58658, 0.874903, 1367.31
4.26157, -302.875, 577.707
7.09559, -808.607, -568.765
3.2877, 1032.36, 488.631
5.56029, -925.53, 1164.34
5.54222, -828.881, 1416.09
3.16647, -484.917, -1432.42
3.51409, -1436.14, -1009.25
4.79457, -1673.61, 1027.22
3.48759, -971.984, 1789.19
6.77118, -1648.74, 734.964
6.54562, -1517.65, -1319.66
2.80131, -1756.16, 1709.03
6.50584, -1420.56, 1271.35
5.49597, -334.647, -1045.26
7.43182, -1763.81, 490.971
2.65919, -266.032, 1312.02
6.8356, 1787.98, -1426.17
3.69109, 1250.39, 636.428
3.6127, 366.159, 796.65
4.73907, -1794.16, -1103.79
2.61231, 1699.21, -355.582
6.79755, -552.497, -30.1056
4.15902, 444.981, 1112.65
5.72195, 580.318, 581.871
7.43521, -1824.41, -1000.97
5.30162, 571.027, -1147.91
4.74553, -1511.32, -494.051
5.213, 308.527, -1410.37
2.90797, 1574.99, -67.0298
3.99606, -1590.88, -476.108
6.63964, 1564.55, 1292.48
6.48936, 1224.01, 1781.92
5.71048, -228.384, 1361.74
4.84105, 1239.47, 732.419
7.15326, -388.125, -1108.56
5.08798, -492.534, -95.3496
7.42924, 1589.44, -1002.39
5.94567, -109.382, -1370.61
6.19966, -312.257, -958.764
3.46323, -797.3, -1794.9
6.08881, -917.433, 1199.74
6.11146, 1147.35, -310.981
6.49298, 556.763, 296.158
4.23216, 503.589, -1922.47
5.1481, -51.4312, -221.312
3.19001, 1459.21, -672.404
6.73218, -429.557, -484.522
6.32766, -68.9948, -1693.61
7.5, 1775.41, -856.11
4.24891, 971.918, 1928.91
5.50367, -1179.36, 1120.18
3.50808, -984.028, 124.148
6.2385, 84.5306, 316.015
6.49225, 1869.93, 439.547
3.03505, -1394.17, 211.906
5.35813, -1020.57, 84.037
2.84683, 718.111, -720.517
4.16036, 1385.18, 1376.63
5.80945, 935.645, -1387.03
5.27726, 277.104, -348.544
7.12415, 455.41, -20.7397
2.69832, -930.968, 417.004
2.62083, -583.877, 442.018
4.61923, 454.187, -1284.39
4.36987, 918.898, 273.294
2.93303, -450.93, -494.938
3.05403, -267.245, 335.004
5.31992, 707.098, -679.534
7.37269, 20.8152, 1433.35
3.05066, -100.378, -1689.3
5.99352, 200.241, 1877.26
2.79674, -139.14, -1398.47
4.69755, 1665.61, -163.487
5.24651, 1925.07, 1406.16
3.45129, 1348.18, -1468.05
7.36597, 666.805, 630.952
3.19593, -1340.45, -133.675
5.48978, 1770.34, -895.117
7.12812, -1708.97, 1402.98
3.91116, -139.513, 1736.93
6.8307, -326.798, -169.306
6.29598, -402.623, -1156.36
6.10793, 680.724, 1203.75
3.34241, -685.562, 710.609
3.32882, 1583.5, 751.246
3.39076, -1295.65, -1907.53
5.87226, 638.206, -1154.6
4.83484, -641.623, 44.8521
6.85219, -1575.36, -711.716
5.76023, -1328.46, -182.878
5.80464, 1484.55, 1699.2
2.58037, -1325.35, -1194.47
4.30596, -1508.2, -1321.71
3.72747, 1816.19, 182.759
6.93086, -1800.25, -1815.48
5.23701, 1644.5, 1569.31
6.57209, -92.0405, -1276.71
5.24453, 337.496, 1680.27
4.16156, 980.868, -101.189
4.40213, 1.45045, -1298.35
2.52389, 1800.67, 1261.69
6.95226, -169.58, -798.711
6.16955, -935.922, 1335.28
6.04239, -250.584, 1324.34
5.1278, 152.682, -377.572
6.41065, -342.404, -1577.87
3.42484, -791.888, -880.561
5.72673, 519.752, 935.469
3.42178, -1292.95, -572.719
3.31214, 45.7715, -227.584
2.65594, -367.455, 1674.61
7.42716, 270.123, -1346.7
4.04559, -623.602, -1370.51
4.11075, -1326.07, -568.343
5.51155, 542.07, -427.064
2.89107, -648.473, -1792.24
3.93936, 8.38441, 130.291
5.79307, -314.817, -962.445
7.36348, -1861.26, -719.269
7.27758, -724.22, -1534.26
7.42745, -1304.8, -595.602
7.30478, -1758.66, -1404.96
3.0073, -1032.97, 1095.72
3.71505, -286.012, -933.296
6.91151, 212.1, -798.541
5.28805, 676.833, 1322.34
6.7669, 1573.95, 1047.35
7.49145, -1057.17, 1100.4
3.99751, -431.731, -944.394
6.33157, 1908.2, 855.984
4.81901, 576.801, -329.866
6.8168, -1288.31, -1518.63
6.99018, 1688.13, -56.9062
7.377, 504.409, -786.614
2.77405, 1206.96, 336.852
6.32605, 1810.84, -1262.35
5.09219, -1819.72, 1469.74
3.46574, 1880.61, -392.678
6.98252, 450.461, -1099.47
6.38492, -1667.38, 202.582
2.75968, 800.985, 1056.97
7.47331, -1631.87, 1500.58
5.93659, -136.223, -859.602
5.94854, 1740.35, 989.886
6.57666, -1314.11, 1607.47
7.05426, -124.619, -954.715
3.34218, -402.933, 737.539
5.24183, -1194.97, 1556.68
6.53351, -1008.58, -448.559
4.17803, 652.263, -1028.03
5.53435, -202.231, 63.7314
6.59602, -1784.72, 675.451
7.3485, 122.987, -473.749
6.29349, 1106.96, 1020.87
3.72113, -297.985, -210.684
5.80589, -1141.53, 769.049
4.21574, -937.309, -412.317
7.27146, 726.15, -764.758
2.60828, 1577.95, 1086.29
4.54979, -1765.18, 1840.92
2.55789, 1133.11, -1353.88
3.04964, 1734.58, 399.309
5.28259, -1619.23, 202.614
4.45466, -8.56764, -484.406
7.20539, 239.991, -367.704
2.55572, 364.677, 739.233
6.22897, -373.877, -921.498
3.84293, 275.492, 273.914
4.27153, -1311.77, -1497.63
3.45835, -889.989, 1254.86
5.14832, 599.576, -281.07
4.39478, -128.532, -1686.61
3.16407, -55.5767, -1647
4.26563, -337.797, -1044.02
4.2497, 1554.1, 1911.01
7.41084, 1238.51, -259.505
5.25961, 284.512, -715.069
4.99918, 87.6063, -1432.1
3.58531, -1658.89, 831.983
4.37311, -499.237, -1233.77
6.78251, -1304.1, -899.583
6.45578, 1599.7, -1037.99
3.9204, -1040.22, 1778.35
5.07645, 878.261, 246.683
6.79238, -527.209, 27.6021
7.07844, -1750.53, -389.935
7.48941, 266.757, 1764.32
6.53177, 278.733, -348.893
5.22718, -1794.44, -313.25
7.3461, 303.679, -1434.73
5.31931, -1156.68, 730.267
4.03031, -894.294, 1291.33
5.41853, 1801.29, 1789.37
2.91197, 141.955, -571.473
5.47382, 680.372, 1179.48
3.31968, -1141.28, -1162
6.46527, -1284.66, -962.682
2.95373, 1200.02, 1383.47
6.3072, -972.455, -1360.48
6.83996, -568.855, -31.7855
6.40105, 323.627, -672.445
6.61399, 1831.2, 1783.57
6.70974, 736.137, 1085.98
4.48328, 957.173, 496.742
6.508, -300.118, 334.906
6.56811, 743.057, -85.1398
5.43493, -803.856, 183.471
4.64621, 1537.37, -55.5019
2.5002, -72.6757, -883.543
5.31153, -1597.42, 656.613
6.22632, 712.206, 671.659
3.89846, 1803.6, 542.916
2.93406, -1885.26, 1113.61
3.5733, 1708.23, -1736.4
3.93296, -948.712, 1191.69
4.86595, -764.796, 920.757
6.95893, 1677.77, 1646.31
5.91955, 998.587, -971.07
3.54376, -17.5895, -233.255
6.67533, 1549.26, -7.45313
7.09218, 1821.95, 1773.23
4.48244, -1002.62, -1352.6
6.37858, 1096.2, 1047.9
5.68161, -247.226, -186.906
6.64746, 963.05, 517.738
3.40204, 1080.81, -930.896
7.45927, 1097.12, -1485.34
6.70558, -282.597, -1624.12
4.65177, 1734.84, 499.094
4.38589, 1190.46, 1711.8
2.70802, 1243.63, -991.982
6.80715, -1514.44, -1053.13
6.62116, 1779.52, -1770.45
6.25052, 57.7483, 1443.3
3.55801, -349.133, 1871.51
4.31029, -1563.37, -352.652
4.43545, -1205.83, -1531.19
7.32918, 1595.59, 1247.3
6.5872, -267.845, 1329.84
4.5755, -144.224, 878.892
5.83759, 392.05, 302.453
2.52101, 991.4, 1852.55
6.98048, -1439.95, 426.895
3.68416, -716.245, 707.367
3.79415, 699.681, -234.213
5.4939, 756.917, -1388.56
6.89823, -1646.87, 736.412
6.16299, -1155.53, -1160.41
6.0773, 1715.17, 1146.21
3.57724, -1178.06, 967.311
6.30413, 1369.4, -1881.71
3.85351, -375.067, -1020.05
2.75246, 1296.11, 631.611
4.78866, 613.513, 547.801
2.58759, 851.197, -1492.88
3.01129, 87.497, -420.411
2.639, -309.563, 584.461
5.65921, -715.143, -1077.31
6.34425, 137.848, -478.557
2.74132, 1080.04, -1633.81
6.6924, -51.3532, -1245.12
6.76899, -484.041, -540.839
6.57649, -982.112, 1132.08
6.85188, 1577.51, 762.993
5.27222, -1237.19, -297.644
6.12646, -488.366, 10.9865
3.20424, -985.623, 1753.79
6.6115, 1153.17, -1009.03
5.51185, 1403.33, -374.231
4.93856, 968.365, -1779.24
6.14942, -537.831, 1770.19
4.05164, 1509.98, -1315.82
3.93925, -1404.94, 669.296
5.45857, -1827.74, 1511.16
5.34055, 1210.4, 1667.31
5.41059, -1841.53, -1113.34
2.84132, -1343.1, 584.938
4.34304, 286.125, -689.775
6.28475, -1866.85, -1118.6
6.35297, -904.667, -1694.91
4.27217, -790.219, -546.878
5.98913, 427.312, 1800.01
5.08005, -1303.92, -584.3
5.94494, 706.421, 295.292
6.18066, -161.384, 1249.39
2.56231, -658.266, -1307.62
7.16549, 1273.28, -302.684
5.37826, 276.91, 223.187
3.05587, 951.218, 1922.48
4.87388, -212.601, 47.0795
3.24247, 492.643, 164.924
4.22594, 112.312, 872.244
7.04476, -1757.53, 303.021
4.54571, 15.7982, 1065.66
5.96642, -1347.62, -183.464
3.35865, 734.006, -1720.17
6.21715, 1730.18, -983.288
4.16319, -855.284, 1332.1
4.62157, 1257.19, 624.426
2.79523, -328.057, -195.37
5.09005, 546.889, -431.19
5.94425, 909.285, -1135.1
5.01149, -560.785, -31.5971
6.56617, -364.1, -1465.73
3.07974, 193.23, -1805.05
5.24841, 554.379, 935.531
5.06046, 723.439, 63.6802
6.02649, 1857.22, 901.887
5.65083, -504.369, 1743.1
4.0207, -95.4299, -1270.5
6.74719, 796.017, 695.236
3.39619, 1244.08, -58.2783
2.61737, -1008.93, -192.003
4.19467, 1385.08, 83.2623
3.43818, 747.823, -259.567
6.60467, -565.441, 321.557
6.72507, -1794.26, -374.799
6.78031, 1674.28, -1387.83
7.37454, -1831.91, 1280.73
2.99587, 850.639, -871.556
2.56182, 1133.63, 1272.8
2.58614, 450.287, 1104.28
2.64527, 443.063, 205.489
4.1031, 296.753, -709.84
6.17815, 1219.92, 579.679
3.14876, 708.438, 925.659
2.5161, -752.758, 971.398
6.91905, 270.686, -1577.95
3.70482, 399.991, -1092.36
4.38481, -1624.1, 1471.85
4.44879, 1280.61, 230.909
2.81534, 1229.58, 597.119
7.30792, 373.355, 1803.29
3.75349, 1415.38, -700.647
6.85376, -1346.83, -161.415
2.85991, -1777.04, 761.795
2.70653, -1164.75, 1162.11
3.46378, 655.152, -1053.19
3.86708, -599.38, 611.26
7.4007, -1885.68, -704.477
3.60607, 689.394, -1010.42
6.43119, -1730.09, 1667.59
4.42306, 540.673, -812.779
3.78593, 920.238, -1253.78
3.91087, -1802.58, 119.315
7.33834, 1778.8, -102.045
4.22841, 1433.22, 307.415
3.45922, -1874.3, 1454.52
5.05037, -1091.29, -735.457
5.21857, -1075.13, 1221.66
5.72333, -1315.43, -1186.06
3.89738, 6.6474, 1516.8
3.41887, -609.88, -1373.4
2.71579, -1695.83, 730.082
3.98408, -916.614, -472.607
4.25548, -459.192, 262.894
7.09372, -840.858, 1317.15
5.81225, 992.377, -703.765
5.08041, 1725.69, 1121.53
4.03763, 1165.53, 1114.28
3.0007, -664.194, 288.534
3.47502, 729.519, -1789
4.11407, 67.9312, -213.697
5.56182, 1809.72, 181.814
5.13511, 1876.2, -1909.92
3.45653, 627.084, 538.816
4.7178, -1271.34, -894.649
4.48693, -1345.25, 1622.92
6.28051, -1181.32, 1492.69
6.6213, 1450.91, 1206.13
5.51573, 269.996, -747.28
3.04573, 1173.45, -1581.62
4.11797, 940.077, -330.553
5.03403, 41.0732, 615.631
4.76521, -1329.81, 1586.55
4.77315, -346.278, -926.625
4.91125, 1826.98, 1825.21
5.07896, 724.318, -1296.79
4.50207, 362.581, 1587.01
4.22945, 1892.96, 846.673
6.64533, 1816.53, -414.58
3.02204, -1402.17, -1519.19
6.40057, 1072.94, 1066.04
3.19919, -583.725, -465.367
2.62171, -1532.6, -1033.29
6.0664, 776.995, -1385.36
7.15538, 289.901, -1580.02
7.47667, 438.609, 334.938
3.86264, -1786.48, 305.423
3.6923, -1035.28, -497.975
3.87328, 1841.88, 1216.3
5.70836, -1765.22, -1459.54
5.17637, 591.424, 251.016
6.8967, 1591.93, -587.418
6.75968, -1277.49, -1569.26
2.98004, 1661.71, -148.392
4.66818, -1448.75, 469.084
3.17045, -333.729, -1466.25
5.86802, -367.229, 624.144
5.34964, -77.1507, -886.724
3.66474, -1122.54, 1143.35
5.50306, 510.716, -1325.57
2.6551, -1531.06, -30.0053
7.08512, 1082.97, -571.542
3.82958, 1703.15, -370.288
6.50016, -350.84, -1064.91
5.46389, 224.285, -1480.91
5.0822, 677.245, 1216.67
5.2567, 737.831, 1206.41
3.47225, 914.515, -449.892
5.36152, 303.098, -1417.5
3.81992, 342.284, 793.971
4.41648, -1562, 1045.5
2.73626, -1490.88, -1748.08
4.22823, 1137.51, -1357.94
3.61594, 1281.12, -873.82
3.81264, 29.5276, -1421.46
3.05141, -818.021, -870.339
7.40088, -1359.36, -7.78493
5.93794, 1551.94, 1245.23
5.82158, -1091.23, -736.787
5.99501, -1171.11, -1336.04
2.68746, -1655.51, -1484.72
3.6706, -1301.02, -1516.13
3.95397, 1479.43, 1341.57
3.50543, 17.4632, -414.047
2.7177, 694.698, 594.477
2.56571, -1063.29, 1117.54
6.07297, -998.851, 1539
6.88348, -1698.6, -1194.13
5.35088, -1750.35, 632.206
6.92743, 1714.42, 1673.9
5.20042, -733.687, -540.624
3.31357, 1760.61, -1262.13
3.30492, 1862.95, 894.157
7.19182, 602.435, 518.238
3.45628, 1046.91, -1626.79
3.15761, -18.1801, -233.875
4.41122, -472.813, 67.5634
6.12674, 557.348, -418.039
2.50651, 1096.14, 1691.01
4.60222, 61.7206, 1444.05
5.18984, 523.068, -464.948
4.86596, -461.483, 476.122
6.33003, 1097.31, 1689.75
2.9396, 1065.89, -947.535
7.04284, 290.635, 649.377
3.20818, -1657.49, -814.153
2.54782, 722.279, -60.2328
2.82267, 536.115, 914.077
4.96742, 748.954, 440.555
5.40914, 1036.24, 1915.99
4.03373, -1837.5, 1078.34
4.57091, 1687.87, -109.314
4.33401, -1202.11, -1298.28
3.42687, 301.99, 1296.9
2.76788, 1242.06, 286.935
4.47222, 1030.24, -108.321
3.98388, -674.309, -257.311
5.05388, -774.998, 1617
3.75392, -1463.56, 452.004
5.01589, 1819.89, 1817
2.51168, 25.125, 1574.98
7.01807, 1881.8, -883.025
2.79181, -1842.1, -1855.04
5.17506, -1240.94, 1576.06
3.95754, -763.774, 1679.18
7.3023, -1573.6, -508.858
4.73406, 705.948, -206.483
5.08479, 1708.14, 358.74
5.93861, -481.812, 11.9611
2.72187, -317.159, 118.029
7.2946, -1561.24, 1188.84
5.70852, 754.464, 289.147
2.80215, 1162.58, -1489.11
3.33964, 143.118, 526.165
5.76491, 968.419, -442.03
6.19864, -1544.07, 662.648
3.57011, 1638.62, 425.576
4.31441, 275.632, -1608.09
6.56981, -1287.43, 1823.2
5.32057, 1610.77, -919.146
7.45886, -94.8396, -1702.52
6.5669, -1525.76, 736.467
3.49157, -1915.07, -36.9403
2.50003, -301.942, -1622.89
4.62608, 1802.44, -1423.24
4.07406, 1655.77, 404.1
5.56218, 1199.18, -1812.53
3.83351, -327.123, -1034.77
4.39881, -1182.16, -145.655
5.43397, 1815.29, 582.205
5.95636, -242.391, -933.572
7.26736, -859.092, -1105.32
4.89785, -591.673, -1833.61
3.60319, 765.92, -1399.1
5.33741, -1380.25, -950.448
6.09873, 737.776, 681.613
4.4953, -951.736, 1166.57
3.48326, -1362.6, 1886.55
6.66971, -1306.09, -1498.73
5.59561, -902.856, -1715.16
7.26866, -552.232, 355.025
3.23222, 19.1193, -410.769
5.38953, 35.7739, -887.941
7.26796, -860.663, 1393.75
3.62331, 1412.43, -1957.67
7.25137, -976.147, 1575.61
3.07874, 1549.48, -978.97
2.58372, -5.86878, -427.748
3.90465, -668.788, -337.172
7.15042, 1251.26, 268.613
3.04796, 1529.58, 1715.4
6.77266, 5.06823, 1527.51
5.68532, -1411.26, -1434.02
5.63853, 815.227, -1409.4
3.80589, 1434.23, 1364.98
5.13936, -1818.48, 425.293
7.16608, -463.451, 1740.22
3.98055, 1784.01, 233.37
4.78006, 369.536, 801.847
6.35659, -1326.13, -1163.64
4.17193, 269.4, 216.926
6.31775, -98.3921, -1686.78
6.65892, -52.575, 1812.41
2.64618, -1444.92, 1121.21
4.31315, 1398.79, -519.284
4.16221, 553.379, 958.194
3.17675, -1014.85, -477.922
3.00839, -589.231, 1234.43
5.11327, -1174.92, 1584.42
3.52046, 64.7726, -1019.75
5.00728, -1699.43, -1199.41
5.1371, -36.4398, 1879.94
4.13422, -530.644, -572.721
4.75888, 474.372, -824.61
6.85263, -65.2222, 1834.92
4.72884, 1209.61, 1676.13
6.03726, -901.501, -1714.77
6.83171, 1765.83, -1380.4
6.5822, 1668.32, 421.171
2.67504, 1662.89, 1672.14
3.8644, -1253.58, -499.492
5.21858, -829.726, -842.548
3.19942, -1775.34, -1125.96
5.57408, -1470.95, -1791.63
3.29182, -1176.83, -1220.83
4.41129, 214.045, 431.53
5.94997, -195.527, 366.333
3.21128, -805.147, 954.022
5.65284, -1565.81, 1519.02
3.15973, 322.738, 1827.93
7.13583, -1436.41, 406.049
5.53465, -1837.01, 1567.72
5.50388, -1779.33, 728.17
3.33635, 1149.26, -1019.58
3.301, -1673.61, -801.695
5.91628, 1189.59, -46.4028
5.1456, -1378.17, -11.6336
3.65264, -245.572, 1483.44
6.55373, -973.868, -117.986
5.76477, -826.535, -1092.64
4.08597, -1189.61, -1179.33
2.53953, -504.594, -1586.18
3.49176, 1436.76, 1392.34
3.78831, 11.6041, 748.735
3.03825, 1723.53, 66.8581
3.49545, 236.599, -826.383
6.75079, 1600.53, -1540.48
6.63912, -1810.57, 423.771
6.76813, -1860.27, -1083.12
5.71027, 598.829, 1540.55
3.6787, 1411.94, -1953.85
6.80638, -1007.28, -1555.44
5.4745, 29.0604, -253.35
2.52745, 1021.17, -125.993
6.84925, -1288.57, -900.407
7.37729, 1259.71, 247.576
5.59653, 724.967, 50.893
3.85574, -1786.55, 720.889
7.46973, -367.49, -1178.92
4.60751, -1373.58, -1016.53
4.20537, -1565.47, -1207.31
4.80717, 688.189, -207.743
4.44822, 506.424, -825.395
4.613, -54.0231, 1020.48
2.84879, 252.118, 608.016
5.5153, -67.9518, -239.954
7.36114, -101.047, 427.898
5.07406, -1419.14, -1001.71
7.45461, 1835.51, -262.822
5.84906, 1237.27, -295.575
4.01716, -1200.16, 121.078
3.47371, 1673.12, 1163.12
4.0109, -1476.5, -1787.22
4.93946, -686.422, 906.035
4.72438, 1017, 1884.88
5.7844, 670.78, -1798.65
3.74227, -1488.13, -1389.17
4.72007, 99.4736, 1088.95
5.75894, -1389.79, 7.19924
6.67472, -1414.01, 484.697
6.03698, 374.909, 1616.03
4.93928, -1684.05, -1236.84
6.72039, 781.566, -439.267
7.00296, -1020.14, -441.543
6.33082, -1330.89, -989.199
5.29453, 1307.77, 1764.24
2.70603, -16.3868, 120.353
5.46749, 1107.32, 148.124
2.68674, -1227.31, 1571.38
4.53488, 135.919, 856.886
2.84243, -1888.81, -1733.12
7.38558, -1512.01, -1818.91
2.5956, -965.857, -549.355
6.60363, -337.786, -530.238
5.2195, -758.518, 1664.74
5.72828, 1511, -680.735
3.62934, -527.322, 27.2077
2.733, 1750.95, -1433.21
3.63154, 417.899, -1076.79
4.58371, -1268.97, 260.715
6.40126, 514.15, -1232.15
3.72852, -1822.31, 687.437
4.81411, 1250.64, 306.659
6.14756, 1861.14, 573.699
5.35237, -673.7, 1593.93
5.45997, 1815.49, 1839.1
4.98425, -1771.8, 547.958
3.951, 900.156, 311.336
4.71107, 13.5098, -503.273
2.53669, 1671.26, -808.222
7.41683, 974.141, -697.834
2.52822, -1524.63, -396.997
4.8676, -204.228, 1481.73
5.86497, -653.033, -262.436
