6.27803, -1472.19, -1988.45
3.5948, 123.788, -174.733
5.89648, 719.733, -1806.66
5.09708, -470.531, 1751.13
2.76731, -1866.17, 1314.74
2.53849, 670.573, 101.184
4.58743, -1717.09, -464.671
7.15218, 356.916, 751.079
2.95982, 103.099, 1384.03
6.00595, -319.221, 636.385
3.81226, 1055.13, 1635.26
4.14117, 943.433, -1803.54
7.45519, 1020.33, 523.207
7.41275, -1012.96, -541.187
5.75759, 1008.65, 887.159
6.92354, 525.015, -1702.18
6.33247, -242.797, -900.54
3.87453, -1032.97, -98.258
4.93259, -1350.87, -604.285
2.80282, 1641.15, 1579.72
5.08146, 15.4846, 1609.22
4.96988, 1937.35, -725.723
7.23882, -1630.16, -937.251
4.42071, -3.45035, -1696.75
5.14874, 1648.74, -896.859
2.75042, 1753.73, -130.123
6.63909, 1085.83, 1075.77
5.94228, -1923.38, -1492.84
6.18112, 517.851, 1470.35
6.94286, 1978.59, 900.346
4.25508, -764.355, -1069.61
6.72991, 364.899, 52.1766
3.84659, 1327.01, -324.689
4.83959, 146.639, -352.338
3.2686, -1298.54, -858.568
2.66527, 1222.11, 284.198
7.2768, -12.0236, 145.36
6.95369, 220.042, 988.312
3.29884, 1359.81, 495.184
3.15214, 857.597, -1145.47
2.515, -904.065, -1632.52
6.0491, -1904.44, -352.51
3.40448, -1027.17, 1740.46
5.76029, 1544.94, -723.858
4.42907, 730.306, -1396.93
3.23766, -7.94282, -455.594
5.45054, 1365.95, 344.936
3.24076, 239.466, 1818.85
3.2091, -363.05, 1925.96
4.94257, -986.33, 255.161
3.13015, 1803.36, -141.869
5.64635, -717.143, -1194.66
5.60817, 601.626, -1486.05
4.88216, -1000.49, 1205.26
2.64188, -1144.89, -478.365
3.21011, -280.019, 1602.92
3.15594, -361.564, 1781.45
3.31099, -1647.59, 1515.01
3.76529, -536.558, -1706.21
4.77654, 1149.29, -1469.89
6.54472, -188.979, -599.836
3.57624, 604.918, 1717.6
3.75063, 1633.31, 728.41
5.02978, -116.276, 1441.13
6.27922, 1269.69, 376.093
5.66369, 1819.84, -139.032
5.9449, 1277.02, -255.913
7.27207, 1940.18, 817.272
5.18713, -848.468, 1424.11
4.57014, -1574, 62.3544
4.70019, 1502.75, 310.998
6.07821, 1472.65, 917.261
6.20858, 818.16, 1196.16
5.12494, 1541.36, -1919.17
6.06711, -1731.73, -148.454
5.91025, 668.384, -43.3329
6.82941, 1663.66, -1197.99
3.19597, 170.624, 1550.95
3.57766, 1943.05, -201.804
5.0733, -729.743, -222.606
4.83766, -237.289, 1505.45
3.55759, -534.637, 1223.34
5.65244, -1385.81, 1974.41
2.5044, -1946.77, 425.483
4.09589, 905.657, 1088.83
5.90281, 726.618, -311.817
6.0446, 1341.35, -1174.56
2.90869, -1617.3, 1309.87
3.56926, 532.689, 1063.86
4.44412, -1669.17, -1142.76
4.44927, 1800.58, 1805.97
3.92018, 765.414, -922.025
4.6123, 1129.73, 1102.39
2.55658, -1231.96, -869.698
3.72027, 1872.84, -1228.9
4.49072, -1442.23, 1295.21
6.64177, -1295.22, 402.685
3.78584, 1945.58, -1374.25
3.59705, -1610.1, -1078.23
6.47385, 780.036, 537.479
5.8476, 1005.52, 783.321
5.49108, -1778.98, 566.005
5.99917, -727.492, -1085.01
5.13062, 1053.54, -1522.94
4.14833, 376.584, 204.773
3.30844, -1429.38, 805.797
6.56633, 1436.37, -56.5431
4.08004, 957.368, 230.995
4.05369, 108.899, -1463.67
4.65424, 70.3344, 338.713
4.46509, -495.405, -954.62
4.43916, -99.7963, -230.269
4.34871, -1676.03, -886.507
5.88118, 686.124, -987.005
6.10384, 905.95, 56.2806
7.20082, -139.705, 1786.82
5.08573, -158.958, -715.323
5.5282, -387.871, 646.114
5.85049, -1386.39, 1960.86
5.11404, 161.77, -617.419
3.87105, -1911.84, 1291.85
7.08924, 189.225, 570.2
3.73367, 1869.27, -925.612
4.77876, 769.157, 1367.19
3.30374, -1910.74, 1293.01
4.68319, 826.43, 818.499
7.45767, 995.795, 338.629
6.26931, -878.233, 781.816
4.97846, -1971.36, -1310.9
7.01651, -1312.84, -1676.8
4.68213, 984.994, 1123.51
5.09239, 336.645, -1964.62
4.44866, 176.445, -1722.8
5.63431, -447.088, -1136.08
5.19331, 830.045, 636.307
4.35955, 1264.9, -876.702
2.54674, -738.3, 730.232
6.3794, 82.0294, -1576.92
2.85317, -1774.08, -1121.83
3.98511, 889.958, -1359.29
4.78581, -88.4518, -1777.48
3.25156, -190.887, 84.6331
5.97819, 1342.65, -865.222
4.15587, 726.134, 308.435
5.21197, 1941.05, -1761.62
2.64678, 1444.9, -1963.95
5.38086, -50.744, -472.813
5.18133, 733.81, 947.647
7.36678, -1515.89, -1849.44
5.57063, -596.051, -1238.58
5.26431, -1491.29, 420.645
6.69051, -540.26, 1815.64
3.75764, -975.399, 1871.26
6.98957, 1247.64, -286.628
5.97428, 1017.44, -1001.19
5.82752, -946.229, -190.778
3.06838, -1158.95, -1541.08
3.37987, -1962.31, 189.803
2.91253, -272.411, 389.879
6.68103, -493.526, 742.698
2.64818, 1879.09, -1542.77
6.34719, -12.2365, -1692.27
4.29829, -1007.27, 1731.69
6.24626, 6.37053, 1068.6
6.28385, 725.758, 681.648
3.60834, -1075.34, -1845.3
5.58305, 610.101, 255.724
3.66846, -1099.19, -505.431
6.22052, -1339.01, 606.736
5.80997, -1820.14, -1372.2
4.9209, 1811.71, -1492.33
2.58972, 1656.24, 476.588
4.98291, 894.26, 399.952
5.09587, -221.456, -1772.96
4.71395, -1745.73, 1061.06
4.14528, -122.551, 1897.02
3.52671, 969.627, -214.256
7.19863, -499.489, -1303.49
2.85168, -985.269, 1858.2
3.30042, 103.225, -1492.43
6.70788, -1572.56, 65.1313
4.13614, -327.871, -552.832
6.85942, 317.989, 855.302
5.99896, 1342.27, 1031.73
5.52801, 1737.82, -440.219
4.77536, 159.385, -532.336
2.91543, -1034.73, -360.081
3.94883, -110.609, -294.172
6.51009, -1142.9, -1572.64
6.81821, 677.175, 121.711
3.81831, 842.25, -1021.72
4.79881, -1671.56, -472.061
4.95672, 1223.11, -1057.65
5.82344, -934.414, -1977.28
7.31738, -1254.07, -309.522
7.23022, 1161.78, -1470.96
2.81902, 444.22, -1311.07
5.04829, -823.036, -611.76
6.13222, 1336.36, 1320.59
5.65882, 1200.41, -677.615
3.26658, -1829.98, -1817.09
5.09652, -1732.75, 1080.47
3.52281, -1112.35, 1708.66
6.03231, 800.252, -1641.39
6.05786, -948.235, -31.9331
3.66304, -1141.17, -472.77
6.80594, -115.379, -258.679
2.67122, -218.358, 1899.33
6.26587, -1870.94, 105.501
4.14789, 1284.23, 329.345
4.65309, 142.033, -1066.58
7.33455, 1934.3, -387.775
4.05803, 1465.14, 1388.67
5.69762, 1973.09, -1400.81
5.95386, 1737.41, -122.916
5.36403, 157.341, 1256.66
6.60667, 1784.24, -1368.36
4.21807, -1799.28, -1354.45
5.09387, -1621.05, -1549.01
6.78438, 244.728, -1900.86
6.18587, 689.768, 84.1323
3.45992, -1883.01, 771.062
2.83145, -616.209, 680.333
3.60828, 1694.99, -1439.07
3.33656, 340.214, -468.184
6.31172, 763.004, -1862.25
5.44905, -1686.09, 847.402
4.65223, 1719.84, 1707.69
7.09618, 1320.16, 24.3651
5.09668, 888.118, 374.692
7.38058, -1358.05, -43.4996
5.15714, -905.812, 293.436
2.98716, 668.456, 784.006
5.83983, 435.256, 197.701
5.44444, 278.168, -52.7473
5.01137, -1394.83, -228.188
2.75808, -1863.29, 918.394
2.6753, -695.855, 62.0217
4.41484, -1572.78, -1028.06
5.55555, 368.372, 201.654
5.06574, 1095.76, 1729.48
5.98498, 606.016, -52.6483
4.89891, -49.838, -371.304
3.88323, 136.563, 844.032
6.01685, -878.139, 418.067
3.67701, 1749.19, 115.006
6.41501, 371.982, -353.601
6.60589, 720.496, 1672.44
3.21842, -1069.62, 106.198
5.75757, -975.184, 1622.43
3.87677, 1738.63, -1970.85
7.26215, -855.994, 1431.71
4.58238, -1502.61, 28.2495
3.03869, -253.209, 805.973
4.70633, -1595.89, 1062.87
6.28811, -842.272, -604.642
2.77803, -677.277, -638.902
3.51241, -55.3791, 289.022
6.82305, 1881.11, -1539.54
6.52456, -531.212, -21.9697
2.78861, -1358.11, -1345.12
4.40304, -128.876, -1402.94
4.56124, -290.601, 1529.27
2.80071, -762.41, 604.976
7.09746, 1605.25, 1294.98
3.35398, 1074.98, 1609.15
6.51634, -1862.22, 311.943
3.88599, 1448.39, 92.8058
4.44586, 345.143, 1476.29
7.19936, 106.852, 1247.14
6.24573, 322.638, -330.399
3.44774, -650.554, 1519.04
6.89581, 871.557, 969.775
6.8953, 834.659, -1699.58
3.30515, -1609.32, -530.768
5.87346, -1607.83, -332.177
6.89096, 1255.87, 253.59
6.98262, 511.664, 1049.85
3.06535, -49.7006, 1508.51
5.93789, -472.369, -511.45
3.21651, -1675.32, -1530.75
3.6901, 827.864, -89.2248
5.64383, 1892.4, -436.232
4.312, 1634, 723.096
4.64437, 1176.84, 1435.08
4.91936, -25.5706, -1675.15
6.20379, -8.39638, -217.568
3.23098, -778.612, 1736.51
7.36238, -1664.83, -1543
7.3158, -1026.69, -385.062
3.14741, -1201.74, 1329.33
5.3784, -637.559, -1213.49
4.66439, 340.562, -246.821
5.50066, -474.584, -512.641
5.85098, -1395.84, -261.175
4.5137, 793.162, 1974.6
6.46691, 1280.54, 1388.39
4.89889, -1951.46, -501.106
5.72449, 595.589, 552.797
4.28836, -493.085, 1198.97
5.96794, -660.555, -441.385
5.83428, -833.938, -1407.57
3.22071, -759.133, 1423.04
7.10415, -1966.38, 443.585
4.22228, 63.6155, -471.625
6.66824, -830.023, -939.405
2.74349, 541.89, -1493.92
3.27936, -508.657, -132.837
2.55765, 662.327, 1016.99
3.94327, 241.629, 1177.23
5.07295, -691.985, -346.786
3.65948, 1364.87, 875.169
2.75022, -486.971, -143.12
5.33091, -1191.55, -1690.96
6.69774, -303.507, 1348.54
4.28763, -1290.14, -861.591
4.3452, 329.462, 1742.23
7.22226, 512.692, -146.545
4.72425, -1821.17, -359.901
6.82086, 987.858, 370.907
5.82654, -1577.41, -1471.79
5.79297, 330.545, 1330.34
7.10736, -1919.21, 1922.98
5.11536, 1905.92, -1238.17
5.45229, 878.231, -883.987
5.79944, 1335.81, 1327.54
4.24765, 563.329, 923.536
4.11714, 676.99, 97.3456
7.08984, -210.812, 1474.78
3.08619, 1807.77, -891.598
7.31268, 1348.13, -340.208
5.17978, 103.434, -660.096
5.81447, 1706.59, 1268.32
5.48362, 1800.77, -1012.92
6.93363, -1012.48, -1490.34
6.67999, -1331.5, -1213.8
6.69339, 493.646, 406.135
6.85642, -426.341, 678.946
2.5002, -1538.57, 674.872
4.77274, 517.854, 700.159
4.25696, -1864.34, 306.261
5.80713, -515.569, 1416.91
6.22234, -1757.95, 305.944
3.3821, -252.092, -913.312
7.4621, 1589.04, -1623.99
5.95466, -1862.94, 340.582
6.97862, 287.301, -24.8966
3.51579, 739.366, -267.95
7.2356, -915.732, -72.4874
4.88476, 1766.76, -1019.16
6.78578, 1840.79, -1495.25
6.41237, -1956.97, -1108.31
5.70687, 1814.94, -1818.72
3.14521, -1447.5, 297.457
5.77944, 8.86872, 1300.32
3.09199, 106.511, 18.084
3.88793, 669.251, 1606.55
6.65548, -446.046, -454.517
6.14153, -1503, -1026.31
6.74348, -1196.16, 591.359
3.43989, -1556.96, -1874.98
6.09602, 1115.35, -559.281
4.25586, 318.099, 664.551
3.34555, -832.009, -1379.55
4.52383, 671.236, -1092.22
4.20924, 318.672, 1539.8
6.67141, 779.4, -251.547
3.9111, 1395.84, 1168.48
5.16766, -1358.28, -964.851
6.25085, 1983.98, -1704.55
4.62554, -1378.4, -1519.22
4.66964, -1135.68, 1095.83
3.03022, 1714.59, -1863.1
6.4639, -80.5151, -931.366
3.91232, -1148.17, -965.443
7.14264, -1172.11, -472.306
5.37926, 497.226, 1020.04
3.4895, 1638.3, -581.122
5.99081, 1147.56, -1500.27
3.07265, 990.025, -1915.13
4.22945, 609.461, 1572.27
4.15646, -1176.47, -470.511
6.42735, 1656.39, -1921.55
6.65775, 918.732, -425.287
4.21712, -1478.71, 1509.34
4.2603, -546.931, 1783.06
6.38197, 302.459, -1645.51
6.58658, -24.4905, 1375.59
4.26157, -262.687, 570.15
7.09559, -850.479, -602.667
3.2877, 985.817, 509.028
5.56029, -968.975, 1133.34
5.54222, -759.493, 1423.99
3.16647, -503.039, -1489
3.51409, -1489.06, -957.157
4.79457, -1712.44, 1002.66
3.48759, -1050.15, 1864.74
6.77118, -1695.58, 760.653
6.54562, -1519.34, -1383.03
2.80131, -1811.19, 1769.69
6.50584, -1438.85, 1301.97
5.49597, -394.799, -1086.06
7.43182, -1780.01, 611.528
2.65919, -321.974, 1285
6.8356, 1880.32, -1546.87
3.69109, 1334.78, 696.64
3.6127, 346.129, 860.287
4.73907, -1965.48, -1103.26
2.61231, 1728.04, -361.458
6.79755, -509.845, 27.0593
4.15902, 427.125, 1178.56
5.72195, 610.696, 504.128
7.43521, -1887.89, -966.991
5.30162, 569.121, -1166.62
4.74553, -1515.48, -492.598
5.213, 329.975, -1450.77
2.90797, 1546.15, -65.6929
3.99606, -1630.35, -552.604
6.63964, 1641.47, 1352.9
6.48936, 1249.89, 1870.53
5.71048, -207.132, 1359.74
4.84105, 1260.44, 771.136
7.15326, -397.994, -1217.11
5.08798, -486.019, -144.458
7.42924, 1594.95, -1074.86
5.94567, -159.285, -1443.14
6.19966, -360.958, -902.972
3.46323, -785.554, -1865.93
6.08881, -906.981, 1246.28
6.11146, 1139.89, -360.15
6.49298, 533.719, 307.219
4.23216, 510.304, -1990.15
5.1481, -31.9748, -123.118
3.19001, 1432.04, -719.447
6.73218, -449.01, -420.978
6.32766, -166.113, -1766.45
7.5, 1846.57, -839.516
4.24891, 965.501, 1980.4
5.50367, -1200.6, 1179.2
3.50808, -991.761, 166.967
6.2385, 58.6785, 307.43
6.49225, 1948.6, 432.781
3.03505, -1411.14, 218.204
5.35813, -1014.12, 94.308
2.84683, 720.545, -673.288
4.16036, 1489.46, 1379.49
5.80945, 971.898, -1414.79
5.27726, 349.001, -387.759
7.12415, 457.772, -23.3514
2.69832, -969.781, 451.494
2.62083, -621.308, 478.527
4.61923, 432.187, -1312.11
4.36987, 921.917, 270.783
2.93303, -461.669, -485.729
3.05403, -315.828, 341.759
5.31992, 733.823, -693.883
7.37269, 119.754, 1482.49
3.05066, -86.948, -1784.98
5.99352, 198.135, 1958.4
2.79674, -101.219, -1481.76
4.69755, 1670.22, -214.492
5.24651, 1981.46, 1430.83
3.45129, 1381.11, -1498.92
7.36597, 630.036, 652.546
3.19593, -1361.08, -115.81
5.48978, 1874.08, -863.859
7.12812, -1744.11, 1407.89
3.91116, -161.555, 1768.75
6.8307, -285.005, -167.277
6.29598, -451.992, -1198.67
6.10793, 711.169, 1230.35
3.34241, -750.678, 738.557
3.32882, 1666.33, 745.407
3.39076, -1294.82, -1975.96
5.87226, 669.481, -1202.1
4.83484, -707.096, 79.1603
6.85219, -1619.73, -716.031
5.76023, -1393.41, -234.222
5.80464, 1521.23, 1757.61
2.58037, -1330.44, -1211.16
4.30596, -1554.09, -1332.85
3.72747, 1845.92, 233.473
6.93086, -1871.27, -1897.13
5.23701, 1647.16, 1549.68
6.57209, -53.6277, -1295.27
5.24453, 353.614, 1730.22
4.16156, 1012.13, -110.261
4.40213, 46.4879, -1308.94
2.52389, 1860.43, 1307.11
6.95226, -180.591, -794.819
6.16955, -992.197, 1370.2
6.04239, -308.364, 1319.63
5.1278, 114.22, -372.112
6.41065, -380.76, -1627.35
3.42484, -773.955, -940.936
5.72673, 491.048, 1042.72
3.42178, -1375.46, -682.348
3.31214, 123.912, -184.753
2.65594, -363.959, 1699.2
7.42716, 261.193, -1331.74
4.04559, -661.963, -1431.24
4.11075, -1355.43, -599.997
5.51155, 564.838, -474.793
2.89107, -658.516, -1842.65
3.93936, -40.5979, 181.734
5.79307, -249.599, -985.811
7.36348, -1980.9, -698.559
7.27758, -726.215, -1589.41
7.42745, -1338.19, -578.663
7.30478, -1823.89, -1521.51
3.0073, -1116.5, 1132.48
3.71505, -255.781, -978.895
6.91151, 199.131, -864.402
5.28805, 680.562, 1397.71
6.7669, 1603.96, 1032.57
7.49145, -1074, 1052.51
3.99751, -511.321, -962.718
6.33157, 1947.43, 970.24
4.81901, 570.481, -288.692
6.8168, -1272.65, -1583.04
6.99018, 1719.02, 6.85504
7.377, 515.245, -831.377
2.77405, 1315.33, 171.572
6.32605, 1886.46, -1237.51
5.09219, -1864.52, 1478.07
3.46574, 1842.41, -466.988
6.98252, 394.913, -1087.48
6.38492, -1667.72, 194.294
2.75968, 830.329, 1081.1
7.47331, -1703.9, 1528.3
5.93659, -10.1764, -916.584
5.94854, 1774.23, 993.361
6.57666, -1314.08, 1633.65
7.05426, -74.1553, -877.479
3.34218, -402.774, 804.829
5.24183, -1161.07, 1606.57
6.53351, -976.051, -506.119
4.17803, 655.489, -1077.84
5.53435, -212.337, 59.9628
6.59602, -1898.74, 667.933
7.3485, 171.324, -498.227
6.29349, 1166.36, 987.033
3.72113, -358.424, -184.607
5.80589, -1144.09, 805.206
4.21574, -898.006, -374.809
7.27146, 750.594, -791.233
2.60828, 1605.58, 1110.39
4.54979, -1782.72, 1890.53
2.55789, 1178.28, -1346.32
3.04964, 1669.32, 394.729
5.28259, -1689.86, 187.277
4.45466, -36.9385, -475.408
7.20539, 235.29, -365.512
2.55572, 358.682, 785.629
6.22897, -443.189, -873.584
3.84293, 221.756, 248.902
4.27153, -1347.76, -1526.3
3.45835, -919.763, 1237.25
5.14832, 590.692, -337.368
4.39478, -113.392, -1712.94
3.16407, -23.9616, -1606.71
4.26563, -254.422, -1126.44
4.2497, 1566.9, 1967.93
7.41084, 1215.87, -250.691
5.25961, 302.626, -747.337
4.99918, 28.1212, -1430.12
3.58531, -1668.9, 910.262
4.37311, -470.854, -1298.36
6.78251, -1318.53, -933.37
6.45578, 1586.32, -1031
3.9204, -992.056, 1854.95
5.07645, 874.157, 203.516
6.79238, -582.4, -46.0382
7.07844, -1878.71, -346.036
7.48941, 271.082, 1828.26
6.53177, 340.492, -380.017
5.22718, -1795.31, -369.159
7.3461, 301.286, -1469.06
5.31931, -1169.74, 725.233
4.03031, -835.174, 1317.25
5.41853, 1927.46, 1900.84
2.91197, 98.2035, -660.393
5.47382, 709.87, 1237.89
3.31968, -1196.2, -1183.14
6.46527, -1219.04, -874.37
2.95373, 1159.42, 1475.51
6.3072, -1009.7, -1359.17
6.83996, -447.506, 61.4356
6.40105, 380.797, -668.605
6.61399, 1817.02, 1933.96
6.70974, 744.503, 1105.14
4.48328, 1051.98, 513.496
6.508, -320.908, 336.067
6.56811, 759.817, -87.5523
5.43493, -818.753, 201.326
4.64621, 1589.67, -98.0931
2.5002, -123.335, -955.368
5.31153, -1628.84, 634.422
6.22632, 674.096, 704.698
3.89846, 1934.03, 579.293
2.93406, -1968.72, 1129.23
3.5733, 1706.82, -1759.97
3.93296, -980.281, 1130.6
4.86595, -810.226, 948.353
6.95893, 1689.11, 1639.59
5.91955, 1030.81, -1010.33
3.54376, -97.8651, -136.071
6.67533, 1586.15, 22.5383
7.09218, 1859.58, 1836.4
4.48244, -951.135, -1399.88
6.37858, 1081.06, 1053.95
5.68161, -319.781, -179.934
6.64746, 966.123, 579.197
3.40204, 1110.95, -929.485
7.45927, 1158.47, -1526.33
6.70558, -307.303, -1691.12
4.65177, 1774.41, 530.154
4.38589, 1192.79, 1776.08
2.70802, 1307.26, -1010.09
6.80715, -1602.44, -1063.85
6.62116, 1832.65, -1797.54
6.25052, 26.3509, 1462.39
3.55801, -330.63, 1980.93
4.31029, -1563.08, -383.761
4.43545, -1180.71, -1599.69
7.32918, 1591.08, 1269.75
6.5872, -333.55, 1266.05
4.5755, -163.466, 897.454
5.83759, 409.098, 364.351
2.52101, 952.514, 1952.91
6.98048, -1478.59, 500.347
3.68416, -687.289, 709.661
3.79415, 712.228, -187.345
5.4939, 810.891, -1414.27
6.89823, -1673.7, 738.162
6.16299, -1125.76, -1178.46
6.0773, 1821.19, 1140.26
3.57724, -1214.4, 962.349
6.30413, 1357.9, -1913.92
3.85351, -323.158, -1115.94
2.75246, 1330.26, 674.167
4.78866, 540.96, 491.641
2.58759, 895.342, -1554.41
3.01129, 144.319, -344.582
2.639, -261.422, 564.616
5.65921, -683.309, -1032.77
6.34425, 162.138, -492.775
2.74132, 1051.64, -1678.16
6.6924, -112.72, -1261.15
6.76899, -525.636, -635.095
6.57649, -894.067, 1149.54
6.85188, 1588.7, 809.134
5.27222, -1263.13, -337.439
6.12646, -587.578, 114.267
3.20424, -1050.14, 1852.31
6.6115, 1186.72, -1050.53
5.51185, 1463.62, -393.488
4.93856, 1015.23, -1837.72
6.14942, -574.698, 1897.97
4.05164, 1514.83, -1337.06
3.93925, -1398.97, 705.763
5.45857, -1901.14, 1615.8
5.34055, 1307.34, 1764.11
5.41059, -1871.46, -1148.64
2.84132, -1377.78, 566.298
4.34304, 298.575, -777.804
6.28475, -1857.43, -1153.62
6.35297, -899.204, -1733.05
4.27217, -787.748, -506.523
5.98913, 482.769, 1861.11
5.08005, -1338.82, -590.52
5.94494, 779.569, 266.182
6.18066, -163.955, 1232.38
2.56231, -685.46, -1347.61
7.16549, 1226.88, -247.821
5.37826, 265.508, 251.713
3.05587, 924.65, 1947.58
4.87388, -208.748, 66.9829
3.24247, 364.96, 204.627
4.22594, 102.013, 896.299
7.04476, -1864.2, 366.789
4.54571, 29.0013, 1036.52
5.96642, -1358.5, -150.388
3.35865, 761.131, -1886.03
6.21715, 1777.57, -1002.12
4.16319, -849.986, 1286.26
4.62157, 1330.51, 623.972
2.79523, -275.121, -225.281
5.09005, 574.859, -463.073
5.94425, 946.773, -1161.16
5.01149, -519.465, 23.141
6.56617, -338.944, -1500.44
3.07974, 165.083, -1874.24
5.24841, 542.642, 929.739
5.06046, 818.527, 42.1169
6.02649, 1916.36, 882.4
5.65083, -477.055, 1770.22
4.0207, -52.9688, -1277.55
6.74719, 799.514, 740.145
3.39619, 1208.4, -43.289
2.61737, -1058.34, -200.332
4.19467, 1472.11, 104.57
3.43818, 706.744, -178.385
6.60467, -575.639, 369.401
6.72507, -1790.42, -320.105
6.78031, 1691.07, -1436.33
7.37454, -1907.93, 1281.2
2.99587, 936.312, -895.832
2.56182, 1129.24, 1311.29
2.58614, 442.177, 1164.85
2.64527, 501.432, 191.771
4.1031, 301.974, -784.306
6.17815, 1253.42, 603.856
3.14876, 710.173, 954.19
2.5161, -736.921, 1012.41
6.91905, 278.884, -1580.34
3.70482, 460.905, -1145.24
4.38481, -1633.84, 1530.11
4.44879, 1227.08, 369.248
2.81534, 1192.55, 588.822
7.30792, 367.326, 1909.35
3.75349, 1452, -678.294
6.85376, -1355.35, -133.874
2.85991, -1834.19, 849.878
2.70653, -1241.89, 1147.46
3.46378, 720.428, -1045.97
3.86708, -619.653, 605.806
7.4007, -1903.81, -730.43
3.60607, 643.43, -1065.87
6.43119, -1750.25, 1710.01
4.42306, 599.226, -842.848
3.78593, 957.794, -1272.8
3.91087, -1886.68, 127.363
7.33834, 1734.66, -72.1711
4.22841, 1531.2, 341.305
3.45922, -1962.98, 1474.2
5.05037, -1095.21, -760.905
5.21857, -1113.69, 1266.45
5.72333, -1284.56, -1229.88
3.89738, -22.5246, 1584.08
3.41887, -593.457, -1435.97
2.71579, -1675.81, 760.843
3.98408, -1002.06, -526.631
4.25548, -462.764, 280.358
7.09372, -844.711, 1440.34
5.81225, 1013.33, -725.443
5.08041, 1731.89, 1168.8
4.03763, 1228.51, 1172.99
3.0007, -703.508, 309.179
3.47502, 758.788, -1760.66
4.11407, 62.3297, -261.263
5.56182, 1923.05, 173.79
5.13511, 1919.63, -1965.14
3.45653, 518.984, 567.373
4.7178, -1277.69, -845.607
4.48693, -1415.52, 1705.25
6.28051, -1212.27, 1489.49
6.6213, 1472.39, 1205.19
5.51573, 284.343, -690.686
3.04573, 1217.5, -1654.13
4.11797, 972.321, -330.625
5.03403, 18.0846, 636.063
4.76521, -1296.65, 1602.12
4.77315, -360.258, -910.596
4.91125, 1839.4, 1825.8
5.07896, 737.851, -1301.99
4.50207, 406.039, 1647.32
4.22945, 1932.78, 967.224
6.64533, 1864.36, -482.447
3.02204, -1462.2, -1592.82
6.40057, 1168.67, 1132.81
3.19919, -594.668, -478.172
2.62171, -1589.61, -1039.96
6.0664, 812.694, -1504.78
7.15538, 296.887, -1652.9
7.47667, 368.9, 348.551
3.86264, -1745.41, 305.399
3.6923, -948.276, -512.752
3.87328, 1921.53, 1238.72
5.70836, -1814.62, -1460.81
5.17637, 620.081, 308.122
6.8967, 1665.57, -592.183
6.75968, -1342.04, -1669.41
2.98004, 1810.45, -77.6149
4.66818, -1492.81, 411.758
3.17045, -408.284, -1512.1
5.86802, -337.903, 617.676
5.34964, -107.975, -950.138
3.66474, -1243.06, 1133.67
5.50306, 532.005, -1376.26
2.6551, -1602.75, -54.9494
7.08512, 1135.48, -622.03
3.82958, 1721.8, -348.026
6.50016, -367.363, -1020.07
5.46389, 336.839, -1435.32
5.0822, 706.171, 1255.33
5.2567, 643.745, 1282.84
3.47225, 1007.85, -468.541
5.36152, 248.922, -1484.13
3.81992, 424.554, 803.745
4.41648, -1531.5, 1078.43
2.73626, -1512.85, -1795
4.22823, 1171.83, -1342.23
3.61594, 1336.75, -861.593
3.81264, 35.7783, -1468.56
3.05141, -858.434, -806.735
7.40088, -1410.03, 37.4068
5.93794, 1604.65, 1272.79
5.82158, -1095.9, -753.431
5.99501, -1202.16, -1344.5
2.68746, -1672.89, -1545.48
3.6706, -1259.38, -1491.76
3.95397, 1442.45, 1387.1
3.50543, -70.6468, -511.284
2.7177, 740.347, 672.657
2.56571, -1049.96, 1038.1
6.07297, -1052.42, 1530.73
6.88348, -1732.7, -1257.02
5.35088, -1772.62, 539.312
6.92743, 1729.9, 1733.21
5.20042, -713.957, -558.883
3.31357, 1858.74, -1292.25
3.30492, 1919.89, 882.28
7.19182, 633.245, 573.252
3.45628, 1105.61, -1700.59
3.15761, 3.14062, -197.905
4.41122, -622.195, -12.9557
6.12674, 516.782, -525.474
2.50651, 1080.33, 1750.75
4.60222, 51.6937, 1473.19
5.18984, 609.739, -428.693
4.86596, -476.593, 493.365
6.33003, 1080.16, 1749.05
2.9396, 1112.22, -925.816
7.04284, 271.232, 646.221
3.20818, -1740.78, -795.159
2.54782, 864.311, -101.079
2.82267, 479.561, 1048.18
4.96742, 762.783, 444.513
5.40914, 1057.1, 1950.42
4.03373, -1893.53, 1088.89
4.57091, 1810.25, -139.128
4.33401, -1151.73, -1374.26
3.42687, 362.826, 1334.7
2.76788, 1276.48, 353.555
4.47222, 1079.54, -130.391
3.98388, -695.061, -264.82
5.05388, -791.738, 1639.57
3.75392, -1403.6, 459.359
5.01589, 1922.46, 1772.43
2.51168, -18.3131, 1573.74
7.01807, 1986.87, -895.473
2.79181, -1813.55, -1892.29
5.17506, -1369.69, 1611.51
3.95754, -753.323, 1751.17
7.3023, -1617.76, -537.717
4.73406, 641.593, -218.109
5.08479, 1784.67, 336.345
5.93861, -502.263, 60.0478
2.72187, -321.054, 149.869
7.2946, -1594.05, 1212.11
5.70852, 738.562, 315.868
2.80215, 1254.97, -1557.96
3.33964, 100.152, 535.631
5.76491, 975.242, -494.003
6.19864, -1538.57, 674.901
3.57011, 1712.72, 407.266
4.31441, 312.297, -1740.86
6.56981, -1295.59, 1866.42
5.32057, 1615.55, -940.858
7.45886, -86.2589, -1783.27
6.5669, -1526.97, 791.367
3.49157, -1983.07, -45.4435
2.50003, -303.086, -1687.7
4.62608, 1894.68, -1547.5
4.07406, 1684.73, 397.722
5.56218, 1212.83, -1863.95
3.83351, -387.475, -1085.1
4.39881, -1189.44, -123.892
5.43397, 1918.25, 601.118
5.95636, -282.387, -1023.62
7.26736, -915.136, -1141.32
4.89785, -586.06, -1904.24
3.60319, 755.594, -1454.9
5.33741, -1445.37, -897.666
6.09873, 859.017, 726.525
4.4953, -990.795, 1108.05
3.48326, -1381.6, 1966.01
6.66971, -1343.65, -1514.69
5.59561, -893.902, -1748.93
7.26866, -583.466, 351.973
3.23222, -28.568, -551.672
5.38953, 78.241, -917.659
7.26796, -785.728, 1436.69
3.62331, 1443.41, -1969.95
7.25137, -989.26, 1599.19
3.07874, 1581.31, -1022.06
2.58372, 60.1359, -517.433
3.90465, -715.778, -334.193
7.15042, 1285.69, 343.767
3.04796, 1499.48, 1745.17
6.77266, 57.4334, 1652.86
5.68532, -1450.33, -1462.25
5.63853, 815.871, -1422.09
3.80589, 1447.22, 1488.91
5.13936, -1901.83, 434.686
7.16608, -552.299, 1808.61
3.98055, 1843.72, 207.692
4.78006, 313.728, 904.684
6.35659, -1312.3, -1229.24
4.17193, 208.22, 239.21
6.31775, -79.311, -1877.68
6.65892, -60.4683, 1883.93
2.64618, -1449.92, 1135.54
4.31315, 1428.64, -534.172
4.16221, 574.741, 921.627
3.17675, -1034.98, -600.731
3.00839, -611.754, 1246.51
5.11327, -1218.12, 1625.76
3.52046, 61.2996, -1065.51
5.00728, -1743.93, -1252.72
5.1371, 0.315406, 1922.61
4.13422, -534.047, -585.593
4.75888, 453.177, -886.419
6.85263, -14.3501, 1960.53
4.72884, 1287.39, 1729.54
6.03726, -916.789, -1832.55
6.83171, 1824.63, -1397.62
6.5822, 1734.28, 437.448
2.67504, 1784.62, 1676.81
3.8644, -1304.35, -474.574
5.21858, -844.345, -861.179
3.19942, -1969.42, -1090.67
5.57408, -1553.31, -1873.1
3.29182, -1371.62, -1209.75
4.41129, 199.068, 441.546
5.94997, -189.032, 378.306
3.21128, -780.93, 924.343
5.65284, -1569.36, 1584.27
3.15973, 394.883, 1871.61
7.13583, -1480.15, 503.185
5.53465, -1876.49, 1568.75
5.50388, -1844.26, 747.04
3.33635, 1186.5, -1061.36
3.301, -1729.77, -800.352
5.91628, 1243.27, -58.0913
5.1456, -1423.31, -26.0843
3.65264, -269.419, 1612.68
6.55373, -1004.71, -115.266
5.76477, -839.547, -1119.47
4.08597, -1117.74, -1174.76
2.53953, -523.713, -1628.66
3.49176, 1463.06, 1468.81
3.78831, -15.2581, 763.054
3.03825, 1775.33, 77.1292
3.49545, 261.625, -865.126
6.75079, 1607.54, -1542.56
6.63912, -1960.05, 415.819
6.76813, -1921.1, -1108.83
5.71027, 574.144, 1557.34
3.6787, 1440.48, -1965.21
6.80638, -1005.39, -1615.48
5.4745, 72.687, -207.694
2.52745, 1012.2, -64.0831
6.84925, -1318.23, -940.272
7.37729, 1296.89, 210.673
5.59653, 755.945, 28.7033
3.85574, -1876.02, 764.783
7.46973, -320.987, -1264.09
4.60751, -1443.2, -1056.73
4.20537, -1587.96, -1229.45
4.80717, 736.871, -271.288
4.44822, 526.97, -760.655
4.613, -97.6278, 1030.12
2.84879, 262.559, 577.272
5.5153, -121.623, -265.095
7.36114, -99.4973, 459.614
5.07406, -1393.97, -1067.85
7.45461, 1906.37, -274.915
5.84906, 1261.82, -283.158
4.01716, -1210.72, 139.926
3.47371, 1746.19, 1138.08
4.0109, -1421.86, -1869.79
4.93946, -670.763, 921.448
4.72438, 1066.51, 1974.77
5.7844, 641.116, -1877.74
3.74227, -1555.79, -1338.87
4.72007, 109.31, 1110.35
5.75894, -1384.21, 102.492
6.67472, -1429.29, 380.012
6.03698, 388.633, 1626.83
4.93928, -1739.03, -1210.5
6.72039, 798.418, -475.562
7.00296, -1008.45, -373.077
6.33082, -1303.85, -1049.55
5.29453, 1259.45, 1700.09
2.70603, -26.6544, 163.514
5.46749, 1126.98, 132.139
2.68674, -1354.43, 1645.47
4.53488, 50.6518, 873.889
2.84243, -1948.39, -1761.94
7.38558, -1550.59, -1764.8
2.5956, -1031.6, -469.746
6.60363, -311.455, -533.204
5.2195, -767.43, 1740.94
5.72828, 1580.72, -665.522
3.62934, -521.373, 103.102
2.733, 1660.99, -1394.1
3.63154, 425.762, -1109.26
4.58371, -1267.23, 269.739
6.40126, 530.813, -1261.54
3.72852, -1845.53, 764.512
4.81411, 1310.88, 183.443
6.14756, 1856.47, 581.29
5.35237, -661.535, 1629.35
5.45997, 1868.23, 1832.85
4.98425, -1880.84, 560.906
3.951, 976.544, 223.519
4.71107, -16.7139, -458.435
2.53669, 1706.72, -792.937
7.41683, 989.519, -716.037
2.52822, -1615.05, -300.934
4.8676, -219.32, 1477.96
5.86497, -621.932, -244.721
