6.27803, -1469.17, -1966.88
3.5948, 108.342, -188.904
5.89648, 728.939, -1798.18
5.09708, -502.957, 1771.68
2.76731, -1895.36, 1290.75
2.53849, 678.096, 102.045
4.58743, -1683.85, -464.168
7.15218, 359.606, 767.327
2.95982, 94.0344, 1383.57
6.00595, -322.568, 632.94
3.81226, 1067.98, 1611.75
4.14117, 942.139, -1791.66
7.45519, 1011.95, 513.904
7.41275, -979.489, -506.287
5.75759, 999.805, 880.634
6.92354, 522.217, -1689.13
6.33247, -241.032, -904.97
3.87453, -986.389, -119.82
4.93259, -1342.87, -566.638
2.80282, 1630.41, 1546.19
5.08146, 6.54754, 1588.72
4.96988, 1920.41, -729.332
7.23882, -1617.58, -940.556
4.42071, -12.9046, -1666.02
5.14874, 1635.7, -908.739
2.75042, 1730.86, -87.1075
6.63909, 1098.38, 1085.54
5.94228, -1898.5, -1482.14
6.18112, 517.356, 1465.55
6.94286, 1935.93, 894.234
4.25508, -727.044, -1071.95
6.72991, 365.8, 50.4229
3.84659, 1329.68, -329.832
4.83959, 130.678, -361.493
3.2686, -1293.27, -899.454
2.66527, 1251.54, 277.591
7.2768, -29.5038, 170.002
6.95369, 223.107, 979.34
3.29884, 1344.51, 487.213
3.15214, 855.52, -1139.07
2.515, -908.563, -1626.16
6.0491, -1844.91, -350.549
3.40448, -998.128, 1711.09
5.76029, 1539.8, -711.955
4.42907, 741.458, -1395.06
3.23766, -39.4279, -476.947
5.45054, 1332.7, 337.838
3.24076, 285.884, 1814.34
3.2091, -359.295, 1913.09
4.94257, -976.726, 247.102
3.13015, 1767.81, -134.716
5.64635, -706.483, -1183.08
5.60817, 594.604, -1473.07
4.88216, -984.72, 1189.9
2.64188, -1103.31, -479.641
3.21011, -261.802, 1604.1
3.15594, -366.999, 1765.83
3.31099, -1661.96, 1507.49
3.76529, -532.654, -1688.51
4.77654, 1135.65, -1502.02
6.54472, -185.777, -596.061
3.57624, 601.918, 1700.62
3.75063, 1637.93, 737.737
5.02978, -118.621, 1436.76
6.27922, 1277.02, 327.722
5.66369, 1793.65, -129.391
5.9449, 1228.15, -250.6
7.27207, 1924.64, 836.866
5.18713, -816.427, 1436.07
4.57014, -1559.95, 53.4368
4.70019, 1505.39, 324.892
6.07821, 1464.51, 914.105
6.20858, 803.164, 1183.8
5.12494, 1536.02, -1910.8
6.06711, -1717.94, -151.669
5.91025, 662.66, -41.985
6.82941, 1658.52, -1191.05
3.19597, 160.36, 1534.07
3.57766, 1916.45, -208.324
5.0733, -714.882, -236.656
4.83766, -200.175, 1460.34
3.55759, -523.019, 1216.04
5.65244, -1384.7, 1938.39
2.5044, -1905.85, 394.656
4.09589, 898.729, 1080.27
5.90281, 737.619, -266.298
6.0446, 1333.35, -1166.44
2.90869, -1608.93, 1300.64
3.56926, 523.928, 1007.68
4.44412, -1657.18, -1137.78
4.44927, 1824.65, 1820.91
3.92018, 759.434, -920.197
4.6123, 1115.25, 1090.22
2.55658, -1252.46, -866.871
3.72027, 1854.6, -1249.25
4.49072, -1424.53, 1313.69
6.64177, -1300.53, 400.321
3.78584, 1946.23, -1395.96
3.59705, -1588.26, -1068.97
6.47385, 772.459, 535.005
5.8476, 994.053, 780.378
5.49108, -1770.75, 573.078
5.99917, -743.8, -1072.67
5.13062, 1061.11, -1508.98
4.14833, 366.082, 194.964
3.30844, -1432.52, 794.274
6.56633, 1428.03, -52.5583
4.08004, 961.425, 229.875
4.05369, 95.7859, -1482.22
4.65424, 58.2964, 300.114
4.46509, -498.191, -960.149
4.43916, -98.7842, -291.827
4.34871, -1655.39, -894.44
5.88118, 684.369, -993.73
6.10384, 890.117, 57.2571
7.20082, -142.66, 1773.2
5.08573, -160.199, -718.657
5.5282, -380.158, 646.948
5.85049, -1370.71, 1964.15
5.11404, 151.669, -604.886
3.87105, -1897.35, 1292.02
7.08924, 198.247, 567.271
3.73367, 1847.61, -907.927
4.77876, 755.942, 1350.81
3.30374, -1888.04, 1262.42
4.68319, 817.331, 800.211
7.45767, 972.258, 367.471
6.26931, -871.406, 780.188
4.97846, -1949.77, -1302.71
7.01651, -1305.36, -1653.96
4.68213, 982.076, 1108.17
5.09239, 331.968, -1946.16
4.44866, 177.217, -1704.6
5.63431, -428.651, -1136.23
5.19331, 816.381, 637.256
4.35955, 1268.46, -872.606
2.54674, -743.848, 733.859
6.3794, 78.6935, -1562.33
2.85317, -1765.98, -1129.94
3.98511, 880.232, -1360.25
4.78581, -83.4748, -1773.01
3.25156, -218.672, 76.5733
5.97819, 1340.79, -867.144
4.15587, 743.499, 308.117
5.21197, 1929.64, -1745.33
2.64678, 1455.75, -1889.33
5.38086, -24.4708, -478.62
5.18133, 725.641, 942.995
7.36678, -1529.56, -1849.48
5.57063, -602.691, -1221.23
5.26431, -1473.52, 407.662
6.69051, -530.336, 1782.32
3.75764, -1013.97, 1842.83
6.98957, 1217.63, -259.702
5.97428, 1003.38, -987.804
5.82752, -947.875, -186.889
3.06838, -1164.61, -1577.19
3.37987, -1937.82, 193.391
2.91253, -273.732, 375.021
6.68103, -483.7, 729.992
2.64818, 1903.75, -1567.32
6.34719, -28.6899, -1678.13
4.29829, -1025.66, 1730.9
6.24626, 26.2394, 1044.54
6.28385, 726.82, 676.007
3.60834, -1070.93, -1828.28
5.58305, 609.833, 269.812
3.66846, -1103.74, -476.938
6.22052, -1344.89, 596.159
5.80997, -1803.39, -1367.2
4.9209, 1849.61, -1516.58
2.58972, 1658.16, 460.702
4.98291, 895.14, 396.51
5.09587, -196.381, -1750.79
4.71395, -1720.3, 1069.15
4.14528, -108.416, 1875.68
3.52671, 963.321, -210.521
7.19863, -472.462, -1276.95
2.85168, -983.386, 1851.33
3.30042, 100.78, -1457.37
6.70788, -1553.61, 65.9146
4.13614, -332.424, -551.363
6.85942, 342.525, 854.717
5.99896, 1334.65, 1029.42
5.52801, 1732.29, -433.207
4.77536, 151.02, -482.529
2.91543, -980.556, -392.55
3.94883, -95.8612, -253.129
6.51009, -1160.07, -1553.38
6.81821, 697.201, 89.3857
3.81831, 834.84, -1015.65
4.79881, -1666.28, -476.292
4.95672, 1228.73, -1055.06
5.82344, -932.38, -1959.25
7.31738, -1254.17, -338.106
7.23022, 1162.53, -1499.18
2.81902, 427.689, -1307.5
5.04829, -873.45, -589.662
6.13222, 1329.63, 1342.25
5.65882, 1185.52, -668.668
3.26658, -1822.27, -1815.1
5.09652, -1730.39, 1048.6
3.52281, -1101.89, 1693.94
6.03231, 803.526, -1638.26
6.05786, -935.401, -58.5521
3.66304, -1095.56, -490.826
6.80594, -104.686, -258.167
2.67122, -211.654, 1881.47
6.26587, -1869.42, 132.034
4.14789, 1254.36, 351.239
4.65309, 134.215, -1057.15
7.33455, 1906.01, -392.754
4.05803, 1478.66, 1375.06
5.69762, 1932.47, -1382.77
5.95386, 1762.77, -116.327
5.36403, 133.972, 1246.96
6.60667, 1796.97, -1384.78
4.21807, -1782.87, -1345.98
5.09387, -1648.52, -1534.66
6.78438, 242.349, -1883.27
6.18587, 668.128, 103.691
3.45992, -1807.79, 751.132
2.83145, -615.609, 673.312
3.60828, 1686.39, -1421.21
3.33656, 333.029, -445.968
6.31172, 753.354, -1834.12
5.44905, -1677.77, 833.001
4.65223, 1734.29, 1727
7.09618, 1311.11, 25.0234
5.09668, 887.647, 364.683
7.38058, -1365.49, -55.0454
5.15714, -903.784, 285.927
2.98716, 669.513, 764.427
5.83983, 417.021, 209.355
5.44444, 282.608, -48.608
5.01137, -1387.77, -249.512
2.75808, -1844.69, 905.201
2.6753, -697.834, 77.2746
4.41484, -1592.24, -1042.78
5.55555, 362.038, 203.303
5.06574, 1084.47, 1737.63
5.98498, 617.945, -50.9593
4.89891, -43.8887, -374.823
3.88323, 134.98, 848.99
6.01685, -875.55, 410.555
3.67701, 1743.11, 99.4239
6.41501, 326.915, -370.477
6.60589, 710.177, 1656.62
3.21842, -1050.1, 99.5634
5.75757, -972.634, 1615.15
3.87677, 1729.01, -1952.36
7.26215, -811.136, 1442.04
4.58238, -1492.7, 30.2351
3.03869, -251.79, 798.667
4.70633, -1586.72, 1059.81
6.28811, -835.248, -591.762
2.77803, -678.049, -625.654
3.51241, -48.7918, 282.315
6.82305, 1842.63, -1511.53
6.52456, -513.426, 10.6804
2.78861, -1351.48, -1333.63
4.40304, -133.916, -1407.42
4.56124, -265.099, 1516.7
2.80071, -754.447, 604.753
7.09746, 1586.29, 1283.89
3.35398, 1064.19, 1632.08
6.51634, -1858.68, 360.669
3.88599, 1463.1, 101.226
4.44586, 340.718, 1473.83
7.19936, 119.773, 1246.87
6.24573, 349.86, -364.683
3.44774, -656.02, 1511.71
6.89581, 863.931, 964.867
6.8953, 823.492, -1681.87
3.30515, -1611.06, -506.944
5.87346, -1599.76, -324.295
6.89096, 1260.89, 260.604
6.98262, 482.155, 1051.02
3.06535, -40.8322, 1499.12
5.93789, -480.685, -510.376
3.21651, -1591.62, -1538.49
3.6901, 818.861, -89.5764
5.64383, 1869.31, -439.91
4.312, 1635.67, 736.72
4.64437, 1174.67, 1434.8
4.91936, -19.6787, -1684.25
6.20379, -8.26202, -225.621
3.23098, -745.45, 1741.19
7.36238, -1657.45, -1519.18
7.3158, -1019.62, -375.632
3.14741, -1190.72, 1320.8
5.3784, -622.194, -1212.93
4.66439, 336.552, -262.446
5.50066, -453.202, -479.039
5.85098, -1383.24, -211.671
4.5137, 794.799, 1961.77
6.46691, 1286.03, 1371.39
4.89889, -1932.73, -497.551
5.72449, 617.073, 559.072
4.28836, -500.259, 1205.29
5.96794, -656.271, -440.267
5.83428, -831.671, -1376.72
3.22071, -814.641, 1418.38
7.10415, -1922.37, 430.595
4.22228, 58.8206, -474.38
6.66824, -817.474, -932.143
2.74349, 549.646, -1478.09
3.27936, -500.089, -123.994
2.55765, 659.31, 1004.77
3.94327, 237.785, 1172.97
5.07295, -687.704, -343.9
3.65948, 1358.86, 872.571
2.75022, -482.363, -156.788
5.33091, -1194.31, -1665.29
6.69774, -297.555, 1330.97
4.28763, -1269.32, -859.458
4.3452, 344.701, 1721.41
7.22226, 515.332, -144.252
4.72425, -1801.1, -345.056
6.82086, 980.011, 333.512
5.82654, -1570.33, -1464.32
5.79297, 350.029, 1325.68
7.10736, -1909.77, 1913.5
5.11536, 1916.99, -1246.45
5.45229, 877.327, -882.677
5.79944, 1335.01, 1301.12
4.24765, 540.868, 925.627
4.11714, 676.657, 103.957
7.08984, -216.591, 1471.05
3.08619, 1813.59, -886.189
7.31268, 1311.59, -317.257
5.17978, 105.395, -644.852
5.81447, 1681.47, 1261.47
5.48362, 1798.01, -1014.91
6.93363, -1013.18, -1480.08
6.67999, -1307.12, -1232.31
6.69339, 495.045, 399.335
6.85642, -409.299, 663.084
2.5002, -1537.76, 663.832
4.77274, 523.364, 692.397
4.25696, -1857.87, 365.332
5.80713, -513.49, 1410.6
6.22234, -1748.28, 305.609
3.3821, -260.595, -938.655
7.4621, 1589.47, -1607.2
5.95466, -1847.4, 333.355
6.97862, 290.69, -27.3073
3.51579, 715.368, -287.409
7.2356, -930.594, -66.2312
4.88476, 1762.29, -1002.1
6.78578, 1839.35, -1486.75
6.41237, -1927.7, -1107.24
5.70687, 1805.98, -1808.53
3.14521, -1440.17, 305.256
5.77944, 11.3674, 1304.26
3.09199, 107.854, 14.0663
3.88793, 657.695, 1596.2
6.65548, -442.731, -457.804
6.14153, -1496.74, -1023.25
6.74348, -1198.11, 589.561
3.43989, -1519.21, -1813.94
6.09602, 1110.04, -566.784
4.25586, 302.892, 658.963
3.34555, -836.971, -1407.24
4.52383, 641.314, -1061.31
4.20924, 321.116, 1527.86
6.67141, 732.463, -267.163
3.9111, 1395.43, 1169.73
5.16766, -1349.08, -961.413
6.25085, 1963.34, -1700.33
4.62554, -1349.49, -1509.02
4.66964, -1113.98, 1109.34
3.03022, 1709.48, -1854.82
6.4639, -101.803, -933.437
3.91232, -1155.83, -957.188
7.14264, -1169.68, -474.458
5.37926, 509.353, 1045.72
3.4895, 1665.59, -593.474
5.99081, 1140.84, -1479.09
3.07265, 986.602, -1892.83
4.22945, 578.814, 1547.97
4.15646, -1178.77, -464.287
6.42735, 1654.77, -1908.08
6.65775, 917.05, -423.891
4.21712, -1473.58, 1505.86
4.2603, -565.408, 1809.41
6.38197, 298.239, -1604.9
6.58658, -19.7427, 1373.44
4.26157, -271.851, 572.81
7.09559, -818.231, -602.718
3.2877, 1027.53, 511.029
5.56029, -970.327, 1141.59
5.54222, -814.217, 1417.78
3.16647, -498.768, -1475.55
3.51409, -1476.32, -966.602
4.79457, -1706.23, 1005.42
3.48759, -1028.23, 1853.71
6.77118, -1689.82, 753.884
6.54562, -1521.53, -1367.59
2.80131, -1798.63, 1756.34
6.50584, -1442.5, 1278.79
5.49597, -379.873, -1076.01
7.43182, -1770.97, 582.503
2.65919, -320.329, 1280.39
6.8356, 1847.89, -1510.53
3.69109, 1318.83, 667.631
3.6127, 310.534, 863.785
4.73907, -1908.85, -1116.32
2.61231, 1714.46, -346.212
6.79755, -533.667, -6.14258
4.15902, 440.944, 1153.39
5.72195, 602.195, 526.358
7.43521, -1872.95, -973.854
5.30162, 569.073, -1162.19
4.74553, -1512.84, -493.129
5.213, 298.375, -1458.2
2.90797, 1547.45, -66.4617
3.99606, -1619.09, -560.753
6.63964, 1619.74, 1322.45
6.48936, 1243.84, 1850.52
5.71048, -211.303, 1360.71
4.84105, 1255.63, 762.502
7.15326, -409.452, -1199.23
5.08798, -493.21, -127.703
7.42924, 1582.44, -1035.39
5.94567, -144.157, -1423.99
6.19966, -352.084, -929.743
3.46323, -788.05, -1849.24
6.08881, -916.414, 1228.25
6.11146, 1139.84, -349.783
6.49298, 537.805, 305.138
4.23216, 508.703, -1974.08
5.1481, -33.6465, -143.673
3.19001, 1434.69, -704.559
6.73218, -464.634, -473.38
6.32766, -152.227, -1749.78
7.5, 1850.52, -869.128
4.24891, 946.902, 1948.61
5.50367, -1196.8, 1163.2
3.50808, -989.266, 158.549
6.2385, 71.5612, 326.312
6.49225, 1930.23, 434.164
3.03505, -1407.14, 216.615
5.35813, -1014.09, 93.3053
2.84683, 732.197, -706.08
4.16036, 1438.44, 1381.45
5.80945, 963.658, -1408.18
5.27726, 345.813, -361.685
7.12415, 457.3, -22.9151
2.69832, -960.999, 443.63
2.62083, -612.662, 470.361
4.61923, 445.701, -1304.91
4.36987, 925.091, 263.523
2.93303, -454.917, -438.485
3.05403, -315.971, 334.759
5.31992, 720.732, -677.774
7.37269, 104.011, 1473.06
3.05066, -85.6921, -1773.58
5.99352, 198.384, 1939.32
2.79674, -104.286, -1463.31
4.69755, 1667.43, -204.847
5.24651, 1968.12, 1424.93
3.45129, 1373.37, -1491.65
7.36597, 639.957, 643.777
3.19593, -1359.86, -116.122
5.48978, 1831.54, -846.069
7.12812, -1736.01, 1406.36
3.91116, -148.361, 1767.81
6.8307, -319.344, -179.376
6.29598, -431.239, -1186.64
6.10793, 701.952, 1235.34
3.34241, -727.821, 724.492
3.32882, 1619.16, 722.953
3.39076, -1294.93, -1959.82
5.87226, 662.543, -1191.43
4.83484, -684.651, 60.8405
6.85219, -1609.26, -714.853
5.76023, -1367.67, -241.916
5.80464, 1499.91, 1737.28
2.58037, -1303.18, -1230.48
4.30596, -1538.82, -1336.34
3.72747, 1834.37, 201.904
6.93086, -1854.14, -1883.03
5.23701, 1646.39, 1565.27
6.57209, -66.5486, -1266.89
5.24453, 337.132, 1726.59
4.16156, 1010.04, -103.363
4.40213, 36.3124, -1306.57
2.52389, 1846.23, 1296.74
6.95226, -178.352, -795.554
6.16955, -980.144, 1362.66
6.04239, -311.771, 1299.19
5.1278, 144.742, -356.968
6.41065, -372.204, -1615.47
3.42484, -787.334, -940.148
5.72673, 513.488, 1016.8
3.42178, -1360.62, -665.552
3.31214, 105.284, -201.428
2.65594, -364.327, 1692.46
7.42716, 263.044, -1333.98
4.04559, -654.68, -1416.94
4.11075, -1314.91, -592.374
5.51155, 574.669, -450.004
2.89107, -656.434, -1830.54
3.93936, -19.5675, 152.37
5.79307, -266.78, -981.95
7.36348, -1957.31, -700.496
7.27758, -725.708, -1576.33
7.42745, -1333.09, -608.208
7.30478, -1808.02, -1495.89
3.0073, -1115.82, 1103.07
3.71505, -268.671, -977.871
6.91151, 204.458, -854.236
5.28805, 678.55, 1380.95
6.7669, 1596.65, 1035.17
7.49145, -1067.22, 1063.15
3.99751, -479.164, -950.4
6.33157, 1912.56, 945.849
4.81901, 578.523, -297.305
6.8168, -1273.56, -1569.61
6.99018, 1710.19, -5.74632
7.377, 512.956, -823.586
2.77405, 1275.08, 224.645
6.32605, 1847.69, -1235.71
5.09219, -1853.41, 1475.52
3.46574, 1834.86, -449.569
6.98252, 415.274, -1099.48
6.38492, -1686.91, 190.918
2.75968, 824.067, 1075.19
7.47331, -1683.34, 1516.93
5.93659, -30.3878, -909.363
5.94854, 1766.18, 992.661
6.57666, -1301.69, 1615.11
7.05426, -79.6075, -900.046
3.34218, -402.799, 789.884
5.24183, -1164.86, 1600.4
6.53351, -1008.21, -529.878
4.17803, 670.894, -1092.77
5.53435, -214.44, 46.5947
6.59602, -1872.17, 667.726
7.3485, 163.973, -513.273
6.29349, 1153.52, 991.369
3.72113, -316.574, -179.04
5.80589, -1143.06, 797.678
4.21574, -904.947, -380.78
7.27146, 744.971, -785.77
2.60828, 1598.99, 1105.8
4.54979, -1778.55, 1878.72
2.55789, 1169.92, -1349.08
3.04964, 1673.48, 405.492
5.28259, -1649.09, 196.884
4.45466, -16.2363, -448.26
7.20539, 233.781, -366.225
2.55572, 358.327, 744.925
6.22897, -429.067, -883.085
3.84293, 219.612, 250.008
4.27153, -1346.52, -1515.3
3.45835, -894.122, 1254.7
5.14832, 586.271, -325.644
4.39478, -99.9116, -1728.14
3.16407, -18.8523, -1612.81
4.26563, -269.267, -1110.04
4.2497, 1563.79, 1954.51
7.41084, 1245.09, -268.719
5.25961, 297.728, -727.815
4.99918, 40.3324, -1445.3
3.58531, -1667.24, 894.021
4.37311, -504.083, -1289.85
6.78251, -1312.3, -930.408
6.45578, 1594.13, -1060.94
3.9204, -981.709, 1835.6
5.07645, 872.166, 211.898
6.79238, -562.828, -26.1884
7.07844, -1869.81, -353.115
7.48941, 256.964, 1809.89
6.53177, 327.522, -349.634
5.22718, -1794.31, -340.962
7.3461, 323.56, -1437.25
5.31931, -1167.03, 725.356
4.03031, -858.085, 1297.03
5.41853, 1903.52, 1879.46
2.91197, 113.881, -643.172
5.47382, 700.553, 1231.5
3.31968, -1191.13, -1181.61
6.46527, -1243.93, -869.275
2.95373, 1166.79, 1448.9
6.3072, -1005.06, -1358.18
6.83996, -481.974, 50.4174
6.40105, 369.07, -667.948
6.61399, 1816.72, 1908.86
6.70974, 742.314, 1099.84
4.48328, 986.749, 515.602
6.508, -312.265, 338.84
6.56811, 754.159, -85.029
5.43493, -815.029, 197.037
4.64621, 1579.91, -88.8103
2.5002, -89.2553, -925.48
5.31153, -1621.79, 638.723
6.22632, 685.911, 681.611
3.89846, 1911.28, 574.182
2.93406, -1949.22, 1125.76
3.5733, 1706.57, -1754.11
3.93296, -972.341, 1140.2
4.86595, -790.247, 933.719
6.95893, 1683.9, 1638.93
5.91955, 1037.84, -1009.57
3.54376, -84.6938, -152.177
6.67533, 1577.15, 16.5817
7.09218, 1815.48, 1802.14
4.48244, -956.998, -1389.73
6.37858, 1080.54, 1044.99
5.68161, -294.266, -183.021
6.64746, 964.083, 560.652
3.40204, 1097.24, -942.515
7.45927, 1141.01, -1468.51
6.70558, -310.179, -1680.44
4.65177, 1765.35, 522.899
4.38589, 1190.78, 1761.59
2.70802, 1293, -1005.2
6.80715, -1562.41, -1046.25
6.62116, 1825.99, -1785.95
6.25052, 42.7757, 1461.43
3.55801, -331.807, 1957.88
4.31029, -1561.34, -380.483
4.43545, -1165.79, -1569.06
7.32918, 1586.83, 1259.91
6.5872, -308.85, 1304.66
4.5755, -158.953, 893.049
5.83759, 385.162, 343.56
2.52101, 958.173, 1944.49
6.98048, -1467.59, 480.38
3.68416, -689.663, 707.136
3.79415, 701.284, -173.464
5.4939, 805.902, -1419.74
6.89823, -1669.21, 729.911
6.16299, -1115.63, -1168.57
6.0773, 1798.86, 1136.61
3.57724, -1205.79, 963.26
6.30413, 1360.54, -1906.24
3.85351, -332.156, -1097.48
2.75246, 1319.86, 678.291
4.78866, 554.081, 494.327
2.58759, 884.92, -1540.39
3.01129, 123.207, -375.804
2.639, -268.944, 565.074
5.65921, -690.353, -1038.82
6.34425, 155.917, -493.17
2.74132, 1053.9, -1667.24
6.6924, -98.0115, -1262.26
6.76899, -523.676, -611.035
6.57649, -911.073, 1155.04
6.85188, 1584, 800.772
5.27222, -1250.11, -302.696
6.12646, -570.422, 95.1254
3.20424, -1027.02, 1822.83
6.6115, 1169.51, -1043.93
5.51185, 1449.17, -388.975
4.93856, 1005.15, -1823.72
6.14942, -566.255, 1866.33
4.05164, 1513.58, -1331.99
3.93925, -1399.99, 697.276
5.45857, -1880.87, 1592.18
5.34055, 1280.37, 1728.69
5.41059, -1848.74, -1143.68
2.84132, -1372.75, 567.119
4.34304, 289.199, -768.468
6.28475, -1865.51, -1135.56
6.35297, -897.866, -1731.11
4.27217, -786.764, -513.546
5.98913, 470.771, 1846.64
5.08005, -1347.34, -582.74
5.94494, 766.107, 276.163
6.18066, -162.904, 1235.8
2.56231, -679.454, -1338.06
7.16549, 1261.84, -280.399
5.37826, 251.304, 241.318
3.05587, 958.7, 1956.14
4.87388, -184.845, 77.1741
3.24247, 435.644, 204.932
4.22594, 101.217, 883.606
7.04476, -1841.39, 314.225
4.54571, 13.074, 1061.49
5.96642, -1343.13, -126.99
3.35865, 753.679, -1868.45
6.21715, 1753.74, -994.18
4.16319, -847.232, 1307.03
4.62157, 1312.72, 629.167
2.79523, -281.324, -202.943
5.09005, 562.144, -463.659
5.94425, 938.275, -1155.05
5.01149, -533.888, -9.79289
6.56617, -341.826, -1492.06
3.07974, 170.687, -1857.35
5.24841, 577.23, 919.754
5.06046, 801.133, 40.3469
6.02649, 1938.18, 886.451
5.65083, -471.804, 1747.55
4.0207, -57.6642, -1305.31
6.74719, 798.831, 726.214
3.39619, 1237.54, -56.0771
2.61737, -1047.62, -199.247
4.19467, 1434.13, 92.0851
3.43818, 712.298, -207.467
6.60467, -583.262, 335.274
6.72507, -1792.61, -356.926
6.78031, 1695.15, -1428.14
7.37454, -1884.06, 1294.81
2.99587, 921.103, -892.065
2.56182, 1130.26, 1302.24
2.58614, 427.022, 1168.17
2.64527, 490.288, 197.407
4.1031, 298.632, -776.378
6.17815, 1246.6, 599.314
3.14876, 706.688, 948.568
2.5161, -740.157, 1003.7
6.91905, 282.003, -1577.73
3.70482, 452.912, -1130.68
4.38481, -1629.49, 1529.8
4.44879, 1270.06, 343.594
2.81534, 1196.14, 584.535
7.30792, 369.983, 1879.17
3.75349, 1445.22, -687.203
6.85376, -1364.27, -159.249
2.85991, -1821.53, 832.002
2.70653, -1231.68, 1129.65
3.46378, 698.719, -1041.36
3.86708, -614.624, 606.339
7.4007, -1894.81, -727.279
3.60607, 665.687, -1061.57
6.43119, -1745.25, 1699.75
4.42306, 587.97, -836.687
3.78593, 948.897, -1268.15
3.91087, -1852.01, 103.302
7.33834, 1731.31, -95.5254
4.22841, 1500.96, 321.228
3.45922, -1942.83, 1469.02
5.05037, -1094.83, -746.914
5.21857, -1105.02, 1256.47
5.72333, -1334.53, -1193.14
3.89738, -5.31173, 1584.18
3.41887, -594.986, -1421.62
2.71579, -1659.99, 771.247
3.98408, -992.47, -517.112
4.25548, -461.715, 276.143
7.09372, -856.676, 1386.9
5.81225, 982.013, -710.432
5.08041, 1735.31, 1150.15
4.03763, 1213.98, 1159.73
3.0007, -694.518, 304.171
3.47502, 753.334, -1757.71
4.11407, 59.9293, -247.781
5.56182, 1899.43, 175.777
5.13511, 1909.43, -1952.17
3.45653, 538.078, 556.61
4.7178, -1265.26, -869.241
4.48693, -1400.61, 1686.8
6.28051, -1204.77, 1489.26
6.6213, 1467.25, 1205.14
5.51573, 287.004, -700.328
3.04573, 1207.37, -1637.55
4.11797, 964.687, -330.165
5.03403, 23.3921, 631.113
4.76521, -1324.31, 1610.05
4.77315, -358.954, -890.156
4.91125, 1855.3, 1819.35
5.07896, 733.897, -1300.1
4.50207, 399.533, 1639.93
4.22945, 1951.2, 953.955
6.64533, 1859.59, -463.895
3.02204, -1449.17, -1576.02
6.40057, 1150.97, 1114.32
3.19919, -592.361, -475.314
2.62171, -1589.81, -1048.85
6.0664, 807.307, -1482.09
7.15538, 284.985, -1648.5
7.47667, 400.451, 351.284
3.86264, -1764.77, 307.867
3.6923, -983.225, -513.56
3.87328, 1903.01, 1233.23
5.70836, -1802.67, -1458.4
5.17637, 614.179, 291.419
6.8967, 1634.32, -585.806
6.75968, -1334.93, -1647.34
2.98004, 1776.2, -107.029
4.66818, -1471.28, 447.372
3.17045, -397.561, -1500.81
5.86802, -349.95, 612.547
5.34964, -96.7551, -907.612
3.66474, -1209.87, 1154.76
5.50306, 527.245, -1364.66
2.6551, -1586.62, -49.6572
7.08512, 1126.97, -612.118
3.82958, 1720.41, -360.862
6.50016, -359.32, -1024.56
5.46389, 296.836, -1456.58
5.0822, 707.85, 1227.41
5.2567, 661.461, 1262.57
3.47225, 971.945, -479.895
5.36152, 272.135, -1472.54
3.81992, 412.648, 797.053
4.41648, -1534.93, 1074.52
2.73626, -1526.83, -1793.56
4.22823, 1162.69, -1344.08
3.61594, 1305.6, -853.19
3.81264, 32.3568, -1436.81
3.05141, -851.741, -814.995
7.40088, -1404.01, 26.4269
5.93794, 1616.46, 1298.34
5.82158, -1094.32, -756.576
5.99501, -1195.43, -1339.33
2.68746, -1660.4, -1521.15
3.6706, -1264.98, -1493.63
3.95397, 1464.31, 1374.04
3.50543, -30.0662, -468.615
2.7177, 685.763, 683.421
2.56571, -1051.81, 1054.43
6.07297, -1042.48, 1529.91
6.88348, -1731.52, -1225.09
5.35088, -1771.74, 570.997
6.92743, 1715.77, 1699.59
5.20042, -717.322, -554.392
3.31357, 1855.28, -1277.57
3.30492, 1897.93, 883.445
7.19182, 612.659, 552.917
3.45628, 1095.2, -1683.92
3.15761, 10.1825, -201.203
4.41122, -588.168, -21.6237
6.12674, 521.221, -507.341
2.50651, 1084.68, 1732.33
4.60222, 31.7772, 1457.54
5.18984, 584.808, -435.662
4.86596, -473.179, 489.139
6.33003, 1091.92, 1725.32
2.9396, 1109.91, -914.513
7.04284, 285.918, 642.853
3.20818, -1704.68, -808.797
2.54782, 831.704, -91.69
2.82267, 513.124, 1015.65
4.96742, 759.689, 443.163
5.40914, 1048.18, 1932.8
4.03373, -1880.03, 1086.2
4.57091, 1766.39, -120.843
4.33401, -1162.02, -1360.84
3.42687, 323.382, 1322.36
2.76788, 1261.19, 369.284
4.47222, 1067.95, -128.299
3.98388, -692.943, -266.013
5.05388, -788.58, 1632.97
3.75392, -1418.74, 454.929
5.01589, 1895.56, 1781.07
2.51168, -2.06559, 1551.96
7.01807, 1963.33, -892.414
2.79181, -1820.87, -1878.07
5.17506, -1329.3, 1617
3.95754, -754.599, 1716.13
7.3023, -1603.5, -527.062
4.73406, 649.848, -216.96
5.08479, 1767.5, 339.87
5.93861, -484.801, 82.7447
2.72187, -320.262, 142.372
7.2946, -1586.29, 1206.59
5.70852, 727.735, 300.697
2.80215, 1236.02, -1544.05
3.33964, 110.014, 533.307
5.76491, 983.589, -473.989
6.19864, -1539.23, 674.178
3.57011, 1701.01, 409.529
4.31441, 304.531, -1713.14
6.56981, -1293.48, 1855.9
5.32057, 1616.63, -938.293
7.45886, -100.357, -1738.11
6.5669, -1526.01, 779.062
3.49157, -1966.93, -43.4382
2.50003, -278.601, -1660.9
4.62608, 1863.82, -1524.62
4.07406, 1709.24, 423.364
5.56218, 1209.69, -1851.77
3.83351, -390.094, -1080.51
4.39881, -1187.27, -128.903
5.43397, 1891.94, 596.288
5.95636, -275.896, -993.486
7.26736, -903.488, -1133.4
4.89785, -587.207, -1887.59
3.60319, 770.352, -1432.69
5.33741, -1431.45, -909.359
6.09873, 832.954, 720.583
4.4953, -986.999, 1108.95
3.48326, -1377.87, 1956.96
6.66971, -1344.7, -1512.17
5.59561, -898.631, -1728.06
7.26866, -566.993, 373.327
3.23222, -27.5958, -521.249
5.38953, 68.3742, -910.309
7.26796, -779.789, 1431.71
3.62331, 1431.5, -1970.9
7.25137, -990.137, 1585.42
3.07874, 1587.95, -1010.22
2.58372, 62.1084, -489.523
3.90465, -707.41, -330.868
7.15042, 1252.08, 338.658
3.04796, 1530.06, 1750.51
6.77266, 45.8445, 1627.36
5.68532, -1441.32, -1454.98
5.63853, 800.472, -1411.18
3.80589, 1444.72, 1467.16
5.13936, -1911.57, 416.3
7.16608, -525.287, 1788.06
3.98055, 1829.09, 232.154
4.78006, 323.214, 868.416
6.35659, -1319.71, -1205.97
4.17193, 256.334, 243.139
6.31775, -80.3762, -1842.04
6.65892, -61.5851, 1877.06
2.64618, -1448.55, 1131.92
4.31315, 1421.58, -530.611
4.16221, 543.169, 935.536
3.17675, -1022.74, -570.123
3.00839, -606.531, 1243.71
5.11327, -1211.24, 1610.25
3.52046, 61.4203, -1054.56
5.00728, -1722.83, -1230.76
5.1371, -15.6357, 1935.55
4.13422, -521.085, -589.272
4.75888, 456.404, -873.154
6.85263, -15.4918, 1912.16
4.72884, 1276.59, 1727.33
6.03726, -913.333, -1809.27
6.83171, 1799.63, -1389.43
6.5822, 1698.33, 413.603
2.67504, 1759.95, 1683.01
3.8644, -1291.97, -480.194
5.21858, -840.183, -859.289
3.19942, -1882.99, -1122.93
5.57408, -1529.45, -1846.22
3.29182, -1299.81, -1207.79
4.41129, 202.463, 439.086
5.94997, -190.29, 375.82
3.21128, -801.505, 943.044
5.65284, -1567.24, 1568.92
3.15973, 375.085, 1875.41
7.13583, -1474.36, 493.904
5.53465, -1870.28, 1568.29
5.50388, -1862.26, 748.969
3.33635, 1179.2, -1040.32
3.301, -1732.43, -791.872
5.91628, 1218.48, -50.1901
5.1456, -1401.19, -20.1518
3.65264, -277.369, 1573.05
6.55373, -1013.09, -108.643
5.76477, -835.25, -1112.51
4.08597, -1151.97, -1180.67
2.53953, -518.965, -1617.96
3.49176, 1456.94, 1447.58
3.78831, -9.02092, 759.631
3.03825, 1749.68, 78.7681
3.49545, 249.363, -847.274
6.75079, 1607.52, -1538.29
6.63912, -1931.64, 432.087
6.76813, -1941.51, -1094.96
5.71027, 592.862, 1557.86
3.6787, 1434.1, -1976.06
6.80638, -1005.73, -1601.28
5.4745, 69.5608, -218.028
2.52745, 1005.4, -80.7672
6.84925, -1310.14, -924.847
7.37729, 1298.08, 194.439
5.59653, 748.307, 33.9752
3.85574, -1837.61, 760.217
7.46973, -329.9, -1245.84
4.60751, -1429.51, -1046.21
4.20537, -1582.41, -1224.61
4.80717, 756.244, -248.255
4.44822, 520.938, -768.856
4.613, -87.7823, 1027.66
2.84879, 258.618, 585.564
5.5153, -104.995, -245.401
7.36114, -99.7706, 452.203
5.07406, -1396.86, -1054.56
7.45461, 1889.86, -273.245
5.84906, 1240.07, -263.627
4.01716, -1208.13, 135.604
3.47371, 1718.28, 1163.49
4.0109, -1429.58, -1853.22
4.93946, -674.097, 917.571
4.72438, 1061, 1964.49
5.7844, 646.712, -1859.6
3.74227, -1539.92, -1343.61
4.72007, 107.432, 1105.59
5.75894, -1385.96, 84.829
6.67472, -1436.42, 390.253
6.03698, 382.841, 1618.39
4.93928, -1726.46, -1250.55
6.72039, 794.311, -466.972
7.00296, -1028.82, -397.485
6.33082, -1310.1, -1037.43
5.29453, 1270.79, 1717
2.70603, -1.62401, 133.897
5.46749, 1122.04, 135.686
2.68674, -1339.46, 1610.27
4.53488, 67.2526, 873.84
2.84243, -1934.4, -1754.9
7.38558, -1532.07, -1767.88
2.5956, -1018.6, -482.293
6.60363, -310.723, -527.649
5.2195, -780.259, 1723.56
5.72828, 1569.92, -667.537
3.62934, -512.277, 62.4132
2.733, 1680.69, -1414.72
3.63154, 402.959, -1085.47
4.58371, -1267.51, 267.482
6.40126, 526.918, -1254.16
3.72852, -1847.66, 741.947
4.81411, 1278.68, 217.199
6.14756, 1854.03, 578.128
5.35237, -663.845, 1620.78
5.45997, 1862.54, 1835.66
4.98425, -1857.77, 557.463
3.951, 934.917, 250.57
4.71107, -27.3459, -478.392
2.53669, 1697.93, -796.191
7.41683, 1006.35, -719.656
2.52822, -1589.65, -347.031
4.8676, -245.758, 1497.69
5.86497, -626.374, -247.357
