6.27803, -1473.15, -1995.14
3.5948, 128.7, -177.247
5.89648, 717.232, -1809.61
5.09708, -467.547, 1743.07
2.76731, -1863.26, 1320.21
2.53849, 679.802, 120.459
4.58743, -1726.23, -465.565
7.15218, 356.312, 748.572
2.95982, 105.801, 1384.37
6.00595, -330.569, 624.027
3.81226, 1051.34, 1638.92
4.14117, 943.936, -1807.35
7.45519, 1023.3, 527.592
7.41275, -1017.56, -547.895
5.75759, 1011.42, 889.183
6.92354, 525.897, -1706.28
6.33247, -250.929, -907.837
3.87453, -1042.62, -92.7156
4.93259, -1344.51, -595.6
2.80282, 1638.63, 1586.43
5.08146, 17.1083, 1614.77
4.96988, 1942.69, -724.639
7.23882, -1634.15, -936.196
4.42071, -13.5792, -1687.26
5.14874, 1652.56, -893.777
2.75042, 1760.78, -137.753
6.63909, 1081.29, 1055.15
5.94228, -1931.02, -1496.15
6.18112, 518.033, 1471.87
6.94286, 1989.89, 901.087
4.25508, -770.621, -1068.15
6.72991, 364.626, 52.7079
3.84659, 1337.62, -331.171
4.83959, 147.508, -341.438
3.2686, -1287, -844.598
2.66527, 1214.67, 285.637
7.2768, -8.37236, 140.727
6.95369, 219.057, 991.127
3.29884, 1364.64, 497.635
3.15214, 858.307, -1147.51
2.515, -902.662, -1634.55
6.0491, -1910.39, -351.048
3.40448, -1035.39, 1747.17
5.76029, 1546.67, -727.359
4.42907, 727.381, -1397.88
3.23766, -12.8507, -453.931
5.45054, 1375.53, 347.132
3.24076, 230.338, 1820.33
3.2091, -364.153, 1930.15
4.94257, -989.325, 257.725
3.13015, 1833.32, -140.089
5.64635, -720.532, -1198.31
5.60817, 603.618, -1490.16
4.88216, -1005.21, 1209.42
2.64188, -1177.55, -457.649
3.21011, -288.837, 1604.51
3.15594, -359.92, 1786.37
3.31099, -1634.78, 1532.75
3.76529, -537.768, -1711.74
4.77654, 1138, -1463.18
6.54472, -190.023, -601.031
3.57624, 605.879, 1722.88
3.75063, 1634.62, 721.809
5.02978, -115.526, 1442.48
6.27922, 1269.99, 391.564
5.66369, 1806.25, -145.953
5.9449, 1290.35, -247.692
7.27207, 1945.07, 812.236
5.18713, -844.155, 1411.02
4.57014, -1580.29, 61.2467
4.70019, 1504.67, 308.506
6.07821, 1475.2, 918.262
6.20858, 822.783, 1200.05
5.12494, 1542.97, -1921.76
6.06711, -1736.07, -147.444
5.91025, 669.787, -43.8388
6.82941, 1665.32, -1200.18
3.19597, 173.65, 1556.24
3.57766, 1951.39, -199.924
5.0733, -734.04, -218.666
4.83766, -240.009, 1517.86
3.55759, -537.463, 1225.27
5.65244, -1383.27, 1985.74
2.5044, -1981.14, 451.246
4.09589, 907.794, 1091.49
5.90281, 728.394, -322.239
6.0446, 1343.86, -1177.11
2.90869, -1619.91, 1312.75
3.56926, 523.35, 1060.78
4.44412, -1672.97, -1144.48
4.44927, 1794.26, 1807.23
3.92018, 767.303, -922.66
4.6123, 1133.03, 1105.47
2.55658, -1213.08, -875.977
3.72027, 1912.17, -1236.26
4.49072, -1450.1, 1283.81
6.64177, -1293.62, 403.464
3.78584, 1948.98, -1371.06
3.59705, -1599.34, -1065.41
6.47385, 782.359, 538.282
5.8476, 1009.13, 784.273
5.49108, -1779.28, 556.249
5.99917, -725.842, -1089.13
5.13062, 1051.59, -1527.19
4.14833, 359.618, 209.482
3.30844, -1428.47, 809.372
6.56633, 1439, -57.7927
4.08004, 956.023, 229.053
4.05369, 112.081, -1460.51
4.65424, 71.6485, 347.078
4.46509, -498.903, -955.219
4.43916, -97.4514, -219.223
4.34871, -1682.37, -884.324
5.88118, 686.697, -985.373
6.10384, 910.873, 55.9709
7.20082, -145.287, 1785.74
5.08573, -158.558, -714.398
5.5282, -390.688, 645.679
5.85049, -1394.01, 1950.16
5.11404, 164.735, -621.612
3.87105, -1930.6, 1308.7
7.08924, 186.497, 571.185
3.73367, 1875.72, -930.313
4.77876, 773.195, 1372.25
3.30374, -1909.58, 1271.03
4.68319, 829.258, 823.936
7.45767, 1002.33, 333
6.26931, -880.387, 782.336
4.97846, -1978.1, -1313.44
7.01651, -1330.49, -1679.81
4.68213, 985.981, 1128.41
5.09239, 338.098, -1970.42
4.44866, 176.239, -1728.48
5.63431, -452.802, -1136.4
5.19331, 834.246, 636.22
4.35955, 1264.18, -877.928
2.54674, -740.381, 731.272
6.3794, 83.0799, -1581.49
2.85317, -1776.82, -1119.19
3.98511, 892.925, -1359.05
4.78581, -87.2338, -1792.21
3.25156, -193.406, 84.4882
5.97819, 1335.69, -858.731
4.15587, 741.858, 320.528
5.21197, 1944.78, -1766.55
2.64678, 1430.11, -1984.7
5.38086, -42.074, -482.718
5.18133, 725.539, 952.117
7.36678, -1512.2, -1854.06
5.57063, -595.169, -1243.46
5.26431, -1493.9, 427.826
6.69051, -562.482, 1813.82
3.75764, -968.015, 1887.12
6.98957, 1259.85, -293.908
5.97428, 1035.41, -1015.28
5.82752, -945.803, -191.853
3.06838, -1160.7, -1536.4
3.37987, -1970.05, 188.697
2.91253, -272.342, 394.293
6.68103, -496.567, 746.725
2.64818, 1885.56, -1515.88
6.34719, -8.47129, -1696.81
4.29829, -1002.23, 1734.04
6.24626, 2.45321, 1073.31
6.28385, 725.902, 685.391
3.60834, -1076.72, -1850.65
5.58305, 610.319, 252.512
3.66846, -1100.02, -510.421
6.22052, -1337.4, 609.84
5.80997, -1816.27, -1366.35
4.9209, 1802.23, -1496.72
2.58972, 1656.11, 481.052
4.98291, 890.141, 384.407
5.09587, -228.525, -1780.05
4.71395, -1748.91, 1066.67
4.14528, -126.385, 1903.79
3.52671, 971.631, -215.429
7.19863, -505.93, -1309.94
2.85168, -999.282, 1854.31
3.30042, 104.424, -1499.85
6.70788, -1577.02, 67.3901
4.13614, -312.932, -536.283
6.85942, 311.387, 854.501
5.99896, 1344.66, 1032.46
5.52801, 1739.64, -442.289
4.77536, 158.484, -544.287
2.91543, -1041.93, -364.653
3.94883, -110.275, -306.363
6.51009, -1137.8, -1577.05
6.81821, 672.725, 111.606
3.81831, 844.573, -1023.62
4.79881, -1674.04, -470.17
4.95672, 1204.79, -1056.3
5.82344, -935.056, -1982.96
7.31738, -1253.15, -303.14
7.23022, 1175.53, -1466.39
2.81902, 448.018, -1312.7
5.04829, -813.713, -618.75
6.13222, 1336.98, 1308.64
5.65882, 1205.01, -680.325
3.26658, -1832.48, -1817.95
5.09652, -1737.77, 1082.57
3.52281, -1115.59, 1713.27
6.03231, 799.371, -1642.86
6.05786, -951.007, -25.7145
3.66304, -1174.29, -477.167
6.80594, -131.476, -267.727
2.67122, -220.43, 1904.91
6.26587, -1872.16, 99.139
4.14789, 1288.31, 357.307
4.65309, 144.409, -1069.54
7.33455, 1943.02, -386.511
4.05803, 1468.11, 1396.68
5.69762, 1983.26, -1404.18
5.95386, 1731.2, -125.665
5.36403, 162.602, 1259.55
6.60667, 1782.24, -1365.21
4.21807, -1817.13, -1367.36
5.09387, -1616.49, -1555.41
6.78438, 245.433, -1906.37
6.18587, 695.182, 73.7161
3.45992, -1899.13, 785.638
2.83145, -616.386, 682.45
3.60828, 1687.29, -1436.87
3.33656, 342.446, -474.814
6.31172, 764.247, -1882.46
5.44905, -1688.76, 851.698
4.65223, 1718.93, 1703.76
7.09618, 1322.98, 24.0948
5.09668, 892.424, 393.794
7.38058, -1355.88, -39.6342
5.15714, -906.491, 295.761
2.98716, 668.281, 789.961
5.83983, 439.806, 196.124
5.44444, 281.517, -39.4581
5.01137, -1405.3, -219.071
2.75808, -1869.13, 922.491
2.6753, -700.876, 64.9034
4.41484, -1571.27, -1022.75
5.55555, 384.211, 207.171
5.06574, 1081.2, 1749.56
5.98498, 602.763, -53.0326
4.89891, -51.4877, -370.419
3.88323, 136.739, 842.705
6.01685, -878.973, 420.433
3.67701, 1751.38, 119.11
6.41501, 382.874, -348.894
6.60589, 723.674, 1677.41
3.21842, -1075.09, 108.209
5.75757, -986.85, 1607.11
3.87677, 1741.6, -1976.59
7.26215, -874.522, 1433.67
4.58238, -1505.83, 27.6781
3.03869, -253.683, 808.241
4.70633, -1598.6, 1063.92
6.28811, -832.828, -608.641
2.77803, -677.091, -643.001
3.51241, -57.405, 291.159
6.82305, 1888.63, -1565.87
6.52456, -530.703, -28.2689
2.78861, -1360.17, -1348.64
4.40304, -128.062, -1402.85
4.56124, -298.137, 1532.56
2.80071, -764.893, 605.087
7.09746, 1597.82, 1277.1
3.35398, 1078.14, 1606.44
6.51634, -1868.48, 300.133
3.88599, 1446.87, 90.3322
4.44586, 346.485, 1477.24
7.19936, 104.318, 1247.38
6.24573, 320.585, -323.998
3.44774, -648.871, 1521.4
6.89581, 873.943, 971.349
6.8953, 838.034, -1704.8
3.30515, -1624.84, -533.074
5.87346, -1611.53, -332.696
6.89096, 1253.77, 251.783
6.98262, 530.101, 1065.89
3.06535, -52.2815, 1511.47
5.93789, -467.702, -495.885
3.21651, -1686.42, -1518.75
3.6901, 831.568, -89.3282
5.64383, 1898.97, -436.042
4.312, 1634.25, 724.579
4.64437, 1177.04, 1436.03
4.91936, -14.3725, -1689.65
6.20379, -3.14086, -204.65
3.23098, -792.058, 1732.99
7.36238, -1670.74, -1552.62
7.3158, -1037.15, -380.945
3.14741, -1205.18, 1331.98
5.3784, -641.132, -1214.18
4.66439, 341.801, -242.201
5.50066, -480.078, -524.769
5.85098, -1401.24, -274.298
4.5137, 792.643, 1978.65
6.46691, 1279.11, 1393.48
4.89889, -1957.32, -502.207
5.72449, 589.767, 554.757
4.28836, -491.537, 1197.3
5.96794, -661.845, -441.734
5.83428, -833.938, -1415.32
3.22071, -748.226, 1420.06
7.10415, -1968.9, 429.704
4.22228, 65.0814, -471.839
6.66824, -833.53, -941.758
2.74349, 539.859, -1498.86
3.27936, -493.803, -150.055
2.55765, 663.242, 1020.72
3.94327, 242.81, 1178.56
5.07295, -702.556, -342.859
3.65948, 1366.78, 876.006
2.75022, -482.804, -131.924
5.33091, -1190.77, -1698.88
6.69774, -307.427, 1342.02
4.28763, -1284.57, -845.448
4.3452, 336.231, 1742.47
7.22226, 511.893, -147.254
4.72425, -1814.18, -367.788
6.82086, 990.899, 378.825
5.82654, -1579.85, -1474.17
5.79297, 327.177, 1332.14
7.10736, -1922.18, 1925.96
5.11536, 1879.15, -1228.82
5.45229, 878.75, -884.461
5.79944, 1337.48, 1341.6
4.24765, 584.814, 920.737
4.11714, 669.149, 122.794
7.08984, -224.809, 1477.55
3.08619, 1807.2, -892.669
7.31268, 1353, -342.653
5.17978, 92.9281, -665.21
5.81447, 1714.14, 1270.69
5.48362, 1775.51, -1016.4
6.93363, -1012.26, -1493.54
6.67999, -1342.54, -1215.15
6.69339, 493.247, 408.17
6.85642, -430.771, 683.441
2.5002, -1537.77, 670.199
4.77274, 516.196, 702.544
4.25696, -1869.34, 297.984
5.80713, -516.2, 1418.89
6.22234, -1745.96, 305.581
3.3821, -236.15, -890.681
7.4621, 1588.99, -1629.11
5.95466, -1865.96, 348.329
6.97862, 282.615, -35.4558
3.51579, 749.993, -262.999
7.2356, -912.434, -72.9454
4.88476, 1794.74, -1012.55
6.78578, 1843.98, -1492.92
6.41237, -1965.08, -1122.41
5.70687, 1829.77, -1807.24
3.14521, -1449.88, 295.19
5.77944, 8.03403, 1299.25
3.09199, 106.104, 19.3342
3.88793, 672.932, 1609.83
6.65548, -439.103, -453.942
6.14153, -1504.88, -1027.29
6.74348, -1195.56, 591.908
3.43989, -1570.85, -1897.53
6.09602, 1117.23, -557.393
4.25586, 321.581, 665.182
3.34555, -831.742, -1374.27
4.52383, 679.819, -1100.28
4.20924, 317.962, 1543.44
6.67141, 790.79, -251.108
3.9111, 1396.07, 1168.15
5.16766, -1354.38, -961.251
6.25085, 1990.34, -1706.09
4.62554, -1371.8, -1524.57
4.66964, -1141.56, 1093.97
3.03022, 1716.17, -1865.75
6.4639, -75.1139, -933.294
3.91232, -1145.92, -968.029
7.14264, -1158.45, -474.205
5.37926, 479.606, 1041.21
3.4895, 1633.76, -577.167
5.99081, 1150.24, -1514.13
3.07265, 991.098, -1922.02
4.22945, 614.953, 1576.78
4.15646, -1168.58, -475.565
6.42735, 1657, -1925.78
6.65775, 919.406, -425.802
4.21712, -1480.36, 1510.41
4.2603, -549.554, 1773.31
6.38197, 291.825, -1667.89
6.58658, -25.8592, 1376.3
4.26157, -260.133, 569.931
7.09559, -866.263, -602.595
3.2877, 981.067, 506.262
5.56029, -974.116, 1129.11
5.54222, -748.28, 1420.18
3.16647, -504.38, -1493.23
3.51409, -1493.02, -954.447
4.79457, -1714.59, 1002.27
3.48759, -1056.67, 1854.59
6.77118, -1679.97, 746.235
6.54562, -1519.25, -1387.02
2.80131, -1815.09, 1773.8
6.50584, -1436.12, 1313.11
5.49597, -386.099, -1087.5
7.43182, -1782.95, 617.077
2.65919, -326.416, 1277.78
6.8356, 1892.49, -1545.15
3.69109, 1338.14, 696.346
3.6127, 354.138, 864.651
4.73907, -1983.41, -1086.14
2.61231, 1723.18, -346.492
6.79755, -506.18, 45.0195
4.15902, 427.285, 1181.98
5.72195, 613.519, 499.223
7.43521, -1892.59, -964.962
5.30162, 569.212, -1168
4.74553, -1516.48, -492.415
5.213, 342.737, -1434.2
2.90797, 1546.23, -65.6179
3.99606, -1608.28, -544.991
6.63964, 1647.62, 1360.97
6.48936, 1251.77, 1876.72
5.71048, -205.936, 1359.42
4.84105, 1261.95, 773.793
7.15326, -395.448, -1222.02
5.08798, -498.157, -143.807
7.42924, 1596.3, -1083.35
5.94567, -163.296, -1448.35
6.19966, -362.136, -890.35
3.46323, -784.805, -1871.17
6.08881, -902.553, 1250.48
6.11146, 1140.1, -363.27
6.49298, 532.563, 307.814
4.23216, 510.811, -1995.22
5.1481, -31.4918, -116.966
3.19001, 1431.78, -723.218
6.73218, -450.921, -410.249
6.32766, -169.886, -1771.65
7.5, 1847.01, -833.759
4.24891, 966.185, 1989.88
5.50367, -1202.51, 1183.42
3.50808, -992.603, 169.493
6.2385, 56.4551, 304.285
6.49225, 1954.36, 432.373
3.03505, -1412.4, 218.725
5.35813, -1014.47, 94.7671
2.84683, 716.889, -666.493
4.16036, 1499.09, 1378.76
5.80945, 974.454, -1416.88
5.27726, 340.08, -385.397
7.12415, 457.91, -23.4613
2.69832, -972.501, 453.938
2.62083, -624.044, 481.044
4.61923, 428.905, -1313.99
4.36987, 921.598, 272.539
2.93303, -472.616, -515.981
3.05403, -325.763, 332.716
5.31992, 737.965, -697.116
7.37269, 124.247, 1485.39
3.05066, -95.8574, -1763.88
5.99352, 198.087, 1964.38
2.79674, -100.513, -1487.19
4.69755, 1671.19, -217.443
5.24651, 1985.66, 1432.69
3.45129, 1383.54, -1501.2
7.36597, 627.138, 655.357
3.19593, -1354.25, -141.385
5.48978, 1884.71, -865.707
7.12812, -1746.63, 1408.43
3.91116, -153.612, 1779.09
6.8307, -279.875, -162.349
6.29598, -457.296, -1202.61
6.10793, 710.052, 1246.67
3.34241, -754.589, 741.099
3.32882, 1676.77, 749.508
3.39076, -1294.79, -1981.04
5.87226, 671.589, -1205.4
4.83484, -710.848, 80.6316
6.85219, -1623.03, -716.417
5.76023, -1393.16, -235.953
5.80464, 1526.27, 1763.76
2.58037, -1321.95, -1192.45
4.30596, -1558.9, -1333.78
3.72747, 1851.39, 240.34
6.93086, -1876.27, -1901.45
5.23701, 1650.5, 1546.97
6.57209, -52.5581, -1304.38
5.24453, 349.18, 1736.63
4.16156, 1012.82, -111.893
4.40213, 49.6138, -1309.65
2.52389, 1864.9, 1310.33
6.95226, -181.263, -794.606
6.16955, -995.903, 1372.49
6.04239, -307.901, 1334.96
5.1278, 108.681, -374.862
6.41065, -383.377, -1631.12
3.42484, -770.725, -940.906
5.72673, 489.043, 1023.05
3.42178, -1379.92, -687.249
3.31214, 128.435, -172.815
2.65594, -363.849, 1701.43
7.42716, 260.639, -1331.2
4.04559, -664.154, -1435.72
4.11075, -1342.15, -596.85
5.51155, 575.711, -466.159
2.89107, -659.141, -1846.48
3.93936, -38.0322, 177.883
5.79307, -247.716, -985.38
7.36348, -1988.13, -698.04
7.27758, -726.376, -1593.53
7.42745, -1338.61, -576.518
7.30478, -1828.86, -1528.95
3.0073, -1117.57, 1137.65
3.71505, -248.908, -984.043
6.91151, 197.802, -867.45
5.28805, 681.302, 1402.87
6.7669, 1606.29, 1031.84
7.49145, -1071.43, 1046.55
3.99751, -516.154, -963.981
6.33157, 1959.83, 977.387
4.81901, 568.231, -286.792
6.8168, -1272.52, -1587.15
6.99018, 1721.84, 10.6868
7.377, 516.004, -833.688
2.77405, 1322.75, 158.668
6.32605, 1897.61, -1236.33
5.09219, -1868.06, 1478.9
3.46574, 1862.96, -484.798
6.98252, 390.632, -1086.33
6.38492, -1663.14, 196.574
2.75968, 832.23, 1082.99
7.47331, -1709.54, 1531.73
5.93659, -4.69453, -918.77
5.94854, 1776.75, 993.579
6.57666, -1314.64, 1641.66
7.05426, -73.1668, -872.185
3.34218, -402.769, 809.425
5.24183, -1160.25, 1608.53
6.53351, -964.646, -504.416
4.17803, 640.732, -1063.43
5.53435, -203.158, 77.9127
6.59602, -1906.98, 668.189
7.3485, 165.194, -491.417
6.29349, 1170.3, 985.894
3.72113, -367.188, -186.071
5.80589, -1144.45, 807.486
4.21574, -895.923, -373.046
7.27146, 752.341, -792.924
2.60828, 1607.68, 1111.76
4.54979, -1784.04, 1894.25
2.55789, 1178.4, -1343.99
3.04964, 1683.37, 401.908
5.28259, -1701.03, 182.861
4.45466, -63.4839, -470.397
7.20539, 235.928, -365.38
2.55572, 358.595, 792.092
6.22897, -447.439, -870.85
3.84293, 219.674, 257.47
4.27153, -1359.66, -1526.98
3.45835, -930.927, 1234.15
5.14832, 591.839, -340.252
4.39478, -117.357, -1710.32
3.16407, -25.7173, -1605.43
4.26563, -249.992, -1131.43
4.2497, 1567.88, 1972.16
7.41084, 1216.23, -244.114
5.25961, 302.061, -769.444
4.99918, 26.9272, -1428.13
3.58531, -1669.33, 915.112
4.37311, -463.458, -1304
6.78251, -1321.48, -944.459
6.45578, 1577.98, -1020.85
3.9204, -983.034, 1858.47
5.07645, 874.964, 201.029
6.79238, -588.299, -50.8463
7.07844, -1890.81, -345.48
7.48941, 273.278, 1833.99
6.53177, 349.181, -393.386
5.22718, -1807.57, -370.101
7.3461, 299.546, -1475.41
5.31931, -1170.57, 725.283
4.03031, -831.211, 1320.63
5.41853, 1934.61, 1907.31
2.91197, 111.264, -664.546
5.47382, 704.872, 1248.17
3.31968, -1197.49, -1183.34
6.46527, -1219.25, -873.654
2.95373, 1157.84, 1482.47
6.3072, -1011, -1359.62
6.83996, -438.825, 65.5011
6.40105, 384.299, -668.944
6.61399, 1817.24, 1941.5
6.70974, 745.208, 1106.88
4.48328, 1065.06, 512.486
6.508, -318.755, 340.634
6.56811, 761.696, -88.3628
5.43493, -819.95, 202.685
4.64621, 1592.53, -100.803
2.5002, -136.85, -958.681
5.31153, -1631.04, 633.17
6.22632, 671.937, 711.421
3.89846, 1931.3, 594.654
2.93406, -1974.83, 1130.3
3.5733, 1706.95, -1761.84
3.93296, -989.221, 1111.48
4.86595, -814.024, 950.937
6.95893, 1690.91, 1639.78
5.91955, 1015.03, -1000.58
3.54376, -101.649, -131.127
6.67533, 1589, 24.3055
7.09218, 1882.56, 1835.21
4.48244, -949.539, -1402.97
6.37858, 1083.51, 1075.8
5.68161, -323.212, -181.247
6.64746, 967.166, 584.582
3.40204, 1117.68, -916.447
7.45927, 1159.7, -1532.56
6.70558, -301.762, -1689.98
4.65177, 1777.21, 532.472
4.38589, 1193.6, 1780.59
2.70802, 1311.64, -1011.68
6.80715, -1615.88, -1079.86
6.62116, 1824.36, -1813.81
6.25052, 31.4285, 1466.83
3.55801, -330.351, 1988.05
4.31029, -1563.81, -384.604
4.43545, -1182.94, -1607.25
7.32918, 1612.08, 1282.93
6.5872, -336.847, 1261.7
4.5755, -164.879, 898.843
5.83759, 411.874, 368.221
2.52101, 954.864, 1950.82
6.98048, -1479.92, 502.738
3.68416, -686.886, 710.607
3.79415, 719.119, -192.237
5.4939, 818.179, -1422.5
6.89823, -1690.35, 757.67
6.16299, -1131.16, -1184.68
6.0773, 1827.98, 1141.53
3.57724, -1217.11, 962.09
6.30413, 1357.15, -1916.37
3.85351, -320.807, -1121.51
2.75246, 1335.49, 684.34
4.78866, 537.299, 491.344
2.58759, 898.59, -1558.76
3.01129, 150.699, -351.152
2.639, -258.907, 563.755
5.65921, -681.562, -1031.17
6.34425, 176.125, -497.531
2.74132, 1051.17, -1681.67
6.6924, -116.298, -1261.35
6.76899, -526.194, -641.617
6.57649, -889.209, 1147.97
6.85188, 1590.34, 811.589
5.27222, -1268.49, -344.606
6.12646, -592.586, 119.81
3.20424, -1055.35, 1876.58
6.6115, 1201.92, -1059.01
5.51185, 1468.21, -394.907
4.93856, 1018.31, -1842.14
6.14942, -577.206, 1907.56
4.05164, 1515.23, -1338.66
3.93925, -1398.7, 708.414
5.45857, -1907.08, 1622.29
5.34055, 1313.27, 1772.56
5.41059, -1857.09, -1157.87
2.84132, -1378.98, 566.42
4.34304, 303.123, -762.683
6.28475, -1874.68, -1152.34
6.35297, -894.704, -1748.55
4.27217, -788.174, -504.544
5.98913, 486.466, 1865.68
5.08005, -1367.66, -607.157
5.94494, 783.178, 263.604
6.18066, -164.341, 1231.38
2.56231, -687.307, -1350.62
7.16549, 1217.22, -243.563
5.37826, 267.301, 253.056
3.05587, 918.037, 1949.53
4.87388, -218.443, 49.9579
3.24247, 347.206, 188.48
4.22594, 101.938, 899.934
7.04476, -1866.45, 369.705
4.54571, 30.83, 1032.67
5.96642, -1357.22, -154.966
3.35865, 766.204, -1869.11
6.21715, 1787.14, -1010.25
4.16319, -847.356, 1282.66
4.62157, 1336.09, 622.902
2.79523, -274.522, -230.753
5.09005, 564.745, -479.345
5.94425, 949.41, -1163.07
5.01149, -514.102, 43.9075
6.56617, -338.17, -1503.13
3.07974, 163.411, -1879.59
5.24841, 533.35, 931.043
5.06046, 823.644, 42.698
6.02649, 1906.7, 883.332
5.65083, -473.772, 1780.01
4.0207, -48.2133, -1267.74
6.74719, 800.29, 744.35
3.39619, 1204.44, -40.6766
2.61737, -1061.61, -200.56
4.19467, 1481.22, 108.328
3.43818, 701.209, -169.556
6.60467, -572.696, 380.595
6.72507, -1791.46, -312.543
6.78031, 1694.82, -1442.15
7.37454, -1909.36, 1282.99
2.99587, 940.701, -896.915
2.56182, 1128.93, 1314.13
2.58614, 439.852, 1170.81
2.64527, 504.84, 190.026
4.1031, 303.541, -784.008
6.17815, 1255.58, 605.368
3.14876, 728.992, 951.164
2.5161, -735.966, 1015.03
6.91905, 278.144, -1582.11
3.70482, 463.051, -1149.66
4.38481, -1642.84, 1518.81
4.44879, 1219.67, 372.537
2.81534, 1191.78, 590.341
7.30792, 367.415, 1917.76
3.75349, 1453.79, -676.238
6.85376, -1361.11, -116.461
2.85991, -1838.14, 855.224
2.70653, -1250.41, 1156.02
3.46378, 726.434, -1047.47
3.86708, -621.249, 605.711
7.4007, -1906.84, -731.325
3.60607, 649.697, -1079.82
6.43119, -1751.84, 1713.25
4.42306, 602.576, -844.709
3.78593, 960.598, -1274.28
3.91087, -1896.4, 131.802
7.33834, 1737.27, -67.8533
4.22841, 1537.56, 345.467
3.45922, -1969.25, 1475.89
5.05037, -1096.47, -752.698
5.21857, -1116.38, 1269.55
5.72333, -1273.84, -1231.42
3.89738, -20.4614, 1575.95
3.41887, -593.125, -1440.46
2.71579, -1685.49, 756.094
3.98408, -1005.78, -530.05
4.25548, -463.133, 281.713
7.09372, -842.632, 1457.1
5.81225, 1012.45, -726.019
5.08041, 1733.99, 1172.79
4.03763, 1233.05, 1177.1
3.0007, -706.325, 310.788
3.47502, 760.268, -1762.11
4.11407, 63.0398, -264.463
5.56182, 1930.36, 173.26
5.13511, 1922.83, -1969.21
3.45653, 513.419, 570.591
4.7178, -1298.96, -856.941
4.48693, -1420.14, 1711
6.28051, -1214.62, 1489.65
6.6213, 1474.01, 1205.25
5.51573, 283.967, -688.682
3.04573, 1220.67, -1659.3
4.11797, 974.716, -330.829
5.03403, 16.4305, 637.636
4.76521, -1296.51, 1597.09
4.77315, -362.59, -922.734
4.91125, 1835.88, 1820.37
5.07896, 739.181, -1302.69
4.50207, 395.874, 1635.71
4.22945, 1925.08, 970.164
6.64533, 1857.11, -480.631
3.02204, -1466.16, -1598.04
6.40057, 1173.55, 1138.19
3.19919, -595.334, -479.008
2.62171, -1603.15, -1031.62
6.0664, 814.288, -1511.35
7.15538, 311.081, -1644.82
7.47667, 362.694, 349.655
3.86264, -1764.38, 305.898
3.6923, -952.34, -508.833
3.87328, 1927.32, 1240.47
5.70836, -1818.52, -1462.31
5.17637, 621.583, 312.283
6.8967, 1673.3, -594.265
6.75968, -1328.24, -1680.31
2.98004, 1819.76, -70.8048
4.66818, -1501.9, 397.826
3.17045, -411.342, -1515.63
5.86802, -322.041, 633.697
5.34964, -106.849, -961.007
3.66474, -1248.14, 1126.01
5.50306, 533.488, -1379.87
2.6551, -1607.74, -56.5479
7.08512, 1138.03, -624.839
3.82958, 1728.62, -357.629
6.50016, -369.874, -1018.91
5.46389, 338.442, -1448.01
5.0822, 718.373, 1234.18
5.2567, 638.923, 1288.78
3.47225, 1014.53, -467.047
5.36152, 242.727, -1486.96
3.81992, 427.907, 805.694
4.41648, -1530.66, 1079.59
2.73626, -1509.37, -1795.15
4.22823, 1176.19, -1342.61
3.61594, 1358.52, -874.12
3.81264, 33.9162, -1475.3
3.05141, -860.441, -804.543
7.40088, -1411.94, 40.5424
5.93794, 1593.74, 1279.27
5.82158, -1095.41, -763.384
5.99501, -1203.94, -1346.4
2.68746, -1676.98, -1554.71
3.6706, -1257.92, -1491.48
3.95397, 1434.93, 1388.02
3.50543, -79.4353, -519.874
2.7177, 752.085, 665.148
2.56571, -1063.58, 1041.71
6.07297, -1055.41, 1531.14
6.88348, -1745.52, -1259.2
5.35088, -1775.36, 542.094
6.92743, 1732, 1742.08
5.20042, -712.991, -560.257
3.31357, 1860.12, -1295.56
3.30492, 1936.08, 880.573
7.19182, 638.762, 574.982
3.45628, 1108.7, -1705.74
3.15761, -9.26946, -217.716
4.41122, -630.787, -10.5255
6.12674, 515.621, -530.889
2.50651, 1084.78, 1746.1
4.60222, 44.5748, 1472.65
5.18984, 616.345, -428.079
4.86596, -477.632, 494.722
6.33003, 1088.75, 1742.51
2.9396, 1110.05, -939.912
7.04284, 267.273, 647.811
3.20818, -1754, -791.194
2.54782, 872.736, -103.614
2.82267, 478.253, 1043.98
4.96742, 763.742, 444.985
5.40914, 1065.4, 1970.68
4.03373, -1897.81, 1089.75
4.57091, 1834.18, -138.78
4.33401, -1149.02, -1378.15
3.42687, 370.559, 1338.06
2.76788, 1278.2, 323.94
4.47222, 1083.01, -130.94
3.98388, -695.973, -264.078
5.05388, -792.633, 1641.73
3.75392, -1399.72, 460.686
5.01589, 1930.3, 1770.08
2.51168, -31.7967, 1595.27
7.01807, 1994.19, -896.431
2.79181, -1812.12, -1896.78
5.17506, -1377.21, 1609.9
3.95754, -768.626, 1750.8
7.3023, -1629.18, -546.025
4.73406, 639.473, -218.449
5.08479, 1789.96, 335.389
5.93861, -512.354, 30.3366
2.72187, -321.267, 152.239
7.2946, -1596.49, 1213.85
5.70852, 727.224, 311.293
2.80215, 1260.72, -1562.19
3.33964, 97.0919, 536.377
5.76491, 975.209, -498.93
6.19864, -1538.93, 678.504
3.57011, 1720.67, 401.474
4.31441, 314.716, -1749.34
6.56981, -1296.27, 1869.78
5.32057, 1615.62, -941.223
7.45886, -80.8464, -1797.57
6.5669, -1527.34, 795.167
3.49157, -1988.16, -46.0719
2.50003, -323.278, -1707.94
4.62608, 1893.15, -1553.08
4.07406, 1668.77, 390.239
5.56218, 1213.81, -1867.79
3.83351, -405.066, -1088.93
4.39881, -1190.17, -122.336
5.43397, 1932.97, 592.438
5.95636, -283.073, -1030.97
7.26736, -918.658, -1143.77
4.89785, -585.718, -1909.48
3.60319, 751.891, -1461.27
5.33741, -1449.63, -894.136
6.09873, 866.275, 728.515
4.4953, -979.161, 1124.92
3.48326, -1382.93, 1984.99
6.66971, -1346.47, -1516.02
5.59561, -898.052, -1738.81
7.26866, -589.122, 344.829
3.23222, -28.7394, -559.814
5.38953, 81.3234, -920.022
7.26796, -784.616, 1445.9
3.62331, 1441, -1955.48
7.25137, -980.512, 1617.44
3.07874, 1597.96, -1036.47
2.58372, 59.2937, -524.724
3.90465, -706.361, -341.255
7.15042, 1295.1, 336.2
3.04796, 1493.12, 1743.96
6.77266, 60.7914, 1660.51
5.68532, -1453.09, -1464.63
5.63853, 814.306, -1416.44
3.80589, 1453.96, 1488.16
5.13936, -1901.95, 439.992
7.16608, -536.819, 1826.81
3.98055, 1846.84, 202.707
4.78006, 311.676, 913.048
6.35659, -1313.2, -1242.86
4.17193, 199.17, 232.293
6.31775, -79.0829, -1888.54
6.65892, -60.1393, 1886.38
2.64618, -1450.37, 1136.69
4.31315, 1430.86, -535.299
4.16221, 567.671, 922.47
3.17675, -1038.43, -609.548
3.00839, -613.402, 1247.39
5.11327, -1220.03, 1630.68
3.52046, 61.311, -1068.95
5.00728, -1733.54, -1263.42
5.1371, 5.92581, 1923.56
4.13422, -538.308, -585.934
4.75888, 452.302, -890.486
6.85263, -14.8534, 1971.57
4.72884, 1291.5, 1730.64
6.03726, -917.85, -1839.65
6.83171, 1830.64, -1398.53
6.5822, 1741.27, 442.538
2.67504, 1791.72, 1675.36
3.8644, -1308.28, -472.835
5.21858, -845.623, -861.703
3.19942, -1983.07, -1091.63
5.57408, -1558.63, -1872.09
3.29182, -1386.07, -1211.21
4.41129, 198.023, 442.339
5.94997, -188.685, 379.055
3.21128, -778.147, 921.566
5.65284, -1570.16, 1589.08
3.15973, 398.934, 1872.71
7.13583, -1483.74, 508.749
5.53465, -1878.84, 1569.77
5.50388, -1844.19, 741.301
3.33635, 1193.98, -1058.35
3.301, -1727.1, -802.655
5.91628, 1248.14, -59.7532
5.1456, -1429.92, -27.8679
3.65264, -264.015, 1623.03
6.55373, -1004.67, -116.506
5.76477, -840.958, -1121.73
4.08597, -1104.04, -1168.33
2.53953, -525.224, -1632.08
3.49176, 1458.51, 1483.1
3.78831, -17.2081, 764.133
3.03825, 1783.1, 77.3962
3.49545, 265.062, -870.752
6.75079, 1607.52, -1544.07
6.63912, -1969.93, 423.51
6.76813, -1920.72, -1104.37
5.71027, 571.308, 1559.54
3.6787, 1456.73, -1977.75
6.80638, -1005.28, -1619.94
5.4745, 73.7435, -204.784
2.52745, 1014.59, -59.9028
6.84925, -1324.2, -937.373
7.37729, 1300.28, 213.111
5.59653, 758.619, 27.1232
3.85574, -1886.73, 760.078
7.46973, -318.318, -1269.72
4.60751, -1446.87, -1060.19
4.20537, -1589.74, -1230.92
4.80717, 726.21, -275.48
4.44822, 528.859, -758.499
4.613, -100.654, 1030.9
2.84879, 263.85, 574.825
5.5153, -116.406, -253.88
7.36114, -99.4216, 461.931
5.07406, -1393.61, -1071.69
7.45461, 1911.53, -275.389
5.84906, 1254.23, -295.359
4.01716, -1211.55, 141.273
3.47371, 1750.54, 1132.63
4.0109, -1419.62, -1875.02
4.93946, -669.743, 922.702
4.72438, 1061.8, 1961.15
5.7844, 639.485, -1883.41
3.74227, -1559.81, -1336.7
4.72007, 109.825, 1111.82
5.75894, -1383.75, 107.653
6.67472, -1427.58, 377.558
6.03698, 399.519, 1639.95
4.93928, -1742.89, -1205.01
6.72039, 799.735, -478.264
7.00296, -997.661, -367.231
6.33082, -1301.95, -1053.21
5.29453, 1257.55, 1697.28
2.70603, -42.981, 183.527
5.46749, 1128.6, 131.043
2.68674, -1361.83, 1655.45
4.53488, 46.0413, 874.03
2.84243, -1952.77, -1764.18
7.38558, -1556.07, -1764.98
2.5956, -1034.73, -467.079
6.60363, -320.282, -545.561
5.2195, -749.715, 1756.18
5.72828, 1583.96, -665.113
3.62934, -521.502, 114.183
2.733, 1656.77, -1389.91
3.63154, 429.27, -1111.95
4.58371, -1267.16, 270.467
6.40126, 532.044, -1263.9
3.72852, -1844.88, 777.484
4.81411, 1318.01, 176.527
6.14756, 1857.86, 582.529
5.35237, -660.878, 1632.06
5.45997, 1856.71, 1849.78
4.98425, -1887.8, 562.1
3.951, 988.609, 218.417
4.71107, -5.68351, -452.167
2.53669, 1709.51, -791.946
7.41683, 992.659, -718.127
2.52822, -1620.18, -291.543
4.8676, -197.381, 1471.84
5.86497, -620.742, -244
