6.27803, -1461.32, -1907.11
3.5948, 29.7555, -248.854
5.89648, 737.757, -1782.25
5.09708, -568.238, 1794.43
2.76731, -1906.72, 1282.89
2.53849, 634.097, 108.401
4.58743, -1629.74, -493.098
7.15218, 376.259, 783.619
2.95982, 64.7455, 1389.61
6.00595, -379.711, 640.461
3.81226, 1071.24, 1595.08
4.14117, 942.061, -1762.68
7.45519, 937.001, 500.589
7.41275, -1035.44, -506.465
5.75759, 975.938, 862.649
6.92354, 514.897, -1654.27
6.33247, -279.404, -944.05
3.87453, -928.825, -121.974
4.93259, -1311.86, -578.708
2.80282, 1598.99, 1533.42
5.08146, 21.0188, 1541.1
4.96988, 1875.6, -739.888
7.23882, -1585.81, -946.753
4.42071, -46.2691, -1649.58
5.14874, 1608.18, -960.926
2.75042, 1712.09, -119.203
6.63909, 1114.98, 1080.24
5.94228, -1826.26, -1451.53
6.18112, 516.89, 1453.87
6.94286, 1879.51, 899.077
4.25508, -702.079, -1023.65
6.72991, 368.265, 45.006
3.84659, 1225.85, -259.92
4.83959, 152.087, -365.017
3.2686, -1316.97, -903.28
2.66527, 1254.35, 291.689
7.2768, -29.8171, 180.948
6.95369, 230.857, 955.261
3.29884, 1304, 465.019
3.15214, 851.504, -1122.68
2.515, -920.502, -1610.01
6.0491, -1763.94, -370.363
3.40448, -984.549, 1665.62
5.76029, 1544.38, -670.713
4.42907, 798.022, -1405.15
3.23766, -12.7807, -492.983
5.45054, 1219.89, 332.086
3.24076, 314.801, 1776.38
3.2091, -341.25, 1889.37
4.94257, -950.393, 226.807
3.13015, 1689.22, -116.555
5.64635, -678.575, -1152.54
5.60817, 563.503, -1436.42
4.88216, -978.153, 1148.18
2.64188, -1023.35, -505.19
3.21011, -248.764, 1553.47
3.15594, -382.639, 1724.35
3.31099, -1668.39, 1515.13
3.76529, -521.719, -1640.34
4.77654, 1063.68, -1460.13
6.54472, -177.683, -586.031
3.57624, 594.599, 1653.8
3.75063, 1595.18, 735.581
5.02978, -129.176, 1425.14
6.27922, 1230.6, 302.498
5.66369, 1717.95, -63.9951
5.9449, 1234.6, -267.632
7.27207, 1902.47, 907.392
5.18713, -809.398, 1424.92
4.57014, -1503.07, 56.7339
4.70019, 1491.46, 323.712
6.07821, 1442.71, 905.908
6.20858, 760.257, 1151.7
5.12494, 1521.6, -1886.48
6.06711, -1681.31, -160.449
5.91025, 633.982, -52.8584
6.82941, 1645.6, -1172.55
3.19597, 127.584, 1489.03
3.57766, 1845.24, -232.626
5.0733, -671.714, -293.306
4.83766, -175.454, 1426.06
3.55759, -482.433, 1210.43
5.65244, -1356.22, 1926.16
2.5044, -1849.91, 375.448
4.09589, 879.065, 1056.73
5.90281, 678.069, -209.758
6.0446, 1311.99, -1144.58
2.90869, -1586.18, 1275.28
3.56926, 539.537, 937.616
4.44412, -1626.39, -1126.91
4.44927, 1806.34, 1803.9
3.92018, 744.002, -916.469
4.6123, 1117.09, 1045.36
2.55658, -1267.25, -898.743
3.72027, 1820.33, -1254.91
4.49072, -1415.43, 1288.6
6.64177, -1316.74, 395.26
3.78584, 1892.9, -1407.05
3.59705, -1547.7, -994.582
6.47385, 750.546, 529.461
5.8476, 963.788, 773.131
5.49108, -1753.59, 624.228
5.99917, -733.979, -1061.75
5.13062, 1103.74, -1462.83
4.14833, 380.356, 197.574
3.30844, -1442.72, 762.425
6.56633, 1405.65, -41.8423
4.08004, 900.054, 238.612
4.05369, 67.0131, -1463.48
4.65424, 55.2485, 273.332
4.46509, -441.93, -945.532
4.43916, -53.0057, -326.561
4.34871, -1594.23, -927.462
5.88118, 657.987, -1030.63
6.10384, 846.446, 59.7085
7.20082, -139.439, 1744.46
5.08573, -163.061, -730.87
5.5282, -349.583, 624.06
5.85049, -1350.39, 1914.12
5.11404, 126.907, -594.858
3.87105, -1849.72, 1259.62
7.08924, 224.568, 562.321
3.73367, 1841.4, -888.44
4.77876, 717.737, 1304.97
3.30374, -1840.63, 1284.57
4.68319, 791.382, 741.252
7.45767, 915.662, 369.268
6.26931, -853.405, 776.005
4.97846, -1891.05, -1280.15
7.01651, -1315.49, -1582.74
4.68213, 975.983, 1069.57
5.09239, 319.074, -1896.85
4.44866, 180.786, -1654.99
5.63431, -404.107, -1158.74
5.19331, 775.602, 647.164
4.35955, 1293.35, -848.66
2.54674, -693.85, 692.144
6.3794, 70.4183, -1520.18
2.85317, -1747.91, -1150.59
3.98511, 850.915, -1364.95
4.78581, -116.37, -1697.62
3.25156, -186.116, 50.4706
5.97819, 1291.05, -856.012
4.15587, 744.745, 272.746
5.21197, 1912.09, -1684.66
2.64678, 1466.11, -1775.67
5.38086, 10.2765, -422.624
5.18133, 689.82, 936.622
7.36678, -1508, -1768.5
5.57063, -625.527, -1191.25
5.26431, -1441.55, 423.524
6.69051, -514.366, 1729.73
3.75764, -990.494, 1778.6
6.98957, 1186.95, -254.042
5.97428, 1019.04, -981.725
5.82752, -953.734, -168.314
3.06838, -1214.72, -1526.46
3.37987, -1870.83, 202.261
2.91253, -306.679, 335.806
6.68103, -456.271, 697.102
2.64818, 1895.2, -1544.24
6.34719, -31.2346, -1644.78
4.29829, -1024.34, 1704.09
6.24626, 48.4478, 1025.75
6.28385, 681.204, 639.461
3.60834, -1058.93, -1782.79
5.58305, 606.478, 305.931
3.66846, -1086.45, -459.382
6.22052, -1369.02, 558.903
5.80997, -1747.11, -1327.56
4.9209, 1848.06, -1483.96
2.58972, 1659.98, 387.519
4.98291, 898.54, 342.953
5.09587, -81.9784, -1715.88
4.71395, -1679.6, 1003.03
4.14528, -49.6676, 1855.72
3.52671, 947.063, -200.268
7.19863, -450.34, -1215.74
2.85168, -993.483, 1813.6
3.30042, 62.1664, -1452.68
6.70788, -1508.89, 44.5173
4.13614, -306.812, -514.211
6.85942, 327.061, 843.302
5.99896, 1314.22, 1023.28
5.52801, 1719.41, -410.328
4.77536, 143.972, -485.807
2.91543, -920.528, -436.434
3.94883, -73.5603, -250.441
6.51009, -1150.75, -1543.81
6.81821, 701.311, 74.2474
3.81831, 814.89, -999.394
4.79881, -1603.5, -466.181
4.95672, 1205.23, -1035.03
5.82344, -927.033, -1911.39
7.31738, -1237.02, -351.097
7.23022, 1156.85, -1453.9
2.81902, 447.794, -1289.31
5.04829, -887.722, -560.198
6.13222, 1297.87, 1320.32
5.65882, 1144, -641.891
3.26658, -1806.08, -1824.57
5.09652, -1703.65, 1026.88
3.52281, -1072.19, 1655.85
6.03231, 793.814, -1652.81
6.05786, -933.239, -126.461
3.66304, -1010.08, -477.02
6.80594, -75.3378, -236.316
2.67122, -192.768, 1833.1
6.26587, -1834.38, 158.65
4.14789, 1227.24, 309.017
4.65309, 110.883, -1031.91
7.33455, 1812.06, -423.916
4.05803, 1469.59, 1349.36
5.69762, 1853.97, -1370.34
5.95386, 1687.18, -118.705
5.36403, 86.8917, 1244.31
6.60667, 1801.41, -1442.12
4.21807, -1757.03, -1361.6
5.09387, -1610.27, -1464.56
6.78438, 234.614, -1835.95
6.18587, 727.67, 71.4766
3.45992, -1734.79, 723.979
2.83145, -613.273, 651.756
3.60828, 1739.57, -1431.75
3.33656, 310.215, -369.374
6.31172, 740.868, -1773.42
5.44905, -1657.09, 785.211
4.65223, 1726.42, 1685.72
7.09618, 1287.15, 25.6855
5.09668, 906.034, 374.51
7.38058, -1379.19, -76.9941
5.15714, -899.543, 264.804
2.98716, 677.089, 704.865
5.83983, 391.258, 248.548
5.44444, 306.518, -19.7206
5.01137, -1347.7, -216.995
2.75808, -1795.13, 869.079
2.6753, -640.534, 41.6399
4.41484, -1549.41, -1037.47
5.55555, 375.4, 207.959
5.06574, 1088.21, 1711.34
5.98498, 666.927, -30.8689
4.89891, -21.899, -389.684
3.88323, 105.684, 856.128
6.01685, -869.244, 390.727
3.67701, 1688.53, 63.9205
6.41501, 282.74, -354.372
6.60589, 680.823, 1614.14
3.21842, -980.252, 94.6215
5.75757, -993.099, 1549.71
3.87677, 1701.4, -1900.69
7.26215, -758.535, 1402.32
4.58238, -1472.42, 36.9923
3.03869, -248.663, 778.523
4.70633, -1548.89, 1062.46
6.28811, -821.208, -559.627
2.77803, -682.578, -588.649
3.51241, -30.3318, 263.366
6.82305, 1802.17, -1436.33
6.52456, -478.921, 35.3415
2.78861, -1332.96, -1301.27
4.40304, -119.63, -1420.72
4.56124, -229.417, 1458.81
2.80071, -732.696, 605.28
7.09746, 1606.67, 1252.16
3.35398, 1073.47, 1649.06
6.51634, -1865.67, 394.452
3.88599, 1439.04, 95.7062
4.44586, 327.408, 1477.38
7.19936, 142.439, 1230.15
6.24573, 375.594, -385.31
3.44774, -671.519, 1493.22
6.89581, 843.372, 952.534
6.8953, 810.08, -1616.35
3.30515, -1593.21, -498.427
5.87346, -1567.52, -345.934
6.89096, 1281.56, 276.103
6.98262, 498.701, 1056.38
3.06535, -10.3609, 1474.06
5.93789, -453.796, -480.628
3.21651, -1470.44, -1477.22
3.6901, 784.613, -75.941
5.64383, 1830.05, -416.013
4.312, 1601.62, 738.07
4.64437, 1162.08, 1425.49
4.91936, -49.9876, -1645.5
6.20379, 22.341, -234.942
3.23098, -756.115, 1674.57
7.36238, -1659.25, -1495.54
7.3158, -1022.41, -427.692
3.14741, -1160.76, 1297.34
5.3784, -575.86, -1193.16
4.66439, 321.732, -314.835
5.50066, -451.009, -435.764
5.85098, -1342.27, -181.432
4.5137, 799.113, 1928.04
6.46691, 1326.33, 1336.02
4.89889, -1882.05, -487.725
5.72449, 607.876, 512.538
4.28836, -528.102, 1210.85
5.96794, -643.645, -437.465
5.83428, -831.006, -1346.88
3.22071, -834.364, 1423.26
7.10415, -1839.77, 380.767
4.22228, 72.1824, -464.6
6.66824, -800.538, -936.59
2.74349, 594.831, -1440.37
3.27936, -494.341, -125.073
2.55765, 650.794, 969.453
3.94327, 226.971, 1161.72
5.07295, -685.733, -311.229
3.65948, 1343.33, 866.146
2.75022, -495.833, -110.544
5.33091, -1203.94, -1591.96
6.69774, -315.676, 1281.61
4.28763, -1257.48, -885.524
4.3452, 333.317, 1696.78
7.22226, 523.132, -138.012
4.72425, -1756.16, -316.501
6.82086, 932.033, 311.67
5.82654, -1552.97, -1445.05
5.79297, 351.487, 1306.85
7.10736, -1884.61, 1888.29
5.11536, 1890.08, -1264.34
5.45229, 887.63, -883.763
5.79944, 1324.36, 1305.21
4.24765, 526.734, 947.952
4.11714, 636.369, 105.446
7.08984, -236.16, 1460.19
3.08619, 1842.19, -900.287
7.31268, 1221.8, -267.199
5.17978, 122.76, -578.503
5.81447, 1598.03, 1270.14
5.48362, 1739.8, -987.156
6.93363, -1014.92, -1452.02
6.67999, -1300.52, -1207.25
6.69339, 498.309, 377.966
6.85642, -344.41, 601.776
2.5002, -1541.48, 656.713
4.77274, 540.16, 669.938
4.25696, -1859.07, 400.423
5.80713, -507.588, 1393.81
6.22234, -1768.34, 308.25
3.3821, -306.307, -973.622
7.4621, 1594.37, -1555.22
5.95466, -1822.29, 373.82
6.97862, 291.811, -46.2004
3.51579, 700.927, -219.637
7.2356, -955.009, -67.0454
4.88476, 1748.63, -967.28
6.78578, 1813.58, -1532.6
6.41237, -1822.27, -1136.12
5.70687, 1809.74, -1754.44
3.14521, -1422.93, 330.055
5.77944, 16.6609, 1319.59
3.09199, 111.546, 3.32771
3.88793, 624.897, 1566.9
6.65548, -497.717, -501.927
6.14153, -1479.67, -1015.42
6.74348, -1203.64, 584.325
3.43989, -1486.75, -1741.16
6.09602, 1114.97, -603.488
4.25586, 312.902, 611.048
3.34555, -841.357, -1390.15
4.52383, 660.914, -1047.11
4.20924, 329.18, 1487.2
6.67141, 697.78, -270.025
3.9111, 1396.95, 1175.24
5.16766, -1283.5, -905.278
6.25085, 1897.55, -1704.39
4.62554, -1317.48, -1511.66
4.66964, -1074.15, 1106.49
3.03022, 1694.47, -1834.73
6.4639, -63.2821, -872.701
3.91232, -1181.44, -934.953
7.14264, -1146.85, -474.339
5.37926, 480.975, 1026.34
3.4895, 1644.61, -593.098
5.99081, 1142.12, -1474.67
3.07265, 977.045, -1829.06
4.22945, 559.005, 1506.72
4.15646, -1140.6, -459.656
6.42735, 1653.56, -1872.1
6.65775, 916.237, -423.225
4.21712, -1460.57, 1496.07
4.2603, -527.964, 1770.1
6.38197, 263.093, -1536.68
6.58658, -3.52687, 1368.29
4.26157, -299.982, 580.009
7.09559, -811.413, -573.911
3.2877, 1036.13, 492.056
5.56029, -938.318, 1161.83
5.54222, -834.511, 1423.92
3.16647, -487.383, -1440.01
3.51409, -1443.94, -1000.33
4.79457, -1684.88, 1033.79
3.48759, -976.929, 1793.78
6.77118, -1652.17, 726.155
6.54562, -1516.11, -1325.6
2.80131, -1763.95, 1718.05
6.50584, -1426.63, 1268.59
5.49597, -342.657, -1042.57
7.43182, -1764.56, 501.589
2.65919, -261.122, 1313.65
6.8356, 1796.19, -1431.91
3.69109, 1255.87, 638.116
3.6127, 356.039, 820.562
4.73907, -1814.43, -1107.96
2.61231, 1701.4, -353.034
6.79755, -569.139, -29.0585
4.15902, 440.6, 1124.52
5.72195, 582.784, 581.713
7.43521, -1833.02, -995.531
5.30162, 570.414, -1150.47
4.74553, -1510.57, -494.036
5.213, 301.495, -1433.09
2.90797, 1573.91, -70.1313
3.99606, -1595.63, -492.807
6.63964, 1568.47, 1288.14
6.48936, 1227.45, 1794.46
5.71048, -224.698, 1362.18
4.84105, 1242.43, 738.006
7.15326, -399.819, -1118.58
5.08798, -490.883, -101.832
7.42924, 1588.38, -1004.62
5.94567, -113.544, -1375.31
6.19966, -325.298, -950.39
3.46323, -795.533, -1804.57
6.08881, -915.361, 1205.52
6.11146, 1144.88, -318.609
6.49298, 552.671, 297.882
4.23216, 504.489, -1931.57
5.1481, -49.7576, -205.033
3.19001, 1457.19, -674.666
6.73218, -438.83, -487.656
6.32766, -84.5713, -1701.65
7.5, 1783.9, -860.845
4.24891, 968.572, 1935.23
5.50367, -1187.42, 1124.31
3.50808, -984.766, 131.517
6.2385, 83.2158, 319.554
6.49225, 1880.72, 438.496
3.03505, -1396.48, 212.701
5.35813, -1022.99, 85.9611
2.84683, 721.208, -719.336
4.16036, 1391.1, 1378.71
5.80945, 940.797, -1390.73
5.27726, 295.304, -341.79
7.12415, 455.777, -21.2105
2.69832, -936.497, 421.876
2.62083, -589.067, 447.261
4.61923, 445.519, -1290.15
4.36987, 926.145, 264.185
2.93303, -445.792, -501.481
3.05403, -275.802, 339.754
5.31992, 709.045, -677.729
7.37269, 32.403, 1439.74
3.05066, -124.341, -1694.67
5.99352, 199.782, 1888.28
2.79674, -132.03, -1405.65
4.69755, 1664.52, -173.792
5.24651, 1932.68, 1409.44
3.45129, 1352.66, -1472.24
7.36597, 658.745, 633.515
3.19593, -1335.64, -126.809
5.48978, 1782.67, -886.663
7.12812, -1713.82, 1403.44
3.91116, -130.578, 1754.86
6.8307, -325.023, -171.416
6.29598, -396.068, -1168.19
6.10793, 680.636, 1217.18
3.34241, -695.354, 712.664
3.32882, 1596.27, 752.057
3.39076, -1295.48, -1916.8
5.87226, 642.774, -1161.36
4.83484, -654.44, 52.2437
6.85219, -1581.38, -712.184
5.76023, -1330.04, -197.965
5.80464, 1485.94, 1705.39
2.58037, -1337.57, -1193.68
4.30596, -1519.09, -1324.21
3.72747, 1812.53, 181.158
6.93086, -1804.8, -1830.18
5.23701, 1645.85, 1568.8
6.57209, -98.2626, -1274.91
5.24453, 336.487, 1692.99
4.16156, 983.908, -99.0266
4.40213, 7.94595, -1300
2.52389, 1808.68, 1268.1
6.95226, -171.353, -798.053
6.16955, -944.527, 1340.5
6.04239, -262.34, 1315.37
5.1278, 150.284, -369.75
6.41065, -347.986, -1584.4
3.42484, -794.793, -888.514
5.72673, 529.471, 944.286
3.42178, -1301.1, -594.848
3.31214, 48.5828, -224.114
2.65594, -366.534, 1677.23
7.42716, 268.69, -1343.77
4.04559, -630.955, -1378.57
4.11075, -1336.15, -572.468
5.51155, 562.352, -426.6
2.89107, -650.05, -1798.9
3.93936, 8.52706, 130.873
5.79307, -307.978, -964.381
7.36348, -1878.61, -714.256
7.27758, -724.462, -1541.68
7.42745, -1305.64, -593.175
7.30478, -1766.68, -1416.54
3.0073, -1048.52, 1080.5
3.71505, -280.267, -948.223
6.91151, 214.647, -807.821
5.28805, 676.459, 1333.41
6.7669, 1577.84, 1044.62
7.49145, -1053.27, 1094.41
3.99751, -453.28, -951.288
6.33157, 1902.57, 862.215
4.81901, 577.621, -328.975
6.8168, -1282.6, -1530.3
6.99018, 1690.24, -45.5612
7.377, 506.567, -790.06
2.77405, 1220.82, 317.644
6.32605, 1819.18, -1259.47
5.09219, -1825.32, 1470.12
3.46574, 1881.55, -404.228
6.98252, 447.582, -1102.93
6.38492, -1672.56, 200.165
2.75968, 805.438, 1060.07
7.47331, -1631.71, 1501.66
5.93659, -122.343, -871.482
5.94854, 1744.91, 990.445
6.57666, -1319.75, 1610.99
7.05426, -119.73, -952.175
3.34218, -402.871, 747.345
5.24183, -1193.43, 1567.32
6.53351, -1004.82, -466.769
4.17803, 652.973, -1042.29
5.53435, -205.386, 54.7968
6.59602, -1800.27, 673.027
7.3485, 130.216, -477.998
6.29349, 1115.8, 1012.16
3.72113, -295.721, -211.123
5.80589, -1141.5, 774.823
4.21574, -930.746, -404.275
7.27146, 729.574, -769.013
2.60828, 1581.71, 1090.59
4.54979, -1767.54, 1847.56
2.55789, 1145.89, -1358.24
3.04964, 1731.42, 400.622
5.28259, -1622.02, 201.796
4.45466, -11.4766, -488.583
7.20539, 236.53, -368.117
2.55572, 363.295, 735.688
6.22897, -385.435, -913.575
3.84293, 270.355, 271.982
4.27153, -1308.7, -1492.18
3.45835, -889.338, 1254.19
5.14832, 596.473, -284.596
4.39478, -108.682, -1696.03
3.16407, -36.9204, -1657.73
4.26563, -318.823, -1060.4
4.2497, 1555.77, 1918.73
7.41084, 1242.17, -276.915
5.25961, 283.51, -708.998
4.99918, 84.7097, -1434.76
3.58531, -1660.68, 844.088
4.37311, -502.263, -1244.91
6.78251, -1293.4, -909.856
6.45578, 1600.23, -1045.89
3.9204, -1037.19, 1788.97
5.07645, 874.208, 239.76
6.79238, -529.52, 14.2733
7.07844, -1759.55, -380.791
7.48941, 263.329, 1772.25
6.53177, 286.211, -361.235
5.22718, -1803.24, -322.331
7.3461, 305.385, -1424.66
5.31931, -1158.79, 728.644
4.03031, -891.16, 1291.84
5.41853, 1813.71, 1794.22
2.91197, 129.402, -588.779
5.47382, 681.432, 1190.5
3.31968, -1154.58, -1162.77
6.46527, -1295.99, -946.945
2.95373, 1197.19, 1390.95
6.3072, -977.874, -1361.86
6.83996, -553.447, -23.0249
6.40105, 332.753, -670.613
6.61399, 1828.18, 1811.25
6.70974, 737.124, 1087.9
4.48328, 968.778, 510.032
6.508, -294.483, 336.154
6.56811, 746.52, -83.842
5.43493, -805.73, 185.848
4.64621, 1542.02, -60.0753
2.5002, -74.0211, -889.919
5.31153, -1602.11, 652.92
6.22632, 712.905, 673.4
3.89846, 1814.67, 548.91
2.93406, -1896.71, 1115.91
3.5733, 1707.6, -1739.37
3.93296, -952.339, 1185.11
4.86595, -767.914, 921.535
6.95893, 1677.33, 1643.3
5.91955, 1006.33, -976.684
3.54376, -26.8093, -211.862
6.67533, 1554.04, -2.46815
7.09218, 1820.5, 1768.53
4.48244, -994.76, -1356.22
6.37858, 1096.81, 1057.69
5.68161, -252.674, -185.516
6.64746, 961.102, 514.676
3.40204, 1083.87, -931.09
7.45927, 1096.97, -1479.85
6.70558, -290.255, -1632.81
4.65177, 1740.3, 503.387
4.38589, 1189.92, 1721.4
2.70802, 1252.8, -994.042
6.80715, -1519.17, -1056.72
6.62116, 1783.69, -1777.6
6.25052, 66.3263, 1449.35
3.55801, -342.827, 1887
4.31029, -1568.19, -363.119
4.43545, -1195.39, -1532.55
7.32918, 1589.29, 1263.69
6.5872, -277.657, 1333.49
4.5755, -146.846, 881.388
5.83759, 387.865, 308.767
2.52101, 986.046, 1863.99
6.98048, -1439.22, 416.592
3.68416, -715.409, 711.61
3.79415, 694.924, -209.42
5.4939, 757.826, -1391.5
6.89823, -1652.08, 746.923
6.16299, -1142.06, -1162.63
6.0773, 1726.05, 1139.87
3.57724, -1182.95, 966.467
6.30413, 1367.88, -1885.93
3.85351, -375.715, -1030.68
2.75246, 1299.82, 634.847
4.78866, 604.316, 532.243
2.58759, 857.126, -1501.59
3.01129, 91.4933, -413.446
2.639, -294.67, 573.765
5.65921, -710.119, -1073.96
6.34425, 134.412, -472.534
2.74132, 1078.08, -1641.4
6.6924, -53.6355, -1246.28
6.76899, -489.71, -551.798
6.57649, -979.204, 1141.18
6.85188, 1576.58, 772.384
5.27222, -1239.32, -296.177
6.12646, -508.536, 23.6707
3.20424, -992.769, 1768.18
6.6115, 1158.39, -1014.76
5.51185, 1411.39, -376.875
4.93856, 975.518, -1787.03
6.14942, -547.566, 1779.48
4.05164, 1510.54, -1318.66
3.93925, -1403.87, 674.297
5.45857, -1835.55, 1521.34
5.34055, 1220.22, 1677.66
5.41059, -1849.93, -1115.93
2.84132, -1344.05, 586.223
4.34304, 283.764, -702.367
6.28475, -1874.1, -1118.34
6.35297, -903.62, -1700.97
4.27217, -787.699, -539.11
5.98913, 435.832, 1808.32
5.08005, -1307.64, -605.278
5.94494, 711.235, 298.066
6.18066, -161.444, 1246.67
2.56231, -662.224, -1312.92
7.16549, 1280.65, -305.932
5.37826, 265.044, 218.266
3.05587, 948.857, 1928.32
4.87388, -209.49, 57.6274
3.24247, 485.393, 168.021
4.22594, 103.845, 876.773
7.04476, -1771.13, 291.467
4.54571, 13.3346, 1067.34
5.96642, -1355.46, -167.501
3.35865, 731.726, -1742.52
6.21715, 1734.52, -990.552
4.16319, -858.224, 1325.74
4.62157, 1273.29, 632.487
2.79523, -334.038, -189.533
5.09005, 549.581, -429.241
5.94425, 914.625, -1138.66
5.01149, -562.996, -25.5307
6.56617, -361.036, -1471
3.07974, 188.531, -1813.89
5.24841, 565.046, 929.91
5.06046, 733.599, 44.0665
6.02649, 1861.02, 910.373
5.65083, -505.858, 1749.23
4.0207, -81.4648, -1278.71
6.74719, 802.533, 699.895
3.39619, 1245.99, -58.854
2.61737, -1016.37, -193.811
4.19467, 1391.96, 84.3656
3.43818, 741.618, -256.561
6.60467, -569.703, 321.296
6.72507, -1804.85, -371.408
6.78031, 1673.88, -1392.09
7.37454, -1844.56, 1281.49
2.99587, 858.395, -874.332
2.56182, 1133.02, 1278.01
2.58614, 451.015, 1109.3
2.64527, 451.449, 205.327
4.1031, 298.723, -721.314
6.17815, 1223.5, 586.525
3.14876, 715.885, 927.066
2.5161, -750.27, 977.665
6.91905, 284.441, -1589.63
3.70482, 404.584, -1097.44
4.38481, -1635.08, 1482.07
4.44879, 1293.02, 241.233
2.81534, 1224.81, 585.216
7.30792, 374.731, 1815.57
3.75349, 1417.94, -701.357
6.85376, -1352.4, -157.845
2.85991, -1785.31, 776.324
2.70653, -1174.85, 1160.23
3.46378, 659.13, -1061.88
3.86708, -601.868, 609.891
7.4007, -1886.92, -710.212
3.60607, 685.848, -1010.08
6.43119, -1732.63, 1673.09
4.42306, 550.991, -817.58
3.78593, 925.312, -1256.23
3.91087, -1810.07, 114.067
7.33834, 1778.24, -106.252
4.22841, 1442.26, 308.864
3.45922, -1886.97, 1456.73
5.05037, -1092.03, -746.632
5.21857, -1080.71, 1228.25
5.72333, -1315.37, -1186.48
3.89738, 9.24194, 1550.88
3.41887, -604.917, -1382.37
2.71579, -1693.41, 734.693
3.98408, -922.888, -477.518
4.25548, -459.551, 265.184
7.09372, -839.039, 1327.63
5.81225, 998.193, -707.786
5.08041, 1734.03, 1131.21
4.03763, 1174.5, 1122.8
3.0007, -669.71, 291.235
3.47502, 736.959, -1790.07
4.11407, 75.5173, -212.045
5.56182, 1830.56, 182.834
5.13511, 1882.11, -1917.44
3.45653, 619.584, 537.93
4.7178, -1261.21, -885.577
4.48693, -1356.58, 1635.3
6.28051, -1185.32, 1491.42
6.6213, 1453.74, 1205.82
5.51573, 276.44, -749.125
3.04573, 1179.65, -1591.81
4.11797, 944.403, -330.267
5.03403, 37.8854, 618.313
4.76521, -1326.06, 1590.05
4.77315, -348.757, -916.529
4.91125, 1830.56, 1826.25
5.07896, 725.657, -1297.08
4.50207, 365.183, 1590.23
4.22945, 1909.15, 866.433
6.64533, 1811.96, -421.491
3.02204, -1411.13, -1529.58
6.40057, 1077.98, 1061.05
3.19919, -585.343, -467.121
2.62171, -1541.62, -1039.82
6.0664, 783.772, -1393.66
7.15538, 280.693, -1584.69
7.47667, 433.925, 339.376
3.86264, -1774.12, 309.872
3.6923, -1030.63, -507.645
3.87328, 1852.87, 1219.19
5.70836, -1772.27, -1465.65
5.17637, 594.735, 252.484
6.8967, 1597.93, -586.672
6.75968, -1280.69, -1586.15
2.98004, 1675.21, -150.961
4.66818, -1456.07, 470.475
3.17045, -343.533, -1470.71
5.86802, -361.595, 625.108
5.34964, -74.8535, -885.676
3.66474, -1133.51, 1147.68
5.50306, 513.84, -1332.73
2.6551, -1541.38, -33.8147
7.08512, 1089.46, -574.252
3.82958, 1705.5, -367.868
6.50016, -350.393, -1061.52
5.46389, 231.766, -1478.7
5.0822, 681.004, 1211.59
5.2567, 732.502, 1212.61
3.47225, 921.578, -458.49
5.36152, 310.966, -1425.14
3.81992, 351.404, 786.285
4.41648, -1559.7, 1053.11
2.73626, -1500.48, -1747.52
4.22823, 1138.3, -1351.54
3.61594, 1277.67, -875.021
3.81264, 26.7203, -1422.48
3.05141, -824.382, -862.891
7.40088, -1369.36, -10.9523
5.93794, 1553.04, 1253.19
5.82158, -1091.7, -732.46
5.99501, -1171.94, -1338.84
2.68746, -1655.52, -1494
3.6706, -1291.3, -1509.52
3.95397, 1476.89, 1344.62
3.50543, 19.489, -409.586
2.7177, 684.193, 601.684
2.56571, -1080.82, 1111.74
6.07297, -1010.73, 1533.64
6.88348, -1708.73, -1197.22
5.35088, -1749.57, 629.674
6.92743, 1711.39, 1673.37
5.20042, -729.981, -542.863
3.31357, 1776.25, -1255.09
3.30492, 1882.73, 883.445
7.19182, 594.057, 532.862
3.45628, 1053.29, -1635.8
3.15761, -15.6876, -235.198
4.41122, -469.229, 50.8328
6.12674, 544.496, -437.659
2.50651, 1097.45, 1690.39
4.60222, 47.4989, 1443.45
5.18984, 526.036, -468.017
4.86596, -463.625, 478.355
6.33003, 1097.68, 1695.46
2.9396, 1074.21, -942.967
7.04284, 290.78, 651.821
3.20818, -1663.66, -814.723
2.54782, 732.406, -70.2294
2.82267, 522.936, 923.793
4.96742, 750.976, 440.814
5.40914, 1040.49, 1923.22
4.03373, -1844.88, 1079.61
4.57091, 1710.35, -104.333
4.33401, -1199.5, -1306.55
3.42687, 302.97, 1301.03
2.76788, 1229.41, 305.802
4.47222, 1030.5, -114.419
3.98388, -682.25, -253.672
5.05388, -777.913, 1618.91
3.75392, -1469.67, 464.089
5.01589, 1832.62, 1833.18
2.51168, 24.0118, 1572.82
7.01807, 1897.26, -884.503
2.79181, -1845.31, -1860.96
5.17506, -1246.49, 1578.25
3.95754, -762.644, 1687.22
7.3023, -1579.53, -516
4.73406, 701.486, -209.608
5.08479, 1718.96, 354.238
5.93861, -487.193, 32.5632
2.72187, -317.728, 122.392
7.2946, -1565.66, 1191.96
5.70852, 752.566, 290.698
2.80215, 1177.57, -1500.81
3.33964, 137.137, 527.389
5.76491, 973.747, -447.2
6.19864, -1542.79, 665.897
3.57011, 1653.89, 423.505
4.31441, 280.876, -1629.73
6.56981, -1288.4, 1828.82
5.32057, 1613.99, -917.67
7.45886, -103.741, -1714.45
6.5669, -1525.38, 744.395
3.49157, -1924.22, -38.0901
2.50003, -289.733, -1634.18
4.62608, 1802.68, -1448.09
4.07406, 1654.78, 402.503
5.56218, 1201.08, -1819.46
3.83351, -340.623, -1049.19
4.39881, -1182.82, -142.626
5.43397, 1826.76, 583.402
5.95636, -244.651, -930.955
7.26736, -868.085, -1110.73
4.89785, -590.783, -1843.18
3.60319, 778.853, -1417.03
5.33741, -1390.11, -942.896
6.09873, 750.125, 690.468
4.4953, -946.881, 1156.51
3.48326, -1372.3, 1894.13
6.66971, -1323.71, -1491.03
5.59561, -902.09, -1711.19
7.26866, -553.84, 360.652
3.23222, 10.3674, -413.336
5.38953, 41.6926, -891.809
7.26796, -852.32, 1396.6
3.62331, 1413.32, -1959.33
7.25137, -975.647, 1582.12
3.07874, 1550.33, -988.149
2.58372, 5.855, -441.153
3.90465, -671.086, -341.694
7.15042, 1255.62, 286.091
3.04796, 1531.88, 1722.58
6.77266, 11.5061, 1536.25
5.68532, -1416.49, -1437.36
5.63853, 805.085, -1411.89
3.80589, 1437.52, 1379.1
5.13936, -1842.95, 434.439
7.16608, -468.658, 1741.21
3.98055, 1791.34, 234.99
4.78006, 366.576, 809.332
6.35659, -1328.45, -1167.16
4.17193, 271.061, 229.892
6.31775, -90.1101, -1724.55
6.65892, -51.6262, 1833.35
2.64618, -1445.48, 1123.01
4.31315, 1402.81, -521.272
4.16221, 545.959, 963.042
3.17675, -1004.25, -473.141
3.00839, -592.452, 1236.12
5.11327, -1176.36, 1586.22
3.52046, 63.6239, -1025.77
5.00728, -1698.64, -1203.65
5.1371, -31.4489, 1893.9
4.13422, -531.913, -581.312
4.75888, 469.686, -834.135
6.85263, -66.0036, 1841.27
4.72884, 1221.2, 1679.19
6.03726, -903.35, -1737.67
6.83171, 1768.91, -1376.81
6.5822, 1669.36, 425.513
2.67504, 1674.37, 1681.68
3.8644, -1260.16, -495.919
5.21858, -832.067, -843.28
3.19942, -1784.3, -1129.16
5.57408, -1476.44, -1798.75
3.29182, -1193.19, -1220.86
4.41129, 211.922, 432.834
5.94997, -194.479, 368.178
3.21128, -807.112, 953.99
5.65284, -1565.42, 1527.9
3.15973, 327.123, 1840.29
7.13583, -1441.61, 427.197
5.53465, -1844.63, 1572.72
5.50388, -1797.01, 736.78
3.33635, 1147.06, -1023.09
3.301, -1686.13, -798.523
5.91628, 1192.88, -46.6098
5.1456, -1375.02, -1.57725
3.65264, -254.31, 1500.35
6.55373, -983.77, -115.816
5.76477, -827.021, -1095.69
4.08597, -1187.7, -1179.31
2.53953, -506.978, -1591.39
3.49176, 1439.18, 1408.45
3.78831, 7.89984, 750.639
3.03825, 1729.7, 72.4652
3.49545, 230.276, -832.123
6.75079, 1605.32, -1534.67
6.63912, -1820.7, 413.556
6.76813, -1878.34, -1080.16
5.71027, 598.434, 1544.13
3.6787, 1417.78, -1961.25
6.80638, -1006.94, -1563.57
5.4745, 45.7113, -246.555
2.52745, 1033.18, -117.478
6.84925, -1294.63, -907.189
7.37729, 1265.94, 232.57
5.59653, 735.798, 52.1273
3.85574, -1789.54, 722.384
7.46973, -358.968, -1192.4
4.60751, -1378.83, -1023.82
4.20537, -1568.37, -1210.51
4.80717, 694.986, -211.767
4.44822, 507.583, -818.902
4.613, -60.2021, 1021.62
2.84879, 252.256, 605.191
5.5153, -63.9658, -238.5
7.36114, -100.772, 432.229
5.07406, -1418.06, -1010.32
7.45461, 1845.32, -265.875
5.84906, 1236.65, -270.752
4.01716, -1201.54, 123.721
3.47371, 1678.86, 1164.44
4.0109, -1462.23, -1806.8
4.93946, -684.007, 907.963
4.72438, 1023.28, 1894.18
5.7844, 665.666, -1809.84
3.74227, -1494.69, -1385.27
4.72007, 101.071, 1092.08
5.75894, -1390.86, 24.3749
6.67472, -1424.29, 472.723
6.03698, 379.375, 1620.6
4.93928, -1689.8, -1244.41
6.72039, 783.775, -444.164
7.00296, -1025.7, -417.089
6.33082, -1327.32, -998.848
5.29453, 1305.47, 1760.61
2.70603, -18.3018, 121.851
5.46749, 1109.83, 145.803
2.68674, -1252.82, 1582.73
4.53488, 129.313, 853.883
2.84243, -1896.92, -1736.86
7.38558, -1517.81, -1816.11
2.5956, -968.898, -544.35
6.60363, -335.709, -532.88
5.2195, -751.619, 1672.53
5.72828, 1521.17, -682.44
3.62934, -517.98, 38.1161
2.733, 1740.62, -1430.65
3.63154, 413.373, -1073.11
4.58371, -1268.64, 261.857
6.40126, 516.455, -1235.81
3.72852, -1835.45, 697.961
4.81411, 1257.7, 285.432
6.14756, 1866.76, 575.653
5.35237, -671.662, 1598.55
5.45997, 1817.45, 1830.61
4.98425, -1787.59, 550.093
3.951, 901.15, 302.839
4.71107, 3.93435, -500.815
2.53669, 1675.75, -805.86
7.41683, 973.737, -699.552
2.52822, -1531.75, -393.02
4.8676, -210.71, 1491.76
5.86497, -646.181, -258.417
