6.27803, -1456.68, -1812.75
3.5948, 7.27589, -252.246
5.89648, 717.387, -1695.37
5.09708, -589.739, 1756.89
2.76731, -1851.52, 1265.06
2.53849, 628.116, 99.4783
4.58743, -1547.15, -450.986
7.15218, 333.77, 804.152
2.95982, 24.8936, 1430.31
6.00595, -367.191, 600.778
3.81226, 1080.06, 1596.38
4.14117, 936.985, -1746.9
7.45519, 894.551, 457.908
7.41275, -1015.38, -447.297
5.75759, 941.435, 835.648
6.92354, 504.934, -1605.07
6.33247, -362.284, -988.998
3.87453, -933.717, -146.865
4.93259, -1273.79, -657.179
2.80282, 1575.99, 1526.19
5.08146, 33.7985, 1476.34
4.96988, 1812.8, -757.332
7.23882, -1513.64, -957.746
4.42071, -94.7747, -1630.45
5.14874, 1604.32, -1018.31
2.75042, 1612.85, -80.8217
6.63909, 1092.31, 1019.13
5.94228, -1718.23, -1420.47
6.18112, 520.632, 1442.99
6.94286, 1836.87, 896.317
4.25508, -717.067, -1010.44
6.72991, 371.662, 34.3439
3.84659, 1159.4, -262.678
4.83959, 152.267, -386.426
3.2686, -1287.75, -922.431
2.66527, 1214.05, 216.91
7.2768, -17.4556, 176.501
6.95369, 240.96, 920.502
3.29884, 1247.8, 432.003
3.15214, 853.599, -1103.22
2.515, -935.019, -1590.8
6.0491, -1715.89, -385.4
3.40448, -983.592, 1609.75
5.76029, 1530.6, -647.99
4.42907, 808.791, -1380.09
3.23766, 44.4137, -482.749
5.45054, 1189.9, 265.592
3.24076, 326.473, 1723.41
3.2091, -313.604, 1837.22
4.94257, -909.029, 205.286
3.13015, 1641, -97.6366
5.64635, -639.885, -1112.82
5.60817, 544.301, -1381.75
4.88216, -1001.76, 1146.78
2.64188, -993.337, -545.495
3.21011, -221.105, 1452.63
3.15594, -405.737, 1665.92
3.31099, -1599.99, 1459.64
3.76529, -498.804, -1564.37
4.77654, 1071.71, -1398.86
6.54472, -166.357, -571.784
3.57624, 587.071, 1581.36
3.75063, 1542.52, 790.161
5.02978, -176.121, 1396.88
6.27922, 1207.32, 311.48
5.66369, 1636.9, -125.6
5.9449, 1206.23, -247.792
7.27207, 1772.02, 922.717
5.18713, -835.648, 1341.65
4.57014, -1426.12, 18.3836
4.70019, 1443.22, 312.018
6.07821, 1411.79, 894.848
6.20858, 695.419, 1111.59
5.12494, 1502.92, -1850.4
6.06711, -1629.94, -173.661
5.91025, 645.523, -56.1421
6.82941, 1628.75, -1146.64
3.19597, 47.0273, 1437.86
3.57766, 1797.09, -249.67
5.0733, -625.31, -306.277
4.83766, -159.151, 1412.9
3.55759, -470.982, 1213.58
5.65244, -1322.46, 1870.05
2.5044, -1801.37, 380.407
4.09589, 848.025, 1022.25
5.90281, 659.71, -205.906
6.0446, 1281.85, -1113.74
2.90869, -1553.02, 1237.21
3.56926, 546.68, 903.602
4.44412, -1586.4, -1116.56
4.44927, 1703.76, 1751.04
3.92018, 723.733, -913.827
4.6123, 1126.51, 1007.58
2.55658, -1311.14, -820.274
3.72027, 1792.76, -1271.63
4.49072, -1418.74, 1233.48
6.64177, -1347.55, 392.267
3.78584, 1747.61, -1395.12
3.59705, -1516.66, -954.506
6.47385, 712.539, 528.368
5.8476, 922.05, 764.343
5.49108, -1714.38, 698.224
5.99917, -700.014, -1080.47
5.13062, 1104.8, -1448.55
4.14833, 407.359, 223.471
3.30844, -1462.78, 714.357
6.56633, 1373.81, -26.2773
4.08004, 870.582, 317.797
4.05369, 38.5419, -1411.26
4.65424, 61.9091, 259.491
4.46509, -356.945, -949.666
4.43916, 13.6366, -336.859
4.34871, -1516.1, -998.683
5.88118, 617.787, -1076.94
6.10384, 776.862, 61.7215
7.20082, -115.928, 1726.01
5.08573, -165.481, -759.826
5.5282, -282.09, 582.683
5.85049, -1342.84, 1845.07
5.11404, 110.081, -513.785
3.87105, -1794.64, 1257.23
7.08924, 263.614, 565.144
3.73367, 1794.88, -901.654
4.77876, 667.578, 1255.28
3.30374, -1811.45, 1290.06
4.68319, 760.34, 634.577
7.45767, 863.456, 333.784
6.26931, -828.43, 770.423
4.97846, -1804.69, -1246.53
7.01651, -1266.3, -1467.16
4.68213, 972.941, 1020.6
5.09239, 299.85, -1827.11
4.44866, 189.437, -1580.55
5.63431, -389.489, -1131.66
5.19331, 684.422, 651.795
4.35955, 1271.8, -893.532
2.54674, -698.981, 681.639
6.3794, 72.5369, -1441.18
2.85317, -1723.06, -1168.34
3.98511, 812.785, -1400.42
4.78581, -44.6225, -1594.83
3.25156, -210.484, 33.9287
5.97819, 1245.54, -835.26
4.15587, 728.727, 277.017
5.21197, 1862.79, -1631.63
2.64678, 1473.33, -1662.96
5.38086, 72.2172, -355.457
5.18133, 675.442, 914.556
7.36678, -1453.75, -1721.11
5.57063, -617.405, -1150.71
5.26431, -1449.16, 444.674
6.69051, -480.079, 1691.38
3.75764, -993.287, 1677.67
6.98957, 1197.44, -251.468
5.97428, 1040.23, -950.688
5.82752, -919.618, -114.56
3.06838, -1252.51, -1510.77
3.37987, -1769.43, 198.434
2.91253, -271.865, 330.049
6.68103, -409.268, 651.355
2.64818, 1846.67, -1495.47
6.34719, -71.4128, -1669.12
4.29829, -1005.45, 1663.53
6.24626, 64.327, 1021.16
6.28385, 648.315, 604.366
3.60834, -1041.36, -1718.37
5.58305, 576.221, 293.388
3.66846, -1005.18, -459.503
6.22052, -1384.21, 507.56
5.80997, -1693.57, -1316.62
4.9209, 1772.84, -1382.83
2.58972, 1597.7, 366.21
4.98291, 889.489, 290.101
5.09587, -72.986, -1647.55
4.71395, -1628.67, 1004.61
4.14528, -36.9181, 1802.17
3.52671, 925.907, -184.149
7.19863, -402.277, -1118.58
2.85168, -953.443, 1750.84
3.30042, 47.0608, -1455.83
6.70788, -1418.53, 27.318
4.13614, -347.272, -509.844
6.85942, 344.65, 776.11
5.99896, 1285.25, 1014.67
5.52801, 1691.39, -374.904
4.77536, 89.6546, -423.724
2.91543, -918.642, -475.76
3.94883, 1.70464, -259.561
6.51009, -1179.68, -1503.11
6.81821, 755.858, 27.8388
3.81831, 785.537, -976.878
4.79881, -1526.69, -507.701
4.95672, 1129.02, -981.001
5.82344, -919.732, -1844.39
7.31738, -1210.6, -348.057
7.23022, 1074, -1435.22
2.81902, 473.462, -1263.99
5.04829, -883.017, -514.865
6.13222, 1325.87, 1294.15
5.65882, 1089.8, -578.441
3.26658, -1755.39, -1830.6
5.09652, -1680.02, 1007.28
3.52281, -1024.02, 1606.29
6.03231, 758.876, -1630.27
6.05786, -981.176, -149.278
3.66304, -918.02, -409.21
6.80594, 15.2416, -241.091
2.67122, -160.727, 1762.17
6.26587, -1777.76, 194.398
4.14789, 1268.86, 223.197
4.65309, 65.3046, -983.211
7.33455, 1692.65, -395.517
4.05803, 1446.65, 1317.83
5.69762, 1750.87, -1409.28
5.95386, 1640.32, -113.227
5.36403, 72.4261, 1238.77
6.60667, 1800.25, -1460.4
4.21807, -1716.33, -1346.4
5.09387, -1542.98, -1410.88
6.78438, 217.72, -1757.69
6.18587, 655.913, 70.3464
3.45992, -1678.38, 709.57
2.83145, -587.177, 617.353
3.60828, 1763.08, -1341.62
3.33656, 239.214, -385.668
6.31172, 713.705, -1763.06
5.44905, -1620.09, 688.706
4.65223, 1646.39, 1636.09
7.09618, 1254.77, 24.5839
5.09668, 883.685, 282.188
7.38058, -1371.4, -94.675
5.15714, -898.297, 228.798
2.98716, 730.466, 630.628
5.83983, 371.944, 261.025
5.44444, 303.831, -43.6151
5.01137, -1334.73, -98.6828
2.75808, -1724.5, 814.506
2.6753, -583.152, 14.425
4.41484, -1472.28, -1030.33
5.55555, 400.812, 232.717
5.06574, 1106.74, 1655.33
5.98498, 696.76, -18.238
4.89891, 59.6937, -407.731
3.88323, 91.7578, 847.469
6.01685, -862.541, 363.934
3.67701, 1630.95, 31.6336
6.41501, 248.026, -374.757
6.60589, 632.906, 1553.15
3.21842, -953.48, 104.573
5.75757, -996.784, 1519.36
3.87677, 1651.28, -1804.82
7.26215, -766.535, 1358.01
4.58238, -1474.19, 46.5887
3.03869, -245.663, 748.628
4.70633, -1529.32, 1068.85
6.28811, -785.921, -542.381
2.77803, -697.63, -534.429
3.51241, -2.65088, 231.259
6.82305, 1783.97, -1384.2
6.52456, -542.655, -21.5306
2.78861, -1306.23, -1252.24
4.40304, -96.2086, -1341.79
4.56124, -199.636, 1442.77
2.80071, -700.62, 609.341
7.09746, 1526.63, 1254.35
3.35398, 1098.77, 1684.21
6.51634, -1736.55, 383.16
3.88599, 1382.09, 81.6325
4.44586, 341.556, 1477.21
7.19936, 135.751, 1211.67
6.24573, 356.801, -389.38
3.44774, -694.836, 1468.51
6.89581, 813.977, 937.1
6.8953, 805.933, -1567.02
3.30515, -1523.35, -490.614
5.87346, -1557.15, -381.74
6.89096, 1184.01, 272.266
6.98262, 503.672, 1014.35
3.06535, 34.5799, 1427.52
5.93789, -445.773, -503.854
3.21651, -1357.46, -1375.92
3.6901, 711.826, -91.8591
5.64383, 1768.11, -414.503
4.312, 1540.18, 749.55
4.64437, 1163.86, 1388.9
4.91936, -97.2813, -1642.37
6.20379, -22.6148, -302.398
3.23098, -699.28, 1574.21
7.36238, -1643.56, -1430.64
7.3158, -1011.22, -484.72
3.14741, -1116.01, 1262.05
5.3784, -553.792, -1155.82
4.66439, 218.942, -375.237
5.50066, -449.11, -491.415
5.85098, -1350.05, -145.786
4.5137, 805.16, 1881.48
6.46691, 1320.77, 1272.08
4.89889, -1808.57, -472.771
5.72449, 627.643, 573.835
4.28836, -533.501, 1211.24
5.96794, -622.502, -433.915
5.83428, -839.493, -1331.79
3.22071, -848.189, 1387.77
7.10415, -1780.19, 394.139
4.22228, 89.159, -454.036
6.66824, -794.246, -921.824
2.74349, 607.427, -1393.61
3.27936, -520.537, -66.2901
2.55765, 652.186, 917.317
3.94327, 210.306, 1147.21
5.07295, -645.18, -304.783
3.65948, 1322.77, 858.341
2.75022, -520.969, -77.721
5.33091, -1250.97, -1466.66
6.69774, -297.644, 1287.34
4.28763, -1282.45, -895.373
4.3452, 327.19, 1667.52
7.22226, 537.315, -129.208
4.72425, -1736.72, -339.774
6.82086, 864.756, 348.994
5.82654, -1539.8, -1413.74
5.79297, 332.997, 1278.53
7.10736, -1849.19, 1852.88
5.11536, 1817.5, -1287.64
5.45229, 874.475, -879.555
5.79944, 1319.51, 1328.5
4.24765, 537.275, 915.266
4.11714, 630.751, 95.5339
7.08984, -188.228, 1427.36
3.08619, 1827.93, -877.138
7.31268, 1201.47, -242.574
5.17978, 119.89, -528.321
5.81447, 1519.77, 1281.6
5.48362, 1690.96, -970.3
6.93363, -1016.96, -1410.17
6.67999, -1301.19, -1140.53
6.69339, 499.092, 338.257
6.85642, -339.177, 599.11
2.5002, -1565.44, 677.993
4.77274, 572.271, 630.839
4.25696, -1782.01, 426.548
5.80713, -498.932, 1370.36
6.22234, -1726.95, 297.61
3.3821, -346.535, -956.655
7.4621, 1626.9, -1487.16
5.95466, -1771.3, 393.774
6.97862, 325.839, -18.8366
3.51579, 605.711, -176.663
7.2356, -958.251, -133.014
4.88476, 1730.77, -902.829
6.78578, 1761.75, -1520.53
6.41237, -1776.27, -1093.4
5.70687, 1751.91, -1731.35
3.14521, -1420.17, 385.309
5.77944, 28.0206, 1378.2
3.09199, 116.803, -11.8962
3.88793, 591.44, 1496.15
6.65548, -514.171, -520.824
6.14153, -1464.81, -1006.86
6.74348, -1212.49, 575.883
3.43989, -1453.27, -1721.94
6.09602, 1094.1, -627.722
4.25586, 320.281, 600.484
3.34555, -832.904, -1320.71
4.52383, 654.339, -1012.39
4.20924, 305.072, 1439.93
6.67141, 664.93, -170.436
3.9111, 1409.37, 1191.36
5.16766, -1281.89, -923.107
6.25085, 1822.54, -1685.85
4.62554, -1237.48, -1514.27
4.66964, -986.041, 1127.4
3.03022, 1667.44, -1836.91
6.4639, -73.8025, -861.044
3.91232, -1241.19, -905.368
7.14264, -1083.4, -462.722
5.37926, 483.486, 1015.85
3.4895, 1564.66, -592.116
5.99081, 1107.33, -1419.78
3.07265, 932.644, -1713.98
4.22945, 546.697, 1465.52
4.15646, -1070.44, -463.154
6.42735, 1665.31, -1819.23
6.65775, 901.245, -423.748
4.21712, -1443.4, 1480.61
4.2603, -487.271, 1675.19
6.38197, 234.429, -1505.88
6.58658, 19.8938, 1357.43
4.26157, -347.872, 581.806
7.09559, -796.021, -537.836
3.2877, 1000.27, 470.629
5.56029, -926.839, 1202.62
5.54222, -848.615, 1388.69
3.16647, -471.002, -1390.9
3.51409, -1386.94, -1022.26
4.79457, -1632.6, 974.473
3.48759, -971.174, 1729.52
6.77118, -1632.41, 720.195
6.54562, -1496.01, -1300.36
2.80131, -1716.14, 1638.28
6.50584, -1394.91, 1268.56
5.49597, -336.305, -1039.03
7.43182, -1762.04, 428.535
2.65919, -187.728, 1333.65
6.8356, 1778.54, -1388.12
3.69109, 1197.9, 605.81
3.6127, 400.142, 744.778
4.73907, -1725.61, -1118.24
2.61231, 1722.61, -373.994
6.79755, -501.406, -79.7654
4.15902, 468.02, 1047.82
5.72195, 593.022, 567.971
7.43521, -1775.58, -1038.34
5.30162, 578.768, -1131.75
4.74553, -1533.39, -486.141
5.213, 271.585, -1358.42
2.90797, 1570.49, -47.6129
3.99606, -1524.81, -457.515
6.63964, 1530.23, 1233.1
6.48936, 1203.9, 1710.5
5.71048, -236.697, 1321.44
4.84105, 1222.13, 699.374
7.15326, -327.813, -1036.01
5.08798, -492.069, -55.658
7.42924, 1586.51, -996.525
5.94567, -80.3174, -1358.62
6.19966, -338.339, -959.06
3.46323, -808.138, -1741.08
6.08881, -932.592, 1179.24
6.11146, 1173.96, -246.673
6.49298, 587.875, 295.369
4.23216, 498.665, -1872.5
5.1481, -13.7049, -304.873
3.19001, 1483.31, -673.208
6.73218, -439.383, -482.62
6.32766, -30.022, -1599.49
7.5, 1731.24, -850.313
4.24891, 976.358, 1886.17
5.50367, -1126.42, 1106.14
3.50808, -972.932, 73.9514
6.2385, 87.9903, 291.043
6.49225, 1808.96, 446.052
3.03505, -1381.31, 207.84
5.35813, -996.321, 77.2808
2.84683, 708.954, -742.691
4.16036, 1360.53, 1351.26
5.80945, 904.874, -1367.08
5.27726, 266.026, -332.812
7.12415, 453.168, -17.556
2.69832, -897.818, 388.087
2.62083, -554.847, 411.185
4.61923, 458.96, -1269.39
4.36987, 862.412, 351.536
2.93303, -444.398, -488.151
3.05403, -260.564, 317.778
5.31992, 698.114, -698.076
7.37269, 1.17912, 1413.53
3.05066, -37.9276, -1623.33
5.99352, 203.868, 1816.01
2.79674, -148.175, -1357.56
4.69755, 1612.49, -94.0338
5.24651, 1883.1, 1388.28
3.45129, 1323.41, -1444.82
7.36597, 692.997, 594.116
3.19593, -1295.73, -198.286
5.48978, 1689.64, -917.02
7.12812, -1681.64, 1401.61
3.91116, -129.057, 1706.55
6.8307, -325.277, -178.246
6.29598, -384.706, -1132.39
6.10793, 681.476, 1172.04
3.34241, -659.783, 684.366
3.32882, 1545.83, 746.351
3.39076, -1296.89, -1856.1
5.87226, 609.225, -1115.28
4.83484, -580.212, 13.4992
6.85219, -1541.93, -709.83
5.76023, -1349.55, -154.975
5.80464, 1483.31, 1667.19
2.58037, -1322.61, -1138.54
4.30596, -1491.63, -1295.45
3.72747, 1764.54, 214.489
6.93086, -1776.33, -1767.81
5.23701, 1635.63, 1574.61
6.57209, -76.2296, -1241.71
5.24453, 329.742, 1647.65
4.16156, 974.253, -118.648
4.40213, -39.0437, -1285.15
2.52389, 1757.72, 1223.5
6.95226, -163.917, -811.863
6.16955, -878.589, 1295.95
6.04239, -225.303, 1352.7
5.1278, 161.449, -397.124
6.41065, -306.577, -1548.41
3.42484, -809.611, -851.368
5.72673, 547.892, 906.318
3.42178, -1273.95, -542.483
3.31214, -9.73113, -213.471
2.65594, -379.856, 1665.35
7.42716, 286.973, -1378.24
4.04559, -589.432, -1333.42
4.11075, -1273.12, -579.801
5.51155, 508.346, -426.146
2.89107, -637.708, -1756.65
3.93936, -4.82659, 118.474
5.79307, -344.744, -946.857
7.36348, -1793.75, -729.425
7.27758, -723.083, -1493.41
7.42745, -1264.72, -542.211
7.30478, -1700.41, -1345.68
3.0073, -989.4, 1179.4
3.71505, -302.551, -989.601
6.91151, 210.597, -750.515
5.28805, 674.664, 1238.26
6.7669, 1557.93, 1072.17
7.49145, -1046.51, 1113.91
3.99751, -368.49, -952.018
6.33157, 1887.94, 815.859
4.81901, 573.651, -332.151
6.8168, -1295.52, -1485.67
6.99018, 1676.74, -94.6476
7.377, 495.859, -816.293
2.77405, 1144.25, 350.729
6.32605, 1778.89, -1268.2
5.09219, -1789.29, 1481.6
3.46574, 1857.3, -340.013
6.98252, 446.841, -1081.77
6.38492, -1628.39, 215.549
2.75968, 773.034, 1041.43
7.47331, -1625.75, 1490.61
5.93659, -192.034, -793.732
5.94854, 1715.5, 986.121
6.57666, -1314.8, 1554.23
7.05426, -151.276, -956.991
3.34218, -404.861, 674.414
5.24183, -1194.7, 1537.03
6.53351, -1076.28, -452.864
4.17803, 664.677, -1014.14
5.53435, -201.488, 65.4964
6.59602, -1727.24, 683.649
7.3485, 81.4184, -434.642
6.29349, 1053.6, 1092.61
3.72113, -317.272, -180.387
5.80589, -1152.3, 724.969
4.21574, -999.643, -456.881
7.27146, 702.923, -729.083
2.60828, 1545.28, 1043.84
4.54979, -1752.33, 1804.79
2.55789, 1106.41, -1380.36
3.04964, 1730.92, 392.136
5.28259, -1619.71, 209.88
4.45466, 46.4157, -483.982
7.20539, 259.152, -327.774
2.55572, 384.76, 783.268
6.22897, -296.018, -974.867
3.84293, 307.881, 269.097
4.27153, -1257.67, -1499.24
3.45835, -896.645, 1273.68
5.14832, 617.23, -262.691
4.39478, -139.505, -1649.46
3.16407, -72.4145, -1670.08
4.26563, -377.303, -932.384
4.2497, 1545.2, 1868.17
7.41084, 1161.84, -262.675
5.25961, 295.362, -679.64
4.99918, 80.6849, -1433.36
3.58531, -1646.45, 751.306
4.37311, -477.255, -1168.12
6.78251, -1289.62, -914.103
6.45578, 1589.17, -958.136
3.9204, -1039.25, 1714.54
5.07645, 872.908, 258.573
6.79238, -497.336, 51.3916
7.07844, -1694.69, -392.022
7.48941, 294.723, 1721.02
6.53177, 250.516, -348.031
5.22718, -1732.2, -288.365
7.3461, 301.449, -1406.23
5.31931, -1133.78, 752.415
4.03031, -896.805, 1293.04
5.41853, 1774.48, 1770.89
2.91197, 149.793, -502.328
5.47382, 686.555, 1165.03
3.31968, -1145.74, -1168.84
6.46527, -1243.42, -1014.39
2.95373, 1211.91, 1346.27
6.3072, -960.548, -1349.85
6.83996, -550.489, -26.352
6.40105, 251.982, -676.657
6.61399, 1766.07, 1702.24
6.70974, 728.602, 1083.12
4.48328, 868.799, 451.736
6.508, -284.223, 326.818
6.56811, 704.928, -61.0208
5.43493, -794.392, 170.451
4.64621, 1536.38, -21.6686
2.5002, -81.9237, -864.925
5.31153, -1557.63, 669.352
6.22632, 725.688, 651.707
3.89846, 1750.49, 523.056
2.93406, -1820.16, 1098.62
3.5733, 1716.43, -1721.29
3.93296, -928.377, 1159.39
4.86595, -751.171, 924.37
6.95893, 1695.35, 1665.02
5.91955, 987.584, -947.914
3.54376, 13.3124, -313.134
6.67533, 1516.01, -46.1405
7.09218, 1835, 1800.2
4.48244, -1023.32, -1339.78
6.37858, 1067.85, 1012.71
5.68161, -227.419, -195.2
6.64746, 954.907, 499.228
3.40204, 1041.14, -951.216
7.45927, 1110.5, -1470.01
6.70558, -266.937, -1573.48
4.65177, 1705.23, 475.011
4.38589, 1177.03, 1634.84
2.70802, 1186.27, -982.801
6.80715, -1438.06, -1005.72
6.62116, 1776.8, -1716.95
6.25052, 3.85642, 1412.65
3.55801, -361.997, 1804.26
4.31029, -1509.25, -373.67
4.43545, -1266.55, -1498.13
7.32918, 1540.96, 1189.35
6.5872, -232.253, 1353.58
4.5755, -129.615, 865.187
5.83759, 413.552, 258.971
2.52101, 1019.76, 1811.19
6.98048, -1418.85, 430.606
3.68416, -690.789, 691.845
3.79415, 680.456, -305.209
5.4939, 754.815, -1328.91
6.89823, -1644.48, 734.465
6.16299, -1196.41, -1164.63
6.0773, 1649.28, 1153.2
3.57724, -1151.12, 973.01
6.30413, 1377.67, -1860.2
3.85351, -352.751, -969.857
2.75246, 1252.96, 610.77
4.78866, 650.176, 574.593
2.58759, 818.717, -1439.8
3.01129, 120.617, -451.273
2.639, -375.675, 585.827
5.65921, -719.769, -1050.61
6.34425, 86.2116, -453.114
2.74132, 1078.38, -1587.5
6.6924, -57.052, -1250.13
6.76899, -453.116, -465.781
6.57649, -1009.14, 1139.5
6.85188, 1581.22, 718.313
5.27222, -1223.37, -314.234
6.12646, -435.758, -43.5734
3.20424, -982.856, 1675.54
6.6115, 1152.62, -992.218
5.51185, 1358.7, -359.248
4.93856, 956.544, -1730.54
6.14942, -503.209, 1690.85
4.05164, 1507.68, -1300.35
3.93925, -1412.25, 641.231
5.45857, -1793.66, 1445.92
5.34055, 1155.23, 1652.34
5.41059, -1757.66, -1104.59
2.84132, -1348.78, 565.969
4.34304, 291.315, -696.222
6.28475, -1762.39, -1109.69
6.35297, -894.194, -1682.03
4.27217, -843.933, -512.679
5.98913, 362.495, 1740.08
5.08005, -1281.84, -554.707
5.94494, 700.945, 278.611
6.18066, -162.909, 1268.11
2.56231, -634.595, -1280.28
7.16549, 1193.57, -265.274
5.37826, 324.513, 206.111
3.05587, 999.856, 1879.56
4.87388, -189.58, 17.0733
3.24247, 524.945, 154.543
4.22594, 164.652, 862.959
7.04476, -1759.1, 347.967
4.54571, 35.744, 1049.42
5.96642, -1295.87, -188.112
3.35865, 751.899, -1622.04
6.21715, 1692.45, -976.778
4.16319, -834.831, 1347.23
4.62157, 1201.01, 573.141
2.79523, -294.245, -211.41
5.09005, 515.154, -409.939
5.94425, 876.721, -1114.48
5.01149, -556.858, -22.3152
6.56617, -367.024, -1437.52
3.07974, 226.35, -1780.18
5.24841, 521.87, 971.045
5.06046, 710.353, 55.2157
6.02649, 1836.13, 919.411
5.65083, -543.995, 1703.69
4.0207, -107.039, -1293.42
6.74719, 723.716, 657.171
3.39619, 1225.66, -52.2446
2.61737, -959.794, -168.739
4.19467, 1353.99, 78.1932
3.43818, 756.617, -263.746
6.60467, -536.896, 341.986
6.72507, -1700.18, -394.724
6.78031, 1689.22, -1369.56
7.37454, -1793.08, 1255.92
2.99587, 822.112, -861.602
2.56182, 1137.05, 1244.08
2.58614, 461.357, 1060.68
2.64527, 390.778, 241.418
4.1031, 293.809, -696.183
6.17815, 1213.21, 578.092
3.14876, 643.818, 924.222
2.5161, -767.392, 926.77
6.91905, 270.487, -1499.04
3.70482, 406.444, -1063.65
4.38481, -1579.15, 1450.1
4.44879, 1192.38, 244.733
2.81534, 1226.58, 627.534
7.30792, 369.87, 1744.22
3.75349, 1406.96, -693.07
6.85376, -1272.15, -178.941
2.85991, -1729.58, 648.431
2.70653, -1103.38, 1157.33
3.46378, 662.293, -988.426
3.86708, -601.32, 618.583
7.4007, -1850.74, -690.179
3.60607, 659.733, -1025.52
6.43119, -1714.88, 1645.39
4.42306, 484.359, -756.199
3.78593, 892.076, -1241.07
3.91087, -1765.65, 159.555
7.33834, 1761.54, -83.0322
4.22841, 1387.34, 299.843
3.45922, -1788.65, 1448.84
5.05037, -1087.24, -714.39
5.21857, -1039.57, 1179.02
5.72333, -1322.49, -1151.24
3.89738, 12.3109, 1397.32
3.41887, -631.032, -1312.28
2.71579, -1687.28, 675.441
3.98408, -880.211, -451.723
4.25548, -458.016, 250.794
7.09372, -873.583, 1290.24
5.81225, 958.031, -681.854
5.08041, 1668.63, 1097.79
4.03763, 1109.39, 1060.1
3.0007, -632.547, 274.327
3.47502, 708.134, -1744.37
4.11407, -26.045, -243.758
5.56182, 1739.93, 167.094
5.13511, 1843.27, -1867.97
3.45653, 606.767, 563.442
4.7178, -1291.91, -888.177
4.48693, -1290.66, 1586.95
6.28051, -1163.89, 1509.83
6.6213, 1435.17, 1208.51
5.51573, 249.204, -716.628
3.04573, 1136.3, -1522.25
4.11797, 916.466, -334.226
5.03403, 59.0977, 601.254
4.76521, -1284.66, 1580.56
4.77315, -298.171, -921.733
4.91125, 1782.15, 1770.98
5.07896, 720.526, -1299.28
4.50207, 347.124, 1600.18
4.22945, 1850.19, 805.293
6.64533, 1768.41, -397.992
3.02204, -1343.08, -1460.01
6.40057, 1083.26, 1040.79
3.19919, -574.044, -456.58
2.62171, -1463.8, -1037.58
6.0664, 742.019, -1373.26
7.15538, 262.251, -1544.75
7.47667, 461.562, 307.075
3.86264, -1782.84, 289.887
3.6923, -1008.41, -443.795
3.87328, 1779.05, 1201.78
5.70836, -1714.46, -1390.34
5.17637, 573.07, 260.211
6.8967, 1570.22, -591.746
6.75968, -1323.38, -1469.58
2.98004, 1638.04, -99.3422
4.66818, -1446, 428.433
3.17045, -305.64, -1442.06
5.86802, -379.295, 618.998
5.34964, -53.8241, -857.686
3.66474, -1049.1, 1113.81
5.50306, 489.566, -1282.12
2.6551, -1467.91, -5.51786
7.08512, 1057.26, -566.741
3.82958, 1705.43, -396.056
6.50016, -327.427, -1048.29
5.46389, 201.401, -1493.53
5.0822, 670.083, 1141.96
5.2567, 742.619, 1164.62
3.47225, 938.696, -422.947
5.36152, 296.599, -1410.49
3.81992, 361.23, 828.646
4.41648, -1562.32, 1020.48
2.73626, -1455.56, -1727.22
4.22823, 1103.57, -1376.08
3.61594, 1264.37, -822.953
3.81264, 39.4846, -1441.84
3.05141, -776.001, -889.826
7.40088, -1359.57, -14.1149
5.93794, 1570.99, 1243.02
5.82158, -1088.42, -724.267
5.99501, -1171.86, -1314.64
2.68746, -1647.47, -1432.64
3.6706, -1272.74, -1489.8
3.95397, 1445.38, 1311.74
3.50543, 27.8511, -395.441
2.7177, 722.694, 580.159
2.56571, -1060.36, 1121.88
6.07297, -987.373, 1553.21
6.88348, -1671.45, -1184.24
5.35088, -1705.38, 701.712
6.92743, 1689.45, 1641.37
5.20042, -763.854, -531.359
3.31357, 1696.29, -1300.36
3.30492, 1852.27, 925.024
7.19182, 621.325, 478.578
3.45628, 1022.21, -1578.05
3.15761, -33.2816, -241.46
4.41122, -502.077, 113.189
6.12674, 572.667, -371.629
2.50651, 1105.31, 1644.53
4.60222, 67.5665, 1425.88
5.18984, 507.737, -405.075
4.86596, -449.075, 464.398
6.33003, 1106.88, 1645.28
2.9396, 1013.64, -957.624
7.04284, 292.62, 627.497
3.20818, -1622.04, -802.747
2.54782, 685.213, -2.23511
2.82267, 512.519, 900.927
4.96742, 736.893, 440.716
5.40914, 998.182, 1863.79
4.03373, -1798.49, 1073.1
4.57091, 1601.52, -119.482
4.33401, -1210.14, -1258.66
3.42687, 307.19, 1275.59
2.76788, 1271.41, 222.077
4.47222, 1013, -96.8622
3.98388, -646.857, -328.353
5.05388, -763.86, 1620.65
3.75392, -1416.58, 397.708
5.01589, 1758.07, 1771.79
2.51168, 27.2019, 1556.46
7.01807, 1797.68, -894.069
2.79181, -1812.78, -1815.57
5.17506, -1172.61, 1533.63
3.95754, -753.273, 1617.19
7.3023, -1568.02, -476.074
4.73406, 671.671, -178.553
5.08479, 1637.93, 398.327
5.93861, -463.707, -40.7567
2.72187, -313.954, 93.5896
7.2946, -1536.94, 1171.94
5.70852, 735.659, 293.95
2.80215, 1091.79, -1396.11
3.33964, 176.905, 519.77
5.76491, 921.422, -407.26
6.19864, -1563.85, 665.226
3.57011, 1597.15, 415.305
4.31441, 247.051, -1484.93
6.56981, -1283.24, 1794.1
5.32057, 1593.09, -941.274
7.45886, -42.5991, -1619.83
6.5669, -1535.21, 687.072
3.49157, -1864.86, -30.6203
2.50003, -308.37, -1546.9
4.62608, 1714.04, -1424.39
4.07406, 1665.84, 407.191
5.56218, 1188.44, -1774.34
3.83351, -323.692, -1034.2
4.39881, -1180.96, -162.736
5.43397, 1761.85, 563.686
5.95636, -257.104, -949.682
7.26736, -799.057, -1065.71
4.89785, -597.79, -1780.34
3.60319, 768.51, -1341.05
5.33741, -1316.25, -982.026
6.09873, 668.317, 625.647
4.4953, -935.411, 1215.42
3.48326, -1315.03, 1860.85
6.66971, -1239.22, -1495.09
5.59561, -897.229, -1676.06
7.26866, -547.746, 306.813
3.23222, 32.9742, -395.682
5.38953, -0.126218, -866.773
7.26796, -870.341, 1377.96
3.62331, 1393.16, -1926.37
7.25137, -958.383, 1521.49
3.07874, 1568.61, -944.259
2.58372, -6.29499, -336.959
3.90465, -673.051, -281.62
7.15042, 1283.93, 238.671
3.04796, 1507.64, 1672.51
6.77266, 5.94757, 1437.43
5.68532, -1373.24, -1431.52
5.63853, 825.324, -1366.86
3.80589, 1431.37, 1305.46
5.13936, -1703.93, 407.101
7.16608, -462.974, 1724.46
3.98055, 1749.18, 215.254
4.78006, 405.34, 740.04
6.35659, -1294.75, -1179.41
4.17193, 291.829, 218.887
6.31775, -116.087, -1572.29
6.65892, -70.475, 1738.38
2.64618, -1442.75, 1111.93
4.31315, 1376.7, -508.377
4.16221, 564.502, 892.396
3.17675, -1020.07, -422.913
3.00839, -568.641, 1224.24
5.11327, -1185.98, 1537.75
3.52046, 80.4815, -1003.81
5.00728, -1650.14, -1183.42
5.1371, -87.8807, 1823.09
4.13422, -511.339, -504.767
4.75888, 498.711, -773.655
6.85263, -46.0587, 1794.34
4.72884, 1159.06, 1649.92
6.03726, -918.717, -1622.55
6.83171, 1765.6, -1394
6.5822, 1647.63, 390.853
2.67504, 1649.41, 1619.11
3.8644, -1221.79, -521.772
5.21858, -800.94, -853.058
3.19942, -1742.66, -1090.12
5.57408, -1497.28, -1736.58
3.29182, -1107.49, -1207.43
4.41129, 226.451, 424.523
5.94997, -202.944, 354.603
3.21128, -784.387, 949.017
5.65284, -1576.71, 1467.94
3.15973, 307.221, 1747.65
7.13583, -1411.67, 381.385
5.53465, -1793.46, 1532.05
5.50388, -1710.01, 674.212
3.33635, 1147.3, -993.025
3.301, -1605.79, -827.06
5.91628, 1176.4, -46.2454
5.1456, -1371.86, -70.4218
3.65264, -201.069, 1391.47
6.55373, -923.22, -140.809
5.76477, -833.739, -1087.38
4.08597, -1190.43, -1154.83
2.53953, -500.854, -1567.15
3.49176, 1431.15, 1280.85
3.78831, 32.4499, 738.54
3.03825, 1680.98, 34.9565
3.49545, 255.945, -777.91
6.75079, 1579.44, -1523.26
6.63912, -1792.42, 389.52
6.76813, -1789.06, -1117.23
5.71027, 585.196, 1534.69
3.6787, 1395.7, -1923.5
6.80638, -1009.66, -1510.29
5.4745, -9.98573, -251.454
2.52745, 966.208, -126.399
6.84925, -1305.13, -926.119
7.37729, 1229.01, 316.831
5.59653, 703.108, 50.601
3.85574, -1705.44, 668.209
7.46973, -425.131, -1100.67
4.60751, -1338.11, -951.724
4.20537, -1550.5, -1188.83
4.80717, 676.285, -193.504
4.44822, 495.623, -809.259
4.613, -17.8082, 1015.45
2.84879, 263.115, 616.544
5.5153, 29.1178, -245.42
7.36114, -103.023, 403.838
5.07406, -1432.01, -981.234
7.45461, 1757.62, -264.288
5.84906, 1236.69, -349.266
4.01716, -1192.88, 105.867
3.47371, 1662.35, 1162.04
4.0109, -1460.96, -1661.09
4.93946, -702.391, 896.796
4.72438, 990.681, 1850.13
5.7844, 716.191, -1741.23
3.74227, -1455.09, -1402.26
4.72007, 88.4995, 1069.29
5.75894, -1343.78, -65.9266
6.67472, -1379.83, 537.877
6.03698, 350.06, 1572.5
4.93928, -1674.92, -1173.02
6.72039, 769.68, -412.099
7.00296, -1013.28, -478.762
6.33082, -1356.88, -953.007
5.29453, 1311.52, 1773.7
2.70603, 5.05813, 142.322
5.46749, 1094.52, 161.919
2.68674, -1149.04, 1544.66
4.53488, 142.674, 846.192
2.84243, -1843.46, -1713.43
7.38558, -1467.17, -1811.54
2.5956, -955.205, -555.081
6.60363, -332.834, -508.707
5.2195, -767.259, 1601.59
5.72828, 1461.47, -660.135
3.62934, -537.589, -15.5134
2.733, 1757.29, -1342.35
3.63154, 451.09, -1097.56
4.58371, -1271.3, 254.735
6.40126, 500.72, -1214.77
3.72852, -1710.44, 656.869
4.81411, 1192.11, 334.05
6.14756, 1815.99, 561.745
5.35237, -689.992, 1571.45
5.45997, 1812.19, 1792.45
4.98425, -1692.76, 533.916
3.951, 886.136, 317.02
4.71107, 27.9813, -472.226
2.53669, 1648.84, -823.802
7.41683, 979.098, -687.409
2.52822, -1499.51, -415.2
4.8676, -225.19, 1418.22
5.86497, -674.249, -288.704
