6.27803, -1473.8, -1999.61
3.5948, 131.205, -168.619
5.89648, 715.591, -1811.65
5.09708, -466.098, 1739.07
2.76731, -1861.82, 1323.6
2.53849, 677.888, 112.519
4.58743, -1732.16, -466.276
7.15218, 355.936, 747.194
2.95982, 107.573, 1384.64
6.00595, -335.711, 616.164
3.81226, 1048.98, 1641.11
4.14117, 944.297, -1809.93
7.45519, 1025.46, 530.337
7.41275, -1012.25, -539.339
5.75759, 1013.27, 890.533
6.92354, 526.491, -1709.03
6.33247, -254.129, -909.099
3.87453, -1048.45, -89.338
4.93259, -1334.56, -564.477
2.80282, 1636.97, 1590.32
5.08146, 18.0228, 1618.33
4.96988, 1946.28, -723.926
7.23882, -1636.85, -935.48
4.42071, -6.42356, -1705.13
5.14874, 1655.07, -891.827
2.75042, 1763.72, -141.903
6.63909, 1080.84, 1046.62
5.94228, -1936.12, -1498.36
6.18112, 518.163, 1472.9
6.94286, 1997.24, 901.605
4.25508, -774.416, -1067.29
6.72991, 364.466, 53.0658
3.84659, 1364.44, -350.512
4.83959, 151.015, -344.292
3.2686, -1286.95, -850.811
2.66527, 1209.99, 286.547
7.2768, -6.24505, 138.011
6.95369, 218.39, 993.017
3.29884, 1367.89, 499.266
3.15214, 858.8, -1148.88
2.515, -901.724, -1635.93
6.0491, -1893.33, -343.351
3.40448, -1040, 1751.27
5.76029, 1547.87, -729.657
4.42907, 725.531, -1398.6
3.23766, -10.7919, -451.332
5.45054, 1381.8, 348.625
3.24076, 224.997, 1821.53
3.2091, -364.875, 1932.99
4.94257, -991.332, 259.454
3.13015, 1846.47, -134.643
5.64635, -722.816, -1200.77
5.60817, 604.912, -1492.93
4.88216, -1008.38, 1212.08
2.64188, -1186.41, -443.675
3.21011, -293.643, 1606.51
3.15594, -358.835, 1789.68
3.31099, -1631.5, 1541.96
3.76529, -538.578, -1715.45
4.77654, 1132.98, -1459.82
6.54472, -190.74, -601.838
3.57624, 606.531, 1726.41
3.75063, 1634.7, 724.896
5.02978, -114.995, 1443.37
6.27922, 1270.22, 400.852
5.66369, 1805.45, -150.655
5.9449, 1298.18, -243.038
7.27207, 1948.32, 809.076
5.18713, -842.822, 1405.47
4.57014, -1583.19, 62.9158
4.70019, 1506.14, 306.986
6.07821, 1476.92, 918.936
6.20858, 825.889, 1202.67
5.12494, 1544.04, -1923.49
6.06711, -1738.99, -146.764
5.91025, 670.649, -44.1976
6.82941, 1666.45, -1201.66
3.19597, 175.634, 1559.79
3.57766, 1957, -198.708
5.0733, -736.846, -216.111
4.83766, -241.033, 1525.43
3.55759, -539.229, 1226.5
5.65244, -1381.38, 1990.86
2.5044, -1996.45, 464.494
4.09589, 909.224, 1093.26
5.90281, 729.852, -328.608
6.0446, 1345.54, -1178.81
2.90869, -1621.66, 1314.68
3.56926, 518.429, 1056.18
4.44412, -1675.55, -1145.71
4.44927, 1790.47, 1808.52
3.92018, 768.573, -923.104
4.6123, 1135.28, 1107.32
2.55658, -1219.74, -873.123
3.72027, 1931.62, -1232.96
4.49072, -1453.89, 1279.23
6.64177, -1292.56, 403.997
3.78584, 1951.53, -1369.22
3.59705, -1593.81, -1065.53
6.47385, 783.904, 538.826
5.8476, 1011.56, 784.919
5.49108, -1774.47, 534.794
5.99917, -724.954, -1091.76
5.13062, 1050.38, -1530.02
4.14833, 352.476, 215.229
3.30844, -1427.87, 811.764
6.56633, 1440.76, -58.6312
4.08004, 955.973, 227.475
4.05369, 114.039, -1458.8
4.65424, 72.2886, 352.086
4.46509, -517.713, -963.99
4.43916, -96.4834, -213.025
4.34871, -1686.6, -882.937
5.88118, 687.103, -984.387
6.10384, 914.167, 55.7625
7.20082, -156.665, 1779.23
5.08573, -158.286, -713.807
5.5282, -392.523, 645.439
5.85049, -1398.11, 1946.27
5.11404, 166.684, -624.495
3.87105, -1939.52, 1316.38
7.08924, 184.692, 571.86
3.73367, 1880, -933.309
4.77876, 775.878, 1375.63
3.30374, -1910.9, 1279.69
4.68319, 831.152, 827.512
7.45767, 1006.51, 329.917
6.26931, -881.835, 782.688
4.97846, -1982.62, -1315.15
7.01651, -1346.78, -1680.19
4.68213, 986.661, 1131.7
5.09239, 339.07, -1974.32
4.44866, 176.102, -1732.29
5.63431, -456.614, -1136.67
5.19331, 837.052, 636.212
4.35955, 1263.76, -878.775
2.54674, -758.008, 743.47
6.3794, 83.7835, -1584.56
2.85317, -1778.73, -1117.41
3.98511, 894.896, -1358.91
4.78581, -83.7859, -1801
3.25156, -213.054, 79.7618
5.97819, 1334.77, -856.398
4.15587, 726.953, 312.504
5.21197, 1947.32, -1769.83
2.64678, 1425.13, -1992.76
5.38086, -41.4113, -489.306
5.18133, 717.712, 955.618
7.36678, -1510.13, -1857.38
5.57063, -594.753, -1246.64
5.26431, -1496.08, 430.284
6.69051, -571.632, 1815.93
3.75764, -964.221, 1896.29
6.98957, 1255.68, -301.123
5.97428, 1042, -1021.22
5.82752, -945.54, -192.541
3.06838, -1161.68, -1533.9
3.37987, -1975.26, 187.959
2.91253, -272.363, 397.203
6.68103, -498.596, 749.438
2.64818, 1892.8, -1506.22
6.34719, -22.3864, -1679.31
4.29829, -999.577, 1735.96
6.24626, 0.0138344, 1076.23
6.28385, 726.597, 687.456
3.60834, -1077.64, -1854.24
5.58305, 610.475, 250.56
3.66846, -1100.73, -513.853
6.22052, -1336.37, 611.882
5.80997, -1809.69, -1361.17
4.9209, 1797.02, -1499.95
2.58972, 1656.1, 483.951
4.98291, 887.631, 374.735
5.09587, -233.104, -1784.83
4.71395, -1739.15, 1086.53
4.14528, -128.839, 1908.35
3.52671, 972.986, -216.217
7.19863, -509.636, -1314.14
2.85168, -982.263, 1859.05
3.30042, 105.281, -1504.26
6.70788, -1580.89, 67.2242
4.13614, -304.928, -526.356
6.85942, 307.415, 854.204
5.99896, 1346.26, 1032.94
5.52801, 1740.87, -443.649
4.77536, 158.05, -551.142
2.91543, -1038.34, -391.867
3.94883, -110.458, -313.177
6.51009, -1134.7, -1579.9
6.81821, 677.57, 112.127
3.81831, 846.131, -1024.9
4.79881, -1675.83, -468.825
4.95672, 1182.28, -1067.77
5.82344, -935.488, -1986.78
7.31738, -1252.73, -299.514
7.23022, 1182.86, -1464.02
2.81902, 426.037, -1315.2
5.04829, -828.86, -610.891
6.13222, 1337.33, 1303.7
5.65882, 1208.09, -682.119
3.26658, -1834.18, -1818.58
5.09652, -1752.11, 1069.03
3.52281, -1117.76, 1716.35
6.03231, 798.809, -1643.94
6.05786, -952.748, -21.7874
3.66304, -1196.03, -485.966
6.80594, -123.303, -256.897
2.67122, -221.812, 1908.65
6.26587, -1873.34, 95.3799
4.14789, 1291.29, 365.787
4.65309, 145.986, -1071.53
7.33455, 1948.83, -385.736
4.05803, 1469.92, 1401.72
5.69762, 1989.86, -1406.27
5.95386, 1727.91, -127.55
5.36403, 165.88, 1261.47
6.60667, 1781.09, -1363.29
4.21807, -1834.68, -1377.8
5.09387, -1614.03, -1559.59
6.78438, 245.898, -1910.08
6.18587, 697.896, 68.0621
3.45992, -1908.1, 793.263
2.83145, -616.504, 683.852
3.60828, 1690.06, -1440.9
3.33656, 343.942, -479.189
6.31172, 764.471, -1893.84
5.44905, -1690.56, 854.551
4.65223, 1718.79, 1702.12
7.09618, 1324.87, 23.8954
5.09668, 895.176, 405.805
7.38058, -1354.44, -36.9523
5.15714, -906.957, 297.315
2.98716, 668.202, 793.914
5.83983, 442.719, 195.034
5.44444, 286.157, -20.4005
5.01137, -1396.38, -233.321
2.75808, -1873.06, 925.233
2.6753, -716.39, 86.7631
4.41484, -1571.25, -1019.67
5.55555, 388.407, 207.307
5.06574, 1086.87, 1743.52
5.98498, 600.677, -53.2582
4.89891, -52.5208, -369.89
3.88323, 136.792, 841.867
6.01685, -879.539, 422.024
3.67701, 1752.89, 121.748
6.41501, 389.398, -346.226
6.60589, 725.793, 1680.74
3.21842, -1078.64, 109.544
5.75757, -993.878, 1598.56
3.87677, 1743.58, -1980.43
7.26215, -883.607, 1434.96
4.58238, -1508.02, 27.3091
3.03869, -254.009, 809.762
4.70633, -1600.39, 1064.64
6.28811, -813.327, -620.567
2.77803, -676.976, -645.74
3.51241, -58.7477, 292.613
6.82305, 1896.88, -1543.54
6.52456, -530.438, -32.3131
2.78861, -1361.57, -1350.99
4.40304, -127.626, -1402.98
4.56124, -303.071, 1534.65
2.80071, -766.555, 605.171
7.09746, 1590.92, 1258.66
3.35398, 1080.04, 1604.98
6.51634, -1871.35, 296.235
3.88599, 1446.5, 88.9626
4.44586, 347.376, 1477.92
7.19936, 102.799, 1247.57
6.24573, 319.527, -320.148
3.44774, -647.752, 1523.01
6.89581, 875.547, 972.417
6.8953, 840.273, -1708.25
3.30515, -1639.8, -561.068
5.87346, -1614.08, -332.811
6.89096, 1252.31, 250.547
6.98262, 540.175, 1076.7
3.06535, -53.9807, 1513.49
5.93789, -469.332, -490.422
3.21651, -1692.27, -1513.42
3.6901, 834.141, -89.4279
5.64383, 1903.19, -436.12
4.312, 1635.5, 719.319
4.64437, 1177.11, 1436.79
4.91936, 1.65879, -1704.26
6.20379, -1.46372, -197.541
3.23098, -798.996, 1731.47
7.36238, -1674.15, -1557.99
7.3158, -1045.78, -368.016
3.14741, -1207.49, 1333.75
5.3784, -643.349, -1214.72
4.66439, 342.631, -239.171
5.50066, -471.256, -526.66
5.85098, -1404.57, -281.551
4.5137, 792.294, 1981.38
6.46691, 1278.18, 1396.84
4.89889, -1961.25, -502.943
5.72449, 586.254, 556.12
4.28836, -490.615, 1196.22
5.96794, -662.703, -441.978
5.83428, -833.902, -1420.04
3.22071, -741.749, 1417.75
7.10415, -1976.99, 409.939
4.22228, 66.0485, -472.15
6.66824, -835.818, -943.338
2.74349, 538.579, -1502.17
3.27936, -492.792, -166.83
2.55765, 663.845, 1023.22
3.94327, 243.594, 1179.45
5.07295, -716.833, -337.949
3.65948, 1368.07, 876.575
2.75022, -504.877, -139.659
5.33091, -1190.25, -1704.17
6.69774, -309.695, 1326.7
4.28763, -1275.57, -828.872
4.3452, 356.663, 1736.59
7.22226, 511.364, -147.727
4.72425, -1798.7, -376.392
6.82086, 993.066, 383.361
5.82654, -1581.54, -1475.78
5.79297, 325.284, 1333.41
7.10736, -1924.17, 1927.97
5.11536, 1871.37, -1221.79
5.45229, 879.145, -884.79
5.79944, 1338.67, 1347.86
4.24765, 573.908, 921.696
4.11714, 657.314, 138.548
7.08984, -230.13, 1476.81
3.08619, 1807.02, -893.284
7.31268, 1345.79, -336.277
5.17978, 103.484, -668.038
5.81447, 1719.15, 1272.3
5.48362, 1766.23, -1026.43
6.93363, -1012.12, -1495.69
6.67999, -1347.78, -1215.28
6.69339, 492.991, 409.513
6.85642, -433.559, 686.359
2.5002, -1539.18, 680.925
4.77274, 515.101, 704.133
4.25696, -1874.77, 288.699
5.80713, -516.617, 1420.22
6.22234, -1758.39, 305.729
3.3821, -229.936, -882.594
7.4621, 1588.98, -1632.52
5.95466, -1867.89, 374.912
6.97862, 277.608, -50.4399
3.51579, 754.083, -262.04
7.2356, -910.389, -73.1097
4.88476, 1812, -1022.19
6.78578, 1845.63, -1491.73
6.41237, -1971.45, -1129.8
5.70687, 1839.62, -1798.87
3.14521, -1451.49, 293.718
5.77944, 7.46177, 1298.56
3.09199, 105.839, 20.1685
3.88793, 675.416, 1612.05
6.65548, -434.406, -453.233
6.14153, -1506.12, -1027.94
6.74348, -1195.17, 592.272
3.43989, -1577.27, -1908.91
6.09602, 1118.53, -556.222
4.25586, 323.711, 665.44
3.34555, -831.643, -1371.58
4.52383, 685.002, -1104.86
4.20924, 317.488, 1545.85
6.67141, 797.987, -251.038
3.9111, 1396.26, 1167.95
5.16766, -1324.17, -943.161
6.25085, 1994.6, -1707.17
4.62554, -1342.71, -1512.32
4.66964, -1145.42, 1092.89
3.03022, 1717.2, -1867.55
6.4639, -72.0397, -934.733
3.91232, -1144.45, -969.761
7.14264, -1167.18, -477.254
5.37926, 467.05, 1055.37
3.4895, 1631.55, -574.844
5.99081, 1163.66, -1541.88
3.07265, 991.818, -1926.62
4.22945, 618.258, 1579.63
4.15646, -1140.99, -470.727
6.42735, 1657.44, -1928.63
6.65775, 919.893, -426.166
4.21712, -1481.47, 1511.13
4.2603, -551.111, 1768.62
6.38197, 287.847, -1676.72
6.58658, -26.7471, 1376.77
4.26157, -257.627, 564.968
7.09559, -873.279, -603.298
3.2877, 978.51, 504.724
5.56029, -991.504, 1107.27
5.54222, -742.023, 1418.47
3.16647, -505.28, -1496.08
3.51409, -1495.66, -952.69
4.79457, -1716.08, 1002.11
3.48759, -1060.96, 1853.04
6.77118, -1674.97, 736.356
6.54562, -1519.29, -1389.55
2.80131, -1817.71, 1776.55
6.50584, -1435.33, 1318.48
5.49597, -401.351, -1089.91
7.43182, -1784.93, 620.545
2.65919, -344.463, 1250.95
6.8356, 1894.48, -1570.36
3.69109, 1337.43, 684.758
3.6127, 358.502, 867.523
4.73907, -1992.65, -1086.63
2.61231, 1730.68, -358.541
6.79755, -494.639, 53.4534
4.15902, 437.281, 1175.78
5.72195, 615.346, 496.252
7.43521, -1895.74, -963.628
5.30162, 569.294, -1168.93
4.74553, -1517.18, -492.278
5.213, 343.461, -1446.25
2.90797, 1546.38, -65.5959
3.99606, -1597.42, -549.308
6.63964, 1651.68, 1366.25
6.48936, 1253.02, 1880.86
5.71048, -205.178, 1359.2
4.84105, 1262.96, 775.562
7.15326, -393.901, -1225.21
5.08798, -487.079, -131.735
7.42924, 1597.02, -1088.57
5.94567, -165.871, -1451.75
6.19966, -362.832, -884.386
3.46323, -784.31, -1874.69
6.08881, -900.657, 1252.6
6.11146, 1140.28, -365.328
6.49298, 531.814, 308.205
4.23216, 511.151, -1998.62
5.1481, -31.1937, -112.902
3.19001, 1431.7, -725.613
6.73218, -452.241, -403.92
6.32766, -172.292, -1775.17
7.5, 1847.62, -830.291
4.24891, 966.449, 1995.89
5.50367, -1203.88, 1186.12
3.50808, -993.181, 171.164
6.2385, 55.1384, 302.62
6.49225, 1958.23, 432.101
3.03505, -1413.25, 219.081
5.35813, -1014.77, 95.1093
2.84683, 714.98, -662.816
4.16036, 1504.62, 1378.57
5.80945, 976.16, -1418.28
5.27726, 345.571, -393.311
7.12415, 457.999, -23.5291
2.69832, -974.318, 455.572
2.62083, -625.893, 482.721
4.61923, 441.702, -1314.38
4.36987, 921.495, 273.661
2.93303, -493.668, -536.665
3.05403, -319.868, 340.829
5.31992, 740.463, -698.823
7.37269, 127.201, 1487.33
3.05066, -98.4484, -1759.33
5.99352, 198.062, 1968.39
2.79674, -100.095, -1490.76
4.69755, 1671.85, -219.412
5.24651, 1988.48, 1433.94
3.45129, 1385.17, -1502.74
7.36597, 625.242, 657.231
3.19593, -1362, -168.345
5.48978, 1891.33, -866.605
7.12812, -1748.32, 1408.8
3.91116, -134.21, 1796.72
6.8307, -276.928, -159.244
6.29598, -460.669, -1205.26
6.10793, 691.825, 1256.33
3.34241, -744.765, 733.996
3.32882, 1683.23, 751.975
3.39076, -1294.78, -1984.45
5.87226, 672.982, -1207.61
4.83484, -706.605, 70.5874
6.85219, -1625.24, -716.681
5.76023, -1407.3, -220.94
5.80464, 1529.18, 1767.62
2.58037, -1318.83, -1184.89
4.30596, -1561.04, -1331.53
3.72747, 1855.06, 244.234
6.93086, -1879.57, -1904.32
5.23701, 1652.72, 1545.51
6.57209, -51.8638, -1309.32
5.24453, 333.031, 1745.95
4.16156, 1013.31, -112.908
4.40213, 51.6873, -1310.13
2.52389, 1867.91, 1312.49
6.95226, -181.701, -794.454
6.16955, -998.376, 1374.01
6.04239, -308.048, 1357.13
5.1278, 105.449, -376.389
6.41065, -385.109, -1633.66
3.42484, -768.721, -940.85
5.72673, 483.247, 1026.23
3.42178, -1382.83, -690.485
3.31214, 132.068, -176.187
2.65594, -363.775, 1702.95
7.42716, 260.275, -1330.88
4.04559, -665.604, -1438.72
4.11075, -1346.9, -583.908
5.51155, 566.941, -479.661
2.89107, -659.554, -1849.06
3.93936, -35.5897, 176.126
5.79307, -247.676, -984.162
7.36348, -1992.95, -697.711
7.27758, -726.485, -1596.3
7.42745, -1339.09, -601.404
7.30478, -1832.19, -1533.84
3.0073, -1118.37, 1140.87
3.71505, -242.722, -989.216
6.91151, 196.979, -869.464
5.28805, 681.828, 1406.32
6.7669, 1607.86, 1031.37
7.49145, -1064.47, 1039.21
3.99751, -500.918, -955.478
6.33157, 1966.8, 981.745
4.81901, 566.776, -285.65
6.8168, -1272.48, -1589.9
6.99018, 1723.75, 13.2256
7.377, 516.522, -835.213
2.77405, 1322.52, 174.761
6.32605, 1900.88, -1241.18
5.09219, -1870.45, 1479.46
3.46574, 1877.76, -497.448
6.98252, 387.997, -1085.76
6.38492, -1661.06, 197.819
2.75968, 833.491, 1084.26
7.47331, -1713.16, 1534.07
5.93659, -1.18631, -920.215
5.94854, 1778.45, 993.727
6.57666, -1315.06, 1646.69
7.05426, -72.5411, -868.943
3.34218, -402.768, 812.485
5.24183, -1159.78, 1609.87
6.53351, -948.226, -508.669
4.17803, 635.983, -1057.09
5.53435, -189.205, 88.0731
6.59602, -1912.49, 668.399
7.3485, 173.971, -494.551
6.29349, 1172.93, 985.19
3.72113, -372.579, -187.012
5.80589, -1144.7, 808.997
4.21574, -894.538, -371.895
7.27146, 753.509, -794.056
2.60828, 1609.1, 1112.66
4.54979, -1784.92, 1896.76
2.55789, 1175.63, -1340.76
3.04964, 1685.74, 407.614
5.28259, -1707.36, 180.264
4.45466, -73.5451, -466.734
7.20539, 236.396, -365.314
2.55572, 358.547, 795.831
6.22897, -450.242, -869.091
3.84293, 217.429, 262.381
4.27153, -1354.69, -1529.72
3.45835, -936.637, 1233.29
5.14832, 592.56, -342.061
4.39478, -120.003, -1708.71
3.16407, -26.888, -1604.64
4.26563, -247.072, -1134.75
4.2497, 1568.54, 1974.99
7.41084, 1211.27, -241.845
5.25961, 306.156, -793.826
4.99918, 26.2327, -1427.1
3.58531, -1669.59, 918.308
4.37311, -459.429, -1307.97
6.78251, -1337.4, -946.516
6.45578, 1573.77, -1018.45
3.9204, -995.506, 1856.87
5.07645, 875.543, 199.387
6.79238, -592.21, -53.8265
7.07844, -1916.75, -350.816
7.48941, 274.442, 1837.76
6.53177, 346.108, -393.789
5.22718, -1825.49, -367.141
7.3461, 298.847, -1479.3
5.31931, -1171.12, 725.337
4.03031, -828.709, 1322.58
5.41853, 1939.31, 1911.59
2.91197, 88.8003, -668.261
5.47382, 725.373, 1233.82
3.31968, -1198.32, -1183.39
6.46527, -1212.22, -876.053
2.95373, 1156.88, 1486.95
6.3072, -1011.83, -1359.94
6.83996, -433.271, 68.0752
6.40105, 386.622, -669.2
6.61399, 1817.4, 1946.51
6.70974, 745.684, 1108.06
4.48328, 1072.96, 512.025
6.508, -323.168, 337.081
6.56811, 762.985, -88.9196
5.43493, -820.762, 203.601
4.64621, 1594.41, -102.577
2.5002, -143.395, -960.209
5.31153, -1632.52, 632.327
6.22632, 670.598, 715.818
3.89846, 1927.98, 609.057
2.93406, -1978.94, 1131.02
3.5733, 1707.07, -1763.11
3.93296, -985.147, 1124.1
4.86595, -816.385, 952.525
6.95893, 1692.14, 1639.89
5.91955, 1009.97, -997.577
3.54376, -104.114, -127.838
6.67533, 1590.93, 25.4669
7.09218, 1891.72, 1834.83
4.48244, -948.52, -1405.02
6.37858, 1082.56, 1085.16
5.68161, -325.159, -182.026
6.64746, 967.943, 588.102
3.40204, 1120.66, -911.796
7.45927, 1151.36, -1520.56
6.70558, -300.363, -1690.89
4.65177, 1779.09, 534.041
4.38589, 1194.19, 1783.61
2.70802, 1314.58, -1012.75
6.80715, -1623.44, -1085.22
6.62116, 1818.88, -1825.31
6.25052, 47.1583, 1475.57
3.55801, -330.182, 1992.81
4.31029, -1564.34, -385.13
4.43545, -1184.2, -1612.11
7.32918, 1597.63, 1293.37
6.5872, -332.866, 1267.94
4.5755, -165.827, 899.777
5.83759, 413.332, 370.632
2.52101, 956.279, 1949.79
6.98048, -1482.16, 506.288
3.68416, -686.697, 711.275
3.79415, 722.703, -194.039
5.4939, 820.202, -1423.69
6.89823, -1704.3, 763.491
6.16299, -1132.93, -1187.9
6.0773, 1832.49, 1142.42
3.57724, -1218.94, 961.921
6.30413, 1356.68, -1918.03
3.85351, -319.326, -1125.2
2.75246, 1342.91, 706.294
4.78866, 534.954, 491.259
2.58759, 900.762, -1561.68
3.01129, 149.472, -339.756
2.639, -258.659, 571.104
5.65921, -680.484, -1030.17
6.34425, 170.35, -492.593
2.74132, 1050.9, -1684.04
6.6924, -118.507, -1261.6
6.76899, -526.57, -645.852
6.57649, -886.006, 1146.93
6.85188, 1591.47, 813.198
5.27222, -1271.81, -348.452
6.12646, -595.863, 123.432
3.20424, -1058.45, 1887.16
6.6115, 1205.97, -1049.73
5.51185, 1471.3, -395.86
4.93856, 1020.36, -1845.12
6.14942, -578.857, 1913.9
4.05164, 1515.49, -1339.74
3.93925, -1398.53, 710.191
5.45857, -1911.01, 1626.49
5.34055, 1317.03, 1777.96
5.41059, -1875.68, -1155.16
2.84132, -1379.71, 566.572
4.34304, 298.263, -769.49
6.28475, -1862.23, -1159.05
6.35297, -897.495, -1742.07
4.27217, -788.49, -503.271
5.98913, 488.93, 1868.76
5.08005, -1381.28, -613.237
5.94494, 785.488, 261.971
6.18066, -164.614, 1230.72
2.56231, -688.539, -1352.65
7.16549, 1217.42, -239.542
5.37826, 268.179, 253.892
3.05587, 914.116, 1951.02
4.87388, -221.825, 43.7641
3.24247, 341.158, 180.525
4.22594, 101.835, 902.298
7.04476, -1868, 352.234
4.54571, 31.7985, 1030.46
5.96642, -1350.42, -147.326
3.35865, 770.698, -1861.7
6.21715, 1788, -997.832
4.16319, -845.335, 1280.53
4.62157, 1339.83, 622.254
2.79523, -274.29, -234.173
5.09005, 575.486, -469.206
5.94425, 951.173, -1164.35
5.01149, -530.912, 52.7198
6.56617, -337.681, -1504.96
3.07974, 162.31, -1883.2
5.24841, 528.498, 931.516
5.06046, 827.007, 43.0942
6.02649, 1902.86, 883.761
5.65083, -471.394, 1785.47
4.0207, -45.2602, -1262.93
6.74719, 800.889, 747.131
3.39619, 1202.21, -39.0845
2.61737, -1063.78, -200.685
4.19467, 1486.76, 110.58
3.43818, 698.633, -165.43
6.60467, -571.44, 386.501
6.72507, -1792.42, -307.954
6.78031, 1693.09, -1443.02
7.37454, -1911.13, 1275.73
2.99587, 943.567, -897.61
2.56182, 1128.72, 1316.03
2.58614, 422.434, 1188.44
2.64527, 507.112, 188.856
4.1031, 307.256, -753.506
6.17815, 1257.03, 606.404
3.14876, 745.354, 948.338
2.5161, -735.338, 1016.77
6.91905, 277.636, -1583.49
3.70482, 464.4, -1152.59
4.38481, -1645.16, 1513.21
4.44879, 1215.5, 374.522
2.81534, 1191.34, 591.403
7.30792, 367.562, 1923.3
3.75349, 1454.96, -674.97
6.85376, -1364.31, -109.572
2.85991, -1840.79, 858.77
2.70653, -1256.04, 1160.31
3.46378, 730.27, -1048.48
3.86708, -622.326, 605.666
7.4007, -1908.92, -731.905
3.60607, 648.816, -1086.21
6.43119, -1752.92, 1715.43
4.42306, 604.781, -845.941
3.78593, 962.483, -1275.28
3.91087, -1902.36, 133.961
7.33834, 1739.22, -65.3036
4.22841, 1541.62, 348.074
3.45922, -1973.44, 1477.03
5.05037, -1096.23, -758.372
5.21857, -1118.19, 1271.62
5.72333, -1268.19, -1232.34
3.89738, -20.2816, 1574.64
3.41887, -592.938, -1443.47
2.71579, -1671.36, 771.949
3.98408, -1022.62, -555.847
4.25548, -463.392, 282.636
7.09372, -842.843, 1466.03
5.81225, 989.83, -717.541
5.08041, 1735.58, 1175.15
4.03763, 1236.1, 1179.84
3.0007, -708.218, 311.882
3.47502, 761.203, -1763.18
4.11407, 63.4697, -266.401
5.56182, 1935.25, 172.926
5.13511, 1924.98, -1971.94
3.45653, 509.769, 572.716
4.7178, -1312.36, -859.214
4.48693, -1423.23, 1714.84
6.28051, -1216.21, 1489.77
6.6213, 1475.09, 1205.3
5.51573, 283.737, -687.419
3.04573, 1222.8, -1662.76
4.11797, 976.325, -330.982
5.03403, 15.323, 638.696
4.76521, -1296.82, 1594.24
4.77315, -364.248, -927.62
4.91125, 1835.64, 1817.64
5.07896, 740.096, -1303.18
4.50207, 386.957, 1626.7
4.22945, 1921.99, 972.384
6.64533, 1851.95, -478.782
3.02204, -1468.79, -1601.52
6.40057, 1176.71, 1141.69
3.19919, -595.757, -479.554
2.62171, -1611.85, -1026.92
6.0664, 815.341, -1515.64
7.15538, 317.795, -1644.73
7.47667, 358.843, 350.516
3.86264, -1744.31, 305.7
3.6923, -972.224, -497.239
3.87328, 1931.21, 1241.64
5.70836, -1821.14, -1463.45
5.17637, 622.531, 314.933
6.8967, 1678.06, -595.507
6.75968, -1314.34, -1689.24
2.98004, 1825.8, -66.6204
4.66818, -1507.3, 391.194
3.17045, -413.327, -1518.01
5.86802, -314.141, 644.029
5.34964, -106.401, -968.087
3.66474, -1251.42, 1122.13
5.50306, 534.482, -1382.29
2.6551, -1611.07, -57.6055
7.08512, 1139.73, -626.668
3.82958, 1725.9, -349.036
6.50016, -371.542, -1018.22
5.46389, 346.111, -1435.09
5.0822, 721.851, 1244.45
5.2567, 635.723, 1292.75
3.47225, 1018.7, -466.234
5.36152, 238.8, -1488.75
3.81992, 430.069, 806.968
4.41648, -1530.14, 1080.35
2.73626, -1507.26, -1795.28
4.22823, 1180.82, -1343.9
3.61594, 1366.84, -879.178
3.81264, 32.6514, -1479.52
3.05141, -861.769, -803.159
7.40088, -1413.24, 42.5908
5.93794, 1624.11, 1289.45
5.82158, -1096.03, -760.369
5.99501, -1205.07, -1347.73
2.68746, -1681.96, -1560.74
3.6706, -1257, -1491.37
3.95397, 1431.07, 1388.73
3.50543, -84.8485, -525.093
2.7177, 758.167, 661.251
2.56571, -1088.05, 1054.01
6.07297, -1057.44, 1531.42
6.88348, -1741.13, -1265.03
5.35088, -1782.4, 559.633
6.92743, 1733.1, 1747.3
5.20042, -712.363, -561.164
3.31357, 1861.2, -1297.53
3.30492, 1942.67, 879.805
7.19182, 642.186, 575.919
3.45628, 1110.73, -1709.18
3.15761, -13.8484, -228.061
4.41122, -636.236, -8.96714
6.12674, 514.898, -534.458
2.50651, 1089.99, 1744.41
4.60222, 23.126, 1464.5
5.18984, 620.596, -427.892
4.86596, -478.323, 495.642
6.33003, 1081.3, 1753.17
2.9396, 1110.35, -944.674
7.04284, 264.715, 648.938
3.20818, -1761.4, -789.21
2.54782, 878.135, -105.249
2.82267, 491.833, 1011.01
4.96742, 764.389, 445.309
5.40914, 1070.43, 1983.4
4.03373, -1900.69, 1090.34
4.57091, 1844.43, -141.03
4.33401, -1147.31, -1380.72
3.42687, 375.129, 1340.24
2.76788, 1270.35, 318.586
4.47222, 1085.29, -131.283
3.98388, -696.611, -263.546
5.05388, -793.194, 1643.2
3.75392, -1397.29, 461.559
5.01589, 1935.45, 1768.55
2.51168, -38.4166, 1603.7
7.01807, 1999.1, -897.074
2.79181, -1811.32, -1899.79
5.17506, -1381.9, 1609.07
3.95754, -775.009, 1756.37
7.3023, -1632.67, -534.457
4.73406, 638.158, -218.664
5.08479, 1793.49, 334.778
5.93861, -512.388, 18.9239
2.72187, -321.394, 153.835
7.2946, -1598.14, 1215.02
5.70852, 738.271, 319.864
2.80215, 1264.54, -1565
3.33964, 95.0469, 536.884
5.76491, 975.331, -502.099
6.19864, -1538.41, 675.353
3.57011, 1725.72, 397.625
4.31441, 316.367, -1754.98
6.56981, -1296.73, 1872.05
5.32057, 1615.76, -941.403
7.45886, -80.3989, -1803.76
6.5669, -1527.6, 797.704
3.49157, -1991.58, -46.4935
2.50003, -330.631, -1716.95
4.62608, 1894.36, -1571.09
4.07406, 1664.09, 385.068
5.56218, 1214.47, -1870.37
3.83351, -386.488, -1089.45
4.39881, -1190.68, -121.295
5.43397, 1943.75, 583.656
5.95636, -283.387, -1035.64
7.26736, -920.987, -1145.4
4.89785, -585.493, -1913
3.60319, 749.566, -1465.44
5.33741, -1452.48, -891.807
6.09873, 870.98, 729.875
4.4953, -962.886, 1137.7
3.48326, -1385.84, 1996.21
6.66971, -1373.7, -1526.49
5.59561, -894.25, -1751.24
7.26866, -592.261, 341.493
3.23222, -28.8705, -565.061
5.38953, 83.388, -921.623
7.26796, -783.257, 1451.53
3.62331, 1440.32, -1952.17
7.25137, -975.279, 1628.32
3.07874, 1606.69, -1037.96
2.58372, 58.7169, -529.403
3.90465, -690.706, -348.842
7.15042, 1304.36, 332.35
3.04796, 1489.77, 1743.66
6.77266, 62.9784, 1665.57
5.68532, -1454.93, -1466.25
5.63853, 815.912, -1416.99
3.80589, 1465.65, 1481.27
5.13936, -1902.47, 443.47
7.16608, -531.695, 1834.79
3.98055, 1849, 199.994
4.78006, 310.433, 918.271
6.35659, -1314.08, -1250.84
4.17193, 194.298, 228.535
6.31775, -78.9604, -1895.77
6.65892, -59.9146, 1888.11
2.64618, -1450.67, 1137.47
4.31315, 1432.34, -536.058
4.16221, 586.998, 920.754
3.17675, -1040.66, -615.291
3.00839, -614.51, 1247.97
5.11327, -1221.29, 1633.98
3.52046, 61.3305, -1071.27
5.00728, -1744.42, -1263.94
5.1371, 9.48227, 1924.58
4.13422, -541.241, -586.407
4.75888, 451.749, -893.192
6.85263, -15.1234, 1978.61
4.72884, 1294.23, 1731.43
6.03726, -918.558, -1844.38
6.83171, 1834.49, -1399.03
6.5822, 1745.67, 445.63
2.67504, 1796.38, 1674.48
3.8644, -1310.96, -471.647
5.21858, -846.473, -862.045
3.19942, -1991.92, -1079
5.57408, -1563.45, -1873.25
3.29182, -1394.99, -1212.34
4.41129, 197.327, 442.878
5.94997, -188.465, 379.552
3.21128, -776.55, 919.934
5.65284, -1570.7, 1592.31
3.15973, 401.452, 1873.68
7.13583, -1484.78, 510.415
5.53465, -1880.48, 1570.59
5.50388, -1844.63, 738.805
3.33635, 1226.42, -1067.6
3.301, -1726.74, -803.52
5.91628, 1251.19, -60.7725
5.1456, -1434.28, -29.0283
3.65264, -261.344, 1629.07
6.55373, -1004.95, -117.111
5.76477, -841.916, -1123.27
4.08597, -1097.68, -1165.5
2.53953, -526.244, -1634.4
3.49176, 1447.66, 1499.55
3.78831, -18.5154, 764.859
3.03825, 1788.27, 77.6685
3.49545, 267.262, -874.548
6.75079, 1607.51, -1545.13
6.63912, -1972.24, 441.285
6.76813, -1921.42, -1101.33
5.71027, 569.682, 1561.15
3.6787, 1463.15, -1984.08
6.80638, -1005.21, -1622.95
5.4745, 74.4572, -202.917
2.52745, 1016.23, -57.267
6.84925, -1335.09, -952.437
7.37729, 1302.93, 214.188
5.59653, 760.508, 26.0718
3.85574, -1894.15, 758.482
7.46973, -316.559, -1273.47
4.60751, -1449.23, -1062.55
4.20537, -1590.94, -1231.88
4.80717, 721.468, -276.881
4.44822, 530.126, -757.141
4.613, -102.67, 1031.43
2.84879, 264.717, 573.237
5.5153, -135.463, -267.116
7.36114, -99.3738, 463.484
5.07406, -1393.47, -1074.2
7.45461, 1914.99, -275.699
5.84906, 1263.58, -298.8
4.01716, -1212.11, 142.176
3.47371, 1753.27, 1129.41
4.0109, -1418.15, -1878.54
4.93946, -669.065, 923.553
4.72438, 1059.2, 1953.02
5.7844, 638.427, -1887.2
3.74227, -1563.6, -1338.84
4.72007, 110.153, 1112.8
5.75894, -1383.46, 111.029
6.67472, -1426.55, 376.065
6.03698, 408.392, 1649.71
4.93928, -1745.49, -1201.97
6.72039, 800.628, -480.081
7.00296, -992.26, -363.968
6.33082, -1300.69, -1055.63
5.29453, 1256.48, 1695.68
2.70603, -54.1371, 194.698
5.46749, 1129.7, 130.311
2.68674, -1366.55, 1661.6
4.53488, 43.0557, 874.151
2.84243, -1955.72, -1765.69
7.38558, -1559.66, -1765.28
2.5956, -1036.67, -465.468
6.60363, -324.981, -553.111
5.2195, -742.107, 1761.45
5.72828, 1586.1, -664.884
3.62934, -521.516, 121.261
2.733, 1654.17, -1387.38
3.63154, 431.269, -1113.44
4.58371, -1267.11, 270.962
6.40126, 532.873, -1265.5
3.72852, -1845.2, 784.506
4.81411, 1325.15, 158.883
6.14756, 1858.95, 583.371
5.35237, -660.456, 1633.89
5.45997, 1855.06, 1859.55
4.98425, -1892.41, 562.919
3.951, 995.654, 215.439
4.71107, -3.55417, -449.784
2.53669, 1711.4, -791.288
7.41683, 1012.04, -726.474
2.52822, -1623.46, -285.894
4.8676, -189.527, 1472.4
5.86497, -619.997, -243.543
