6.27803, -1470.95, -1979.69
3.5948, 116.845, -191.435
5.89648, 723.214, -1802.99
5.09708, -484.834, 1767.44
2.76731, -1871.96, 1306.42
2.53849, 695.121, 90.7565
4.58743, -1704.48, -463.875
7.15218, 357.823, 755.717
2.95982, 99.4878, 1383.72
6.00595, -318.253, 637.013
3.81226, 1061.03, 1629.06
4.14117, 942.845, -1798.64
7.45519, 1018.03, 516.654
7.41275, -997.635, -522.889
5.75759, 1005.04, 884.506
6.92354, 523.869, -1696.85
6.33247, -240.634, -900.211
3.87453, -1016.29, -107.643
4.93259, -1357.26, -587.98
2.80282, 1644.36, 1567.14
5.08146, 12.8225, 1601.46
4.96988, 1930.42, -727.17
7.23882, -1624.99, -938.61
4.42071, -21.5977, -1687.61
5.14874, 1643.61, -901.261
2.75042, 1734.67, -112.882
6.63909, 1090.61, 1082.46
5.94228, -1913.32, -1488.51
6.18112, 517.633, 1468.38
6.94286, 1962.97, 899.356
4.25508, -754.345, -1071.97
6.72991, 365.266, 51.4737
3.84659, 1323.47, -323.725
4.83959, 139.744, -353.38
3.2686, -1300.55, -879.156
2.66527, 1232.86, 282.105
7.2768, -20.3594, 155.663
6.95369, 221.308, 984.647
3.29884, 1353.55, 491.958
3.15214, 856.716, -1142.84
2.515, -905.898, -1629.9
6.0491, -1883.76, -351.216
3.40448, -1008.47, 1726.05
5.76029, 1542.75, -719.147
4.42907, 734.474, -1395.92
3.23766, -19.3798, -470.886
5.45054, 1352.92, 342.082
3.24076, 256.589, 1818.25
3.2091, -361.563, 1920.61
4.94257, -982.418, 251.847
3.13015, 1782.97, -131.818
5.64635, -712.761, -1189.92
5.60817, 598.897, -1480.73
4.88216, -994.226, 1199.45
2.64188, -1124.82, -468.035
3.21011, -267.086, 1608.85
3.15594, -363.754, 1775.05
3.31099, -1654.4, 1509.51
3.76529, -534.973, -1698.99
4.77654, 1165.94, -1484.53
6.54472, -187.651, -598.289
3.57624, 603.681, 1710.69
3.75063, 1633.49, 732.712
5.02978, -117.211, 1439.34
6.27922, 1265.6, 347.85
5.66369, 1816.19, -134.686
5.9449, 1249.12, -274.277
7.27207, 1933.76, 824.539
5.18713, -835.005, 1444.11
4.57014, -1563, 69.1315
4.70019, 1500.98, 314.875
6.07821, 1469.33, 915.966
6.20858, 812.091, 1191.1
5.12494, 1539.22, -1915.79
6.06711, -1726.09, -149.768
5.91025, 666.309, -42.7221
6.82941, 1661.53, -1195.15
3.19597, 166.547, 1544.06
3.57766, 1932.19, -204.367
5.0733, -723.92, -228.025
4.83766, -225.877, 1483.98
3.55759, -530.504, 1220.63
5.65244, -1385.22, 1947.14
2.5044, -1925.36, 405.241
4.09589, 902.851, 1085.35
5.90281, 725.703, -295.676
6.0446, 1338.08, -1171.25
2.90869, -1613.89, 1306.12
3.56926, 522.104, 1051.45
4.44412, -1664.26, -1140.64
4.44927, 1810.13, 1805.73
3.92018, 762.962, -921.244
4.6123, 1125.06, 1097.91
2.55658, -1220.71, -874.65
3.72027, 1866.14, -1235.31
4.49072, -1430.83, 1311.13
6.64177, -1297.35, 401.696
3.78584, 1942.51, -1379.82
3.59705, -1603.03, -1079.62
6.47385, 776.974, 536.45
5.8476, 1000.82, 782.102
5.49108, -1776.21, 570.643
5.99917, -730.713, -1079.14
5.13062, 1056.34, -1517.33
4.14833, 360.561, 201.478
3.30844, -1430.62, 801.114
6.56633, 1432.96, -54.9158
4.08004, 965.894, 228.236
4.05369, 103.909, -1470.64
4.65424, 67.0013, 323.878
4.46509, -503.388, -960.301
4.43916, -106.031, -256.696
4.34871, -1667.69, -889.565
5.88118, 685.414, -989.446
6.10384, 899.511, 56.6821
7.20082, -138.761, 1783.07
5.08573, -159.472, -716.611
5.5282, -384.351, 646.587
5.85049, -1382.83, 1971.6
5.11404, 157.784, -612.136
3.87105, -1898.05, 1284.01
7.08924, 192.849, 568.96
3.73367, 1860.66, -918.999
4.77876, 763.823, 1360.54
3.30374, -1895.22, 1270.12
4.68319, 822.73, 811.216
7.45767, 985.663, 352.297
6.26931, -875.438, 781.146
4.97846, -1962.56, -1307.57
7.01651, -1306.95, -1668.29
4.68213, 983.763, 1117.18
5.09239, 334.744, -1957.08
4.44866, 176.728, -1715.38
5.63431, -439.594, -1135.88
5.19331, 824.53, 636.561
4.35955, 1266.07, -875.124
2.54674, -747.813, 736.519
6.3794, 80.6642, -1570.97
2.85317, -1770.65, -1125.2
3.98511, 886.038, -1359.64
4.78581, -78.8664, -1784.09
3.25156, -205.719, 76.5704
5.97819, 1345.23, -867.558
4.15587, 727.282, 305.937
5.21197, 1936.3, -1755.08
2.64678, 1451.34, -1926.68
5.38086, -47.3693, -470.79
5.18133, 732.558, 945.139
7.36678, -1522.68, -1845.02
5.57063, -597.827, -1231.92
5.26431, -1485.67, 408.096
6.69051, -529.235, 1808.86
3.75764, -997.595, 1849.39
6.98957, 1257.86, -263.747
5.97428, 1008.46, -993.596
5.82752, -946.846, -189.282
3.06838, -1155.67, -1550.62
3.37987, -1952.29, 191.261
2.91253, -272.718, 383.973
6.68103, -489.536, 737.482
2.64818, 1895.68, -1565.23
6.34719, -11.5374, -1685.17
4.29829, -1020.19, 1733.22
6.24626, 12.3898, 1061.21
6.28385, 730.611, 676.778
3.60834, -1073.55, -1838.35
5.58305, 609.875, 260.562
3.66846, -1098.96, -498.406
6.22052, -1341.26, 602.56
5.80997, -1814.86, -1371.53
4.9209, 1831.38, -1490.69
2.58972, 1656.71, 470.46
4.98291, 895.159, 401.265
5.09587, -211.738, -1763.82
4.71395, -1734.15, 1064.77
4.14528, -117.171, 1888.23
3.52671, 967.037, -212.731
7.19863, -484.738, -1293.12
2.85168, -976.99, 1865.26
3.30042, 102.211, -1479.09
6.70788, -1568.52, 58.4476
4.13614, -331.975, -554.961
6.85942, 332.282, 856.568
5.99896, 1339.16, 1030.79
5.52801, 1735.51, -437.434
4.77536, 162.125, -508.953
2.91543, -1012.98, -377.332
3.94883, -116.131, -267.452
6.51009, -1150.83, -1565.97
6.81821, 681.802, 111.693
3.81831, 839.223, -1019.24
4.79881, -1668.76, -474.25
4.95672, 1228.37, -1057.31
5.82344, -933.581, -1969.91
7.31738, -1256.64, -325.428
7.23022, 1142.53, -1485.27
2.81902, 426.494, -1310.69
5.04829, -856.23, -597.209
6.13222, 1333.35, 1336.98
5.65882, 1194.36, -674.019
3.26658, -1826.77, -1816.12
5.09652, -1732.98, 1067.33
3.52281, -1108.11, 1702.64
6.03231, 801.492, -1639.79
6.05786, -944.143, -40.9432
3.66304, -1121.04, -483.822
6.80594, -102.985, -249.554
2.67122, -215.639, 1892.04
6.26587, -1873.08, 119.619
4.14789, 1276.64, 326.961
4.65309, 138.886, -1062.73
7.33455, 1922.84, -389.621
4.05803, 1457.46, 1382.41
5.69762, 1958.83, -1395.55
5.95386, 1750.42, -121.623
5.36403, 149.546, 1252.81
6.60667, 1787.63, -1373.21
4.21807, -1790.37, -1349.07
5.09387, -1629.89, -1540.3
6.78438, 243.782, -1893.68
6.18587, 669.046, 96.2542
3.45992, -1842.12, 758.011
2.83145, -615.973, 677.518
3.60828, 1696.39, -1435.78
3.33656, 337.301, -459.336
6.31172, 759.377, -1849.22
5.44905, -1682.66, 841.667
4.65223, 1726.87, 1722.72
7.09618, 1316.48, 24.6687
5.09668, 887.151, 368.117
7.38058, -1360.99, -48.3512
5.15714, -904.958, 290.388
2.98716, 668.794, 776.128
5.83983, 428.664, 199.719
5.44444, 278.839, -54.362
5.01137, -1391.22, -252.904
2.75808, -1855.69, 913.031
2.6753, -699.4, 73.1651
4.41484, -1579.24, -1041.76
5.55555, 368.226, 201.387
5.06574, 1095.38, 1725.04
5.98498, 610.561, -52.0511
4.89891, -47.5243, -372.62
3.88323, 136.13, 845.912
6.01685, -877.068, 414.993
3.67701, 1746.51, 109.245
6.41501, 353.284, -363.014
6.60589, 716.317, 1665.98
3.21842, -1062.1, 103.537
5.75757, -972.385, 1622.3
3.87677, 1734.73, -1963.34
7.26215, -834.717, 1435.4
4.58238, -1498.49, 29.0311
3.03869, -252.613, 803.004
4.70633, -1592.25, 1061.56
6.28811, -844.38, -599.199
2.77803, -677.551, -633.527
3.51241, -52.7099, 286.272
6.82305, 1872.53, -1534.67
6.52456, -531.263, -11.6583
2.78861, -1355.41, -1340.49
4.40304, -130.328, -1403.73
4.56124, -280.536, 1524.6
2.80071, -759.167, 604.861
7.09746, 1601.08, 1285.05
3.35398, 1069.81, 1614.49
6.51634, -1856.67, 335.27
3.88599, 1457.71, 98.9548
4.44586, 343.365, 1475.17
7.19936, 110.839, 1246.92
6.24573, 326.825, -340.811
3.44774, -652.769, 1516
6.89581, 868.447, 967.751
6.8953, 830.182, -1692.57
3.30515, -1621.22, -522.422
5.87346, -1603.39, -330.093
6.89096, 1258.32, 256.055
6.98262, 487.595, 1046.53
3.06535, -46.22, 1504.67
5.93789, -480.742, -516.884
3.21651, -1635.93, -1549.12
3.6901, 823.411, -89.1985
5.64383, 1883.46, -436.985
4.312, 1634.13, 726.289
4.64437, 1176.34, 1434.27
4.91936, -19.5629, -1677.36
6.20379, -9.37767, -222.449
3.23098, -750.125, 1736.55
7.36238, -1666.74, -1530.91
7.3158, -1013.96, -373.015
3.14741, -1197.25, 1325.86
5.3784, -632.257, -1212.86
4.66439, 338.937, -253.029
5.50066, -461.087, -497.313
5.85098, -1386.02, -231.655
4.5137, 793.833, 1969.34
6.46691, 1282.54, 1381.61
4.89889, -1943.82, -499.661
5.72449, 604.643, 550.702
4.28836, -495.493, 1201.32
5.96794, -658.838, -440.929
5.83428, -833.301, -1392.09
3.22071, -785.414, 1427.21
7.10415, -1957.09, 440.318
4.22228, 61.6643, -471.932
6.66824, -825.218, -936.366
2.74349, 544.789, -1487.48
3.27936, -510.206, -126.976
2.55765, 661.113, 1012.06
3.94327, 240.073, 1175.49
5.07295, -688.23, -346.761
3.65948, 1362.4, 874.095
2.75022, -484.827, -157.937
5.33091, -1192.63, -1680.55
6.69774, -300.341, 1344.26
4.28763, -1286.59, -856.91
4.3452, 330.356, 1737.27
7.22226, 513.753, -145.613
4.72425, -1818.15, -353.245
6.82086, 985.433, 353.614
5.82654, -1574.4, -1468.73
5.79297, 337.19, 1328.31
7.10736, -1915.36, 1919.1
5.11536, 1914.97, -1241.94
5.45229, 877.704, -883.41
5.79944, 1335.92, 1308.58
4.24765, 544.604, 931.8
4.11714, 687.212, 95.4634
7.08984, -207.222, 1469.29
3.08619, 1809.24, -889.85
7.31268, 1335.97, -332.702
5.17978, 110.85, -653.052
5.81447, 1696.54, 1265.36
5.48362, 1803.55, -1015.27
6.93363, -1012.77, -1486.16
6.67999, -1308.33, -1217.1
6.69339, 494.197, 403.417
6.85642, -420.012, 672.79
2.5002, -1539.23, 677.775
4.77274, 520.062, 697.02
4.25696, -1857.81, 328.559
5.80713, -514.732, 1414.33
6.22234, -1759.96, 306.398
3.3821, -257.722, -926.537
7.4621, 1589.16, -1617.22
5.95466, -1856.97, 327.03
6.97862, 289.534, -23.3413
3.51579, 731.608, -282.766
7.2356, -920.64, -71.3127
4.88476, 1763.52, -1017.88
6.78578, 1832.55, -1497.05
6.41237, -1956.04, -1096.78
5.70687, 1809.23, -1816.99
3.14521, -1444.44, 300.535
5.77944, 9.91951, 1301.83
3.09199, 107.053, 16.4471
3.88793, 664.498, 1602.3
6.65548, -454.607, -453.828
6.14153, -1500.48, -1025.06
6.74348, -1196.95, 590.634
3.43989, -1526.88, -1853.33
6.09602, 1113.04, -562.035
4.25586, 312.845, 663.144
3.34555, -833.506, -1395.86
4.52383, 657.387, -1073.08
4.20924, 319.635, 1535
6.67141, 762.491, -253.362
3.9111, 1395.61, 1168.95
5.16766, -1356.39, -964.82
6.25085, 1975.63, -1702.69
4.62554, -1372.9, -1513.8
4.66964, -1127.54, 1098.85
3.03022, 1712.52, -1859.68
6.4639, -90.3115, -929.739
3.91232, -1151.2, -962.072
7.14264, -1181.29, -468.372
5.37926, 507.772, 1020.02
3.4895, 1653.69, -589.367
5.99081, 1148.62, -1480.54
3.07265, 988.628, -1906.09
4.22945, 600.627, 1565.58
4.15646, -1165.65, -475.835
6.42735, 1655.67, -1916.05
6.65775, 917.953, -424.67
4.21712, -1476.6, 1507.93
4.2603, -553.619, 1803.72
6.38197, 303.298, -1624.72
6.58658, -22.6242, 1374.69
4.26157, -264.665, 565.439
7.09559, -823.943, -606.837
3.2877, 995.082, 513.615
5.56029, -978.222, 1140.08
5.54222, -785.033, 1427.33
3.16647, -501.294, -1483.5
3.51409, -1483.86, -960.859
4.79457, -1709.78, 1003.47
3.48759, -1042.19, 1863.91
6.77118, -1696.54, 759.191
6.54562, -1519.81, -1377.36
2.80131, -1806.08, 1764.28
6.50584, -1443.2, 1286.71
5.49597, -396.337, -1084.43
7.43182, -1776.25, 602.795
2.65919, -323.813, 1282.11
6.8356, 1876.62, -1530.7
3.69109, 1328.86, 689.558
3.6127, 324.211, 855.901
4.73907, -1938.09, -1106.57
2.61231, 1722.19, -355.236
6.79755, -520.609, 7.85354
4.15902, 433.568, 1167.98
5.72195, 606.907, 511.691
7.43521, -1881.79, -969.719
5.30162, 569.06, -1164.81
4.74553, -1514.3, -492.82
5.213, 320.648, -1446.98
2.90797, 1546.36, -65.8881
3.99606, -1627.84, -560.702
6.63964, 1633.09, 1341.68
6.48936, 1247.43, 1862.41
5.71048, -208.777, 1360.15
4.84105, 1258.48, 767.641
7.15326, -401.874, -1210.35
5.08798, -485.792, -134.301
7.42924, 1592.44, -1061.52
5.94567, -153.665, -1435.97
6.19966, -356.942, -920.616
3.46323, -786.554, -1859.11
6.08881, -915.557, 1235.54
6.11146, 1139.75, -355.99
6.49298, 535.309, 306.411
4.23216, 509.648, -1983.58
5.1481, -32.63, -131.327
3.19001, 1432.68, -714.06
6.73218, -447.493, -439.648
6.32766, -160.831, -1759.71
7.5, 1847.98, -849.269
4.24891, 963.209, 1966.54
5.50367, -1198.37, 1173.28
3.50808, -990.704, 163.601
6.2385, 62.7718, 314.455
6.49225, 1941.1, 433.33
3.03505, -1409.51, 217.544
5.35813, -1013.87, 93.8076
2.84683, 730.161, -692.399
4.16036, 1471.22, 1381.37
5.80945, 968.549, -1412.08
5.27726, 341.237, -369.024
7.12415, 457.585, -23.1882
2.69832, -966.216, 448.297
2.62083, -617.774, 475.219
4.61923, 444.337, -1308.54
4.36987, 922.65, 268.351
2.93303, -453.417, -468.171
3.05403, -319.233, 335.184
5.31992, 725.859, -684.207
7.37269, 113.59, 1478.68
3.05066, -86.7738, -1785.11
5.99352, 198.219, 1950.61
2.79674, -102.307, -1474.46
4.69755, 1669.02, -210.607
5.24651, 1976, 1428.41
3.45129, 1377.95, -1495.95
7.36597, 633.947, 648.886
3.19593, -1363.49, -110.592
5.48978, 1857.3, -859.024
7.12812, -1740.82, 1407.23
3.91116, -160.186, 1764.91
6.8307, -294.149, -174.489
6.29598, -444.438, -1193.56
6.10793, 714.103, 1240.93
3.34241, -736.053, 729.292
3.32882, 1649.84, 738.519
3.39076, -1294.86, -1969.36
5.87226, 666.681, -1197.78
4.83484, -696.513, 68.9803
6.85219, -1615.45, -715.54
5.76023, -1388.16, -233.243
5.80464, 1509.15, 1747.03
2.58037, -1326.87, -1236.96
4.30596, -1548.01, -1333.23
3.72747, 1839.25, 216.588
6.93086, -1864.54, -1891.45
5.23701, 1642.81, 1555.39
6.57209, -57.9162, -1277.52
5.24453, 351.312, 1725.76
4.16156, 1011.29, -107.853
4.40213, 42.3595, -1307.98
2.52389, 1854.62, 1302.89
6.95226, -179.692, -795.102
6.16955, -987.328, 1367.17
6.04239, -307.67, 1311.99
5.1278, 123.907, -366.944
6.41065, -377.296, -1622.48
3.42484, -778.716, -940.835
5.72673, 505.41, 1035.05
3.42178, -1369.52, -675.724
3.31214, 117.82, -179.163
2.65594, -364.099, 1696.39
7.42716, 261.935, -1332.56
4.04559, -659.049, -1425.41
4.11075, -1335.7, -601.365
5.51155, 564.56, -469.385
2.89107, -657.683, -1837.69
3.93936, -34.7287, 175.565
5.79307, -260.024, -978.078
7.36348, -1971.38, -699.293
7.27758, -726.007, -1584.06
7.42745, -1332.94, -599.727
7.30478, -1817.42, -1511.47
3.0073, -1115.49, 1124.61
3.71505, -253.587, -986.108
6.91151, 201.085, -860.342
5.28805, 679.674, 1390.92
6.7669, 1600.96, 1033.59
7.49145, -1072.46, 1057.45
3.99751, -490.765, -953.854
6.33157, 1926.46, 959.452
4.81901, 573.583, -291.619
6.8168, -1272.93, -1577.61
6.99018, 1715.38, 1.77922
7.377, 514.284, -828.285
2.77405, 1292.86, 207.795
6.32605, 1866.5, -1236.98
5.09219, -1859.95, 1477.02
3.46574, 1835.86, -457.87
6.98252, 401.524, -1089.83
6.38492, -1682.27, 190.354
2.75968, 827.81, 1078.67
7.47331, -1696.11, 1523.8
5.93659, -17.8414, -913.672
5.94854, 1770.93, 993.081
6.57666, -1312.84, 1621.53
7.05426, -75.6886, -885.404
3.34218, -402.784, 798.78
5.24183, -1162.38, 1604.04
6.53351, -987.321, -512.782
4.17803, 668.926, -1089.95
5.53435, -215.442, 49.7592
6.59602, -1887.95, 667.724
7.3485, 158.974, -497.643
6.29349, 1161.17, 988.671
3.72113, -345.265, -182.532
5.80589, -1143.65, 802.182
4.21574, -900.759, -377.186
7.27146, 748.306, -789.021
2.60828, 1602.87, 1108.56
4.54979, -1781.02, 1885.7
2.55789, 1165.73, -1341.4
3.04964, 1666.87, 398.428
5.28259, -1665.03, 194.258
4.45466, -16.0355, -457.328
7.20539, 234.576, -365.745
2.55572, 358.763, 774.047
6.22897, -437.526, -877.339
3.84293, 213.749, 244.67
4.27153, -1342.72, -1506.19
3.45835, -900.659, 1250.43
5.14832, 589.048, -333.166
4.39478, -108.153, -1717
3.16407, -21.7772, -1608.8
4.26563, -260.344, -1119.83
4.2497, 1565.62, 1962.45
7.41084, 1239.53, -258.749
5.25961, 301.309, -737.343
4.99918, 30.1331, -1433.88
3.58531, -1668.27, 903.776
4.37311, -490.731, -1294.19
6.78251, -1315.28, -929.16
6.45578, 1586.73, -1042.94
3.9204, -985.668, 1849.88
5.07645, 873.221, 206.842
6.79238, -574.526, -38.9245
7.07844, -1872.97, -349.482
7.48941, 266.04, 1820.23
6.53177, 347.553, -375.057
5.22718, -1790.52, -362.685
7.3461, 306.836, -1458.53
5.31931, -1168.65, 725.229
4.03031, -841.081, 1311.53
5.41853, 1917.91, 1892.29
2.91197, 92.5895, -655.258
5.47382, 706.9, 1220.76
3.31968, -1194.41, -1182.65
6.46527, -1234.44, -870.136
2.95373, 1161.84, 1465.76
6.3072, -1007.91, -1358.69
6.83996, -460.199, 56.0735
6.40105, 376.117, -668.255
6.61399, 1816.83, 1923.92
6.70974, 743.597, 1102.93
4.48328, 1029.64, 515.841
6.508, -315.927, 338.84
6.56811, 757.445, -86.5175
5.43493, -817.215, 199.566
4.64621, 1585.82, -94.433
2.5002, -106.236, -930.06
5.31153, -1625.96, 636.117
6.22632, 677.289, 695.621
3.89846, 1926.66, 574.834
2.93406, -1960.76, 1127.83
3.5733, 1706.68, -1757.55
3.93296, -963.295, 1132.83
4.86595, -804.46, 944.341
6.95893, 1686.88, 1639.3
5.91955, 1036.88, -1012.18
3.54376, -92.7148, -142.572
6.67533, 1582.45, 20.1672
7.09218, 1832.76, 1823.03
4.48244, -953.37, -1395.8
6.37858, 1079.8, 1046.98
5.68161, -313.184, -177.802
6.64746, 965.01, 571.899
3.40204, 1103.69, -938.74
7.45927, 1153.15, -1507.81
6.70558, -310.733, -1688.37
4.65177, 1770.73, 527.168
4.38589, 1191.85, 1770.18
2.70802, 1301.48, -1008.04
6.80715, -1591.98, -1048.16
6.62116, 1831.71, -1790.72
6.25052, 27.9722, 1460.17
3.55801, -331.052, 1971.59
4.31029, -1562.26, -382.544
4.43545, -1176.89, -1588.92
7.32918, 1586.07, 1259.33
6.5872, -325.238, 1278.49
4.5755, -161.624, 895.651
5.83759, 403.74, 358.51
2.52101, 949.386, 1956.83
6.98048, -1479.22, 501.975
3.68416, -688.033, 708.525
3.79415, 704.431, -175.488
5.4939, 809.387, -1416.65
6.89823, -1670.35, 731.675
6.16299, -1115.86, -1171.74
6.0773, 1812.19, 1138.68
3.57724, -1210.88, 962.704
6.30413, 1358.94, -1910.78
3.85351, -326.512, -1108.56
2.75246, 1325.39, 670.174
4.78866, 546.046, 492.376
2.58759, 891.096, -1548.71
3.01129, 141.066, -359.876
2.639, -267.15, 574.018
5.65921, -685.879, -1035.06
6.34425, 166.018, -503.192
2.74132, 1052.41, -1673.64
6.6924, -107.444, -1261.28
6.76899, -524.899, -626.065
6.57649, -900.69, 1151.7
6.85188, 1586.68, 805.824
5.27222, -1254.29, -317.447
6.12646, -580.784, 106.738
3.20424, -1041.37, 1836.18
6.6115, 1183.3, -1052.24
5.51185, 1457.69, -391.642
4.93856, 1011.16, -1831.98
6.14942, -571.345, 1885.26
4.05164, 1514.32, -1334.99
3.93925, -1399.36, 702.304
5.45857, -1893.17, 1606.86
5.34055, 1298.73, 1752.02
5.41059, -1868.59, -1143.41
2.84132, -1375.99, 566.37
4.34304, 302.33, -785.182
6.28475, -1854.33, -1149.26
6.35297, -895.316, -1742.31
4.27217, -787.287, -509.264
5.98913, 477.909, 1855.18
5.08005, -1340.04, -571.328
5.94494, 774.508, 269.871
6.18066, -163.492, 1233.74
2.56231, -683.031, -1343.7
7.16549, 1222.53, -260.268
5.37826, 262.141, 249.663
3.05587, 935.496, 1946.21
4.87388, -194.103, 79.7108
3.24247, 403.026, 210.291
4.22594, 101.927, 891.337
7.04476, -1860.63, 351.927
4.54571, 25.3659, 1043.31
5.96642, -1349.41, -133.133
3.35865, 757.947, -1882.5
6.21715, 1765.55, -993.129
4.16319, -852.374, 1292.24
4.62157, 1323.23, 625.744
2.79523, -276.558, -217.261
5.09005, 573.513, -459.263
5.94425, 943.32, -1158.66
5.01149, -514.972, 17.6491
6.56617, -340.039, -1496.98
3.07974, 167.319, -1867.31
5.24841, 565.417, 922.181
5.06046, 811.647, 41.3762
6.02649, 1928.51, 882.072
5.65083, -472.795, 1752.94
4.0207, -55.3449, -1299.39
6.74719, 798.795, 734.558
3.39619, 1215.57, -47.4609
2.61737, -1054.02, -199.957
4.19467, 1453.49, 96.965
3.43818, 712.608, -196.449
6.60467, -582.67, 346.828
6.72507, -1790, -331.503
6.78031, 1690.62, -1431.62
7.37454, -1907.4, 1294.99
2.99587, 930.354, -894.351
2.56182, 1129.66, 1307.6
2.58614, 434.621, 1166.8
2.64527, 496.953, 194.047
4.1031, 292.073, -772.859
6.17815, 1250.64, 601.95
3.14876, 705.392, 952.799
2.5161, -738.205, 1008.92
6.91905, 279.88, -1578.6
3.70482, 457.862, -1139.39
4.38481, -1630.35, 1531.57
4.44879, 1240.4, 363.71
2.81534, 1193.8, 586.965
7.30792, 367.55, 1897.96
3.75349, 1449.51, -681.364
6.85376, -1360.09, -153.342
2.85991, -1829.05, 842.753
2.70653, -1239.31, 1131.7
3.46378, 712.038, -1044.04
3.86708, -617.588, 605.981
7.4007, -1900, -729.203
3.60607, 645.817, -1065.78
6.43119, -1748.19, 1705.8
4.42306, 594.742, -840.375
3.78593, 954.153, -1270.89
3.91087, -1868.07, 112.244
7.33834, 1732.07, -79.0293
4.22841, 1522.04, 335.139
3.45922, -1954.79, 1472.05
5.05037, -1094.97, -757.766
5.21857, -1110.16, 1262.4
5.72333, -1307.18, -1223.92
3.89738, -17.9213, 1586.03
3.41887, -593.989, -1430.12
2.71579, -1664.92, 769.6
3.98408, -1009.14, -534.753
4.25548, -462.315, 278.623
7.09372, -856.217, 1409.85
5.81225, 999.279, -718.698
5.08041, 1730.08, 1162.05
4.03763, 1222.58, 1167.6
3.0007, -699.846, 307.116
3.47502, 756.703, -1759.09
4.11407, 61.3274, -256.475
5.56182, 1913.46, 174.547
5.13511, 1915.47, -1959.84
3.45653, 526.491, 563.079
4.7178, -1267.63, -853.948
4.48693, -1409.47, 1697.74
6.28051, -1209.2, 1489.35
6.6213, 1470.28, 1205.15
5.51573, 285.093, -693.865
3.04573, 1213.37, -1647.38
4.11797, 969.203, -330.402
5.03403, 20.2457, 634.03
4.76521, -1299.41, 1611.21
4.77315, -360.345, -893.309
4.91125, 1856.24, 1835.28
5.07896, 736.182, -1301.16
4.50207, 405.484, 1646.76
4.22945, 1950.2, 964.301
6.64533, 1863.7, -476.784
3.02204, -1456.96, -1585.99
6.40057, 1161.89, 1125.54
3.19919, -593.755, -477.036
2.62171, -1574.68, -1046.25
6.0664, 810.558, -1495.88
7.15538, 289.979, -1655.47
7.47667, 378.335, 347.66
3.86264, -1743.22, 305.104
3.6923, -956.204, -514.605
3.87328, 1913.97, 1236.47
5.70836, -1809.64, -1459.29
5.17637, 617.928, 302.164
6.8967, 1650.67, -587.935
6.75968, -1342.16, -1659.75
2.98004, 1797.63, -87.7673
4.66818, -1482.86, 433.724
3.17045, -404.101, -1507.49
5.86802, -344.868, 613.033
5.34964, -105.043, -943.5
3.66474, -1229.54, 1147.64
5.50306, 530.068, -1371.54
2.6551, -1596.2, -52.8252
7.08512, 1132.08, -618.189
3.82958, 1721.34, -353.171
6.50016, -364.075, -1021.76
5.46389, 322.647, -1446.54
5.0822, 698.373, 1248.93
5.2567, 650.444, 1274.91
3.47225, 997.852, -471.312
5.36152, 257.657, -1479.99
3.81992, 419.932, 801.104
4.41648, -1532.75, 1076.88
2.73626, -1518.07, -1794.75
4.22823, 1173.64, -1346.6
3.61594, 1318.84, -855.438
3.81264, 37.9701, -1458.51
3.05141, -855.762, -809.851
7.40088, -1407.58, 33.1339
5.93794, 1608.47, 1296.41
5.82158, -1095.32, -752.478
5.99501, -1199.64, -1342.2
2.68746, -1665.25, -1529.4
3.6706, -1261.49, -1492.34
3.95397, 1462.2, 1381
3.50543, -57.6273, -498.383
2.7177, 712.059, 682.687
2.56571, -1046.83, 1042.35
6.07297, -1048.44, 1530.29
6.88348, -1738.03, -1244.4
5.35088, -1771.57, 546.092
6.92743, 1723.28, 1714.86
5.20042, -715.271, -557.056
3.31357, 1857.29, -1287.17
3.30492, 1901.52, 883.141
7.19182, 624.929, 569.84
3.45628, 1101.48, -1693.83
3.15761, 7.95845, -195.881
4.41122, -609.866, -16.3422
6.12674, 518.453, -518.236
2.50651, 1083.13, 1743.3
4.60222, 50.1631, 1469.15
5.18984, 600.478, -430.321
4.86596, -475.214, 491.622
6.33003, 1081.11, 1745.55
2.9396, 1113.24, -916.529
7.04284, 276.736, 644.4
3.20818, -1719.43, -803.995
2.54782, 852.435, -97.5549
2.82267, 510.341, 1045.6
4.96742, 761.527, 443.931
5.40914, 1052.6, 1940.88
4.03373, -1888, 1087.78
4.57091, 1791.34, -140.677
4.33401, -1155.57, -1368.99
3.42687, 348.938, 1329.84
2.76788, 1261.7, 372.391
4.47222, 1074.91, -129.604
3.98388, -694.02, -265.573
5.05388, -790.491, 1636.82
3.75392, -1409.17, 457.577
5.01589, 1911.86, 1775.67
2.51168, -10.4112, 1560.43
7.01807, 1977.29, -894.225
2.79181, -1815.91, -1886.45
5.17506, -1358.36, 1614.65
3.95754, -756.622, 1742.5
7.3023, -1605.59, -530.229
4.73406, 644.681, -217.638
5.08479, 1777.72, 337.685
5.93861, -493.194, 73.8868
2.72187, -320.747, 146.795
7.2946, -1590.88, 1209.85
5.70852, 737.987, 311.81
2.80215, 1247.35, -1552.37
3.33964, 104.16, 534.673
5.76491, 975.954, -487.019
6.19864, -1538.36, 671.561
3.57011, 1701, 413.323
4.31441, 309.173, -1729.68
6.56981, -1294.71, 1862.09
5.32057, 1615.72, -940.134
7.45886, -96.1881, -1758.72
6.5669, -1526.54, 786.378
3.49157, -1976.47, -44.6245
2.50003, -287, -1672.58
4.62608, 1860.65, -1528.25
4.07406, 1697.12, 400.975
5.56218, 1211.55, -1858.97
3.83351, -378.122, -1079.74
4.39881, -1188.52, -125.93
5.43397, 1906.56, 601.08
5.95636, -280.898, -1013.07
7.26736, -910.458, -1138.11
4.89785, -586.518, -1897.44
3.60319, 760.947, -1446.25
5.33741, -1439.76, -902.365
6.09873, 849.026, 724.01
4.4953, -990.714, 1105
3.48326, -1375.54, 1966.94
6.66971, -1342.81, -1524.37
5.59561, -899.598, -1728.84
7.26866, -573.182, 368.536
3.23222, -28.3144, -540.272
5.38953, 74.2185, -914.623
7.26796, -775.86, 1425.83
3.62331, 1435.94, -1974.03
7.25137, -990.911, 1591.34
3.07874, 1583.46, -1011.3
2.58372, 61.1444, -507.199
3.90465, -714.996, -331.501
7.15042, 1281, 348.684
3.04796, 1518.34, 1751.68
6.77266, 52.8744, 1642.65
5.68532, -1446.69, -1459.23
5.63853, 809.656, -1417.06
3.80589, 1444.86, 1481.9
5.13936, -1903.29, 427.395
7.16608, -549.114, 1788.42
3.98055, 1839.42, 221.51
4.78006, 316.982, 892.268
6.35659, -1320.2, -1208.82
4.17193, 231.245, 242.289
6.31775, -79.6883, -1863.37
6.65892, -60.9053, 1880.93
2.64618, -1449.34, 1134.05
4.31315, 1425.76, -532.712
4.16221, 560.839, 923.669
3.17675, -1030.24, -588.751
3.00839, -609.614, 1245.37
5.11327, -1215.49, 1619.39
3.52046, 61.3188, -1061.03
5.00728, -1727.17, -1249.25
5.1371, -7.82294, 1923.43
4.13422, -528.617, -585.935
4.75888, 454.411, -881.06
6.85263, -13.3406, 1944.37
4.72884, 1282.02, 1728.27
6.03726, -915.391, -1823.16
6.83171, 1816.1, -1395.91
6.5822, 1723.81, 429.65
2.67504, 1774.99, 1679.01
3.8644, -1299.27, -476.857
5.21858, -842.66, -860.46
3.19942, -1923.27, -1110.02
5.57408, -1551.06, -1866.81
3.29182, -1349.77, -1208.76
4.41129, 200.443, 440.53
5.94997, -189.519, 377.311
3.21128, -785.749, 928.973
5.65284, -1568.4, 1578.01
3.15973, 388.806, 1871.08
7.13583, -1472.98, 490.735
5.53465, -1873.65, 1567.88
5.50388, -1853.13, 761.062
3.33635, 1171.99, -1043.05
3.301, -1737.27, -793.734
5.91628, 1235.82, -55.4755
5.1456, -1414.45, -23.6872
3.65264, -277.645, 1591.97
6.55373, -1006.96, -112.295
5.76477, -837.746, -1116.58
4.08597, -1140.11, -1181.15
2.53953, -521.76, -1624.25
3.49176, 1462.01, 1458.51
3.78831, -12.7149, 761.653
3.03825, 1765.05, 77.1612
3.49545, 256.894, -857.801
6.75079, 1607.55, -1540.71
6.63912, -1943.23, 423.452
6.76813, -1927.96, -1111.9
5.71027, 579.072, 1555.12
3.6787, 1438.98, -1970.81
6.80638, -1005.53, -1609.67
5.4745, 71.3604, -211.679
2.52745, 1009.23, -70.1111
6.84925, -1314.73, -936.806
7.37729, 1295.53, 202.79
5.59653, 752.681, 30.792
3.85574, -1868.52, 762.071
7.46973, -324.55, -1256.7
4.60751, -1438.05, -1052.31
4.20537, -1585.67, -1227.51
4.80717, 747.156, -260.715
4.44822, 524.51, -763.733
4.613, -93.6436, 1029.11
2.84879, 260.902, 580.589
5.5153, -111.397, -274.295
7.36114, -99.603, 456.592
5.07406, -1394.76, -1062.63
7.45461, 1899.64, -274.267
5.84906, 1241.78, -268.285
4.01716, -1209.65, 138.166
3.47371, 1739.33, 1147.33
4.0109, -1424.9, -1863.01
4.93946, -672.11, 919.843
4.72438, 1065.32, 1973.25
5.7844, 643.327, -1870.34
3.74227, -1549.82, -1340.81
4.72007, 108.587, 1108.43
5.75894, -1384.88, 95.5154
6.67472, -1431.86, 383.715
6.03698, 384.722, 1621.51
4.93928, -1734.05, -1220.68
6.72039, 796.726, -472.049
7.00296, -1026.85, -389.589
6.33082, -1306.37, -1044.71
5.29453, 1262.67, 1704.83
2.70603, -9.22234, 142.274
5.46749, 1124.93, 133.576
2.68674, -1344.23, 1630.13
4.53488, 57.0121, 873.787
2.84243, -1942.68, -1759.05
7.38558, -1543.23, -1765.22
2.5956, -1026.93, -473.931
6.60363, -309.673, -529.255
5.2195, -779.771, 1730.8
5.72828, 1576.41, -666.198
3.62934, -520.068, 87.0792
2.733, 1667.37, -1400.57
3.63154, 419.479, -1104.29
4.58371, -1267.33, 268.806
6.40126, 529.218, -1258.49
3.72852, -1845.18, 741.393
4.81411, 1304.16, 189.605
6.14756, 1855.06, 579.818
5.35237, -662.441, 1625.83
5.45997, 1867.71, 1827.22
4.98425, -1871.6, 559.424
3.951, 953.276, 236.098
4.71107, -23.2316, -469.915
2.53669, 1703.11, -794.247
7.41683, 997.363, -718.005
2.52822, -1607.39, -316.777
4.8676, -234.682, 1494.36
5.86497, -623.621, -245.733
