6.27803, -1470.81, -1978.67
3.5948, 116.023, -191.813
5.89648, 723.638, -1802.58
5.09708, -486.493, 1768.02
2.76731, -1872.82, 1305.35
2.53849, 695.095, 92.0653
4.58743, -1702.95, -463.819
7.15218, 357.942, 756.449
2.95982, 99.0631, 1383.7
6.00595, -318.413, 636.835
3.81226, 1061.85, 1628.11
4.14117, 942.782, -1798.07
7.45519, 1018.31, 515.819
7.41275, -995.818, -521.024
5.75759, 1004.62, 884.198
6.92354, 523.737, -1696.23
6.33247, -240.573, -900.451
3.87453, -1013.24, -109.287
4.93259, -1356.42, -586.666
2.80282, 1644.62, 1564.86
5.08146, 12.4633, 1600.53
4.96988, 1929.62, -727.34
7.23882, -1624.4, -938.766
4.42071, -22.6657, -1686.33
5.14874, 1643.01, -901.803
2.75042, 1733.93, -111.332
6.63909, 1091.13, 1082.86
5.94228, -1912.15, -1488
6.18112, 517.609, 1468.15
6.94286, 1961.06, 899.215
4.25508, -752.951, -1072.3
6.72991, 365.309, 51.3913
3.84659, 1323.77, -324.125
4.83959, 139.295, -355.936
3.2686, -1300.08, -880.939
2.66527, 1234.2, 281.837
7.2768, -21.1117, 156.589
6.95369, 221.453, 984.224
3.29884, 1352.83, 491.583
3.15214, 856.617, -1142.54
2.515, -906.11, -1629.6
6.0491, -1879.94, -350.814
3.40448, -1007.15, 1724.53
5.76029, 1542.51, -718.59
4.42907, 734.986, -1395.83
3.23766, -19.9955, -469.315
5.45054, 1351.37, 341.751
3.24076, 260.173, 1818.52
3.2091, -361.388, 1920
4.94257, -981.965, 251.466
3.13015, 1782.16, -131.437
5.64635, -712.257, -1189.37
5.60817, 598.571, -1480.11
4.88216, -993.489, 1198.75
2.64188, -1123.42, -468.236
3.21011, -266.499, 1608.78
3.15594, -364.01, 1774.32
3.31099, -1655, 1509.16
3.76529, -534.789, -1698.15
4.77654, 1165.46, -1486.45
6.54472, -187.499, -598.111
3.57624, 603.539, 1709.89
3.75063, 1633.79, 732.952
5.02978, -117.32, 1439.14
6.27922, 1265.33, 344.613
5.66369, 1814.89, -134.298
5.9449, 1244.58, -275.417
7.27207, 1933.02, 825.438
5.18713, -832.11, 1442.49
4.57014, -1562.84, 67.7726
4.70019, 1500.86, 315.393
6.07821, 1468.94, 915.817
6.20858, 811.385, 1190.51
5.12494, 1538.97, -1915.4
6.06711, -1725.44, -149.92
5.91025, 666.049, -42.6558
6.82941, 1661.29, -1194.82
3.19597, 166.066, 1543.26
3.57766, 1930.94, -204.672
5.0733, -723.228, -228.675
4.83766, -224.189, 1482.09
3.55759, -529.984, 1220.3
5.65244, -1385.42, 1945.8
2.5044, -1923.7, 403.708
4.09589, 902.525, 1084.94
5.90281, 725.83, -293.371
6.0446, 1337.7, -1170.87
2.90869, -1613.49, 1305.68
3.56926, 519.997, 1049.51
4.44412, -1663.69, -1140.41
4.44927, 1811.41, 1805.87
3.92018, 762.68, -921.157
4.6123, 1124.45, 1097.36
2.55658, -1221.38, -874.53
3.72027, 1867.34, -1238.66
4.49072, -1430.16, 1311.66
6.64177, -1297.6, 401.583
3.78584, 1942.34, -1380.66
3.59705, -1601.99, -1079.18
6.47385, 776.617, 536.333
5.8476, 1000.28, 781.963
5.49108, -1775.82, 571.009
5.99917, -731.232, -1078.41
5.13062, 1056.69, -1516.67
4.14833, 359.293, 202.399
3.30844, -1430.77, 800.57
6.56633, 1432.57, -54.7278
4.08004, 965.961, 228.063
4.05369, 103.134, -1472.32
4.65424, 66.1255, 321.063
4.46509, -503.509, -960.557
4.43916, -106.144, -260.613
4.34871, -1666.71, -889.934
5.88118, 685.333, -989.753
6.10384, 898.764, 56.7283
7.20082, -138.836, 1782.49
5.08573, -159.53, -716.767
5.5282, -383.968, 646.629
5.85049, -1382.41, 1970.11
5.11404, 157.312, -611.541
3.87105, -1896.58, 1285.41
7.08924, 193.273, 568.821
3.73367, 1859.65, -918.192
4.77876, 763.202, 1359.77
3.30374, -1894.52, 1268.62
4.68319, 822.301, 810.359
7.45767, 984.134, 355.451
6.26931, -875.116, 781.069
4.97846, -1961.54, -1307.18
7.01651, -1306.6, -1667.22
4.68213, 983.624, 1116.46
5.09239, 334.523, -1956.21
4.44866, 176.763, -1714.52
5.63431, -438.724, -1135.88
5.19331, 823.888, 636.602
4.35955, 1266.23, -874.936
2.54674, -747.993, 736.606
6.3794, 80.5065, -1570.29
2.85317, -1770.27, -1125.58
3.98511, 885.58, -1359.68
4.78581, -79.0527, -1782.91
3.25156, -207.445, 76.8185
5.97819, 1345.06, -867.602
4.15587, 728.602, 306.297
5.21197, 1935.76, -1754.32
2.64678, 1451.78, -1923.3
5.38086, -46.2631, -470.609
5.18133, 732.188, 944.914
7.36678, -1523.91, -1845.21
5.57063, -598.092, -1231.12
5.26431, -1484.78, 407.779
6.69051, -528.77, 1807.51
3.75764, -999.492, 1848.89
6.98957, 1256.74, -261.492
5.97428, 1007.85, -993.002
5.82752, -946.922, -189.102
3.06838, -1155.14, -1552.32
3.37987, -1951.14, 191.431
2.91253, -272.771, 383.277
6.68103, -489.073, 736.882
2.64818, 1896.73, -1565.78
6.34719, -12.8793, -1683.01
4.29829, -1021.02, 1733.28
6.24626, 13.2166, 1060.18
6.28385, 730.577, 676.662
3.60834, -1073.34, -1837.54
5.58305, 609.855, 261.181
3.66846, -1099.07, -497.499
6.22052, -1341.53, 602.067
5.80997, -1814.06, -1371.29
4.9209, 1834.69, -1492.97
2.58972, 1656.79, 469.725
4.98291, 895.193, 401.093
5.09587, -210.573, -1762.77
4.71395, -1731.72, 1067.26
4.14528, -116.518, 1887.22
3.52671, 966.739, -212.555
7.19863, -482.867, -1291.56
2.85168, -977.169, 1864.78
3.30042, 102.298, -1476.44
6.70788, -1567.29, 59.1265
4.13614, -332.179, -554.879
6.85942, 333.858, 856.279
5.99896, 1338.8, 1030.68
5.52801, 1735.25, -437.106
4.77536, 163.187, -503.576
2.91543, -1008.64, -379.61
3.94883, -116.914, -264.282
6.51009, -1151.9, -1564.99
6.81821, 682.176, 109.484
3.81831, 838.873, -1018.96
4.79881, -1668.48, -474.476
4.95672, 1228.6, -1057.19
5.82344, -933.485, -1969.06
7.31738, -1256.62, -327.328
7.23022, 1143.62, -1487.56
2.81902, 426.024, -1310.51
5.04829, -858.673, -596.482
6.13222, 1333.04, 1337.7
5.65882, 1193.66, -673.599
3.26658, -1826.4, -1816.02
5.09652, -1734, 1063.88
3.52281, -1107.62, 1701.94
6.03231, 801.643, -1639.63
6.05786, -943.617, -42.0771
3.66304, -1118.7, -484.122
6.80594, -102.648, -249.104
2.67122, -215.323, 1891.2
6.26587, -1873.16, 121.195
4.14789, 1275.79, 327.855
4.65309, 138.519, -1062.28
7.33455, 1921.51, -389.85
4.05803, 1457.92, 1383.59
5.69762, 1957.05, -1394.82
5.95386, 1751.33, -121.195
5.36403, 148.55, 1252.36
6.60667, 1788.11, -1373.85
4.21807, -1789.6, -1348.67
5.09387, -1631.43, -1539.59
6.78438, 243.67, -1892.85
6.18587, 667.65, 96.7054
3.45992, -1838.28, 757.595
2.83145, -615.945, 677.188
3.60828, 1693.67, -1433.32
3.33656, 336.963, -458.297
6.31172, 758.928, -1847.92
5.44905, -1682.27, 840.992
4.65223, 1728.06, 1724.12
7.09618, 1316.05, 24.7004
5.09668, 887.127, 367.658
7.38058, -1361.34, -48.9017
5.15714, -904.862, 290.035
2.98716, 668.841, 775.208
5.83983, 427.792, 199.98
5.44444, 279.036, -54.1938
5.01137, -1391.45, -253.497
2.75808, -1854.81, 912.409
2.6753, -700.232, 74.7733
4.41484, -1579.98, -1044.9
5.55555, 368.741, 200.384
5.06574, 1094.95, 1725.11
5.98498, 611.112, -51.9746
4.89891, -47.2465, -372.783
3.88323, 136.063, 846.142
6.01685, -876.946, 414.639
3.67701, 1746.21, 108.54
6.41501, 350.119, -365.006
6.60589, 715.831, 1665.23
3.21842, -1061.19, 103.226
5.75757, -972.273, 1621.94
3.87677, 1734.28, -1962.47
7.26215, -833.989, 1437.34
4.58238, -1498.02, 29.1239
3.03869, -252.545, 802.66
4.70633, -1591.82, 1061.42
6.28811, -843.57, -598.366
2.77803, -677.586, -632.903
3.51241, -52.3995, 285.956
6.82305, 1873.28, -1534.92
6.52456, -531.091, -10.1054
2.78861, -1355.1, -1339.95
4.40304, -130.534, -1403.88
4.56124, -279.355, 1524.03
2.80071, -758.792, 604.85
7.09746, 1599.38, 1284.9
3.35398, 1069.06, 1615.39
6.51634, -1857.13, 337.761
3.88599, 1459.3, 99.5728
4.44586, 343.157, 1475.05
7.19936, 111.371, 1246.9
6.24573, 327.508, -342.285
3.44774, -653.026, 1515.66
6.89581, 868.087, 967.519
6.8953, 829.658, -1691.75
3.30515, -1620.95, -520.435
5.87346, -1602.97, -329.575
6.89096, 1258.57, 256.363
6.98262, 486.424, 1047.36
3.06535, -45.8061, 1504.22
5.93789, -480.98, -516.616
3.21651, -1631.39, -1549.25
3.6901, 822.938, -89.2059
5.64383, 1882.4, -437.119
4.312, 1634.27, 727.094
4.64437, 1176.26, 1434.22
4.91936, -17.9867, -1679.57
6.20379, -9.36752, -222.818
3.23098, -748.361, 1737.33
7.36238, -1667.11, -1529.99
7.3158, -1014.62, -372.222
3.14741, -1196.73, 1325.46
5.3784, -631.582, -1212.81
4.66439, 338.748, -253.761
5.50066, -460.204, -496.101
5.85098, -1386.03, -227.964
4.5137, 793.911, 1968.73
6.46691, 1282.79, 1380.81
4.89889, -1942.94, -499.494
5.72449, 605.835, 550.55
4.28836, -495.807, 1201.61
5.96794, -658.637, -440.876
5.83428, -833.04, -1389.84
3.22071, -788.211, 1425.71
7.10415, -1955.57, 439.38
4.22228, 61.4348, -472.022
6.66824, -824.641, -936.018
2.74349, 545.146, -1486.73
3.27936, -509.912, -126.521
2.55765, 660.971, 1011.49
3.94327, 239.892, 1175.29
5.07295, -688.02, -346.635
3.65948, 1362.12, 873.972
2.75022, -484.511, -158.291
5.33091, -1192.76, -1679.34
6.69774, -300.04, 1343.46
4.28763, -1285.9, -856.624
4.3452, 330.803, 1736.52
7.22226, 513.877, -145.505
4.72425, -1817.45, -352.531
6.82086, 985.527, 349.892
5.82654, -1574.07, -1468.38
5.79297, 338.48, 1328.14
7.10736, -1914.91, 1918.65
5.11536, 1915.43, -1242.33
5.45229, 877.656, -883.347
5.79944, 1335.88, 1307.66
4.24765, 544.078, 932.473
4.11714, 688.935, 96.8426
7.08984, -207.365, 1469.09
3.08619, 1809.48, -889.615
7.31268, 1334.16, -331.542
5.17978, 111.066, -652.289
5.81447, 1695.36, 1265.03
5.48362, 1803.4, -1015.36
6.93363, -1012.8, -1485.68
6.67999, -1305.79, -1218.5
6.69339, 494.262, 403.098
6.85642, -419.233, 672.054
2.5002, -1539.49, 679.374
4.77274, 520.321, 696.655
4.25696, -1856.62, 333.857
5.80713, -514.634, 1414.03
6.22234, -1759.53, 306.42
3.3821, -258.062, -927.63
7.4621, 1589.18, -1616.43
5.95466, -1855.57, 324.91
6.97862, 289.702, -23.4349
3.51579, 731.307, -284.147
7.2356, -921.268, -71.1139
4.88476, 1763.43, -1017.15
6.78578, 1830.99, -1495.63
6.41237, -1954.53, -1096.73
5.70687, 1808.81, -1816.5
3.14521, -1444.1, 300.901
5.77944, 10.0383, 1302.02
3.09199, 107.116, 16.2574
3.88793, 663.952, 1601.82
6.65548, -455.295, -453.578
6.14153, -1500.19, -1024.92
6.74348, -1197.04, 590.55
3.43989, -1523.58, -1850.22
6.09602, 1112.79, -562.378
4.25586, 312.172, 662.925
3.34555, -834.008, -1398.54
4.52383, 656.292, -1071.09
4.20924, 319.75, 1534.44
6.67141, 760.148, -253.789
3.9111, 1395.59, 1169
5.16766, -1355.95, -964.662
6.25085, 1974.66, -1702.48
4.62554, -1371.79, -1513.24
4.66964, -1126.55, 1099.26
3.03022, 1712.28, -1859.29
6.4639, -91.8917, -929.72
3.91232, -1151.56, -961.683
7.14264, -1180.98, -468.188
5.37926, 508.642, 1021.27
3.4895, 1656.61, -590.332
5.99081, 1146.78, -1478.21
3.07265, 988.467, -1905.04
4.22945, 599.393, 1564.7
4.15646, -1166.01, -476.042
6.42735, 1655.59, -1915.41
6.65775, 917.87, -424.603
4.21712, -1476.35, 1507.76
4.2603, -555.368, 1804.77
6.38197, 303.045, -1622.95
6.58658, -22.4023, 1374.59
4.26157, -264.993, 565.363
7.09559, -822.8, -606.819
3.2877, 996.571, 514.206
5.56029, -978.112, 1140.89
5.54222, -788.302, 1426.33
3.16647, -501.092, -1482.86
3.51409, -1483.26, -961.3
4.79457, -1709.49, 1003.59
3.48759, -1041.2, 1863.37
6.77118, -1696.24, 758.871
6.54562, -1519.9, -1376.66
2.80131, -1805.49, 1763.65
6.50584, -1443.26, 1285.85
5.49597, -395.777, -1084.09
7.43182, -1775.82, 601.628
2.65919, -325.276, 1278.84
6.8356, 1872.24, -1528.98
3.69109, 1328.12, 688.448
3.6127, 321.742, 856.407
4.73907, -1935.26, -1107.87
2.61231, 1720.37, -351.8
6.79755, -520.715, 6.0554
4.15902, 435.432, 1165.58
5.72195, 606.473, 512.678
7.43521, -1881.08, -970.041
5.30162, 569.057, -1164.6
4.74553, -1514.17, -492.845
5.213, 320.946, -1445.31
2.90797, 1546.41, -65.9195
3.99606, -1627.26, -561.035
6.63964, 1632.08, 1340.31
6.48936, 1247.15, 1861.47
5.71048, -208.973, 1360.19
4.84105, 1258.26, 767.234
7.15326, -402.375, -1209.53
5.08798, -486.111, -133.699
7.42924, 1592.02, -1059.57
5.94567, -152.979, -1435.11
6.19966, -356.531, -921.6
3.46323, -786.671, -1858.32
6.08881, -915.79, 1234.77
6.11146, 1139.74, -355.503
6.49298, 535.499, 306.314
4.23216, 509.573, -1982.82
5.1481, -32.7071, -132.291
3.19001, 1432.78, -713.393
6.73218, -447.633, -442.53
6.32766, -160.19, -1758.93
7.5, 1848.59, -850.891
4.24891, 962.707, 1964.77
5.50367, -1198.15, 1172.56
3.50808, -990.585, 163.206
6.2385, 63.6099, 316.088
6.49225, 1940.24, 433.395
3.03505, -1409.32, 217.468
5.35813, -1013.86, 93.7573
2.84683, 730.744, -694.412
4.16036, 1467.7, 1381.54
5.80945, 968.16, -1411.77
5.27726, 340.876, -366.197
7.12415, 457.563, -23.1679
2.69832, -965.802, 447.926
2.62083, -617.367, 474.835
4.61923, 444.783, -1308.21
4.36987, 922.763, 268.051
2.93303, -452.632, -465.654
3.05403, -316.242, 338.189
5.31992, 725.223, -683.196
7.37269, 112.854, 1478.24
3.05066, -86.5377, -1785.5
5.99352, 198.231, 1949.71
2.79674, -102.446, -1473.6
4.69755, 1668.89, -210.154
5.24651, 1975.37, 1428.13
3.45129, 1377.58, -1495.61
7.36597, 634.409, 648.467
3.19593, -1363.5, -110.65
5.48978, 1854.73, -857.846
7.12812, -1740.43, 1407.16
3.91116, -159.684, 1764.75
6.8307, -295.583, -175.404
6.29598, -443.504, -1192.97
6.10793, 714.356, 1241.38
3.34241, -735.047, 728.697
3.32882, 1647.46, 737.469
3.39076, -1294.86, -1968.6
5.87226, 666.354, -1197.28
4.83484, -695.048, 67.6249
6.85219, -1614.95, -715.484
5.76023, -1385.85, -235.363
5.80464, 1507.95, 1746.03
2.58037, -1325.21, -1238.07
4.30596, -1547.37, -1333.55
3.72747, 1838.95, 214.265
6.93086, -1863.74, -1890.79
5.23701, 1642.36, 1556.49
6.57209, -58.5703, -1276.39
5.24453, 350.76, 1725.39
4.16156, 1011.19, -107.548
4.40213, 41.8794, -1307.87
2.52389, 1853.95, 1302.4
6.95226, -179.587, -795.136
6.16955, -986.762, 1366.81
6.04239, -307.613, 1311.29
5.1278, 125.418, -366.106
6.41065, -376.893, -1621.92
3.42484, -779.316, -940.809
5.72673, 507.291, 1032.42
3.42178, -1368.83, -674.94
3.31214, 117.071, -180.245
2.65594, -364.116, 1696.07
7.42716, 262.022, -1332.66
4.04559, -658.707, -1424.73
4.11075, -1332.05, -598.45
5.51155, 565.204, -467.984
2.89107, -657.585, -1837.11
3.93936, -33.8084, 174.514
5.79307, -260.519, -978.069
7.36348, -1970.27, -699.382
7.27758, -725.983, -1583.44
7.42745, -1333.56, -602.229
7.30478, -1816.67, -1510.28
3.0073, -1115.42, 1123.57
3.71505, -254.57, -985.658
6.91151, 201.329, -859.866
5.28805, 679.578, 1390.13
6.7669, 1600.61, 1033.71
7.49145, -1072.15, 1057.96
3.99751, -489.265, -953.279
6.33157, 1925.04, 958.367
4.81901, 573.956, -291.999
6.8168, -1272.97, -1576.98
6.99018, 1714.96, 1.18649
7.377, 514.175, -827.921
2.77405, 1290.36, 210.805
6.32605, 1863.51, -1235.48
5.09219, -1859.42, 1476.9
3.46574, 1835.49, -457.057
6.98252, 402.419, -1090.21
6.38492, -1683.13, 190.304
2.75968, 827.516, 1078.39
7.47331, -1695.17, 1523.27
5.93659, -18.7714, -913.331
5.94854, 1770.55, 993.048
6.57666, -1312.48, 1619.9
7.05426, -75.8985, -886.409
3.34218, -402.785, 798.076
5.24183, -1162.55, 1603.74
6.53351, -989.042, -514.153
4.17803, 669.35, -1090.62
5.53435, -215.475, 49.203
6.59602, -1886.69, 667.71
7.3485, 160.121, -499.866
6.29349, 1160.57, 988.872
3.72113, -343.577, -182.276
5.80589, -1143.6, 801.828
4.21574, -901.082, -377.466
7.27146, 748.041, -788.765
2.60828, 1602.56, 1108.34
4.54979, -1780.82, 1885.14
2.55789, 1165.11, -1341.36
3.04964, 1667.07, 398.908
5.28259, -1663.17, 194.579
4.45466, -15.5618, -455.593
7.20539, 234.502, -365.777
2.55572, 358.757, 772.21
6.22897, -436.862, -877.784
3.84293, 213.763, 245.24
4.27153, -1343, -1505.7
3.45835, -899.815, 1251.12
5.14832, 588.845, -332.639
4.39478, -107.534, -1717.56
3.16407, -21.5323, -1609.08
4.26563, -261.04, -1119.06
4.2497, 1565.48, 1961.81
7.41084, 1241.38, -261.687
5.25961, 301.086, -736.472
4.99918, 30.4219, -1434.45
3.58531, -1668.2, 903.014
4.37311, -493.285, -1294.3
6.78251, -1314.69, -927.777
6.45578, 1586.87, -1044.4
3.9204, -984.838, 1848.27
5.07645, 873.123, 207.234
6.79238, -573.602, -38.0255
7.07844, -1873.45, -350.088
7.48941, 264.769, 1819.15
6.53177, 348.712, -373.875
5.22718, -1790.27, -361.677
7.3461, 308.052, -1456.89
5.31931, -1168.52, 725.233
4.03031, -841.865, 1310.7
5.41853, 1916.79, 1891.29
2.91197, 93.1007, -654.537
5.47382, 705.888, 1220.47
3.31968, -1194.19, -1182.57
6.46527, -1235.59, -869.903
2.95373, 1162.15, 1464.56
6.3072, -1007.69, -1358.64
6.83996, -461.798, 55.4931
6.40105, 375.567, -668.221
6.61399, 1816.81, 1922.75
6.70974, 743.493, 1102.68
4.48328, 1025.81, 516.222
6.508, -316.93, 337.402
6.56811, 757.176, -86.3987
5.43493, -817.039, 199.364
4.64621, 1585.36, -93.9995
2.5002, -105.911, -927.391
5.31153, -1625.63, 636.318
6.22632, 677.705, 694.545
3.89846, 1925.59, 574.598
2.93406, -1959.84, 1127.66
3.5733, 1706.67, -1757.27
3.93296, -963.191, 1132.63
4.86595, -803.693, 943.796
6.95893, 1686.63, 1639.26
5.91955, 1037.16, -1012.11
3.54376, -92.1011, -143.329
6.67533, 1582.03, 19.8879
7.09218, 1830.83, 1821.83
4.48244, -953.641, -1395.32
6.37858, 1079.78, 1046.6
5.68161, -312.044, -177.509
6.64746, 964.903, 571.034
3.40204, 1103.09, -939.235
7.45927, 1152.42, -1504.96
6.70558, -310.807, -1687.82
4.65177, 1770.31, 526.826
4.38589, 1191.76, 1769.5
2.70802, 1300.81, -1007.81
6.80715, -1590.14, -1046.38
6.62116, 1831.39, -1790.18
6.25052, 28.469, 1460.05
3.55801, -331.106, 1970.5
4.31029, -1562.17, -382.394
4.43545, -1176.35, -1587.57
7.32918, 1585.96, 1258.86
6.5872, -323.675, 1281.28
4.5755, -161.411, 895.443
5.83759, 402.907, 357.737
2.52101, 949.145, 1957.33
6.98048, -1478.18, 500.24
3.68416, -688.135, 708.401
3.79415, 704.094, -175.053
5.4939, 807.469, -1414.23
6.89823, -1670.14, 731.299
6.16299, -1115.6, -1171.4
6.0773, 1811.14, 1138.51
3.57724, -1210.47, 962.746
6.30413, 1359.06, -1910.42
3.85351, -326.925, -1107.7
2.75246, 1324.89, 670.042
4.78866, 546.659, 492.489
2.58759, 890.604, -1548.05
3.01129, 139.46, -358.142
2.639, -267.667, 574.362
5.65921, -686.2, -1035.34
6.34425, 162.902, -503.74
2.74132, 1052.51, -1673.13
6.6924, -106.783, -1261.32
6.76899, -524.811, -624.97
6.57649, -901.481, 1151.96
6.85188, 1586.46, 805.433
5.27222, -1253.72, -315.043
6.12646, -579.979, 105.844
3.20424, -1040.32, 1834.81
6.6115, 1182.94, -1051.35
5.51185, 1457, -391.429
4.93856, 1010.69, -1831.32
6.14942, -570.949, 1883.77
4.05164, 1514.26, -1334.75
3.93925, -1399.4, 701.904
5.45857, -1892.23, 1605.78
5.34055, 1297.63, 1750.51
5.41059, -1867.29, -1143.19
2.84132, -1375.76, 566.398
4.34304, 302.038, -784.58
6.28475, -1854.86, -1148.41
6.35297, -895.195, -1742.46
4.27217, -787.24, -509.593
5.98913, 477.344, 1854.5
5.08005, -1341.03, -570.956
5.94494, 773.891, 270.326
6.18066, -163.441, 1233.9
2.56231, -682.748, -1343.25
7.16549, 1224.53, -261.441
5.37826, 261.643, 249.395
3.05587, 936.995, 1946.24
4.87388, -192.774, 79.6876
3.24247, 405.972, 210.906
4.22594, 101.9, 890.745
7.04476, -1860.05, 349.246
4.54571, 24.7662, 1044.34
5.96642, -1348.48, -132.424
3.35865, 757.602, -1881.64
6.21715, 1764.36, -992.698
4.16319, -852.533, 1293.09
4.62157, 1322.38, 625.979
2.79523, -276.793, -216.252
5.09005, 572.678, -459.596
5.94425, 942.92, -1158.37
5.01149, -516.1, 16.4523
6.56617, -340.172, -1496.58
3.07974, 167.582, -1866.51
5.24841, 567.601, 921.67
5.06046, 810.834, 41.2919
6.02649, 1929.25, 882.113
5.65083, -472.361, 1752.18
4.0207, -55.4401, -1300.38
6.74719, 798.741, 733.904
3.39619, 1216.68, -48.0491
2.61737, -1053.51, -199.907
4.19467, 1450.87, 96.1717
3.43818, 712.666, -197.552
6.60467, -582.904, 345.474
6.72507, -1790.05, -332.992
6.78031, 1692.08, -1432.14
7.37454, -1906.71, 1294.91
2.99587, 929.645, -894.175
2.56182, 1129.71, 1307.17
2.58614, 431.954, 1168.9
2.64527, 496.431, 194.311
4.1031, 291.76, -772.637
6.17815, 1250.31, 601.734
3.14876, 705.204, 952.541
2.5161, -738.357, 1008.51
6.91905, 280.01, -1578.45
3.70482, 457.492, -1138.71
4.38481, -1630.16, 1531.53
4.44879, 1242.37, 362.919
2.81534, 1193.96, 586.759
7.30792, 367.613, 1896.6
3.75349, 1449.21, -681.756
6.85376, -1360.65, -154.166
2.85991, -1828.45, 841.915
2.70653, -1238.95, 1131.22
3.46378, 711.027, -1043.82
3.86708, -617.35, 606.005
7.4007, -1899.57, -729.056
3.60607, 646.807, -1066.3
6.43119, -1747.95, 1705.32
4.42306, 594.215, -840.085
3.78593, 953.733, -1270.67
3.91087, -1866.19, 110.588
7.33834, 1731.84, -79.9414
4.22841, 1520.89, 334.345
3.45922, -1953.84, 1471.81
5.05037, -1095.17, -754.244
5.21857, -1109.76, 1261.93
5.72333, -1310.79, -1221.1
3.89738, -17.181, 1585.95
3.41887, -594.058, -1429.44
2.71579, -1664.22, 770.052
3.98408, -1009.02, -534.201
4.25548, -462.266, 278.424
7.09372, -856.555, 1407.6
5.81225, 995.51, -717.103
5.08041, 1730.03, 1161.04
4.03763, 1221.89, 1166.98
3.0007, -699.422, 306.88
3.47502, 756.45, -1758.94
4.11407, 61.2094, -255.869
5.56182, 1912.35, 174.64
5.13511, 1914.99, -1959.23
3.45653, 527.381, 562.574
4.7178, -1267.08, -855.247
4.48693, -1408.77, 1696.87
6.28051, -1208.85, 1489.33
6.6213, 1470.04, 1205.15
5.51573, 285.205, -694.287
3.04573, 1212.89, -1646.6
4.11797, 968.843, -330.38
5.03403, 20.496, 633.796
4.76521, -1300.22, 1612.61
4.77315, -360.277, -892.697
4.91125, 1857.85, 1835.37
5.07896, 735.994, -1301.07
4.50207, 405.178, 1646.41
4.22945, 1950.73, 963.615
6.64533, 1863.46, -475.945
3.02204, -1456.34, -1585.19
6.40057, 1161.07, 1124.67
3.19919, -593.647, -476.902
2.62171, -1574.86, -1045.03
6.0664, 810.306, -1494.82
7.15538, 289.481, -1655.16
7.47667, 379.592, 347.628
3.86264, -1744.07, 305.149
3.6923, -957.576, -514.775
3.87328, 1913.1, 1236.21
5.70836, -1809.07, -1459.15
5.17637, 617.661, 301.422
6.8967, 1648.37, -587.441
6.75968, -1341.83, -1658.71
2.98004, 1796.08, -89.0514
4.66818, -1481.93, 435.027
3.17045, -403.602, -1506.96
5.86802, -345.424, 612.791
5.34964, -103.305, -942.3
3.66474, -1227.96, 1148.32
5.50306, 529.844, -1370.99
2.6551, -1595.44, -52.5764
7.08512, 1131.69, -617.729
3.82958, 1722.08, -355.626
6.50016, -363.694, -1021.97
5.46389, 318.867, -1449.64
5.0822, 698.258, 1247.32
5.2567, 651.263, 1273.97
3.47225, 996.539, -471.732
5.36152, 258.717, -1479.48
3.81992, 419.378, 800.79
4.41648, -1532.91, 1076.7
2.73626, -1518.73, -1794.7
4.22823, 1173.35, -1346.79
3.61594, 1317.52, -855.11
3.81264, 38.1779, -1457.19
3.05141, -855.449, -810.232
7.40088, -1407.3, 32.6236
5.93794, 1609.85, 1297.11
5.82158, -1095.05, -755.109
5.99501, -1199.33, -1341.95
2.68746, -1662.93, -1528.03
3.6706, -1261.75, -1492.42
3.95397, 1464.59, 1378.42
3.50543, -55.9831, -496.712
2.7177, 710.017, 682.834
2.56571, -1046.86, 1043.08
6.07297, -1047.98, 1530.25
6.88348, -1736.92, -1243.41
5.35088, -1771.53, 547.272
6.92743, 1722.26, 1712.95
5.20042, -715.427, -556.844
3.31357, 1857.13, -1286.52
3.30492, 1900.8, 883.164
7.19182, 623.845, 569.29
3.45628, 1101, -1693.05
3.15761, 8.27936, -196.055
4.41122, -608.334, -16.7506
6.12674, 518.659, -517.385
2.50651, 1084.86, 1742.92
4.60222, 49.5939, 1468.52
5.18984, 599.343, -430.591
4.86596, -475.053, 491.423
6.33003, 1080.98, 1744.5
2.9396, 1113.08, -916.132
7.04284, 277.405, 644.216
3.20818, -1717.98, -804.535
2.54782, 850.976, -97.1271
2.82267, 511.275, 1044.02
4.96742, 761.381, 443.867
5.40914, 1052.18, 1940.06
4.03373, -1887.36, 1087.65
4.57091, 1789, -140.002
4.33401, -1156.04, -1368.37
3.42687, 346.45, 1329.17
2.76788, 1261.79, 373.342
4.47222, 1074.36, -129.507
3.98388, -693.913, -265.641
5.05388, -790.342, 1636.51
3.75392, -1409.86, 457.368
5.01589, 1910.61, 1776.07
2.51168, -9.67564, 1559.47
7.01807, 1976.18, -894.081
2.79181, -1816.23, -1885.78
5.17506, -1356.85, 1615.13
3.95754, -757.019, 1740.13
7.3023, -1605.1, -530.149
4.73406, 645.062, -217.582
5.08479, 1776.92, 337.848
5.93861, -492.341, 75.0472
2.72187, -320.71, 146.441
7.2946, -1590.51, 1209.59
5.70852, 737.091, 310.837
2.80215, 1246.46, -1551.72
3.33964, 104.625, 534.563
5.76491, 976.122, -486.146
6.19864, -1538.26, 670.671
3.57011, 1699.53, 413.488
4.31441, 308.809, -1728.38
6.56981, -1294.61, 1861.6
5.32057, 1615.76, -940.027
7.45886, -96.6314, -1756.92
6.5669, -1526.49, 785.798
3.49157, -1975.7, -44.5298
2.50003, -286.01, -1671.44
4.62608, 1860.26, -1525.5
4.07406, 1698.55, 401.962
5.56218, 1211.4, -1858.4
3.83351, -378.059, -1079.33
4.39881, -1188.42, -126.166
5.43397, 1905.33, 600.857
5.95636, -280.663, -1011.75
7.26736, -909.911, -1137.74
4.89785, -586.571, -1896.65
3.60319, 761.614, -1445.22
5.33741, -1439.1, -902.915
6.09873, 847.824, 723.727
4.4953, -990.522, 1105.06
3.48326, -1374.41, 1968.68
6.66971, -1342.48, -1524.28
5.59561, -899.886, -1727.58
7.26866, -572.519, 369.31
3.23222, -28.2771, -538.884
5.38953, 73.7531, -914.276
7.26796, -774.794, 1426.53
3.62331, 1434.26, -1973.86
7.25137, -990.943, 1590.7
3.07874, 1583.82, -1010.85
2.58372, 61.2503, -505.945
3.90465, -714.612, -331.336
7.15042, 1279.33, 349.053
3.04796, 1520.16, 1752
6.77266, 52.3331, 1641.46
5.68532, -1446.26, -1458.89
5.63853, 810.595, -1419.14
3.80589, 1444.74, 1480.89
5.13936, -1903.62, 426.499
7.16608, -547.367, 1787.39
3.98055, 1838.5, 223.445
4.78006, 317.425, 890.678
6.35659, -1320.74, -1208.03
4.17193, 233.183, 241.712
6.31775, -79.7369, -1861.7
6.65892, -60.957, 1880.6
2.64618, -1449.28, 1133.87
4.31315, 1425.42, -532.543
4.16221, 558.11, 923.774
3.17675, -1029.68, -587.329
3.00839, -609.368, 1245.24
5.11327, -1215.18, 1618.65
3.52046, 61.3236, -1060.52
5.00728, -1727.58, -1247.8
5.1371, -8.85947, 1923.85
4.13422, -527.997, -586.048
4.75888, 454.561, -880.435
6.85263, -13.1734, 1942.24
4.72884, 1281.41, 1728.14
6.03726, -915.229, -1822.07
6.83171, 1815.04, -1395.65
6.5822, 1722.44, 428.641
2.67504, 1773.84, 1679.29
3.8644, -1298.69, -477.122
5.21858, -842.464, -860.373
3.19942, -1918.23, -1111.32
5.57408, -1550.09, -1865.47
3.29182, -1346.94, -1208.75
4.41129, 200.603, 440.413
5.94997, -189.578, 377.194
3.21128, -786.455, 929.632
5.65284, -1568.3, 1577.28
3.15973, 388.017, 1871.11
7.13583, -1473.22, 491.117
5.53465, -1873.34, 1567.83
5.50388, -1854.42, 761.321
3.33635, 1170.8, -1043.2
3.301, -1737.14, -793.434
5.91628, 1234.8, -55.1115
5.1456, -1413.4, -23.4068
3.65264, -277.788, 1590.22
6.55373, -1007.87, -111.615
5.76477, -837.541, -1116.25
4.08597, -1141.37, -1181.24
2.53953, -521.536, -1623.75
3.49176, 1461.72, 1457.5
3.78831, -12.4207, 761.491
3.03825, 1763.85, 77.2043
3.49545, 256.327, -856.955
6.75079, 1607.54, -1540.51
6.63912, -1941.3, 424.633
6.76813, -1929.65, -1110.85
5.71027, 579.797, 1554.95
3.6787, 1439.83, -1971.43
6.80638, -1005.54, -1609
5.4745, 71.212, -212.155
2.52745, 1008.9, -70.8616
6.84925, -1314.68, -937.346
7.37729, 1295.76, 201.469
5.59653, 752.318, 31.0374
3.85574, -1866.32, 760.918
7.46973, -324.968, -1255.84
4.60751, -1437.43, -1051.81
4.20537, -1585.41, -1227.28
4.80717, 748.135, -259.934
4.44822, 524.226, -764.111
4.613, -93.18, 1029
2.84879, 260.714, 580.98
5.5153, -109.227, -273.962
7.36114, -99.6157, 456.242
5.07406, -1394.88, -1062
7.45461, 1898.86, -274.189
5.84906, 1241.64, -264.921
4.01716, -1209.53, 137.962
3.47371, 1738.32, 1148.73
4.0109, -1425.26, -1862.23
4.93946, -672.267, 919.659
4.72438, 1065.06, 1972.75
5.7844, 643.589, -1869.49
3.74227, -1549.01, -1340.8
4.72007, 108.5, 1108.2
5.75894, -1384.96, 94.6892
6.67472, -1432.18, 384.182
6.03698, 384.449, 1621.1
4.93928, -1733.49, -1222.27
6.72039, 796.531, -471.644
7.00296, -1027.51, -390.782
6.33082, -1306.66, -1044.14
5.29453, 1263.12, 1705.49
2.70603, -8.13118, 141.025
5.46749, 1124.69, 133.743
2.68674, -1343.08, 1628.09
4.53488, 57.7783, 873.782
2.84243, -1942.02, -1758.71
7.38558, -1542.36, -1765.33
2.5956, -1026.34, -474.487
6.60363, -309.643, -529.001
5.2195, -780.243, 1730.17
5.72828, 1575.91, -666.287
3.62934, -519.726, 85.1073
2.733, 1668.19, -1401.42
3.63154, 418.522, -1103.52
4.58371, -1267.34, 268.7
6.40126, 529.034, -1258.14
3.72852, -1845.3, 740.571
4.81411, 1302.73, 191.709
6.14756, 1854.93, 579.661
5.35237, -662.549, 1625.42
5.45997, 1866.34, 1826.9
4.98425, -1870.52, 559.259
3.951, 951.486, 237.446
4.71107, -23.5104, -473.297
2.53669, 1702.7, -794.4
7.41683, 999.952, -718.871
2.52822, -1606.3, -319.28
4.8676, -236.032, 1495.06
5.86497, -623.827, -245.855
