6.27803, -1472.53, -1990.88
3.5948, 125.358, -171.711
5.89648, 718.815, -1807.72
5.09708, -469.274, 1747.78
2.76731, -1864.99, 1316.79
2.53849, 668.028, 108.967
4.58743, -1720.45, -464.971
7.15218, 356.69, 750.098
2.95982, 104.084, 1384.15
6.00595, -320.932, 634.805
3.81226, 1053.71, 1636.65
4.14117, 943.61, -1804.92
7.45519, 1021.35, 524.844
7.41275, -1015.2, -544.423
5.75759, 1009.65, 887.894
6.92354, 525.334, -1703.67
6.33247, -245.287, -903.203
3.87453, -1036.63, -96.1612
4.93259, -1346.3, -607.695
2.80282, 1640.23, 1582.32
5.08146, 16.1122, 1611.27
4.96988, 1939.28, -725.328
7.23882, -1631.6, -936.87
4.42071, -10.3113, -1694.48
5.14874, 1650.13, -895.716
2.75042, 1756.84, -133.171
6.63909, 1084, 1071.21
5.94228, -1926.16, -1494.04
6.18112, 517.915, 1470.9
6.94286, 1982.73, 900.609
4.25508, -766.725, -1069.05
6.72991, 364.798, 52.3695
3.84659, 1329.62, -326.129
4.83959, 148.149, -351.732
3.2686, -1289.99, -853.502
2.66527, 1219.34, 284.73
7.2768, -10.5876, 143.54
6.95369, 219.687, 989.331
3.29884, 1361.56, 496.074
3.15214, 857.85, -1146.21
2.515, -903.556, -1633.25
6.0491, -1907.98, -352.356
3.40448, -1030.41, 1743.01
5.76029, 1545.56, -725.137
4.42907, 729.222, -1397.26
3.23766, -7.37056, -454.476
5.45054, 1369.46, 345.729
3.24076, 235.953, 1819.33
3.2091, -363.453, 1927.47
4.94257, -987.415, 256.087
3.13015, 1822.16, -137.967
5.64635, -718.369, -1195.98
5.60817, 602.357, -1487.54
4.88216, -1002.2, 1206.79
2.64188, -1158.15, -477.984
3.21011, -283.583, 1603.17
3.15594, -360.965, 1783.23
3.31099, -1644.22, 1518.32
3.76529, -536.997, -1708.21
4.77654, 1144.24, -1467.07
6.54472, -189.354, -600.268
3.57624, 605.265, 1719.51
3.75063, 1634.34, 721.27
5.02978, -116.011, 1441.62
6.27922, 1269.78, 381.986
5.66369, 1811.18, -141.079
5.9449, 1282.15, -252.684
7.27207, 1941.96, 815.399
5.18713, -846.249, 1418.11
4.57014, -1578.74, 57.2922
4.70019, 1503.4, 310.059
6.07821, 1473.57, 917.623
6.20858, 819.837, 1197.57
5.12494, 1541.95, -1920.11
6.06711, -1733.3, -148.088
5.91025, 668.909, -43.5125
6.82941, 1664.26, -1198.78
3.19597, 171.73, 1552.87
3.57766, 1946.07, -201.114
5.0733, -731.315, -221.159
4.83766, -238.494, 1510.12
3.55759, -535.69, 1224.05
5.65244, -1382.77, 1975.68
2.5044, -1958.3, 432.25
4.09589, 906.432, 1089.79
5.90281, 727.188, -315.735
6.0446, 1342.25, -1175.48
2.90869, -1618.25, 1310.92
3.56926, 533.221, 1065.88
4.44412, -1670.54, -1143.37
4.44927, 1798.2, 1806.33
3.92018, 766.098, -922.251
4.6123, 1130.92, 1103.55
2.55658, -1230.73, -869.804
3.72027, 1880.7, -1231.08
4.49072, -1445.72, 1289.78
6.64177, -1294.63, 402.965
3.78584, 1946.74, -1373.02
3.59705, -1609.43, -1072.83
6.47385, 780.88, 537.769
5.8476, 1006.82, 783.664
5.49108, -1779.44, 563.756
5.99917, -726.839, -1086.54
5.13062, 1052.81, -1524.48
4.14833, 368.927, 202.936
3.30844, -1429.05, 807.093
6.56633, 1437.32, -56.9956
4.08004, 956.621, 230.385
4.05369, 110.093, -1462.42
4.65424, 70.874, 341.901
4.46509, -495.694, -954.336
4.43916, -98.7967, -225.983
4.34871, -1678.33, -885.7
5.88118, 686.328, -986.391
6.10384, 907.735, 56.1685
7.20082, -140.76, 1787.21
5.08573, -158.814, -714.982
5.5282, -388.892, 645.956
5.85049, -1389.56, 1955.65
5.11404, 162.852, -618.924
3.87105, -1920.57, 1299.46
7.08924, 188.232, 570.554
3.73367, 1871.62, -927.349
4.77876, 770.625, 1369.02
3.30374, -1908.54, 1290.04
4.68319, 827.455, 820.483
7.45767, 998.217, 336.402
6.26931, -879.013, 782.004
4.97846, -1973.8, -1311.82
7.01651, -1316.12, -1678.72
4.68213, 985.347, 1125.28
5.09239, 337.172, -1966.72
4.44866, 176.37, -1724.86
5.63431, -449.162, -1136.18
5.19331, 831.57, 636.265
4.35955, 1264.62, -877.141
2.54674, -738.088, 729.943
6.3794, 82.4096, -1578.58
2.85317, -1775.06, -1120.88
3.98511, 891.037, -1359.2
4.78581, -90.8671, -1781.6
3.25156, -190.396, 85.8957
5.97819, 1338.04, -861.874
4.15587, 730.935, 312.127
5.21197, 1942.39, -1763.41
2.64678, 1436.94, -1975.36
5.38086, -46.1063, -474.79
5.18133, 733.053, 948.656
7.36678, -1514.46, -1851.05
5.57063, -595.691, -1240.37
5.26431, -1492.06, 424.194
6.69051, -549.928, 1813.45
3.75764, -972.345, 1877.42
6.98957, 1247.98, -290.62
5.97428, 1024.33, -1006.32
5.82752, -946.07, -191.174
3.06838, -1159.64, -1539.22
3.37987, -1965.11, 189.401
2.91253, -272.371, 391.489
6.68103, -494.63, 744.154
2.64818, 1879.85, -1528.66
6.34719, -5.90676, -1695.02
4.29829, -1005.23, 1732.44
6.24626, 4.90449, 1070.37
6.28385, 725.599, 683.146
3.60834, -1075.84, -1847.24
5.58305, 610.177, 254.517
3.66846, -1099.46, -507.246
6.22052, -1338.42, 607.87
5.80997, -1820.66, -1371.58
4.9209, 1807.98, -1493.83
2.58972, 1656.18, 478.227
4.98291, 893.617, 397.863
5.09587, -224.052, -1775.52
4.71395, -1747.59, 1062.1
4.14528, -123.967, 1899.47
3.52671, 970.351, -214.681
7.19863, -501.991, -1305.86
2.85168, -994.089, 1854.42
3.30042, 103.643, -1495.27
6.70788, -1572.5, 69.133
4.13614, -325.248, -550.447
6.85942, 315.467, 854.952
5.99896, 1343.13, 1031.99
5.52801, 1738.47, -440.975
4.77536, 159.009, -536.968
2.91543, -1038.1, -359.742
3.94883, -110.409, -298.972
6.51009, -1140.97, -1574.27
6.81821, 675.493, 121.282
3.81831, 843.092, -1022.41
4.79881, -1672.44, -471.394
4.95672, 1219.74, -1057.39
5.82344, -934.647, -1979.34
7.31738, -1253.68, -307.025
7.23022, 1167.48, -1469.13
2.81902, 447.217, -1311.54
5.04829, -818.243, -614.924
6.13222, 1336.63, 1314.94
5.65882, 1202.08, -678.601
3.26658, -1830.88, -1817.39
5.09652, -1733.92, 1082.17
3.52281, -1113.53, 1710.33
6.03231, 799.927, -1641.9
6.05786, -949.267, -29.6239
3.66304, -1146.19, -471.52
6.80594, -123.514, -264.793
2.67122, -219.11, 1901.35
6.26587, -1871.28, 103.053
4.14789, 1286.39, 338.308
4.65309, 142.897, -1067.65
7.33455, 1937.47, -387.302
4.05803, 1466.28, 1391.63
5.69762, 1976.83, -1402.07
5.95386, 1734.9, -123.87
5.36403, 159.305, 1257.71
6.60667, 1783.47, -1367.17
4.21807, -1803.1, -1357.06
5.09387, -1619.25, -1551.36
6.78438, 244.986, -1902.85
6.18587, 692.075, 79.8825
3.45992, -1889.56, 777.106
2.83145, -616.274, 681.104
3.60828, 1686.56, -1434.31
3.33656, 341.023, -470.601
6.31172, 763.879, -1867.16
5.44905, -1687.05, 848.967
4.65223, 1719.38, 1705.99
7.09618, 1321.19, 24.2709
5.09668, 888.825, 378.163
7.38058, -1357.26, -42.1171
5.15714, -906.056, 294.28
2.98716, 668.385, 786.172
5.83983, 436.934, 197.139
5.44444, 278.539, -50.6016
5.01137, -1399.75, -222.607
2.75808, -1865.4, 919.88
2.6753, -696.962, 61.9392
4.41484, -1571.98, -1025.97
5.55555, 376.793, 206.612
5.06574, 1094.14, 1733.09
5.98498, 604.817, -52.7944
4.89891, -50.4499, -370.97
3.88323, 136.641, 843.541
6.01685, -878.44, 418.923
3.67701, 1749.97, 116.52
6.41501, 376.13, -351.764
6.60589, 721.65, 1674.24
3.21842, -1071.62, 106.929
5.75757, -977.122, 1620.57
3.87677, 1739.71, -1972.93
7.26215, -863.961, 1432.47
4.58238, -1503.77, 28.0398
3.03869, -253.379, 806.795
4.70633, -1596.88, 1063.24
6.28811, -838.354, -605.92
2.77803, -677.208, -640.39
3.51241, -56.1155, 289.793
6.82305, 1883.38, -1554.06
6.52456, -531.03, -24.3223
2.78861, -1358.86, -1346.4
4.40304, -128.556, -1402.87
4.56124, -293.352, 1530.49
2.80071, -763.31, 605.014
7.09746, 1602.46, 1293.87
3.35398, 1076.18, 1608.08
6.51634, -1864.24, 307.728
3.88599, 1447.66, 91.8297
4.44586, 345.632, 1476.62
7.19936, 105.891, 1247.22
6.24573, 321.814, -327.972
3.44774, -649.943, 1519.89
6.89581, 872.421, 970.343
6.8953, 835.887, -1701.48
3.30515, -1612.91, -527.847
5.87346, -1609.15, -332.426
6.89096, 1255.13, 252.938
6.98262, 516.848, 1054.44
3.06535, -50.642, 1509.58
5.93789, -469.442, -505.882
3.21651, -1679.93, -1525.46
3.6901, 829.184, -89.2553
5.64383, 1894.81, -436.126
4.312, 1633.5, 727.693
4.64437, 1176.93, 1435.4
4.91936, -25.0284, -1677.92
6.20379, -7.42258, -215.053
3.23098, -784.179, 1734.94
7.36238, -1669, -1547.43
7.3158, -1030.66, -384.55
3.14741, -1202.99, 1330.29
5.3784, -638.895, -1213.72
4.66439, 341.012, -245.133
5.50066, -478.322, -519.482
5.85098, -1397.86, -266.369
4.5137, 792.974, 1976.06
6.46691, 1280.02, 1390.25
4.89889, -1953.58, -501.506
5.72449, 593.389, 553.491
4.28836, -492.498, 1198.35
5.96794, -661.025, -441.511
5.83428, -833.948, -1410.51
3.22071, -755.235, 1422.8
7.10415, -1967.56, 442.211
4.22228, 64.1488, -471.664
6.66824, -831.309, -940.257
2.74349, 541.136, -1495.71
3.27936, -505.889, -135.671
2.55765, 662.66, 1018.35
3.94327, 242.058, 1177.71
5.07295, -694.116, -346.218
3.65948, 1365.56, 875.472
2.75022, -483.217, -136.159
5.33091, -1191.27, -1693.83
6.69774, -304.641, 1348.26
4.28763, -1293.91, -860.295
4.3452, 330.534, 1742.97
7.22226, 512.401, -146.803
4.72425, -1820.59, -362.114
6.82086, 988.92, 373.984
5.82654, -1578.28, -1472.65
5.79297, 329.229, 1330.98
7.10736, -1920.29, 1924.06
5.11536, 1898.59, -1236.73
5.45229, 878.408, -884.156
5.79944, 1336.36, 1334.01
4.24765, 573.557, 921.821
4.11714, 677.372, 101.453
7.08984, -217.699, 1477.74
3.08619, 1807.51, -892.008
7.31268, 1350.57, -341.603
5.17978, 96.9072, -662.179
5.81447, 1709.34, 1269.17
5.48362, 1797.11, -1011.3
6.93363, -1012.4, -1491.5
6.67999, -1336.36, -1214.85
6.69339, 493.499, 406.877
6.85642, -427.985, 680.595
2.5002, -1539.6, 682.642
4.77274, 517.25, 701.025
4.25696, -1866.51, 302.425
5.80713, -515.799, 1417.63
6.22234, -1752.04, 305.639
3.3821, -247.115, -905.02
7.4621, 1589.02, -1625.85
5.95466, -1864.01, 342.528
6.97862, 286.257, -26.6432
3.51579, 744.607, -264.991
7.2356, -914.498, -72.6875
4.88476, 1769.9, -1016.62
6.78578, 1842.09, -1494.34
6.41237, -1959.33, -1114.15
5.70687, 1817.78, -1817.69
3.14521, -1448.35, 296.626
5.77944, 8.56918, 1299.92
3.09199, 106.363, 18.5375
3.88793, 670.581, 1607.74
6.65548, -443.539, -454.4
6.14153, -1503.69, -1026.67
6.74348, -1195.94, 591.559
3.43989, -1563.43, -1884.75
6.09602, 1116.02, -558.576
4.25586, 319.407, 664.818
3.34555, -831.891, -1377.41
4.52383, 674.52, -1095.37
4.20924, 318.413, 1541.13
6.67141, 783.625, -251.331
3.9111, 1395.91, 1168.36
5.16766, -1357.81, -964.176
6.25085, 1986.28, -1705.1
4.62554, -1377.98, -1520.92
4.66964, -1137.84, 1095.12
3.03022, 1715.16, -1864.06
6.4639, -78.4189, -932.026
3.91232, -1147.35, -966.38
7.14264, -1166.18, -471.484
5.37926, 493.379, 1024.18
3.4895, 1636.42, -579.599
5.99081, 1147.8, -1504.4
3.07265, 990.414, -1917.63
4.22945, 611.543, 1573.95
4.15646, -1180.62, -472.906
6.42735, 1656.61, -1923.08
6.65775, 918.969, -425.47
4.21712, -1479.3, 1509.73
4.2603, -547.952, 1778.98
6.38197, 297.389, -1656.84
6.58658, -24.9925, 1375.84
4.26157, -260.588, 564.773
7.09559, -857.646, -602.341
3.2877, 983.938, 507.955
5.56029, -968.661, 1133.39
5.54222, -754.915, 1421.95
3.16647, -503.524, -1490.53
3.51409, -1490.49, -956.163
4.79457, -1713.2, 1002.5
3.48759, -1052.3, 1859.66
6.77118, -1692.81, 760.089
6.54562, -1519.28, -1384.51
2.80131, -1812.6, 1771.18
6.50584, -1437.42, 1306.9
5.49597, -388.487, -1085.98
7.43182, -1781.07, 613.626
2.65919, -322.799, 1283.54
6.8356, 1881.99, -1542.57
3.69109, 1336.22, 697.569
3.6127, 349.313, 861.882
4.73907, -1972.78, -1099.53
2.61231, 1727.92, -359.362
6.79755, -513.368, 29.0126
4.15902, 426.58, 1180.34
5.72195, 611.732, 502.277
7.43521, -1889.59, -966.25
5.30162, 569.149, -1167.12
4.74553, -1515.83, -492.535
5.213, 333.789, -1448.34
2.90797, 1546.15, -65.6593
3.99606, -1628.04, -546.438
6.63964, 1643.72, 1355.86
6.48936, 1250.57, 1872.78
5.71048, -206.691, 1359.63
4.84105, 1260.99, 772.101
7.15326, -397.035, -1218.92
5.08798, -489.945, -147.997
7.42924, 1595.48, -1078.05
5.94567, -160.764, -1445.05
6.19966, -361.437, -897.345
3.46323, -785.281, -1867.83
6.08881, -905.03, 1248.04
6.11146, 1139.96, -361.287
6.49298, 533.294, 307.437
4.23216, 510.487, -1991.99
5.1481, -31.7963, -120.876
3.19001, 1431.93, -720.844
6.73218, -449.684, -416.868
6.32766, -167.507, -1768.33
7.5, 1846.65, -837.33
4.24891, 965.806, 1983.92
5.50367, -1201.27, 1180.76
3.50808, -992.063, 167.887
6.2385, 57.8267, 306.174
6.49225, 1950.69, 432.632
3.03505, -1411.6, 218.391
5.35813, -1014.24, 94.467
2.84683, 719.068, -670.579
4.16036, 1493.19, 1379.15
5.80945, 972.825, -1415.55
5.27726, 343.119, -384.567
7.12415, 457.823, -23.3927
2.69832, -970.768, 452.38
2.62083, -622.296, 479.441
4.61923, 430.002, -1312.87
4.36987, 921.779, 271.429
2.93303, -464.897, -492.25
3.05403, -314.766, 343.747
5.31992, 735.402, -695.185
7.37269, 121.404, 1483.54
3.05066, -92.2486, -1772.02
5.99352, 198.116, 1960.56
2.79674, -100.952, -1483.74
4.69755, 1670.57, -215.563
5.24651, 1982.98, 1431.5
3.45129, 1381.99, -1499.75
7.36597, 628.976, 653.566
3.19593, -1358.89, -122.117
5.48978, 1878.06, -864.622
7.12812, -1745.02, 1408.08
3.91116, -160.463, 1771.04
6.8307, -283.023, -165.444
6.29598, -453.955, -1200.1
6.10793, 715.871, 1232.8
3.34241, -752.85, 739.995
3.32882, 1670.25, 746.966
3.39076, -1294.81, -1977.8
5.87226, 670.249, -1203.3
4.83484, -708.857, 80.3178
6.85219, -1620.92, -716.17
5.76023, -1392.24, -236.397
5.80464, 1523.19, 1759.91
2.58037, -1326.11, -1202.08
4.30596, -1555.79, -1333.14
3.72747, 1847.9, 236.156
6.93086, -1873.09, -1898.7
5.23701, 1648.38, 1548.6
6.57209, -53.2352, -1298.95
5.24453, 353.154, 1732
4.16156, 1012.38, -110.87
4.40213, 47.6249, -1309.2
2.52389, 1862.05, 1308.28
6.95226, -180.837, -794.743
6.16955, -993.542, 1371.04
6.04239, -308.472, 1322.98
5.1278, 112.092, -373.187
6.41065, -381.713, -1628.71
3.42484, -772.748, -940.934
5.72673, 488.684, 1037.03
3.42178, -1377.09, -684.138
3.31214, 125.833, -184.659
2.65594, -363.919, 1700
7.42716, 260.991, -1331.54
4.04559, -662.761, -1432.86
4.11075, -1356.14, -593.64
5.51155, 567.825, -472.897
2.89107, -658.744, -1844.04
3.93936, -41.4027, 182.332
5.79307, -251.98, -982.156
7.36348, -1983.53, -698.367
7.27758, -726.274, -1590.9
7.42745, -1337.29, -575.869
7.30478, -1825.69, -1524.23
3.0073, -1116.87, 1134.42
3.71505, -248.439, -986.149
6.91151, 198.634, -865.512
5.28805, 680.824, 1399.58
6.7669, 1604.8, 1032.3
7.49145, -1073.84, 1050.81
3.99751, -514.182, -963.736
6.33157, 1952.4, 972.963
4.81901, 569.654, -287.973
6.8168, -1272.6, -1584.53
6.99018, 1720.03, 8.24939
7.377, 515.518, -832.22
2.77405, 1318.56, 165.248
6.32605, 1892.36, -1235.76
5.09219, -1865.8, 1478.37
3.46574, 1846.1, -470.785
6.98252, 393.305, -1087.02
6.38492, -1665.76, 195.206
2.75968, 831.02, 1081.78
7.47331, -1705.97, 1529.54
5.93659, -8.15392, -917.38
5.94854, 1775.14, 993.44
6.57666, -1314.28, 1636.64
7.05426, -73.786, -875.492
3.34218, -402.772, 806.498
5.24183, -1160.76, 1607.28
6.53351, -972.762, -505.079
4.17803, 650.251, -1074.69
5.53435, -208.484, 68.3039
6.59602, -1901.73, 668.017
7.3485, 173.192, -497.897
6.29349, 1167.79, 986.608
3.72113, -361.711, -185.147
5.80589, -1144.22, 806.036
4.21574, -897.25, -374.164
7.27146, 751.227, -791.846
2.60828, 1606.33, 1110.89
4.54979, -1783.2, 1891.88
2.55789, 1171.72, -1341.3
3.04964, 1673.58, 394.325
5.28259, -1694.26, 185.568
4.45466, -48.7693, -475.636
7.20539, 235.513, -365.46
2.55572, 358.649, 788.124
6.22897, -444.738, -872.577
3.84293, 221.322, 252.259
4.27153, -1352.06, -1529.13
3.45835, -924.393, 1235.72
5.14832, 591.118, -338.442
4.39478, -114.83, -1711.96
3.16407, -24.5912, -1606.22
4.26563, -252.806, -1128.26
4.2497, 1567.25, 1969.46
7.41084, 1211.71, -249.594
5.25961, 302.737, -751.745
4.99918, 27.6631, -1429.33
3.58531, -1669.06, 912.031
4.37311, -467.914, -1300.35
6.78251, -1320.71, -933.818
6.45578, 1583.44, -1024.92
3.9204, -986.338, 1857.56
5.07645, 874.442, 202.609
6.79238, -584.548, -47.8354
7.07844, -1881.97, -345.511
7.48941, 271.961, 1830.36
6.53177, 345.677, -386.977
5.22718, -1797.97, -370.211
7.3461, 300.532, -1471.46
5.31931, -1170.05, 725.247
4.03031, -833.7, 1318.54
5.41853, 1930.07, 1903.19
2.91197, 107.757, -661.515
5.47382, 702.932, 1241.34
3.31968, -1196.67, -1183.23
6.46527, -1216.79, -874.953
2.95373, 1158.82, 1478.08
6.3072, -1010.18, -1359.33
6.83996, -444.284, 62.9367
6.40105, 382.073, -668.721
6.61399, 1817.09, 1936.7
6.70974, 744.757, 1105.77
4.48328, 1056.94, 513.076
6.508, -322.323, 335.243
6.56811, 760.492, -87.8436
5.43493, -819.185, 201.818
4.64621, 1590.71, -99.0841
2.5002, -128.98, -956.834
5.31153, -1629.64, 633.966
6.22632, 673.289, 707.157
3.89846, 1935.03, 581.96
2.93406, -1970.93, 1129.62
3.5733, 1706.86, -1760.64
3.93296, -983.078, 1124.89
4.86595, -811.647, 949.324
6.95893, 1689.76, 1639.66
5.91955, 1024.7, -1006.77
3.54376, -99.2512, -134.276
6.67533, 1587.18, 23.1835
7.09218, 1871.07, 1836.44
4.48244, -950.545, -1401
6.37858, 1082.11, 1058.79
5.68161, -321.118, -180.434
6.64746, 966.484, 581.168
3.40204, 1114.29, -922.46
7.45927, 1159.42, -1529.71
6.70558, -303.984, -1689.8
4.65177, 1775.43, 530.991
4.38589, 1193.07, 1777.72
2.70802, 1308.85, -1010.66
6.80715, -1605.76, -1070.21
6.62116, 1831.83, -1800.73
6.25052, 27.0332, 1463.49
3.55801, -330.525, 1983.51
4.31029, -1563.33, -384.075
4.43545, -1181.58, -1602.49
7.32918, 1597.98, 1275.66
6.5872, -335.11, 1263.9
4.5755, -163.977, 897.956
5.83759, 410.201, 365.797
2.52101, 953.398, 1952.07
6.98048, -1476.55, 497.07
3.68416, -687.124, 709.996
3.79415, 715.103, -189.684
5.4939, 812.448, -1415.52
6.89823, -1675.7, 742.17
6.16299, -1128.47, -1181.09
6.0773, 1823.66, 1140.71
3.57724, -1215.38, 962.253
6.30413, 1357.62, -1914.81
3.85351, -322.287, -1117.97
2.75246, 1331.87, 676.514
4.78866, 539.61, 491.509
2.58759, 896.52, -1555.99
3.01129, 144.916, -341.457
2.639, -262.379, 572.838
5.65921, -682.656, -1032.18
6.34425, 162.527, -491.812
2.74132, 1051.46, -1679.43
6.6924, -114.059, -1261.2
6.76899, -525.838, -637.491
6.57649, -892.287, 1148.96
6.85188, 1589.29, 810.032
5.27222, -1265.15, -340.303
6.12646, -589.411, 116.297
3.20424, -1052.37, 1862.61
6.6115, 1191.5, -1051.36
5.51185, 1465.28, -394.002
4.93856, 1016.35, -1839.32
6.14942, -575.612, 1901.46
4.05164, 1514.97, -1337.64
3.93925, -1398.87, 706.724
5.45857, -1903.31, 1618.18
5.34055, 1309.54, 1767.24
5.41059, -1866.6, -1152.11
2.84132, -1378.23, 566.326
4.34304, 299.174, -773.687
6.28475, -1863.32, -1153.05
6.35297, -898.975, -1734.61
4.27217, -787.895, -505.794
5.98913, 484.111, 1862.76
5.08005, -1348.52, -597.338
5.94494, 780.903, 265.225
6.18066, -164.092, 1232.02
2.56231, -686.131, -1348.7
7.16549, 1227.49, -244.674
5.37826, 266.229, 252.217
3.05587, 922.128, 1948.24
4.87388, -213.795, 57.8492
3.24247, 355.806, 198.219
4.22594, 101.998, 897.632
7.04476, -1865.05, 368.996
4.54571, 29.7283, 1035.03
5.96642, -1358.19, -153.44
3.35865, 762.189, -1884.48
6.21715, 1781.68, -1007.73
4.16319, -849.095, 1284.89
4.62157, 1332.54, 623.559
2.79523, -274.864, -227.321
5.09005, 572.2, -467.669
5.94425, 947.729, -1161.85
5.01149, -511.159, 31.5492
6.56617, -338.658, -1501.41
3.07974, 164.473, -1876.18
5.24841, 538.919, 930.312
5.06046, 820.396, 42.326
6.02649, 1911.65, 882.821
5.65083, -475.955, 1774.11
4.0207, -51.1921, -1273.4
6.74719, 799.776, 741.676
3.39619, 1206.86, -42.3027
2.61737, -1059.52, -200.42
4.19467, 1475.57, 106.005
3.43818, 704.325, -174.525
6.60467, -574.336, 373.987
6.72507, -1790.73, -317.269
6.78031, 1695.44, -1440.57
7.37454, -1908.27, 1278.79
2.99587, 937.919, -896.23
2.56182, 1129.13, 1312.32
2.58614, 442.296, 1166.15
2.64527, 502.669, 191.139
4.1031, 303.256, -787.418
6.17815, 1254.2, 604.399
3.14876, 713.309, 954.089
2.5161, -736.572, 1013.36
6.91905, 278.62, -1580.94
3.70482, 461.701, -1146.85
4.38481, -1636.08, 1528.38
4.44879, 1224.2, 370.502
2.81534, 1192.25, 589.363
7.30792, 367.338, 1912.42
3.75349, 1452.66, -677.524
6.85376, -1357.19, -127.72
2.85991, -1835.62, 851.824
2.70653, -1244.97, 1151.07
3.46378, 722.646, -1046.51
3.86708, -620.23, 605.767
7.4007, -1904.89, -730.759
3.60607, 645.321, -1068.26
6.43119, -1750.82, 1711.18
4.42306, 600.448, -843.526
3.78593, 958.808, -1273.34
3.91087, -1890.36, 129.2
7.33834, 1735.55, -70.5276
4.22841, 1533.56, 342.857
3.45922, -1965.25, 1474.81
5.05037, -1096.15, -752.352
5.21857, -1114.67, 1267.57
5.72333, -1280.26, -1230.49
3.89738, -21.6162, 1579.44
3.41887, -593.329, -1437.6
2.71579, -1682.38, 755.264
3.98408, -1002.66, -526.619
4.25548, -462.895, 280.846
7.09372, -843.305, 1447.27
5.81225, 1014.39, -726.199
5.08041, 1732.6, 1170.32
4.03763, 1230.16, 1174.48
3.0007, -704.528, 309.759
3.47502, 759.336, -1761.16
4.11407, 62.595, -262.466
5.56182, 1925.7, 173.593
5.13511, 1920.79, -1966.61
3.45653, 516.95, 568.545
4.7178, -1283.24, -845.511
4.48693, -1417.19, 1707.34
6.28051, -1213.12, 1489.54
6.6213, 1472.98, 1205.21
5.51573, 284.193, -689.926
3.04573, 1218.64, -1656
4.11797, 973.188, -330.695
5.03403, 17.485, 636.632
4.76521, -1296.49, 1600.17
4.77315, -361.041, -916.363
4.91125, 1837.44, 1823.63
5.07896, 738.328, -1302.24
4.50207, 404.955, 1646.04
4.22945, 1929.26, 968.179
6.64533, 1863.65, -483.224
3.02204, -1463.64, -1594.71
6.40057, 1170.47, 1134.78
3.19919, -594.913, -478.478
2.62171, -1594.57, -1036.85
6.0664, 813.275, -1507.19
7.15538, 303.111, -1647.14
7.47667, 366.577, 348.921
3.86264, -1754.77, 305.839
3.6923, -947.853, -511.876
3.87328, 1923.63, 1239.35
5.70836, -1816.03, -1461.32
5.17637, 620.639, 309.662
6.8967, 1668.49, -592.98
6.75968, -1340.27, -1672.51
2.98004, 1813.87, -75.0567
4.66818, -1496.34, 405.633
3.17045, -409.405, -1513.38
5.86802, -334.575, 620.496
5.34964, -107.435, -954.078
3.66474, -1244.95, 1130.47
5.50306, 532.542, -1377.57
2.6551, -1604.56, -55.5317
7.08512, 1136.41, -623.06
3.82958, 1723.14, -349.229
6.50016, -368.274, -1019.63
5.46389, 338.411, -1436.34
5.0822, 709.991, 1252.11
5.2567, 641.978, 1285
3.47225, 1010.34, -467.953
5.36152, 246.629, -1485.18
3.81992, 425.787, 804.458
4.41648, -1531.19, 1078.85
2.73626, -1511.54, -1795.05
4.22823, 1177.41, -1344.88
3.61594, 1348.1, -867.78
3.81264, 35.111, -1471.07
3.05141, -859.164, -805.922
7.40088, -1410.72, 38.555
5.93794, 1601.66, 1267.3
5.82158, -1095.29, -761.876
5.99501, -1202.82, -1345.18
2.68746, -1668.41, -1547.32
3.6706, -1258.83, -1491.64
3.95397, 1439.4, 1387.42
3.50543, -73.9473, -514.515
2.7177, 745.176, 669.587
2.56571, -1052.61, 1038.02
6.07297, -1053.5, 1530.88
6.88348, -1734.24, -1258.93
5.35088, -1773.24, 538.877
6.92743, 1730.74, 1736.62
5.20042, -713.603, -559.383
3.31357, 1859.21, -1293.5
3.30492, 1927.84, 881.506
7.19182, 635.31, 573.938
3.45628, 1106.74, -1702.46
3.15761, 0.451548, -200.806
4.41122, -625.38, -12.0603
6.12674, 516.352, -527.447
2.50651, 1079.88, 1748.6
4.60222, 50.6589, 1473.67
5.18984, 612.166, -428.424
4.86596, -476.971, 493.854
6.33003, 1081.15, 1749.8
2.9396, 1110.39, -933.577
7.04284, 269.775, 646.782
3.20818, -1746.09, -793.482
2.54782, 867.42, -102.012
2.82267, 476.304, 1049.56
4.96742, 763.13, 444.681
5.40914, 1058.93, 1954.61
4.03373, -1895.08, 1089.2
4.57091, 1818.17, -141.889
4.33401, -1150.73, -1375.68
3.42687, 365.788, 1335.94
2.76788, 1288.67, 342.176
4.47222, 1080.8, -130.595
3.98388, -695.383, -264.564
5.05388, -792.07, 1640.35
3.75392, -1402.16, 459.844
5.01589, 1925.32, 1771.57
2.51168, -23.5684, 1584.05
7.01807, 1989.52, -895.82
2.79181, -1812.99, -1893.92
5.17506, -1372.5, 1610.87
3.95754, -755.754, 1750.38
7.3023, -1619.69, -544.295
4.73406, 640.801, -218.235
5.08479, 1786.59, 335.993
5.93861, -505.705, 53.7719
2.72187, -321.134, 150.727
7.2946, -1594.93, 1212.74
5.70852, 735.076, 314.738
2.80215, 1257.06, -1559.5
3.33964, 99.042, 535.9
5.76491, 975.194, -495.821
6.19864, -1538.16, 672.385
3.57011, 1715.64, 405.171
4.31441, 313.167, -1743.94
6.56981, -1295.83, 1867.63
5.32057, 1615.56, -941.006
7.45886, -81.5913, -1791.44
6.5669, -1527.1, 792.746
3.49157, -1984.91, -45.6711
2.50003, -313.913, -1697.49
4.62608, 1899.84, -1550.32
4.07406, 1679.4, 397.132
5.56218, 1213.19, -1865.34
3.83351, -398.41, -1087.36
4.39881, -1189.7, -123.328
5.43397, 1922.19, 600.063
5.95636, -282.671, -1026.34
7.26736, -916.419, -1142.21
4.89785, -585.935, -1906.14
3.60319, 754.217, -1457.23
5.33741, -1446.92, -896.38
6.09873, 861.683, 727.24
4.4953, -989.673, 1111.1
3.48326, -1384.83, 1979.72
6.66971, -1343.33, -1513.66
5.59561, -893.812, -1749.85
7.26866, -585.731, 348.903
3.23222, -28.6276, -554.672
5.38953, 79.358, -918.511
7.26796, -785.533, 1440.16
3.62331, 1442.4, -1960.97
7.25137, -987.903, 1602.87
3.07874, 1586.93, -1032.07
2.58372, 59.8344, -520.122
3.90465, -714.575, -335.657
7.15042, 1284.33, 341.708
3.04796, 1496.91, 1744.58
6.77266, 58.6634, 1655.65
5.68532, -1451.33, -1463.11
5.63853, 816.39, -1421.7
3.80589, 1448.61, 1489.92
5.13936, -1901.79, 436.619
7.16608, -545.189, 1816.97
3.98055, 1844.83, 205.711
4.78006, 312.952, 907.806
6.35659, -1312.5, -1234.48
4.17193, 204.553, 236.442
6.31775, -79.2223, -1881.62
6.65892, -60.3489, 1884.8
2.64618, -1450.08, 1135.96
4.31315, 1429.44, -534.58
4.16221, 570.145, 922.491
3.17675, -1036.24, -603.966
3.00839, -612.35, 1246.83
5.11327, -1218.82, 1627.54
3.52046, 61.3012, -1066.76
5.00728, -1744.43, -1255.21
5.1371, 2.39651, 1922.86
4.13422, -535.579, -585.664
4.75888, 452.853, -887.896
6.85263, -14.5499, 1964.62
4.72884, 1288.89, 1729.93
6.03726, -917.174, -1835.13
6.83171, 1826.85, -1397.98
6.5822, 1736.89, 439.366
2.67504, 1787.22, 1676.26
3.8644, -1305.77, -473.943
5.21858, -844.809, -861.371
3.19942, -1974.98, -1085.75
5.57408, -1554.48, -1871.87
3.29182, -1377.04, -1210.24
4.41129, 198.688, 441.832
5.94997, -188.903, 378.579
3.21128, -779.857, 923.281
5.65284, -1569.64, 1586.01
3.15973, 396.398, 1871.96
7.13583, -1483.93, 509.289
5.53465, -1877.33, 1569.09
5.50388, -1844.1, 744.528
3.33635, 1185.79, -1064.39
3.301, -1728.3, -801.425
5.91628, 1245.1, -58.717
5.1456, -1425.72, -26.7375
3.65264, -267.142, 1616.74
6.55373, -1004.61, -115.773
5.76477, -840.056, -1120.29
4.08597, -1111.63, -1171.85
2.53953, -524.259, -1629.9
3.49176, 1462.56, 1472.61
3.78831, -15.9646, 763.445
3.03825, 1778.15, 77.2032
3.49545, 262.888, -867.163
6.75079, 1607.54, -1543.1
6.63912, -1963.79, 415.685
6.76813, -1920.7, -1107.26
5.71027, 573.049, 1558.1
3.6787, 1448.38, -1970.62
6.80638, -1005.35, -1617.09
5.4745, 73.0671, -206.623
2.52745, 1013.06, -62.5306
6.84925, -1318.61, -942.321
7.37729, 1298.01, 211.717
5.59653, 756.895, 28.1287
3.85574, -1879.65, 762.512
7.46973, -320.014, -1266.14
4.60751, -1444.55, -1057.97
4.20537, -1588.6, -1229.99
4.80717, 731.965, -273.591
4.44822, 527.654, -759.855
4.613, -98.7271, 1030.41
2.84879, 263.026, 576.375
5.5153, -117.083, -257.503
7.36114, -99.4693, 460.453
5.07406, -1393.81, -1069.26
7.45461, 1908.24, -275.089
5.84906, 1264, -286.501
4.01716, -1211.02, 140.414
3.47371, 1747.82, 1135.99
4.0109, -1421.04, -1871.68
4.93946, -670.392, 921.9
4.72438, 1066.16, 1973.44
5.7844, 640.518, -1879.79
3.74227, -1557.33, -1338.07
4.72007, 109.501, 1110.89
5.75894, -1384.04, 104.38
6.67472, -1428.65, 379.087
6.03698, 390.639, 1629.39
4.93928, -1740.43, -1208.35
6.72039, 798.894, -476.54
7.00296, -1004.04, -370.741
6.33082, -1303.16, -1050.88
5.29453, 1258.71, 1699.01
2.70603, -30.3444, 168.243
5.46749, 1127.56, 131.742
2.68674, -1357.16, 1649.21
4.53488, 48.9578, 873.934
2.84243, -1949.97, -1762.75
7.38558, -1552.59, -1764.82
2.5956, -1032.78, -468.739
6.60363, -312.898, -535.42
5.2195, -762.934, 1747.14
5.72828, 1581.9, -665.364
3.62934, -521.447, 107.206
2.733, 1659.41, -1392.52
3.63154, 427.122, -1110.31
4.58371, -1267.2, 270.002
6.40126, 531.258, -1262.39
3.72852, -1845.09, 769.739
4.81411, 1313.32, 181.56
6.14756, 1856.95, 581.731
5.35237, -661.293, 1630.33
5.45997, 1860.58, 1838.59
4.98425, -1883.38, 561.334
3.951, 981.22, 221.54
4.71107, -13.9044, -456.326
2.53669, 1707.73, -792.576
7.41683, 989.579, -716.366
2.52822, -1616.95, -297.365
4.8676, -208.481, 1472.7
5.86497, -621.49, -244.454
