6.27803, -1457.53, -1873.24
3.5948, 18.0508, -241.418
5.89648, 734.839, -1739.81
5.09708, -581.265, 1783.49
2.76731, -1889.7, 1276.08
2.53849, 631.175, 106.74
4.58743, -1582.41, -498.682
7.15218, 363.189, 794.002
2.95982, 44.1475, 1400.27
6.00595, -374.612, 625.286
3.81226, 1073.62, 1593.51
4.14117, 946.246, -1751.21
7.45519, 912.055, 481.724
7.41275, -1030.69, -481.229
5.75759, 962.898, 852.594
6.92354, 511.048, -1635.49
6.33247, -321.618, -969.026
3.87453, -920.719, -116.404
4.93259, -1293.4, -625.186
2.80282, 1589.02, 1530.26
5.08146, 34.5368, 1522.92
4.96988, 1851.64, -746.161
7.23882, -1564.64, -940.576
4.42071, -67.6218, -1665.79
5.14874, 1598.34, -980.664
2.75042, 1679.39, -130.144
6.63909, 1089.91, 1048.29
5.94228, -1782.22, -1433.67
6.18112, 517.463, 1448.73
6.94286, 1873.8, 917.29
4.25508, -707.649, -1013.98
6.72991, 369.568, 41.4188
3.84659, 1206.45, -257.11
4.83959, 155.289, -379.274
3.2686, -1264.31, -903.622
2.66527, 1268.16, 262.185
7.2768, -26.0707, 180.407
6.95369, 234.826, 942.149
3.29884, 1282.45, 452.747
3.15214, 850.682, -1114.49
2.515, -926.632, -1601.83
6.0491, -1728.51, -374.356
3.40448, -982.718, 1643.94
5.76029, 1542.53, -661.43
4.42907, 821.924, -1401.68
3.23766, -1.67007, -481.063
5.45054, 1202.48, 300.431
3.24076, 321.099, 1755.54
3.2091, -325.989, 1873.03
4.94257, -935.479, 217.096
3.13015, 1670.05, -108.779
5.64635, -663.59, -1136.58
5.60817, 554.618, -1415.32
4.88216, -991.855, 1159.28
2.64188, -1008.63, -532.805
3.21011, -241.038, 1519.13
3.15594, -391.818, 1701.93
3.31099, -1642.55, 1503.81
3.76529, -515.295, -1613.42
4.77654, 1059.94, -1432.2
6.54472, -173.385, -580.616
3.57624, 591.242, 1627.35
3.75063, 1568.51, 764.811
5.02978, -140.159, 1418.79
6.27922, 1204.41, 315.373
5.66369, 1687.31, -61.5957
5.9449, 1198.73, -254.678
7.27207, 1839.34, 910.879
5.18713, -832.19, 1394.52
4.57014, -1473.62, 34.6119
4.70019, 1474.45, 319.618
6.07821, 1430.93, 901.628
6.20858, 735.254, 1135.57
5.12494, 1514.3, -1872.79
6.06711, -1661.68, -165.377
5.91025, 635.385, -55.7037
6.82941, 1639.02, -1162.62
3.19597, 105.488, 1464.57
3.57766, 1816.75, -260.697
5.0733, -671.615, -310.239
4.83766, -170.155, 1414.27
3.55759, -476.254, 1211.7
5.65244, -1353.19, 1890.28
2.5044, -1805.69, 379.646
4.09589, 867.689, 1043.7
5.90281, 683.492, -199.229
6.0446, 1300.49, -1132.79
2.90869, -1573.69, 1261.13
3.56926, 524.451, 923.726
4.44412, -1610.62, -1122.28
4.44927, 1752.46, 1783.66
3.92018, 736.085, -915.072
4.6123, 1134.37, 1025.7
2.55658, -1312.57, -871.229
3.72027, 1802.17, -1262.98
4.49072, -1422.87, 1256.12
6.64177, -1327.16, 393.528
3.78584, 1851.95, -1407.55
3.59705, -1530.93, -977.547
6.47385, 737.264, 527.53
5.8476, 947.689, 769.561
5.49108, -1743.84, 646.755
5.99917, -711.915, -1062.67
5.13062, 1105.51, -1440.22
4.14833, 392.079, 216.04
3.30844, -1449.48, 744.55
6.56633, 1393.54, -35.9854
4.08004, 871.39, 258.443
4.05369, 42.8597, -1442.48
4.65424, 57.0578, 266.423
4.46509, -429.311, -949.778
4.43916, -28.5128, -333.394
4.34871, -1563.25, -967.227
5.88118, 632.443, -1057.03
6.10384, 821.622, 60.9742
7.20082, -125.574, 1743.9
5.08573, -164.185, -739.875
5.5282, -311.911, 614.325
5.85049, -1341.15, 1900.24
5.11404, 128.736, -566.319
3.87105, -1830.66, 1279.16
7.08924, 239.409, 562.043
3.73367, 1841.33, -899.785
4.77876, 694.923, 1280.01
3.30374, -1820.73, 1268.15
4.68319, 776.942, 698.817
7.45767, 882.391, 366.753
6.26931, -843.827, 773.831
4.97846, -1858.65, -1267.59
7.01651, -1294.06, -1540.04
4.68213, 973.978, 1050.09
5.09239, 311.884, -1870.28
4.44866, 183.607, -1627.4
5.63431, -375.789, -1159.25
5.19331, 748.458, 658.756
4.35955, 1279.64, -876.862
2.54674, -693.617, 690.329
6.3794, 66.2832, -1493.53
2.85317, -1739.91, -1160.08
3.98511, 830.373, -1370.76
4.78581, -71.7649, -1674.49
3.25156, -188.333, 33.5208
5.97819, 1275.05, -837.591
4.15587, 738.217, 284.633
5.21197, 1895.83, -1661.04
2.64678, 1469.37, -1729.09
5.38086, 43.0706, -382.397
5.18133, 686.118, 928.319
7.36678, -1471.84, -1733.88
5.57063, -623.32, -1177.12
5.26431, -1443.15, 434.059
6.69051, -526.175, 1718.91
3.75764, -989.946, 1730.64
6.98957, 1217.25, -262.039
5.97428, 1027.63, -972.468
5.82752, -950.803, -147.281
3.06838, -1217.2, -1508.36
3.37987, -1832.81, 205.5
2.91253, -288.83, 334.688
6.68103, -440.118, 679.713
2.64818, 1879.7, -1526.61
6.34719, -63.3728, -1633.86
4.29829, -1019.24, 1687.83
6.24626, 55.6521, 1022.17
6.28385, 653.967, 622.81
3.60834, -1052.32, -1758.23
5.58305, 598.256, 309.236
3.66846, -1066.56, -457.734
6.22052, -1376.59, 544.101
5.80997, -1725.51, -1319.39
4.9209, 1814.07, -1456.31
2.58972, 1630.29, 372.436
4.98291, 912.616, 332.912
5.09587, -80.6299, -1712.53
4.71395, -1659.14, 998.107
4.14528, -43.6978, 1862.34
3.52671, 938.7, -194.415
7.19863, -438.497, -1182.17
2.85168, -978.538, 1783.56
3.30042, 68.3417, -1463.31
6.70788, -1468.77, 41.9002
4.13614, -311.446, -510.335
6.85942, 335.361, 827.348
5.99896, 1303.18, 1020
5.52801, 1713.54, -394.018
4.77536, 109.279, -465.85
2.91543, -905.194, -457.168
3.94883, -45.4672, -223.718
6.51009, -1157.37, -1528.91
6.81821, 732.108, 49.1588
3.81831, 803.907, -990.727
4.79881, -1580.3, -493.461
4.95672, 1185.15, -1020.13
5.82344, -924.214, -1885.77
7.31738, -1226.93, -351.764
7.23022, 1142.23, -1445.84
2.81902, 439.413, -1285.57
5.04829, -887.097, -543.484
6.13222, 1307.35, 1294.31
5.65882, 1118.21, -622.018
3.26658, -1784.07, -1837.76
5.09652, -1700.85, 1020.92
3.52281, -1054.86, 1636.36
6.03231, 780.401, -1645.34
6.05786, -945.406, -155.313
3.66304, -967.973, -440.141
6.80594, -35.8653, -231.797
2.67122, -181.609, 1806.53
6.26587, -1813.37, 170.357
4.14789, 1257.44, 253.353
4.65309, 95.7893, -1018
7.33455, 1758.3, -419.235
4.05803, 1462.14, 1332.69
5.69762, 1812.48, -1372.97
5.95386, 1663.45, -111.474
5.36403, 79.5003, 1242.2
6.60667, 1817.59, -1456.14
4.21807, -1733.02, -1356.57
5.09387, -1587.22, -1444.09
6.78438, 228.965, -1809.81
6.18587, 700.583, 51.1565
3.45992, -1704.88, 711.405
2.83145, -610.766, 637.345
3.60828, 1776.2, -1418.51
3.33656, 264.278, -333.121
6.31172, 724.531, -1781.74
5.44905, -1643.32, 743.369
4.65223, 1689.63, 1660.69
7.09618, 1274.61, 25.497
5.09668, 912.037, 336.13
7.38058, -1379.73, -85.6095
5.15714, -898.185, 252.409
2.98716, 688.115, 664.887
5.83983, 378.531, 256.823
5.44444, 303.555, -35.3065
5.01137, -1331.4, -155.826
2.75808, -1768.38, 848.948
2.6753, -635.965, 42.0696
4.41484, -1505.31, -1038.43
5.55555, 385.004, 210.289
5.06574, 1101.18, 1668.97
5.98498, 680.027, -22.1508
4.89891, 1.00581, -404.305
3.88323, 93.276, 850.31
6.01685, -866.304, 380.267
3.67701, 1664.72, 52.2186
6.41501, 266.927, -354.945
6.60589, 663.656, 1591.05
3.21842, -962.529, 98.2765
5.75757, -1004.68, 1527.62
3.87677, 1684.16, -1870.2
7.26215, -757.381, 1384.09
4.58238, -1481.68, 46.3047
3.03869, -247.344, 767.309
4.70633, -1538.69, 1068.28
6.28811, -813.087, -541.5
2.77803, -687.016, -567.928
3.51241, -19.9232, 251.952
6.82305, 1770.05, -1413.58
6.52456, -499.425, 22.5485
2.78861, -1322.79, -1283.08
4.40304, -102.683, -1396.81
4.56124, -216.58, 1470.92
2.80071, -720.651, 606.336
7.09746, 1573.12, 1252.58
3.35398, 1083.08, 1658.89
6.51634, -1821.52, 377.288
3.88599, 1419.45, 90.8262
4.44586, 335.555, 1485.19
7.19936, 141.205, 1222.61
6.24573, 371.07, -388.458
3.44774, -680.288, 1483.59
6.89581, 832.197, 946.373
6.8953, 810.024, -1595.45
3.30515, -1596.55, -488.709
5.87346, -1566.01, -366.622
6.89096, 1248.16, 275.891
6.98262, 493.827, 1044.95
3.06535, 12.2011, 1459.91
5.93789, -447.424, -503.262
3.21651, -1418.05, -1444.36
3.6901, 747.9, -70.8855
5.64383, 1797.74, -407.31
4.312, 1572.17, 753.497
4.64437, 1161.89, 1412.15
4.91936, -44.4103, -1649.81
6.20379, 22.8906, -271.524
3.23098, -725.021, 1632.06
7.36238, -1655.37, -1472.13
7.3158, -1019.12, -443.992
3.14741, -1144.11, 1284.22
5.3784, -566.246, -1178.94
4.66439, 300.046, -353.737
5.50066, -450.14, -446.956
5.85098, -1341.23, -168.252
4.5137, 801.42, 1910.14
6.46691, 1331.13, 1316.73
4.89889, -1854.3, -482.177
5.72449, 600.093, 534.133
4.28836, -530.899, 1210.62
5.96794, -636.101, -436.033
5.83428, -831.976, -1336.84
3.22071, -827.458, 1415.19
7.10415, -1809.11, 390.977
4.22228, 79.4773, -451.523
6.66824, -798.685, -932.876
2.74349, 602.815, -1423.03
3.27936, -494.342, -86.8864
2.55765, 646.926, 948.487
3.94327, 220.799, 1155.98
5.07295, -654.335, -303.689
3.65948, 1335.29, 862.992
2.75022, -506.994, -111.056
5.33091, -1211.67, -1547.18
6.69774, -311.851, 1281.74
4.28763, -1300.88, -902.346
4.3452, 327.812, 1693.79
7.22226, 527.958, -134.615
4.72425, -1748.13, -322.754
6.82086, 891.857, 314.14
5.82654, -1544.39, -1433.82
5.79297, 346.313, 1296.16
7.10736, -1871.08, 1874.77
5.11536, 1866.15, -1273.44
5.45229, 884.316, -882.695
5.79944, 1313.36, 1324.37
4.24765, 555.446, 931.868
4.11714, 630.429, 102.577
7.08984, -235.075, 1441.84
3.08619, 1829.12, -900.842
7.31268, 1195.57, -257.258
5.17978, 108.399, -564.561
5.81447, 1551, 1278.65
5.48362, 1715.48, -984.512
6.93363, -1015.76, -1436.37
6.67999, -1321.91, -1181
6.69339, 499.205, 364.214
6.85642, -343.612, 582.735
2.5002, -1547.71, 665.019
4.77274, 550.944, 656.303
4.25696, -1825.13, 388.963
5.80713, -504.313, 1384.83
6.22234, -1754.37, 292.086
3.3821, -325.576, -944.304
7.4621, 1610.89, -1519.66
5.95466, -1841.56, 387.506
6.97862, 305.715, -31.2138
3.51579, 646.959, -186.485
7.2356, -960.987, -85.0228
4.88476, 1733.81, -932.161
6.78578, 1792.43, -1532.77
6.41237, -1799.32, -1126.48
5.70687, 1794.79, -1742.17
3.14521, -1414.87, 346.54
5.77944, 18.1959, 1332.66
3.09199, 113.546, -2.45397
3.88793, 600.707, 1542.85
6.65548, -511.663, -507.011
6.14153, -1468.74, -1012.27
6.74348, -1206.85, 581.244
3.43989, -1490.18, -1743.44
6.09602, 1114.76, -611.369
4.25586, 318.956, 604.213
3.34555, -841.748, -1370.83
4.52383, 673.346, -1032.12
4.20924, 317.214, 1460.22
6.67141, 683.086, -241.936
3.9111, 1399.81, 1179.85
5.16766, -1282.04, -909.977
6.25085, 1867.47, -1699.62
4.62554, -1289.04, -1481.56
4.66964, -1044.79, 1110.93
3.03022, 1684.75, -1826.42
6.4639, -57.7629, -864.255
3.91232, -1199.96, -922.86
7.14264, -1120.6, -464.875
5.37926, 490.129, 1018.66
3.4895, 1622.13, -591.052
5.99081, 1118.68, -1456.31
3.07265, 970.303, -1789.4
4.22945, 554.409, 1490.58
4.15646, -1128.51, -472.183
6.42735, 1656.06, -1852.78
6.65775, 916.87, -429.25
4.21712, -1453.92, 1490.43
4.2603, -503.573, 1713.06
6.38197, 254.062, -1518.47
6.58658, 8.1934, 1366.02
4.26157, -321.794, 587.751
7.09559, -803.788, -553.254
3.2877, 1025.29, 483.601
5.56029, -913.69, 1171.56
5.54222, -827.811, 1415.87
3.16647, -481.204, -1421.11
3.51409, -1421.23, -1018.27
4.79457, -1659.6, 1014.13
3.48759, -969.73, 1781.46
6.77118, -1641.64, 748.921
6.54562, -1505.79, -1316.81
2.80131, -1744.2, 1694.7
6.50584, -1410.01, 1276.38
5.49597, -323.263, -1046.52
7.43182, -1762.91, 475.811
2.65919, -260.436, 1328.55
6.8356, 1770.31, -1408.28
3.69109, 1243.74, 621.045
3.6127, 384.381, 778.22
4.73907, -1767.13, -1102.2
2.61231, 1700.04, -372.762
6.79755, -538.391, -49.5768
4.15902, 453.978, 1089.89
5.72195, 579.295, 580.048
7.43521, -1811.48, -1009.74
5.30162, 572.25, -1143.98
4.74553, -1513.69, -493.783
5.213, 300.062, -1391.11
2.90797, 1575.13, -61.8442
3.99606, -1568.98, -459.835
6.63964, 1561.55, 1288.54
6.48936, 1218.88, 1762.94
5.71048, -234.922, 1359.04
4.84105, 1234.96, 723.841
7.15326, -370.853, -1094.91
5.08798, -488.421, -93.1356
7.42924, 1592.03, -998.807
5.94567, -103.867, -1364.96
6.19966, -306.38, -960.413
3.46323, -800.043, -1780.41
6.08881, -923.933, 1188.58
6.11146, 1152.52, -298.7
6.49298, 563.751, 293.551
4.23216, 502.249, -1908.9
5.1481, -51.0772, -256.227
3.19001, 1462.58, -669.562
6.73218, -424.288, -481.913
6.32766, -59.8707, -1680.52
7.5, 1763.09, -852.045
4.24891, 974.124, 1917.58
5.50367, -1166.33, 1115.18
3.50808, -982.396, 111.491
6.2385, 86.0846, 310.096
6.49225, 1853.67, 441.19
3.03505, -1390.71, 210.749
5.35813, -1015.83, 81.5554
2.84683, 713.469, -722.435
4.16036, 1377.64, 1372.05
5.80945, 927.742, -1381.54
5.27726, 271.737, -364.917
7.12415, 454.84, -19.9742
2.69832, -922.485, 409.559
2.62083, -576.069, 433.995
4.61923, 459.433, -1278.34
4.36987, 905.703, 289.909
2.93303, -463.68, -484.728
3.05403, -260.287, 328.459
5.31992, 704.38, -683.045
7.37269, 7.8696, 1425.35
3.05066, -76.3682, -1670.38
5.99352, 201.038, 1860.74
2.79674, -145.249, -1387.78
4.69755, 1664.69, -140.564
5.24651, 1913.71, 1401.27
3.45129, 1341.49, -1461.77
7.36597, 680.023, 618.812
3.19593, -1346.6, -152.261
5.48978, 1752.97, -905.485
7.12812, -1701.66, 1402.41
3.91116, -141.172, 1722.61
6.8307, -328.565, -169.028
6.29598, -406.558, -1153.53
6.10793, 673.515, 1190.71
3.34241, -674.583, 704.855
3.32882, 1577.38, 752.505
3.39076, -1295.93, -1893.65
5.87226, 631.086, -1144.33
4.83484, -619.849, 34.168
6.85219, -1566.34, -711.087
5.76023, -1343.38, -166.049
5.80464, 1483.12, 1690.19
2.58037, -1304.05, -1169.06
4.30596, -1513.07, -1310
3.72747, 1807.19, 194.598
6.93086, -1793.9, -1800.6
5.23701, 1642.25, 1570.25
6.57209, -86.7671, -1265.21
5.24453, 336.194, 1667.75
4.16156, 977.494, -104.682
4.40213, -8.62806, -1295.59
2.52389, 1788.77, 1251.89
6.95226, -166.676, -800.051
6.16955, -922.153, 1327.08
6.04239, -248.02, 1333.21
5.1278, 154.597, -372.492
6.41065, -333.726, -1568.33
3.42484, -790.516, -869.445
5.72673, 522.065, 923.199
3.42178, -1295.73, -557.205
3.31214, 35.6428, -238.549
2.65594, -369.337, 1671.25
7.42716, 272.559, -1351.86
4.04559, -607.422, -1361.89
4.11075, -1302.47, -569.231
5.51155, 536.655, -429.55
2.89107, -645.944, -1782.38
3.93936, 5.88404, 129.372
5.79307, -309.051, -942.917
7.36348, -1840.7, -723.531
7.27758, -723.876, -1523.18
7.42745, -1296.24, -579.668
7.30478, -1746.6, -1388.25
3.0073, -1018.55, 1120.9
3.71505, -302.694, -926.486
6.91151, 209.855, -785.438
5.28805, 678.197, 1304.7
6.7669, 1568.29, 1052.26
7.49145, -1065.03, 1103.4
3.99751, -409.788, -940.648
6.33157, 1907.06, 843.592
4.81901, 575.854, -330.542
6.8168, -1308.49, -1498.04
6.99018, 1691.1, -73.4385
7.377, 501.506, -784.626
2.77405, 1184.94, 346.375
6.32605, 1808.17, -1258.38
5.09219, -1811.87, 1470.45
3.46574, 1876.61, -376.869
6.98252, 453.013, -1093.82
6.38492, -1658.86, 206.314
2.75968, 793.99, 1052.47
7.47331, -1632.83, 1497.19
5.93659, -154.936, -843.073
5.94854, 1733.55, 988.998
6.57666, -1309.36, 1599.86
7.05426, -131.754, -956.861
3.34218, -403.126, 722.262
5.24183, -1197.35, 1543.87
6.53351, -1032.42, -432.189
4.17803, 655.062, -1024.57
5.53435, -201.893, 68.924
6.59602, -1761.32, 679.712
7.3485, 124.94, -458.4
6.29349, 1093.47, 1044.94
3.72113, -302.243, -207.949
5.80589, -1142.07, 759.275
4.21574, -947.557, -426.014
7.27146, 720.908, -757.764
2.60828, 1572.15, 1078.32
4.54979, -1761.68, 1831.05
2.55789, 1127.83, -1360.4
3.04964, 1736.55, 397.048
5.28259, -1616.37, 203.914
4.45466, 1.1387, -491.355
7.20539, 249.615, -365.174
2.55572, 366.854, 747.194
6.22897, -352.2, -935.681
3.84293, 283.513, 274.7
4.27153, -1293.29, -1515.27
3.45835, -891.566, 1256.94
5.14832, 604.188, -276.223
4.39478, -138.792, -1679.25
3.16407, -50.3494, -1633.83
4.26563, -359.142, -1015.27
4.2497, 1551.63, 1899.46
7.41084, 1213.57, -244.702
5.25961, 292.358, -715.393
4.99918, 89.1077, -1430.11
3.58531, -1655.99, 812.912
4.37311, -494.023, -1216.61
6.78251, -1291.57, -893.317
6.45578, 1598.08, -1022.97
3.9204, -1042.31, 1761.92
5.07645, 883.628, 245.92
6.79238, -519.89, 42.2124
7.07844, -1738.01, -394.329
7.48941, 272.74, 1752.5
6.53177, 278.826, -335.227
5.22718, -1779.3, -302.7
7.3461, 302.282, -1431.54
5.31931, -1153.01, 733.931
4.03031, -897.714, 1290.41
5.41853, 1788.56, 1784.44
2.91197, 150.705, -550.788
5.47382, 679.508, 1170.7
3.31968, -1137.39, -1164.16
6.46527, -1270.3, -981.11
2.95373, 1203.68, 1372.87
6.3072, -967.336, -1357.8
6.83996, -568.001, -30.651
6.40105, 307.663, -676.988
6.61399, 1815.96, 1751.39
6.70974, 734.657, 1083.81
4.48328, 937.367, 484.576
6.508, -297.565, 333.027
6.56811, 738.358, -84.568
5.43493, -801.144, 179.932
4.64621, 1531.97, -48.0628
2.5002, -74.895, -877.581
5.31153, -1589.73, 662.541
6.22632, 717.478, 668.775
3.89846, 1788.21, 535.863
2.93406, -1868, 1110.01
3.5733, 1709.53, -1732.11
3.93296, -940.641, 1194.97
4.86595, -760.42, 920.253
6.95893, 1680, 1653.23
5.91955, 992.155, -964.116
3.54376, -10.8457, -263.807
6.67533, 1542.21, -15.8939
7.09218, 1832.5, 1782.91
4.48244, -1010.44, -1348.36
6.37858, 1097.65, 1034.24
5.68161, -240.501, -189.122
6.64746, 963.307, 515.175
3.40204, 1073.8, -933.372
7.45927, 1099.49, -1488.14
6.70558, -276.45, -1611.16
4.65177, 1726.74, 492.642
4.38589, 1191.58, 1695.7
2.70802, 1229.42, -989.14
6.80715, -1508.79, -1036.44
6.62116, 1775.16, -1757.99
6.25052, 47.9857, 1432.49
3.55801, -354.119, 1852.21
4.31029, -1543.3, -354.114
4.43545, -1223.18, -1526.52
7.32918, 1585.2, 1222.45
6.5872, -244.53, 1322.56
4.5755, -140.294, 875.169
5.83759, 398.824, 292.338
2.52101, 999.714, 1837.88
6.98048, -1451.83, 434.626
3.68416, -714.019, 700.366
3.79415, 699.301, -260.169
5.4939, 769.197, -1378.35
6.89823, -1646.09, 724.747
6.16299, -1168.8, -1156.7
6.0773, 1699.87, 1151.74
3.57724, -1170.76, 968.678
6.30413, 1371.66, -1875.56
3.85351, -369.458, -1006.79
2.75246, 1287.48, 626.426
4.78866, 627.148, 560.87
2.58759, 842.351, -1479.48
3.01129, 81.7054, -432.297
2.639, -315.319, 582.847
5.65921, -723.984, -1074.68
6.34425, 123.067, -473.182
2.74132, 1081.03, -1621.9
6.6924, -49.7924, -1244.79
6.76899, -476.29, -522.327
6.57649, -986.273, 1125.92
6.85188, 1585.3, 738.816
5.27222, -1233.89, -300.756
6.12646, -459.612, -4.0134
3.20424, -988.29, 1739.13
6.6115, 1149.97, -1009.43
5.51185, 1391.28, -370.238
4.93856, 956.868, -1767.31
6.14942, -521.825, 1752.6
4.05164, 1509.22, -1311.6
3.93925, -1406.68, 661.783
5.45857, -1816.03, 1495.48
5.34055, 1192.74, 1666.94
5.41059, -1831.45, -1109.09
2.84132, -1343.16, 581.427
4.34304, 292.133, -681.132
6.28475, -1848.9, -1115.46
6.35297, -901.759, -1700.17
4.27217, -804.377, -559.724
5.98913, 413.48, 1787.43
5.08005, -1297.99, -578.866
5.94494, 701.715, 290.61
6.18066, -161.472, 1253.78
2.56231, -652.164, -1299.8
7.16549, 1257.6, -295.889
5.37826, 293.662, 217.401
3.05587, 959.954, 1914.61
4.87388, -208.589, 37.932
3.24247, 502.361, 161.203
4.22594, 125.656, 861.719
7.04476, -1755.95, 319.178
4.54571, 20.1883, 1062.31
5.96642, -1319.17, -190.09
3.35865, 737.472, -1691.02
6.21715, 1723.34, -987.911
4.16319, -846.942, 1336.49
4.62157, 1232.36, 620.342
2.79523, -317.341, -199.382
5.09005, 526.772, -418.173
5.94425, 901.076, -1129.71
5.01149, -568.608, -29.083
6.56617, -366.367, -1457.97
3.07974, 201.283, -1792.5
5.24841, 538.663, 952.445
5.06046, 717.883, 65.6459
6.02649, 1862.13, 895.219
5.65083, -512.46, 1728.26
4.0207, -106.279, -1280.28
6.74719, 783.298, 689.768
3.39619, 1240.25, -57.069
2.61737, -997.127, -188.595
4.19467, 1375.52, 81.745
3.43818, 753.387, -262.216
6.60467, -558.056, 324.544
6.72507, -1775.24, -378.992
6.78031, 1676.16, -1382.06
7.37454, -1826.2, 1269.03
2.99587, 841.21, -868.184
2.56182, 1134.55, 1265
2.58614, 446.368, 1103.71
2.64527, 430.108, 206.276
4.1031, 283.531, -694.991
6.17815, 1218.19, 574.694
3.14876, 691.108, 926.039
2.5161, -756.76, 961.359
6.91905, 262.522, -1559.54
3.70482, 397.535, -1083.48
4.38481, -1609.7, 1461.9
4.44879, 1257.41, 223.76
2.81534, 1231.22, 607.782
7.30792, 371.169, 1784.93
3.75349, 1412.27, -699.105
6.85376, -1325.53, -180.62
2.85991, -1764.29, 735.95
2.70653, -1149.1, 1162.84
3.46378, 645.941, -1029.86
3.86708, -596.072, 613.989
7.4007, -1878.5, -699.109
3.60607, 690.899, -1013.62
6.43119, -1726.44, 1659.64
4.42306, 522.488, -805.444
3.78593, 912.644, -1250.19
3.91087, -1791.9, 128.308
7.33834, 1776.96, -96.2088
4.22841, 1420.29, 305.344
3.45922, -1854.68, 1451.71
5.05037, -1089.9, -724.754
5.21857, -1066.44, 1211.32
5.72333, -1304.78, -1180.14
3.89738, 4.23088, 1481.45
3.41887, -623.575, -1355.71
2.71579, -1698.5, 722.235
3.98408, -908.879, -463.177
4.25548, -458.731, 259.527
7.09372, -847.462, 1306.05
5.81225, 971.694, -694.123
5.08041, 1710.96, 1112.25
4.03763, 1151.66, 1100.95
3.0007, -655.831, 284.565
3.47502, 736.21, -1776.56
4.11407, 52.4103, -220.033
5.56182, 1788.08, 174.589
5.13511, 1867.34, -1898.64
3.45653, 626.442, 542.56
4.7178, -1291.06, -901.06
4.48693, -1325.17, 1601.76
6.28051, -1175.6, 1495.37
6.6213, 1446.75, 1206.67
5.51573, 262.222, -741.343
3.04573, 1163.95, -1566.14
4.11797, 933.64, -331.17
5.03403, 45.8824, 611.669
4.76521, -1331.42, 1586.66
4.77315, -342.246, -943.697
4.91125, 1802.4, 1815.85
5.07896, 722.616, -1296.67
4.50207, 359.875, 1585.15
4.22945, 1878.16, 830.881
6.64533, 1812.7, -419.07
3.02204, -1388.03, -1503.36
6.40057, 1072.85, 1069.21
3.19919, -581.214, -462.83
2.62171, -1500.27, -1046.8
6.0664, 758.891, -1384.35
7.15538, 289.399, -1576.06
7.47667, 445.138, 327.818
3.86264, -1791.06, 297.841
3.6923, -1035.22, -480.732
3.87328, 1825.28, 1212.09
5.70836, -1755.3, -1448.4
5.17637, 586.432, 250.531
6.8967, 1583.67, -588.792
6.75968, -1277.17, -1541.24
2.98004, 1649.77, -146.772
4.66818, -1438.26, 460.849
3.17045, -323.571, -1459.61
5.86802, -378.588, 629.223
5.34964, -74.7578, -880.507
3.66474, -1106.2, 1136.74
5.50306, 505.789, -1314.6
2.6551, -1515.1, -23.9785
7.08512, 1074.56, -568.85
3.82958, 1698.48, -367.036
6.50016, -347.572, -1062.54
5.46389, 215.012, -1484.08
5.0822, 683.12, 1207.66
5.2567, 742.736, 1196.22
3.47225, 907.544, -430.977
5.36152, 306.035, -1417.14
3.81992, 337.198, 806.397
4.41648, -1562.99, 1037.1
2.73626, -1485.83, -1736.59
4.22823, 1127.82, -1360.56
3.61594, 1277.2, -858.717
3.81264, 35.2557, -1421.52
3.05141, -807.572, -879.121
7.40088, -1354.75, -4.2376
5.93794, 1555.81, 1237.22
5.82158, -1090.75, -737.941
5.99501, -1170.62, -1330.98
2.68746, -1651.83, -1470.13
3.6706, -1293.21, -1502.78
3.95397, 1472.98, 1337.21
3.50543, 24.3469, -407.569
2.7177, 707.017, 587.188
2.56571, -1040.85, 1106.64
6.07297, -980.591, 1545.2
6.88348, -1692.07, -1196.63
5.35088, -1741.21, 648.065
6.92743, 1716.41, 1664.02
5.20042, -739.977, -537.577
3.31357, 1740.27, -1272.42
3.30492, 1850.37, 914.2
7.19182, 608.263, 500.846
3.45628, 1038.96, -1613.53
3.15761, -19.0362, -232.777
4.41122, -480.399, 85.1108
6.12674, 565.939, -403.154
2.50651, 1095.63, 1686.46
4.60222, 70.6194, 1445.47
5.18984, 520.701, -456.615
4.86596, -458.22, 472.843
6.33003, 1095.65, 1690.68
2.9396, 1055.12, -952.138
7.04284, 290.863, 644.766
3.20818, -1653.44, -808.2
2.54782, 709.447, -47.946
2.82267, 553.306, 915.474
4.96742, 745.831, 440.343
5.40914, 1028.52, 1903.54
4.03373, -1826.63, 1076.57
4.57091, 1645.05, -116.785
4.33401, -1205.06, -1286.85
3.42687, 301.624, 1290.87
2.76788, 1261.02, 252.385
4.47222, 1027.52, -103.728
3.98388, -656.004, -272.458
5.05388, -769.95, 1615.35
3.75392, -1446.27, 426.889
5.01589, 1811.47, 1800.25
2.51168, 26.0633, 1573.39
7.01807, 1857, -881.621
2.79181, -1835.73, -1845.2
5.17506, -1226.04, 1566.81
3.95754, -763.292, 1650.75
7.3023, -1570.5, -493.512
4.73406, 696.727, -205.797
5.08479, 1691.81, 366.475
5.93861, -481.363, -6.86578
2.72187, -316.309, 111.463
7.2946, -1554.64, 1184.2
5.70852, 751.432, 283.701
2.80215, 1137.21, -1468.15
3.33964, 152.14, 524.371
5.76491, 959.01, -434.224
6.19864, -1546.83, 658.995
3.57011, 1622.75, 425.051
4.31441, 269.579, -1568.87
6.56981, -1286.09, 1814.97
5.32057, 1606.02, -922.913
7.45886, -77.0598, -1663.13
6.5669, -1526.82, 724.198
3.49157, -1901.44, -35.2242
2.50003, -306.65, -1604.94
4.62608, 1778.25, -1395.63
4.07406, 1664.09, 414.798
5.56218, 1196.31, -1802.18
3.83351, -326.246, -1028.75
4.39881, -1181.4, -150.225
5.43397, 1799.5, 578.806
5.95636, -242.619, -937.904
7.26736, -843.4, -1096.28
4.89785, -593.106, -1819.27
3.60319, 752.609, -1367.26
5.33741, -1364.78, -962.286
6.09873, 713.512, 666.133
4.4953, -955.092, 1183.01
3.48326, -1345.77, 1884.89
6.66971, -1298.23, -1514.58
5.59561, -899.729, -1707.91
7.26866, -550.738, 344.281
3.23222, 21.6332, -402.718
5.38953, 26.6785, -882.188
7.26796, -868.747, 1390.28
3.62331, 1405.78, -1950.91
7.25137, -978.483, 1563.02
3.07874, 1551.06, -966.927
2.58372, -15.993, -403.586
3.90465, -665.775, -325.145
7.15042, 1258.28, 259.879
3.04796, 1525.22, 1704.31
6.77266, 1.54558, 1507.44
5.68532, -1404, -1429.73
5.63853, 813.111, -1400.03
3.80589, 1430.59, 1345.83
5.13936, -1776.02, 418.526
7.16608, -459.494, 1738.04
3.98055, 1773.5, 230.019
4.78006, 381.865, 775.172
6.35659, -1318.46, -1166.99
4.17193, 268.968, 216.553
6.31775, -113.291, -1647.76
6.65892, -56.7606, 1787.98
2.64618, -1444.17, 1118.59
4.31315, 1392.8, -516.322
4.16221, 553.059, 935.218
3.17675, -1034.42, -484.933
3.00839, -584.198, 1231.84
5.11327, -1174.9, 1579.07
3.52046, 67.4229, -1011.02
5.00728, -1688.29, -1185.57
5.1371, -51.8483, 1857.77
4.13422, -527.401, -558.777
4.75888, 484.358, -809.891
6.85263, -60.2389, 1823.38
4.72884, 1195.68, 1657.95
6.03726, -907.5, -1677.68
6.83171, 1763.92, -1391.01
6.5822, 1659.26, 408.909
2.67504, 1651.36, 1655.38
3.8644, -1244.04, -505.04
5.21858, -825.089, -843.595
3.19942, -1766.14, -1119.78
5.57408, -1479.53, -1781.66
3.29182, -1154.66, -1218.88
4.41129, 217.285, 429.603
5.94997, -197.241, 363.426
3.21128, -801.227, 953.537
5.65284, -1567.09, 1505.69
3.15973, 317.281, 1808.29
7.13583, -1429.66, 392.723
5.53465, -1825.42, 1559.2
5.50388, -1763.64, 709.564
3.33635, 1145.51, -997.43
3.301, -1649.89, -811.364
5.91628, 1185.28, -46.2256
5.1456, -1379.81, -19.7279
3.65264, -227.738, 1454.36
6.55373, -956.841, -122.168
5.76477, -828.354, -1089.21
4.08597, -1190.25, -1178.65
2.53953, -501.259, -1578.9
3.49176, 1432.69, 1365.19
3.78831, 17.1825, 745.921
3.03825, 1713.19, 58.3685
3.49545, 243.846, -815.368
6.75079, 1590.04, -1541.04
6.63912, -1805.43, 425.246
6.76813, -1832.08, -1092.44
5.71027, 601.291, 1538.45
3.6787, 1408.68, -1945.68
6.80638, -1007.84, -1543.28
5.4745, 15.7106, -239.683
2.52745, 1005.46, -130.454
6.84925, -1275.44, -905.279
7.37729, 1248.49, 280.877
5.59653, 719.706, 68.8167
3.85574, -1765.04, 724.581
7.46973, -385.789, -1152.38
4.60751, -1366.31, -1004.15
4.20537, -1561.22, -1202.45
4.80717, 670.886, -194.097
4.44822, 503.733, -830.598
4.613, -44.6007, 1018.9
2.84879, 252.93, 611.32
5.5153, -52.7073, -236.075
7.36114, -101.504, 421.406
5.07406, -1422.98, -991.884
7.45461, 1816.51, -254.77
5.84906, 1237.81, -318.271
4.01716, -1198.14, 117.066
3.47371, 1665.71, 1160.54
4.0109, -1478.85, -1752.77
4.93946, -690.267, 903.27
4.72438, 1008.3, 1872.75
5.7844, 679.499, -1781.58
3.74227, -1478.84, -1393.86
4.72007, 96.9052, 1084.08
5.75894, -1378.92, -23.9444
6.67472, -1401.82, 498.934
6.03698, 367.235, 1607.41
4.93928, -1676.76, -1222.74
6.72039, 778.303, -431.945
7.00296, -1002.98, -460.115
6.33082, -1336, -974.184
5.29453, 1309.97, 1768.39
2.70603, -11.0864, 120.222
5.46749, 1103.67, 151.693
2.68674, -1199.95, 1564.13
4.53488, 141.343, 862.157
2.84243, -1876.64, -1727.62
7.38558, -1501.51, -1819.79
2.5956, -962.121, -554.076
6.60363, -339.825, -525.289
5.2195, -763.729, 1660.53
5.72828, 1497.8, -677.179
3.62934, -535.585, 10.9842
2.733, 1776.95, -1424.81
3.63154, 423.84, -1084.77
4.58371, -1269.5, 259.047
6.40126, 510.65, -1226.93
3.72852, -1798.83, 672.831
4.81411, 1237.18, 324.746
6.14756, 1850.78, 570.681
5.35237, -677.048, 1587.18
5.45997, 1817.49, 1835.9
4.98425, -1748.96, 544.28
3.951, 907.822, 317.156
4.71107, 23.3347, -502.079
2.53669, 1664.77, -811.988
7.41683, 984.241, -698.046
2.52822, -1515.67, -402.238
4.8676, -200.82, 1463.3
5.86497, -667.862, -265.867
