6.27803, -1472.53, -1755.98
3.5948, -21.7378, -326.059
5.89648, 697.234, -1646.68
5.09708, -589.813, 1705.65
2.76731, -1765.96, 1251.74
2.53849, 621.951, 100.478
4.58743, -1501.88, -447.751
7.15218, 330.555, 802.433
2.95982, 6.39656, 1378.56
6.00595, -390.683, 604.128
3.81226, 1119.08, 1620.42
4.14117, 942.591, -1690.04
7.45519, 838.73, 413.533
7.41275, -1000.98, -476.453
5.75759, 906.735, 806.923
6.92354, 495.686, -1557.48
6.33247, -366.317, -958.904
3.87453, -933.959, -172.689
4.93259, -1243.3, -688.58
2.80282, 1559.62, 1521.9
5.08146, -3.50552, 1344.11
4.96988, 1751.6, -777.923
7.23882, -1401.99, -997.013
4.42071, -90.045, -1584.82
5.14874, 1603.06, -995.421
2.75042, 1578.33, -79.3753
6.63909, 1060.55, 995.592
5.94228, -1637.86, -1371.75
6.18112, 544.94, 1436.18
6.94286, 1799.3, 905.309
4.25508, -722.272, -1030.25
6.72991, 373.803, 18.4348
3.84659, 1189.93, -280.813
4.83959, 136.12, -417.687
3.2686, -1310.65, -924.607
2.66527, 1175.73, 206.895
7.2768, 3.73837, 159.793
6.95369, 249.588, 885.223
3.29884, 1193.82, 395.377
3.15214, 856.323, -1113.02
2.515, -912.613, -1560.83
6.0491, -1643.45, -372.68
3.40448, -998.754, 1559.83
5.76029, 1504.15, -617.105
4.42907, 797.91, -1353.57
3.23766, 90.4488, -414.877
5.45054, 1105.05, 220.094
3.24076, 322.854, 1685.17
3.2091, -300.987, 1777.38
4.94257, -900.837, 192.862
3.13015, 1572.59, -58.1126
5.64635, -605.654, -1095.53
5.60817, 531.308, -1329.51
4.88216, -1033.67, 1146.62
2.64188, -966.763, -532.711
3.21011, -169.225, 1327.86
3.15594, -425.043, 1622.98
3.31099, -1537.59, 1423.16
3.76529, -465.921, -1518.73
4.77654, 1097, -1420.09
6.54472, -155.065, -557.751
3.57624, 576.379, 1489.99
3.75063, 1507.42, 793.99
5.02978, -210.081, 1373.53
6.27922, 1199.36, 336.392
5.66369, 1615.5, -186.908
5.9449, 1166.17, -247.851
7.27207, 1693.86, 936.712
5.18713, -830.065, 1304.31
4.57014, -1354.16, -7.35676
4.70019, 1388.68, 298.616
6.07821, 1381.89, 884.52
6.20858, 646.091, 1096.12
5.12494, 1485.38, -1815.39
6.06711, -1580.42, -187.423
5.91025, 677.972, -28.4427
6.82941, 1613.03, -1121.31
3.19597, 8.64492, 1363.51
3.57766, 1733.66, -240.013
5.0733, -584.023, -336.686
4.83766, -204.417, 1381.75
3.55759, -468.513, 1216.3
5.65244, -1304.36, 1800.66
2.5044, -1772.68, 356.619
4.09589, 814.263, 988.106
5.90281, 646.855, -152.52
6.0446, 1252.75, -1084.09
2.90869, -1519.32, 1195.66
3.56926, 577.932, 885.795
4.44412, -1552.95, -1112.29
4.44927, 1656.56, 1696.76
3.92018, 704.948, -915.008
4.6123, 1060.49, 1003.3
2.55658, -1301.06, -777.751
3.72027, 1737.56, -1327.06
4.49072, -1401.8, 1215.84
6.64177, -1409.7, 391.178
3.78584, 1604.04, -1331.9
3.59705, -1480.68, -963.865
6.47385, 668.066, 558.487
5.8476, 883.718, 758.225
5.49108, -1567.51, 697.14
5.99917, -696.151, -1084.47
5.13062, 1091.97, -1425.09
4.14833, 421.874, 246.12
3.30844, -1491.46, 664.932
6.56633, 1342.21, -10.2152
4.08004, 823.99, 384.604
4.05369, 70.2033, -1404.65
4.65424, 90.064, 257.528
4.46509, -261.585, -1022.96
4.43916, 31.5675, -325.611
4.34871, -1413.08, -980.6
5.88118, 582.2, -1112.28
6.10384, 688.196, 42.2735
7.20082, -93.1592, 1684.69
5.08573, -176.949, -808.764
5.5282, -265.709, 539.829
5.85049, -1291.68, 1806.22
5.11404, 99.5273, -421.82
3.87105, -1758.59, 1252.47
7.08924, 305.825, 589.297
3.73367, 1705.72, -900.791
4.77876, 668.578, 1190.23
3.30374, -1770.8, 1268.77
4.68319, 654.331, 579.866
7.45767, 902.768, 291.036
6.26931, -804.636, 765.568
4.97846, -1714.97, -1210.62
7.01651, -1220.14, -1437.05
4.68213, 976.062, 979.507
5.09239, 279.591, -1758.95
4.44866, 206.073, -1487.52
5.63431, -395.66, -1027.16
5.19331, 654.157, 548.964
4.35955, 1252.01, -903.792
2.54674, -647.992, 656.778
6.3794, 81.7609, -1393.11
2.85317, -1673.2, -1151.57
3.98511, 808.741, -1398.59
4.78581, -39.1539, -1531.14
3.25156, -195.773, 49.2065
5.97819, 1223.3, -817.374
4.15587, 702.723, 287.001
5.21197, 1805.09, -1592.74
2.64678, 1478.42, -1572.5
5.38086, 90.4745, -346.307
5.18133, 627.882, 910.733
7.36678, -1448.16, -1699.87
5.57063, -606.858, -1088.96
5.26431, -1398.37, 417.786
6.69051, -461.437, 1621.23
3.75764, -967.207, 1612.78
6.98957, 1138.26, -257.894
5.97428, 1043.96, -939.263
5.82752, -911.888, -125.688
3.06838, -1293.01, -1397.18
3.37987, -1697.93, 226.799
2.91253, -268.557, 328.294
6.68103, -377.168, 581.448
2.64818, 1774.2, -1438.25
6.34719, -99.901, -1678.1
4.29829, -979.717, 1610.03
6.24626, 67.0045, 1034.38
6.28385, 646.955, 613.7
3.60834, -1023.63, -1655.84
5.58305, 563.943, 255.803
3.66846, -976.355, -430.907
6.22052, -1378.05, 458.111
5.80997, -1613.71, -1342.59
4.9209, 1733.69, -1363.67
2.58972, 1568.55, 378.157
4.98291, 818.089, 264.331
5.09587, -11.1408, -1515.04
4.71395, -1589.72, 977.959
4.14528, -72.206, 1720.6
3.52671, 908.805, -165.304
7.19863, -345.59, -1050.26
2.85168, -948.905, 1678.33
3.30042, 25.3363, -1394.7
6.70788, -1356.87, -9.74494
4.13614, -384.052, -485.624
6.85942, 347.021, 729.965
5.99896, 1257.42, 1006.25
5.52801, 1637.35, -388.82
4.77536, 94.0241, -417.738
2.91543, -936.055, -485.846
3.94883, 26.3296, -308.123
6.51009, -1245.08, -1451.61
6.81821, 757.154, 17.0765
3.81831, 755.049, -955.501
4.79881, -1452.35, -465.44
4.95672, 1058.54, -931.498
5.82344, -912.916, -1779.68
7.31738, -1204.26, -337.112
7.23022, 1019.31, -1394.7
2.81902, 473.36, -1233.11
5.04829, -866.138, -448.127
6.13222, 1339.21, 1303.8
5.65882, 1028.54, -557.813
3.26658, -1718.88, -1806.1
5.09652, -1630.98, 982.181
3.52281, -963.378, 1554.03
6.03231, 718.291, -1581.42
6.05786, -977.792, -132.717
3.66304, -859.894, -397.53
6.80594, 87.7396, -304.47
2.67122, -103.836, 1682.35
6.26587, -1699.33, 211.106
4.14789, 1293.14, 198.676
4.65309, 41.1632, -934.36
7.33455, 1674.44, -339.402
4.05803, 1431.78, 1221.73
5.69762, 1751.37, -1400.31
5.95386, 1553.97, -77.6711
5.36403, 67.2632, 1234.16
6.60667, 1752.57, -1435.25
4.21807, -1640.48, -1309.7
5.09387, -1487.24, -1384.25
6.78438, 218.037, -1686.3
6.18587, 631.415, 96.5221
3.45992, -1645.05, 703.958
2.83145, -567.547, 627.886
3.60828, 1707.02, -1293.25
3.33656, 246.414, -423.326
6.31172, 699.437, -1685.99
5.44905, -1625.96, 664.693
4.65223, 1629.23, 1583.95
7.09618, 1224.68, 21.6846
5.09668, 829.728, 264.586
7.38058, -1309.51, -113.028
5.15714, -866.768, 186.337
2.98716, 753.838, 609.594
5.83983, 409.75, 238.495
5.44444, 340.927, -18.5819
5.01137, -1367.59, -45.6584
2.75808, -1652.58, 750.18
2.6753, -501.389, -32.3888
4.41484, -1450.22, -973.813
5.55555, 421.033, 247.614
5.06574, 1131.84, 1617.4
5.98498, 690.329, -20.0645
4.89891, 101.337, -443.32
3.88323, 104.564, 842.65
6.01685, -857.189, 349.068
3.67701, 1582.44, -7.65854
6.41501, 217.773, -366.822
6.60589, 560.822, 1502.44
3.21842, -955.465, 94.3631
5.75757, -969.187, 1532.53
3.87677, 1629.38, -1748.65
7.26215, -802.07, 1319.8
4.58238, -1435.93, 30.4636
3.03869, -244.103, 718.328
4.70633, -1518.61, 1064.23
6.28811, -763.159, -526.155
2.77803, -721.484, -486.73
3.51241, 21.9279, 191.046
6.82305, 1744.8, -1378.83
6.52456, -556.996, -65.9286
2.78861, -1279.13, -1198.34
4.40304, -97.5391, -1281.11
4.56124, -172.71, 1325.56
2.80071, -667.349, 618.752
7.09746, 1483.46, 1230.37
3.35398, 1112.42, 1647.49
6.51634, -1671.6, 404.879
3.88599, 1305.98, 74.2955
4.44586, 342.937, 1461.26
7.19936, 123.152, 1196.94
6.24573, 325.503, -386.078
3.44774, -718.164, 1447.07
6.89581, 785.248, 924.302
6.8953, 794.06, -1528.41
3.30515, -1483.69, -521.467
5.87346, -1529.54, -420.848
6.89096, 1148.17, 299.389
6.98262, 483.85, 979.803
3.06535, 37.406, 1387.82
5.93789, -471.801, -437.352
3.21651, -1287.96, -1299.69
3.6901, 672.696, -86.0311
5.64383, 1707.12, -376.397
4.312, 1509.36, 740.188
4.64437, 1169.99, 1351.02
4.91936, -104.013, -1592.96
6.20379, -15.0714, -286.723
3.23098, -658.579, 1536.99
7.36238, -1633.37, -1360.17
7.3158, -1044.57, -419.923
3.14741, -1067.58, 1224.52
5.3784, -537.242, -1117.16
4.66439, 136.276, -349.449
5.50066, -448.993, -519.315
5.85098, -1350.07, -118.583
4.5137, 811.178, 1837.39
6.46691, 1349.07, 1233.05
4.89889, -1734.73, -456.834
5.72449, 711.403, 579.623
4.28836, -547.767, 1213.06
5.96794, -597.133, -430.696
5.83428, -851.442, -1306.83
3.22071, -863.841, 1325.85
7.10415, -1691.07, 381.801
4.22228, 66.7094, -470.029
6.66824, -778.647, -893.259
2.74349, 608.57, -1346.43
3.27936, -538.894, -13.131
2.55765, 653.318, 885.646
3.94327, 192.763, 1134.71
5.07295, -677.451, -296.829
3.65948, 1304.58, 852.214
2.75022, -564.353, -47.7886
5.33091, -1320.23, -1450.19
6.69774, -262.302, 1303.69
4.28763, -1337.45, -936.344
4.3452, 321.061, 1611.23
7.22226, 558.182, -122.288
4.72425, -1697.08, -375.101
6.82086, 812.775, 365.766
5.82654, -1523.9, -1354.17
5.79297, 300.09, 1250.64
7.10736, -1814.99, 1818.62
5.11536, 1745.71, -1285.91
5.45229, 855.055, -873.491
5.79944, 1325.33, 1303.39
4.24765, 571.746, 868.097
4.11714, 627.146, 53.6753
7.08984, -170.848, 1369.09
3.08619, 1777.7, -822.21
7.31268, 1136.43, -257.366
5.17978, 101.102, -415.869
5.81447, 1463.03, 1224.09
5.48362, 1641.46, -948.187
6.93363, -1018.62, -1366.05
6.67999, -1302.58, -1104.5
6.69339, 487.646, 277.058
6.85642, -387.761, 612.089
2.5002, -1556.87, 651.774
4.77274, 633.263, 577.396
4.25696, -1707.73, 407.467
5.80713, -490.431, 1347.86
6.22234, -1699.41, 326.118
3.3821, -361.98, -971.252
7.4621, 1648.89, -1440.86
5.95466, -1720.03, 374.344
6.97862, 334.483, -24.3862
3.51579, 575.843, -162.101
7.2356, -900.083, -195.575
4.88476, 1730.5, -901.643
6.78578, 1719.43, -1482.85
6.41237, -1693.07, -1100.66
5.70687, 1711.12, -1696.04
3.14521, -1396.45, 437.802
5.77944, 11.0809, 1411.15
3.09199, 122.001, -27.0051
3.88793, 572.345, 1458.75
6.65548, -489.514, -515.653
6.14153, -1416.25, -992.867
6.74348, -1222.49, 566.694
3.43989, -1384.61, -1706.11
6.09602, 1050.83, -623.32
4.25586, 280.883, 597.689
3.34555, -821.127, -1274.38
4.52383, 646.144, -1008.17
4.20924, 293.265, 1415.83
6.67141, 623.515, -130.491
3.9111, 1454.48, 1234.72
5.16766, -1297.02, -916.215
6.25085, 1743.77, -1679
4.62554, -1173.21, -1458.01
4.66964, -958.393, 1140.38
3.03022, 1679.26, -1830.11
6.4639, -55.5197, -845.102
3.91232, -1358.36, -948.901
7.14264, -1010.62, -476.011
5.37926, 509.594, 988.378
3.4895, 1504.29, -635.714
5.99081, 1057.13, -1386.74
3.07265, 878.287, -1634.92
4.22945, 514.117, 1434.64
4.15646, -1002.24, -480.234
6.42735, 1648.16, -1748.24
6.65775, 888.242, -371.725
4.21712, -1427.12, 1463.56
4.2603, -456.335, 1630.94
6.38197, 205.388, -1493.44
6.58658, 32.7044, 1416.27
4.26157, -374.812, 599.194
7.09559, -793.77, -520.818
3.2877, 944.597, 455.638
5.56029, -956.738, 1238.68
5.54222, -863.684, 1326.51
3.16647, -454.671, -1344.71
3.51409, -1354.52, -1002.35
4.79457, -1594.6, 959.532
3.48759, -961.435, 1643.17
6.77118, -1627.11, 672.487
6.54562, -1469.67, -1278.16
2.80131, -1721.94, 1590.33
6.50584, -1380.33, 1244.64
5.49597, -299.675, -974.286
7.43182, -1730.09, 331.802
2.65919, -146.835, 1370.85
6.8356, 1735.52, -1364.48
3.69109, 1190.89, 581.122
3.6127, 416.034, 710.896
4.73907, -1703.89, -1106.44
2.61231, 1708.13, -383.426
6.79755, -426.907, -65.7824
4.15902, 521.125, 975.38
5.72195, 669.823, 600.929
7.43521, -1690.44, -1124.12
5.30162, 589.821, -1072.56
4.74553, -1532.74, -414.819
5.213, 254.417, -1355.22
2.90797, 1556.15, -37.8964
3.99606, -1515.15, -468.41
6.63964, 1473.25, 1173.98
6.48936, 1167.9, 1624.89
5.71048, -188.784, 1303.68
4.84105, 1200.12, 656.027
7.15326, -323.599, -960.042
5.08798, -533.623, -6.64703
7.42924, 1583.31, -983.239
5.94567, -48.5767, -1314.91
6.19966, -359.599, -978.409
3.46323, -823.421, -1679
6.08881, -921.604, 1199.75
6.11146, 1143.98, -261.407
6.49298, 585.36, 285.434
4.23216, 493.206, -1816.31
5.1481, 79.3728, -367.4
3.19001, 1485.86, -669.892
6.73218, -447.939, -521.958
6.32766, -30.6039, -1530.55
7.5, 1686.03, -867.732
4.24891, 981.066, 1794.47
5.50367, -1049.89, 1104.79
3.50808, -972.953, 54.7138
6.2385, 72.6452, 252.514
6.49225, 1735.7, 454.834
3.03505, -1366.45, 204.112
5.35813, -946.823, 56.4454
2.84683, 688.008, -725.483
4.16036, 1321.28, 1284.9
5.80945, 863.117, -1345.32
5.27726, 208.771, -373.006
7.12415, 449.91, -12.7643
2.69832, -858.65, 330.474
2.62083, -521.139, 369.972
4.61923, 502.758, -1231.59
4.36987, 812.016, 360.555
2.93303, -468.39, -441.497
3.05403, -266.485, 329.897
5.31992, 679.973, -740.899
7.37269, 23.082, 1377.47
3.05066, -48.2245, -1547.71
5.99352, 210.281, 1745.77
2.79674, -131.784, -1307.17
4.69755, 1576.86, -83.0633
5.24651, 1835.59, 1368.59
3.45129, 1295.21, -1418.47
7.36597, 680.864, 576.795
3.19593, -1247.43, -174.582
5.48978, 1597.88, -912.893
7.12812, -1649.6, 1402.87
3.91116, -80.6184, 1702.82
6.8307, -302.534, -176.558
6.29598, -393.605, -1043.86
6.10793, 699.868, 1131.3
3.34241, -666.352, 657.199
3.32882, 1506.36, 746.004
3.39076, -1299.26, -1796.97
5.87226, 594.254, -1085.52
4.83484, -480.304, -58.9747
6.85219, -1503.47, -709.253
5.76023, -1341.29, -94.0389
5.80464, 1496.45, 1626.43
2.58037, -1289.23, -1111.52
4.30596, -1476.25, -1272.44
3.72747, 1683.55, 191.808
6.93086, -1749.98, -1724.7
5.23701, 1628.52, 1602.2
6.57209, -67.9552, -1265.98
5.24453, 323.142, 1653.33
4.16156, 946.928, -143.241
4.40213, -89.6785, -1243.78
2.52389, 1722.91, 1174.15
6.95226, -177.65, -820.211
6.16955, -860.293, 1233.67
6.04239, -212.564, 1380.3
5.1278, 150.129, -417.568
6.41065, -255.522, -1509.59
3.42484, -818.085, -869.142
5.72673, 546.504, 889.852
3.42178, -1230.53, -520.546
3.31214, 3.66214, -174.771
2.65594, -421.127, 1650.64
7.42716, 270.776, -1409.95
4.04559, -573.055, -1282.47
4.11075, -1209.45, -525.429
5.51155, 514.312, -423.521
2.89107, -607.434, -1719.25
3.93936, -4.25415, 127.87
5.79307, -354.424, -987.109
7.36348, -1729.18, -732.76
7.27758, -722.318, -1447.38
7.42745, -1228.32, -526.746
7.30478, -1642.25, -1298.68
3.0073, -956.379, 1221.77
3.71505, -279.523, -1023.43
6.91151, 230.84, -681.435
5.28805, 642.09, 1140.46
6.7669, 1540.28, 1091.24
7.49145, -1032.41, 1151.46
3.99751, -246.042, -1023.49
6.33157, 1833.38, 782.06
4.81901, 572.239, -350.278
6.8168, -1247.94, -1473.09
6.99018, 1601.85, -127.629
7.377, 480.941, -835.732
2.77405, 1107.6, 337.474
6.32605, 1741.49, -1322.15
5.09219, -1748.62, 1466.82
3.46574, 1814.41, -292.246
6.98252, 443.651, -1086.06
6.38492, -1593.06, 210.64
2.75968, 735.387, 1028.87
7.47331, -1591.73, 1452.68
5.93659, -206.868, -730.287
5.94854, 1689.25, 977.317
6.57666, -1294.53, 1505.44
7.05426, -185.774, -949.986
3.34218, -343.813, 570.786
5.24183, -1110.9, 1507.95
6.53351, -1066.68, -523.681
4.17803, 625.457, -987.59
5.53435, -205.575, 29.7718
6.59602, -1673.67, 667.898
7.3485, 49.1519, -378.069
6.29349, 1019.09, 1122.36
3.72113, -342.766, -187.399
5.80589, -1155.93, 700.088
4.21574, -1031.21, -477.462
7.27146, 686.58, -689.823
2.60828, 1511.82, 1037
4.54979, -1738.15, 1765.18
2.55789, 1059.92, -1398.6
3.04964, 1705.22, 391.499
5.28259, -1616.68, 247.662
4.45466, 92.5833, -415.652
7.20539, 224.727, -307.278
2.55572, 393.927, 824.878
6.22897, -304.081, -1005.79
3.84293, 359.244, 242.182
4.27153, -1202.08, -1450.64
3.45835, -875.7, 1342.13
5.14832, 637.154, -234.756
4.39478, -84.8379, -1584.24
3.16407, -108.518, -1691.47
4.26563, -328.604, -874.128
4.2497, 1535.96, 1818.92
7.41084, 1161.57, -212.213
5.25961, 240.347, -665.867
4.99918, 22.1615, -1427.86
3.58531, -1657.9, 635.102
4.37311, -443.97, -1085.41
6.78251, -1289.84, -926.314
6.45578, 1588.57, -928.004
3.9204, -1017.81, 1631.33
5.07645, 858.78, 322.553
6.79238, -474.438, 39.8325
7.07844, -1647.01, -412.306
7.48941, 336.158, 1676.34
6.53177, 213.479, -378.823
5.22718, -1658.08, -286.805
7.3461, 298.647, -1360.76
5.31931, -1118.13, 749.774
4.03031, -867.799, 1275.93
5.41853, 1766.97, 1732.22
2.91197, 77.4674, -403.705
5.47382, 698.711, 1119.94
3.31968, -1182.61, -1172.8
6.46527, -1222.83, -1046.63
2.95373, 1223.81, 1307.87
6.3072, -959.989, -1337.48
6.83996, -514.892, -34.1172
6.40105, 229.273, -685.964
6.61399, 1689.58, 1635.88
6.70974, 704.162, 1094.92
4.48328, 822.058, 404.672
6.508, -245.867, 304.7
6.56811, 638.646, -45.8717
5.43493, -785.677, 155.846
4.64621, 1549.1, -27.9217
2.5002, -61.5137, -850.148
5.31153, -1564.7, 651.117
6.22632, 663.568, 615.755
3.89846, 1701.63, 516.055
2.93406, -1762.87, 1066.87
3.5733, 1753.78, -1681.52
3.93296, -964.375, 1149.52
4.86595, -758.203, 937.468
6.95893, 1697.09, 1652.81
5.91955, 990.519, -953.151
3.54376, 34.6098, -382.178
6.67533, 1491.01, -69.6325
7.09218, 1795.18, 1804.03
4.48244, -1034.4, -1332.92
6.37858, 1087.37, 990.327
5.68161, -214.633, -204.287
6.64746, 934.799, 463.766
3.40204, 978.87, -931.683
7.45927, 1086.33, -1391.32
6.70558, -275.066, -1515.81
4.65177, 1672.53, 446.83
4.38589, 1096.64, 1584.44
2.70802, 1100.55, -986.367
6.80715, -1367.39, -981.193
6.62116, 1753.54, -1662.07
6.25052, -40.6554, 1401.83
3.55801, -370.419, 1732.32
4.31029, -1477.47, -420.58
4.43545, -1271.83, -1407.91
7.32918, 1475.02, 1191.08
6.5872, -188.246, 1400.27
4.5755, -112.758, 849.872
5.83759, 364.974, 231.117
2.52101, 1035.6, 1786.6
6.98048, -1400, 391.355
3.68416, -668.341, 676.861
3.79415, 647.554, -349.821
5.4939, 749.55, -1302.06
6.89823, -1622.42, 661.327
6.16299, -1200.44, -1161.28
6.0773, 1591.11, 1135.75
3.57724, -1120.38, 981.487
6.30413, 1386.63, -1841.88
3.85351, -369.61, -973.193
2.75246, 1166.22, 582.789
4.78866, 643.965, 609.576
2.58759, 793.325, -1345.32
3.01129, 119.268, -427.361
2.639, -367.502, 593.463
5.65921, -705.491, -1019.35
6.34425, 55.5585, -409.726
2.74132, 1067.33, -1528.62
6.6924, -69.4002, -1238.78
6.76899, -417.235, -467.29
6.57649, -1000.97, 1164.48
6.85188, 1556.28, 704.061
5.27222, -1176.83, -341.657
6.12646, -470.389, -83.1097
3.20424, -1018.67, 1576.76
6.6115, 1145.3, -965.41
5.51185, 1307.05, -341.578
4.93856, 935.677, -1691.2
6.14942, -444.592, 1652.88
4.05164, 1507.08, -1283.44
3.93925, -1422.46, 607.527
5.45857, -1750.76, 1451.81
5.34055, 1087.86, 1593.96
5.41059, -1691.32, -1081.15
2.84132, -1387.69, 540.768
4.34304, 264.002, -698.954
6.28475, -1639.27, -1152.9
6.35297, -887.947, -1636.7
4.27217, -880.964, -460.507
5.98913, 321.848, 1636.85
5.08005, -1234.85, -529.815
5.94494, 724.791, 292.691
6.18066, -170.899, 1303.13
2.56231, -624.475, -1261.65
7.16549, 1167.02, -162.795
5.37826, 364.589, 213.105
3.05587, 970.793, 1796.33
4.87388, -189.276, 8.44833
3.24247, 555.814, 149.492
4.22594, 190.422, 867.589
7.04476, -1752.08, 434.326
4.54571, 85.6084, 1028.93
5.96642, -1225.28, -177.561
3.35865, 791.932, -1570.9
6.21715, 1642.52, -936.646
4.16319, -896.816, 1349.17
4.62157, 1188.44, 521.327
2.79523, -287.927, -200.913
5.09005, 474.898, -354.778
5.94425, 839.298, -1077.1
5.01149, -509.275, -39.4745
6.56617, -360.87, -1406.27
3.07974, 226.621, -1740.9
5.24841, 493.055, 985.732
5.06046, 699.283, 38.2451
6.02649, 1786.95, 916.909
5.65083, -548.742, 1678.11
4.0207, -80.8413, -1310.04
6.74719, 673.623, 554.075
3.39619, 1191.04, -41.8912
2.61737, -930.104, -129.512
4.19467, 1336.19, 64.85
3.43818, 748.289, -259.554
6.60467, -517.833, 331.521
6.72507, -1619.49, -401.046
6.78031, 1741.3, -1366.36
7.37454, -1752.4, 1245.19
2.99587, 800.685, -855.279
2.56182, 1140.71, 1211.88
2.58614, 497.833, 963.397
2.64527, 406.59, 319.891
4.1031, 287.854, -709.192
6.17815, 1166.25, 593.956
3.14876, 607.495, 880.765
2.5161, -746.084, 890.773
6.91905, 240.157, -1411.33
3.70482, 439.537, -1049.97
4.38481, -1607.07, 1447.05
4.44879, 1162.31, 292.743
2.81534, 1196.66, 610.218
7.30792, 306.311, 1667.91
3.75349, 1405.5, -678.398
6.85376, -1245.13, -191.308
2.85991, -1689.9, 596.32
2.70653, -990.901, 1130.48
3.46378, 677.35, -996.671
3.86708, -598.556, 596.266
7.4007, -1799.09, -682.147
3.60607, 643.501, -981.112
6.43119, -1675.36, 1603.89
4.42306, 481.731, -713.845
3.78593, 859.295, -1229.04
3.91087, -1736.76, 223.417
7.33834, 1720.9, -68.5055
4.22841, 1338.57, 290.067
3.45922, -1698.51, 1390.8
5.05037, -1082.84, -694.612
5.21857, -977.424, 1110.68
5.72333, -1297.87, -1127.09
3.89738, 29.5939, 1412.77
3.41887, -616.243, -1241.72
2.71579, -1661.36, 661.197
3.98408, -868.858, -464.659
4.25548, -458.814, 238.126
7.09372, -899.298, 1295.91
5.81225, 971.679, -669.034
5.08041, 1599.94, 1089.47
4.03763, 1079.74, 958.672
3.0007, -593.334, 259.747
3.47502, 747.342, -1673.9
4.11407, -48.0169, -259.201
5.56182, 1673.45, 169.19
5.13511, 1805.11, -1819.36
3.45653, 638.351, 555.891
4.7178, -1319.68, -912.892
4.48693, -1233.53, 1568.28
6.28051, -1152.84, 1536.36
6.6213, 1422.32, 1211.67
5.51573, 233.252, -662.363
3.04573, 1085.18, -1436.02
4.11797, 889.834, -346.789
5.03403, 80.3386, 585.767
4.76521, -1240.21, 1533.9
4.77315, -275.903, -891.529
4.91125, 1726.08, 1721.05
5.07896, 742.764, -1313.77
4.50207, 317.834, 1598.72
4.22945, 1830.38, 784.035
6.64533, 1686.12, -387.851
3.02204, -1269.7, -1445.83
6.40057, 1058.38, 1010.93
3.19919, -563.713, -446.312
2.62171, -1441.13, -979.543
6.0664, 741.113, -1326.58
7.15538, 195.657, -1476.25
7.47667, 494.396, 285.131
3.86264, -1746.26, 299.768
3.6923, -997.727, -469.59
3.87328, 1695.09, 1188.54
5.70836, -1658.18, -1293.22
5.17637, 571.597, 306.011
6.8967, 1531.57, -588.121
6.75968, -1343.91, -1406.64
2.98004, 1583.67, -78.6636
4.66818, -1399.6, 409.496
3.17045, -286.844, -1416.81
5.86802, -326.456, 594.302
5.34964, -82.8355, -832.774
3.66474, -953.29, 1146.45
5.50306, 460.096, -1236.82
2.6551, -1376.34, 23.7645
7.08512, 1052.72, -553.055
3.82958, 1676.15, -424.217
6.50016, -320.835, -972.765
5.46389, 225.546, -1463
5.0822, 670.106, 1063.79
5.2567, 707.113, 1110.03
3.47225, 927.062, -435.769
5.36152, 283.409, -1408.47
3.81992, 399.579, 810.388
4.41648, -1563.7, 998.273
2.73626, -1448.2, -1697.5
4.22823, 1055.57, -1403.87
3.61594, 1211.7, -811.782
3.81264, 56.3762, -1437.39
3.05141, -756.727, -903.752
7.40088, -1364.48, -51.7297
5.93794, 1544.64, 1251.42
5.82158, -1084.68, -703.515
5.99501, -1178.31, -1286.33
2.68746, -1633.93, -1359.92
3.6706, -1292.95, -1458.56
3.95397, 1414.37, 1258.72
3.50543, 88.9213, -400.844
2.7177, 652.607, 575.687
2.56571, -1005.54, 1142.04
6.07297, -992.889, 1520.14
6.88348, -1645.93, -1135.28
5.35088, -1580.8, 686.812
6.92743, 1638.31, 1632.7
5.20042, -801.722, -518.66
3.31357, 1654.56, -1351.52
3.30492, 1783.69, 907.982
7.19182, 644.243, 463.309
3.45628, 1002.71, -1521.84
3.15761, -12.4749, -298.045
4.41122, -529.205, 131.276
6.12674, 567.65, -314.629
2.50651, 1140.69, 1627.3
4.60222, -10.0815, 1394
5.18984, 476.349, -354.191
4.86596, -434.112, 452.519
6.33003, 1140.5, 1621.38
2.9396, 993.966, -915.676
7.04284, 304.386, 597.053
3.20818, -1557.9, -816.403
2.54782, 719.435, 44.7017
2.82267, 502.262, 872.625
4.96742, 721.862, 443.445
5.40914, 985.292, 1812.6
4.03373, -1742.96, 1078.06
4.57091, 1565.74, -55.922
4.33401, -1216.14, -1215.55
3.42687, 334.979, 1253.97
2.76788, 1290.51, 197.66
4.47222, 979.362, -95.6079
3.98388, -627.626, -340.887
5.05388, -749.183, 1589.31
3.75392, -1368.94, 399.47
5.01589, 1726.3, 1726.36
2.51168, 26.2448, 1514.5
7.01807, 1708.32, -906.838
2.79181, -1768.03, -1763.72
5.17506, -1136.32, 1521.84
3.95754, -742.409, 1579.88
7.3023, -1503.74, -438.387
4.73406, 639.498, -149.476
5.08479, 1559.51, 406.554
5.93861, -453.007, -86.2109
2.72187, -309.954, 65.3689
7.2946, -1509.67, 1154.08
5.70852, 697.897, 266.222
2.80215, 1107.08, -1408.48
3.33964, 216.545, 513.459
5.76491, 885.034, -393.386
6.19864, -1543.65, 686.269
3.57011, 1591.87, 408.456
4.31441, 274.463, -1405.23
6.56981, -1282.8, 1768.84
5.32057, 1563.84, -972.631
7.45886, -43.4706, -1538.22
6.5669, -1608.2, 672.471
3.49157, -1808.52, -23.5528
2.50003, -267.384, -1469.39
4.62608, 1680.17, -1450.73
4.07406, 1611.46, 384.814
5.56218, 1175.84, -1731.23
3.83351, -352.159, -1048.94
4.39881, -1187.45, -182.722
5.43397, 1710.7, 526.453
5.95636, -323.793, -990.354
7.26736, -750.446, -1030.92
4.89785, -615.316, -1718.89
3.60319, 740.483, -1292.12
5.33741, -1270.91, -960.966
6.09873, 620.531, 551.94
4.4953, -929.172, 1178.79
3.48326, -1301.39, 1792.44
6.66971, -1244.43, -1404.26
5.59561, -897.52, -1624.22
7.26866, -530.587, 283.287
3.23222, 89.3502, -395.691
5.38953, -64.7266, -845.496
7.26796, -851.601, 1320.73
3.62331, 1374.38, -1882.51
7.25137, -946.316, 1487.01
3.07874, 1648.25, -917.093
2.58372, 0.827382, -242.769
3.90465, -684.305, -301.596
7.15042, 1262.19, 210.663
3.04796, 1461.88, 1634.21
6.77266, 32.5583, 1312.79
5.68532, -1279.03, -1408.54
5.63853, 790.144, -1338.1
3.80589, 1407.24, 1259.01
5.13936, -1658.05, 383.952
7.16608, -483.309, 1666.63
3.98055, 1716.32, 222.958
4.78006, 415.117, 701.925
6.35659, -1284.39, -1143.72
4.17193, 361.227, 220.73
6.31775, -98.3465, -1488.85
6.65892, -116.742, 1690.64
2.64618, -1442.67, 1102.9
4.31315, 1351.79, -496.142
4.16221, 538.261, 877.088
3.17675, -939.529, -406.304
3.00839, -524.536, 1212.76
5.11327, -1189.72, 1470.37
3.52046, 66.8696, -986.346
5.00728, -1613.3, -1155.82
5.1371, -118.054, 1748.34
4.13422, -466.773, -438.445
4.75888, 468.653, -742.482
6.85263, -25.9936, 1734.46
4.72884, 1124.46, 1626.38
6.03726, -941.787, -1563.38
6.83171, 1743.13, -1305.36
6.5822, 1646.22, 391.448
2.67504, 1645.54, 1621.94
3.8644, -1218.1, -545.137
5.21858, -770.054, -858.518
3.19942, -1723.87, -1073.95
5.57408, -1485.79, -1665.35
3.29182, -1057.65, -1186.37
4.41129, 242.057, 416.956
5.94997, -216.919, 337.28
3.21128, -744.851, 911.71
5.65284, -1570.3, 1414.47
3.15973, 356.543, 1642.58
7.13583, -1417.36, 411.86
5.53465, -1743.94, 1471
5.50388, -1619.34, 681.521
3.33635, 1148.46, -957.979
3.301, -1551.32, -830.581
5.91628, 1170.49, -46.6678
5.1456, -1341.61, -131.562
3.65264, -160.442, 1382.76
6.55373, -950.636, -152.934
5.76477, -806.244, -1066.41
4.08597, -1242.44, -1144.79
2.53953, -510.254, -1503.66
3.49176, 1423.23, 1208.99
3.78831, 56.803, 727.644
3.03825, 1620.91, -4.50826
3.49545, 263.8, -696.708
6.75079, 1576.65, -1487.17
6.63912, -1699.75, 383.695
6.76813, -1694.49, -1079.36
5.71027, 585.874, 1501.73
3.6787, 1378.08, -1877.66
6.80638, -1013.2, -1457.94
5.4745, -13.3863, -275.668
2.52745, 959.75, -102.751
6.84925, -1294.54, -914.902
7.37729, 1158.22, 298.572
5.59653, 673.47, 18.3492
3.85574, -1661.74, 645.635
7.46973, -435.823, -1059.65
4.60751, -1271, -945.616
4.20537, -1537.02, -1165.62
4.80717, 650.51, -170.298
4.44822, 493.464, -765.77
4.613, 31.1925, 1013.61
2.84879, 311.343, 582.724
5.5153, 22.8373, -330.594
7.36114, -106.227, 376.492
5.07406, -1434.27, -1016.51
7.45461, 1683.16, -278.295
5.84906, 1224.2, -369.561
4.01716, -1185.35, 87.3229
3.47371, 1613.65, 1178.81
4.0109, -1421.1, -1558.55
4.93946, -728.394, 891.89
4.72438, 992.41, 1851.2
5.7844, 719.068, -1708.96
3.74227, -1419.41, -1405.66
4.72007, 58.2664, 1025.84
5.75894, -1336.19, -137.751
6.67472, -1364.56, 568.96
6.03698, 329.672, 1554.52
4.93928, -1660.73, -1130.63
6.72039, 756.442, -380.582
7.00296, -1017.21, -440.997
6.33082, -1339.77, -943.058
5.29453, 1308.46, 1771.22
2.70603, -6.85757, 182.387
5.46749, 1083.02, 180.547
2.68674, -1155.61, 1478.88
4.53488, 168.846, 819.689
2.84243, -1789.59, -1694.07
7.38558, -1402.45, -1743.48
2.5956, -958.046, -532.902
6.60363, -345.603, -496.379
5.2195, -762.667, 1525.78
5.72828, 1429.51, -636.806
3.62934, -563.368, -55.1423
2.733, 1705.24, -1294.44
3.63154, 467.842, -1060.56
4.58371, -1275.12, 248.469
6.40126, 482.828, -1207.02
3.72852, -1607.89, 719.659
4.81411, 1160.1, 289.963
6.14756, 1749.39, 544.149
5.35237, -726.507, 1524.79
5.45997, 1789.1, 1716.84
4.98425, -1615.98, 521.101
3.951, 806.455, 320.563
4.71107, 117.605, -416.318
2.53669, 1629.63, -849.606
7.41683, 945.861, -664.405
2.52822, -1504.1, -441.168
4.8676, -169.298, 1354.36
5.86497, -621.772, -297.161
