6.27803, -1455.23, -1840.82
3.5948, 6.0397, -239.998
5.89648, 725.032, -1713.3
5.09708, -587.132, 1769.42
2.76731, -1869.64, 1269.83
2.53849, 627.392, 98.9474
4.58743, -1556.03, -467.456
7.15218, 342.336, 797.087
2.95982, 24.994, 1420.13
6.00595, -369.997, 609.451
3.81226, 1076.7, 1594.24
4.14117, 943.571, -1755.73
7.45519, 904.337, 468.011
7.41275, -1018.74, -455.572
5.75759, 950.93, 843.21
6.92354, 507.604, -1618.45
6.33247, -350.595, -981.281
3.87453, -930.22, -122.656
4.93259, -1282.41, -645.235
2.80282, 1581.38, 1527.85
5.08146, 35.4833, 1499.19
4.96988, 1829.9, -752.259
7.23882, -1538.66, -947.016
4.42071, -93.4994, -1656.42
5.14874, 1597.86, -1013.58
2.75042, 1628.47, -104.069
6.63909, 1095.18, 1021.88
5.94228, -1737.01, -1424.88
6.18112, 518.771, 1445.02
6.94286, 1845.76, 907.608
4.25508, -713.012, -1010.63
6.72991, 370.765, 37.6833
3.84659, 1176.25, -238.874
4.83959, 158.247, -386.313
3.2686, -1294.2, -920.384
2.66527, 1224.06, 228.661
7.2768, -21.6076, 178.605
6.95369, 238.305, 930.095
3.29884, 1263.01, 441.302
3.15214, 851.344, -1107.7
2.515, -931.711, -1595.06
6.0491, -1716.77, -393.276
3.40448, -982.662, 1624.72
5.76029, 1536.55, -653.959
4.42907, 821.013, -1385.81
3.23766, 26.5245, -488.361
5.45054, 1191.44, 284.032
3.24076, 324.83, 1737.17
3.2091, -318.331, 1853.42
4.94257, -921.138, 209.581
3.13015, 1654.38, -119.793
5.64635, -650.2, -1122.84
5.60817, 548.495, -1396.47
4.88216, -999.189, 1157.77
2.64188, -1000.09, -542.709
3.21011, -231.762, 1484.16
3.15594, -400.052, 1681.6
3.31099, -1614.05, 1475.91
3.76529, -508.632, -1587.57
4.77654, 1063.77, -1411.64
6.54472, -169.463, -575.679
3.57624, 588.663, 1602.23
3.75063, 1553.07, 783.601
5.02978, -159.155, 1411.13
6.27922, 1204.01, 314.777
5.66369, 1655.36, -90.1166
5.9449, 1195.85, -246.799
7.27207, 1798.06, 918.263
5.18713, -833.698, 1365.16
4.57014, -1439.44, 33.3242
4.70019, 1457.38, 315.468
6.07821, 1420.21, 897.811
6.20858, 712.435, 1121.62
5.12494, 1507.88, -1860.26
6.06711, -1643.89, -169.971
5.91025, 640.109, -56.3705
6.82941, 1633.23, -1153.66
3.19597, 77.8842, 1440.65
3.57766, 1811.06, -254.748
5.0733, -652.363, -304.285
4.83766, -161.661, 1407.88
3.55759, -472.804, 1212.78
5.65244, -1328.85, 1875.45
2.5044, -1793.24, 408.363
4.09589, 856.863, 1031.72
5.90281, 677.042, -208.861
6.0446, 1290.05, -1122.11
2.90869, -1562.18, 1247.91
3.56926, 520.752, 914.078
4.44412, -1596.83, -1118.81
4.44927, 1722.4, 1765.26
3.92018, 729.113, -914.212
4.6123, 1133.19, 1013.94
2.55658, -1313.02, -838.37
3.72027, 1790.35, -1263.87
4.49072, -1421.67, 1241.61
6.64177, -1337.9, 392.587
3.78584, 1806.1, -1408.34
3.59705, -1518.33, -965.378
6.47385, 723.91, 527.151
5.8476, 933.244, 766.54
5.49108, -1736.96, 672.999
5.99917, -702.097, -1074.39
5.13062, 1114.86, -1448.27
4.14833, 393.125, 225.757
3.30844, -1456.54, 727.832
6.56633, 1382.51, -30.5864
4.08004, 867.646, 290.497
4.05369, 32.8998, -1422.9
4.65424, 59.4701, 261.972
4.46509, -398.958, -948.255
4.43916, -4.73827, -336.673
4.34871, -1538.82, -987.579
5.88118, 623.402, -1069.21
6.10384, 797.545, 61.8723
7.20082, -119.691, 1734.97
5.08573, -164.924, -750.059
5.5282, -291.615, 596.825
5.85049, -1347.07, 1863.45
5.11404, 120.198, -533.531
3.87105, -1812.25, 1254.13
7.08924, 252.928, 563.231
3.73367, 1825.73, -889.809
4.77876, 672.98, 1262.71
3.30374, -1819.68, 1287.81
4.68319, 772.938, 657.662
7.45767, 864.376, 353.268
6.26931, -835.184, 771.902
4.97846, -1828.68, -1255.92
7.01651, -1277.77, -1492.61
4.68213, 973.071, 1033.24
5.09239, 305.204, -1846.12
4.44866, 186.682, -1601.55
5.63431, -374.876, -1148.86
5.19331, 711.472, 664.788
4.35955, 1275.96, -888.113
2.54674, -697.214, 695.118
6.3794, 66.3254, -1461.86
2.85317, -1731.42, -1165.92
3.98511, 810.099, -1387.86
4.78581, -48.7684, -1631.69
3.25156, -206.785, 32.3851
5.97819, 1260.54, -839.78
4.15587, 743.176, 279.097
5.21197, 1877.89, -1643.85
2.64678, 1471.72, -1690.96
5.38086, 61.3945, -364.858
5.18133, 684.299, 918.944
7.36678, -1458.83, -1730.16
5.57063, -620.14, -1162.93
5.26431, -1457.88, 442.977
6.69051, -505.004, 1716.19
3.75764, -987.385, 1707.14
6.98957, 1211.38, -263.492
5.97428, 1032.49, -959.583
5.82752, -931.489, -126.599
3.06838, -1226.04, -1513.9
3.37987, -1796.73, 205.51
2.91253, -294.519, 329.001
6.68103, -423.819, 663.84
2.64818, 1862.28, -1509.56
6.34719, -71.078, -1645.01
4.29829, -1012.74, 1673.49
6.24626, 60.9548, 1020.87
6.28385, 648.017, 613.607
3.60834, -1046.21, -1735.91
5.58305, 586.295, 307.161
3.66846, -1037.62, -462.535
6.22052, -1384.29, 527.809
5.80997, -1707.02, -1316.13
4.9209, 1794.29, -1414.55
2.58972, 1610.18, 367.377
4.98291, 905.41, 309.902
5.09587, -80.3752, -1683.08
4.71395, -1641.57, 1007.26
4.14528, -35.6949, 1831.09
3.52671, 931.397, -188.809
7.19863, -422.373, -1148.61
2.85168, -958.421, 1766.14
3.30042, 63.3601, -1468.92
6.70788, -1443.48, 28.241
4.13614, -323.663, -510.615
6.85942, 343.614, 798.564
5.99896, 1293.14, 1017.02
5.52801, 1699.45, -377.413
4.77536, 112.392, -441.693
2.91543, -913.629, -471.375
3.94883, -13.9407, -223.907
6.51009, -1168.25, -1514.87
6.81821, 748.645, 35.2297
3.81831, 793.706, -982.943
4.79881, -1549.89, -510.663
4.95672, 1160.21, -1003.03
5.82344, -921.692, -1862.58
7.31738, -1217.68, -350.434
7.23022, 1103.86, -1443.75
2.81902, 451.568, -1275.7
5.04829, -885.161, -527.661
6.13222, 1325.57, 1287.39
5.65882, 1101.08, -593.425
3.26658, -1767.21, -1835.08
5.09652, -1690.6, 1013.67
3.52281, -1038.1, 1619.31
6.03231, 769.482, -1636.81
6.05786, -969.476, -154.806
3.66304, -938.421, -417.533
6.80594, -18.117, -233.68
2.67122, -170.464, 1781.93
6.26587, -1794.06, 181.95
4.14789, 1265.67, 229.416
4.65309, 75.5576, -1001.87
7.33455, 1720.41, -409.632
4.05803, 1461.45, 1331.08
5.69762, 1769.36, -1391.96
5.95386, 1649.27, -115.99
5.36403, 75.0043, 1240.26
6.60667, 1810.27, -1462.23
4.21807, -1714.51, -1354.56
5.09387, -1565.59, -1425.38
6.78438, 220.74, -1783.52
6.18587, 671.752, 62.3659
3.45992, -1685.66, 712.499
2.83145, -603.926, 620.249
3.60828, 1782.56, -1367.89
3.33656, 238.011, -356.561
6.31172, 722.435, -1770.27
5.44905, -1623.57, 708.105
4.65223, 1660.89, 1645.38
7.09618, 1263.43, 25.0705
5.09668, 898.44, 293.248
7.38058, -1376.73, -91.7466
5.15714, -897.782, 240.017
2.98716, 712.517, 637.425
5.83983, 372.215, 260.646
5.44444, 300.611, -43.8446
5.01137, -1331.14, -119.317
2.75808, -1743.92, 830.017
2.6753, -613.093, 29.5723
4.41484, -1486.44, -1044.45
5.55555, 401.661, 222.747
5.06574, 1097.17, 1651.51
5.98498, 691.858, -16.7896
4.89891, 33.6671, -412.605
3.88323, 90.9035, 848.592
6.01685, -864.007, 370.99
3.67701, 1645.3, 40.9558
6.41501, 250.39, -367.606
6.60589, 647.01, 1569.92
3.21842, -955.064, 103.06
5.75757, -1002.83, 1521.04
3.87677, 1660.04, -1834.09
7.26215, -761.156, 1369.14
4.58238, -1480.89, 48.4622
3.03869, -246.337, 756.918
4.70633, -1532.98, 1069.23
6.28811, -790.021, -549.537
2.77803, -692.448, -549.038
3.51241, -10.2744, 240.721
6.82305, 1769.68, -1391.31
6.52456, -521.549, 2.29388
2.78861, -1313.55, -1266.05
4.40304, -91.4944, -1366.16
4.56124, -206.159, 1462.36
2.80071, -709.514, 607.809
7.09746, 1546.4, 1251.69
3.35398, 1100.32, 1681.34
6.51634, -1768.44, 375.777
3.88599, 1399.46, 85.857
4.44586, 339.707, 1481.29
7.19936, 138.508, 1216.32
6.24573, 363.821, -389.407
3.44774, -688.397, 1475.05
6.89581, 822.007, 941.073
6.8953, 808.163, -1579.04
3.30515, -1556.6, -483.014
5.87346, -1562.5, -374.765
6.89096, 1208.88, 268.069
6.98262, 491.028, 1022.9
3.06535, 29.4837, 1446.04
5.93789, -443.749, -509.669
3.21651, -1378.81, -1402.77
3.6901, 719.532, -86.5626
5.64383, 1784.11, -403.378
4.312, 1554.58, 750.352
4.64437, 1162.74, 1399.28
4.91936, -83.0885, -1648.94
6.20379, -3.22799, -293.646
3.23098, -710.287, 1599.59
7.36238, -1648.26, -1448.75
7.3158, -1013.46, -475.176
3.14741, -1128.57, 1271.95
5.3784, -558.992, -1166.06
4.66439, 255.633, -379.934
5.50066, -448.58, -466.187
5.85098, -1347.69, -161.026
4.5137, 803.511, 1894.04
6.46691, 1318.09, 1294.39
4.89889, -1828.81, -476.972
5.72449, 614.38, 554.055
4.28836, -532.387, 1210.79
5.96794, -628.709, -434.817
5.83428, -833.861, -1330.83
3.22071, -838.299, 1403.18
7.10415, -1802, 389.928
4.22228, 82.6051, -439.452
6.66824, -796.467, -927.45
2.74349, 606.085, -1406.67
3.27936, -505.396, -82.1663
2.55765, 645.841, 928.492
3.94327, 214.993, 1150.99
5.07295, -637.608, -311.032
3.65948, 1328.19, 860.317
2.75022, -513.361, -87.1094
5.33091, -1227.94, -1497.15
6.69774, -304.793, 1284.28
4.28763, -1302.84, -887.603
4.3452, 326.97, 1680.92
7.22226, 532.921, -131.553
4.72425, -1742.44, -331.735
6.82086, 871.966, 331.838
5.82654, -1538.79, -1423.03
5.79297, 339.698, 1286.34
7.10736, -1858.82, 1862.51
5.11536, 1840.52, -1281.51
5.45229, 879.194, -881.055
5.79944, 1315.41, 1330.63
4.24765, 547.236, 911.811
4.11714, 630.271, 101.924
7.08984, -211.171, 1437.11
3.08619, 1833.86, -897.735
7.31268, 1210.83, -239.972
5.17978, 112.482, -550.072
5.81447, 1529.2, 1285.45
5.48362, 1701.12, -985.85
6.93363, -1016.46, -1421.83
6.67999, -1314.07, -1160.84
6.69339, 499.406, 350.284
6.85642, -333.491, 584.518
2.5002, -1555, 663.698
4.77274, 562.161, 642.639
4.25696, -1793.27, 404.657
5.80713, -501.308, 1376.71
6.22234, -1737.46, 293.184
3.3821, -322.615, -944.332
7.4621, 1620.77, -1500.62
5.95466, -1816.82, 392.018
6.97862, 319.132, -21.4768
3.51579, 620.396, -180.265
7.2356, -962.456, -109.257
4.88476, 1729.58, -907.54
6.78578, 1774.77, -1527.31
6.41237, -1782.4, -1109.9
5.70687, 1767.76, -1739.75
3.14521, -1409.55, 366.399
5.77944, 18.064, 1353
3.09199, 115.369, -7.72651
3.88793, 594.771, 1511.29
6.65548, -514.877, -512.555
6.14153, -1462.02, -1012.19
6.74348, -1209.94, 578.297
3.43989, -1479.99, -1731.51
6.09602, 1105.5, -625.258
4.25586, 320.917, 601.221
3.34555, -840.701, -1348.15
4.52383, 664.235, -1015.1
4.20924, 309.643, 1448
6.67141, 677.756, -205.486
3.9111, 1404.18, 1185.47
5.16766, -1294.48, -918.325
6.25085, 1842.19, -1692.24
4.62554, -1262.86, -1499
4.66964, -1011.8, 1127.23
3.03022, 1672.49, -1824.09
6.4639, -73.7282, -868.671
3.91232, -1220.94, -912.507
7.14264, -1095.55, -464.783
5.37926, 497.139, 1024.04
3.4895, 1596.25, -589.191
5.99081, 1111.64, -1429.16
3.07265, 955.806, -1745.59
4.22945, 550.359, 1476.58
4.15646, -1109.48, -467.969
6.42735, 1665.65, -1837.65
6.65775, 905.273, -429.658
4.21712, -1448, 1485.03
4.2603, -491.376, 1685.49
6.38197, 247.732, -1508.72
6.58658, 20.4494, 1362.41
4.26157, -343.434, 587.405
7.09559, -803.078, -538.199
3.2877, 1012.18, 476.199
5.56029, -913.519, 1191.31
5.54222, -838.441, 1403.61
3.16647, -475.518, -1404.12
3.51409, -1400.68, -1022.54
4.79457, -1643.61, 985.729
3.48759, -974.246, 1753.42
6.77118, -1647.5, 734.937
6.54562, -1499.98, -1303.34
2.80131, -1725.08, 1669.5
6.50584, -1400.68, 1273.23
5.49597, -322.733, -1034.85
7.43182, -1762.01, 451.396
2.65919, -211.228, 1329.1
6.8356, 1773.33, -1386.38
3.69109, 1208.96, 609.429
3.6127, 398.23, 757.367
4.73907, -1737.67, -1111.17
2.61231, 1715.47, -383.269
6.79755, -523.246, -70.4179
4.15902, 462.04, 1065.23
5.72195, 583.511, 574.305
7.43521, -1791.62, -1024.68
5.30162, 575.128, -1137.58
4.74553, -1521.36, -492.061
5.213, 286.2, -1373.6
2.90797, 1573.3, -53.5707
3.99606, -1540.19, -453.88
6.63964, 1544.83, 1261.74
6.48936, 1210.81, 1733.77
5.71048, -245.726, 1340.21
4.84105, 1227.89, 710.373
7.15326, -344.637, -1071.57
5.08798, -485.081, -72.0478
7.42924, 1592.78, -996.155
5.94567, -95.5971, -1361.65
6.19966, -330.739, -938.129
3.46323, -804.441, -1758.4
6.08881, -936.401, 1177.84
6.11146, 1165.17, -276.77
6.49298, 577.363, 290.401
4.23216, 500.234, -1888.46
5.1481, -35.7245, -284.184
3.19001, 1473.26, -667.481
6.73218, -426.409, -481.249
6.32766, -45.69, -1621.04
7.5, 1745.04, -849.717
4.24891, 969.777, 1900.22
5.50367, -1144.76, 1109.44
3.50808, -977.039, 89.9256
6.2385, 87.5789, 299.949
6.49225, 1828.79, 443.839
3.03505, -1385.45, 209.078
5.35813, -1006.34, 78.781
2.84683, 707.225, -727.954
4.16036, 1367.87, 1361.79
5.80945, 915.244, -1373.37
5.27726, 258.349, -341.748
7.12415, 453.93, -18.6828
2.69832, -909.05, 397.835
2.62083, -564.201, 421.439
4.61923, 462.093, -1271.71
4.36987, 886.85, 328.614
2.93303, -469.74, -488.549
3.05403, -257.371, 320.928
5.31992, 700.662, -690.307
7.37269, -3.61006, 1416.38
3.05066, -40.1075, -1646.21
5.99352, 202.501, 1835.7
2.79674, -148.634, -1371.02
4.69755, 1643.85, -103.401
5.24651, 1896.54, 1393.95
3.45129, 1331.36, -1452.27
7.36597, 688.555, 602.992
3.19593, -1324.33, -189.256
5.48978, 1719.2, -918.565
7.12812, -1690.49, 1401.82
3.91116, -136.44, 1710.71
6.8307, -328.665, -172.369
6.29598, -396.181, -1143.66
6.10793, 679.622, 1169.09
3.34241, -664.255, 693.553
3.32882, 1555.36, 749.723
3.39076, -1296.43, -1872.63
5.87226, 619.413, -1128.33
4.83484, -595.686, 22.4789
6.85219, -1552.68, -710.302
5.76023, -1350.91, -152.317
5.80464, 1482.39, 1677.06
2.58037, -1312.59, -1161.21
4.30596, -1501.6, -1307.84
3.72747, 1785.32, 206.411
6.93086, -1784.05, -1781.45
5.23701, 1638.55, 1572.23
6.57209, -82.8185, -1250.86
5.24453, 332.858, 1654.39
4.16156, 974.831, -110.943
4.40213, -24.9692, -1290.43
2.52389, 1771.09, 1236.42
6.95226, -162.427, -805.119
6.16955, -898.794, 1312.73
6.04239, -243.202, 1341.11
5.1278, 155.476, -382.873
6.41065, -319.532, -1554.98
3.42484, -795.634, -857.369
5.72673, 541.396, 918.204
3.42178, -1278.02, -561.436
3.31214, -2.43817, -243.421
2.65594, -373.932, 1667.49
7.42716, 278.175, -1363.15
4.04559, -595.942, -1346.63
4.11075, -1280.52, -584.961
5.51155, 520.293, -415.814
2.89107, -641.634, -1767.77
3.93936, -3.68725, 121.658
5.79307, -325.896, -943.06
7.36348, -1813.48, -727.444
7.27758, -723.405, -1506.47
7.42745, -1288.26, -556.74
7.30478, -1726.41, -1362.13
3.0073, -999.365, 1155.62
3.71505, -320.921, -959.673
6.91151, 209.168, -766.019
5.28805, 681.773, 1271.47
6.7669, 1562.02, 1065.38
7.49145, -1057.46, 1108.95
3.99751, -381.761, -942.197
6.33157, 1898.16, 827.195
4.81901, 574.64, -331.165
6.8168, -1311.67, -1490.88
6.99018, 1688.25, -84.3788
7.377, 498.017, -799.66
2.77405, 1159.71, 350.799
6.32605, 1795.21, -1264.66
5.09219, -1800.33, 1481.46
3.46574, 1866.92, -355.396
6.98252, 452.064, -1085.11
6.38492, -1643.86, 211.989
2.75968, 782.613, 1046.05
7.47331, -1632.38, 1495.93
5.93659, -179.971, -816.748
5.94854, 1723.36, 987.505
6.57666, -1315.58, 1572.28
7.05426, -142.56, -957.673
3.34218, -403.811, 697.177
5.24183, -1200.49, 1534.14
6.53351, -1061.26, -438.25
4.17803, 656.41, -1026.35
5.53435, -201.691, 69.059
6.59602, -1726.68, 688.04
7.3485, 100.058, -458.652
6.29349, 1066.04, 1077.78
3.72113, -311.872, -193.63
5.80589, -1148.51, 736.071
4.21574, -973.021, -443.635
7.27146, 712.422, -744.792
2.60828, 1558.02, 1053.07
4.54979, -1756.42, 1816.26
2.55789, 1112.3, -1364.79
3.04964, 1734.89, 393.899
5.28259, -1615.35, 206.379
4.45466, 17.5239, -481.401
7.20539, 272.258, -347.345
2.55572, 374.785, 767.249
6.22897, -310.312, -968.126
3.84293, 296.616, 272.687
4.27153, -1286.3, -1516.98
3.45835, -894.7, 1263.5
5.14832, 611.38, -268.905
4.39478, -142.448, -1663.79
3.16407, -62.3092, -1660.22
4.26563, -377.272, -968.088
4.2497, 1547.98, 1881.95
7.41084, 1170.51, -257.294
5.25961, 299.29, -701.53
4.99918, 86.8652, -1430.02
3.58531, -1651.04, 781.09
4.37311, -485.008, -1189.76
6.78251, -1273.61, -911.065
6.45578, 1591.56, -981.385
3.9204, -1041.83, 1735.9
5.07645, 877.778, 249.752
6.79238, -506.606, 50.1672
7.07844, -1711.23, -387.001
7.48941, 283.841, 1734.71
6.53177, 264.596, -333.395
5.22718, -1753.36, -292.513
7.3461, 306.161, -1410.75
5.31931, -1141.41, 748.642
4.03031, -900.39, 1289.85
5.41853, 1780.41, 1785.54
2.91197, 153.494, -523.217
5.47382, 674.133, 1178.32
3.31968, -1140.18, -1166.72
6.46527, -1253.5, -1001.85
2.95373, 1208.47, 1357.69
6.3072, -962.675, -1353.39
6.83996, -563.071, -28.7692
6.40105, 269.807, -682.248
6.61399, 1787.88, 1721.12
6.70974, 731.919, 1082.47
4.48328, 893.834, 466.354
6.508, -284.92, 331.474
6.56811, 724.954, -70.3318
5.43493, -797.256, 174.607
4.64621, 1531.22, -28.6746
2.5002, -64.119, -868.294
5.31153, -1574.92, 671.783
6.22632, 725.182, 654.355
3.89846, 1766.55, 527.86
2.93406, -1841.48, 1104.03
3.5733, 1712.6, -1725.93
3.93296, -924.871, 1175.7
4.86595, -754.336, 921.271
6.95893, 1689.15, 1665.26
5.91955, 987.827, -954.724
3.54376, 6.45232, -295.573
6.67533, 1528.68, -35.5301
7.09218, 1838.58, 1792.84
4.48244, -1018.56, -1343.16
6.37858, 1076.21, 1024.68
5.68161, -232.476, -192.541
6.64746, 959.573, 507.106
3.40204, 1059.33, -940.976
7.45927, 1105.87, -1482.46
6.70558, -270.275, -1590.51
4.65177, 1714.62, 482.81
4.38589, 1190.04, 1663.55
2.70802, 1206.38, -985.387
6.80715, -1472.13, -1012.78
6.62116, 1778.81, -1732.13
6.25052, 32.7919, 1417.9
3.55801, -359.059, 1824.96
4.31029, -1522.48, -364.05
4.43545, -1243.97, -1515.8
7.32918, 1560.65, 1199.92
6.5872, -225.934, 1340.46
4.5755, -134.323, 869.562
5.83759, 408.262, 274.824
2.52101, 1011.8, 1821.06
6.98048, -1430.72, 440.792
3.68416, -702.442, 688.992
3.79415, 689.078, -288.091
5.4939, 763.799, -1350.35
6.89823, -1637.42, 732.927
6.16299, -1187.59, -1156.44
6.0773, 1674.32, 1157.01
3.57724, -1159.75, 970.99
6.30413, 1375.03, -1866.7
3.85351, -355.508, -995.603
2.75246, 1269.89, 617.878
4.78866, 642.93, 569.253
2.58759, 829.051, -1458.02
3.01129, 100.282, -455.196
2.639, -355.261, 589.702
5.65921, -725.051, -1060.24
6.34425, 96.65, -451.038
2.74132, 1080.19, -1602.98
6.6924, -51.4228, -1246.94
6.76899, -463.082, -489.001
6.57649, -997.004, 1124.08
6.85188, 1585.31, 725.04
5.27222, -1228.39, -307.347
6.12646, -441.271, -26.6911
3.20424, -988.703, 1696.28
6.6115, 1147.59, -994.854
5.51185, 1373.05, -364.117
4.93856, 950.502, -1741.85
6.14942, -504.137, 1710.38
4.05164, 1508.25, -1305.27
3.93925, -1409.66, 650.324
5.45857, -1799.45, 1462.89
5.34055, 1171.45, 1654.63
5.41059, -1803.25, -1108.17
2.84132, -1345.47, 573.704
4.34304, 302.535, -683.372
6.28475, -1798.45, -1096.01
6.35297, -894.583, -1699.73
4.27217, -832.889, -534.107
5.98913, 388.323, 1767.25
5.08005, -1283.58, -550.121
5.94494, 699.29, 283.48
6.18066, -162.052, 1261.29
2.56231, -642.511, -1288.42
7.16549, 1225.31, -284.215
5.37826, 311.966, 209.907
3.05587, 987.502, 1898.6
4.87388, -193.766, 24.8664
3.24247, 515.472, 156.988
4.22594, 153.28, 857.794
7.04476, -1757.5, 334.75
4.54571, 28.2235, 1055.74
5.96642, -1306.67, -183.144
3.35865, 743.127, -1651.56
6.21715, 1706.88, -975.091
4.16319, -836.79, 1338.76
4.62157, 1216.41, 597.687
2.79523, -299.203, -209.255
5.09005, 511.914, -421.066
5.94425, 887.97, -1121.37
5.01149, -563.198, -27.1003
6.56617, -367.395, -1446.44
3.07974, 219.591, -1779.09
5.24841, 528.748, 965.724
5.06046, 714.342, 62.7318
6.02649, 1858.31, 912.199
5.65083, -536.887, 1709.58
4.0207, -108.324, -1288.94
6.74719, 750.866, 678.199
3.39619, 1232.75, -54.6106
2.61737, -977.06, -180.744
4.19467, 1362.62, 79.6655
3.43818, 756.6, -263.739
6.60467, -543.878, 340.106
6.72507, -1739.41, -384.681
6.78031, 1681.95, -1374.46
7.37454, -1804.34, 1264.99
2.99587, 829.714, -864.157
2.56182, 1135.96, 1253.26
2.58614, 452.505, 1083.66
2.64527, 405.43, 211.538
4.1031, 283.733, -683.466
6.17815, 1216.87, 572.647
3.14876, 661.901, 929.63
2.5161, -763.499, 943.763
6.91905, 270.316, -1528.3
3.70482, 400.87, -1071.39
4.38481, -1591.39, 1452.62
4.44879, 1224.59, 233.759
2.81534, 1232.72, 624.855
7.30792, 368.959, 1757.43
3.75349, 1408.81, -696.008
6.85376, -1287.67, -186.004
2.85991, -1726.37, 678.451
2.70653, -1124.16, 1160.79
3.46378, 651.451, -999.246
3.86708, -594.283, 620.817
7.4007, -1863.82, -693.499
3.60607, 681.389, -1023.11
6.43119, -1721.43, 1648.96
4.42306, 489.235, -780.07
3.78593, 901.137, -1244.97
3.91087, -1776.75, 144.451
7.33834, 1769.83, -88.3813
4.22841, 1401.58, 302.281
3.45922, -1822.57, 1449.61
5.05037, -1089.71, -732.542
5.21857, -1052.22, 1194.22
5.72333, -1315.95, -1147.79
3.89738, 6.12578, 1434.14
3.41887, -629.249, -1330.99
2.71579, -1693.31, 694.375
3.98408, -889.897, -453.493
4.25548, -458.227, 254.572
7.09372, -859.927, 1295.38
5.81225, 959.319, -685.94
5.08041, 1687.47, 1102.9
4.03763, 1129.17, 1079.09
3.0007, -642.922, 278.742
3.47502, 717.787, -1770.32
4.11407, 12.8894, -240.016
5.56182, 1760.39, 169.171
5.13511, 1853.88, -1881.49
3.45653, 614.205, 554.688
4.7178, -1289.55, -887.036
4.48693, -1294.93, 1585.93
6.28051, -1168.12, 1501.81
6.6213, 1440.43, 1207.65
5.51573, 253.836, -728.642
3.04573, 1148.88, -1542.04
4.11797, 923.974, -332.592
5.03403, 53.2477, 605.783
4.76521, -1312.19, 1593.24
4.77315, -311.133, -941.843
4.91125, 1777.41, 1783.24
5.07896, 720.871, -1297.52
4.50207, 356.117, 1597.7
4.22945, 1861.12, 814.662
6.64533, 1787.21, -414.698
3.02204, -1364.43, -1478.97
6.40057, 1081.35, 1055.84
3.19919, -577.235, -459.237
2.62171, -1484.98, -1038.88
6.0664, 746.693, -1381.35
7.15538, 275.617, -1562.16
7.47667, 454.409, 316.341
3.86264, -1788.66, 291.411
3.6923, -1027.8, -456.544
3.87328, 1799.71, 1206.06
5.70836, -1742.97, -1419.26
5.17637, 578.708, 253.729
6.8967, 1573.14, -591.377
6.75968, -1304.71, -1494.38
2.98004, 1648.79, -126.021
4.66818, -1437.43, 433.63
3.17045, -312.488, -1449.69
5.86802, -382.855, 628.532
5.34964, -60.5242, -861.075
3.66474, -1079.44, 1125.97
5.50306, 497.477, -1297.09
2.6551, -1489.48, -14.0445
7.08512, 1063.85, -566.837
3.82958, 1700.5, -378.069
6.50016, -340.096, -1053.21
5.46389, 205.11, -1489.17
5.0822, 681.717, 1173.44
5.2567, 744.8, 1179.1
3.47225, 926.71, -415.106
5.36152, 297.45, -1425.19
3.81992, 348.355, 827.522
4.41648, -1562.82, 1027.16
2.73626, -1453.01, -1721.76
4.22823, 1117.14, -1370.88
3.61594, 1265.95, -830.442
3.81264, 41.9526, -1432.68
3.05141, -788.691, -886.464
7.40088, -1356.64, -7.12493
5.93794, 1569.06, 1237.65
5.82158, -1088.33, -718.622
5.99501, -1170.97, -1322.15
2.68746, -1651.58, -1450.7
3.6706, -1268.31, -1482.81
3.95397, 1454.25, 1317.67
3.50543, 25.3645, -393.907
2.7177, 719.017, 581.372
2.56571, -1044.32, 1104.99
6.07297, -980.496, 1556.88
6.88348, -1671.58, -1189.19
5.35088, -1735.07, 674.004
6.92743, 1705.15, 1648.11
5.20042, -751.547, -533.587
3.31357, 1713.99, -1287.86
3.30492, 1853.47, 911.542
7.19182, 615.464, 486.423
3.45628, 1028.97, -1593.65
3.15761, -39.4738, -237.573
4.41122, -492.704, 103.385
6.12674, 571.181, -385.076
2.50651, 1100.85, 1670.13
4.60222, 70.8995, 1441.98
5.18984, 520.16, -434.115
4.86596, -453.149, 468.035
6.33003, 1101.65, 1666.42
2.9396, 1034.69, -959.832
7.04284, 291.774, 635.955
3.20818, -1637.8, -802.607
2.54782, 690.029, -28.5188
2.82267, 530.999, 917.448
4.96742, 740.904, 440.395
5.40914, 1013.76, 1882
4.03373, -1810.59, 1074.32
4.57091, 1612.97, -120.912
4.33401, -1208.23, -1270.74
3.42687, 303.401, 1282.12
2.76788, 1268.98, 228.398
4.47222, 1020.34, -99.2051
3.98388, -648.458, -309.927
5.05388, -762.523, 1620.36
3.75392, -1429.08, 407.624
5.01589, 1790.71, 1782.19
2.51168, 26.8781, 1565.42
7.01807, 1817.11, -890.269
2.79181, -1823.66, -1829
5.17506, -1196.43, 1549.4
3.95754, -767.181, 1618.74
7.3023, -1577.29, -485.398
4.73406, 671.235, -185.734
5.08479, 1665.9, 381.161
5.93861, -471.269, -25.9427
2.72187, -315.006, 101.469
7.2946, -1544.71, 1177.28
5.70852, 736.861, 290.417
2.80215, 1098.6, -1419.65
3.33964, 165.95, 521.747
5.76491, 940.279, -422.212
6.19864, -1554.39, 659.453
3.57011, 1606.33, 420.644
4.31441, 244.539, -1516.8
6.56981, -1284.33, 1802.99
5.32057, 1598.99, -931.394
7.45886, -44.7754, -1642.61
6.5669, -1530.05, 704.365
3.49157, -1880.9, -32.6382
2.50003, -307.573, -1577.04
4.62608, 1731.37, -1409.1
4.07406, 1669.53, 414.745
5.56218, 1191.92, -1786.56
3.83351, -326.857, -1035.75
4.39881, -1180.84, -157.206
5.43397, 1777.7, 571.202
5.95636, -248.449, -944.447
7.26736, -814.036, -1077.18
4.89785, -595.555, -1797.51
3.60319, 758.304, -1346.01
5.33741, -1334.8, -978.187
6.09873, 682.907, 646.34
4.4953, -947.474, 1205.88
3.48326, -1332.04, 1887.44
6.66971, -1262.7, -1517.51
5.59561, -900.526, -1681.82
7.26866, -551.178, 318.015
3.23222, 25.7664, -397.697
5.38953, 12.1606, -873.538
7.26796, -872.933, 1384.06
3.62331, 1397.42, -1933.96
7.25137, -968.285, 1534.84
3.07874, 1558.47, -952.449
2.58372, -13.9889, -366.422
3.90465, -671.208, -297.072
7.15042, 1278.54, 251.855
3.04796, 1516.62, 1686.83
6.77266, 1.84082, 1470.77
5.68532, -1389.67, -1431.55
5.63853, 824.753, -1385.24
3.80589, 1428.77, 1327.39
5.13936, -1731.04, 412.471
7.16608, -459.292, 1732.16
3.98055, 1758.73, 222.859
4.78006, 396.116, 754.064
6.35659, -1301.46, -1181.94
4.17193, 279.383, 217.883
6.31775, -117.627, -1602.11
6.65892, -64.139, 1758.51
2.64618, -1443.26, 1114.79
4.31315, 1383.76, -511.862
4.16221, 565.208, 902.053
3.17675, -1043.78, -450.199
3.00839, -575.927, 1227.72
5.11327, -1179.82, 1563.45
3.52046, 79.0749, -1002.47
5.00728, -1680.77, -1191.53
5.1371, -74.9618, 1840.56
4.13422, -519.825, -534.267
4.75888, 504.562, -784.096
6.85263, -52.0492, 1805.95
4.72884, 1170.75, 1654.69
6.03726, -914.642, -1644.35
6.83171, 1765.9, -1412.1
6.5822, 1647.54, 398.502
2.67504, 1646.35, 1631.43
3.8644, -1230.71, -514.058
5.21858, -815.607, -848.125
3.19942, -1753.49, -1100.9
5.57408, -1492.2, -1757.94
3.29182, -1126.18, -1213.16
4.41129, 222.345, 426.735
5.94997, -200.224, 358.662
3.21128, -793.055, 951.763
5.65284, -1571.02, 1485.24
3.15973, 310.905, 1775.95
7.13583, -1422.22, 382.468
5.53465, -1807.61, 1544.65
5.50388, -1737.09, 688.203
3.33635, 1144.04, -997.793
3.301, -1623.28, -822.624
5.91628, 1179.86, -46.1706
5.1456, -1380.87, -47.3575
3.65264, -210.436, 1411.26
6.55373, -930.856, -139.973
5.76477, -837.483, -1090.75
4.08597, -1186.57, -1172.03
2.53953, -497.243, -1569.85
3.49176, 1428.79, 1311.94
3.78831, 25.7032, 741.746
3.03825, 1695.78, 45.3432
3.49545, 251.662, -795.502
6.75079, 1582.69, -1532.1
6.63912, -1794.28, 405.286
6.76813, -1807.78, -1118.95
5.71027, 592.686, 1539.81
3.6787, 1402.5, -1937.43
6.80638, -1008.81, -1524.83
5.4745, 16.3553, -238.997
2.52745, 983.175, -131.723
6.84925, -1284.35, -916.233
7.37729, 1241.27, 304.496
5.59653, 710.836, 58.332
3.85574, -1739.86, 706.436
7.46973, -410.212, -1117.31
4.60751, -1353.43, -979.187
4.20537, -1555.07, -1194.91
4.80717, 671.638, -184.602
4.44822, 498.492, -826.714
4.613, -29.8666, 1016.8
2.84879, 256.944, 614.734
5.5153, 4.53835, -241.34
7.36114, -102.304, 411.565
5.07406, -1427.89, -983.723
7.45461, 1780.86, -259.896
5.84906, 1238.27, -338.962
4.01716, -1195.15, 110.856
3.47371, 1659.22, 1155.35
4.0109, -1472.5, -1695.72
4.93946, -696.711, 899.425
4.72438, 996.93, 1857.6
5.7844, 696.982, -1755.66
3.74227, -1465.37, -1399.24
4.72007, 92.5159, 1076.16
5.75894, -1354.47, -49.2435
6.67472, -1385.56, 518.239
6.03698, 355.161, 1584.09
4.93928, -1673.1, -1188.81
6.72039, 773.445, -420.847
7.00296, -996.084, -472.843
6.33082, -1349.21, -955.944
5.29453, 1311.4, 1772.26
2.70603, 3.78302, 133.186
5.46749, 1098.4, 157.309
2.68674, -1165.11, 1551.38
4.53488, 137.803, 857.6
2.84243, -1858.12, -1719.54
7.38558, -1483.62, -1815.91
2.5956, -957.689, -556.458
6.60363, -340.168, -515.736
5.2195, -763.525, 1636.35
5.72828, 1477.25, -670.026
3.62934, -538.521, -8.19254
2.733, 1780.56, -1369.63
3.63154, 435.618, -1096.4
4.58371, -1270.45, 256.599
6.40126, 505.188, -1219.71
3.72852, -1753.77, 655.463
4.81411, 1212.23, 336.596
6.14756, 1832.23, 565.833
5.35237, -683.114, 1577.62
5.45997, 1815.23, 1815.13
4.98425, -1716.58, 538.383
3.951, 905.69, 325.723
4.71107, 29.742, -490.564
2.53669, 1655.53, -818.28
7.41683, 984.94, -693.192
2.52822, -1505.25, -409.505
4.8676, -215.362, 1434.39
5.86497, -676.326, -274.133
