6.27803, -1473.2, -1995.48
3.5948, 129.056, -178.275
5.89648, 717.107, -1809.77
5.09708, -467.427, 1742.74
2.76731, -1863.14, 1320.47
2.53849, 679.874, 119.524
4.58743, -1726.69, -465.615
7.15218, 356.283, 748.461
2.95982, 105.936, 1384.39
6.00595, -331.155, 623.205
3.81226, 1051.15, 1639.09
4.14117, 943.963, -1807.55
7.45519, 1023.46, 527.805
7.41275, -1017.63, -547.985
5.75759, 1011.56, 889.285
6.92354, 525.942, -1706.49
6.33247, -251.21, -907.979
3.87453, -1043.08, -92.4522
4.93259, -1344.18, -592.999
2.80282, 1638.51, 1586.74
5.08146, 17.182, 1615.04
4.96988, 1942.96, -724.585
7.23882, -1634.36, -936.142
4.42071, -14.8983, -1688.28
5.14874, 1652.75, -893.626
2.75042, 1761.04, -138.088
6.63909, 1081.23, 1054.36
5.94228, -1931.41, -1496.32
6.18112, 518.043, 1471.95
6.94286, 1990.45, 901.125
4.25508, -770.918, -1068.08
6.72991, 364.613, 52.7349
3.84659, 1338.65, -331.864
4.83959, 147.583, -341.065
3.2686, -1288.14, -845.365
2.66527, 1214.3, 285.708
7.2768, -8.20552, 140.515
6.95369, 219.007, 991.27
3.29884, 1364.89, 497.759
3.15214, 858.343, -1147.61
2.515, -902.591, -1634.66
6.0491, -1910.16, -350.826
3.40448, -1035.76, 1747.49
5.76029, 1546.76, -727.534
4.42907, 727.238, -1397.94
3.23766, -11.5552, -453.434
5.45054, 1376.01, 347.244
3.24076, 229.916, 1820.41
3.2091, -364.208, 1930.36
4.94257, -989.477, 257.855
3.13015, 1833.45, -142.011
5.64635, -720.705, -1198.5
5.60817, 603.717, -1490.37
4.88216, -1005.45, 1209.62
2.64188, -1178.39, -456.344
3.21011, -289.221, 1604.64
3.15594, -359.837, 1786.62
3.31099, -1634.44, 1533.6
3.76529, -537.83, -1712.02
4.77654, 1137.58, -1462.91
6.54472, -190.076, -601.092
3.57624, 605.928, 1723.15
3.75063, 1634.86, 720.351
5.02978, -115.486, 1442.55
6.27922, 1270.01, 392.293
5.66369, 1806.11, -146.323
5.9449, 1290.96, -247.321
7.27207, 1945.32, 811.991
5.18713, -844.032, 1410.55
4.57014, -1579.54, 63.2171
4.70019, 1504.77, 308.387
6.07821, 1475.33, 918.313
6.20858, 823.018, 1200.25
5.12494, 1543.05, -1921.89
6.06711, -1736.29, -147.392
5.91025, 669.855, -43.8654
6.82941, 1665.4, -1200.3
3.19597, 173.801, 1556.51
3.57766, 1951.82, -199.831
5.0733, -734.254, -218.47
4.83766, -240.103, 1518.45
3.55759, -537.6, 1225.36
5.65244, -1384.18, 1987.56
2.5044, -1982.35, 452.422
4.09589, 907.902, 1091.62
5.90281, 728.499, -322.737
6.0446, 1343.98, -1177.23
2.90869, -1620.05, 1312.9
3.56926, 522.484, 1060.05
4.44412, -1673.16, -1144.57
4.44927, 1793.96, 1807.32
3.92018, 767.399, -922.693
4.6123, 1133.2, 1105.62
2.55658, -1211.27, -876.652
3.72027, 1913.98, -1236.01
4.49072, -1450.41, 1283.42
6.64177, -1293.54, 403.504
3.78584, 1949.16, -1370.91
3.59705, -1598.83, -1065.34
6.47385, 782.477, 538.323
5.8476, 1009.32, 784.322
5.49108, -1779.13, 555.141
5.99917, -725.77, -1089.34
5.13062, 1051.49, -1527.4
4.14833, 359.019, 209.963
3.30844, -1428.42, 809.554
6.56633, 1439.13, -57.8561
4.08004, 956.002, 228.938
4.05369, 112.233, -1460.37
4.65424, 71.7024, 347.471
4.46509, -499.404, -955.414
4.43916, -97.3643, -218.725
4.34871, -1682.69, -884.217
5.88118, 686.727, -985.296
6.10384, 911.122, 55.9551
7.20082, -146.111, 1785.25
5.08573, -158.537, -714.353
5.5282, -390.83, 645.659
5.85049, -1394.33, 1949.82
5.11404, 164.883, -621.828
3.87105, -1931.31, 1309.33
7.08924, 186.36, 571.236
3.73367, 1876.05, -930.544
4.77876, 773.399, 1372.51
3.30374, -1909.73, 1270.73
4.68319, 829.402, 824.209
7.45767, 1002.65, 332.752
6.26931, -880.496, 782.363
4.97846, -1978.44, -1313.57
7.01651, -1332.78, -1679.57
4.68213, 986.032, 1128.66
5.09239, 338.172, -1970.72
4.44866, 176.229, -1728.77
5.63431, -453.091, -1136.42
5.19331, 834.459, 636.218
4.35955, 1264.14, -877.991
2.54674, -740.796, 731.54
6.3794, 83.1332, -1581.72
2.85317, -1776.97, -1119.06
3.98511, 893.075, -1359.04
4.78581, -85.702, -1794.04
3.25156, -194.267, 83.8843
5.97819, 1335.58, -858.533
4.15587, 742.053, 320.78
5.21197, 1944.97, -1766.8
2.64678, 1429.68, -1985.35
5.38086, -41.9804, -483.257
5.18133, 724.338, 952.547
7.36678, -1512.03, -1854.3
5.57063, -595.133, -1243.7
5.26431, -1494.05, 428.047
6.69051, -563.251, 1813.95
3.75764, -967.706, 1887.84
6.98957, 1261.36, -293.952
5.97428, 1035.98, -1015.78
5.82752, -945.783, -191.906
3.06838, -1160.78, -1536.2
3.37987, -1970.44, 188.641
2.91253, -272.342, 394.515
6.68103, -496.721, 746.93
2.64818, 1886.09, -1515.09
6.34719, -9.74224, -1695.61
4.29829, -1002.01, 1734.17
6.24626, 2.26411, 1073.54
6.28385, 725.944, 685.555
3.60834, -1076.79, -1850.92
5.58305, 610.331, 252.358
3.66846, -1100.07, -510.675
6.22052, -1337.32, 609.996
5.80997, -1814.99, -1365.33
4.9209, 1801.81, -1496.96
2.58972, 1656.11, 481.274
4.98291, 889.854, 383.284
5.09587, -228.876, -1780.41
4.71395, -1748.81, 1067.33
4.14528, -126.574, 1904.14
3.52671, 971.734, -215.489
7.19863, -506.224, -1310.26
2.85168, -999.321, 1854.41
3.30042, 104.488, -1500.2
6.70788, -1577.98, 66.1222
4.13614, -312.08, -535.222
6.85942, 311.077, 854.473
5.99896, 1344.78, 1032.49
5.52801, 1739.73, -442.393
4.77536, 158.447, -544.832
2.91543, -1042.03, -365.668
3.94883, -110.278, -306.909
6.51009, -1137.56, -1577.27
6.81821, 673.202, 111.494
3.81831, 844.691, -1023.72
4.79881, -1674.18, -470.07
4.95672, 1201.37, -1056.86
5.82344, -935.089, -1983.25
7.31738, -1253.11, -302.852
7.23022, 1176.11, -1466.2
2.81902, 447.757, -1312.82
5.04829, -813.656, -618.9
6.13222, 1337, 1308.22
5.65882, 1205.25, -680.461
3.26658, -1832.61, -1818
5.09652, -1738.26, 1082.34
3.52281, -1115.76, 1713.5
6.03231, 799.328, -1642.94
6.05786, -951.141, -25.4111
3.66304, -1176.54, -478.039
6.80594, -131.828, -267.713
2.67122, -220.535, 1905.19
6.26587, -1872.24, 98.8436
4.14789, 1288.5, 358.091
4.65309, 144.529, -1069.69
7.33455, 1943.46, -386.45
4.05803, 1468.25, 1397.07
5.69762, 1983.77, -1404.35
5.95386, 1730.93, -125.809
5.36403, 162.857, 1259.7
6.60667, 1782.14, -1365.06
4.21807, -1819.53, -1369.01
5.09387, -1616.29, -1555.73
6.78438, 245.469, -1906.65
6.18587, 695.403, 73.2646
3.45992, -1899.84, 786.253
2.83145, -616.395, 682.557
3.60828, 1688.53, -1437.9
3.33656, 342.559, -475.147
6.31172, 764.24, -1883.5
5.44905, -1688.9, 851.915
4.65223, 1718.91, 1703.61
7.09618, 1323.13, 24.0803
5.09668, 892.724, 395.087
7.38058, -1355.77, -39.4338
5.15714, -906.526, 295.879
2.98716, 668.273, 790.261
5.83983, 440.03, 196.042
5.44444, 282.28, -36.785
5.01137, -1405.54, -219.082
2.75808, -1869.43, 922.699
2.6753, -701.383, 65.4507
4.41484, -1571.25, -1022.51
5.55555, 384.605, 207.184
5.06574, 1080.28, 1750.19
5.98498, 602.603, -53.0505
4.89891, -51.568, -370.377
3.88323, 136.745, 842.641
6.01685, -879.016, 420.553
3.67701, 1751.49, 119.313
6.41501, 383.387, -348.681
6.60589, 723.835, 1677.66
3.21842, -1075.36, 108.31
5.75757, -987.595, 1606.11
3.87677, 1741.75, -1976.88
7.26215, -875.264, 1433.77
4.58238, -1506, 27.6498
3.03869, -253.708, 808.356
4.70633, -1598.74, 1063.97
6.28811, -832.264, -608.958
2.77803, -677.082, -643.209
3.51241, -57.5071, 291.268
6.82305, 1889.46, -1566.02
6.52456, -530.679, -28.5782
2.78861, -1360.28, -1348.82
4.40304, -128.026, -1402.86
4.56124, -298.514, 1532.72
2.80071, -765.019, 605.093
7.09746, 1597.12, 1274.6
3.35398, 1078.29, 1606.32
6.51634, -1868.24, 300.853
3.88599, 1446.83, 90.2222
4.44586, 346.553, 1477.29
7.19936, 104.198, 1247.39
6.24573, 320.497, -323.696
3.44774, -648.786, 1521.52
6.89581, 874.064, 971.429
6.8953, 838.204, -1705.06
3.30515, -1626.04, -534.54
5.87346, -1611.72, -332.71
6.89096, 1253.66, 251.69
6.98262, 531.149, 1066.93
3.06535, -52.4111, 1511.62
5.93789, -467.765, -495.386
3.21651, -1686.89, -1518.3
3.6901, 831.761, -89.3349
5.64383, 1899.29, -436.042
4.312, 1634.14, 725.645
4.64437, 1177.05, 1436.09
4.91936, -11.2007, -1690.88
6.20379, -2.95252, -203.981
3.23098, -792.625, 1732.85
7.36238, -1670.68, -1552.93
7.3158, -1037.69, -380.393
3.14741, -1205.36, 1332.11
5.3784, -641.305, -1214.22
4.66439, 341.864, -241.97
5.50066, -479.933, -524.769
5.85098, -1401.5, -274.879
4.5137, 792.617, 1978.86
6.46691, 1279.04, 1393.74
4.89889, -1957.62, -502.263
5.72449, 589.492, 554.859
4.28836, -491.464, 1197.21
5.96794, -661.91, -441.752
5.83428, -833.937, -1415.68
3.22071, -747.579, 1419.53
7.10415, -1969.34, 427.294
4.22228, 65.1551, -471.858
6.66824, -833.705, -941.878
2.74349, 539.76, -1499.11
3.27936, -493.551, -151.909
2.55765, 663.288, 1020.91
3.94327, 242.869, 1178.63
5.07295, -704.595, -341.975
3.65948, 1366.88, 876.049
2.75022, -483.206, -131.903
5.33091, -1190.73, -1699.28
6.69774, -307.778, 1340.14
4.28763, -1282.83, -843.746
4.3452, 337.205, 1742.2
7.22226, 511.853, -147.29
4.72425, -1812.36, -368.694
6.82086, 991.061, 379.185
5.82654, -1579.97, -1474.29
5.79297, 327.026, 1332.24
7.10736, -1922.33, 1926.11
5.11536, 1878.38, -1228.21
5.45229, 878.779, -884.486
5.79944, 1337.57, 1342.12
4.24765, 585.242, 920.71
4.11714, 667.912, 124.48
7.08984, -225.256, 1477.5
3.08619, 1807.18, -892.718
7.31268, 1352.98, -342.578
5.17978, 92.8479, -665.44
5.81447, 1714.52, 1270.81
5.48362, 1774.42, -1017.37
6.93363, -1012.25, -1493.71
6.67999, -1342.97, -1215.16
6.69339, 493.227, 408.273
6.85642, -430.987, 683.665
2.5002, -1537.65, 669.41
4.77274, 516.113, 702.664
4.25696, -1870.44, 295.688
5.80713, -516.232, 1418.99
6.22234, -1745.87, 305.587
3.3821, -235.601, -889.973
7.4621, 1588.99, -1629.37
5.95466, -1866.12, 349.122
6.97862, 281.914, -37.5503
3.51579, 750.34, -262.899
7.2356, -912.275, -72.9614
4.88476, 1796.71, -1013.55
6.78578, 1844.12, -1492.82
6.41237, -1965.56, -1123
5.70687, 1830.88, -1806.16
3.14521, -1450, 295.078
5.77944, 7.99102, 1299.19
3.09199, 106.084, 19.3974
3.88793, 673.119, 1610
6.65548, -438.748, -453.895
6.14153, -1504.98, -1027.34
6.74348, -1195.53, 591.935
3.43989, -1571.37, -1898.45
6.09602, 1117.33, -557.302
4.25586, 321.748, 665.206
3.34555, -831.733, -1374.05
4.52383, 680.225, -1100.64
4.20924, 317.926, 1543.63
6.67141, 791.346, -251.097
3.9111, 1396.08, 1168.14
5.16766, -1353.83, -960.842
6.25085, 1990.66, -1706.17
4.62554, -1370.55, -1524.94
4.66964, -1141.85, 1093.88
3.03022, 1716.25, -1865.89
6.4639, -74.8684, -933.4
3.91232, -1145.81, -968.16
7.14264, -1158.97, -474.227
5.37926, 477.986, 1043.04
3.4895, 1633.57, -576.984
5.99081, 1150.64, -1515.26
3.07265, 991.152, -1922.37
4.22945, 615.212, 1577
4.15646, -1166.12, -475.537
6.42735, 1657.04, -1926
6.65775, 919.442, -425.829
4.21712, -1480.44, 1510.47
4.2603, -549.675, 1772.92
6.38197, 291.483, -1668.62
6.58658, -25.9273, 1376.33
4.26157, -260.113, 570.509
7.09559, -866.842, -602.636
3.2877, 980.859, 506.137
5.56029, -975.594, 1127.89
5.54222, -747.859, 1420.24
3.16647, -504.448, -1493.45
3.51409, -1493.22, -954.312
4.79457, -1714.7, 1002.25
3.48759, -1057, 1854.41
6.77118, -1679.37, 745.128
6.54562, -1519.25, -1387.21
2.80131, -1815.29, 1774.01
6.50584, -1436.05, 1313.55
5.49597, -386.2, -1087.65
7.43182, -1783.1, 617.342
2.65919, -326.943, 1276.97
6.8356, 1893.73, -1546.56
3.69109, 1338.21, 695.861
3.6127, 354.49, 864.869
4.73907, -1984.06, -1084.76
2.61231, 1723.08, -346.064
6.79755, -504.781, 45.8845
4.15902, 427.518, 1181.95
5.72195, 613.659, 498.99
7.43521, -1892.83, -964.86
5.30162, 569.217, -1168.07
4.74553, -1516.53, -492.405
5.213, 343.161, -1433.65
2.90797, 1546.23, -65.6155
3.99606, -1607.18, -545.352
6.63964, 1647.93, 1361.37
6.48936, 1251.86, 1877.04
5.71048, -205.877, 1359.41
4.84105, 1262.02, 773.928
7.15326, -395.327, -1222.27
5.08798, -498.117, -142.846
7.42924, 1596.36, -1083.76
5.94567, -163.494, -1448.61
6.19966, -362.189, -889.862
3.46323, -784.767, -1871.44
6.08881, -902.39, 1250.65
6.11146, 1140.11, -363.427
6.49298, 532.505, 307.844
4.23216, 510.836, -1995.47
5.1481, -31.4684, -116.657
3.19001, 1431.78, -723.402
6.73218, -451.021, -409.75
6.32766, -170.071, -1771.92
7.5, 1847.05, -833.487
4.24891, 966.209, 1990.34
5.50367, -1202.62, 1183.63
3.50808, -992.647, 169.62
6.2385, 56.3515, 304.149
6.49225, 1954.66, 432.352
3.03505, -1412.46, 218.751
5.35813, -1014.49, 94.792
2.84683, 716.733, -666.195
4.16036, 1499.53, 1378.73
5.80945, 974.583, -1416.98
5.27726, 340.68, -386.186
7.12415, 457.917, -23.4666
2.69832, -972.639, 454.061
2.62083, -624.183, 481.171
4.61923, 429.017, -1314.07
4.36987, 921.587, 272.625
2.93303, -473.353, -518.02
3.05403, -326.12, 332.418
5.31992, 738.16, -697.255
7.37269, 124.471, 1485.54
3.05066, -96.0854, -1763.46
5.99352, 198.085, 1964.68
2.79674, -100.48, -1487.47
4.69755, 1671.24, -217.592
5.24651, 1985.87, 1432.79
3.45129, 1383.66, -1501.32
7.36597, 626.993, 655.499
3.19593, -1354.15, -142.986
5.48978, 1885.22, -865.783
7.12812, -1746.76, 1408.46
3.91116, -152.213, 1780.42
6.8307, -279.64, -162.109
6.29598, -457.556, -1202.81
6.10793, 707.562, 1247.6
3.34241, -754.547, 741.062
3.32882, 1677.28, 749.701
3.39076, -1294.79, -1981.3
5.87226, 671.695, -1205.57
4.83484, -710.897, 80.4841
6.85219, -1623.19, -716.437
5.76023, -1393.42, -235.713
5.80464, 1526.5, 1764.06
2.58037, -1321.68, -1191.81
4.30596, -1558.72, -1332.56
3.72747, 1851.67, 240.651
6.93086, -1876.53, -1901.67
5.23701, 1650.67, 1546.85
6.57209, -52.5049, -1304.77
5.24453, 348.432, 1737.2
4.16156, 1012.86, -111.971
4.40213, 49.7714, -1309.69
2.52389, 1865.13, 1310.49
6.95226, -181.296, -794.595
6.16955, -996.09, 1372.61
6.04239, -307.714, 1337.44
5.1278, 108.425, -374.985
6.41065, -383.509, -1631.31
3.42484, -770.569, -940.903
5.72673, 489, 1022.55
3.42178, -1380.14, -687.494
3.31214, 128.536, -171.241
2.65594, -363.843, 1701.54
7.42716, 260.611, -1331.18
4.04559, -664.265, -1435.95
4.11075, -1341.34, -598.396
5.51155, 575.893, -466.149
2.89107, -659.173, -1846.67
3.93936, -37.6329, 177.51
5.79307, -246.527, -986.525
7.36348, -1988.5, -698.015
7.27758, -726.385, -1593.74
7.42745, -1338.94, -577.105
7.30478, -1829.11, -1529.32
3.0073, -1117.63, 1137.9
3.71505, -250.281, -982.498
6.91151, 197.738, -867.604
5.28805, 681.341, 1403.13
6.7669, 1606.41, 1031.81
7.49145, -1070.83, 1045.96
3.99751, -516.033, -963.86
6.33157, 1960.38, 977.726
4.81901, 568.119, -286.702
6.8168, -1272.51, -1587.36
6.99018, 1721.98, 10.8798
7.377, 516.043, -833.804
2.77405, 1322.99, 158.478
6.32605, 1897.81, -1236.75
5.09219, -1868.24, 1478.94
3.46574, 1864.65, -486.177
6.98252, 390.427, -1086.29
6.38492, -1662.96, 196.673
2.75968, 832.326, 1083.08
7.47331, -1709.81, 1531.91
5.93659, -4.42451, -918.88
5.94854, 1776.88, 993.59
6.57666, -1314.67, 1642.05
7.05426, -73.1188, -871.932
3.34218, -402.769, 809.657
5.24183, -1160.21, 1608.63
6.53351, -963.605, -504.512
4.17803, 640.314, -1062.86
5.53435, -202.435, 78.8585
6.59602, -1907.4, 668.203
7.3485, 165.215, -491.298
6.29349, 1170.5, 985.839
3.72113, -367.608, -186.144
5.80589, -1144.47, 807.601
4.21574, -895.818, -372.958
7.27146, 752.43, -793.01
2.60828, 1607.78, 1111.83
4.54979, -1784.1, 1894.44
2.55789, 1180.13, -1344.93
3.04964, 1683.63, 402.398
5.28259, -1701.53, 182.657
4.45466, -64.331, -470.079
7.20539, 235.962, -365.375
2.55572, 358.591, 792.389
6.22897, -447.652, -870.715
3.84293, 219.517, 257.858
4.27153, -1360.46, -1526.21
3.45835, -931.392, 1234.06
5.14832, 591.895, -340.392
4.39478, -117.558, -1710.19
3.16407, -25.8071, -1605.37
4.26563, -249.769, -1131.69
4.2497, 1567.93, 1972.37
7.41084, 1218.14, -243.118
5.25961, 302.157, -771.495
4.99918, 26.872, -1428.05
3.58531, -1669.35, 915.355
4.37311, -463.133, -1304.3
6.78251, -1322.14, -943.391
6.45578, 1577.63, -1020.63
3.9204, -983.022, 1858.51
5.07645, 875.007, 200.904
6.79238, -588.596, -51.0782
7.07844, -1891.87, -345.577
7.48941, 273.373, 1834.28
6.53177, 348.791, -393.283
5.22718, -1809.52, -369.663
7.3461, 299.481, -1475.72
5.31931, -1170.61, 725.287
4.03031, -831.018, 1320.78
5.41853, 1934.96, 1907.63
2.91197, 111.126, -664.801
5.47382, 707.071, 1248.2
3.31968, -1197.55, -1183.35
6.46527, -1219.62, -873.481
2.95373, 1157.76, 1482.82
6.3072, -1011.06, -1359.64
6.83996, -438.399, 65.6998
6.40105, 384.475, -668.962
6.61399, 1817.25, 1941.88
6.70974, 745.244, 1106.97
4.48328, 1065.67, 512.446
6.508, -318.713, 340.792
6.56811, 761.793, -88.4046
5.43493, -820.011, 202.754
4.64621, 1592.67, -100.938
2.5002, -137.397, -958.807
5.31153, -1631.15, 633.106
6.22632, 671.833, 711.757
3.89846, 1930.41, 596.69
2.93406, -1975.15, 1130.36
3.5733, 1706.96, -1761.94
3.93296, -989.477, 1111.09
4.86595, -814.207, 951.061
6.95893, 1691, 1639.79
5.91955, 1014.57, -1000.3
3.54376, -101.837, -130.878
6.67533, 1589.15, 24.3941
7.09218, 1883.32, 1835.16
4.48244, -949.46, -1403.12
6.37858, 1083.46, 1076.66
5.68161, -323.367, -181.308
6.64746, 967.223, 584.851
3.40204, 1117.92, -916.055
7.45927, 1159.56, -1532.46
6.70558, -301.635, -1690.03
4.65177, 1777.36, 532.59
4.38589, 1193.64, 1780.82
2.70802, 1311.87, -1011.77
6.80715, -1616.51, -1080.32
6.62116, 1823.64, -1815.06
6.25052, 32.218, 1467.28
3.55801, -330.337, 1988.41
4.31029, -1563.84, -384.645
4.43545, -1183.04, -1607.63
7.32918, 1612.08, 1283.59
6.5872, -336.884, 1261.68
4.5755, -164.951, 898.913
5.83759, 411.994, 368.408
2.52101, 954.976, 1950.73
6.98048, -1481.09, 504.612
3.68416, -686.87, 710.657
3.79415, 719.408, -192.396
5.4939, 817.559, -1421.37
6.89823, -1691.97, 758.294
6.16299, -1131.32, -1184.94
6.0773, 1828.33, 1141.6
3.57724, -1217.25, 962.077
6.30413, 1357.12, -1916.5
3.85351, -320.692, -1121.79
2.75246, 1335.89, 685.478
4.78866, 537.119, 491.335
2.58759, 898.755, -1558.98
3.01129, 150.932, -351.224
2.639, -258.609, 562.766
5.65921, -681.478, -1031.1
6.34425, 176.439, -497.552
2.74132, 1051.15, -1681.85
6.6924, -116.471, -1261.37
6.76899, -526.222, -641.941
6.57649, -888.966, 1147.89
6.85188, 1590.42, 811.712
5.27222, -1268.74, -344.918
6.12646, -592.836, 120.086
3.20424, -1055.59, 1877.45
6.6115, 1203.31, -1059.51
5.51185, 1468.44, -394.979
4.93856, 1018.47, -1842.37
6.14942, -577.331, 1908.04
4.05164, 1515.25, -1338.74
3.93925, -1398.69, 708.549
5.45857, -1907.38, 1622.61
5.34055, 1313.56, 1772.98
5.41059, -1857.03, -1158.09
2.84132, -1379.03, 566.429
4.34304, 303.333, -761.769
6.28475, -1874.99, -1152.48
6.35297, -894.388, -1749.55
4.27217, -788.198, -504.446
5.98913, 486.653, 1865.91
5.08005, -1368.8, -607.705
5.94494, 783.355, 263.479
6.18066, -164.362, 1231.33
2.56231, -687.401, -1350.77
7.16549, 1214.84, -244.087
5.37826, 267.376, 253.121
3.05587, 917.728, 1949.64
4.87388, -218.738, 49.4526
3.24247, 346.684, 187.813
4.22594, 101.932, 900.115
7.04476, -1866.55, 369.434
4.54571, 30.9095, 1032.49
5.96642, -1357.08, -154.701
3.35865, 766.589, -1868.24
6.21715, 1787.02, -1008.92
4.16319, -847.21, 1282.5
4.62157, 1336.37, 622.853
2.79523, -274.5, -231.018
5.09005, 564.639, -479.699
5.94425, 949.543, -1163.17
5.01149, -516.025, 44.7945
6.56617, -338.133, -1503.27
3.07974, 163.327, -1879.86
5.24841, 532.951, 931.088
5.06046, 823.9, 42.7278
6.02649, 1906.38, 883.367
5.65083, -473.593, 1780.44
4.0207, -47.9838, -1267.35
6.74719, 800.333, 744.562
3.39619, 1204.26, -40.5523
2.61737, -1061.77, -200.571
4.19467, 1481.65, 108.504
3.43818, 700.995, -169.213
6.60467, -572.588, 381.072
6.72507, -1791.53, -312.182
6.78031, 1694.14, -1441.83
7.37454, -1909.45, 1282.84
2.99587, 940.92, -896.969
2.56182, 1128.91, 1314.27
2.58614, 439.375, 1171.43
2.64527, 505.012, 189.938
4.1031, 303.482, -782.95
6.17815, 1255.69, 605.446
3.14876, 731.233, 950.678
2.5161, -735.918, 1015.17
6.91905, 278.105, -1582.21
3.70482, 463.155, -1149.88
4.38481, -1643.08, 1518.28
4.44879, 1219.34, 372.692
2.81534, 1191.74, 590.42
7.30792, 367.424, 1918.18
3.75349, 1453.88, -676.139
6.85376, -1361.35, -115.871
2.85991, -1838.34, 855.493
2.70653, -1250.84, 1156.37
3.46378, 726.73, -1047.55
3.86708, -621.331, 605.707
7.4007, -1906.99, -731.37
3.60607, 649.678, -1080.39
6.43119, -1751.92, 1713.42
4.42306, 602.744, -844.803
3.78593, 960.74, -1274.36
3.91087, -1896.86, 131.983
7.33834, 1737.41, -67.6515
4.22841, 1537.88, 345.669
3.45922, -1969.56, 1475.97
5.05037, -1096.39, -753.753
5.21857, -1116.52, 1269.7
5.72333, -1273.37, -1231.49
3.89738, -20.4304, 1575.8
3.41887, -593.11, -1440.69
2.71579, -1683.55, 757.725
3.98408, -1006.21, -530.643
4.25548, -463.152, 281.782
7.09372, -842.625, 1457.81
5.81225, 1011.9, -725.845
5.08041, 1734.11, 1172.97
4.03763, 1233.28, 1177.31
3.0007, -706.468, 310.87
3.47502, 760.341, -1762.19
4.11407, 63.0737, -264.615
5.56182, 1930.73, 173.234
5.13511, 1923, -1969.41
3.45653, 513.141, 570.753
4.7178, -1300.16, -857.308
4.48693, -1420.37, 1711.29
6.28051, -1214.74, 1489.66
6.6213, 1474.1, 1205.25
5.51573, 283.95, -688.586
3.04573, 1220.83, -1659.56
4.11797, 974.838, -330.84
5.03403, 16.3466, 637.716
4.76521, -1296.52, 1596.86
4.77315, -362.716, -923.151
4.91125, 1835.82, 1820.14
5.07896, 739.249, -1302.72
4.50207, 394.669, 1634.42
4.22945, 1924.81, 970.329
6.64533, 1856.41, -480.279
3.02204, -1466.36, -1598.3
6.40057, 1173.8, 1138.45
3.19919, -595.366, -479.05
2.62171, -1603.82, -1031.24
6.0664, 814.368, -1511.68
7.15538, 311.626, -1644.77
7.47667, 362.395, 349.717
3.86264, -1764.52, 305.888
3.6923, -953.45, -508.347
3.87328, 1927.62, 1240.56
5.70836, -1818.71, -1462.39
5.17637, 621.656, 312.487
6.8967, 1673.67, -594.362
6.75968, -1326.1, -1681.27
2.98004, 1820.22, -70.4786
4.66818, -1502.32, 397.282
3.17045, -411.494, -1515.81
5.86802, -321.235, 634.712
5.34964, -106.811, -961.551
3.66474, -1248.39, 1125.69
5.50306, 533.564, -1380.05
2.6551, -1607.99, -56.6283
7.08512, 1138.16, -624.979
3.82958, 1728.87, -357.891
6.50016, -370.001, -1018.86
5.46389, 338.694, -1448.41
5.0822, 719.273, 1233.51
5.2567, 638.682, 1289.08
3.47225, 1014.85, -466.981
5.36152, 242.423, -1487.1
3.81992, 428.073, 805.791
4.41648, -1530.62, 1079.65
2.73626, -1509.21, -1795.15
4.22823, 1175.36, -1341.99
3.61594, 1359.21, -874.539
3.81264, 33.8205, -1475.63
3.05141, -860.542, -804.436
7.40088, -1412.04, 40.6988
5.93794, 1594.9, 1281.51
5.82158, -1095.5, -762.612
5.99501, -1204.03, -1346.5
2.68746, -1678.21, -1555.48
3.6706, -1257.85, -1491.47
3.95397, 1434.61, 1388.07
3.50543, -79.8566, -520.283
2.7177, 752.58, 664.83
2.56571, -1065.65, 1042.74
6.07297, -1055.57, 1531.16
6.88348, -1745.66, -1259.49
5.35088, -1775.67, 542.888
6.92743, 1732.09, 1742.49
5.20042, -712.943, -560.326
3.31357, 1860.19, -1295.72
3.30492, 1936.63, 880.509
7.19182, 639.028, 575.058
3.45628, 1108.85, -1706
3.15761, -9.73986, -218.753
4.41122, -631.208, -10.4055
6.12674, 515.564, -531.161
2.50651, 1084.41, 1748.06
4.60222, 43.4963, 1472.31
5.18984, 616.672, -428.059
4.86596, -477.685, 494.792
6.33003, 1089.56, 1741.62
2.9396, 1110.06, -940.317
7.04284, 267.077, 647.894
3.20818, -1754.59, -791.032
2.54782, 873.151, -103.739
2.82267, 479.672, 1041.49
4.96742, 763.791, 445.009
5.40914, 1065.91, 1971.97
4.03373, -1898.03, 1089.8
4.57091, 1835.66, -137.343
4.33401, -1148.89, -1378.35
3.42687, 370.919, 1338.23
2.76788, 1277.47, 323.387
4.47222, 1083.18, -130.967
3.98388, -696.021, -264.038
5.05388, -792.677, 1641.84
3.75392, -1399.54, 460.752
5.01589, 1930.69, 1769.97
2.51168, -32.3395, 1595.96
7.01807, 1994.57, -896.48
2.79181, -1812.06, -1897.01
5.17506, -1377.57, 1609.83
3.95754, -769.214, 1751.19
7.3023, -1629.56, -545.426
4.73406, 639.37, -218.466
5.08479, 1790.23, 335.342
5.93861, -512.407, 29.0242
2.72187, -321.277, 152.359
7.2946, -1596.62, 1213.94
5.70852, 727.094, 311.319
2.80215, 1261.01, -1562.41
3.33964, 96.937, 536.416
5.76491, 975.215, -499.173
6.19864, -1538.98, 678.91
3.57011, 1721.06, 401.18
4.31441, 314.84, -1749.77
6.56981, -1296.3, 1869.95
5.32057, 1615.63, -941.238
7.45886, -81.6123, -1797.33
6.5669, -1527.36, 795.359
3.49157, -1988.42, -46.1038
2.50003, -323.891, -1708.67
4.62608, 1891.36, -1552.55
4.07406, 1668.34, 389.792
5.56218, 1213.86, -1867.98
3.83351, -405.172, -1089.02
4.39881, -1190.21, -122.257
5.43397, 1934.25, 591.095
5.95636, -283.1, -1031.33
7.26736, -918.835, -1143.89
4.89785, -585.701, -1909.75
3.60319, 751.711, -1461.59
5.33741, -1449.85, -893.959
6.09873, 866.635, 728.617
4.4953, -977.234, 1126.53
3.48326, -1381.42, 1983.6
6.66971, -1347.13, -1516.53
5.59561, -898.363, -1738.05
7.26866, -589.371, 344.55
3.23222, -28.7488, -560.216
5.38953, 81.4797, -920.143
7.26796, -784.524, 1446.34
3.62331, 1440.93, -1955.17
7.25137, -979.947, 1618.54
3.07874, 1598.68, -1036.63
2.58372, 59.2502, -525.084
3.90465, -703.931, -342.499
7.15042, 1295.88, 335.864
3.04796, 1492.84, 1743.92
6.77266, 60.9588, 1660.9
5.68532, -1453.23, -1464.76
5.63853, 815.184, -1417.66
3.80589, 1455.08, 1487.22
5.13936, -1901.98, 440.259
7.16608, -536.364, 1827.45
3.98055, 1847, 202.488
4.78006, 311.579, 913.453
6.35659, -1313.26, -1243.49
4.17193, 198.778, 231.991
6.31775, -79.0727, -1889.09
6.65892, -60.1225, 1886.51
2.64618, -1450.39, 1136.75
4.31315, 1430.97, -535.356
4.16221, 567.895, 922.427
3.17675, -1038.6, -609.986
3.00839, -613.486, 1247.43
5.11327, -1220.13, 1630.93
3.52046, 61.3121, -1069.13
5.00728, -1733.72, -1263.67
5.1371, 6.20014, 1923.63
4.13422, -538.528, -585.963
4.75888, 452.259, -890.691
6.85263, -14.8754, 1972.11
4.72884, 1291.71, 1730.7
6.03726, -917.904, -1840.01
6.83171, 1830.94, -1398.57
6.5822, 1741.6, 442.78
2.67504, 1792.08, 1675.29
3.8644, -1308.48, -472.747
5.21858, -845.687, -861.729
3.19942, -1983.88, -1092.7
5.57408, -1558.99, -1872.16
3.29182, -1386.77, -1211.29
4.41129, 197.97, 442.38
5.94997, -188.668, 379.093
3.21128, -778.02, 921.437
5.65284, -1570.2, 1589.32
3.15973, 399.13, 1872.78
7.13583, -1482.85, 507.309
5.53465, -1878.96, 1569.83
5.50388, -1844.21, 741.086
3.33635, 1196.86, -1057.13
3.301, -1727.05, -802.732
5.91628, 1248.38, -59.8326
5.1456, -1430.25, -27.9567
3.65264, -263.796, 1623.5
6.55373, -1004.68, -116.557
5.76477, -841.031, -1121.85
4.08597, -1103.51, -1168.09
2.53953, -525.301, -1632.26
3.49176, 1457.43, 1484.8
3.78831, -17.3071, 764.188
3.03825, 1783.49, 77.4146
3.49545, 265.232, -871.038
6.75079, 1607.52, -1544.15
6.63912, -1970.28, 425.769
6.76813, -1920.75, -1104.13
5.71027, 571.179, 1559.65
3.6787, 1457.27, -1978.26
6.80638, -1005.28, -1620.17
5.4745, 73.7975, -204.64
2.52745, 1014.71, -59.6989
6.84925, -1324.25, -939.004
7.37729, 1300.48, 213.203
5.59653, 758.759, 27.0434
3.85574, -1887.3, 759.931
7.46973, -318.184, -1270
4.60751, -1447.05, -1060.37
4.20537, -1589.83, -1230.99
4.80717, 725.817, -275.598
4.44822, 528.955, -758.394
4.613, -100.807, 1030.94
2.84879, 263.916, 574.703
5.5153, -116.672, -253.892
7.36114, -99.4179, 462.048
5.07406, -1393.6, -1071.89
7.45461, 1911.8, -275.413
5.84906, 1252.76, -296.263
4.01716, -1211.59, 141.342
3.47371, 1750.75, 1132.38
4.0109, -1419.51, -1875.29
4.93946, -669.691, 922.766
4.72438, 1061.46, 1960.16
5.7844, 639.404, -1883.69
3.74227, -1560.5, -1338.06
4.72007, 109.851, 1111.89
5.75894, -1383.73, 107.911
6.67472, -1427.5, 377.441
6.03698, 400.586, 1641.14
4.93928, -1743.09, -1204.77
6.72039, 799.803, -478.402
7.00296, -997.209, -366.971
6.33082, -1301.86, -1053.39
5.29453, 1257.46, 1697.16
2.70603, -44.1528, 184.739
5.46749, 1128.68, 130.988
2.68674, -1362.2, 1655.93
4.53488, 45.8126, 874.038
2.84243, -1952.99, -1764.29
7.38558, -1556.34, -1764.99
2.5956, -1034.88, -466.952
6.60363, -320.791, -546.326
5.2195, -749.034, 1756.61
5.72828, 1584.12, -665.094
3.62934, -521.504, 114.728
2.733, 1656.56, -1389.71
3.63154, 429.43, -1112.07
4.58371, -1267.15, 270.504
6.40126, 532.107, -1264.02
3.72852, -1844.89, 778.048
4.81411, 1318.41, 175.977
6.14756, 1857.94, 582.593
5.35237, -660.845, 1632.2
5.45997, 1856.54, 1850.58
4.98425, -1888.15, 562.162
3.951, 989.164, 218.183
4.71107, -6.27114, -452.174
2.53669, 1709.66, -791.896
7.41683, 993.216, -718.392
2.52822, -1620.43, -291.1
4.8676, -196.701, 1471.85
5.86497, -620.684, -243.965
