6.27803, -1473.47, -1997.35
3.5948, 130.713, -180.082
5.89648, 716.417, -1810.62
5.09708, -466.795, 1740.99
2.76731, -1862.51, 1321.91
2.53849, 672.349, 107.979
4.58743, -1729.18, -465.905
7.15218, 356.123, 747.865
2.95982, 106.683, 1384.5
6.00595, -333.603, 619.563
3.81226, 1050.15, 1640.02
4.14117, 944.113, -1808.63
7.45519, 1024.35, 528.967
7.41275, -1017.16, -547.243
5.75759, 1012.34, 889.852
6.92354, 526.191, -1707.64
6.33247, -252.629, -908.603
3.87453, -1045.55, -91.0178
4.93259, -1338.6, -576.994
2.80282, 1637.81, 1588.4
5.08146, 17.5764, 1616.54
4.96988, 1944.46, -724.285
7.23882, -1635.49, -935.843
4.42071, -5.24862, -1698.75
5.14874, 1653.8, -892.801
2.75042, 1762.35, -139.876
6.63909, 1081, 1050.5
5.94228, -1933.55, -1497.24
6.18112, 518.096, 1472.38
6.94286, 1993.55, 901.341
4.25508, -772.533, -1067.71
6.72991, 364.543, 52.8845
3.84659, 1348.88, -339.102
4.83959, 149.062, -342.279
3.2686, -1288.47, -848.358
2.66527, 1212.32, 286.093
7.2768, -7.29933, 139.359
6.95369, 218.728, 992.062
3.29884, 1366.25, 498.443
3.15214, 858.549, -1148.19
2.515, -902.197, -1635.23
6.0491, -1904.44, -348.278
3.40448, -1037.73, 1749.22
5.76029, 1547.26, -728.501
4.42907, 726.455, -1398.23
3.23766, -2.17906, -450.388
5.45054, 1378.65, 347.868
3.24076, 227.635, 1820.91
3.2091, -364.512, 1931.55
4.94257, -990.318, 258.58
3.13015, 1837.84, -143.847
5.64635, -721.661, -1199.53
5.60817, 604.262, -1491.53
4.88216, -1006.77, 1210.75
2.64188, -1182.4, -450.026
3.21011, -291.282, 1605.45
3.15594, -359.381, 1788.01
3.31099, -1632.89, 1537.72
3.76529, -538.169, -1713.57
4.77654, 1135.38, -1461.47
6.54472, -190.376, -601.43
3.57624, 606.201, 1724.63
3.75063, 1634.36, 725.425
5.02978, -115.265, 1442.92
6.27922, 1270.1, 396.25
5.66369, 1805.59, -148.325
5.9449, 1294.31, -245.326
7.27207, 1946.68, 810.652
5.18713, -843.427, 1408.11
4.57014, -1576.27, 72.3119
4.70019, 1505.38, 307.741
6.07821, 1476.05, 918.595
6.20858, 824.318, 1201.35
5.12494, 1543.5, -1922.62
6.06711, -1737.51, -147.108
5.91025, 670.221, -44.0144
6.82941, 1665.87, -1200.91
3.19597, 174.636, 1557.99
3.57766, 1954.16, -199.318
5.0733, -735.436, -217.393
4.83766, -240.572, 1521.67
3.55759, -538.349, 1225.88
5.65244, -1385.28, 1992.03
2.5044, -1988.9, 458.351
4.09589, 908.502, 1092.37
5.90281, 729.097, -325.446
6.0446, 1344.69, -1177.95
2.90869, -1620.78, 1313.7
3.56926, 519.839, 1057.63
4.44412, -1674.24, -1145.08
4.44927, 1792.34, 1807.83
3.92018, 767.931, -922.878
4.6123, 1134.14, 1106.41
2.55658, -1205.94, -878.604
3.72027, 1922.73, -1234.6
4.49072, -1452.05, 1281.4
6.64177, -1293.1, 403.727
3.78584, 1950.22, -1370.12
3.59705, -1596.32, -1065.24
6.47385, 783.125, 538.551
5.8476, 1010.33, 784.592
5.49108, -1776.49, 543.383
5.99917, -725.385, -1090.45
5.13062, 1050.98, -1528.59
4.14833, 355.895, 212.479
3.30844, -1428.17, 810.557
6.56633, 1439.87, -58.2075
4.08004, 955.942, 228.287
4.05369, 113.065, -1459.63
4.65424, 71.984, 349.603
4.46509, -503.958, -957.402
4.43916, -96.9287, -216.07
4.34871, -1684.47, -883.63
5.88118, 686.896, -984.875
6.10384, 912.504, 55.8679
7.20082, -152.556, 1781.15
5.08573, -158.423, -714.103
5.5282, -391.605, 645.553
5.85049, -1396.09, 1948.08
5.11404, 165.703, -623.032
3.87105, -1935.14, 1312.67
7.08924, 185.602, 571.518
3.73367, 1877.84, -931.81
4.77876, 774.525, 1373.92
3.30374, -1910.29, 1277.16
4.68319, 830.196, 825.713
7.45767, 1004.42, 331.422
6.26931, -881.103, 782.51
4.97846, -1980.34, -1314.29
7.01651, -1340.45, -1679.5
4.68213, 986.316, 1130.04
5.09239, 338.579, -1972.35
4.44866, 176.171, -1730.37
5.63431, -454.69, -1136.53
5.19331, 835.636, 636.211
4.35955, 1263.96, -878.344
2.54674, -744.715, 734.149
6.3794, 83.4284, -1583.01
2.85317, -1777.76, -1118.31
3.98511, 893.902, -1358.98
4.78581, -76.3092, -1804.31
3.25156, -205.378, 79.2916
5.97819, 1335.12, -857.507
4.15587, 741.508, 321.133
5.21197, 1946.03, -1768.18
2.64678, 1427.48, -1988.81
5.38086, -41.6195, -486.11
5.18133, 720.574, 954.142
7.36678, -1511.14, -1855.68
5.57063, -594.947, -1245.04
5.26431, -1494.96, 429.157
6.69051, -567.249, 1814.8
3.75764, -966.061, 1891.75
6.98957, 1265.52, -295.281
5.97428, 1038.9, -1018.38
5.82752, -945.671, -192.197
3.06838, -1161.2, -1535.11
3.37987, -1972.62, 188.332
2.91253, -272.346, 395.737
6.68103, -497.572, 748.066
2.64818, 1889.11, -1510.97
6.34719, -17.5029, -1685.07
4.29829, -1000.86, 1734.96
6.24626, 1.23072, 1074.78
6.28385, 726.213, 686.441
3.60834, -1077.17, -1852.42
5.58305, 610.396, 251.526
3.66846, -1100.36, -512.1
6.22052, -1336.89, 610.854
5.80997, -1811.7, -1362.78
4.9209, 1799.57, -1498.3
2.58972, 1656.1, 482.495
4.98291, 888.669, 378.703
5.09587, -230.806, -1782.41
4.71395, -1746.4, 1073.56
4.14528, -127.61, 1906.05
3.52671, 972.301, -215.819
7.19863, -507.81, -1312.03
2.85168, -997.93, 1855.41
3.30042, 104.845, -1502.08
6.70788, -1582.65, 60.3354
4.13614, -308.36, -530.6
6.85942, 309.389, 854.334
5.99896, 1345.45, 1032.7
5.52801, 1740.25, -442.965
4.77536, 158.258, -547.772
2.91543, -1040.03, -379.497
3.94883, -110.331, -309.842
6.51009, -1136.24, -1578.47
6.81821, 678.02, 114.382
3.81831, 845.344, -1024.25
4.79881, -1674.91, -469.511
4.95672, 1189.1, -1062.41
5.82344, -935.27, -1984.85
7.31738, -1252.93, -301.299
7.23022, 1179.24, -1465.16
2.81902, 444.372, -1313.57
5.04829, -815.212, -618.713
6.13222, 1337.15, 1306.05
5.65882, 1206.54, -681.215
3.26658, -1833.32, -1818.26
5.09652, -1742.71, 1078.6
3.52281, -1116.67, 1714.79
6.03231, 799.09, -1643.38
6.05786, -951.878, -23.7496
3.66304, -1186.43, -482.048
6.80594, -132.572, -266.609
2.67122, -221.114, 1906.76
6.26587, -1872.72, 97.2422
4.14789, 1289.69, 361.926
4.65309, 145.191, -1070.52
7.33455, 1945.9, -386.12
4.05803, 1469.02, 1399.21
5.69762, 1986.55, -1405.23
5.95386, 1729.51, -126.603
5.36403, 164.246, 1260.5
6.60667, 1781.65, -1364.24
4.21807, -1827.61, -1373.9
5.09387, -1615.23, -1557.49
6.78438, 245.664, -1908.21
6.18587, 696.58, 70.838
3.45992, -1903.66, 789.534
2.83145, -616.445, 683.146
3.60828, 1698.58, -1445.82
3.33656, 343.186, -476.986
6.31172, 764.295, -1888.54
5.44905, -1689.65, 853.113
4.65223, 1718.83, 1702.87
7.09618, 1323.92, 23.9982
5.09668, 894, 400.641
7.38058, -1355.17, -38.3163
5.15714, -906.72, 296.531
2.98716, 668.238, 791.921
5.83983, 441.261, 195.587
5.44444, 284.761, -27.045
5.01137, -1405.79, -220.622
2.75808, -1871.07, 923.849
2.6753, -705.731, 70.9285
4.41484, -1571.18, -1021.2
5.55555, 386.527, 207.242
5.06574, 1080.5, 1753.23
5.98498, 601.722, -53.1473
4.89891, -52.0064, -370.151
3.88323, 136.772, 842.286
6.01685, -879.253, 421.22
3.67701, 1752.12, 120.426
6.41501, 386.166, -347.536
6.60589, 724.724, 1679.05
3.21842, -1076.85, 108.871
5.75757, -990.853, 1602.02
3.87677, 1742.58, -1978.49
7.26215, -879.197, 1434.3
4.58238, -1506.91, 27.4943
3.03869, -253.843, 808.994
4.70633, -1599.49, 1064.27
6.28811, -827.843, -611.495
2.77803, -677.033, -644.357
3.51241, -58.0713, 291.876
6.82305, 1894.98, -1559.77
6.52456, -530.559, -30.2815
2.78861, -1360.86, -1349.8
4.40304, -127.837, -1402.9
4.56124, -300.591, 1533.61
2.80071, -765.715, 605.127
7.09746, 1593.37, 1265.87
3.35398, 1079.1, 1605.69
6.51634, -1870.58, 296.578
3.88599, 1446.64, 89.633
4.44586, 346.927, 1477.57
7.19936, 103.55, 1247.47
6.24573, 320.035, -322.057
3.44774, -648.316, 1522.19
6.89581, 874.736, 971.876
6.8953, 839.144, -1706.51
3.30515, -1634.06, -550.105
5.87346, -1612.79, -332.771
6.89096, 1253.05, 251.174
6.98262, 535.752, 1071.78
3.06535, -53.1258, 1512.46
5.93789, -468.313, -492.918
3.21651, -1689.41, -1515.96
3.6901, 832.834, -89.3748
5.64383, 1901.08, -436.059
4.312, 1635.1, 720.136
4.64437, 1177.08, 1436.4
4.91936, -7.95526, -1698.45
6.20379, -2.14845, -200.779
3.23098, -795.632, 1732.17
7.36238, -1675.18, -1556.27
7.3158, -1041.61, -374.035
3.14741, -1206.33, 1332.86
5.3784, -642.245, -1214.44
4.66439, 342.212, -240.695
5.50066, -475.239, -523.707
5.85098, -1402.9, -277.99
4.5137, 792.471, 1980
6.46691, 1278.65, 1395.15
4.89889, -1959.26, -502.571
5.72449, 587.994, 555.429
4.28836, -491.07, 1196.76
5.96794, -662.269, -441.853
5.83428, -833.923, -1417.69
3.22071, -745.208, 1419.59
7.10415, -1972.79, 416.9
4.22228, 65.5622, -471.977
6.66824, -834.668, -942.54
2.74349, 539.218, -1500.5
3.27936, -493.113, -159.769
2.55765, 663.542, 1021.96
3.94327, 243.199, 1179
5.07295, -711.681, -339.422
3.65948, 1367.42, 876.286
2.75022, -488.028, -133.618
5.33091, -1190.51, -1701.5
6.69774, -308.989, 1331.52
4.28763, -1278.39, -836.079
4.3452, 348.505, 1738.32
7.22226, 511.631, -147.489
4.72425, -1803.6, -373.126
6.82086, 991.964, 381.128
5.82654, -1580.68, -1474.96
5.79297, 326.212, 1332.76
7.10736, -1923.17, 1926.95
5.11536, 1874.77, -1225.12
5.45229, 878.941, -884.623
5.79944, 1338.07, 1344.84
4.24765, 586.115, 920.708
4.11714, 662.421, 131.822
7.08984, -227.581, 1477.19
3.08619, 1807.09, -892.983
7.31268, 1350.49, -340.369
5.17978, 93.5158, -666.683
5.81447, 1716.63, 1271.48
5.48362, 1769.97, -1021.95
6.93363, -1012.19, -1494.61
6.67999, -1345.24, -1215.22
6.69339, 493.119, 408.837
6.85642, -432.168, 684.894
2.5002, -1537.92, 671.539
4.77274, 515.652, 703.331
4.25696, -1870.98, 295.78
5.80713, -516.407, 1419.55
6.22234, -1746.62, 305.64
3.3821, -232.833, -886.384
7.4621, 1588.98, -1630.8
5.95466, -1867.09, 356.712
6.97862, 279.398, -45.1984
3.51579, 752.139, -262.436
7.2356, -911.407, -73.039
4.88476, 1804.7, -1017.98
6.78578, 1844.84, -1492.29
6.41237, -1968.21, -1126.19
5.70687, 1835.44, -1802.12
3.14521, -1450.68, 294.457
5.77944, 7.7519, 1298.9
3.09199, 105.972, 19.7475
3.88793, 674.159, 1610.93
6.65548, -436.778, -453.61
6.14153, -1505.5, -1027.61
6.74348, -1195.37, 592.088
3.43989, -1574.14, -1903.34
6.09602, 1117.87, -556.804
4.25586, 322.654, 665.325
3.34555, -831.687, -1372.88
4.52383, 682.43, -1102.61
4.20924, 317.728, 1544.64
6.67141, 794.391, -251.055
3.9111, 1396.16, 1168.05
5.16766, -1349.12, -957.475
6.25085, 1992.45, -1706.62
4.62554, -1355.44, -1522.41
4.66964, -1143.47, 1093.42
3.03022, 1716.69, -1866.64
6.4639, -73.5487, -933.995
3.91232, -1145.19, -968.887
7.14264, -1164.59, -475.629
5.37926, 472.33, 1049.56
3.4895, 1632.6, -575.993
5.99081, 1155.1, -1525.55
3.07265, 991.454, -1924.3
4.22945, 616.62, 1578.2
4.15646, -1150.33, -473.319
6.42735, 1657.22, -1927.19
6.65775, 919.644, -425.98
4.21712, -1480.91, 1510.77
4.2603, -550.335, 1770.86
6.38197, 289.725, -1672.45
6.58658, -26.3016, 1376.53
4.26157, -259.352, 570.246
7.09559, -869.868, -602.899
3.2877, 979.751, 505.472
5.56029, -983.053, 1121.34
5.54222, -744.946, 1418.89
3.16647, -504.825, -1494.64
3.51409, -1494.33, -953.572
4.79457, -1715.33, 1002.18
3.48759, -1058.82, 1853.63
6.77118, -1676.98, 740.455
6.54562, -1519.26, -1388.28
2.80131, -1816.39, 1775.16
6.50584, -1435.68, 1315.87
5.49597, -388.065, -1088.53
7.43182, -1783.94, 618.797
2.65919, -331.959, 1269.26
6.8356, 1891.93, -1562.1
3.69109, 1337.48, 688.795
3.6127, 356.371, 866.076
4.73907, -1987.56, -1080.19
2.61231, 1723.38, -345.439
6.79755, -499.301, 49.7398
4.15902, 430.478, 1180.33
5.72195, 614.43, 497.724
7.43521, -1894.15, -964.299
5.30162, 569.25, -1168.46
4.74553, -1516.82, -492.348
5.213, 344.946, -1432.53
2.90797, 1546.29, -65.6045
3.99606, -1602.1, -547.228
6.63964, 1649.64, 1363.59
6.48936, 1252.39, 1878.77
5.71048, -205.555, 1359.32
4.84105, 1262.45, 774.67
7.15326, -394.668, -1223.61
5.08798, -495.879, -138.078
7.42924, 1596.67, -1085.98
5.94567, -164.58, -1450.04
6.19966, -362.483, -887.282
3.46323, -784.559, -1872.92
6.08881, -901.547, 1251.57
6.11146, 1140.18, -364.292
6.49298, 532.19, 308.008
4.23216, 510.979, -1996.9
5.1481, -31.3413, -114.95
3.19001, 1431.73, -724.415
6.73218, -451.574, -407.048
6.32766, -171.089, -1773.39
7.5, 1847.29, -832.011
4.24891, 966.328, 1992.88
5.50367, -1203.18, 1184.77
3.50808, -992.888, 170.322
6.2385, 55.7901, 303.426
6.49225, 1956.28, 432.238
3.03505, -1412.82, 218.9
5.35813, -1014.62, 94.933
2.84683, 715.904, -664.609
4.16036, 1501.9, 1378.64
5.80945, 975.299, -1417.57
5.27726, 349.492, -395.23
7.12415, 457.954, -23.4953
2.69832, -973.401, 454.747
2.62083, -624.957, 481.875
4.61923, 430.823, -1314.41
4.36987, 921.536, 273.1
2.93303, -484.332, -530.616
3.05403, -323.805, 335.629
5.31992, 739.221, -697.994
7.37269, 125.708, 1486.35
3.05066, -97.2388, -1761.36
5.99352, 198.074, 1966.36
2.79674, -100.301, -1488.97
4.69755, 1671.51, -218.418
5.24651, 1987.05, 1433.31
3.45129, 1384.35, -1501.96
7.36597, 626.195, 656.286
3.19593, -1357.25, -158.384
5.48978, 1888.03, -866.177
7.12812, -1747.46, 1408.61
3.91116, -140.996, 1790.32
6.8307, -278.376, -160.795
6.29598, -458.982, -1203.93
6.10793, 698.05, 1252.21
3.34241, -753.073, 739.994
3.32882, 1680.01, 750.751
3.39076, -1294.78, -1982.73
5.87226, 672.281, -1206.5
4.83484, -710.313, 78.3129
6.85219, -1624.12, -716.547
5.76023, -1395.86, -233.204
5.80464, 1527.74, 1765.69
2.58037, -1320.31, -1188.49
4.30596, -1560.67, -1334.79
3.72747, 1853.21, 242.32
6.93086, -1877.91, -1902.87
5.23701, 1651.6, 1546.22
6.57209, -52.2121, -1306.89
5.24453, 339.396, 1742.27
4.16156, 1013.06, -112.402
4.40213, 50.6421, -1309.89
2.52389, 1866.39, 1311.4
6.95226, -181.481, -794.532
6.16955, -997.128, 1373.25
6.04239, -307.494, 1349.15
5.1278, 107.042, -375.644
6.41065, -384.236, -1632.37
3.42484, -769.719, -940.881
5.72673, 488.12, 1021.18
3.42178, -1381.36, -688.852
3.31214, 129.418, -166.757
2.65594, -363.812, 1702.18
7.42716, 260.458, -1331.04
4.04559, -664.873, -1437.2
4.11075, -1339.69, -599.164
5.51155, 575.865, -467.343
2.89107, -659.346, -1847.76
3.93936, -36.3361, 176.477
5.79307, -244.442, -988.098
7.36348, -1990.52, -697.875
7.27758, -726.43, -1594.9
7.42745, -1341.94, -585.931
7.30478, -1830.51, -1531.38
3.0073, -1117.96, 1139.27
3.71505, -250.892, -981.403
6.91151, 197.389, -868.45
5.28805, 681.559, 1404.58
6.7669, 1607.06, 1031.61
7.49145, -1066.66, 1042.12
3.99751, -513.373, -962.18
6.33157, 1963.35, 979.574
4.81901, 567.506, -286.215
6.8168, -1272.49, -1588.51
6.99018, 1722.78, 11.9462
7.377, 516.26, -834.445
2.77405, 1323.78, 159.478
6.32605, 1899.12, -1238.9
5.09219, -1869.24, 1479.18
3.46574, 1871.5, -491.961
6.98252, 389.308, -1086.03
6.38492, -1662.04, 197.208
2.75968, 832.856, 1083.62
7.47331, -1711.35, 1532.89
5.93659, -2.94266, -919.487
5.94854, 1777.59, 993.652
6.57666, -1314.84, 1644.18
7.05426, -72.855, -870.553
3.34218, -402.768, 810.941
5.24183, -1160.01, 1609.19
6.53351, -954.537, -506.863
4.17803, 638.208, -1060.01
5.53435, -194.814, 84.7223
6.59602, -1909.71, 668.289
7.3485, 170.309, -493.41
6.29349, 1171.6, 985.54
3.72113, -369.899, -186.54
5.80589, -1144.58, 808.235
4.21574, -895.236, -372.473
7.27146, 752.92, -793.485
2.60828, 1608.38, 1112.21
4.54979, -1784.47, 1895.49
2.55789, 1182.31, -1345.6
3.04964, 1684.77, 404.906
5.28259, -1704.24, 181.551
4.45466, -68.7285, -468.454
7.20539, 236.156, -365.346
2.55572, 358.57, 793.989
6.22897, -448.831, -869.974
3.84293, 218.603, 259.956
4.27153, -1367.28, -1523.49
3.45835, -933.862, 1233.65
5.14832, 592.2, -341.158
4.39478, -118.669, -1709.51
3.16407, -26.3015, -1605.03
4.26563, -248.542, -1133.08
4.2497, 1568.21, 1973.56
7.41084, 1222.88, -239.548
5.25961, 303.819, -784.307
4.99918, 26.5744, -1427.6
3.58531, -1669.46, 916.699
4.37311, -461.396, -1305.95
6.78251, -1327.6, -938.512
6.45578, 1575.79, -1019.54
3.9204, -984.1, 1858.5
5.07645, 875.247, 200.214
6.79238, -590.239, -52.3433
7.07844, -1901.52, -347.244
7.48941, 273.878, 1835.86
6.53177, 342.223, -388.876
5.22718, -1819.1, -367.71
7.3461, 299.159, -1477.37
5.31931, -1170.84, 725.308
4.03031, -829.961, 1321.62
5.41853, 1936.94, 1909.43
2.91197, 108.387, -666.265
5.47382, 715.699, 1247.26
3.31968, -1197.91, -1183.38
6.46527, -1219.85, -873.238
2.95373, 1157.35, 1484.7
6.3072, -1011.41, -1359.77
6.83996, -436.058, 66.7885
6.40105, 385.45, -669.068
6.61399, 1817.32, 1943.98
6.70974, 745.444, 1107.46
4.48328, 1069.03, 512.24
6.508, -320.492, 339.389
6.56811, 762.331, -88.6368
5.43493, -820.35, 203.138
4.64621, 1593.46, -101.685
2.5002, -140.262, -959.471
5.31153, -1631.77, 632.754
6.22632, 671.264, 713.608
3.89846, 1928.59, 603.397
2.93406, -1976.87, 1130.66
3.5733, 1707.01, -1762.47
3.93296, -989.325, 1111
4.86595, -815.208, 951.735
6.95893, 1691.52, 1639.84
5.91955, 1012.29, -998.932
3.54376, -102.875, -129.497
6.67533, 1589.95, 24.8825
7.09218, 1887.29, 1834.95
4.48244, -949.03, -1403.98
6.37858, 1083.09, 1080.86
5.68161, -324.203, -181.641
6.64746, 967.543, 586.332
3.40204, 1119.2, -914.018
7.45927, 1157.01, -1528.56
6.70558, -301.002, -1690.38
4.65177, 1778.14, 533.247
4.38589, 1193.89, 1782.08
2.70802, 1313.1, -1012.21
6.80715, -1619.81, -1082.7
6.62116, 1820.97, -1820.34
6.25052, 41.1019, 1471.92
3.55801, -330.266, 1990.41
4.31029, -1564.06, -384.868
4.43545, -1183.58, -1609.67
7.32918, 1605.74, 1286.88
6.5872, -336.242, 1262.87
4.5755, -165.348, 899.305
5.83759, 412.63, 369.43
2.52101, 955.58, 1950.28
6.98048, -1486.55, 513.239
3.68416, -686.79, 710.935
3.79415, 720.95, -193.204
5.4939, 814.365, -1415.54
6.89823, -1698.42, 760.936
6.16299, -1132.12, -1186.32
6.0773, 1830.22, 1141.97
3.57724, -1218.01, 962.006
6.30413, 1356.92, -1917.19
3.85351, -320.066, -1123.34
2.75246, 1339.59, 697.64
4.78866, 536.128, 491.291
2.58759, 899.666, -1560.21
3.01129, 150.45, -346.388
2.639, -258.026, 562.9
5.65921, -681.019, -1030.67
6.34425, 172.392, -494.514
2.74132, 1051.03, -1682.84
6.6924, -117.409, -1261.47
6.76899, -526.38, -643.725
6.57649, -887.623, 1147.46
6.85188, 1590.9, 812.389
5.27222, -1270.15, -346.579
6.12646, -594.215, 121.61
3.20424, -1056.9, 1882.02
6.6115, 1204.24, -1055.13
5.51185, 1469.73, -395.378
4.93856, 1019.33, -1843.61
6.14942, -578.026, 1910.7
4.05164, 1515.36, -1339.19
3.93925, -1398.61, 709.294
5.45857, -1909.03, 1624.38
5.34055, 1315.15, 1775.26
5.41059, -1858.46, -1158.79
2.84132, -1379.35, 566.488
4.34304, 304.141, -761.104
6.28475, -1875.23, -1153.73
6.35297, -893.509, -1752.61
4.27217, -788.328, -503.909
5.98913, 487.687, 1867.2
5.08005, -1374.73, -610.455
5.94494, 784.331, 262.788
6.18066, -164.475, 1231.05
2.56231, -687.918, -1351.62
7.16549, 1207.81, -245.052
5.37826, 267.765, 253.474
3.05587, 916.054, 1950.25
4.87388, -220.25, 46.7762
3.24247, 344.015, 184.334
4.22594, 101.892, 901.111
7.04476, -1867.08, 365.143
4.54571, 31.3305, 1031.54
5.96642, -1354.35, -149.471
3.35865, 768.549, -1864.62
6.21715, 1787.28, -1003.07
4.16319, -846.378, 1281.59
4.62157, 1337.94, 622.582
2.79523, -274.393, -232.467
5.09005, 565.183, -480.295
5.94425, 950.283, -1163.71
5.01149, -523.856, 48.8533
6.56617, -337.925, -1504.04
3.07974, 162.864, -1881.37
5.24841, 530.85, 931.307
5.06046, 825.314, 42.8934
6.02649, 1904.69, 883.554
5.65083, -472.597, 1782.78
4.0207, -46.7313, -1265.25
6.74719, 800.579, 745.73
3.39619, 1203.3, -39.8757
2.61737, -1062.68, -200.625
4.19467, 1484.01, 109.462
3.43818, 699.872, -167.415
6.60467, -572.03, 383.615
6.72507, -1791.91, -310.224
6.78031, 1688.69, -1438.89
7.37454, -1910.16, 1278.47
2.99587, 942.127, -897.263
2.56182, 1128.82, 1315.07
2.58614, 434.05, 1177.25
2.64527, 505.966, 189.447
4.1031, 302.087, -770.565
6.17815, 1256.3, 605.878
3.14876, 738.886, 949.281
2.5161, -735.654, 1015.9
6.91905, 277.893, -1582.77
3.70482, 463.727, -1151.11
4.38481, -1644.16, 1515.73
4.44879, 1217.54, 373.535
2.81534, 1191.55, 590.862
7.30792, 367.48, 1920.51
3.75349, 1454.37, -675.6
6.85376, -1362.67, -112.838
2.85991, -1839.45, 856.982
2.70653, -1253.21, 1158.23
3.46378, 728.35, -1047.97
3.86708, -621.782, 605.687
7.4007, -1907.86, -731.614
3.60607, 649.391, -1083.25
6.43119, -1752.38, 1714.33
4.42306, 603.671, -845.32
3.78593, 961.53, -1274.78
3.91087, -1899.39, 132.93
7.33834, 1738.22, -66.5606
4.22841, 1539.59, 346.773
3.45922, -1971.32, 1476.45
5.05037, -1095.41, -764.872
5.21857, -1117.28, 1270.57
5.72333, -1270.93, -1231.87
3.89738, -20.32, 1575.16
3.41887, -593.029, -1441.95
2.71579, -1676.82, 765.174
3.98408, -1010.06, -536.194
4.25548, -463.26, 282.168
7.09372, -842.664, 1461.64
5.81225, 1005.2, -723.432
5.08041, 1734.76, 1173.98
4.03763, 1234.56, 1178.46
3.0007, -707.261, 311.327
3.47502, 760.737, -1762.63
4.11407, 63.2573, -265.442
5.56182, 1932.79, 173.093
5.13511, 1923.9, -1970.56
3.45653, 511.605, 571.646
4.7178, -1306.16, -858.628
4.48693, -1421.67, 1712.9
6.28051, -1215.41, 1489.71
6.6213, 1474.55, 1205.27
5.51573, 283.857, -688.058
3.04573, 1221.72, -1661.01
4.11797, 975.512, -330.903
5.03403, 15.8823, 638.16
4.76521, -1296.63, 1595.64
4.77315, -363.41, -925.305
4.91125, 1835.64, 1818.94
5.07896, 739.631, -1302.93
4.50207, 390.411, 1630.07
4.22945, 1923.43, 971.254
6.64533, 1853.9, -479.272
3.02204, -1467.46, -1599.76
6.40057, 1175.13, 1139.93
3.19919, -595.545, -479.28
2.62171, -1607.51, -1029.19
6.0664, 814.81, -1513.48
7.15538, 314.521, -1644.63
7.47667, 360.762, 350.071
3.86264, -1763.28, 305.812
3.6923, -965.575, -502.472
3.87328, 1929.24, 1241.05
5.70836, -1819.81, -1462.86
5.17637, 622.058, 313.607
6.8967, 1675.69, -594.891
6.75968, -1319.4, -1685.25
2.98004, 1822.77, -68.7014
4.66818, -1504.61, 394.407
3.17045, -412.331, -1516.81
5.86802, -317.609, 639.398
5.34964, -106.617, -964.541
3.66474, -1249.77, 1124.01
5.50306, 533.98, -1381.07
2.6551, -1609.39, -57.0728
7.08512, 1138.87, -625.749
3.82958, 1729.67, -358.159
6.50016, -370.701, -1018.56
5.46389, 340.55, -1448.85
5.0822, 722.941, 1231.68
5.2567, 637.342, 1290.74
3.47225, 1016.62, -466.629
5.36152, 240.761, -1487.86
3.81992, 428.985, 806.327
4.41648, -1530.4, 1079.97
2.73626, -1508.31, -1795.21
4.22823, 1175.28, -1341.3
3.61594, 1362.83, -876.739
3.81264, 33.2903, -1477.41
3.05141, -861.1, -803.85
7.40088, -1412.58, 41.5609
5.93794, 1608.99, 1288.31
5.82158, -1096.53, -753.766
5.99501, -1204.51, -1347.06
2.68746, -1671.9, -1555.16
3.6706, -1257.47, -1491.42
3.95397, 1432.93, 1388.36
3.50543, -82.1542, -522.505
2.7177, 755.208, 663.143
2.56571, -1079.55, 1050.12
6.07297, -1056.41, 1531.28
6.88348, -1741.28, -1262.86
5.35088, -1779.26, 553.073
6.92743, 1732.57, 1744.72
5.20042, -712.678, -560.708
3.31357, 1860.64, -1296.56
3.30492, 1939.5, 880.173
7.19182, 640.48, 575.463
3.45628, 1109.71, -1707.44
3.15761, -11.8663, -223.517
4.41122, -633.513, -9.74656
6.12674, 515.257, -532.661
2.50651, 1079.21, 1751.96
4.60222, 31.398, 1467.58
5.18984, 618.465, -427.966
4.86596, -477.975, 495.177
6.33003, 1091.09, 1739.81
2.9396, 1110.15, -942.412
7.04284, 265.998, 648.363
3.20818, -1757.75, -790.174
2.54782, 875.43, -104.429
2.82267, 482.767, 1031.88
4.96742, 764.062, 445.145
5.40914, 1068.19, 1977.75
4.03373, -1899.23, 1090.04
4.57091, 1840.96, -135.449
4.33401, -1148.16, -1379.43
3.42687, 372.868, 1339.15
2.76788, 1273.9, 320.856
4.47222, 1084.14, -131.112
3.98388, -696.288, -263.815
5.05388, -792.915, 1642.45
3.75392, -1398.5, 461.119
5.01589, 1932.85, 1769.32
2.51168, -35.2057, 1599.62
7.01807, 1996.62, -896.749
2.79181, -1811.71, -1898.27
5.17506, -1379.56, 1609.47
3.95754, -772.088, 1753.46
7.3023, -1630.52, -538.809
4.73406, 638.812, -218.557
5.08479, 1791.71, 335.084
5.93861, -512.487, 23.5575
2.72187, -321.331, 153.028
7.2946, -1597.31, 1214.43
5.70852, 727.564, 312.214
2.80215, 1262.61, -1563.59
3.33964, 96.0793, 536.627
5.76491, 975.257, -500.51
6.19864, -1538.89, 678.543
3.57011, 1723.2, 399.558
4.31441, 315.53, -1752.14
6.56981, -1296.5, 1870.9
5.32057, 1615.68, -941.317
7.45886, -86.489, -1795.79
6.5669, -1527.47, 796.423
3.49157, -1989.85, -46.2804
2.50003, -327.095, -1712.55
4.62608, 1892.73, -1548.25
4.07406, 1666.21, 387.51
5.56218, 1214.14, -1869.06
3.83351, -403.888, -1089.42
4.39881, -1190.42, -121.821
5.43397, 1939.09, 586.933
5.95636, -283.24, -1033.31
7.26736, -919.814, -1144.57
4.89785, -585.606, -1911.22
3.60319, 750.726, -1463.34
5.33741, -1451.04, -892.98
6.09873, 868.618, 729.185
4.4953, -968.842, 1133.36
3.48326, -1379.5, 1984.71
6.66971, -1354.87, -1521.59
5.59561, -899.093, -1736.7
7.26866, -590.715, 343.089
3.23222, -28.8025, -562.429
5.38953, 82.3453, -920.813
7.26796, -783.977, 1448.73
3.62331, 1440.61, -1953.66
7.25137, -977.506, 1623.5
3.07874, 1602.47, -1037.35
2.58372, 59.0089, -527.059
3.90465, -695.938, -346.332
7.15042, 1299.93, 334.15
3.04796, 1491.39, 1743.77
6.77266, 61.8801, 1663.02
5.68532, -1454, -1465.43
5.63853, 819.805, -1424.05
3.80589, 1461.44, 1482.7
5.13936, -1902.16, 441.722
7.16608, -534.075, 1830.89
3.98055, 1847.9, 201.318
4.78006, 311.05, 915.666
6.35659, -1313.62, -1246.9
4.17193, 196.684, 230.373
6.31775, -79.0195, -1892.12
6.65892, -60.0291, 1887.23
2.64618, -1450.52, 1137.08
4.31315, 1431.59, -535.674
4.16221, 570.524, 922.091
3.17675, -1039.54, -612.395
3.00839, -613.951, 1247.67
5.11327, -1220.66, 1632.31
3.52046, 61.3195, -1070.1
5.00728, -1741.76, -1262.66
5.1371, 7.70361, 1924.04
4.13422, -539.75, -586.143
4.75888, 452.025, -891.827
6.85263, -14.9923, 1975.08
4.72884, 1292.86, 1731.03
6.03726, -918.201, -1842
6.83171, 1832.56, -1398.79
6.5822, 1743.46, 444.097
2.67504, 1794.04, 1674.91
3.8644, -1309.6, -472.255
5.21858, -846.044, -861.873
3.19942, -1988.32, -1094.28
5.57408, -1561, -1872.59
3.29182, -1390.55, -1211.75
4.41129, 197.678, 442.605
5.94997, -188.575, 379.302
3.21128, -777.334, 920.739
5.65284, -1570.43, 1590.68
3.15973, 400.197, 1873.17
7.13583, -1478.86, 501.036
5.53465, -1879.65, 1570.16
5.50388, -1844.37, 739.979
3.33635, 1216.18, -1060.88
3.301, -1726.84, -803.122
5.91628, 1249.67, -60.2655
5.1456, -1432.09, -28.4457
3.65264, -262.636, 1626.07
6.55373, -1004.79, -116.823
5.76477, -841.431, -1122.49
4.08597, -1100.75, -1166.85
2.53953, -525.728, -1633.23
3.49176, 1451.29, 1493.48
3.78831, -17.8551, 764.492
3.03825, 1785.66, 77.5231
3.49545, 266.164, -872.625
6.75079, 1607.52, -1544.59
6.63912, -1971.16, 435.342
6.76813, -1920.99, -1102.86
5.71027, 570.481, 1560.32
3.6787, 1460.08, -1980.96
6.80638, -1005.25, -1621.43
5.4745, 74.0967, -203.851
2.52745, 1015.4, -58.5833
6.84925, -1324.03, -947.83
7.37729, 1301.58, 213.669
5.59653, 759.544, 26.6022
3.85574, -1890.42, 759.201
7.46973, -317.445, -1271.58
4.60751, -1448.05, -1061.35
4.20537, -1590.33, -1231.4
4.80717, 723.751, -276.208
4.44822, 529.486, -757.819
4.613, -101.653, 1031.16
2.84879, 264.279, 574.034
5.5153, -119.559, -255.198
7.36114, -99.3976, 462.7
5.07406, -1393.53, -1072.94
7.45461, 1913.24, -275.543
5.84906, 1249.65, -299.836
4.01716, -1211.83, 141.72
3.47371, 1751.9, 1131
4.0109, -1418.89, -1876.76
4.93946, -669.406, 923.122
4.72438, 1060.18, 1956.24
5.7844, 638.958, -1885.28
3.74227, -1560.87, -1335.29
4.72007, 109.989, 1112.3
5.75894, -1383.6, 109.332
6.67472, -1427.06, 376.805
6.03698, 404.692, 1645.66
4.93928, -1744.18, -1203.46
6.72039, 800.176, -479.163
7.00296, -994.834, -365.574
6.33082, -1301.33, -1054.41
5.29453, 1257, 1696.47
2.70603, -49.2641, 189.899
5.46749, 1129.14, 130.681
2.68674, -1364.19, 1658.54
4.53488, 44.5542, 874.087
2.84243, -1954.23, -1764.92
7.38558, -1557.85, -1765.11
2.5956, -1035.69, -466.263
6.60363, -322.986, -549.78
5.2195, -745.63, 1758.89
5.72828, 1585.02, -664.995
3.62934, -521.515, 117.719
2.733, 1655.46, -1388.63
3.63154, 430.288, -1112.71
4.58371, -1267.14, 270.711
6.40126, 532.453, -1264.69
3.72852, -1844.98, 781.068
4.81411, 1320.92, 171.842
6.14756, 1858.38, 582.946
5.35237, -660.667, 1632.97
5.45997, 1855.76, 1854.8
4.98425, -1890.09, 562.504
3.951, 992.169, 216.913
4.71107, -11.1468, -452.471
2.53669, 1710.45, -791.62
7.41683, 999.154, -720.997
2.52822, -1621.82, -288.696
4.8676, -193.221, 1472.03
5.86497, -620.367, -243.771
