6.27803, -1460.21, -1897.96
3.5948, 20.0188, -244.942
5.89648, 741.676, -1766.94
5.09708, -573.028, 1792.25
2.76731, -1902.71, 1281.05
2.53849, 633.772, 104.242
4.58743, -1619.7, -494.105
7.15218, 376.582, 785.312
2.95982, 59.4898, 1391.87
6.00595, -381.3, 639.327
3.81226, 1071.81, 1594.38
4.14117, 942.727, -1759
7.45519, 928.696, 494.95
7.41275, -1033.37, -501.413
5.75759, 972.373, 859.917
6.92354, 513.834, -1649.12
6.33247, -289.028, -951.05
3.87453, -924.282, -118.32
4.93259, -1304.66, -594.455
2.80282, 1596.03, 1532.48
5.08146, 27.9083, 1537.34
4.96988, 1869.02, -741.565
7.23882, -1581.79, -945.654
4.42071, -47.6118, -1657.17
5.14874, 1605.83, -965.87
2.75042, 1705.94, -124.723
6.63909, 1109.04, 1074.12
5.94228, -1814.65, -1446.7
6.18112, 516.975, 1452.36
6.94286, 1879.01, 907.386
4.25508, -703.446, -1020.18
6.72991, 368.621, 44.073
3.84659, 1220.73, -257.11
4.83959, 152.898, -362.572
3.2686, -1305.63, -902.114
2.66527, 1267.95, 290.731
7.2768, -28.9291, 180.99
6.95369, 231.96, 951.677
3.29884, 1298.07, 461.676
3.15214, 851.158, -1120.38
2.515, -922.218, -1607.72
6.0491, -1753.24, -368.663
3.40448, -983.83, 1659.6
5.76029, 1544.75, -667.865
4.42907, 800.776, -1403.46
3.23766, -10.8511, -496.122
5.45054, 1213.08, 325.269
3.24076, 316.82, 1770.62
3.2091, -335.092, 1886.6
4.94257, -946.37, 224.03
3.13015, 1682.14, -112.048
5.64635, -674.444, -1148.11
5.60817, 560.691, -1430.57
4.88216, -983.29, 1153.81
2.64188, -1016.96, -516.16
3.21011, -246.809, 1544.42
3.15594, -385.112, 1718.2
3.31099, -1662.83, 1512.96
3.76529, -520.01, -1633.05
4.77654, 1061.53, -1451.78
6.54472, -176.505, -584.547
3.57624, 593.631, 1646.65
3.75063, 1593.13, 743.839
5.02978, -131.677, 1423.42
6.27922, 1217.67, 303.364
5.66369, 1712.49, -61.8334
5.9449, 1226.66, -269.726
7.27207, 1888.52, 909.165
5.18713, -816.971, 1423.69
4.57014, -1494.65, 54.7209
4.70019, 1487.04, 322.658
6.07821, 1439.48, 904.724
6.20858, 753.495, 1147.18
5.12494, 1519.57, -1882.74
6.06711, -1675.92, -161.787
5.91025, 633.816, -53.9769
6.82941, 1643.77, -1169.82
3.19597, 121.933, 1482.38
3.57766, 1834.87, -238.069
5.0733, -668.025, -300.622
4.83766, -173.958, 1422.54
3.55759, -480.387, 1210.79
5.65244, -1349.8, 1917.07
2.5044, -1835.86, 377.64
4.09589, 876, 1053.17
5.90281, 673.69, -207.015
6.0446, 1308.83, -1141.35
2.90869, -1582.77, 1271.44
3.56926, 536.952, 930.543
4.44412, -1622.01, -1125.55
4.44927, 1787.21, 1798.89
3.92018, 741.802, -916.042
4.6123, 1124.88, 1039.38
2.55658, -1285.15, -905.62
3.72027, 1820.98, -1251.4
4.49072, -1416.3, 1280.96
6.64177, -1319.47, 394.71
3.78584, 1882.38, -1407.27
3.59705, -1543.17, -989.289
6.47385, 747.035, 528.825
5.8476, 959.354, 772.128
5.49108, -1748.57, 633.325
5.99917, -728.621, -1060.24
5.13062, 1103.64, -1454.72
4.14833, 379.789, 201.673
3.30844, -1444.48, 757.574
6.56633, 1402.33, -40.2428
4.08004, 891.836, 238.858
4.05369, 59.7492, -1454.16
4.65424, 55.6402, 271.178
4.46509, -442.185, -948.339
4.43916, -46.4197, -328.777
4.34871, -1583.26, -936.873
5.88118, 647.697, -1040.52
6.10384, 839.759, 60.0614
7.20082, -133.513, 1746.42
5.08573, -163.401, -733.144
5.5282, -336.975, 622.768
5.85049, -1352.8, 1911.43
5.11404, 127.975, -589.899
3.87105, -1844.22, 1262.88
7.08924, 228.628, 562.074
3.73367, 1838.25, -892.02
4.77876, 711.679, 1298.03
3.30374, -1845.37, 1274.23
4.68319, 787.269, 730.884
7.45767, 902.476, 370.24
6.26931, -850.77, 775.403
4.97846, -1882.21, -1276.73
7.01651, -1311.02, -1571.98
4.68213, 975.331, 1064.13
5.09239, 317.119, -1889.56
4.44866, 181.497, -1647.5
5.63431, -397.647, -1164.54
5.19331, 768.749, 649.813
4.35955, 1291.9, -857.024
2.54674, -693.68, 690.187
6.3794, 69.2843, -1513.24
2.85317, -1745.7, -1153.45
3.98511, 845.779, -1366.13
4.78581, -111.066, -1686.98
3.25156, -184.695, 44.4538
5.97819, 1283.57, -847.954
4.15587, 741.424, 274.125
5.21197, 1908.28, -1677.29
2.64678, 1467.1, -1762.28
5.38086, 20.5964, -406.459
5.18133, 687.845, 934.697
7.36678, -1501.52, -1757.62
5.57063, -625.151, -1187.51
5.26431, -1448.48, 427.661
6.69051, -519.498, 1723.9
3.75764, -993.855, 1766.51
6.98957, 1190.48, -255.493
5.97428, 1022.98, -979.824
5.82752, -954.325, -163.831
3.06838, -1216.14, -1519.22
3.37987, -1860.56, 203.325
2.91253, -298.469, 335.107
6.68103, -451.98, 692.328
2.64818, 1891.41, -1539.55
6.34719, -35.8158, -1642.75
4.29829, -1023.14, 1699.65
6.24626, 50.5894, 1024.52
6.28385, 674.784, 631.939
3.60834, -1057.13, -1776.05
5.58305, 604.591, 307.297
3.66846, -1081.74, -458.635
6.22052, -1371.2, 554.786
5.80997, -1741.03, -1324.78
4.9209, 1840.08, -1478.1
2.58972, 1650.89, 381.344
4.98291, 902.151, 339.474
5.09587, -79.0325, -1720.2
4.71395, -1673.38, 1000.24
4.14528, -49.9067, 1859.68
3.52671, 944.739, -198.69
7.19863, -447.385, -1206.71
2.85168, -990.169, 1806.93
3.30042, 63.6543, -1460.76
6.70788, -1500.64, 42.1099
4.13614, -307.23, -512.657
6.85942, 328.753, 839.736
5.99896, 1311.19, 1022.38
5.52801, 1717.75, -406.246
4.77536, 134.437, -470.539
2.91543, -915.136, -441.48
3.94883, -63.9565, -251.256
6.51009, -1151.93, -1539.76
6.81821, 705.911, 69.3723
3.81831, 811.899, -997.006
4.79881, -1592.83, -470.603
4.95672, 1200.17, -1031.22
5.82344, -926.255, -1904.35
7.31738, -1234.28, -351.527
7.23022, 1154.48, -1450.38
2.81902, 440.055, -1289.93
5.04829, -887.794, -555.698
6.13222, 1298.15, 1311.94
5.65882, 1137.43, -637.293
3.26658, -1800.13, -1834.05
5.09652, -1704.42, 1025.46
3.52281, -1067.54, 1650.43
6.03231, 789.826, -1651.22
6.05786, -935.548, -135.663
3.66304, -993.572, -468.871
6.80594, -63.1872, -230.017
2.67122, -189.8, 1825.86
6.26587, -1828.67, 161.864
4.14789, 1238.23, 294.23
4.65309, 107.002, -1028.14
7.33455, 1793.69, -424.198
4.05803, 1464.85, 1344.72
5.69762, 1842.88, -1370.38
5.95386, 1677.13, -117.393
5.36403, 84.5152, 1243.75
6.60667, 1807.38, -1449.98
4.21807, -1750.42, -1360.39
5.09387, -1603.79, -1458.87
6.78438, 233.217, -1828.86
6.18587, 730.382, 64.3141
3.45992, -1726.67, 720.245
2.83145, -612.744, 648.078
3.60828, 1747.87, -1430.16
3.33656, 302.709, -354.443
6.31172, 735.173, -1777.46
5.44905, -1654.27, 776.025
4.65223, 1719.3, 1675.29
7.09618, 1283.68, 25.6669
5.09668, 914.016, 365.617
7.38058, -1379.77, -79.5123
5.15714, -899.093, 261.496
2.98716, 679.202, 694.624
5.83983, 387.42, 251.379
5.44444, 307.39, -21.4841
5.01137, -1343.54, -205.555
2.75808, -1787.8, 863.615
2.6753, -637.458, 41.6292
4.41484, -1536.1, -1039.1
5.55555, 380.825, 208.515
5.06574, 1091.1, 1703.86
5.98498, 670.773, -28.2107
4.89891, -16.849, -393.003
3.88323, 100.701, 853.369
6.01685, -868.401, 387.837
3.67701, 1681.65, 60.7748
6.41501, 286.466, -360.361
6.60589, 676.217, 1607.82
3.21842, -974.57, 95.2913
5.75757, -995.498, 1542.82
3.87677, 1696.93, -1892.61
7.26215, -757.501, 1397.07
4.58238, -1471.35, 38.405
3.03869, -248.278, 775.47
4.70633, -1545.17, 1065.08
6.28811, -820.971, -552.159
2.77803, -683.638, -582.998
3.51241, -27.5042, 260.328
6.82305, 1784.87, -1424.73
6.52456, -483.36, 35.5718
2.78861, -1330.17, -1296.33
4.40304, -114.379, -1414.94
4.56124, -223.536, 1463.55
2.80071, -729.415, 605.513
7.09746, 1594.28, 1246.88
3.35398, 1075.56, 1651.09
6.51634, -1853.67, 395.231
3.88599, 1433.93, 94.4389
4.44586, 329.033, 1484.22
7.19936, 142.355, 1228.01
6.24573, 374.836, -386.484
3.44774, -673.904, 1490.56
6.89581, 840.311, 950.809
6.8953, 810.361, -1610.13
3.30515, -1595.9, -500.198
5.87346, -1562.72, -353.973
6.89096, 1276.45, 276.839
6.98262, 497.615, 1054.18
3.06535, -4.66768, 1470.33
5.93789, -454.832, -487.16
3.21651, -1455.85, -1468.26
3.6901, 775.719, -74.0566
5.64383, 1823.15, -418.122
4.312, 1595.15, 736.989
4.64437, 1161.87, 1421.96
4.91936, -47.1927, -1638.8
6.20379, 28.4913, -241.089
3.23098, -742.759, 1660.47
7.36238, -1656.66, -1488.51
7.3158, -1024.13, -425.109
3.14741, -1156.24, 1293.78
5.3784, -572.956, -1189.24
4.66439, 317.834, -324.737
5.50066, -450.812, -437.78
5.85098, -1336.62, -175.973
4.5137, 799.747, 1923.11
6.46691, 1329.6, 1332.45
4.89889, -1874.47, -486.222
5.72449, 601.827, 515.023
4.28836, -529.09, 1210.74
5.96794, -641.633, -437.065
5.83428, -831.192, -1343.83
3.22071, -831.405, 1418.65
7.10415, -1830.48, 374.674
4.22228, 73.6282, -461.243
6.66824, -800.106, -935.842
2.74349, 597.792, -1435.72
3.27936, -495.193, -113.839
2.55765, 649.611, 963.824
3.94327, 225.301, 1160.12
5.07295, -680.956, -306.658
3.65948, 1341.1, 865.259
2.75022, -494.268, -117.365
5.33091, -1205.8, -1580.26
6.69774, -315.193, 1281.24
4.28763, -1257.64, -895.099
4.3452, 330.394, 1698.82
7.22226, 524.401, -137.08
4.72425, -1753.61, -317.508
6.82086, 922.579, 310.006
5.82654, -1550.47, -1442.05
5.79297, 350.303, 1303.93
7.10736, -1880.9, 1884.58
5.11536, 1883.98, -1266.85
5.45229, 887.122, -883.6
5.79944, 1321.3, 1309.72
4.24765, 536.801, 948.183
4.11714, 633.804, 107.186
7.08984, -238.273, 1453.2
3.08619, 1842.68, -900.852
7.31268, 1209.08, -259.969
5.17978, 116.345, -573.411
5.81447, 1585.16, 1274.58
5.48362, 1734.05, -994.227
6.93363, -1015.16, -1447.76
6.67999, -1302.21, -1198.51
6.69339, 498.622, 374.352
6.85642, -344.651, 594.782
2.5002, -1542.6, 656.476
4.77274, 542.979, 666.324
4.25696, -1858.92, 391.504
5.80713, -506.694, 1391.34
6.22234, -1768.41, 303.531
3.3821, -314.414, -956.576
7.4621, 1596.84, -1544.57
5.95466, -1825.33, 383.141
6.97862, 294.246, -44.1066
3.51579, 683.06, -201.085
7.2356, -956.86, -71.1706
4.88476, 1744.99, -956.164
6.78578, 1807.57, -1533.52
6.41237, -1815.78, -1134.7
5.70687, 1806.37, -1750.46
3.14521, -1420.61, 334.268
5.77944, 17.2165, 1322.69
3.09199, 112.094, 1.74262
3.88793, 619.209, 1561.79
6.65548, -502.83, -503.121
6.14153, -1476.75, -1014.37
6.74348, -1204.5, 583.497
3.43989, -1483.07, -1738.43
6.09602, 1114.96, -605.374
4.25586, 315.045, 608.69
3.34555, -841.57, -1385.33
4.52383, 668.615, -1043.54
4.20924, 326.554, 1474.76
6.67141, 692.926, -263.639
3.9111, 1397.57, 1176.37
5.16766, -1275.75, -901.89
6.25085, 1888.8, -1703.78
4.62554, -1312.39, -1501.78
4.66964, -1070.38, 1101.66
3.03022, 1691.98, -1832.17
6.4639, -59.7551, -868.509
3.91232, -1186.11, -931.612
7.14264, -1142.37, -474.015
5.37926, 482.991, 1023.47
3.4895, 1638.98, -592.58
5.99081, 1135.54, -1470.59
3.07265, 975.448, -1818.76
4.22945, 557.655, 1502.16
4.15646, -1133.6, -459.249
6.42735, 1653.93, -1866.78
6.65775, 916.577, -423.938
4.21712, -1458.73, 1494.55
4.2603, -522.723, 1753.63
6.38197, 260.369, -1531.16
6.58658, -0.552944, 1367.61
4.26157, -301.154, 577.415
7.09559, -809.29, -570.866
3.2877, 1033.64, 489.703
5.56029, -928.892, 1163.45
5.54222, -830.97, 1418.08
3.16647, -485.695, -1434.81
3.51409, -1438.83, -1006.5
4.79457, -1676.91, 1029.48
3.48759, -973.238, 1790.76
6.77118, -1650.12, 730.582
6.54562, -1518.96, -1321.91
2.80131, -1758.63, 1711.91
6.50584, -1422.85, 1269.83
5.49597, -338.855, -1043.57
7.43182, -1764.04, 494.241
2.65919, -265.214, 1310.96
6.8356, 1792.36, -1427.45
3.69109, 1251.66, 637.421
3.6127, 361.366, 804.376
4.73907, -1800.31, -1104.81
2.61231, 1699.75, -354.285
6.79755, -559.239, -26.2043
4.15902, 443.371, 1116.73
5.72195, 580.936, 581.971
7.43521, -1827.12, -999.221
5.30162, 570.818, -1148.72
4.74553, -1511.02, -494.059
5.213, 308.415, -1417.81
2.90797, 1574.76, -68.048
3.99606, -1592.45, -481.761
6.63964, 1565.54, 1291.58
6.48936, 1225.09, 1785.88
5.71048, -227.175, 1361.95
4.84105, 1240.41, 734.19
7.15326, -391.792, -1111.58
5.08798, -491.886, -96.8362
7.42924, 1589.08, -1003.1
5.94567, -110.643, -1372
6.19966, -317.7, -954.89
3.46323, -796.738, -1797.95
6.08881, -916.622, 1201.66
6.11146, 1146.5, -313.429
6.49298, 555.431, 296.704
4.23216, 503.872, -1925.33
5.1481, -50.7168, -215.529
3.19001, 1458.57, -673.082
6.73218, -431.77, -485.371
6.32766, -72.9049, -1695.73
7.5, 1778.05, -857.362
4.24891, 971.028, 1931.02
5.50367, -1181.96, 1121.4
3.50808, -984.272, 126.555
6.2385, 84.1422, 317.169
6.49225, 1873.33, 439.212
3.03505, -1394.9, 212.155
5.35813, -1021.41, 84.6196
2.84683, 719.091, -720.149
4.16036, 1386.95, 1377.36
5.80945, 937.278, -1388.19
5.27726, 283.188, -344.064
7.12415, 455.526, -20.8916
2.69832, -932.72, 418.546
2.62083, -585.513, 443.679
4.61923, 452.464, -1285.9
4.36987, 921.31, 270.32
2.93303, -449.105, -498.296
3.05403, -269.491, 336.498
5.31992, 707.698, -678.918
7.37269, 24.1057, 1435.25
3.05066, -106.621, -1690.01
5.99352, 200.09, 1880.73
2.79674, -137.239, -1400.7
4.69755, 1665.22, -167.098
5.24651, 1927.47, 1407.19
3.45129, 1349.59, -1469.37
7.36597, 662.946, 631.826
3.19593, -1338.86, -131.162
5.48978, 1774.14, -892.681
7.12812, -1710.5, 1403.12
3.91116, -137.558, 1741.95
6.8307, -326.271, -169.756
6.29598, -399.713, -1158
6.10793, 682.371, 1207.47
3.34241, -688.393, 711.454
3.32882, 1587.19, 752.245
3.39076, -1295.6, -1910.45
5.87226, 639.659, -1156.74
4.83484, -646.251, 47.577
6.85219, -1577.25, -711.859
5.76023, -1328, -188.21
5.80464, 1484.95, 1701.14
2.58037, -1329.92, -1194.73
4.30596, -1508.92, -1321.84
3.72747, 1813.71, 180.029
6.93086, -1801.54, -1819.16
5.23701, 1644.94, 1569.14
6.57209, -95.0101, -1277.23
5.24453, 337.53, 1683.58
4.16156, 981.753, -100.493
4.40213, 3.51395, -1298.89
2.52389, 1803.19, 1263.72
6.95226, -170.151, -798.492
6.16955, -938.678, 1336.94
6.04239, -253.47, 1321.77
5.1278, 151.818, -376.183
6.41065, -344.179, -1579.92
3.42484, -792.671, -883.02
5.72673, 521.657, 937.889
3.42178, -1293.85, -578.311
3.31214, 47.0047, -226.069
2.65594, -367.14, 1675.41
7.42716, 269.66, -1345.74
4.04559, -626.159, -1373.01
4.11075, -1329.64, -569.295
5.51155, 548.507, -425.558
2.89107, -648.979, -1794.33
3.93936, 8.5622, 130.468
5.79307, -312.376, -965.548
7.36348, -1866.14, -718.022
7.27758, -724.295, -1536.59
7.42745, -1305.79, -597.543
7.30478, -1761.18, -1408.55
3.0073, -1037.1, 1090.5
3.71505, -283.237, -936.306
6.91151, 212.797, -801.392
5.28805, 676.675, 1325.88
6.7669, 1575.17, 1046.45
7.49145, -1055.61, 1098.41
3.99751, -438.054, -946.222
6.33157, 1907.41, 858.654
4.81901, 577.037, -329.638
6.8168, -1285.98, -1522.66
6.99018, 1688.59, -53.1724
7.377, 505.069, -787.5
2.77405, 1212.54, 332.882
6.32605, 1813.01, -1262.15
5.09219, -1821.46, 1469.81
3.46574, 1881.09, -396.219
6.98252, 449.66, -1100.59
6.38492, -1669.06, 201.812
2.75968, 802.406, 1057.94
7.47331, -1631.8, 1501.13
5.93659, -132.014, -863.24
5.94854, 1741.78, 990.065
6.57666, -1315.72, 1608.79
7.05426, -123.096, -954.03
3.34218, -402.909, 740.658
5.24183, -1194.53, 1559.85
6.53351, -1007.18, -453.819
4.17803, 651.77, -1030.59
5.53435, -202.503, 61.6372
6.59602, -1789.61, 674.639
7.3485, 123.329, -475.526
6.29349, 1109.7, 1017.79
3.72113, -297.252, -210.946
5.80589, -1141.5, 770.917
4.21574, -935.237, -409.681
7.27146, 727.234, -766.129
2.60828, 1579.14, 1087.71
4.54979, -1765.92, 1843
2.55789, 1138.91, -1356.98
3.04964, 1733.76, 399.75
5.28259, -1620.03, 202.355
4.45466, -9.58579, -484.717
7.20539, 238.722, -367.905
2.55572, 364.24, 737.978
6.22897, -377.671, -918.924
3.84293, 273.859, 273.451
4.27153, -1308.54, -1492.34
3.45835, -889.743, 1254.59
5.14832, 598.606, -282.142
4.39478, -124.425, -1687.94
3.16407, -52.9462, -1651.93
4.26563, -330.597, -1050.65
4.2497, 1554.62, 1913.44
7.41084, 1241.45, -264.399
5.25961, 283.64, -713.568
4.99918, 86.8925, -1432.79
3.58531, -1659.47, 835.847
4.37311, -500.235, -1237.31
6.78251, -1302.36, -904.206
6.45578, 1599.91, -1040.63
3.9204, -1039.44, 1781.72
5.07645, 876.576, 244.585
6.79238, -528.654, 22.7729
7.07844, -1753.22, -387.823
7.48941, 265.627, 1766.82
6.53177, 278.29, -353.625
5.22718, -1797.34, -315.907
7.3461, 303.991, -1433.53
5.31931, -1157.36, 729.702
4.03031, -893.39, 1291.5
5.41853, 1804.89, 1790.62
2.91197, 138.958, -576.418
5.47382, 680.641, 1182.44
3.31968, -1143.94, -1161.37
6.46527, -1288.08, -958.109
2.95373, 1199.17, 1385.78
6.3072, -973.901, -1360.97
6.83996, -565.705, -32.6215
6.40105, 326.582, -671.791
6.61399, 1830.9, 1792.05
6.70974, 736.445, 1086.55
4.48328, 961.151, 500.009
6.508, -297.814, 335.494
6.56811, 744.173, -84.8769
5.43493, -804.441, 184.218
4.64621, 1538.73, -56.9584
2.5002, -77.0422, -885.632
5.31153, -1598.93, 655.425
6.22632, 712.352, 672.241
3.89846, 1807, 544.666
2.93406, -1888.87, 1114.34
3.5733, 1708.01, -1737.33
3.93296, -950.001, 1190.02
4.86595, -765.757, 920.963
6.95893, 1677.56, 1645.25
5.91955, 1000.56, -972.694
3.54376, -20.5124, -225.55
6.67533, 1550.76, -5.8371
7.09218, 1821.62, 1771.1
4.48244, -1000.5, -1353.63
6.37858, 1096.35, 1050.72
5.68161, -248.843, -186.457
6.64746, 962.519, 517.547
3.40204, 1081.96, -930.739
7.45927, 1096.93, -1484.01
6.70558, -284.345, -1626.78
4.65177, 1736.56, 500.448
4.38589, 1190.27, 1714.9
2.70802, 1246.54, -992.617
6.80715, -1515.76, -1054.53
6.62116, 1780.73, -1772.8
6.25052, 62.093, 1446.08
3.55801, -347.676, 1875.9
4.31029, -1567.53, -356.995
4.43545, -1202.38, -1531.75
7.32918, 1593.77, 1253.9
6.5872, -271.366, 1331.35
4.5755, -145.05, 879.677
5.83759, 390.685, 304.466
2.52101, 989.693, 1856.01
6.98048, -1437.67, 424.338
3.68416, -716.236, 708.741
3.79415, 698.574, -228.162
5.4939, 756.574, -1389.31
6.89823, -1648.07, 741.191
6.16299, -1152.01, -1161.51
6.0773, 1718.43, 1144.6
3.57724, -1179.59, 967.039
6.30413, 1368.92, -1883.03
3.85351, -375.558, -1023.22
2.75246, 1297.51, 632.655
4.78866, 610.756, 543.709
2.58759, 853.062, -1495.64
3.01129, 88.7467, -418.168
2.639, -305.873, 582.558
5.65921, -713.36, -1076.56
6.34425, 138.362, -477.198
2.74132, 1079.57, -1636.24
6.6924, -51.9505, -1245.39
6.76899, -485.782, -544.396
6.57649, -981.272, 1134.19
6.85188, 1576.94, 766.342
5.27222, -1237.87, -297.125
6.12646, -495.343, 14.3228
3.20424, -987.393, 1757.33
6.6115, 1155.1, -1010.34
5.51185, 1405.86, -375.065
4.93856, 970.657, -1781.69
6.14942, -540.996, 1773.3
4.05164, 1510.15, -1316.71
3.93925, -1404.6, 670.872
5.45857, -1830.2, 1514.36
5.34055, 1213.37, 1668.67
5.41059, -1844.07, -1114.12
2.84132, -1343.3, 585.455
4.34304, 285.287, -692.878
6.28475, -1869.55, -1118.71
6.35297, -904.437, -1695.91
4.27217, -789.197, -544.311
5.98913, 430.048, 1802.63
5.08005, -1304.81, -589.446
5.94494, 707.777, 296.207
6.18066, -161.393, 1248.52
2.56231, -659.522, -1309.28
7.16549, 1275.85, -303.877
5.37826, 271.629, 223.208
3.05587, 950.175, 1924.26
4.87388, -212.74, 49.7756
3.24247, 490.439, 165.835
4.22594, 109.642, 873.982
7.04476, -1760.36, 298.214
4.54571, 14.9779, 1066.24
5.96642, -1351.25, -179.048
3.35865, 733.276, -1726.87
6.21715, 1730.29, -984.384
4.16319, -856.684, 1330.36
4.62157, 1262.52, 626.661
2.79523, -330.083, -193.926
5.09005, 547.209, -433.919
5.94425, 910.977, -1136.22
5.01149, -557.589, -30.1029
6.56617, -363.337, -1467.38
3.07974, 191.703, -1807.8
5.24841, 558.284, 933.597
5.06046, 723.91, 57.1707
6.02649, 1857.53, 904.756
5.65083, -504.445, 1745.14
4.0207, -89.6015, -1271.39
6.74719, 798.214, 696.673
3.39619, 1244.74, -58.482
2.61737, -1011.31, -192.607
4.19467, 1387.2, 83.6005
3.43818, 746.13, -258.746
6.60467, -566.829, 321.357
6.72507, -1797.8, -373.801
6.78031, 1674.07, -1389.13
7.37454, -1834.83, 1281.74
2.99587, 852.917, -872.373
2.56182, 1133.44, 1274.44
2.58614, 450.827, 1105.37
2.64527, 445.704, 205.415
4.1031, 298.239, -713.634
6.17815, 1220.53, 581.27
3.14876, 711.012, 926.013
2.5161, -751.96, 973.404
6.91905, 273.625, -1582.38
3.70482, 401.183, -1094.08
4.38481, -1627.45, 1474.61
4.44879, 1284.96, 233.725
2.81534, 1229.13, 594.459
7.30792, 373.805, 1807.16
3.75349, 1416.14, -700.903
6.85376, -1348.81, -159.336
2.85991, -1779.66, 766.541
2.70653, -1167.96, 1161.67
3.46378, 656.339, -1056.9
3.86708, -600.146, 610.796
7.4007, -1886.64, -705.953
3.60607, 688.508, -1010.14
6.43119, -1730.88, 1669.31
4.42306, 544.058, -814.306
3.78593, 921.836, -1254.54
3.91087, -1804.91, 117.594
7.33834, 1778.81, -103.343
4.22841, 1436.02, 307.864
3.45922, -1878.32, 1455.19
5.05037, -1091.63, -741.33
5.21857, -1076.9, 1223.76
5.72333, -1315.46, -1185.98
3.89738, 7.05451, 1527.58
3.41887, -608.023, -1376.28
2.71579, -1695.23, 731.536
3.98408, -918.459, -474.202
4.25548, -459.301, 263.612
7.09372, -839.916, 1320.2
5.81225, 994.621, -705.171
5.08041, 1728.58, 1124.09
4.03763, 1168.38, 1117
3.0007, -665.937, 289.38
3.47502, 731.441, -1790.76
4.11407, 70.5737, -212.961
5.56182, 1817.18, 183.59
5.13511, 1878.06, -1912.29
3.45653, 625.72, 538.598
4.7178, -1268.36, -890.302
4.48693, -1348.94, 1626.91
6.28051, -1182.56, 1492.25
6.6213, 1451.8, 1206.03
5.51573, 271.916, -748.086
3.04573, 1175.41, -1584.84
4.11797, 941.437, -330.452
5.03403, 40.0673, 616.472
4.76521, -1328.86, 1587.3
4.77315, -347.059, -923.309
4.91125, 1830.77, 1825.43
5.07896, 724.723, -1296.86
4.50207, 363.329, 1587.86
4.22945, 1896.97, 851.107
6.64533, 1814.28, -415.688
3.02204, -1405.03, -1522.48
6.40057, 1074, 1064.71
3.19919, -584.239, -465.915
2.62171, -1534.36, -1032.85
6.0664, 779.227, -1387.49
7.15538, 288.44, -1580.71
7.47667, 437.168, 336.367
3.86264, -1784.04, 307.152
3.6923, -1039.3, -499.964
3.87328, 1845.35, 1217.2
5.70836, -1767.42, -1461.59
5.17637, 592.467, 251.374
6.8967, 1593.78, -587.168
6.75968, -1278.3, -1574.71
2.98004, 1665.77, -149.101
4.66818, -1451, 469.912
3.17045, -336.415, -1467.65
5.86802, -365.637, 624.364
5.34964, -74.8548, -886.823
3.66474, -1125.97, 1144.73
5.50306, 511.712, -1327.84
2.6551, -1534.34, -31.2228
7.08512, 1084.92, -572.296
3.82958, 1703.92, -369.762
6.50016, -351.061, -1064.42
5.46389, 226.522, -1480.23
5.0822, 676.251, 1216.21
5.2567, 736.361, 1208.42
3.47225, 916.659, -452.814
5.36152, 303.971, -1416.89
3.81992, 344.552, 791.371
4.41648, -1561.52, 1047.63
2.73626, -1493.62, -1747.19
4.22823, 1136.69, -1354.83
3.61594, 1279.88, -874.699
3.81264, 28.5615, -1421.71
3.05141, -820.004, -868.191
7.40088, -1361.63, -8.9456
5.93794, 1551.97, 1247.52
5.82158, -1091.28, -733.387
5.99501, -1171.31, -1336.99
2.68746, -1659.89, -1489.67
3.6706, -1298.1, -1514.15
3.95397, 1479.4, 1342.37
3.50543, 14.9962, -413.846
2.7177, 691.601, 596.489
2.56571, -1069.12, 1116.88
6.07297, -1003.8, 1536.4
6.88348, -1702.46, -1193.68
5.35088, -1749.43, 631.436
6.92743, 1711.96, 1673.59
5.20042, -732.477, -541.313
3.31357, 1765.32, -1259.93
3.30492, 1868.85, 889.822
7.19182, 599.117, 523.842
3.45628, 1048.8, -1629.6
3.15761, -17.0821, -235.358
4.41122, -471.426, 62.9354
6.12674, 553.803, -422.489
2.50651, 1097.29, 1694.52
4.60222, 55.6585, 1442.82
5.18984, 523.862, -466.14
4.86596, -462.161, 476.821
6.33003, 1097.61, 1689.24
2.9396, 1068.34, -946.303
7.04284, 290.65, 650.208
3.20818, -1659.3, -814.431
2.54782, 725.24, -63.131
2.82267, 531.81, 916.092
4.96742, 749.596, 440.626
5.40914, 1037.66, 1918.38
4.03373, -1839.82, 1078.73
4.57091, 1695.48, -107.315
4.33401, -1201.35, -1300.81
3.42687, 302.23, 1298.19
2.76788, 1235.16, 296.115
4.47222, 1030.48, -109.667
3.98388, -677.02, -255.984
5.05388, -775.951, 1617.54
3.75392, -1466.04, 455.714
5.01589, 1822.38, 1822.3
2.51168, 24.846, 1574.68
7.01807, 1886.74, -883.466
2.79181, -1843.22, -1856.97
5.17506, -1243.29, 1577.76
3.95754, -763.787, 1682.4
7.3023, -1575.18, -511.381
4.73406, 706.108, -206.869
5.08479, 1711.55, 357.264
5.93861, -482.507, 17.6335
2.72187, -317.338, 119.405
7.2946, -1562.63, 1189.82
5.70852, 754.16, 289.877
2.80215, 1167.44, -1492.94
3.33964, 141.23, 526.548
5.76491, 970.175, -443.659
6.19864, -1543.79, 664.788
3.57011, 1642.85, 425.224
4.31441, 277.255, -1615.18
6.56981, -1287.73, 1824.96
5.32057, 1611.78, -918.577
7.45886, -98.8651, -1707.86
6.5669, -1525.61, 738.984
3.49157, -1917.95, -37.3021
2.50003, -299.84, -1626.71
4.62608, 1804.35, -1430.55
4.07406, 1655.36, 403.351
5.56218, 1199.78, -1814.71
3.83351, -329.368, -1038.26
4.39881, -1182.35, -144.699
5.43397, 1818.81, 582.694
5.95636, -242.839, -932.699
7.26736, -862.009, -1107.05
4.89785, -591.388, -1836.62
3.60319, 769.653, -1405.37
5.33741, -1383.39, -948.049
6.09873, 741.702, 684.51
4.4953, -950.554, 1163.3
3.48326, -1365.85, 1888.59
6.66971, -1313.15, -1495.94
5.59561, -902.763, -1713.21
7.26866, -552.696, 356.901
3.23222, 20.585, -411.567
5.38953, 37.6493, -889.156
7.26796, -858.32, 1394.55
3.62331, 1415.58, -1959.4
7.25137, -975.903, 1577.8
3.07874, 1549.56, -981.757
2.58372, -2.58604, -432.23
3.90465, -669.472, -338.812
7.15042, 1252.27, 273.146
3.04796, 1530.36, 1717.68
6.77266, 6.63822, 1530
5.68532, -1412.89, -1435.04
5.63853, 812.969, -1410.76
3.80589, 1435.21, 1369.32
5.13936, -1826.65, 428.801
7.16608, -464.827, 1740.56
3.98055, 1786.29, 233.934
4.78006, 369.904, 804.709
6.35659, -1327.07, -1164.31
4.17193, 271.871, 218.844
6.31775, -94.5188, -1697.8
6.65892, -51.9661, 1818.45
2.64618, -1445.09, 1121.77
4.31315, 1400.06, -519.91
4.16221, 551.503, 960.338
3.17675, -1012.31, -476.627
3.00839, -590.256, 1234.97
5.11327, -1175.22, 1585.18
3.52046, 64.3694, -1021.64
5.00728, -1698.27, -1202.57
5.1371, -34.7777, 1884.52
4.13422, -531.131, -575.49
4.75888, 472.757, -827.654
6.85263, -65.8901, 1837.1
4.72884, 1213.39, 1679.05
6.03726, -901.836, -1723.58
6.83171, 1766.71, -1379.07
6.5822, 1668.98, 422.747
2.67504, 1666.21, 1675.31
3.8644, -1255.64, -498.357
5.21858, -830.543, -842.61
3.19942, -1777.91, -1126.99
5.57408, -1471.83, -1791.82
3.29182, -1181.85, -1220.97
4.41129, 213.373, 431.939
5.94997, -195.189, 366.921
3.21128, -805.825, 954.047
5.65284, -1565.65, 1521.81
3.15973, 324.045, 1831.89
7.13583, -1438.3, 410.497
5.53465, -1839.42, 1569.36
5.50388, -1784.77, 731.673
3.33635, 1147.9, -1021.62
3.301, -1677.68, -800.604
5.91628, 1190.58, -46.4591
5.1456, -1378.07, -8.46413
3.65264, -248.501, 1488.92
6.55373, -977.116, -117.277
5.76477, -826.596, -1093.56
4.08597, -1189.13, -1179.34
2.53953, -505.334, -1587.79
3.49176, 1437.55, 1397.58
3.78831, 10.4357, 749.333
3.03825, 1725.54, 68.6305
3.49545, 234.767, -828.377
6.75079, 1603.31, -1537.41
6.63912, -1813.06, 420.646
6.76813, -1866.04, -1081.95
5.71027, 598.652, 1541.62
3.6787, 1410.94, -1955.08
6.80638, -1007.17, -1558
5.4745, 35.0682, -252.393
2.52745, 1024.79, -124.343
6.84925, -1290.18, -900.686
7.37729, 1261.51, 242.513
5.59653, 730.206, 49.7269
3.85574, -1787.75, 720.373
7.46973, -364.647, -1183.29
4.60751, -1375.18, -1018.91
4.20537, -1566.37, -1208.32
4.80717, 690.427, -209.346
4.44822, 506.834, -823.614
4.613, -55.9783, 1020.83
2.84879, 252.106, 607.185
5.5153, -66.9141, -240.498
7.36114, -100.958, 429.262
5.07406, -1418.64, -1004.37
7.45461, 1838.62, -263.907
5.84906, 1237.06, -289.435
4.01716, -1200.59, 121.914
3.47371, 1674.87, 1163.57
4.0109, -1472.87, -1796.36
4.93946, -685.649, 906.636
4.72438, 1018.93, 1887.68
5.7844, 669.119, -1802.2
3.74227, -1490.16, -1388.02
4.72007, 99.9861, 1089.94
5.75894, -1390.37, 12.8609
6.67472, -1416.99, 481.198
6.03698, 376.374, 1617.56
4.93928, -1685.79, -1239.37
6.72039, 782.259, -440.808
7.00296, -1022.17, -435.107
6.33082, -1329.79, -992.286
5.29453, 1307.13, 1763.18
2.70603, -17.1251, 120.704
5.46749, 1108.11, 147.388
2.68674, -1234.2, 1573.03
4.53488, 134.098, 855.892
2.84243, -1891.36, -1734.29
7.38558, -1513.97, -1818.25
2.5956, -966.755, -547.963
6.60363, -337.201, -531.134
5.2195, -757.007, 1667.24
5.72828, 1514.02, -681.355
3.62934, -524.056, 32.4838
2.733, 1747.1, -1431.23
3.63154, 416.515, -1075.43
4.58371, -1268.86, 261.072
6.40126, 514.878, -1233.29
3.72852, -1826.67, 690.699
4.81411, 1252.94, 301.066
6.14756, 1863.05, 574.319
5.35237, -673.043, 1595.38
5.45997, 1815.31, 1837.58
4.98425, -1776.74, 548.665
3.951, 900.078, 308.55
4.71107, 10.8504, -502.846
2.53669, 1672.66, -807.465
7.41683, 973.685, -698.269
2.52822, -1526.77, -395.799
4.8676, -206.008, 1485.11
5.86497, -650.712, -261.085
