6.27803, -1472.55, -1756.77
3.5948, -22.0431, -325.077
5.89648, 697.42, -1647.23
5.09708, -589.895, 1706.4
2.76731, -1767.68, 1251.82
2.53849, 622.09, 100.468
4.58743, -1503.33, -447.732
7.15218, 330.5, 802.53
2.95982, 6.83419, 1379.8
6.00595, -390.435, 604.549
3.81226, 1117.86, 1620.04
4.14117, 942.046, -1690.53
7.45519, 839.683, 414.283
7.41275, -1000.13, -475.704
5.75759, 907.22, 807.337
6.92354, 495.808, -1558.12
6.33247, -366.273, -958.657
3.87453, -933.67, -172.49
4.93259, -1243.71, -688.22
2.80282, 1559.82, 1521.94
5.08146, -3.16417, 1345.73
4.96988, 1752.43, -777.608
7.23882, -1403.84, -996.986
4.42071, -89.8825, -1585.12
5.14874, 1603.31, -996.029
2.75042, 1579.74, -79.1051
6.63909, 1061.35, 996.636
5.94228, -1639.35, -1372.84
6.18112, 544.682, 1436.38
6.94286, 1800.1, 904.814
4.25508, -722.443, -1029.86
6.72991, 373.793, 18.7029
3.84659, 1189.74, -281.18
4.83959, 136.838, -417.22
3.2686, -1309.86, -924.84
2.66527, 1176.25, 206.901
7.2768, 3.49502, 159.988
6.95369, 249.484, 885.713
3.29884, 1194.55, 395.926
3.15214, 856.578, -1113.02
2.515, -912.925, -1561.72
6.0491, -1644.5, -372.585
3.40448, -998.7, 1560.47
5.76029, 1504.7, -617.554
4.42907, 797.776, -1354.27
3.23766, 91.4207, -415.242
5.45054, 1106.11, 220.459
3.24076, 322.469, 1685.87
3.2091, -301.132, 1778.2
4.94257, -900.863, 193.321
3.13015, 1572.63, -58.2369
5.64635, -605.644, -1095.31
5.60817, 531.474, -1330.22
4.88216, -1034.54, 1145.63
2.64188, -967.287, -533.056
3.21011, -169.043, 1328.48
3.15594, -424.644, 1623.37
3.31099, -1538.02, 1423.63
3.76529, -466.26, -1519.37
4.77654, 1097.47, -1419.13
6.54472, -155.221, -557.943
3.57624, 576.913, 1490.68
3.75063, 1507.88, 794.061
5.02978, -209.979, 1373.67
6.27922, 1199.89, 336.073
5.66369, 1615.83, -186.337
5.9449, 1166.39, -247.764
7.27207, 1694.84, 936.495
5.18713, -829.867, 1304.56
4.57014, -1355.77, -7.41006
4.70019, 1389.45, 298.81
6.07821, 1382.29, 884.658
6.20858, 646.447, 1096.35
5.12494, 1485.62, -1815.86
6.06711, -1581.09, -187.229
5.91025, 677.585, -29.2919
6.82941, 1613.25, -1121.66
3.19597, 8.52731, 1364.06
3.57766, 1734.59, -240.081
5.0733, -584.382, -336.312
4.83766, -204.125, 1383.25
3.55759, -468.512, 1216.26
5.65244, -1304.11, 1801.72
2.5044, -1773.53, 356.817
4.09589, 814.744, 988.576
5.90281, 646.717, -152.893
6.0446, 1253.15, -1084.49
2.90869, -1519.79, 1196.28
3.56926, 578.022, 886.304
4.44412, -1553.36, -1112.3
4.44927, 1657.06, 1697.56
3.92018, 705.199, -914.963
4.6123, 1059.97, 1003.21
2.55658, -1301.21, -778.196
3.72027, 1738.79, -1326.27
4.49072, -1402.09, 1215.99
6.64177, -1408.49, 391.111
3.78584, 1605.56, -1332.77
3.59705, -1481.47, -963.579
6.47385, 668.302, 557.436
5.8476, 884.218, 758.285
5.49108, -1569.27, 697.195
5.99917, -696.207, -1084.54
5.13062, 1091.89, -1425.94
4.14833, 422.526, 246.754
3.30844, -1490.98, 665.594
6.56633, 1342.64, -10.4433
4.08004, 825.103, 384.057
4.05369, 69.6238, -1404.62
4.65424, 89.582, 257.862
4.46509, -262.087, -1021.59
4.43916, 31.8039, -325.767
4.34871, -1413.71, -981.732
5.88118, 582.552, -1112.01
6.10384, 689.394, 42.9206
7.20082, -93.4412, 1685.23
5.08573, -176.736, -807.799
5.5282, -265.831, 540.345
5.85049, -1292.57, 1806.95
5.11404, 99.9772, -424.353
3.87105, -1759.34, 1252.71
7.08924, 305.067, 588.396
3.73367, 1707.66, -900.711
4.77876, 668.581, 1191.27
3.30374, -1771.49, 1269.41
4.68319, 655.585, 580.021
7.45767, 902.581, 291.535
6.26931, -804.956, 765.628
4.97846, -1716.25, -1211.15
7.01651, -1220.51, -1437.25
4.68213, 975.982, 980.027
5.09239, 279.883, -1759.88
4.44866, 205.612, -1489.51
5.63431, -395.929, -1028.26
5.19331, 653.528, 550.401
4.35955, 1252.32, -903.709
2.54674, -648.546, 657.057
6.3794, 81.994, -1393.54
2.85317, -1674.2, -1152.17
3.98511, 808.984, -1398.86
4.78581, -39.9286, -1531.9
3.25156, -196.002, 49.2439
5.97819, 1223.57, -817.31
4.15587, 703.018, 286.638
5.21197, 1805.9, -1593.23
2.64678, 1478.35, -1573.65
5.38086, 90.4794, -346.139
5.18133, 628.5, 910.877
7.36678, -1448.43, -1699.79
5.57063, -607.468, -1090.24
5.26431, -1399.7, 417.653
6.69051, -461.534, 1621.51
3.75764, -967.45, 1613.6
6.98957, 1137.74, -257.362
5.97428, 1043.92, -939.409
5.82752, -911.765, -125.295
3.06838, -1292.83, -1397.96
3.37987, -1699.44, 226.185
2.91253, -269.477, 328.69
6.68103, -376.848, 582.763
2.64818, 1775.46, -1439.14
6.34719, -99.5683, -1678.15
4.29829, -979.985, 1610.88
6.24626, 66.6529, 1034.55
6.28385, 647.104, 614.281
3.60834, -1023.88, -1656.69
5.58305, 564.224, 255.899
3.66846, -976.253, -430.973
6.22052, -1378.02, 458.869
5.80997, -1615.05, -1342.49
4.9209, 1735.3, -1364.46
2.58972, 1568.83, 377.819
4.98291, 819.053, 264.616
5.09587, -11.9748, -1516.17
4.71395, -1590.19, 978.473
4.14528, -71.7906, 1721.67
3.52671, 908.999, -165.585
7.19863, -345.898, -1051.53
2.85168, -948.895, 1679.45
3.30042, 25.3079, -1395.27
6.70788, -1357.15, -8.72433
4.13614, -383.625, -485.93
6.85942, 346.934, 730.495
5.99896, 1257.8, 1006.37
5.52801, 1638.01, -388.831
4.77536, 92.0516, -419.104
2.91543, -935.778, -485.788
3.94883, 26.3039, -307.321
6.51009, -1244.1, -1452.54
6.81821, 757.374, 17.147
3.81831, 755.481, -955.788
4.79881, -1453.09, -466.02
4.95672, 1059.59, -932.062
5.82344, -913.007, -1780.56
7.31738, -1204.35, -336.971
7.23022, 1019.65, -1395.27
2.81902, 473.037, -1233.4
5.04829, -866.433, -449.214
6.13222, 1338.52, 1304.31
5.65882, 1029.15, -557.6
3.26658, -1719.33, -1806.49
5.09652, -1631.76, 982.544
3.52281, -963.981, 1554.9
6.03231, 718.736, -1582.06
6.05786, -978.109, -132.833
3.66304, -860.569, -397.539
6.80594, 87.1387, -303.497
2.67122, -105.048, 1683.62
6.26587, -1699.98, 210.797
4.14789, 1293.46, 198.863
4.65309, 41.4763, -934.961
7.33455, 1674.49, -339.873
4.05803, 1431.65, 1223.14
5.69762, 1751.38, -1400.91
5.95386, 1554.77, -77.9321
5.36403, 67.3083, 1234.21
6.60667, 1753.28, -1435.78
4.21807, -1641.4, -1309.42
5.09387, -1487.8, -1384.74
6.78438, 218.027, -1687.21
6.18587, 631.435, 96.3234
3.45992, -1646.1, 704.324
2.83145, -567.704, 627.831
3.60828, 1707.46, -1294.35
3.33656, 246.522, -423.155
6.31172, 699.332, -1687.08
5.44905, -1625.57, 663.836
4.65223, 1629.23, 1584.49
7.09618, 1225.08, 21.7373
5.09668, 830.322, 264.282
7.38058, -1310.11, -112.346
5.15714, -867.278, 186.634
2.98716, 753.88, 610.063
5.83983, 408.814, 238.917
5.44444, 339.983, -19.1588
5.01137, -1366.49, -46.0299
2.75808, -1653.6, 751.193
2.6753, -501.375, -32.7258
4.41484, -1450.14, -973.655
5.55555, 420.612, 247.058
5.06574, 1131.59, 1617.78
5.98498, 690.663, -20.0136
4.89891, 100.774, -443.487
3.88323, 104.328, 842.726
6.01685, -857.512, 349.231
3.67701, 1583.11, -7.00896
6.41501, 218.367, -366.832
6.60589, 561.767, 1502.92
3.21842, -955.425, 94.6609
5.75757, -969.344, 1532.27
3.87677, 1629.72, -1749.75
7.26215, -801.374, 1320.34
4.58238, -1436.55, 30.7406
3.03869, -244.116, 718.746
4.70633, -1518.74, 1064.31
6.28811, -763.336, -526.564
2.77803, -721.108, -487.314
3.51241, 21.6747, 191.69
6.82305, 1746.13, -1378.94
6.52456, -557.147, -65.8407
2.78861, -1279.51, -1199.14
4.40304, -97.6174, -1281.82
4.56124, -173.154, 1327.36
2.80071, -667.824, 618.56
7.09746, 1484.01, 1231.18
3.35398, 1112.03, 1648.39
6.51634, -1672.15, 404.883
3.88599, 1306.78, 74.3529
4.44586, 342.956, 1461.48
7.19936, 123.345, 1197.12
6.24573, 325.986, -386.142
3.44774, -717.842, 1447.34
6.89581, 785.639, 924.46
6.8953, 794.25, -1528.89
3.30515, -1484.16, -521.416
5.87346, -1529.57, -420.042
6.89096, 1147.95, 298.64
6.98262, 484.555, 980.202
3.06535, 36.5764, 1388.7
5.93789, -471.093, -438.095
3.21651, -1288.85, -1300.59
3.6901, 673.324, -86.2294
5.64383, 1707.58, -376.774
4.312, 1509.78, 740.336
4.64437, 1169.89, 1351.54
4.91936, -104.111, -1593.57
6.20379, -15.6618, -287.056
3.23098, -658.889, 1537.42
7.36238, -1633.1, -1361.03
7.3158, -1044.68, -420.717
3.14741, -1068.29, 1225.07
5.3784, -537.449, -1117.71
4.66439, 137.361, -349.584
5.50066, -447.897, -519.196
5.85098, -1350.09, -118.484
4.5137, 811.095, 1837.98
6.46691, 1348.65, 1233.43
4.89889, -1735.75, -457.064
5.72449, 710.682, 579.895
4.28836, -547.674, 1213.12
5.96794, -597.52, -430.741
5.83428, -851.333, -1307.24
3.22071, -864.603, 1326.56
7.10415, -1692.25, 381.753
4.22228, 66.5217, -470.318
6.66824, -778.969, -893.705
2.74349, 608.573, -1347.07
3.27936, -538.679, -13.4307
2.55765, 653.719, 886.023
3.94327, 193.009, 1134.87
5.07295, -676.899, -296.647
3.65948, 1304.82, 852.288
2.75022, -563.376, -47.9832
5.33091, -1319.89, -1450.36
6.69774, -262.884, 1303.42
4.28763, -1337.01, -935.59
4.3452, 321.132, 1611.76
7.22226, 557.823, -122.355
4.72425, -1697.8, -374.594
6.82086, 813.66, 365.718
5.82654, -1524.27, -1354.91
5.79297, 300.352, 1250.99
7.10736, -1815.45, 1819.09
5.11536, 1746.29, -1285.55
5.45229, 855.337, -873.578
5.79944, 1325.74, 1303.43
4.24765, 571.288, 868.502
4.11714, 627.37, 54.1984
7.08984, -170.287, 1369.91
3.08619, 1778.48, -822.851
7.31268, 1137.22, -257.797
5.17978, 102.273, -417.366
5.81447, 1464.12, 1224.62
5.48362, 1642.63, -948.626
6.93363, -1018.59, -1366.69
6.67999, -1302.57, -1104.48
6.69339, 487.841, 278.244
6.85642, -387.536, 611.609
2.5002, -1556.53, 652.113
4.77274, 631.927, 578.272
4.25696, -1708.81, 408.32
5.80713, -490.546, 1348.17
6.22234, -1699.68, 325.577
3.3821, -363.371, -970.575
7.4621, 1648.51, -1441.49
5.95466, -1720.76, 374.699
6.97862, 334.646, -24.1783
3.51579, 576.086, -162.381
7.2356, -900.888, -195.184
4.88476, 1730.78, -901.083
6.78578, 1719.98, -1483.5
6.41237, -1693.67, -1100.44
5.70687, 1711.42, -1696.5
3.14521, -1396.53, 437.077
5.77944, 11.0885, 1411.83
3.09199, 121.93, -26.7972
3.88793, 572.687, 1459.1
6.65548, -490.019, -515.86
6.14153, -1417.32, -992.56
6.74348, -1222.35, 566.824
3.43989, -1385.2, -1706.32
6.09602, 1051.43, -623.464
4.25586, 281.386, 598.142
3.34555, -821.175, -1274.87
4.52383, 646.381, -1008.61
4.20924, 293.397, 1416.13
6.67141, 623.877, -130.727
3.9111, 1453.72, 1234.48
5.16766, -1295.87, -916.031
6.25085, 1744.58, -1678.73
4.62554, -1173.66, -1459.13
4.66964, -958.676, 1140.13
3.03022, 1679.16, -1830.35
6.4639, -55.6876, -845.451
3.91232, -1357.22, -947.839
7.14264, -1011.23, -475.274
5.37926, 509.141, 988.738
3.4895, 1504.65, -635.215
5.99081, 1057.97, -1386.75
3.07265, 878.945, -1635.91
4.22945, 514.358, 1434.77
4.15646, -1003.54, -479.944
6.42735, 1648.29, -1748.95
6.65775, 888.811, -372.412
4.21712, -1427.34, 1463.8
4.2603, -457.237, 1632.05
6.38197, 205.388, -1493.48
6.58658, 33.054, 1416.05
4.26157, -375.681, 599.01
7.09559, -793.141, -520.76
3.2877, 945.628, 455.673
5.56029, -956.516, 1238.5
5.54222, -864.515, 1326.97
3.16647, -454.895, -1345.33
3.51409, -1354.76, -1002.89
4.79457, -1595.12, 959.475
3.48759, -961.505, 1644.42
6.77118, -1627.45, 674.205
6.54562, -1469.71, -1278.44
2.80131, -1722.06, 1590.9
6.50584, -1380.48, 1245.02
5.49597, -299.274, -975.522
7.43182, -1731.09, 332.703
2.65919, -146.764, 1370.18
6.8356, 1735.5, -1364.56
3.69109, 1191.17, 580.997
3.6127, 416.124, 711.062
4.73907, -1705.03, -1107.35
2.61231, 1709.59, -382.901
6.79755, -427.831, -65.5702
4.15902, 519.802, 975.776
5.72195, 668.807, 600.437
7.43521, -1691.92, -1123.06
5.30162, 590.145, -1073.62
4.74553, -1533.92, -415.822
5.213, 254.496, -1355.04
2.90797, 1556.41, -37.9248
3.99606, -1515.15, -468.782
6.63964, 1474.26, 1174.55
6.48936, 1168.64, 1626.08
5.71048, -189.597, 1303.66
4.84105, 1200.45, 656.671
7.15326, -323.582, -960.898
5.08798, -533.194, -6.89787
7.42924, 1583.25, -983.588
5.94567, -48.8491, -1315.6
6.19966, -359.953, -978.605
3.46323, -823.188, -1679.85
6.08881, -921.634, 1199.54
6.11146, 1145.75, -261.169
6.49298, 585.045, 285.62
4.23216, 493.279, -1817.06
5.1481, 78.1474, -366.657
3.19001, 1485.87, -670.07
6.73218, -448.749, -521.736
6.32766, -30.3994, -1531.93
7.5, 1686.59, -867.339
4.24891, 981.497, 1795.25
5.50367, -1051.06, 1104.65
3.50808, -973.163, 54.6452
6.2385, 72.949, 252.827
6.49225, 1736.73, 454.705
3.03505, -1366.65, 204.155
5.35813, -947.361, 56.851
2.84683, 688.73, -725.823
4.16036, 1321.69, 1285.64
5.80945, 863.742, -1345.61
5.27726, 210.393, -373.192
7.12415, 449.962, -12.8366
2.69832, -858.618, 331.344
2.62083, -521.598, 370.607
4.61923, 502.396, -1232.34
4.36987, 811.737, 360.24
2.93303, -467.623, -441.268
3.05403, -266.219, 329.575
5.31992, 680.09, -740.62
7.37269, 23.9068, 1377.75
3.05066, -47.818, -1548.14
5.99352, 210.178, 1746.73
2.79674, -132.155, -1307.89
4.69755, 1576.73, -83.4099
5.24651, 1836.23, 1368.85
3.45129, 1295.59, -1418.82
7.36597, 681.57, 577.482
3.19593, -1247.85, -174.307
5.48978, 1599.07, -913.023
7.12812, -1650.04, 1402.83
3.91116, -81.0011, 1703.43
6.8307, -302.715, -176.543
6.29598, -393.511, -1045.55
6.10793, 699.616, 1132.23
3.34241, -666.254, 657.387
3.32882, 1506.76, 745.957
3.39076, -1299.22, -1797.77
5.87226, 594.141, -1085.53
4.83484, -481.459, -57.7555
6.85219, -1504, -709.248
5.76023, -1341.36, -94.9254
5.80464, 1496.42, 1627.01
2.58037, -1289.54, -1112.01
4.30596, -1476.9, -1272.76
3.72747, 1684.48, 192.294
6.93086, -1750.32, -1725.24
5.23701, 1628.55, 1601.7
6.57209, -67.4906, -1265.62
5.24453, 323.784, 1653.1
4.16156, 947.33, -143.057
4.40213, -89.3964, -1244.51
2.52389, 1723.54, 1174.63
6.95226, -177.49, -820.374
6.16955, -860.286, 1234.19
6.04239, -213.371, 1379.98
5.1278, 150.485, -417.333
6.41065, -256.126, -1510.61
3.42484, -818.194, -868.883
5.72673, 546.669, 890.141
3.42178, -1230.93, -519.692
3.31214, 3.48345, -175.053
2.65594, -420.346, 1650.98
7.42716, 271.39, -1409.32
4.04559, -573.227, -1283.19
4.11075, -1210.13, -526.044
5.51155, 514.282, -423.711
2.89107, -608.178, -1720.21
3.93936, -4.29099, 127.576
5.79307, -354.916, -987.218
7.36348, -1730.01, -732.739
7.27758, -722.324, -1448
7.42745, -1228.96, -526.667
7.30478, -1643.3, -1299.73
3.0073, -956.996, 1221.25
3.71505, -279.388, -1023.44
6.91151, 230.502, -683.03
5.28805, 642.349, 1141.79
6.7669, 1540.52, 1090.97
7.49145, -1032.18, 1151.47
3.99751, -247.836, -1023.59
6.33157, 1834.67, 782.371
4.81901, 572.257, -350.265
6.8168, -1248.4, -1473.61
6.99018, 1603.02, -127.332
7.377, 481.122, -835.624
2.77405, 1107.95, 337.766
6.32605, 1741.49, -1321.24
5.09219, -1749.4, 1466.87
3.46574, 1815.06, -292.836
6.98252, 443.56, -1086.11
6.38492, -1593.33, 210.543
2.75968, 735.93, 1028.99
7.47331, -1592.14, 1453.54
5.93659, -206.768, -730.98
5.94854, 1689.59, 977.511
6.57666, -1294.9, 1506.03
7.05426, -185.258, -950.103
3.34218, -344.912, 571.586
5.24183, -1111.51, 1508.23
6.53351, -1067.11, -523.008
4.17803, 625.865, -988.016
5.53435, -205.575, 30.2664
6.59602, -1674.96, 668.246
7.3485, 49.4418, -378.275
6.29349, 1019.51, 1122.1
3.72113, -342.752, -187.26
5.80589, -1155.92, 700.368
4.21574, -1031.79, -477.854
7.27146, 686.722, -690.088
2.60828, 1512.22, 1036.97
4.54979, -1738.34, 1765.71
2.55789, 1060.51, -1398.82
3.04964, 1705.67, 391.447
5.28259, -1616.91, 247.299
4.45466, 91.8423, -415.83
7.20539, 225.247, -307.238
2.55572, 394.19, 824.691
6.22897, -303.794, -1005.75
3.84293, 358.322, 242.849
4.27153, -1202.12, -1451.01
3.45835, -875.113, 1341.84
5.14832, 636.917, -235.201
4.39478, -85.964, -1585.71
3.16407, -108.078, -1691.54
4.26563, -329.294, -874.591
4.2497, 1536.08, 1819.59
7.41084, 1162.14, -212.868
5.25961, 241.653, -665.659
4.99918, 22.7781, -1428.07
3.58531, -1658.94, 636.159
4.37311, -444.518, -1086.67
6.78251, -1290.17, -925.723
6.45578, 1588.35, -928.096
3.9204, -1018.22, 1632.54
5.07645, 859.057, 321.825
6.79238, -474.663, 40.1297
7.07844, -1647.94, -412.301
7.48941, 336.087, 1677.05
6.53177, 213.363, -378.015
5.22718, -1659.07, -286.742
7.3461, 298.66, -1361.18
5.31931, -1118.29, 749.873
4.03031, -867.895, 1276.07
5.41853, 1767.24, 1732.65
2.91197, 78.5527, -405.85
5.47382, 698.474, 1120.62
3.31968, -1181.87, -1172.84
6.46527, -1222.98, -1046.26
2.95373, 1223.65, 1308.37
6.3072, -959.933, -1337.64
6.83996, -515.591, -34.2915
6.40105, 228.823, -685.4
6.61399, 1690.11, 1637.04
6.70974, 704.615, 1094.53
4.48328, 822.367, 405.348
6.508, -246.141, 304.861
6.56811, 639.221, -45.8028
5.43493, -785.779, 156.041
4.64621, 1548.77, -27.5288
2.5002, -61.9062, -850.981
5.31153, -1564.44, 651.257
6.22632, 664.646, 616.919
3.89846, 1702.11, 515.943
2.93406, -1763.3, 1067.03
3.5733, 1753.5, -1682.8
3.93296, -963.821, 1150.01
4.86595, -758.275, 937.406
6.95893, 1697.73, 1652.66
5.91955, 990.824, -953.011
3.54376, 33.6779, -381.337
6.67533, 1491.21, -69.3668
7.09218, 1795.78, 1804.13
4.48244, -1034.3, -1332.93
6.37858, 1087.55, 990.909
5.68161, -214.768, -204.169
6.64746, 935.01, 464.365
3.40204, 979.054, -932.368
7.45927, 1086.77, -1392.37
6.70558, -275.038, -1516.25
4.65177, 1672.96, 447.218
4.38589, 1097.78, 1584.51
2.70802, 1101.4, -986.455
6.80715, -1368.17, -981.518
6.62116, 1754.18, -1662.8
6.25052, -40.5662, 1402.09
3.55801, -370.309, 1733.29
4.31029, -1477.68, -419.767
4.43545, -1271.76, -1409.27
7.32918, 1475.76, 1190.81
6.5872, -188.644, 1399.77
4.5755, -112.988, 850.076
5.83759, 365.826, 231.079
2.52101, 1035.51, 1786.89
6.98048, -1400.3, 391.151
3.68416, -668.749, 677.331
3.79415, 648.018, -349.335
5.4939, 749.803, -1302.02
6.89823, -1623.44, 662.367
6.16299, -1200.34, -1161.39
6.0773, 1591.87, 1135.96
3.57724, -1120.8, 981.361
6.30413, 1386.53, -1842.06
3.85351, -368.686, -972.333
2.75246, 1167.68, 583.047
4.78866, 643.626, 609.036
2.58759, 793.994, -1346.85
3.01129, 120.121, -427.885
2.639, -366.788, 593.956
5.65921, -705.403, -1019.74
6.34425, 55.4137, -410.245
2.74132, 1067.52, -1529.46
6.6924, -69.4662, -1238.6
6.76899, -417.437, -467.054
6.57649, -1000.96, 1164.62
6.85188, 1556.68, 704.194
5.27222, -1177.48, -341.688
6.12646, -470.086, -82.9185
3.20424, -1018.46, 1578.08
6.6115, 1145.38, -965.882
5.51185, 1307.76, -341.819
4.93856, 936.411, -1692.02
6.14942, -445.129, 1653.4
4.05164, 1507.07, -1283.66
3.93925, -1422.32, 608.002
5.45857, -1751.49, 1451.41
5.34055, 1088.41, 1594.94
5.41059, -1693.45, -1081.53
2.84132, -1387.04, 540.852
4.34304, 264.825, -698.719
6.28475, -1639.89, -1152.09
6.35297, -888.128, -1637.23
4.27217, -881.057, -460.894
5.98913, 321.939, 1638.14
5.08005, -1235.93, -531.072
5.94494, 724.809, 292.617
6.18066, -170.642, 1302.44
2.56231, -624.334, -1262.12
7.16549, 1167.1, -163.709
5.37826, 364.134, 212.499
3.05587, 971.578, 1797.29
4.87388, -189.182, 8.39627
3.24247, 555.411, 149.538
4.22594, 190.095, 867.604
7.04476, -1752.51, 433.249
4.54571, 85.1331, 1028.73
5.96642, -1225.8, -178.094
3.35865, 791.537, -1571.57
6.21715, 1642.91, -937.252
4.16319, -896.084, 1349.71
4.62157, 1188.63, 521.828
2.79523, -287.912, -201.215
5.09005, 474.473, -355.361
5.94425, 839.653, -1077.53
5.01149, -509.851, -38.3694
6.56617, -360.991, -1406.69
3.07974, 226.615, -1741.55
5.24841, 493.25, 986.779
5.06046, 699.442, 37.8308
6.02649, 1787.84, 917.205
5.65083, -548.764, 1678.48
4.0207, -81.3617, -1310.07
6.74719, 674.776, 554.768
3.39619, 1191.68, -42.0267
2.61737, -930.601, -129.449
4.19467, 1336.65, 65.082
3.43818, 748.456, -259.639
6.60467, -518.06, 331.742
6.72507, -1620.18, -400.974
6.78031, 1739.75, -1366.35
7.37454, -1752.53, 1245.11
2.99587, 800.934, -855.342
2.56182, 1140.66, 1212.31
2.58614, 497.484, 963.673
2.64527, 406.349, 319.213
4.1031, 288.4, -709.231
6.17815, 1166.56, 594.087
3.14876, 607.952, 881.234
2.5161, -746.548, 890.971
6.91905, 240.323, -1412.33
3.70482, 438.989, -1049.99
4.38481, -1606.77, 1446.99
4.44879, 1163.5, 291.874
2.81534, 1197.21, 610.665
7.30792, 306.822, 1669.62
3.75349, 1405.47, -678.65
6.85376, -1245.85, -191.143
2.85991, -1690.63, 596.776
2.70653, -992.938, 1130.54
3.46378, 677.432, -996.457
3.86708, -598.653, 596.494
7.4007, -1799.83, -682.23
3.60607, 643.468, -981.128
6.43119, -1675.81, 1604.5
4.42306, 481.791, -714.154
3.78593, 859.748, -1229.18
3.91087, -1737.34, 222.743
7.33834, 1721.52, -68.6674
4.22841, 1339.21, 290.215
3.45922, -1699.63, 1391.45
5.05037, -1083, -695.35
5.21857, -978.255, 1111.32
5.72333, -1298.53, -1127.69
3.89738, 29.2014, 1411.31
3.41887, -616.706, -1242.49
2.71579, -1661.65, 660.806
3.98408, -868.155, -464.447
4.25548, -458.785, 238.288
7.09372, -899.414, 1295.82
5.81225, 971.909, -669.321
5.08041, 1600.89, 1089.49
4.03763, 1079.46, 959.484
3.0007, -593.895, 259.932
3.47502, 746.995, -1674.64
4.11407, -48.1919, -258.729
5.56182, 1674.28, 169.061
5.13511, 1805.63, -1820.02
3.45653, 637.232, 555.941
4.7178, -1319.19, -913.516
4.48693, -1234.29, 1568.78
6.28051, -1153.23, 1536.55
6.6213, 1421.72, 1211.37
5.51573, 233.417, -662.81
3.04573, 1085.89, -1437.64
4.11797, 890.2, -346.477
5.03403, 80.0464, 585.971
4.76521, -1240.78, 1534.4
4.77315, -276.091, -891.719
4.91125, 1727.01, 1721.3
5.07896, 741.983, -1313.6
4.50207, 318.17, 1598.49
4.22945, 1829.87, 784.392
6.64533, 1687.3, -388.314
3.02204, -1270.64, -1446.12
6.40057, 1059.38, 1010.64
3.19919, -563.823, -446.482
2.62171, -1441.31, -979.92
6.0664, 740.996, -1327.53
7.15538, 196.628, -1476.47
7.47667, 493.932, 285.132
3.86264, -1746.9, 299.477
3.6923, -997.238, -469.69
3.87328, 1696.15, 1188.85
5.70836, -1658.39, -1293.9
5.17637, 572.01, 305.785
6.8967, 1532.21, -588.05
6.75968, -1343.91, -1407.09
2.98004, 1584.45, -79.3467
4.66818, -1399.89, 410.584
3.17045, -287.072, -1417.13
5.86802, -326.859, 594.191
5.34964, -82.8401, -833.137
3.66474, -953.837, 1145.05
5.50306, 460.418, -1237.49
2.6551, -1377.72, 23.5548
7.08512, 1052.95, -553.546
3.82958, 1676.51, -424.183
6.50016, -321.012, -972.956
5.46389, 225.545, -1464.27
5.0822, 670.101, 1064.53
5.2567, 708.058, 1110.75
3.47225, 927.331, -435.731
5.36152, 283.748, -1408.46
3.81992, 398.935, 810.53
4.41648, -1563.6, 998.607
2.73626, -1447.91, -1698.86
4.22823, 1055.34, -1403.79
3.61594, 1212.45, -812.357
3.81264, 56.2455, -1437.9
3.05141, -756.68, -903.616
7.40088, -1364.97, -51.2776
5.93794, 1545.18, 1251.43
5.82158, -1084.64, -703.411
5.99501, -1178.19, -1286.72
2.68746, -1634.63, -1361.25
3.6706, -1292.82, -1459.64
3.95397, 1414.56, 1259.17
3.50543, 87.5023, -400.36
2.7177, 655.173, 576.806
2.56571, -1006.48, 1141.87
6.07297, -993.147, 1520.59
6.88348, -1646.71, -1136.22
5.35088, -1582.3, 687.754
6.92743, 1638.86, 1633.05
5.20042, -802.185, -519.133
3.31357, 1654.94, -1350.81
3.30492, 1783.72, 908.599
7.19182, 643.91, 463.402
3.45628, 1002.94, -1522.61
3.15761, -12.0339, -297.655
4.41122, -528.902, 131.133
6.12674, 567.768, -315.213
2.50651, 1140.26, 1627.81
4.60222, -9.54151, 1394.19
5.18984, 477.575, -354.885
4.86596, -434.319, 452.669
6.33003, 1140.13, 1621.75
2.9396, 993.853, -915.958
7.04284, 304.012, 597.726
3.20818, -1558.86, -816.05
2.54782, 719.136, 45.188
2.82267, 502.149, 872.93
4.96742, 722.076, 443.395
5.40914, 984.906, 1813.42
4.03373, -1743.96, 1078.19
4.57091, 1567.15, -56.9739
4.33401, -1216.06, -1216.17
3.42687, 334.924, 1254.3
2.76788, 1290.23, 198.459
4.47222, 979.902, -95.5565
3.98388, -627.92, -340.892
5.05388, -749.256, 1590.2
3.75392, -1369.01, 398.709
5.01589, 1726.17, 1727.58
2.51168, 26.2803, 1515.15
7.01807, 1709.16, -907.244
2.79181, -1768.68, -1764.48
5.17506, -1136.9, 1521.63
3.95754, -742.677, 1580.07
7.3023, -1504.29, -438.989
4.73406, 640.115, -150.761
5.08479, 1560.33, 406.815
5.93861, -452.548, -86.0717
2.72187, -310.011, 65.7538
7.2946, -1510.03, 1154.31
5.70852, 698.052, 266.583
2.80215, 1107.7, -1407.95
3.33964, 216.001, 513.535
5.76491, 885.007, -393.622
6.19864, -1543.63, 686.478
3.57011, 1591.93, 408.285
4.31441, 274.248, -1407.08
6.56981, -1282.74, 1769.05
5.32057, 1563.89, -972.277
7.45886, -42.964, -1539.48
6.5669, -1606.94, 672.019
3.49157, -1809.28, -23.6475
2.50003, -267.964, -1470.14
4.62608, 1680.55, -1450.53
4.07406, 1612.06, 384.808
5.56218, 1176.02, -1731.82
3.83351, -352.246, -1048.48
4.39881, -1187.26, -182.451
5.43397, 1711.41, 527.132
5.95636, -322.479, -989.666
7.26736, -751.164, -1031.37
4.89785, -614.882, -1719.44
3.60319, 741.122, -1292.56
5.33741, -1271.29, -961.588
6.09873, 620.8, 552.195
4.4953, -928.906, 1179.16
3.48326, -1302.18, 1793.06
6.66971, -1244.24, -1405.12
5.59561, -897.361, -1625.08
7.26866, -530.844, 283.519
3.23222, 88.8334, -395.648
5.38953, -63.3943, -845.278
7.26796, -851.158, 1321.79
3.62331, 1374.91, -1883.24
7.25137, -946.345, 1487.36
3.07874, 1647.36, -916.829
2.58372, 0.978658, -243.571
3.90465, -684.805, -301.357
7.15042, 1262.29, 210.839
3.04796, 1462.16, 1634.66
6.77266, 32.4, 1313.89
5.68532, -1280.73, -1409.23
5.63853, 790.707, -1338.09
3.80589, 1407.85, 1260.5
5.13936, -1658.13, 384.152
7.16608, -483.135, 1667.67
3.98055, 1716.99, 222.827
4.78006, 414.847, 702.553
6.35659, -1284.4, -1144.43
4.17193, 359.767, 220.787
6.31775, -98.6818, -1489.82
6.65892, -116.24, 1690.7
2.64618, -1442.65, 1103.01
4.31315, 1352.13, -496.306
4.16221, 538.049, 877.038
3.17675, -940.421, -406.202
3.00839, -525.017, 1212.78
5.11327, -1189.9, 1471.04
3.52046, 67.0987, -986.654
5.00728, -1613.48, -1156.31
5.1371, -117.766, 1749.47
4.13422, -468.447, -439.481
4.75888, 468.955, -742.898
6.85263, -26.0283, 1735.4
4.72884, 1125.37, 1626.58
6.03726, -941.511, -1563.9
6.83171, 1744.41, -1306.21
6.5822, 1646.47, 391.52
2.67504, 1645.87, 1621.52
3.8644, -1217.67, -545.238
5.21858, -770.369, -858.31
3.19942, -1724.31, -1073.99
5.57408, -1486.14, -1666.21
3.29182, -1058.21, -1186.64
4.41129, 241.834, 417.055
5.94997, -216.664, 337.561
3.21128, -745.167, 912.359
5.65284, -1570.53, 1414.84
3.15973, 356.007, 1643.38
7.13583, -1417.77, 412.226
5.53465, -1744.39, 1472.36
5.50388, -1620.26, 680.951
3.33635, 1148.92, -958.225
3.301, -1551.98, -830.687
5.91628, 1170.47, -46.6733
5.1456, -1341.99, -132.183
3.65264, -161.087, 1383.33
6.55373, -950.316, -152.709
5.76477, -806.695, -1066.74
4.08597, -1241.82, -1144.79
2.53953, -510.29, -1504.49
3.49176, 1424.53, 1209.41
3.78831, 56.4693, 727.787
3.03825, 1621.82, -3.92784
3.49545, 263.304, -698.412
6.75079, 1576.62, -1487.69
6.63912, -1700.6, 383.979
6.76813, -1694.82, -1078.86
5.71027, 585.689, 1502.92
3.6787, 1377.99, -1878.31
6.80638, -1013.15, -1458.66
5.4745, -13.6766, -274.818
2.52745, 959.667, -102.912
6.84925, -1295.22, -915.083
7.37729, 1159.46, 299.671
5.59653, 673.799, 18.7216
3.85574, -1661.92, 645.737
7.46973, -435.967, -1060.18
4.60751, -1271.15, -944.337
4.20537, -1537.17, -1165.96
4.80717, 651.404, -170.581
4.44822, 493.608, -766.357
4.613, 30.4188, 1013.58
2.84879, 311.69, 583.322
5.5153, 22.5453, -329.275
7.36114, -106.177, 376.861
5.07406, -1434.86, -1016.33
7.45461, 1684.12, -278.095
5.84906, 1224.41, -369.395
4.01716, -1185.45, 87.5828
3.47371, 1614.42, 1178.74
4.0109, -1421.63, -1559.84
4.93946, -727.928, 891.888
4.72438, 992.241, 1851.57
5.7844, 719.301, -1709.67
3.74227, -1419.9, -1405.68
4.72007, 59.0098, 1026.46
5.75894, -1336.72, -136.968
6.67472, -1364.77, 568.771
6.03698, 329.964, 1554.63
4.93928, -1661.14, -1131.31
6.72039, 756.62, -381.014
7.00296, -1017.84, -441.906
6.33082, -1340.18, -943.659
5.29453, 1308.52, 1771.31
2.70603, -6.91264, 181.993
5.46749, 1083.14, 180.253
2.68674, -1155.34, 1479.78
4.53488, 168.478, 819.961
2.84243, -1790.35, -1694.3
7.38558, -1403.11, -1744.54
2.5956, -957.734, -533.37
6.60363, -345.268, -496.573
5.2195, -762.832, 1526.67
5.72828, 1429.87, -637.066
3.62934, -564.208, -54.8363
2.733, 1705.58, -1293.86
3.63154, 467.921, -1060.98
4.58371, -1275.06, 248.55
6.40126, 483.088, -1206.96
3.72852, -1608.14, 719.513
4.81411, 1159.79, 290.428
6.14756, 1750.38, 544.436
5.35237, -726.043, 1525.4
5.45997, 1789.71, 1717.74
4.98425, -1616.95, 521.238
3.951, 807.296, 320.364
4.71107, 116.422, -416.746
2.53669, 1629.84, -849.166
7.41683, 945.964, -664.641
2.52822, -1502.93, -440.299
4.8676, -170.856, 1354.88
5.86497, -622.29, -297.089
