6.27803, -1463.3, -1922.72
3.5948, 53.4886, -243.924
5.89648, 735.595, -1799.72
5.09708, -553.15, 1790.2
2.76731, -1912.1, 1285.96
2.53849, 636.905, 105.637
4.58743, -1643.97, -490.507
7.15218, 369.486, 782.234
2.95982, 73.1539, 1386.68
6.00595, -371.021, 636.427
3.81226, 1070.36, 1596.9
4.14117, 941.443, -1769.54
7.45519, 958.904, 512.458
7.41275, -1024.19, -510.167
5.75759, 982.075, 867.326
6.92354, 516.746, -1663.17
6.33247, -262.077, -937.474
3.87453, -944.164, -127.931
4.93259, -1320.17, -565.403
2.80282, 1604.66, 1535.27
5.08146, 2.04844, 1546.8
4.96988, 1887, -737.063
7.23882, -1593.52, -946.099
4.42071, -48.9343, -1647.08
5.14874, 1612.03, -951.979
2.75042, 1719.66, -100.787
6.63909, 1122.72, 1086.72
5.94228, -1845.68, -1459.69
6.18112, 516.851, 1456.62
6.94286, 1884.45, 881.858
4.25508, -700.236, -1031.59
6.72991, 367.644, 46.5292
3.84659, 1256.05, -290.016
4.83959, 145.849, -370.973
3.2686, -1324.47, -909.916
2.66527, 1241.67, 267.639
7.2768, -31.0405, 180.397
6.95369, 228.924, 961.437
3.29884, 1314.3, 470.767
3.15214, 852.275, -1126.75
2.515, -917.494, -1614.02
6.0491, -1772.28, -376.725
3.40448, -986.275, 1676.24
5.76029, 1538.38, -679.036
4.42907, 788.528, -1411
3.23766, -8.60604, -491.358
5.45054, 1237.93, 330.984
3.24076, 310.59, 1786.37
3.2091, -349.485, 1891.31
4.94257, -957.249, 231.767
3.13015, 1709.23, -119.83
5.64635, -685.721, -1160.27
5.60817, 569.845, -1446.72
4.88216, -971.783, 1136.42
2.64188, -1047.66, -498.944
3.21011, -251.942, 1568.42
3.15594, -378.476, 1734.96
3.31099, -1676.06, 1517.48
3.76529, -524.604, -1652.81
4.77654, 1071.32, -1476.06
6.54472, -179.723, -588.594
3.57624, 596.348, 1666.01
3.75063, 1607.24, 743.25
5.02978, -125.54, 1428.1
6.27922, 1256.75, 316.606
5.66369, 1725.21, -69.4888
5.9449, 1238.75, -274.956
7.27207, 1920.79, 898.025
5.18713, -800.615, 1425.25
4.57014, -1523.2, 46.4038
4.70019, 1498.48, 325.347
6.07821, 1448.29, 907.971
6.20858, 771.689, 1159.7
5.12494, 1525.18, -1892.89
6.06711, -1690.64, -158.162
5.91025, 636.014, -49.832
6.82941, 1648.8, -1177.28
3.19597, 136.791, 1500.5
3.57766, 1863.4, -224.897
5.0733, -680.032, -281.355
4.83766, -178.466, 1432.65
3.55759, -486.937, 1209.79
5.65244, -1362.05, 1929.86
2.5044, -1856.82, 393.829
4.09589, 884.263, 1062.83
5.90281, 702.943, -218.845
6.0446, 1317.45, -1150.18
2.90869, -1592.05, 1281.87
3.56926, 535.247, 966.57
4.44412, -1634.07, -1129.4
4.44927, 1841.61, 1806.92
3.92018, 747.853, -917.281
4.6123, 1094.37, 1060.8
2.55658, -1250.38, -873.934
3.72027, 1823.55, -1265.92
4.49072, -1415.83, 1298.48
6.64177, -1312.25, 396.342
3.78584, 1909.87, -1406.33
3.59705, -1555.17, -1005.83
6.47385, 756.419, 530.695
5.8476, 971.477, 774.905
5.49108, -1756.99, 616.661
5.99917, -740.924, -1065.22
5.13062, 1094.62, -1482.06
4.14833, 368.74, 203.653
3.30844, -1439.84, 770.719
6.56633, 1411.38, -44.5954
4.08004, 913.288, 240.411
4.05369, 74.3245, -1473.25
4.65424, 54.8306, 277.666
4.46509, -449.854, -945.325
4.43916, -64.2679, -321.924
4.34871, -1611.25, -916.25
5.88118, 673.593, -1021.9
6.10384, 857.832, 59.0974
7.20082, -144.873, 1747.18
5.08573, -162.417, -727.247
5.5282, -377.175, 627.983
5.85049, -1352.6, 1928.45
5.11404, 126.247, -588.932
3.87105, -1857.98, 1260.79
7.08924, 217.61, 563.061
3.73367, 1841.63, -891.424
4.77876, 727.933, 1316.95
3.30374, -1841.66, 1291.75
4.68319, 798.345, 757.969
7.45767, 932.938, 371.562
6.26931, -857.974, 777.055
4.97846, -1906.21, -1286.01
7.01651, -1320.9, -1600.58
4.68213, 977.273, 1079.12
5.09239, 322.424, -1909.45
4.44866, 179.666, -1667.84
5.63431, -402.979, -1152.12
5.19331, 786.811, 643.403
4.35955, 1286.94, -850.461
2.54674, -695.799, 699.634
6.3794, 72.4106, -1531.67
2.85317, -1752, -1145.39
3.98511, 859.127, -1363.32
4.78581, -119.209, -1707.86
3.25156, -200.791, 57.0316
5.97819, 1308.92, -860.821
4.15587, 751.502, 277.152
5.21197, 1913.46, -1704.43
2.64678, 1464.17, -1800.23
5.38086, -4.52643, -433.083
5.18133, 694.229, 939.647
7.36678, -1517.49, -1787.92
5.57063, -625.464, -1197.48
5.26431, -1435.4, 407.798
6.69051, -503.618, 1748.9
3.75764, -986.086, 1798.64
6.98957, 1185.02, -253.142
5.97428, 1006.07, -980.239
5.82752, -952.332, -174.76
3.06838, -1209.22, -1540.83
3.37987, -1888.32, 200.215
2.91253, -298.567, 338.401
6.68103, -463.496, 705.384
2.64818, 1900.7, -1551.97
6.34719, -35.8977, -1657.37
4.29829, -1026.03, 1711.64
6.24626, 44.3683, 1028.42
6.28385, 689.176, 652.133
3.60834, -1062.03, -1794.42
5.58305, 609.145, 302.598
3.66846, -1093.76, -461.174
6.22052, -1364.68, 566.588
5.80997, -1758, -1333.64
4.9209, 1860.15, -1493.3
2.58972, 1673.39, 406.935
4.98291, 894.221, 351.334
5.09587, -119.226, -1711.95
4.71395, -1692.26, 1011.37
4.14528, -64.0517, 1843.43
3.52671, 951.127, -202.952
7.19863, -455.246, -1231.2
2.85168, -998.684, 1821.13
3.30042, 70.0298, -1442.98
6.70788, -1517.94, 57.3521
4.13614, -308.079, -518.172
6.85942, 326.032, 847.887
5.99896, 1319.45, 1024.85
5.52801, 1722.42, -416.869
4.77536, 146.922, -499.82
2.91543, -931.863, -427.091
3.94883, -86.3802, -234.47
6.51009, -1150.19, -1550.58
6.81821, 697.389, 81.5303
3.81831, 820.03, -1003.53
4.79881, -1622.13, -462.232
4.95672, 1213.21, -1041.14
5.82344, -928.386, -1923.58
7.31738, -1241.66, -349.8
7.23022, 1157.35, -1464.21
2.81902, 455.559, -1291.11
5.04829, -886.94, -567.836
6.13222, 1301.95, 1335.73
5.65882, 1154.95, -649.264
3.26658, -1809.33, -1817.16
5.09652, -1696.77, 1034.99
3.52281, -1080.06, 1665.35
6.03231, 801.677, -1653.67
6.05786, -926.803, -110.356
3.66304, -1035.95, -474.621
6.80594, -83.2719, -254.538
2.67122, -197.764, 1845.56
6.26587, -1844.1, 152.947
4.14789, 1221.46, 316.271
4.65309, 117.27, -1038.38
7.33455, 1844.77, -412.291
4.05803, 1477.02, 1346.92
5.69762, 1872.99, -1371.24
5.95386, 1707.73, -121.541
5.36403, 91.9167, 1245.2
6.60667, 1799.85, -1423.24
4.21807, -1768.15, -1362.58
5.09387, -1622.25, -1474.88
6.78438, 236.838, -1848.13
6.18587, 720.182, 78.4414
3.45992, -1749.41, 730.525
2.83145, -614.035, 657.754
3.60828, 1727.15, -1432.8
3.33656, 317.715, -392.461
6.31172, 748.514, -1781.72
5.44905, -1662.06, 799.359
4.65223, 1733.03, 1700.34
7.09618, 1293.19, 25.6518
5.09668, 899.177, 378.588
7.38058, -1377.35, -72.3163
5.15714, -900.44, 270.388
2.98716, 674.26, 721.476
5.83983, 398.099, 242.309
5.44444, 303.908, -18.7522
5.01137, -1352.69, -232.352
2.75808, -1807.78, 878.435
2.6753, -649.689, 44.596
4.41484, -1561.66, -1039.91
5.55555, 375.777, 198.721
5.06574, 1087.74, 1716.18
5.98498, 658.988, -36.4237
4.89891, -28.94, -384.837
3.88323, 118.718, 862.09
6.01685, -870.761, 395.752
3.67701, 1701.34, 69.284
6.41501, 282.335, -357.804
6.60589, 688.61, 1625.03
3.21842, -991.739, 93.7931
5.75757, -990.423, 1561.37
3.87677, 1708.81, -1914.31
7.26215, -762.227, 1412
4.58238, -1476.07, 34.9551
3.03869, -249.374, 783.756
4.70633, -1563.11, 1056.36
6.28811, -813.781, -581.06
2.77803, -681.006, -598.319
3.51241, -35.1626, 268.459
6.82305, 1808.54, -1458.03
6.52456, -483.528, 35.9458
2.78861, -1337.77, -1309.7
4.40304, -130.032, -1426.7
4.56124, -246.655, 1467.27
2.80071, -738.325, 604.975
7.09746, 1612.46, 1268.14
3.35398, 1070.42, 1645.99
6.51634, -1867.88, 401.117
3.88599, 1447.28, 97.7355
4.44586, 331.036, 1473.48
7.19936, 141.897, 1234.05
6.24573, 375.628, -382.565
3.44774, -667.444, 1497.86
6.89581, 848.651, 955.575
6.8953, 808.746, -1628.87
3.30515, -1602.41, -497.958
5.87346, -1576.7, -337.251
6.89096, 1282.87, 275.542
6.98262, 499.861, 1058.28
3.06535, -19.281, 1480.45
5.93789, -446.056, -477.976
3.21651, -1496.74, -1492.86
3.6901, 798.462, -79.4248
5.64383, 1830.41, -421.908
4.312, 1606.68, 735.539
4.64437, 1162.86, 1431.24
4.91936, -31.3583, -1655.3
6.20379, 14.3111, -229.2
3.23098, -762.973, 1703.88
7.36238, -1659.63, -1506.02
7.3158, -1023.86, -423.342
3.14741, -1168.52, 1303.44
5.3784, -581.667, -1199.96
4.66439, 326.792, -299.361
5.50066, -451.444, -434.797
5.85098, -1354.67, -189.362
4.5137, 798.016, 1936.59
6.46691, 1317.97, 1339
4.89889, -1895.1, -490.291
5.72449, 614.804, 517.857
4.28836, -525.702, 1211.09
5.96794, -647.03, -438.163
5.83428, -830.817, -1352.72
3.22071, -838.868, 1430.29
7.10415, -1860.69, 392.064
4.22228, 70.0643, -470.096
6.66824, -801.103, -937.156
2.74349, 586.659, -1448.02
3.27936, -489.736, -135.33
2.55765, 652.945, 978.926
3.94327, 229.812, 1164.54
5.07295, -691.326, -317.605
3.65948, 1347.22, 867.717
2.75022, -485.361, -109.818
5.33091, -1201.05, -1611.55
6.69774, -315.049, 1283.36
4.28763, -1262.39, -880.784
4.3452, 343.385, 1693.69
7.22226, 521.02, -139.617
4.72425, -1761.41, -316.656
6.82086, 946.496, 315.061
5.82654, -1557.4, -1450.07
5.79297, 353.021, 1311.85
7.10736, -1891.03, 1894.72
5.11536, 1899.68, -1259.95
5.45229, 886.93, -883.539
5.79944, 1328.34, 1300.24
4.24765, 529.992, 934.16
4.11714, 641.054, 107.974
7.08984, -226.434, 1463.05
3.08619, 1845, -886.617
7.31268, 1256.08, -273.32
5.17978, 130.403, -599.783
5.81447, 1620.11, 1255.07
5.48362, 1746.12, -990.279
6.93363, -1014.49, -1459.3
6.67999, -1299.94, -1219.61
6.69339, 497.653, 383.93
6.85642, -348.808, 622.466
2.5002, -1542.03, 672.26
4.77274, 535.516, 675.981
4.25696, -1868.53, 396.13
5.80713, -509.124, 1398.09
6.22234, -1770.28, 311.543
3.3821, -297.008, -984.061
7.4621, 1592.18, -1570.28
5.95466, -1825.33, 360.094
6.97862, 288.582, -48.0894
3.51579, 718.892, -236.803
7.2356, -951.457, -61.2953
4.88476, 1745.21, -994.845
6.78578, 1824.48, -1528.85
6.41237, -1834.47, -1134.6
5.70687, 1814.08, -1762.59
3.14521, -1427.08, 323.165
5.77944, 15.5302, 1314.86
3.09199, 110.599, 6.0667
3.88793, 633.987, 1574.99
6.65548, -485.899, -499.689
6.14153, -1484.34, -1017.35
6.74348, -1202.18, 585.724
3.43989, -1499.12, -1750.48
6.09602, 1113.7, -598.934
4.25586, 308.088, 616.375
3.34555, -840.801, -1397.56
4.52383, 644.78, -1048.59
4.20924, 326.899, 1500.48
6.67141, 706.745, -278.956
3.9111, 1396.15, 1173.5
5.16766, -1304.97, -928.843
6.25085, 1916.96, -1699.67
4.62554, -1323.52, -1521.75
4.66964, -1084.46, 1114.84
3.03022, 1698.57, -1839.46
6.4639, -76.4817, -889.694
3.91232, -1173.98, -940.702
7.14264, -1152.41, -466.14
5.37926, 478.887, 1032.6
3.4895, 1653.3, -593.853
5.99081, 1154.34, -1477.53
3.07265, 979.62, -1846.18
4.22945, 561.684, 1515.01
4.15646, -1154.78, -475.283
6.42735, 1653.32, -1881.29
6.65775, 915.937, -422.711
4.21712, -1463.8, 1498.66
4.2603, -541.393, 1798.83
6.38197, 268.484, -1547.42
6.58658, -8.26195, 1369.53
4.26157, -289.045, 573.574
7.09559, -821.544, -570.725
3.2877, 1039.27, 496.217
5.56029, -957.683, 1146.93
5.54222, -838.558, 1430.6
3.16647, -490.293, -1449.04
3.51409, -1451.92, -990.293
4.79457, -1702.66, 1031.93
3.48759, -990.506, 1791.68
6.77118, -1656.38, 724.068
6.54562, -1520.91, -1329.63
2.80131, -1773, 1728.31
6.50584, -1431.91, 1268.76
5.49597, -355.594, -1060.73
7.43182, -1765.67, 515.414
2.65919, -269.614, 1326.93
6.8356, 1817.29, -1460.61
3.69109, 1268.07, 637.232
3.6127, 349.962, 844.177
4.73907, -1842.43, -1117.83
2.61231, 1707.37, -360.939
6.79755, -569.79, -27.6984
4.15902, 437.442, 1135.67
5.72195, 587.722, 579.016
7.43521, -1843.21, -989.477
5.30162, 569.858, -1153.47
4.74553, -1510.35, -493.897
5.213, 305.617, -1439.65
2.90797, 1570.64, -73.0512
3.99606, -1586.6, -517.29
6.63964, 1578.3, 1275.97
6.48936, 1231.57, 1809.14
5.71048, -220.81, 1362.11
4.84105, 1245.87, 744.478
7.15326, -413.669, -1133.27
5.08798, -498.674, -109.698
7.42924, 1587.15, -1007.29
5.94567, -119.096, -1382.24
6.19966, -334.084, -945.53
3.46323, -793.508, -1816
6.08881, -914.447, 1211.53
6.11146, 1142.73, -327.157
6.49298, 548.287, 299.88
4.23216, 505.559, -1942.38
5.1481, -43.7477, -190.527
3.19001, 1454.54, -677.851
6.73218, -458.102, -490.173
6.32766, -107.125, -1722.2
7.5, 1795.87, -874.167
4.24891, 961.692, 1940.91
5.50367, -1196.01, 1130.5
3.50808, -985.628, 139.337
6.2385, 81.3147, 323.19
6.49225, 1893.45, 437.303
3.03505, -1399.21, 213.665
5.35813, -1024.74, 88.5447
2.84683, 724.756, -717.725
4.16036, 1399.47, 1380.36
5.80945, 946.785, -1395.15
5.27726, 310.761, -349.015
7.12415, 456.197, -21.7224
2.69832, -942.922, 427.554
2.62083, -595.177, 453.349
4.61923, 437.234, -1295.72
4.36987, 932.75, 253.919
2.93303, -442.905, -491.15
3.05403, -299.234, 337.4
5.31992, 711.516, -676.195
7.37269, 54.0052, 1449.85
3.05066, -125.972, -1713.1
5.99352, 199.313, 1901.34
2.79674, -119.584, -1417.67
4.69755, 1664.18, -183.18
5.24651, 1941.71, 1413.36
3.45129, 1357.95, -1477.21
7.36597, 655.869, 636.843
3.19593, -1331.49, -122.164
5.48978, 1796.86, -867.442
7.12812, -1719.54, 1404.06
3.91116, -127.112, 1766.22
6.8307, -323.985, -177.377
6.29598, -399.667, -1180.32
6.10793, 679.643, 1211.98
3.34241, -714.335, 715.091
3.32882, 1607.5, 736.523
3.39076, -1295.31, -1927.79
5.87226, 648.024, -1169.24
4.83484, -665.986, 58.3147
6.85219, -1588.5, -712.789
5.76023, -1339.74, -211.835
5.80464, 1488.08, 1712.93
2.58037, -1344.83, -1187.72
4.30596, -1521.5, -1333.1
3.72747, 1816.2, 184.784
6.93086, -1814.34, -1845.4
5.23701, 1647.16, 1568.25
6.57209, -98.5754, -1270.68
5.24453, 330.611, 1709.07
4.16156, 988.471, -96.6828
4.40213, 15.4353, -1301.8
2.52389, 1818.22, 1275.57
6.95226, -173.315, -797.367
6.16955, -954.213, 1346.46
6.04239, -275.257, 1304.6
5.1278, 151.684, -357.676
6.41065, -354.406, -1592.23
3.42484, -799.513, -898.931
5.72673, 535.544, 960.587
3.42178, -1326, -620.239
3.31214, 49.5534, -228.626
2.65594, -365.703, 1680.68
7.42716, 267.11, -1340.73
4.04559, -637.991, -1388.34
4.11075, -1341.89, -580.714
5.51155, 572.068, -434.057
2.89107, -651.815, -1806.88
3.93936, 6.8803, 131.703
5.79307, -297.971, -967.378
7.36348, -1905.07, -706.984
7.27758, -724.762, -1550.5
7.42745, -1304.31, -596.226
7.30478, -1776.32, -1431.31
3.0073, -1071.37, 1074.11
3.71505, -279.597, -961.997
6.91151, 219.236, -820.702
5.28805, 676.453, 1346.04
6.7669, 1582.53, 1041.78
7.49145, -1051.02, 1085.42
3.99751, -468.976, -955.19
6.33157, 1899.42, 877.657
4.81901, 578.974, -327.007
6.8168, -1278.86, -1541.37
6.99018, 1694.34, -33.8329
7.377, 509.34, -798.421
2.77405, 1231.94, 285.971
6.32605, 1826.37, -1252.44
5.09219, -1832.22, 1471.09
3.46574, 1879.58, -419.181
6.98252, 442.603, -1106.62
6.38492, -1678.07, 197.424
2.75968, 810.497, 1063.82
7.47331, -1634.87, 1498.1
5.93659, -102.663, -887.139
5.94854, 1750.32, 991.068
6.57666, -1327.32, 1610.29
7.05426, -113.61, -947.416
3.34218, -402.836, 758.621
5.24183, -1188.43, 1583.63
6.53351, -1000.31, -496.687
4.17803, 664.394, -1065.95
5.53435, -214.62, 57.5495
6.59602, -1818.67, 670.778
7.3485, 144.353, -472.427
6.29349, 1126.08, 1004.81
3.72113, -293.072, -209.857
5.80589, -1141.68, 781.167
4.21574, -923.074, -396.231
7.27146, 733.572, -773.71
2.60828, 1586.11, 1095.06
4.54979, -1770.33, 1855.46
2.55789, 1143.36, -1348.24
3.04964, 1725.27, 401.795
5.28259, -1626.31, 200.815
4.45466, -7.87205, -493.511
7.20539, 234.201, -368.007
2.55572, 361.696, 733.26
6.22897, -397.739, -904.958
3.84293, 264.418, 267.28
4.27153, -1319.74, -1497.03
3.45835, -889.131, 1254.04
5.14832, 592.603, -289.514
4.39478, -87.9543, -1727.88
3.16407, -17.604, -1642.2
4.26563, -303.606, -1074.46
4.2497, 1557.79, 1927.87
7.41084, 1228.66, -273.714
5.25961, 284.74, -700.961
4.99918, 77.642, -1440.79
3.58531, -1662.64, 857.798
4.37311, -505.19, -1257.67
6.78251, -1288.23, -913.986
6.45578, 1600.31, -1053.5
3.9204, -1030.85, 1801.2
5.07645, 872.183, 231.777
6.79238, -528.108, 0.399993
7.07844, -1782.57, -363.366
7.48941, 259.913, 1781.69
6.53177, 301.225, -353.57
5.22718, -1811.88, -336.414
7.3461, 315.064, -1418.49
5.31931, -1161.09, 727.256
4.03031, -886.27, 1292.36
5.41853, 1838.35, 1818.93
2.91197, 116.564, -612.065
5.47382, 682.609, 1215.66
3.31968, -1161.98, -1168.82
6.46527, -1306.88, -918.771
2.95373, 1193.18, 1400.46
6.3072, -990.69, -1359.71
6.83996, -546.433, 1.06169
6.40105, 342.804, -669.186
6.61399, 1820.77, 1848.7
6.70974, 738.345, 1090.54
4.48328, 962.63, 527.754
6.508, -292.776, 340.506
6.56811, 746.568, -80.4332
5.43493, -808.012, 188.677
4.64621, 1549.12, -65.5222
2.5002, -69.8027, -887.021
5.31153, -1607.37, 648.848
6.22632, 713.719, 674.447
3.89846, 1829.31, 558.288
2.93406, -1910.2, 1118.53
3.5733, 1707.07, -1742.99
3.93296, -954.962, 1169.48
4.86595, -771.93, 922.961
6.95893, 1677.66, 1640.91
5.91955, 1022.89, -988.298
3.54376, -44.6846, -189.347
6.67533, 1559.79, 2.95157
7.09218, 1817.48, 1769.45
4.48244, -976.619, -1366.1
6.37858, 1095.27, 1066.63
5.68161, -260.639, -184.105
6.64746, 963.652, 506.749
3.40204, 1083.16, -938.576
7.45927, 1104.16, -1467.79
6.70558, -298.659, -1646.36
4.65177, 1746.77, 508.445
4.38589, 1189.61, 1732.11
2.70802, 1263.4, -996.641
6.80715, -1526.42, -1058.33
6.62116, 1790.03, -1784.73
6.25052, 66.2339, 1452.75
3.55801, -336.661, 1908.78
4.31029, -1567.52, -367.544
4.43545, -1184.82, -1533.68
7.32918, 1588.86, 1282.96
6.5872, -285.136, 1333.27
4.5755, -149.945, 884.354
5.83759, 383.674, 316.142
2.52101, 979.914, 1879.28
6.98048, -1441.4, 428.077
3.68416, -706.555, 713.335
3.79415, 695.651, -189.116
5.4939, 766.165, -1397.18
6.89823, -1660.17, 752.146
6.16299, -1132.12, -1163.39
6.0773, 1748.45, 1132.44
3.57724, -1188.76, 965.537
6.30413, 1366.05, -1891.03
3.85351, -370.942, -1046.62
2.75246, 1298.86, 638.711
4.78866, 586.852, 514.389
2.58759, 864.173, -1511.72
3.01129, 96.5376, -405.566
2.639, -291.972, 577.554
5.65921, -706.53, -1067.28
6.34425, 134.165, -484.52
2.74132, 1072.31, -1649.5
6.6924, -57.9994, -1249.07
6.76899, -496.962, -563.824
6.57649, -967.308, 1158.04
6.85188, 1577.4, 780.999
5.27222, -1241.83, -295.216
6.12646, -529.295, 45.2099
3.20424, -996.303, 1799.27
6.6115, 1156.31, -1024.27
5.51185, 1420.96, -379.987
4.93856, 983.568, -1796.29
6.14942, -558.405, 1793.58
4.05164, 1511.25, -1322.04
3.93925, -1402.71, 680.203
5.45857, -1844.91, 1533.89
5.34055, 1234.6, 1690.01
5.41059, -1861.43, -1119.41
2.84132, -1346.93, 585.852
4.34304, 285.259, -726.257
6.28475, -1876.23, -1115.91
6.35297, -900.271, -1718.03
4.27217, -786.512, -531.249
5.98913, 445.364, 1818.11
5.08005, -1314.15, -603.393
5.94494, 719.389, 300.618
6.18066, -161.636, 1243.64
2.56231, -666.797, -1319.27
7.16549, 1286.22, -307.465
5.37826, 260.664, 216.356
3.05587, 950.987, 1936.45
4.87388, -190.97, 57.1987
3.24247, 475.604, 172.716
4.22594, 95.1555, 877.791
7.04476, -1790.49, 289.852
4.54571, 11.0339, 1068.6
5.96642, -1353.81, -144.655
3.35865, 731.352, -1776.12
6.21715, 1752.59, -980.807
4.16319, -855.597, 1318.41
4.62157, 1290.6, 643.54
2.79523, -335.461, -175.933
5.09005, 553.99, -424.767
5.94425, 920.824, -1142.87
5.01149, -567.798, -29.1083
6.56617, -351.771, -1476.52
3.07974, 183.452, -1824.68
5.24841, 572.949, 925.157
5.06046, 756.758, 38.6392
6.02649, 1873.54, 916.339
5.65083, -508.945, 1748.97
4.0207, -73.4909, -1290.3
6.74719, 808.375, 705.548
3.39619, 1247.35, -59.2256
2.61737, -1024.8, -195.594
4.19467, 1400.75, 85.8088
3.43818, 729.946, -251.075
6.60467, -574.234, 322.283
6.72507, -1814.1, -366.11
6.78031, 1674.47, -1397.69
7.37454, -1858.51, 1282.37
2.99587, 870.784, -878.687
2.56182, 1132.3, 1284.2
2.58614, 449.283, 1119.22
2.64527, 461.632, 205.205
4.1031, 292.016, -730.855
6.17815, 1231.67, 591.228
3.14876, 722.143, 929.72
2.5161, -747.483, 984.737
6.91905, 293.181, -1587.67
3.70482, 413.142, -1101.85
4.38481, -1643.89, 1503.69
4.44879, 1302.13, 257.888
2.81534, 1211.36, 580.095
7.30792, 376.04, 1830.19
3.75349, 1421.7, -701.699
6.85376, -1360.29, -163.165
2.85991, -1794.92, 791.931
2.70653, -1186.48, 1155.65
3.46378, 664.017, -1054.99
3.86708, -604.983, 608.61
7.4007, -1882.55, -718.324
3.60607, 677.393, -1013.42
6.43119, -1735.73, 1679.76
4.42306, 561.82, -822.982
3.78593, 931.324, -1259.2
3.91087, -1819.38, 108.755
7.33834, 1774.71, -111.507
4.22841, 1453.61, 310.712
3.45922, -1901.62, 1459.59
5.05037, -1092.5, -741.04
5.21857, -1087.14, 1235.78
5.72333, -1317.54, -1186.45
3.89738, 23.3027, 1573.59
3.41887, -601.107, -1392.61
2.71579, -1687.38, 740.324
3.98408, -932.219, -483.055
4.25548, -460.024, 267.936
7.09372, -841.612, 1341.15
5.81225, 1000.59, -710.988
5.08041, 1731.87, 1142.91
4.03763, 1184.82, 1132.56
3.0007, -676.169, 294.48
3.47502, 739.789, -1770.33
4.11407, 81.1904, -212.885
5.56182, 1849.75, 180.801
5.13511, 1889.1, -1926.33
3.45653, 596.031, 533.811
4.7178, -1250.44, -881.967
4.48693, -1368.8, 1649.11
6.28051, -1190.17, 1490.36
6.6213, 1457.14, 1205.53
5.51573, 285.732, -747.378
3.04573, 1186.87, -1603.72
4.11797, 949.554, -330.055
5.03403, 34.1377, 621.525
4.76521, -1319.49, 1601.31
4.77315, -351.611, -906.315
4.91125, 1818.4, 1826.18
5.07896, 727.44, -1297.6
4.50207, 369.252, 1596.13
4.22945, 1915.11, 896.671
6.64533, 1817.86, -434.981
3.02204, -1421.34, -1541.7
6.40057, 1096.89, 1056.21
3.19919, -587.207, -469.23
2.62171, -1568.04, -1043.65
6.0664, 794.738, -1417.54
7.15538, 276.023, -1605.34
7.47667, 427.869, 344.168
3.86264, -1753.48, 306.963
3.6923, -1028.6, -510.284
3.87328, 1865.79, 1222.68
5.70836, -1780.78, -1471.06
5.17637, 598.708, 255.64
6.8967, 1605.59, -585.978
6.75968, -1286.89, -1604.68
2.98004, 1692.98, -152.789
4.66818, -1469.84, 471.833
3.17045, -366.627, -1477.71
5.86802, -348.827, 620.452
5.34964, -69.8528, -877.148
3.66474, -1147.14, 1152.64
5.50306, 517.407, -1341.06
2.6551, -1553.31, -38.127
7.08512, 1098.74, -579.256
3.82958, 1706.72, -358.54
6.50016, -347.449, -1043.25
5.46389, 242.268, -1475.65
5.0822, 690.36, 1218.26
5.2567, 722.821, 1219.24
3.47225, 930.834, -466.689
5.36152, 295.874, -1446.78
3.81992, 374.127, 780.953
4.41648, -1548.34, 1064.3
2.73626, -1508.58, -1751.48
4.22823, 1149.89, -1353.65
3.61594, 1276.37, -871.177
3.81264, 24.4695, -1424.39
3.05141, -834.581, -845.001
7.40088, -1385.6, -3.34651
5.93794, 1559.09, 1266.19
5.82158, -1092.6, -743.607
5.99501, -1173.84, -1341.14
2.68746, -1655.89, -1504.46
3.6706, -1281.91, -1503.18
3.95397, 1471.99, 1359.79
3.50543, 16.1887, -414.279
2.7177, 669.143, 614.253
2.56571, -1084.55, 1097.9
6.07297, -1020.1, 1531.31
6.88348, -1706.61, -1205.21
5.35088, -1755.56, 617.646
6.92743, 1712.17, 1675.05
5.20042, -726.095, -545.673
3.31357, 1798.4, -1246.81
3.30492, 1908.56, 876.772
7.19182, 598.016, 543.107
3.45628, 1063.63, -1647.06
3.15761, -13.0781, -233.301
4.41122, -479.426, 22.1591
6.12674, 538.916, -458.955
2.50651, 1094.75, 1700.32
4.60222, 31.1315, 1443.93
5.18984, 532.289, -467.344
4.86596, -466.124, 481.041
6.33003, 1095.41, 1705.44
2.9396, 1088.59, -929.663
7.04284, 291.43, 653.824
3.20818, -1672.2, -814.486
2.54782, 756.531, -85.832
2.82267, 514.863, 947.781
4.96742, 753.297, 441.241
5.40914, 1044.28, 1929.98
4.03373, -1853.72, 1081.19
4.57091, 1731.11, -105.024
4.33401, -1195.29, -1317.58
3.42687, 305.064, 1306.06
2.76788, 1218.09, 318.925
4.47222, 1041.59, -121.824
3.98388, -689.82, -251.614
5.05388, -781.024, 1621.8
3.75392, -1462.66, 473.095
5.01589, 1834.76, 1824.6
2.51168, 15.0961, 1563.28
7.01807, 1914.83, -886.441
2.79181, -1847.57, -1866.88
5.17506, -1260.23, 1579.77
3.95754, -763.757, 1683.87
7.3023, -1590.26, -517.747
4.73406, 677.101, -215.858
5.08479, 1731.68, 349.635
5.93861, -484.208, 58.0817
2.72187, -318.402, 127.529
7.2946, -1570.91, 1195.67
5.70852, 746.948, 287.979
2.80215, 1193.95, -1513.22
3.33964, 130.109, 528.863
5.76491, 979.096, -453.358
6.19864, -1540.56, 662.025
3.57011, 1679.09, 429.581
4.31441, 287.245, -1652.93
6.56981, -1289.62, 1835.59
5.32057, 1617.78, -917.518
7.45886, -95.9702, -1711.56
6.5669, -1525.21, 753.55
3.49157, -1935.08, -39.4543
2.50003, -277.484, -1638.19
4.62608, 1799.22, -1453.19
4.07406, 1658.13, 403.456
5.56218, 1203.31, -1827.69
3.83351, -353.665, -1060.36
4.39881, -1183.76, -139.071
5.43397, 1841.89, 583
5.95636, -252.205, -929.566
7.26736, -877.924, -1116.82
4.89785, -589.788, -1854.52
3.60319, 800.419, -1426.56
5.33741, -1401.37, -934.133
6.09873, 765.104, 700.013
4.4953, -946.816, 1162.58
3.48326, -1381.19, 1906.87
6.66971, -1333.05, -1487.34
5.59561, -903.107, -1702.33
7.26866, -556.219, 366.172
3.23222, -3.09848, -441.032
5.38953, 48.5838, -896.427
7.26796, -838.882, 1402.41
3.62331, 1421.31, -1962.44
7.25137, -976.238, 1587.9
3.07874, 1554.1, -1000.4
2.58372, 21.8709, -451.263
3.90465, -674.58, -344.637
7.15042, 1256.94, 314.899
3.04796, 1533.86, 1730.76
6.77266, 22.1801, 1559.12
5.68532, -1422.83, -1441.59
5.63853, 782.73, -1401.99
3.80589, 1441.72, 1397.06
5.13936, -1870.8, 439.306
7.16608, -479.127, 1742.28
3.98055, 1800.34, 236.227
4.78006, 356.479, 817.133
6.35659, -1328, -1177.83
4.17193, 261.078, 242.476
6.31775, -85.512, -1760.93
6.65892, -58.2369, 1861.23
2.64618, -1446.19, 1125.19
4.31315, 1407.59, -523.637
4.16221, 532.378, 952.404
3.17675, -1003.74, -477.232
3.00839, -596.149, 1238.09
5.11327, -1182.25, 1584.46
3.52046, 62.6724, -1033.01
5.00728, -1716.89, -1204.25
5.1371, -26.279, 1908.57
4.13422, -532.154, -590.62
4.75888, 465.385, -844.818
6.85263, -50.0215, 1850.78
4.72884, 1232.18, 1684.86
6.03726, -906.031, -1758.28
6.83171, 1773.43, -1374.6
6.5822, 1666.12, 420.239
2.67504, 1692.01, 1690.92
3.8644, -1268.09, -491.781
5.21858, -832.703, -850.025
3.19942, -1798.13, -1132.93
5.57408, -1482.6, -1813.68
3.29182, -1214.12, -1219.36
4.41129, 209.448, 434.398
5.94997, -193.318, 370.273
3.21128, -808.632, 953.443
5.65284, -1565.37, 1538.38
3.15973, 333.385, 1854.03
7.13583, -1443.05, 445.307
5.53465, -1853.47, 1577.56
5.50388, -1816, 740.839
3.33635, 1162.14, -1022.4
3.301, -1699.78, -795.622
5.91628, 1197.33, -46.9844
5.1456, -1368.39, -3.9935
3.65264, -262.829, 1519.23
6.55373, -994.009, -113.44
5.76477, -828.433, -1099.68
4.08597, -1183.76, -1178.99
2.53953, -509.915, -1597.84
3.49176, 1441.68, 1425.36
3.78831, 3.5371, 752.911
3.03825, 1735.91, 78.9792
3.49545, 220.212, -834.672
6.75079, 1606.62, -1533.64
6.63912, -1839.47, 397.341
6.76813, -1898.52, -1079.37
5.71027, 598.291, 1548.75
3.6787, 1418.09, -1967.77
6.80638, -1006.57, -1573.19
5.4745, 56.4514, -232.257
2.52745, 1026.79, -106.811
6.84925, -1285.85, -912.503
7.37729, 1275, 218.333
5.59653, 736.615, 47.958
3.85574, -1795.19, 731.125
7.46973, -350.332, -1207.12
4.60751, -1386.09, -1031.47
4.20537, -1571.87, -1214.23
4.80717, 703.351, -214.366
4.44822, 508.668, -805.094
4.613, -67.4097, 1023.05
2.84879, 253.043, 601.113
5.5153, -73.4646, -234.857
7.36114, -100.475, 437.351
5.07406, -1417.31, -1020.67
7.45461, 1856.77, -268.469
5.84906, 1232.78, -251.13
4.01716, -1203.18, 126.812
3.47371, 1686.39, 1165.59
4.0109, -1450.35, -1819.58
4.93946, -681.29, 910.318
4.72438, 1031.58, 1907.23
5.7844, 660.141, -1822.86
3.74227, -1503.08, -1379.3
4.72007, 102.854, 1095.67
5.75894, -1390.18, 42.2283
6.67472, -1441.27, 453.199
6.03698, 383.864, 1624.72
4.93928, -1697.4, -1251.52
6.72039, 786.421, -449.974
7.00296, -1025.89, -398.856
6.33082, -1322.94, -1009.64
5.29453, 1301.59, 1755.21
2.70603, -18.7496, 125.217
5.46749, 1112.85, 143.118
2.68674, -1270.48, 1598.47
4.53488, 116.082, 852.955
2.84243, -1906.52, -1741.36
7.38558, -1522.56, -1809.27
2.5956, -973.592, -535.735
6.60363, -332.162, -535.062
5.2195, -750.255, 1686.91
5.72828, 1538.74, -680.856
3.62934, -505.988, 34.6947
2.733, 1730.02, -1430.41
3.63154, 408.036, -1071.37
4.58371, -1268.3, 263.24
6.40126, 519.16, -1240.28
3.72852, -1848.31, 711.01
4.81411, 1258.9, 269.391
6.14756, 1871.13, 577.94
5.35237, -669.422, 1604.12
5.45997, 1839.63, 1819.13
4.98425, -1806.41, 552.174
3.951, 905.216, 293.523
4.71107, -18.1281, -491.927
2.53669, 1681.22, -803.21
7.41683, 976.848, -702.771
2.52822, -1541.78, -387.397
4.8676, -221.264, 1500.94
5.86497, -639.554, -254.665
