6.27803, -1470.66, -1977.63
3.5948, 115.193, -191.972
5.89648, 724.078, -1802.16
5.09708, -488.103, 1768.52
2.76731, -1873.76, 1304.2
2.53849, 694.37, 93.9282
4.58743, -1701.38, -463.773
7.15218, 358.07, 757.285
2.95982, 98.6263, 1383.67
6.00595, -318.617, 636.619
3.81226, 1062.75, 1627.03
4.14117, 942.719, -1797.5
7.45519, 1019.26, 515.051
7.41275, -993.548, -518.693
5.75759, 1004.2, 883.883
6.92354, 523.601, -1695.6
6.33247, -240.533, -900.731
3.87453, -1008.86, -111.471
4.93259, -1355.36, -585.353
2.80282, 1644.65, 1561.86
5.08146, 12.0806, 1599.56
4.96988, 1928.8, -727.515
7.23882, -1623.79, -938.926
4.42071, -22.7342, -1684.3
5.14874, 1642.38, -902.367
2.75042, 1733.32, -109.788
6.63909, 1091.67, 1083.22
5.94228, -1910.95, -1487.49
6.18112, 517.585, 1467.92
6.94286, 1959.08, 899.058
4.25508, -751.439, -1072.65
6.72991, 365.352, 51.3067
3.84659, 1324.41, -324.769
4.83959, 138.731, -359.31
3.2686, -1299.56, -882.707
2.66527, 1235.6, 281.555
7.2768, -21.867, 157.53
6.95369, 221.601, 983.79
3.29884, 1352.09, 491.198
3.15214, 856.516, -1142.23
2.515, -906.328, -1629.29
6.0491, -1874.96, -350.301
3.40448, -1005.97, 1723.08
5.76029, 1542.26, -718.017
4.42907, 735.517, -1395.73
3.23766, -21.8357, -468.611
5.45054, 1349.77, 341.411
3.24076, 265.222, 1818.94
3.2091, -361.207, 1919.38
4.94257, -981.501, 251.076
3.13015, 1781.54, -131.313
5.64635, -711.741, -1188.81
5.60817, 598.234, -1479.49
4.88216, -992.732, 1198.01
2.64188, -1121.99, -468.584
3.21011, -265.946, 1608.63
3.15594, -364.272, 1773.56
3.31099, -1655.6, 1508.84
3.76529, -534.6, -1697.3
4.77654, 1164.6, -1488.44
6.54472, -187.345, -597.928
3.57624, 603.394, 1709.07
3.75063, 1634.33, 731.885
5.02978, -117.432, 1438.93
6.27922, 1265.38, 341.428
5.66369, 1813.45, -133.903
5.9449, 1239.85, -275.519
7.27207, 1932.26, 826.373
5.18713, -829.695, 1439.56
4.57014, -1563, 65.7474
4.70019, 1500.76, 315.946
6.07821, 1468.55, 915.664
6.20858, 810.661, 1189.92
5.12494, 1538.71, -1915
6.06711, -1724.77, -150.075
5.91025, 665.777, -42.5891
6.82941, 1661.04, -1194.48
3.19597, 165.571, 1542.45
3.57766, 1929.65, -204.986
5.0733, -722.514, -229.348
4.83766, -222.486, 1480.21
3.55759, -529.441, 1219.96
5.65244, -1385.58, 1944.59
2.5044, -1922.04, 402.287
4.09589, 902.191, 1084.53
5.90281, 726.147, -290.741
6.0446, 1337.32, -1170.48
2.90869, -1613.09, 1305.24
3.56926, 517.512, 1047.25
4.44412, -1663.11, -1140.17
4.44927, 1812.8, 1806.09
3.92018, 762.391, -921.069
4.6123, 1123.81, 1096.79
2.55658, -1222.35, -874.317
3.72027, 1867.31, -1241.08
4.49072, -1429.51, 1312.13
6.64177, -1297.85, 401.469
3.78584, 1942.24, -1381.58
3.59705, -1600.91, -1078.65
6.47385, 776.251, 536.213
5.8476, 999.728, 781.821
5.49108, -1775.4, 571.363
5.99917, -731.819, -1077.64
5.13062, 1057.05, -1516
4.14833, 358.637, 203.207
3.30844, -1430.92, 800.014
6.56633, 1432.17, -54.5351
4.08004, 965.893, 227.976
4.05369, 102.118, -1475.11
4.65424, 64.6642, 317.122
4.46509, -503.477, -960.74
4.43916, -106.429, -264.444
4.34871, -1665.72, -890.316
5.88118, 685.25, -990.073
6.10384, 897.999, 56.7756
7.20082, -138.946, 1781.86
5.08573, -159.591, -716.927
5.5282, -383.583, 646.67
5.85049, -1381.5, 1968.44
5.11404, 156.826, -610.935
3.87105, -1895.33, 1286.97
7.08924, 193.709, 568.678
3.73367, 1858.61, -917.355
4.77876, 762.563, 1358.98
3.30374, -1893.84, 1267.33
4.68319, 821.862, 809.477
7.45767, 982.791, 357.785
6.26931, -874.786, 780.99
4.97846, -1960.5, -1306.79
7.01651, -1306.28, -1666.1
4.68213, 983.483, 1115.72
5.09239, 334.297, -1955.31
4.44866, 176.8, -1713.65
5.63431, -437.833, -1135.88
5.19331, 823.229, 636.646
4.35955, 1266.39, -874.742
2.54674, -748.039, 736.612
6.3794, 80.3449, -1569.58
2.85317, -1769.88, -1125.97
3.98511, 885.111, -1359.73
4.78581, -79.7451, -1781.81
3.25156, -208.975, 77.0428
5.97819, 1344.84, -867.627
4.15587, 730.501, 306.95
5.21197, 1935.2, -1753.54
2.64678, 1452.2, -1919.93
5.38086, -44.9933, -470.458
5.18133, 731.774, 944.694
7.36678, -1525.03, -1846.16
5.57063, -598.379, -1230.29
5.26431, -1483.84, 407.53
6.69051, -528.41, 1806.05
3.75764, -1001.21, 1848.39
6.98957, 1254.89, -259.443
5.97428, 1007.27, -992.426
5.82752, -947.001, -188.916
3.06838, -1154.54, -1554.41
3.37987, -1949.95, 191.604
2.91253, -272.83, 382.562
6.68103, -488.598, 736.268
2.64818, 1897.7, -1566.23
6.34719, -15.4301, -1680.51
4.29829, -1021.73, 1733.27
6.24626, 14.1178, 1059.06
6.28385, 730.469, 676.562
3.60834, -1073.13, -1836.72
5.58305, 609.837, 261.831
3.66846, -1099.22, -496.534
6.22052, -1341.81, 601.558
5.80997, -1813.22, -1371.03
4.9209, 1836.89, -1496.12
2.58972, 1656.87, 468.965
4.98291, 895.22, 400.871
5.09587, -209.369, -1761.7
4.71395, -1729.94, 1068.79
4.14528, -115.841, 1886.18
3.52671, 966.434, -212.374
7.19863, -481.382, -1290.07
2.85168, -977.448, 1864.14
3.30042, 102.652, -1472.42
6.70788, -1565.81, 60.2514
4.13614, -332.351, -554.75
6.85942, 335.173, 856.004
5.99896, 1338.43, 1030.57
5.52801, 1734.98, -436.768
4.77536, 163.399, -497.561
2.91543, -1004.94, -381.228
3.94883, -117.042, -261.204
6.51009, -1153.04, -1563.85
6.81821, 682.558, 106.95
3.81831, 838.515, -1018.66
4.79881, -1668.21, -474.701
4.95672, 1228.8, -1057.06
5.82344, -933.386, -1968.18
7.31738, -1256.5, -328.895
7.23022, 1145.11, -1489.46
2.81902, 425.681, -1310.31
5.04829, -860.798, -595.79
6.13222, 1332.73, 1338.35
5.65882, 1192.94, -673.167
3.26658, -1826.03, -1815.92
5.09652, -1734.4, 1061.3
3.52281, -1107.11, 1701.23
6.03231, 801.799, -1639.47
6.05786, -943.063, -43.2651
3.66304, -1116.35, -484.358
6.80594, -102.476, -249.102
2.67122, -214.999, 1890.34
6.26587, -1873.09, 122.572
4.14789, 1274.86, 329.035
4.65309, 138.142, -1061.83
7.33455, 1920.14, -390.088
4.05803, 1459.31, 1384.29
5.69762, 1955.18, -1394.04
5.95386, 1752.22, -120.718
5.36403, 147.502, 1251.89
6.60667, 1788.62, -1374.53
4.21807, -1788.84, -1348.29
5.09387, -1633.04, -1539.15
6.78438, 243.556, -1892
6.18587, 666.511, 97.2641
3.45992, -1834.71, 757.122
2.83145, -615.916, 676.849
3.60828, 1690.3, -1430.37
3.33656, 336.618, -457.228
6.31172, 758.461, -1846.61
5.44905, -1681.86, 840.298
4.65223, 1729.05, 1725.1
7.09618, 1315.61, 24.7322
5.09668, 887.116, 367.228
7.38058, -1361.7, -49.4634
5.15714, -904.764, 289.672
2.98716, 668.891, 774.263
5.83983, 426.856, 200.268
5.44444, 279.257, -53.9655
5.01137, -1391.59, -253.851
2.75808, -1853.91, 911.771
2.6753, -700.659, 75.835
4.41484, -1580.47, -1048.09
5.55555, 368.855, 199.475
5.06574, 1094.42, 1725.3
5.98498, 611.682, -51.8944
4.89891, -46.9597, -372.952
3.88323, 135.991, 846.379
6.01685, -876.82, 414.275
3.67701, 1745.91, 107.807
6.41501, 346.236, -367.803
6.60589, 715.332, 1664.47
3.21842, -1060.26, 102.907
5.75757, -972.188, 1621.53
3.87677, 1733.81, -1961.57
7.26215, -832.87, 1440.11
4.58238, -1497.54, 29.2196
3.03869, -252.477, 802.307
4.70633, -1591.38, 1061.27
6.28811, -842.848, -597.544
2.77803, -677.622, -632.263
3.51241, -52.0811, 285.632
6.82305, 1873.66, -1533.87
6.52456, -530.811, -8.35933
2.78861, -1354.78, -1339.39
4.40304, -130.754, -1404.06
4.56124, -278.138, 1523.44
2.80071, -758.407, 604.839
7.09746, 1597.79, 1284.85
3.35398, 1068.22, 1616.44
6.51634, -1857.53, 339.469
3.88599, 1460.35, 99.974
4.44586, 342.943, 1474.93
7.19936, 111.934, 1246.89
6.24573, 328.28, -343.898
3.44774, -653.29, 1515.3
6.89581, 867.719, 967.282
6.8953, 829.12, -1690.9
3.30515, -1620.51, -518.563
5.87346, -1602.59, -328.854
6.89096, 1258.83, 256.687
6.98262, 485.429, 1048.1
3.06535, -45.3793, 1503.77
5.93789, -481.162, -516.279
3.21651, -1626.88, -1548.83
3.6901, 822.465, -89.2163
5.64383, 1881.3, -437.269
4.312, 1634.4, 729.16
4.64437, 1176.17, 1434.18
4.91936, -15.7829, -1682.83
6.20379, -9.33997, -223.169
3.23098, -747.074, 1738.23
7.36238, -1666.6, -1528.7
7.3158, -1015.15, -371.853
3.14741, -1196.2, 1325.04
5.3784, -630.874, -1212.77
4.66439, 338.554, -254.515
5.50066, -459.354, -494.855
5.85098, -1386.09, -225.345
4.5137, 793.99, 1968.11
6.46691, 1283.05, 1379.99
4.89889, -1942.03, -499.322
5.72449, 607.095, 550.434
4.28836, -496.138, 1201.91
5.96794, -658.43, -440.822
5.83428, -832.831, -1388.08
3.22071, -790.72, 1424.6
7.10415, -1953.89, 438.313
4.22228, 61.1988, -472.126
6.66824, -824.043, -935.663
2.74349, 545.516, -1485.97
3.27936, -509.531, -126.088
2.55765, 660.826, 1010.9
3.94327, 239.706, 1175.09
5.07295, -687.839, -346.486
3.65948, 1361.83, 873.846
2.75022, -484.211, -158.543
5.33091, -1192.89, -1678.1
6.69774, -299.743, 1342.58
4.28763, -1285.08, -856.392
4.3452, 331.333, 1735.71
7.22226, 514.004, -145.394
4.72425, -1816.67, -351.804
6.82086, 985.376, 347.056
5.82654, -1573.72, -1468.01
5.79297, 340.384, 1328.05
7.10736, -1914.45, 1918.19
5.11536, 1915.82, -1242.71
5.45229, 877.609, -883.283
5.79944, 1335.83, 1306.8
4.24765, 543.745, 933.041
4.11714, 690.697, 98.2338
7.08984, -207.612, 1468.97
3.08619, 1809.74, -889.364
7.31268, 1332.13, -330.226
5.17978, 111.207, -651.514
5.81447, 1694.15, 1264.7
5.48362, 1803.18, -1015.43
6.93363, -1012.83, -1485.18
6.67999, -1304.39, -1220.39
6.69339, 494.33, 402.77
6.85642, -418.423, 671.293
2.5002, -1539.64, 680.155
4.77274, 520.587, 696.28
4.25696, -1855.58, 340.055
5.80713, -514.534, 1413.73
6.22234, -1758.96, 306.435
3.3821, -258.378, -928.709
7.4621, 1589.2, -1615.62
5.95466, -1854.32, 323.939
6.97862, 289.861, -23.5737
3.51579, 730.761, -285.898
7.2356, -921.929, -70.8914
4.88476, 1763.36, -1016.31
6.78578, 1830.3, -1493.63
6.41237, -1952.82, -1096.78
5.70687, 1808.41, -1815.97
3.14521, -1443.74, 301.277
5.77944, 10.1593, 1302.2
3.09199, 107.181, 16.063
3.88793, 663.393, 1601.32
6.65548, -455.729, -453.253
6.14153, -1499.89, -1024.77
6.74348, -1197.13, 590.463
3.43989, -1520.63, -1845.47
6.09602, 1112.53, -562.734
4.25586, 311.465, 662.686
3.34555, -834.422, -1400.35
4.52383, 654.944, -1069.01
4.20924, 319.868, 1533.86
6.67141, 757.521, -254.357
3.9111, 1395.57, 1169.06
5.16766, -1355.48, -964.475
6.25085, 1973.66, -1702.28
4.62554, -1370.56, -1512.69
4.66964, -1125.52, 1099.71
3.03022, 1712.03, -1858.89
6.4639, -93.703, -929.778
3.91232, -1151.93, -961.284
7.14264, -1180.52, -468.072
5.37926, 509.447, 1023.12
3.4895, 1658.54, -590.938
5.99081, 1144.79, -1476.69
3.07265, 988.301, -1903.96
4.22945, 598.054, 1563.75
4.15646, -1166.55, -476.135
6.42735, 1655.51, -1914.76
6.65775, 917.788, -424.535
4.21712, -1476.11, 1507.6
4.2603, -556.935, 1805.64
6.38197, 302.751, -1621.2
6.58658, -22.1735, 1374.49
4.26157, -265.417, 565.574
7.09559, -821.802, -606.732
3.2877, 998.244, 514.814
5.56029, -977.888, 1141.63
5.54222, -791.197, 1425.13
3.16647, -500.886, -1482.21
3.51409, -1482.65, -961.755
4.79457, -1709.18, 1003.72
3.48759, -1040.17, 1862.75
6.77118, -1695.89, 758.523
6.54562, -1519.99, -1375.94
2.80131, -1804.88, 1763.01
6.50584, -1443.29, 1285.03
5.49597, -395.098, -1083.72
7.43182, -1775.39, 600.387
2.65919, -325.935, 1276.72
6.8356, 1867.72, -1528.31
3.69109, 1327.36, 687.246
3.6127, 319.759, 856.937
4.73907, -1931.31, -1109.7
2.61231, 1719.24, -349.89
6.79755, -520.764, 4.46812
4.15902, 436.534, 1163.88
5.72195, 606.032, 513.718
7.43521, -1880.36, -970.372
5.30162, 569.055, -1164.39
4.74553, -1514.04, -492.871
5.213, 320.57, -1444.9
2.90797, 1546.47, -65.9538
3.99606, -1626.64, -561.3
6.63964, 1631.05, 1338.88
6.48936, 1246.86, 1860.5
5.71048, -209.174, 1360.24
4.84105, 1258.02, 766.817
7.15326, -402.903, -1208.68
5.08798, -486.478, -133.117
7.42924, 1591.52, -1057.37
5.94567, -152.266, -1434.21
6.19966, -356.117, -922.539
3.46323, -786.791, -1857.52
6.08881, -915.979, 1234.04
6.11146, 1139.74, -355.002
6.49298, 535.696, 306.214
4.23216, 509.495, -1982.04
5.1481, -32.7866, -133.282
3.19001, 1432.89, -712.696
6.73218, -448.004, -445.79
6.32766, -159.525, -1758.13
7.5, 1849.63, -853.05
4.24891, 962.097, 1962.92
5.50367, -1197.92, 1171.81
3.50808, -990.463, 162.8
6.2385, 64.889, 318.549
6.49225, 1939.35, 433.462
3.03505, -1409.12, 217.391
5.35813, -1013.85, 93.7076
2.84683, 731.169, -696.118
4.16036, 1463, 1380.57
5.80945, 967.762, -1411.45
5.27726, 341.622, -363.679
7.12415, 457.54, -23.1468
2.69832, -965.377, 447.546
2.62083, -616.95, 474.44
4.61923, 445.157, -1307.88
4.36987, 922.888, 267.736
2.93303, -451.938, -462.664
3.05403, -313.584, 340.803
5.31992, 724.664, -682.351
7.37269, 112.095, 1477.78
3.05066, -85.6173, -1785.52
5.99352, 198.243, 1948.79
2.79674, -102.592, -1472.71
4.69755, 1668.75, -209.689
5.24651, 1974.73, 1427.85
3.45129, 1377.21, -1495.26
7.36597, 634.886, 648.038
3.19593, -1363.45, -110.797
5.48978, 1851.53, -855.973
7.12812, -1740.04, 1407.08
3.91116, -159.107, 1764.65
6.8307, -297.227, -176.359
6.29598, -442.532, -1192.38
6.10793, 714.401, 1241.79
3.34241, -734.117, 728.149
3.32882, 1644.76, 736.268
3.39076, -1294.87, -1967.82
5.87226, 666.019, -1196.76
4.83484, -693.781, 66.5601
6.85219, -1614.45, -715.427
5.76023, -1383.51, -236.567
5.80464, 1506.89, 1745.1
2.58037, -1323.4, -1238.95
4.30596, -1546.86, -1334.57
3.72747, 1838.62, 212.452
6.93086, -1862.92, -1890.11
5.23701, 1642.03, 1557.98
6.57209, -59.2393, -1275.31
5.24453, 350.135, 1725.05
4.16156, 1011.09, -107.228
4.40213, 41.387, -1307.75
2.52389, 1853.26, 1301.9
6.95226, -179.479, -795.171
6.16955, -986.18, 1366.45
6.04239, -307.566, 1310.58
5.1278, 127.162, -365.121
6.41065, -376.479, -1621.34
3.42484, -779.944, -940.779
5.72673, 509.244, 1029.63
3.42178, -1368.11, -674.132
3.31214, 116.276, -181.612
2.65594, -364.133, 1695.74
7.42716, 262.111, -1332.77
4.04559, -658.356, -1424.04
4.11075, -1328.88, -596.602
5.51155, 566.122, -466.26
2.89107, -657.484, -1836.53
3.93936, -32.7912, 173.329
5.79307, -260.792, -978.382
7.36348, -1969.13, -699.475
7.27758, -725.958, -1582.81
7.42745, -1334.02, -604.011
7.30478, -1815.91, -1509.05
3.0073, -1115.36, 1122.47
3.71505, -255.976, -984.724
6.91151, 201.583, -859.376
5.28805, 679.479, 1389.32
6.7669, 1600.26, 1033.83
7.49145, -1071.82, 1058.47
3.99751, -487.899, -952.778
6.33157, 1923.66, 957.262
4.81901, 574.341, -292.398
6.8168, -1273.01, -1576.33
6.99018, 1714.54, 0.577843
7.377, 514.064, -827.546
2.77405, 1288.23, 213.163
6.32605, 1861.24, -1234.54
5.09219, -1858.89, 1476.77
3.46574, 1835.16, -456.257
6.98252, 403.383, -1090.65
6.38492, -1683.85, 190.284
2.75968, 827.214, 1078.1
7.47331, -1694.19, 1522.73
5.93659, -19.735, -912.98
5.94854, 1770.17, 993.014
6.57666, -1311.96, 1618.14
7.05426, -76.1242, -887.461
3.34218, -402.786, 797.354
5.24183, -1162.73, 1603.45
6.53351, -991.355, -516.15
4.17803, 669.707, -1091.19
5.53435, -215.476, 48.7053
6.59602, -1885.41, 667.699
7.3485, 162.217, -503.198
6.29349, 1159.95, 989.079
3.72113, -341.804, -182.009
5.80589, -1143.55, 801.464
4.21574, -901.415, -377.753
7.27146, 747.769, -788.501
2.60828, 1602.24, 1108.12
4.54979, -1780.62, 1884.57
2.55789, 1164.84, -1341.55
3.04964, 1667.33, 399.411
5.28259, -1661.44, 194.87
4.45466, -15.2209, -454.139
7.20539, 234.428, -365.81
2.55572, 358.74, 770.095
6.22897, -436.181, -878.243
3.84293, 213.91, 245.791
4.27153, -1343.3, -1505.4
3.45835, -899.044, 1251.72
5.14832, 588.635, -332.089
4.39478, -106.894, -1718.16
3.16407, -21.2829, -1609.37
4.26563, -261.756, -1118.27
4.2497, 1565.33, 1961.16
7.41084, 1243.36, -265.446
5.25961, 300.845, -735.614
4.99918, 30.7372, -1435.08
3.58531, -1668.12, 902.23
4.37311, -495.186, -1294.23
6.78251, -1314.08, -927.139
6.45578, 1587.1, -1046.1
3.9204, -984.163, 1846.72
5.07645, 873.025, 207.638
6.79238, -572.653, -37.0856
7.07844, -1874.83, -350.792
7.48941, 262.872, 1817.98
6.53177, 349.553, -371.52
5.22718, -1790.07, -360.571
7.3461, 309.683, -1454.93
5.31931, -1168.39, 725.239
4.03031, -842.707, 1309.8
5.41853, 1915.64, 1890.26
2.91197, 93.7734, -653.779
5.47382, 704.897, 1220.35
3.31968, -1193.95, -1182.5
6.46527, -1236.7, -869.693
2.95373, 1162.48, 1463.32
6.3072, -1007.47, -1358.59
6.83996, -463.467, 54.9153
6.40105, 375.001, -668.188
6.61399, 1816.79, 1921.54
6.70974, 743.387, 1102.42
4.48328, 1020.66, 516.472
6.508, -317.765, 336.149
6.56811, 756.902, -86.277
5.43493, -816.859, 199.156
4.64621, 1584.89, -93.5529
2.5002, -105.226, -924.976
5.31153, -1625.29, 636.525
6.22632, 678.149, 693.434
3.89846, 1924.47, 574.396
2.93406, -1958.9, 1127.5
3.5733, 1706.66, -1756.99
3.93296, -963.262, 1132.52
4.86595, -802.873, 943.211
6.95893, 1686.37, 1639.23
5.91955, 1037.39, -1012
3.54376, -91.468, -144.105
6.67533, 1581.59, 19.6005
7.09218, 1828.93, 1820.61
4.48244, -953.921, -1394.83
6.37858, 1079.77, 1046.26
5.68161, -310.684, -177.199
6.64746, 964.799, 570.142
3.40204, 1102.5, -939.693
7.45927, 1151.64, -1501.77
6.70558, -310.853, -1687.24
4.65177, 1769.87, 526.475
4.38589, 1191.66, 1768.8
2.70802, 1300.12, -1007.57
6.80715, -1587.76, -1044.58
6.62116, 1831.04, -1789.65
6.25052, 29.0465, 1459.94
3.55801, -331.162, 1969.39
4.31029, -1562.09, -382.239
4.43545, -1175.77, -1586.16
7.32918, 1585.9, 1258.48
6.5872, -322.386, 1283.68
4.5755, -161.193, 895.23
5.83759, 401.98, 356.91
2.52101, 948.98, 1957.82
6.98048, -1476.8, 497.873
3.68416, -688.244, 708.276
3.79415, 703.774, -174.68
5.4939, 806.213, -1412.87
6.89823, -1669.95, 730.965
6.16299, -1115.4, -1171.08
6.0773, 1810.06, 1138.33
3.57724, -1210.05, 962.79
6.30413, 1359.19, -1910.04
3.85351, -327.355, -1106.81
2.75246, 1324.39, 669.982
4.78866, 547.291, 492.613
2.58759, 890.1, -1547.37
3.01129, 137.651, -355.367
2.639, -268.06, 574.249
5.65921, -686.536, -1035.63
6.34425, 159.3, -503.458
2.74132, 1052.62, -1672.6
6.6924, -106.092, -1261.38
6.76899, -524.721, -623.834
6.57649, -902.298, 1152.23
6.85188, 1586.23, 805.03
5.27222, -1253.25, -313.105
6.12646, -579.15, 104.922
3.20424, -1039.22, 1833.48
6.6115, 1182.46, -1050.37
5.51185, 1456.3, -391.211
4.93856, 1010.2, -1830.65
6.14942, -570.542, 1882.25
4.05164, 1514.2, -1334.5
3.93925, -1399.45, 701.494
5.45857, -1891.26, 1604.66
5.34055, 1296.48, 1748.92
5.41059, -1865.68, -1143.08
2.84132, -1375.52, 566.432
4.34304, 301.633, -783.822
6.28475, -1855.66, -1147.44
6.35297, -895.145, -1742.39
4.27217, -787.192, -509.932
5.98913, 476.764, 1853.8
5.08005, -1342.05, -570.765
5.94494, 773.252, 270.8
6.18066, -163.39, 1234.07
2.56231, -682.458, -1342.78
7.16549, 1227.11, -262.711
5.37826, 261.098, 249.11
3.05587, 938.599, 1946.34
4.87388, -191.608, 79.6018
3.24247, 408.956, 211.467
4.22594, 101.868, 890.134
7.04476, -1859.28, 345.804
4.54571, 24.0776, 1045.5
5.96642, -1347.63, -131.773
3.35865, 757.25, -1880.71
6.21715, 1763.17, -992.351
4.16319, -852.655, 1294.02
4.62157, 1321.52, 626.227
2.79523, -277.053, -215.197
5.09005, 571.556, -460.234
5.94425, 942.509, -1158.08
5.01149, -517.467, 14.7371
6.56617, -340.31, -1496.18
3.07974, 167.852, -1865.7
5.24841, 569.246, 921.299
5.06046, 809.997, 41.2059
6.02649, 1929.98, 882.171
5.65083, -472.017, 1751.51
4.0207, -55.5601, -1301.24
6.74719, 798.693, 733.233
3.39619, 1217.93, -48.6933
2.61737, -1052.99, -199.855
4.19467, 1448.72, 95.5739
3.43818, 712.7, -198.614
6.60467, -583.09, 344.211
6.72507, -1790.12, -334.574
6.78031, 1693.88, -1432.9
7.37454, -1905.83, 1294.66
2.99587, 928.915, -893.994
2.56182, 1129.76, 1306.73
2.58614, 430.523, 1169.84
2.64527, 495.895, 194.582
4.1031, 291.563, -772.496
6.17815, 1249.98, 601.514
3.14876, 705.069, 952.261
2.5161, -738.513, 1008.09
6.91905, 280.148, -1578.31
3.70482, 457.109, -1138.01
4.38481, -1629.99, 1531.47
4.44879, 1244.49, 362.067
2.81534, 1194.13, 586.551
7.30792, 367.689, 1895.19
3.75349, 1448.89, -682.167
6.85376, -1361.17, -154.904
2.85991, -1827.84, 841.052
2.70653, -1238.51, 1130.81
3.46378, 709.982, -1043.6
3.86708, -617.107, 606.03
7.4007, -1899.14, -728.904
3.60607, 648.201, -1067.02
6.43119, -1747.71, 1704.82
4.42306, 593.672, -839.788
3.78593, 953.303, -1270.44
3.91087, -1864.51, 109.273
7.33834, 1731.64, -80.9092
4.22841, 1519.68, 333.506
3.45922, -1952.86, 1471.56
5.05037, -1095.33, -750.999
5.21857, -1109.34, 1261.44
5.72333, -1313.49, -1217.42
3.89738, -16.3855, 1585.84
3.41887, -594.131, -1428.75
2.71579, -1663.57, 770.441
3.98408, -1008.68, -533.431
4.25548, -462.215, 278.221
7.09372, -856.821, 1405.41
5.81225, 992.66, -715.871
5.08041, 1730.05, 1159.89
4.03763, 1221.19, 1166.34
3.0007, -698.988, 306.638
3.47502, 756.188, -1758.79
4.11407, 61.0886, -255.235
5.56182, 1911.21, 174.736
5.13511, 1914.49, -1958.6
3.45653, 528.298, 562.055
4.7178, -1266.61, -856.604
4.48693, -1408.05, 1695.98
6.28051, -1208.49, 1489.32
6.6213, 1469.79, 1205.15
5.51573, 285.326, -694.734
3.04573, 1212.4, -1645.8
4.11797, 968.474, -330.357
5.03403, 20.7525, 633.557
4.76521, -1301.32, 1614.17
4.77315, -360.196, -892.164
4.91125, 1859.63, 1835.15
5.07896, 735.802, -1300.98
4.50207, 404.828, 1646.02
4.22945, 1951.15, 962.88
6.64533, 1863.2, -475.053
3.02204, -1455.71, -1584.38
6.40057, 1160.23, 1123.78
3.19919, -593.536, -476.763
2.62171, -1576.81, -1043.86
6.0664, 810.047, -1493.73
7.15538, 288.997, -1654.77
7.47667, 380.938, 347.622
3.86264, -1745.18, 305.216
3.6923, -959.073, -514.949
3.87328, 1912.21, 1235.94
5.70836, -1808.49, -1459.02
5.17637, 617.384, 300.648
6.8967, 1646.56, -587.127
6.75968, -1341.44, -1657.66
2.98004, 1794.48, -90.3966
4.66818, -1480.99, 436.29
3.17045, -403.086, -1506.41
5.86802, -345.96, 612.587
5.34964, -101.432, -940.801
3.66474, -1226.37, 1148.97
5.50306, 529.614, -1370.43
2.6551, -1594.66, -52.3208
7.08512, 1131.28, -617.254
3.82958, 1722.34, -357.046
6.50016, -363.302, -1022.19
5.46389, 315.115, -1451.94
5.0822, 698.338, 1245.56
5.2567, 652.113, 1273
3.47225, 995.141, -472.196
5.36152, 259.813, -1478.94
3.81992, 418.806, 800.467
4.41648, -1533.07, 1076.51
2.73626, -1519.41, -1794.65
4.22823, 1172.82, -1346.84
3.61594, 1316.24, -854.81
3.81264, 38.3715, -1455.79
3.05141, -855.126, -810.627
7.40088, -1407.01, 32.0967
5.93794, 1611.04, 1297.59
5.82158, -1094.82, -757.49
5.99501, -1199.01, -1341.7
2.68746, -1662.76, -1527.72
3.6706, -1262.02, -1492.51
3.95397, 1467.24, 1377.51
3.50543, -54.2544, -494.945
2.7177, 708.048, 682.949
2.56571, -1046.96, 1043.88
6.07297, -1047.5, 1530.21
6.88348, -1735.36, -1242.5
5.35088, -1771.5, 548.566
6.92743, 1721.38, 1711.29
5.20042, -715.589, -556.626
3.31357, 1856.97, -1285.84
3.30492, 1900.18, 883.185
7.19182, 622.699, 568.672
3.45628, 1100.49, -1692.24
3.15761, 8.57601, -196.289
4.41122, -606.735, -17.1726
6.12674, 518.872, -516.509
2.50651, 1084.08, 1743.47
4.60222, 48.9235, 1467.84
5.18984, 598.166, -430.887
4.86596, -474.887, 491.219
6.33003, 1081.93, 1742.94
2.9396, 1112.89, -915.784
7.04284, 278.099, 644.034
3.20818, -1716.58, -805.047
2.54782, 849.457, -96.6835
2.82267, 512.257, 1042.19
4.96742, 761.232, 443.801
5.40914, 1051.77, 1939.26
4.03373, -1886.71, 1087.52
4.57091, 1786.52, -139.072
4.33401, -1156.53, -1367.73
3.42687, 342.917, 1328.35
2.76788, 1261.86, 374.083
4.47222, 1073.81, -129.407
3.98388, -693.807, -265.705
5.05388, -790.189, 1636.19
3.75392, -1410.58, 457.153
5.01589, 1909.31, 1776.48
2.51168, -8.94034, 1558.54
7.01807, 1975.05, -893.933
2.79181, -1816.57, -1885.09
5.17506, -1355.24, 1615.66
3.95754, -757.132, 1737.6
7.3023, -1604.69, -530.031
4.73406, 645.457, -217.525
5.08479, 1776.09, 338.017
5.93861, -491.501, 76.1596
2.72187, -320.672, 146.078
7.2946, -1590.13, 1209.32
5.70852, 735.784, 309.627
2.80215, 1245.54, -1551.05
3.33964, 105.102, 534.45
5.76491, 976.323, -485.231
6.19864, -1538.22, 670.105
3.57011, 1698.08, 413.393
4.31441, 308.435, -1727.04
6.56981, -1294.51, 1861.09
5.32057, 1615.81, -939.912
7.45886, -97.0512, -1755.14
6.5669, -1526.45, 785.203
3.49157, -1974.92, -44.4329
2.50003, -285.076, -1670.32
4.62608, 1860.47, -1522.98
4.07406, 1699.99, 403.243
5.56218, 1211.25, -1857.81
3.83351, -378.136, -1078.96
4.39881, -1188.31, -126.408
5.43397, 1904.08, 600.596
5.95636, -280.405, -1010.37
7.26736, -909.349, -1137.36
4.89785, -586.627, -1895.84
3.60319, 762.309, -1444.15
5.33741, -1438.43, -903.48
6.09873, 846.58, 723.437
4.4953, -990.302, 1105.17
3.48326, -1374.15, 1970.47
6.66971, -1342.18, -1524.05
5.59561, -900.098, -1726.55
7.26866, -571.888, 369.991
3.23222, -28.2365, -537.442
5.38953, 73.2761, -913.92
7.26796, -774.267, 1427.23
3.62331, 1433.5, -1973.23
7.25137, -990.955, 1590.09
3.07874, 1584.2, -1010.46
2.58372, 61.3558, -504.642
3.90465, -714.173, -331.19
7.15042, 1277.34, 349.263
3.04796, 1521.69, 1752.17
6.77266, 51.7752, 1640.23
5.68532, -1445.83, -1458.54
5.63853, 810.856, -1420.18
3.80589, 1444.64, 1479.82
5.13936, -1904.02, 425.57
7.16608, -545.588, 1786.51
3.98055, 1837.58, 224.896
4.78006, 317.895, 889.008
6.35659, -1321.03, -1207.53
4.17193, 235.093, 241.165
6.31775, -79.7877, -1859.98
6.65892, -61.0104, 1880.27
2.64618, -1449.21, 1133.7
4.31315, 1425.08, -532.371
4.16221, 555.849, 923.82
3.17675, -1029.09, -585.864
3.00839, -609.115, 1245.1
5.11327, -1214.85, 1617.9
3.52046, 61.3291, -1059.99
5.00728, -1728.59, -1245.99
5.1371, -9.95326, 1924.42
4.13422, -527.364, -586.183
4.75888, 454.716, -879.795
6.85263, -12.9831, 1939.94
4.72884, 1280.79, 1728
6.03726, -915.062, -1820.95
6.83171, 1813.93, -1395.37
6.5822, 1721, 427.58
2.67504, 1772.66, 1679.59
3.8644, -1298.09, -477.394
5.21858, -842.263, -860.283
3.19942, -1913.94, -1112.6
5.57408, -1549.03, -1864.05
3.29182, -1343.94, -1208.76
4.41129, 200.767, 440.294
5.94997, -189.639, 377.074
3.21128, -787.23, 930.352
5.65284, -1568.19, 1576.54
3.15973, 387.183, 1871.18
7.13583, -1473.77, 492.068
5.53465, -1873.04, 1567.78
5.50388, -1855.81, 761.458
3.33635, 1169.87, -1043.51
3.301, -1736.94, -793.168
5.91628, 1233.7, -54.7147
5.1456, -1412.33, -23.1191
3.65264, -277.889, 1588.5
6.55373, -1009.54, -110.621
5.76477, -837.332, -1115.92
4.08597, -1142.58, -1181.29
2.53953, -521.306, -1623.23
3.49176, 1461.4, 1456.5
3.78831, -12.1192, 761.326
3.03825, 1762.61, 77.2594
3.49545, 255.74, -856.09
6.75079, 1607.54, -1540.3
6.63912, -1939.39, 425.9
6.76813, -1931.84, -1109.36
5.71027, 580.597, 1554.8
3.6787, 1439.77, -1972.44
6.80638, -1005.56, -1608.31
5.4745, 71.0611, -212.648
2.52745, 1008.56, -71.6444
6.84925, -1314.63, -937.129
7.37729, 1296.05, 200.114
5.59653, 751.948, 31.2902
3.85574, -1863.63, 759.74
7.46973, -325.398, -1254.96
4.60751, -1436.77, -1051.3
4.20537, -1585.14, -1227.05
4.80717, 749.39, -259.027
4.44822, 523.935, -764.503
4.613, -92.7043, 1028.88
2.84879, 260.522, 581.382
5.5153, -107.13, -273.078
7.36114, -99.6289, 455.884
5.07406, -1395.01, -1061.36
7.45461, 1898.06, -274.109
5.84906, 1241.67, -261.217
4.01716, -1209.4, 137.754
3.47371, 1737.18, 1150.32
4.0109, -1425.63, -1861.43
4.93946, -672.428, 919.472
4.72438, 1064.77, 1972.2
5.7844, 643.858, -1868.61
3.74227, -1548, -1340.03
4.72007, 108.409, 1107.97
5.75894, -1385.04, 93.8382
6.67472, -1432.52, 384.669
6.03698, 384.195, 1620.72
4.93928, -1732.93, -1224.07
6.72039, 796.333, -471.228
7.00296, -1028.03, -391.847
6.33082, -1306.97, -1043.55
5.29453, 1263.6, 1706.2
2.70603, -7.16353, 139.925
5.46749, 1124.45, 133.914
2.68674, -1341.94, 1625.93
4.53488, 58.571, 873.778
2.84243, -1941.34, -1758.37
7.38558, -1541.46, -1765.45
2.5956, -1025.73, -475.074
6.60363, -309.637, -528.769
5.2195, -780.629, 1729.55
5.72828, 1575.39, -666.382
3.62934, -519.321, 83.0727
2.733, 1669.06, -1402.32
3.63154, 417.455, -1102.65
4.58371, -1267.36, 268.59
6.40126, 528.846, -1257.79
3.72852, -1845.43, 739.953
4.81411, 1300.93, 194.307
6.14756, 1854.8, 579.505
5.35237, -662.661, 1625.01
5.45997, 1864.66, 1826.81
4.98425, -1869.41, 559.091
3.951, 949.778, 238.745
4.71107, -23.0076, -475.846
2.53669, 1702.27, -794.557
7.41683, 1001.81, -719.442
2.52822, -1605.04, -322.291
4.8676, -237.25, 1495.61
5.86497, -624.04, -245.982
