6.27803, -1470.78, -1978.52
3.5948, 115.905, -191.85
5.89648, 723.7, -1802.52
5.09708, -486.726, 1768.1
2.76731, -1872.95, 1305.19
2.53849, 695.039, 92.29
4.58743, -1702.73, -463.812
7.15218, 357.96, 756.561
2.95982, 99.0015, 1383.69
6.00595, -318.44, 636.806
3.81226, 1061.98, 1627.97
4.14117, 942.773, -1797.99
7.45519, 1018.39, 515.7
7.41275, -995.533, -520.732
5.75759, 1004.56, 884.153
6.92354, 523.717, -1696.14
6.33247, -240.566, -900.489
3.87453, -1012.71, -109.566
4.93259, -1356.28, -586.478
2.80282, 1644.65, 1564.49
5.08146, 12.4101, 1600.39
4.96988, 1929.5, -727.365
7.23882, -1624.31, -938.789
4.42071, -22.7514, -1686.09
5.14874, 1642.92, -901.882
2.75042, 1733.83, -111.112
6.63909, 1091.2, 1082.91
5.94228, -1911.98, -1487.93
6.18112, 517.606, 1468.12
6.94286, 1960.78, 899.194
4.25508, -752.743, -1072.35
6.72991, 365.315, 51.3794
3.84659, 1323.84, -324.199
4.83959, 139.236, -356.417
3.2686, -1300.01, -881.192
2.66527, 1234.4, 281.798
7.2768, -21.2189, 156.722
6.95369, 221.474, 984.162
3.29884, 1352.73, 491.529
3.15214, 856.602, -1142.49
2.515, -906.141, -1629.56
6.0491, -1879.29, -350.744
3.40448, -1006.98, 1724.32
5.76029, 1542.47, -718.509
4.42907, 735.06, -1395.81
3.23766, -20.2212, -469.157
5.45054, 1351.15, 341.703
3.24076, 260.835, 1818.58
3.2091, -361.362, 1919.91
4.94257, -981.9, 251.411
3.13015, 1782.06, -131.401
5.64635, -712.184, -1189.29
5.60817, 598.523, -1480.02
4.88216, -993.383, 1198.64
2.64188, -1123.22, -468.277
3.21011, -266.418, 1608.77
3.15594, -364.047, 1774.21
3.31099, -1655.09, 1509.11
3.76529, -534.762, -1698.03
4.77654, 1165.36, -1486.73
6.54472, -187.478, -598.085
3.57624, 603.519, 1709.78
3.75063, 1633.85, 732.9
5.02978, -117.336, 1439.11
6.27922, 1265.32, 344.154
5.66369, 1814.69, -134.242
5.9449, 1243.91, -275.497
7.27207, 1932.91, 825.57
5.18713, -831.722, 1442.13
4.57014, -1562.84, 67.534
4.70019, 1500.84, 315.47
6.07821, 1468.89, 915.795
6.20858, 811.283, 1190.43
5.12494, 1538.93, -1915.34
6.06711, -1725.34, -149.942
5.91025, 666.011, -42.6463
6.82941, 1661.25, -1194.77
3.19597, 165.996, 1543.15
3.57766, 1930.75, -204.716
5.0733, -723.127, -228.77
4.83766, -223.949, 1481.82
3.55759, -529.908, 1220.25
5.65244, -1385.45, 1945.62
2.5044, -1923.47, 403.498
4.09589, 902.478, 1084.89
5.90281, 725.86, -293.019
6.0446, 1337.65, -1170.81
2.90869, -1613.44, 1305.62
3.56926, 519.668, 1049.21
4.44412, -1663.61, -1140.37
4.44927, 1811.6, 1805.9
3.92018, 762.639, -921.145
4.6123, 1124.36, 1097.28
2.55658, -1221.5, -874.505
3.72027, 1867.4, -1239.07
4.49072, -1430.07, 1311.74
6.64177, -1297.63, 401.567
3.78584, 1942.32, -1380.78
3.59705, -1601.84, -1079.11
6.47385, 776.565, 536.316
5.8476, 1000.2, 781.943
5.49108, -1775.76, 571.06
5.99917, -731.311, -1078.3
5.13062, 1056.74, -1516.58
4.14833, 359.167, 202.522
3.30844, -1430.79, 800.492
6.56633, 1432.51, -54.7005
4.08004, 965.958, 228.045
4.05369, 103.004, -1472.65
4.65424, 65.9526, 320.562
4.46509, -503.513, -960.587
4.43916, -106.168, -261.156
4.34871, -1666.57, -889.988
5.88118, 685.321, -989.798
6.10384, 898.656, 56.735
7.20082, -138.849, 1782.4
5.08573, -159.539, -716.789
5.5282, -383.913, 646.635
5.85049, -1382.32, 1969.88
5.11404, 157.243, -611.455
3.87105, -1896.39, 1285.62
7.08924, 193.335, 568.8
3.73367, 1859.5, -918.075
4.77876, 763.111, 1359.66
3.30374, -1894.42, 1268.42
4.68319, 822.239, 810.234
7.45767, 983.928, 355.846
6.26931, -875.069, 781.057
4.97846, -1961.39, -1307.13
7.01651, -1306.55, -1667.06
4.68213, 983.604, 1116.35
5.09239, 334.491, -1956.08
4.44866, 176.768, -1714.4
5.63431, -438.598, -1135.88
5.19331, 823.795, 636.608
4.35955, 1266.25, -874.909
2.54674, -748.007, 736.612
6.3794, 80.4836, -1570.19
2.85317, -1770.21, -1125.64
3.98511, 885.514, -1359.69
4.78581, -79.1201, -1782.75
3.25156, -207.674, 76.8526
5.97819, 1345.03, -867.606
4.15587, 728.828, 306.368
5.21197, 1935.68, -1754.21
2.64678, 1451.84, -1922.82
5.38086, -46.0919, -470.586
5.18133, 732.132, 944.882
7.36678, -1524.1, -1845.31
5.57063, -598.131, -1231
5.26431, -1484.64, 407.739
6.69051, -528.712, 1807.3
3.75764, -999.746, 1848.82
6.98957, 1256.53, -261.185
5.97428, 1007.76, -992.919
5.82752, -946.934, -189.076
3.06838, -1155.06, -1552.59
3.37987, -1950.97, 191.455
2.91253, -272.779, 383.176
6.68103, -489.006, 736.795
2.64818, 1896.87, -1565.85
6.34719, -13.16, -1682.66
4.29829, -1021.12, 1733.28
6.24626, 13.3403, 1060.03
6.28385, 730.566, 676.647
3.60834, -1073.31, -1837.43
5.58305, 609.852, 261.272
3.66846, -1099.08, -497.365
6.22052, -1341.57, 601.995
5.80997, -1813.94, -1371.25
4.9209, 1835.1, -1493.4
2.58972, 1656.8, 469.618
4.98291, 895.198, 401.064
5.09587, -210.403, -1762.62
4.71395, -1731.42, 1067.56
4.14528, -116.423, 1887.07
3.52671, 966.696, -212.529
7.19863, -482.638, -1291.34
2.85168, -977.203, 1864.7
3.30042, 102.333, -1475.95
6.70788, -1567.1, 59.2531
4.13614, -332.206, -554.863
6.85942, 334.058, 856.239
5.99896, 1338.74, 1030.66
5.52801, 1735.21, -437.058
4.77536, 163.31, -502.663
2.91543, -1008.08, -379.863
3.94883, -116.973, -263.838
6.51009, -1152.06, -1564.84
6.81821, 682.228, 109.143
3.81831, 838.822, -1018.91
4.79881, -1668.44, -474.508
4.95672, 1228.63, -1057.17
5.82344, -933.471, -1968.93
7.31738, -1256.6, -327.567
7.23022, 1143.81, -1487.85
2.81902, 425.967, -1310.48
5.04829, -858.993, -596.382
6.13222, 1333, 1337.79
5.65882, 1193.56, -673.538
3.26658, -1826.35, -1816.01
5.09652, -1734.11, 1063.44
3.52281, -1107.55, 1701.84
6.03231, 801.665, -1639.6
6.05786, -943.54, -42.2434
3.66304, -1118.37, -484.16
6.80594, -102.615, -249.081
2.67122, -215.277, 1891.08
6.26587, -1873.16, 121.401
4.14789, 1275.67, 328.005
4.65309, 138.466, -1062.22
7.33455, 1921.32, -389.884
4.05803, 1458.06, 1383.72
5.69762, 1956.79, -1394.72
5.95386, 1751.46, -121.129
5.36403, 148.403, 1252.29
6.60667, 1788.18, -1373.95
4.21807, -1789.49, -1348.62
5.09387, -1631.66, -1539.51
6.78438, 243.654, -1892.73
6.18587, 667.471, 96.7789
3.45992, -1837.76, 757.532
2.83145, -615.94, 677.14
3.60828, 1693.17, -1432.89
3.33656, 336.915, -458.146
6.31172, 758.862, -1847.73
5.44905, -1682.21, 840.894
4.65223, 1728.22, 1724.28
7.09618, 1315.99, 24.705
5.09668, 887.125, 367.594
7.38058, -1361.39, -48.9812
5.15714, -904.848, 289.983
2.98716, 668.848, 775.074
5.83983, 427.663, 200.019
5.44444, 279.066, -54.1649
5.01137, -1391.47, -253.562
2.75808, -1854.68, 912.319
2.6753, -700.312, 74.9494
4.41484, -1580.06, -1045.38
5.55555, 368.779, 200.247
5.06574, 1094.88, 1725.13
5.98498, 611.192, -51.9633
4.89891, -47.2061, -372.807
3.88323, 136.053, 846.175
6.01685, -876.928, 414.587
3.67701, 1746.17, 108.437
6.41501, 349.613, -365.346
6.60589, 715.76, 1665.12
3.21842, -1061.06, 103.181
5.75757, -972.26, 1621.89
3.87677, 1734.21, -1962.34
7.26215, -833.863, 1437.7
4.58238, -1497.95, 29.1374
3.03869, -252.536, 802.61
4.70633, -1591.76, 1061.39
6.28811, -843.463, -598.247
2.77803, -677.591, -632.812
3.51241, -52.3545, 285.91
6.82305, 1873.38, -1534.85
6.52456, -531.059, -9.86893
2.78861, -1355.06, -1339.87
4.40304, -130.564, -1403.91
4.56124, -279.183, 1523.95
2.80071, -758.737, 604.848
7.09746, 1599.15, 1284.89
3.35398, 1068.95, 1615.53
6.51634, -1857.2, 338.017
3.88599, 1459.47, 99.6389
4.44586, 343.126, 1475.03
7.19936, 111.449, 1246.9
6.24573, 327.612, -342.506
3.44774, -653.064, 1515.61
6.89581, 868.035, 967.486
6.8953, 829.582, -1691.63
3.30515, -1620.9, -520.16
5.87346, -1602.91, -329.487
6.89096, 1258.61, 256.409
6.98262, 486.272, 1047.47
3.06535, -45.7459, 1504.16
5.93789, -481.009, -516.572
3.21651, -1630.73, -1549.22
3.6901, 822.871, -89.2072
5.64383, 1882.24, -437.14
4.312, 1634.28, 727.292
4.64437, 1176.25, 1434.21
4.91936, -17.7095, -1679.98
6.20379, -9.36464, -222.869
3.23098, -748.149, 1737.46
7.36238, -1667.1, -1529.83
7.3158, -1014.7, -372.151
3.14741, -1196.65, 1325.4
5.3784, -631.483, -1212.8
4.66439, 338.72, -253.868
5.50066, -460.081, -495.925
5.85098, -1386.04, -227.544
4.5137, 793.922, 1968.65
6.46691, 1282.83, 1380.69
4.89889, -1942.81, -499.47
5.72449, 606.011, 550.531
4.28836, -495.853, 1201.65
5.96794, -658.607, -440.869
5.83428, -833.008, -1389.57
3.22071, -788.575, 1425.52
7.10415, -1955.34, 439.236
4.22228, 61.4014, -472.036
6.66824, -824.557, -935.968
2.74349, 545.198, -1486.62
3.27936, -509.863, -126.457
2.55765, 660.951, 1011.41
3.94327, 239.866, 1175.26
5.07295, -687.993, -346.615
3.65948, 1362.08, 873.954
2.75022, -484.467, -158.334
5.33091, -1192.78, -1679.16
6.69774, -299.997, 1343.33
4.28763, -1285.79, -856.588
4.3452, 330.874, 1736.41
7.22226, 513.895, -145.489
4.72425, -1817.35, -352.428
6.82086, 985.523, 349.419
5.82654, -1574.02, -1468.32
5.79297, 338.697, 1328.12
7.10736, -1914.85, 1918.59
5.11536, 1915.49, -1242.38
5.45229, 877.649, -883.338
5.79944, 1335.88, 1307.53
4.24765, 544.019, 932.561
4.11714, 689.184, 97.0433
7.08984, -207.394, 1469.07
3.08619, 1809.51, -889.58
7.31268, 1333.88, -331.365
5.17978, 111.091, -652.179
5.81447, 1695.19, 1264.98
5.48362, 1803.37, -1015.37
6.93363, -1012.81, -1485.61
6.67999, -1305.51, -1218.76
6.69339, 494.272, 403.052
6.85642, -419.119, 671.947
2.5002, -1539.52, 679.528
4.77274, 520.359, 696.602
4.25696, -1856.44, 334.684
5.80713, -514.62, 1413.99
6.22234, -1759.46, 306.423
3.3821, -258.108, -927.785
7.4621, 1589.19, -1616.32
5.95466, -1855.39, 324.724
6.97862, 289.726, -23.4519
3.51579, 731.251, -284.367
7.2356, -921.361, -71.0836
4.88476, 1763.42, -1017.04
6.78578, 1830.82, -1495.35
6.41237, -1954.3, -1096.73
5.70687, 1808.75, -1816.43
3.14521, -1444.05, 300.954
5.77944, 10.0554, 1302.04
3.09199, 107.125, 16.2299
3.88793, 663.873, 1601.75
6.65548, -455.376, -453.536
6.14153, -1500.15, -1024.9
6.74348, -1197.05, 590.538
3.43989, -1523.1, -1849.63
6.09602, 1112.75, -562.428
4.25586, 312.073, 662.892
3.34555, -834.071, -1398.84
4.52383, 656.12, -1070.8
4.20924, 319.766, 1534.35
6.67141, 759.793, -253.86
3.9111, 1395.58, 1169.01
5.16766, -1355.89, -964.637
6.25085, 1974.52, -1702.45
4.62554, -1371.62, -1513.16
4.66964, -1126.41, 1099.32
3.03022, 1712.24, -1859.23
6.4639, -92.1349, -929.722
3.91232, -1151.61, -961.626
7.14264, -1180.93, -468.167
5.37926, 508.761, 1021.49
3.4895, 1656.92, -590.431
5.99081, 1146.5, -1477.95
3.07265, 988.443, -1904.89
4.22945, 599.209, 1564.57
4.15646, -1166.08, -476.063
6.42735, 1655.58, -1915.32
6.65775, 917.859, -424.593
4.21712, -1476.32, 1507.74
4.2603, -555.603, 1804.91
6.38197, 303.005, -1622.7
6.58658, -22.3701, 1374.58
4.26157, -265.048, 565.376
7.09559, -822.649, -606.811
3.2877, 996.798, 514.292
5.56029, -978.086, 1141
5.54222, -788.737, 1426.18
3.16647, -501.063, -1482.77
3.51409, -1483.18, -961.364
4.79457, -1709.44, 1003.61
3.48759, -1041.06, 1863.28
6.77118, -1696.2, 758.823
6.54562, -1519.91, -1376.56
2.80131, -1805.4, 1763.56
6.50584, -1443.26, 1285.73
5.49597, -395.687, -1084.04
7.43182, -1775.76, 601.455
2.65919, -325.442, 1278.41
6.8356, 1871.58, -1528.83
3.69109, 1328.02, 688.282
3.6127, 321.435, 856.482
4.73907, -1934.77, -1108.09
2.61231, 1720.18, -351.46
6.79755, -520.724, 5.81585
4.15902, 435.618, 1165.31
5.72195, 606.41, 512.823
7.43521, -1880.98, -970.088
5.30162, 569.057, -1164.57
4.74553, -1514.15, -492.849
5.213, 320.947, -1445.17
2.90797, 1546.42, -65.9242
3.99606, -1627.18, -561.077
6.63964, 1631.94, 1340.11
6.48936, 1247.11, 1861.33
5.71048, -209.001, 1360.2
4.84105, 1258.22, 767.175
7.15326, -402.449, -1209.41
5.08798, -486.161, -133.615
7.42924, 1591.96, -1059.28
5.94567, -152.879, -1434.98
6.19966, -356.472, -921.736
3.46323, -786.688, -1858.21
6.08881, -915.82, 1234.67
6.11146, 1139.74, -355.432
6.49298, 535.527, 306.3
4.23216, 509.562, -1982.71
5.1481, -32.7183, -132.431
3.19001, 1432.79, -713.295
6.73218, -447.668, -442.97
6.32766, -160.096, -1758.82
7.5, 1848.71, -851.154
4.24891, 962.627, 1964.51
5.50367, -1198.11, 1172.46
3.50808, -990.568, 163.149
6.2385, 63.7656, 316.393
6.49225, 1940.11, 433.404
3.03505, -1409.29, 217.457
5.35813, -1013.85, 93.7502
2.84683, 730.813, -694.671
4.16036, 1467.08, 1381.51
5.80945, 968.104, -1411.72
5.27726, 340.901, -365.811
7.12415, 457.56, -23.1649
2.69832, -965.742, 447.872
2.62083, -617.308, 474.779
4.61923, 444.841, -1308.17
4.36987, 922.781, 268.007
2.93303, -452.525, -465.26
3.05403, -315.789, 338.645
5.31992, 725.139, -683.067
7.37269, 112.747, 1478.17
3.05066, -86.4492, -1785.53
5.99352, 198.232, 1949.58
2.79674, -102.467, -1473.48
4.69755, 1668.87, -210.088
5.24651, 1975.28, 1428.09
3.45129, 1377.53, -1495.56
7.36597, 634.476, 648.406
3.19593, -1363.5, -110.666
5.48978, 1854.32, -857.638
7.12812, -1740.38, 1407.15
3.91116, -159.606, 1764.73
6.8307, -295.803, -175.538
6.29598, -443.368, -1192.89
6.10793, 714.375, 1241.44
3.34241, -734.91, 728.616
3.32882, 1647.09, 737.309
3.39076, -1294.87, -1968.49
5.87226, 666.307, -1197.21
4.83484, -694.859, 67.46
6.85219, -1614.88, -715.476
5.76023, -1385.51, -235.571
5.80464, 1507.79, 1745.9
2.58037, -1324.96, -1238.21
4.30596, -1547.28, -1333.65
3.72747, 1838.91, 213.985
6.93086, -1863.62, -1890.69
5.23701, 1642.3, 1556.68
6.57209, -58.6649, -1276.23
5.24453, 350.675, 1725.34
4.16156, 1011.18, -107.503
4.40213, 41.8098, -1307.85
2.52389, 1853.85, 1302.33
6.95226, -179.572, -795.141
6.16955, -986.68, 1366.76
6.04239, -307.605, 1311.19
5.1278, 125.651, -365.975
6.41065, -376.834, -1621.84
3.42484, -779.404, -940.805
5.72673, 507.565, 1032.04
3.42178, -1368.73, -674.826
3.31214, 116.961, -180.422
2.65594, -364.118, 1696.02
7.42716, 262.034, -1332.68
4.04559, -658.657, -1424.64
4.11075, -1331.54, -598.097
5.51155, 565.316, -467.761
2.89107, -657.571, -1837.03
3.93936, -33.6695, 174.353
5.79307, -260.573, -978.092
7.36348, -1970.11, -699.395
7.27758, -725.979, -1583.35
7.42745, -1333.65, -602.541
7.30478, -1816.57, -1510.11
3.0073, -1115.41, 1123.42
3.71505, -254.743, -985.557
6.91151, 201.364, -859.797
5.28805, 679.564, 1390.02
6.7669, 1600.56, 1033.72
7.49145, -1072.11, 1058.03
3.99751, -489.062, -953.203
6.33157, 1924.84, 958.21
4.81901, 574.01, -292.054
6.8168, -1272.98, -1576.89
6.99018, 1714.9, 1.10051
7.377, 514.159, -827.868
2.77405, 1290.04, 211.17
6.32605, 1863.15, -1235.31
5.09219, -1859.35, 1476.88
3.46574, 1835.44, -456.942
6.98252, 402.552, -1090.27
6.38492, -1683.24, 190.299
2.75968, 827.473, 1078.35
7.47331, -1695.03, 1523.19
5.93659, -18.907, -913.281
5.94854, 1770.5, 993.043
6.57666, -1312.42, 1619.66
7.05426, -75.9297, -886.557
3.34218, -402.785, 797.974
5.24183, -1162.58, 1603.7
6.53351, -989.323, -514.387
4.17803, 669.405, -1090.7
5.53435, -215.477, 49.1284
6.59602, -1886.51, 667.708
7.3485, 160.381, -500.31
6.29349, 1160.48, 988.901
3.72113, -343.329, -182.238
5.80589, -1143.6, 801.776
4.21574, -901.129, -377.506
7.27146, 748.002, -788.727
2.60828, 1602.51, 1108.31
4.54979, -1780.79, 1885.06
2.55789, 1165.05, -1341.37
3.04964, 1667.1, 398.978
5.28259, -1662.91, 194.622
4.45466, -15.5055, -455.37
7.20539, 234.491, -365.781
2.55572, 358.755, 771.928
6.22897, -436.766, -877.849
3.84293, 213.777, 245.32
4.27153, -1343.04, -1505.64
3.45835, -899.701, 1251.21
5.14832, 588.816, -332.562
4.39478, -107.444, -1717.64
3.16407, -21.4969, -1609.12
4.26563, -261.141, -1118.95
4.2497, 1565.46, 1961.72
7.41084, 1241.67, -262.201
5.25961, 301.053, -736.349
4.99918, 30.4652, -1434.54
3.58531, -1668.19, 902.903
4.37311, -493.585, -1294.3
6.78251, -1314.6, -927.645
6.45578, 1586.9, -1044.63
3.9204, -984.734, 1848.05
5.07645, 873.109, 207.291
6.79238, -573.468, -37.8938
7.07844, -1873.6, -350.185
7.48941, 264.523, 1818.98
6.53177, 348.859, -373.628
5.22718, -1790.24, -361.525
7.3461, 308.251, -1456.63
5.31931, -1168.51, 725.234
4.03031, -841.982, 1310.58
5.41853, 1916.63, 1891.15
2.91197, 93.1867, -654.431
5.47382, 705.745, 1220.44
3.31968, -1194.15, -1182.56
6.46527, -1235.76, -869.872
2.95373, 1162.2, 1464.39
6.3072, -1007.66, -1358.63
6.83996, -462.033, 55.4103
6.40105, 375.487, -668.216
6.61399, 1816.81, 1922.58
6.70974, 743.478, 1102.64
4.48328, 1025.17, 516.274
6.508, -317.085, 337.184
6.56811, 757.138, -86.3815
5.43493, -817.014, 199.334
4.64621, 1585.3, -93.9365
2.5002, -105.837, -927.03
5.31153, -1625.58, 636.347
6.22632, 677.767, 694.388
3.89846, 1925.44, 574.567
2.93406, -1959.71, 1127.64
3.5733, 1706.67, -1757.23
3.93296, -963.191, 1132.61
4.86595, -803.579, 943.715
6.95893, 1686.59, 1639.26
5.91955, 1037.19, -1012.1
3.54376, -92.0119, -143.438
6.67533, 1581.97, 19.8473
7.09218, 1830.55, 1821.66
4.48244, -953.68, -1395.25
6.37858, 1079.77, 1046.55
5.68161, -311.865, -177.466
6.64746, 964.888, 570.908
3.40204, 1103.01, -939.303
7.45927, 1152.32, -1504.52
6.70558, -310.815, -1687.74
4.65177, 1770.24, 526.776
4.38589, 1191.74, 1769.4
2.70802, 1300.72, -1007.78
6.80715, -1589.84, -1046.12
6.62116, 1831.34, -1790.1
6.25052, 28.5464, 1460.03
3.55801, -331.113, 1970.34
4.31029, -1562.16, -382.373
4.43545, -1176.27, -1587.38
7.32918, 1585.95, 1258.8
6.5872, -323.465, 1281.67
4.5755, -161.38, 895.413
5.83759, 402.781, 357.622
2.52101, 949.116, 1957.4
6.98048, -1478.01, 499.95
3.68416, -688.15, 708.383
3.79415, 704.047, -174.996
5.4939, 807.254, -1413.98
6.89823, -1670.11, 731.249
6.16299, -1115.57, -1171.36
6.0773, 1810.99, 1138.48
3.57724, -1210.41, 962.753
6.30413, 1359.08, -1910.36
3.85351, -326.986, -1107.57
2.75246, 1324.82, 670.029
4.78866, 546.748, 492.507
2.58759, 890.533, -1547.95
3.01129, 139.194, -357.726
2.639, -267.73, 574.374
5.65921, -686.247, -1035.38
6.34425, 162.365, -503.778
2.74132, 1052.52, -1673.05
6.6924, -106.686, -1261.33
6.76899, -524.799, -624.81
6.57649, -901.596, 1152
6.85188, 1586.43, 805.376
5.27222, -1253.64, -314.744
6.12646, -579.862, 105.714
3.20424, -1040.16, 1834.62
6.6115, 1182.87, -1051.22
5.51185, 1456.9, -391.398
4.93856, 1010.62, -1831.23
6.14942, -570.892, 1883.56
4.05164, 1514.25, -1334.71
3.93925, -1399.41, 701.846
5.45857, -1892.09, 1605.62
5.34055, 1297.47, 1750.28
5.41059, -1867.08, -1143.16
2.84132, -1375.73, 566.403
4.34304, 301.987, -784.481
6.28475, -1854.96, -1148.28
6.35297, -895.184, -1742.46
4.27217, -787.233, -509.641
5.98913, 477.262, 1854.4
5.08005, -1341.18, -570.917
5.94494, 773.801, 270.393
6.18066, -163.434, 1233.92
2.56231, -682.707, -1343.18
7.16549, 1224.86, -261.615
5.37826, 261.568, 249.356
3.05587, 937.218, 1946.25
4.87388, -192.599, 79.6787
3.24247, 406.395, 210.99
4.22594, 101.895, 890.659
7.04476, -1859.96, 348.816
4.54571, 24.6739, 1044.5
5.96642, -1348.36, -132.328
3.35865, 757.552, -1881.51
6.21715, 1764.19, -992.643
4.16319, -852.552, 1293.22
4.62157, 1322.26, 626.014
2.79523, -276.828, -216.104
5.09005, 572.539, -459.665
5.94425, 942.862, -1158.33
5.01149, -516.282, 16.2404
6.56617, -340.191, -1496.52
3.07974, 167.62, -1866.4
5.24841, 567.859, 921.611
5.06046, 810.716, 41.2797
6.02649, 1929.35, 882.12
5.65083, -472.307, 1752.08
4.0207, -55.4558, -1300.51
6.74719, 798.734, 733.81
3.39619, 1216.85, -48.1374
2.61737, -1053.44, -199.9
4.19467, 1450.55, 96.0785
3.43818, 712.672, -197.706
6.60467, -582.933, 345.289
6.72507, -1790.06, -333.212
6.78031, 1692.34, -1432.26
7.37454, -1906.6, 1294.88
2.99587, 929.542, -894.149
2.56182, 1129.71, 1307.11
2.58614, 431.703, 1169.08
2.64527, 496.356, 194.35
4.1031, 291.725, -772.612
6.17815, 1250.27, 601.703
3.14876, 705.182, 952.502
2.5161, -738.379, 1008.45
6.91905, 280.029, -1578.43
3.70482, 457.438, -1138.61
4.38481, -1630.14, 1531.53
4.44879, 1242.66, 362.801
2.81534, 1193.98, 586.729
7.30792, 367.623, 1896.4
3.75349, 1449.17, -681.813
6.85376, -1360.73, -154.276
2.85991, -1828.36, 841.793
2.70653, -1238.89, 1131.16
3.46378, 710.88, -1043.79
3.86708, -617.316, 606.008
7.4007, -1899.51, -729.035
3.60607, 646.975, -1066.39
6.43119, -1747.92, 1705.25
4.42306, 594.138, -840.043
3.78593, 953.673, -1270.64
3.91087, -1865.94, 110.383
7.33834, 1731.81, -80.0761
4.22841, 1520.72, 334.228
3.45922, -1953.7, 1471.77
5.05037, -1095.2, -753.712
5.21857, -1109.7, 1261.86
5.72333, -1311.25, -1220.6
3.89738, -17.0708, 1585.94
3.41887, -594.068, -1429.34
2.71579, -1664.12, 770.111
3.98408, -1008.98, -534.104
4.25548, -462.258, 278.396
7.09372, -856.597, 1407.29
5.81225, 995.026, -716.897
5.08041, 1730.02, 1160.88
4.03763, 1221.79, 1166.89
3.0007, -699.361, 306.845
3.47502, 756.413, -1758.92
4.11407, 61.1923, -255.78
5.56182, 1912.19, 174.654
5.13511, 1914.92, -1959.14
3.45653, 527.51, 562.501
4.7178, -1267, -855.437
4.48693, -1408.67, 1696.75
6.28051, -1208.8, 1489.33
6.6213, 1470, 1205.15
5.51573, 285.221, -694.349
3.04573, 1212.82, -1646.48
4.11797, 968.791, -330.376
5.03403, 20.5323, 633.763
4.76521, -1300.35, 1612.82
4.77315, -360.266, -892.616
4.91125, 1858.09, 1835.37
5.07896, 735.967, -1301.06
4.50207, 405.13, 1646.36
4.22945, 1950.8, 963.513
6.64533, 1863.43, -475.821
3.02204, -1456.25, -1585.08
6.40057, 1160.95, 1124.55
3.19919, -593.632, -476.882
2.62171, -1575.03, -1044.83
6.0664, 810.27, -1494.67
7.15538, 289.411, -1655.11
7.47667, 379.779, 347.626
3.86264, -1744.21, 305.157
3.6923, -957.782, -514.799
3.87328, 1912.97, 1236.17
5.70836, -1808.99, -1459.13
5.17637, 617.622, 301.314
6.8967, 1648.1, -587.389
6.75968, -1341.77, -1658.56
2.98004, 1795.86, -89.2397
4.66818, -1481.8, 435.21
3.17045, -403.529, -1506.88
5.86802, -345.502, 612.76
5.34964, -103.046, -942.106
3.66474, -1227.73, 1148.42
5.50306, 529.811, -1370.91
2.6551, -1595.33, -52.5403
7.08512, 1131.63, -617.662
3.82958, 1722.14, -355.875
6.50016, -363.638, -1022
5.46389, 318.329, -1450.01
5.0822, 698.257, 1247.07
5.2567, 651.383, 1273.83
3.47225, 996.345, -471.796
5.36152, 258.871, -1479.4
3.81992, 419.297, 800.744
4.41648, -1532.93, 1076.67
2.73626, -1518.82, -1794.69
4.22823, 1173.29, -1346.8
3.61594, 1317.34, -855.065
3.81264, 38.2066, -1457
3.05141, -855.403, -810.287
7.40088, -1407.26, 32.5493
5.93794, 1610.03, 1297.19
5.82158, -1095.02, -755.509
5.99501, -1199.28, -1341.92
2.68746, -1662.75, -1527.93
3.6706, -1261.79, -1492.43
3.95397, 1464.97, 1378.14
3.50543, -55.7416, -496.466
2.7177, 709.732, 682.852
2.56571, -1046.87, 1043.19
6.07297, -1047.91, 1530.25
6.88348, -1736.73, -1243.27
5.35088, -1771.52, 547.45
6.92743, 1722.13, 1712.7
5.20042, -715.45, -556.813
3.31357, 1857.1, -1286.43
3.30492, 1900.71, 883.167
7.19182, 623.685, 569.206
3.45628, 1100.93, -1692.93
3.15761, 8.32321, -196.085
4.41122, -608.109, -16.8101
6.12674, 518.689, -517.261
2.50651, 1084.9, 1742.97
4.60222, 49.5046, 1468.43
5.18984, 599.178, -430.631
4.86596, -475.029, 491.394
6.33003, 1081.05, 1744.3
2.9396, 1113.05, -916.079
7.04284, 277.503, 644.19
3.20818, -1717.78, -804.61
2.54782, 850.762, -97.0647
2.82267, 511.408, 1043.77
4.96742, 761.36, 443.858
5.40914, 1052.12, 1939.94
4.03373, -1887.27, 1087.63
4.57091, 1788.65, -139.887
4.33401, -1156.11, -1368.28
3.42687, 346.038, 1329.06
2.76788, 1261.81, 373.461
4.47222, 1074.29, -129.493
3.98388, -693.898, -265.65
5.05388, -790.32, 1636.47
3.75392, -1409.96, 457.337
5.01589, 1910.42, 1776.12
2.51168, -9.57061, 1559.33
7.01807, 1976.02, -894.06
2.79181, -1816.28, -1885.68
5.17506, -1356.63, 1615.2
3.95754, -757.052, 1739.78
7.3023, -1605.03, -530.135
4.73406, 645.117, -217.574
5.08479, 1776.8, 337.872
5.93861, -492.22, 75.2093
2.72187, -320.705, 146.39
7.2946, -1590.46, 1209.55
5.70852, 736.937, 310.682
2.80215, 1246.33, -1551.63
3.33964, 104.693, 534.547
5.76491, 976.148, -486.018
6.19864, -1538.25, 670.573
3.57011, 1699.32, 413.492
4.31441, 308.756, -1728.19
6.56981, -1294.6, 1861.53
5.32057, 1615.77, -940.012
7.45886, -96.6927, -1756.66
6.5669, -1526.49, 785.714
3.49157, -1975.59, -44.5161
2.50003, -285.873, -1671.28
4.62608, 1860.25, -1525.12
4.07406, 1698.76, 402.125
5.56218, 1211.38, -1858.31
3.83351, -378.062, -1079.28
4.39881, -1188.4, -126.2
5.43397, 1905.15, 600.822
5.95636, -280.628, -1011.56
7.26736, -909.831, -1137.68
4.89785, -586.579, -1896.53
3.60319, 761.711, -1445.07
5.33741, -1439.01, -902.995
6.09873, 847.649, 723.686
4.4953, -990.492, 1105.07
3.48326, -1374.31, 1968.94
6.66971, -1342.43, -1524.26
5.59561, -899.921, -1727.42
7.26866, -572.427, 369.413
3.23222, -28.2715, -538.681
5.38953, 73.6857, -914.225
7.26796, -774.692, 1426.63
3.62331, 1434.1, -1973.79
7.25137, -990.946, 1590.61
3.07874, 1583.88, -1010.79
2.58372, 61.2654, -505.762
3.90465, -714.552, -331.314
7.15042, 1279.07, 349.094
3.04796, 1520.39, 1752.03
6.77266, 52.2544, 1641.28
5.68532, -1446.2, -1458.84
5.63853, 810.67, -1419.34
3.80589, 1444.72, 1480.74
5.13936, -1903.68, 426.369
7.16608, -547.115, 1787.25
3.98055, 1838.37, 223.673
4.78006, 317.49, 890.444
6.35659, -1320.8, -1207.93
4.17193, 233.457, 241.632
6.31775, -79.744, -1861.45
6.65892, -60.9645, 1880.56
2.64618, -1449.27, 1133.85
4.31315, 1425.37, -532.519
4.16221, 557.771, 923.78
3.17675, -1029.59, -587.123
3.00839, -609.332, 1245.22
5.11327, -1215.13, 1618.55
3.52046, 61.3244, -1060.44
5.00728, -1727.68, -1247.57
5.1371, -9.01204, 1923.92
4.13422, -527.907, -586.066
4.75888, 454.583, -880.345
6.85263, -13.1477, 1941.92
4.72884, 1281.32, 1728.12
6.03726, -915.205, -1821.91
6.83171, 1814.88, -1395.61
6.5822, 1722.24, 428.493
2.67504, 1773.68, 1679.33
3.8644, -1298.6, -477.16
5.21858, -842.435, -860.36
3.19942, -1917.59, -1111.51
5.57408, -1549.95, -1865.27
3.29182, -1346.53, -1208.75
4.41129, 200.626, 440.396
5.94997, -189.586, 377.177
3.21128, -786.561, 929.731
5.65284, -1568.28, 1577.18
3.15973, 387.901, 1871.12
7.13583, -1473.27, 491.209
5.53465, -1873.3, 1567.82
5.50388, -1854.61, 761.348
3.33635, 1170.65, -1043.24
3.301, -1737.12, -793.394
5.91628, 1234.65, -55.057
5.1456, -1413.25, -23.3662
3.65264, -277.805, 1589.97
6.55373, -1008.06, -111.492
5.76477, -837.512, -1116.21
4.08597, -1141.55, -1181.25
2.53953, -521.503, -1623.67
3.49176, 1461.68, 1457.36
3.78831, -12.3781, 761.468
3.03825, 1763.67, 77.2114
3.49545, 256.244, -856.833
6.75079, 1607.54, -1540.48
6.63912, -1941.03, 424.809
6.76813, -1929.92, -1110.67
5.71027, 579.907, 1554.93
3.6787, 1439.88, -1971.56
6.80638, -1005.54, -1608.9
5.4745, 71.1906, -212.225
2.52745, 1008.85, -70.9714
6.84925, -1314.67, -937.357
7.37729, 1295.79, 201.287
5.59653, 752.265, 31.0731
3.85574, -1865.97, 760.749
7.46973, -325.029, -1255.71
4.60751, -1437.33, -1051.74
4.20537, -1585.37, -1227.25
4.80717, 748.293, -259.815
4.44822, 524.185, -764.166
4.613, -93.1128, 1028.98
2.84879, 260.686, 581.037
5.5153, -108.925, -273.871
7.36114, -99.6176, 456.191
5.07406, -1394.9, -1061.91
7.45461, 1898.74, -274.178
5.84906, 1241.63, -264.378
4.01716, -1209.51, 137.933
3.47371, 1738.17, 1148.94
4.0109, -1425.31, -1862.12
4.93946, -672.29, 919.633
4.72438, 1065.02, 1972.68
5.7844, 643.627, -1869.36
3.74227, -1548.88, -1340.74
4.72007, 108.487, 1108.17
5.75894, -1384.97, 94.5692
6.67472, -1432.23, 384.25
6.03698, 384.411, 1621.05
4.93928, -1733.41, -1222.52
6.72039, 796.503, -471.585
7.00296, -1027.59, -390.942
6.33082, -1306.71, -1044.06
5.29453, 1263.19, 1705.59
2.70603, -7.98608, 140.86
5.46749, 1124.66, 133.767
2.68674, -1342.92, 1627.79
4.53488, 57.8899, 873.781
2.84243, -1941.92, -1758.67
7.38558, -1542.23, -1765.35
2.5956, -1026.26, -474.569
6.60363, -309.64, -528.967
5.2195, -780.304, 1730.08
5.72828, 1575.83, -666.301
3.62934, -519.672, 84.8204
2.733, 1668.31, -1401.55
3.63154, 418.377, -1103.4
4.58371, -1267.35, 268.684
6.40126, 529.007, -1258.09
3.72852, -1845.32, 740.471
4.81411, 1302.5, 192.043
6.14756, 1854.91, 579.639
5.35237, -662.565, 1625.36
5.45997, 1866.12, 1826.87
4.98425, -1870.36, 559.235
3.951, 951.238, 237.634
4.71107, -23.4595, -473.714
2.53669, 1702.64, -794.422
7.41683, 1000.28, -718.977
2.52822, -1606.14, -319.672
4.8676, -236.213, 1495.14
5.86497, -623.857, -245.873
