6.27803, -1459.12, -1806.9
3.5948, 4.85025, -253.828
5.89648, 715.932, -1692.12
5.09708, -590.095, 1754.3
2.76731, -1847.72, 1264.15
2.53849, 631.087, 98.0229
4.58743, -1544.97, -448.516
7.15218, 332.952, 804.578
2.95982, 24.9787, 1431
6.00595, -366.542, 598.997
3.81226, 1080.86, 1597
4.14117, 936.13, -1744.46
7.45519, 892.101, 455.791
7.41275, -1011.86, -446.729
5.75759, 939.553, 834.135
6.92354, 504.411, -1602.43
6.33247, -362.747, -989.702
3.87453, -931.986, -150.743
4.93259, -1272.09, -659.293
2.80282, 1574.98, 1525.88
5.08146, 33.3095, 1471.31
4.96988, 1809.42, -758.362
7.23882, -1508.01, -959.898
4.42071, -96.2882, -1626.59
5.14874, 1605.13, -1018.33
2.75042, 1611.11, -78.6319
6.63909, 1091.04, 1019.06
5.94228, -1714.5, -1418.69
6.18112, 521.128, 1442.71
6.94286, 1835.4, 895.287
4.25508, -717.849, -1010.65
6.72991, 371.829, 33.6366
3.84659, 1160.15, -270.226
4.83959, 152.228, -388.479
3.2686, -1283.11, -920.685
2.66527, 1211.96, 215.521
7.2768, -16.5625, 176.017
6.95369, 241.474, 918.596
3.29884, 1244.8, 430.131
3.15214, 854.368, -1102.51
2.515, -935.546, -1590.15
6.0491, -1713.02, -383.177
3.40448, -983.897, 1606.79
5.76029, 1529.35, -646.788
4.42907, 807.286, -1379.12
3.23766, 45.3999, -480.22
5.45054, 1186.52, 260.824
3.24076, 326.602, 1720.82
3.2091, -312.76, 1833.98
4.94257, -906.52, 204.746
3.13015, 1639.26, -93.4843
5.64635, -637.874, -1110.96
5.60817, 543.516, -1378.86
4.88216, -1003.17, 1143.32
2.64188, -992.003, -545.612
3.21011, -218.427, 1445.84
3.15594, -406.741, 1662.92
3.31099, -1596.78, 1456.68
3.76529, -495.392, -1561.62
4.77654, 1073.96, -1396.76
6.54472, -165.742, -571.014
3.57624, 586.813, 1577.07
3.75063, 1540.49, 791.032
5.02978, -178.808, 1394.98
6.27922, 1208.27, 310.893
5.66369, 1636.03, -131.045
5.9449, 1203.92, -247.139
7.27207, 1767.22, 923.517
5.18713, -833.853, 1337.77
4.57014, -1421.38, 18.2239
4.70019, 1440.36, 311.321
6.07821, 1410.13, 894.268
6.20858, 692.201, 1109.82
5.12494, 1501.95, -1848.46
6.06711, -1627.19, -174.397
5.91025, 646.764, -56.0365
6.82941, 1627.88, -1145.25
3.19597, 41.392, 1437.13
3.57766, 1794, -248.825
5.0733, -621.691, -308.112
4.83766, -160.38, 1413.22
3.55759, -470.695, 1213.74
5.65244, -1321.39, 1867.18
2.5044, -1802.77, 377.731
4.09589, 846.249, 1020.38
5.90281, 656.997, -203.758
6.0446, 1280.24, -1112.09
2.90869, -1551.2, 1235.07
3.56926, 553.307, 904.995
4.44412, -1584.39, -1116.17
4.44927, 1700.45, 1748.22
3.92018, 722.679, -913.784
4.6123, 1124.67, 1006.61
2.55658, -1310.68, -817.179
3.72027, 1790.48, -1273.37
4.49072, -1418.03, 1232.09
6.64177, -1349.62, 392.254
3.78584, 1737.19, -1392.16
3.59705, -1517.39, -953.135
6.47385, 710.211, 528.811
5.8476, 919.862, 763.93
5.49108, -1709.84, 700.236
5.99917, -699.766, -1081.33
5.13062, 1102.29, -1448.33
4.14833, 406.555, 224.162
3.30844, -1464.08, 711.666
6.56633, 1372.09, -25.42
4.08004, 871.651, 323.901
4.05369, 39.9221, -1409.64
4.65424, 62.4645, 259.11
4.46509, -346.743, -951.093
4.43916, 16.8286, -336.51
4.34871, -1511.34, -1000.49
5.88118, 616.718, -1078.47
6.10384, 772.56, 61.4911
7.20082, -115.255, 1724.02
5.08573, -165.648, -761.982
5.5282, -280.621, 580.011
5.85049, -1341.49, 1841.88
5.11404, 108.435, -510.535
3.87105, -1787.34, 1258.43
7.08924, 265.738, 565.634
3.73367, 1793.36, -903.572
4.77876, 667.646, 1252.85
3.30374, -1809.6, 1289.96
4.68319, 757.099, 630.254
7.45767, 866.238, 330.938
6.26931, -827.102, 770.136
4.97846, -1799.91, -1244.65
7.01651, -1262.95, -1464.09
4.68213, 972.971, 1018.16
5.09239, 298.781, -1823.36
4.44866, 190.023, -1576.32
5.63431, -393.113, -1126.11
5.19331, 679.669, 648.552
4.35955, 1270.89, -894.406
2.54674, -697.074, 679.039
6.3794, 74.1431, -1436.36
2.85317, -1721.21, -1168.56
3.98511, 813.597, -1401.36
4.78581, -42.0623, -1589.08
3.25156, -210.676, 34.1517
5.97819, 1243.12, -834.091
4.15587, 725.816, 277.831
5.21197, 1859.73, -1629.31
2.64678, 1473.63, -1657.6
5.38086, 74.0682, -353.974
5.18133, 673.278, 913.79
7.36678, -1454.8, -1719.59
5.57063, -616.866, -1148.17
5.26431, -1446.57, 443.913
6.69051, -476.537, 1685.79
3.75764, -993.448, 1670.79
6.98957, 1196.4, -246.506
5.97428, 1042.31, -949.079
5.82752, -918.222, -113.609
3.06838, -1258.92, -1508.26
3.37987, -1766.07, 195.446
2.91253, -270.226, 329.155
6.68103, -406.179, 648.964
2.64818, 1843.4, -1492.61
6.34719, -73.2848, -1674.05
4.29829, -1003.54, 1661.92
6.24626, 64.8969, 1021.37
6.28385, 648.793, 602.319
3.60834, -1040.4, -1714.91
5.58305, 576.372, 289.413
3.66846, -998.026, -457.007
6.22052, -1383.61, 504.696
5.80997, -1691.1, -1317.2
4.9209, 1767.99, -1378.21
2.58972, 1595.53, 366.216
4.98291, 884.576, 285.267
5.09587, -70.0713, -1640.71
4.71395, -1626.27, 1003.72
4.14528, -38.6905, 1795.27
3.52671, 924.853, -183.2
7.19863, -397.491, -1112.88
2.85168, -952.775, 1747.46
3.30042, 44.4554, -1452.06
6.70788, -1415.24, 25.1193
4.13614, -350.507, -508.403
6.85942, 344.532, 772.85
5.99896, 1283.69, 1014.21
5.52801, 1690.73, -375.781
4.77536, 83.8583, -422.428
2.91543, -919.601, -476.54
3.94883, 3.95538, -264.827
6.51009, -1182.25, -1500.72
6.81821, 756.929, 26.6463
3.81831, 783.91, -975.686
4.79881, -1522.29, -505.761
4.95672, 1124.47, -977.756
5.82344, -919.348, -1840.81
7.31738, -1209.25, -347.423
7.23022, 1069.19, -1433.3
2.81902, 476.145, -1262.6
5.04829, -882.513, -512.296
6.13222, 1325.02, 1294.7
5.65882, 1087.32, -575.651
3.26658, -1753.17, -1829.55
5.09652, -1677.74, 1005.98
3.52281, -1021.11, 1603.74
6.03231, 755.959, -1628.44
6.05786, -982.629, -148.039
3.66304, -914.282, -407.9
6.80594, 21.3773, -245.875
2.67122, -158.672, 1758.22
6.26587, -1773.41, 197.621
4.14789, 1272.01, 221.818
4.65309, 63.7908, -980.092
7.33455, 1688.32, -391.465
4.05803, 1442.68, 1311.56
5.69762, 1750.33, -1411.06
5.95386, 1635.35, -110.789
5.36403, 71.9954, 1238.48
6.60667, 1798.03, -1459.71
4.21807, -1715.13, -1342.32
5.09387, -1536.07, -1409.83
6.78438, 217.655, -1753.31
6.18587, 653.062, 71.8495
3.45992, -1677.2, 708.519
2.83145, -585.076, 618.368
3.60828, 1757.91, -1336.77
3.33656, 240.298, -390.556
6.31172, 711.353, -1760.08
5.44905, -1619.69, 685.443
4.65223, 1643.93, 1633.83
7.09618, 1253.07, 24.4722
5.09668, 881.671, 282.265
7.38058, -1369.93, -94.854
5.15714, -898.517, 226.298
2.98716, 733.484, 630.429
5.83983, 372.394, 260.73
5.44444, 304.763, -43.241
5.01137, -1335.83, -94.7878
2.75808, -1720.64, 811.359
2.6753, -573.423, 10.0614
4.41484, -1469.32, -1028.35
5.55555, 401.567, 234.167
5.06574, 1111.94, 1653.5
5.98498, 696.996, -18.3785
4.89891, 64.6501, -406.818
3.88323, 92.1268, 847.246
6.01685, -862.298, 362.578
3.67701, 1628.18, 29.7388
6.41501, 246.191, -375.919
6.60589, 629.983, 1549.83
3.21842, -953.359, 104.617
5.75757, -995.219, 1519.32
3.87677, 1650.83, -1800.15
7.26215, -767.826, 1355.86
4.58238, -1472.58, 46.0326
3.03869, -245.542, 746.981
4.70633, -1528.65, 1068.7
6.28811, -787.111, -539.591
2.77803, -698.739, -531.593
3.51241, -1.1537, 229.322
6.82305, 1782.35, -1388.7
6.52456, -547.434, -27.9698
2.78861, -1304.78, -1249.47
4.40304, -96.5025, -1338.54
4.56124, -198.249, 1437.66
2.80071, -698.85, 609.685
7.09746, 1523.1, 1253.32
3.35398, 1098.78, 1683.71
6.51634, -1731.13, 384.729
3.88599, 1378.43, 80.7654
4.44586, 341.819, 1476.35
7.19936, 135.157, 1210.78
6.24573, 355.311, -389.311
3.44774, -696.111, 1467.25
6.89581, 812.392, 936.336
6.8953, 805.428, -1564.71
3.30515, -1519, -494.443
5.87346, -1555.92, -383.223
6.89096, 1182.27, 273.966
6.98262, 504.932, 1013.55
3.06535, 33.8291, 1423.43
5.93789, -446.529, -500.056
3.21651, -1353.38, -1371.03
3.6901, 710.148, -92.2198
5.64383, 1763.67, -414.54
4.312, 1539.16, 748.731
4.64437, 1164.11, 1386.84
4.91936, -96.9294, -1640.67
6.20379, -24.4955, -302.129
3.23098, -695.333, 1568.86
7.36238, -1643.18, -1427.45
7.3158, -1010.47, -481.65
3.14741, -1113.5, 1260.07
5.3784, -552.804, -1153.78
4.66439, 213.537, -373.161
5.50066, -446.656, -497.436
5.85098, -1349.32, -145.583
4.5137, 805.486, 1879.02
6.46691, 1322.24, 1268.86
4.89889, -1804.56, -471.931
5.72449, 629.885, 577.523
4.28836, -533.755, 1211.37
5.96794, -621.237, -433.741
5.83428, -840.63, -1331.06
3.22071, -850.82, 1384.91
7.10415, -1772.61, 392.195
4.22228, 87.0139, -458.369
6.66824, -793.734, -920.572
2.74349, 607.609, -1391.02
3.27936, -521.009, -63.7136
2.55765, 653.47, 916.776
3.94327, 209.369, 1146.48
5.07295, -646.297, -302.926
3.65948, 1321.71, 857.965
2.75022, -523.924, -78.2697
5.33091, -1257, -1462.16
6.69774, -296.084, 1288.04
4.28763, -1280.72, -899.507
4.3452, 327.313, 1664.41
7.22226, 538.24, -128.757
4.72425, -1735.34, -341.471
6.82086, 861.309, 353.665
5.82654, -1542.18, -1410.26
5.79297, 331.448, 1276.97
7.10736, -1847.29, 1850.99
5.11536, 1812.57, -1288.78
5.45229, 873.494, -879.244
5.79944, 1320.47, 1327.63
4.24765, 537.472, 914.779
4.11714, 629.471, 94.942
7.08984, -184.424, 1425.39
3.08619, 1825.8, -873.458
7.31268, 1199.12, -249.284
5.17978, 120.948, -522.869
5.81447, 1518.07, 1280.03
5.48362, 1691.81, -970.273
6.93363, -1017.05, -1407.84
6.67999, -1300.21, -1136.98
6.69339, 498.97, 335.757
6.85642, -341.453, 601.296
2.5002, -1564.15, 679.705
4.77274, 574.443, 628.384
4.25696, -1778.99, 428.758
5.80713, -498.462, 1369.11
6.22234, -1725.08, 298.699
3.3821, -346.196, -961.195
7.4621, 1628.04, -1484.58
5.95466, -1766.98, 393.833
6.97862, 326.986, -18.5251
3.51579, 603.246, -175.999
7.2356, -956.964, -138.097
4.88476, 1730.67, -901.997
6.78578, 1759.26, -1518.98
6.41237, -1772.81, -1091.29
5.70687, 1749.35, -1729.27
3.14521, -1422.97, 385.568
5.77944, 29.8065, 1381.96
3.09199, 117.086, -12.7216
3.88793, 590.665, 1493.49
6.65548, -513.459, -521.531
6.14153, -1464, -1005.56
6.74348, -1213, 575.398
3.43989, -1444.95, -1721.35
6.09602, 1091.8, -627.919
4.25586, 319.902, 600.498
3.34555, -831.348, -1316.91
4.52383, 654.36, -1013.55
4.20924, 304.264, 1438.43
6.67141, 661.514, -166.463
3.9111, 1410.68, 1192.76
5.16766, -1284.71, -922.127
6.25085, 1818.64, -1684.58
4.62554, -1232.13, -1513.84
4.66964, -982.985, 1127.15
3.03022, 1668.53, -1837.71
6.4639, -74.369, -859.336
3.91232, -1245.71, -904.131
7.14264, -1078.66, -460.32
5.37926, 482.382, 1013.02
3.4895, 1558.83, -595.013
5.99081, 1105.71, -1418.37
3.07265, 929.091, -1709
4.22945, 545.865, 1463.29
4.15646, -1064.73, -462.085
6.42735, 1663.54, -1815.73
6.65775, 900.992, -422.287
4.21712, -1442.49, 1479.71
4.2603, -486.697, 1674.7
6.38197, 232.021, -1504.14
6.58658, 19.5281, 1358.5
4.26157, -348.298, 582.254
7.09559, -792.658, -538.625
3.2877, 997.764, 469.565
5.56029, -930.234, 1204.61
5.54222, -850.809, 1384.78
3.16647, -470.108, -1388.31
3.51409, -1384.45, -1021.94
4.79457, -1630.45, 972.734
3.48759, -970.503, 1724.85
6.77118, -1629.67, 718.881
6.54562, -1493.57, -1296.39
2.80131, -1718.28, 1633.95
6.50584, -1393.88, 1267.51
5.49597, -334.518, -1041.9
7.43182, -1762.46, 423.377
2.65919, -183.842, 1334.9
6.8356, 1779.89, -1385.21
3.69109, 1196.14, 604.464
3.6127, 402.867, 739.233
4.73907, -1723.89, -1119.35
2.61231, 1722.95, -372.864
6.79755, -497.346, -79.2516
4.15902, 469.155, 1044.62
5.72195, 595.996, 566.584
7.43521, -1772.34, -1041.3
5.30162, 579.687, -1130.44
4.74553, -1534.88, -483.439
5.213, 269.844, -1357.09
2.90797, 1569.84, -46.5709
3.99606, -1522.63, -458.714
6.63964, 1527.3, 1229.43
6.48936, 1202.44, 1705.88
5.71048, -234.274, 1319.21
4.84105, 1220.98, 697.158
7.15326, -326.394, -1028.62
5.08798, -493.966, -52.7303
7.42924, 1585.65, -996.368
5.94567, -77.8665, -1356.77
6.19966, -344.394, -961.759
3.46323, -808.894, -1737.66
6.08881, -931.455, 1179.56
6.11146, 1174.61, -241.061
6.49298, 587.952, 297.077
4.23216, 498.358, -1869.36
5.1481, -10.3021, -310.716
3.19001, 1483.84, -673.664
6.73218, -444.63, -484.531
6.32766, -29.0338, -1596.57
7.5, 1728.56, -850.665
4.24891, 978.237, 1883
5.50367, -1122.66, 1105.61
3.50808, -972.507, 71.0407
6.2385, 87.9797, 289.185
6.49225, 1805.02, 446.501
3.03505, -1380.49, 207.605
5.35813, -993.985, 76.9797
2.84683, 709.146, -743.508
4.16036, 1359.05, 1348.93
5.80945, 902.766, -1365.85
5.27726, 264.276, -334.719
7.12415, 453.011, -17.3222
2.69832, -895.51, 386.087
2.62083, -552.997, 409.115
4.61923, 459.741, -1268.54
4.36987, 857.016, 349.651
2.93303, -440.969, -483.526
3.05403, -261.945, 317.686
5.31992, 697.668, -699.948
7.37269, 5.13445, 1412.73
3.05066, -38.0622, -1616.28
5.99352, 204.16, 1812.12
2.79674, -147.843, -1354.89
4.69755, 1607.35, -92.2943
5.24651, 1880.46, 1387.17
3.45129, 1321.85, -1443.36
7.36597, 693.587, 592.671
3.19593, -1289.43, -197.259
5.48978, 1684.23, -916.756
7.12812, -1679.89, 1401.59
3.91116, -127.182, 1706.33
6.8307, -322.811, -179.904
6.29598, -383.334, -1130.83
6.10793, 682.125, 1171.57
3.34241, -659.204, 682.579
3.32882, 1542.04, 746.605
3.39076, -1296.99, -1852.83
5.87226, 607.095, -1112.65
4.83484, -578.807, 12.0115
6.85219, -1539.81, -709.752
5.76023, -1350, -152.362
5.80464, 1483.73, 1665.3
2.58037, -1322.45, -1135.74
4.30596, -1492.18, -1298.21
3.72747, 1759.72, 216.015
6.93086, -1774.82, -1765.23
5.23701, 1635.08, 1575.21
6.57209, -74.2738, -1240.31
5.24453, 329.092, 1646.83
4.16156, 973.789, -120.82
4.40213, -41.9846, -1283.92
2.52389, 1755.18, 1220.83
6.95226, -164.625, -812.971
6.16955, -873.738, 1290.44
6.04239, -221.754, 1354.99
5.1278, 161.275, -398.054
6.41065, -304.452, -1547.99
3.42484, -811.962, -852.243
5.72673, 546.459, 901.915
3.42178, -1271.26, -540.632
3.31214, -9.03566, -209.649
2.65594, -381.33, 1664.95
7.42716, 288.162, -1380.71
4.04559, -588.289, -1330.74
4.11075, -1271.68, -577.943
5.51155, 508.913, -427.425
2.89107, -636.861, -1754.5
3.93936, -4.91075, 118.291
5.79307, -348.523, -949.558
7.36348, -1789.97, -729.74
7.27758, -723.024, -1490.85
7.42745, -1262.82, -539
7.30478, -1696.05, -1343.8
3.0073, -987.918, 1182.76
3.71505, -298.478, -993.843
6.91151, 211.078, -747.395
5.28805, 672.334, 1232.41
6.7669, 1557.03, 1073.29
7.49145, -1046.42, 1115.41
3.99751, -365.298, -953.162
6.33157, 1885.68, 813.745
4.81901, 573.44, -332.479
6.8168, -1292.01, -1483.72
6.99018, 1673.79, -96.8398
7.377, 494.857, -819.045
2.77405, 1141.53, 350.482
6.32605, 1777.44, -1269.15
5.09219, -1787.14, 1481.14
3.46574, 1855.25, -337.103
6.98252, 445.743, -1081.85
6.38492, -1623.88, 215.301
2.75968, 771.085, 1040.57
7.47331, -1624.23, 1489.31
5.93659, -193.705, -789.469
5.94854, 1713.97, 985.816
6.57666, -1314.23, 1551.1
7.05426, -153.03, -956.758
3.34218, -405.1, 669.317
5.24183, -1190.73, 1537.84
6.53351, -1079.35, -457.988
4.17803, 664.924, -1011.39
5.53435, -201.465, 64.4987
6.59602, -1727.1, 683.083
7.3485, 80.6689, -430.617
6.29349, 1051.4, 1095.02
3.72113, -321.361, -177.114
5.80589, -1152.77, 723.207
4.21574, -1007.23, -460.081
7.27146, 701.071, -726.563
2.60828, 1543.08, 1042.75
4.54979, -1751.53, 1802.55
2.55789, 1104.87, -1384.47
3.04964, 1729.93, 391.872
5.28259, -1622.4, 211.771
4.45466, 52.5567, -483.461
7.20539, 257.023, -323.814
2.55572, 386.434, 786.105
6.22897, -294.825, -976.484
3.84293, 310.223, 268.205
4.27153, -1251.83, -1492.24
3.45835, -896.603, 1276.61
5.14832, 618.398, -261.395
4.39478, -138.387, -1646.47
3.16407, -74.2791, -1667.07
4.26563, -375.287, -926.984
4.2497, 1544.66, 1865.45
7.41084, 1161.64, -261.925
5.25961, 293.084, -677.019
4.99918, 77.8757, -1435.3
3.58531, -1645.37, 744.149
4.37311, -475.667, -1163.81
6.78251, -1293.31, -917.646
6.45578, 1588.74, -953.534
3.9204, -1038.54, 1710.23
5.07645, 872.106, 261.015
6.79238, -495.674, 51.3573
7.07844, -1695.13, -393.97
7.48941, 297.179, 1718.43
6.53177, 249.177, -349.779
5.22718, -1728.04, -287.827
7.3461, 298.143, -1407.03
5.31931, -1132.59, 752.691
4.03031, -894.531, 1293.7
5.41853, 1774.7, 1765.33
2.91197, 148.557, -498.231
5.47382, 687.928, 1161.92
3.31968, -1147.08, -1169.25
6.46527, -1241.7, -1016.6
2.95373, 1212.57, 1344.06
6.3072, -960.25, -1349.15
6.83996, -546.828, -24.8551
6.40105, 249.088, -675.953
6.61399, 1761.79, 1698.85
6.70974, 727.773, 1083.39
4.48328, 864.922, 449.052
6.508, -282.428, 326.179
6.56811, 700.959, -59.3237
5.43493, -793.848, 169.634
4.64621, 1537, -21.0825
2.5002, -81.3251, -863.931
5.31153, -1557.17, 665.998
6.22632, 724.801, 653.471
3.89846, 1747.42, 522.233
2.93406, -1815.89, 1097.44
3.5733, 1717.41, -1720.41
3.93296, -929.83, 1157.73
4.86595, -751.018, 925.161
6.95893, 1696.41, 1664.14
5.91955, 987.875, -946.658
3.54376, 13.7945, -316.435
6.67533, 1514, -47.7604
7.09218, 1833.46, 1801.39
4.48244, -1024.15, -1339.17
6.37858, 1067.15, 1010.96
5.68161, -226.52, -195.719
6.64746, 953.875, 497.56
3.40204, 1035, -953.517
7.45927, 1111.12, -1466.72
6.70558, -266.418, -1570.04
4.65177, 1703.39, 473.466
4.38589, 1173.3, 1629.82
2.70802, 1181.97, -982.343
6.80715, -1432.75, -1004.72
6.62116, 1775.87, -1714.24
6.25052, -3.72189, 1412.01
3.55801, -362.522, 1800.22
4.31029, -1506.86, -375.722
4.43545, -1269.53, -1495.69
7.32918, 1537.13, 1187.73
6.5872, -233.545, 1355.15
4.5755, -128.686, 864.328
5.83759, 414.215, 255.477
2.52101, 1021.15, 1809.48
6.98048, -1417.36, 428.224
3.68416, -689.774, 692.299
3.79415, 678.717, -308.265
5.4939, 754.136, -1325.78
6.89823, -1645.91, 732.94
6.16299, -1196.34, -1165.73
6.0773, 1645.64, 1151.88
3.57724, -1149.42, 973.428
6.30413, 1378.19, -1858.97
3.85351, -353.19, -963.549
2.75246, 1249.31, 609.356
4.78866, 651.042, 575.974
2.58759, 816.685, -1436.01
3.01129, 122.526, -450.041
2.639, -378.462, 586.446
5.65921, -718.547, -1048.91
6.34425, 84.6015, -450
2.74132, 1077.94, -1584.39
6.6924, -58.8207, -1250.72
6.76899, -449.893, -463.189
6.57649, -1009.58, 1144.31
6.85188, 1580.18, 717.197
5.27222, -1222.27, -315.81
6.12646, -435.45, -46.7831
3.20424, -983.547, 1672.29
6.6115, 1153.73, -990.648
5.51185, 1355.87, -358.282
4.93856, 956.728, -1728.13
6.14942, -501.576, 1687.42
4.05164, 1507.58, -1299.39
3.93925, -1412.79, 639.427
5.45857, -1792.69, 1445.73
5.34055, 1155.57, 1648.82
5.41059, -1753.23, -1102
2.84132, -1349.62, 564.25
4.34304, 288.261, -696.888
6.28475, -1754.1, -1113.6
6.35297, -895.52, -1675.68
4.27217, -845.94, -508.675
5.98913, 360.469, 1732.56
5.08005, -1278.58, -555.698
5.94494, 701.69, 277.765
6.18066, -163.122, 1269.57
2.56231, -633.008, -1278.81
7.16549, 1187.12, -258.777
5.37826, 326.894, 205.592
3.05587, 1001.84, 1874.72
4.87388, -189.114, 15.9195
3.24247, 526.752, 154.132
4.22594, 166.395, 863.679
7.04476, -1759.36, 351.004
4.54571, 37.3764, 1048.05
5.96642, -1293.57, -189.97
3.35865, 755.16, -1617.36
6.21715, 1687, -974.158
4.16319, -837.822, 1348.46
4.62157, 1199.82, 568.506
2.79523, -293.492, -211.472
5.09005, 511.68, -405.146
5.94425, 874.328, -1113.04
5.01149, -552.593, -20.9047
6.56617, -366.861, -1435.77
3.07974, 226.516, -1778.87
5.24841, 520.534, 971.941
5.06046, 706.655, 51.5748
6.02649, 1832.74, 919.592
5.65083, -544.849, 1702.42
4.0207, -106.576, -1294.22
6.74719, 718.824, 649.848
3.39619, 1224.15, -51.7387
2.61737, -956.479, -165.576
4.19467, 1352.5, 77.9211
3.43818, 756.448, -263.664
6.60467, -535.662, 341.92
6.72507, -1691.11, -396.021
6.78031, 1690.95, -1368.71
7.37454, -1793.07, 1254.07
2.99587, 820.721, -861.147
2.56182, 1137.27, 1242.28
2.58614, 463.632, 1055.18
2.64527, 391.458, 248.19
4.1031, 297.236, -698.357
6.17815, 1211.08, 579.626
3.14876, 640.746, 921.674
2.5161, -767.406, 923.297
6.91905, 269.763, -1493.38
3.70482, 407.772, -1062.29
4.38481, -1577.03, 1450.51
4.44879, 1186.31, 247.544
2.81534, 1225.23, 627.619
7.30792, 367.232, 1743.26
3.75349, 1406.68, -692.438
6.85376, -1270.1, -177.767
2.85991, -1728.58, 643.964
2.70653, -1099.12, 1156.49
3.46378, 664.34, -987.473
3.86708, -601.844, 616.994
7.4007, -1848.05, -689.601
3.60607, 654.5, -1023.49
6.43119, -1711.89, 1643.87
4.42306, 483.986, -752.384
3.78593, 890.285, -1240.33
3.91087, -1763.53, 162.851
7.33834, 1759.69, -82.056
4.22841, 1384.57, 299.353
3.45922, -1781.63, 1444.66
5.05037, -1086.79, -711.91
5.21857, -1036.85, 1175.77
5.72333, -1322.52, -1151.33
3.89738, 13.4911, 1392.67
3.41887, -631.245, -1308.56
2.71579, -1687.5, 672.157
3.98408, -878.581, -451.555
4.25548, -457.995, 250.06
7.09372, -878.03, 1290.93
5.81225, 958.573, -681.253
5.08041, 1664.89, 1096.95
4.03763, 1105.17, 1056.04
3.0007, -630.474, 273.473
3.47502, 709.062, -1738.08
4.11407, -31.5293, -243.013
5.56182, 1736, 166.852
5.13511, 1841.17, -1865.29
3.45653, 606.055, 566.206
4.7178, -1290.3, -889.015
4.48693, -1287.88, 1587.96
6.28051, -1163.35, 1511.99
6.6213, 1434.06, 1208.67
5.51573, 248.474, -714.052
3.04573, 1133.74, -1518.23
4.11797, 914.995, -334.612
5.03403, 60.2572, 600.37
4.76521, -1281.48, 1576.68
4.77315, -296.346, -918.736
4.91125, 1779.65, 1771.3
5.07896, 720.613, -1299.77
4.50207, 345.381, 1600.09
4.22945, 1848.23, 803.69
6.64533, 1765.49, -396.376
3.02204, -1338.27, -1456.5
6.40057, 1083.76, 1037.21
3.19919, -573.417, -456.065
2.62171, -1459.15, -1033.98
6.0664, 741.395, -1371.36
7.15538, 259.541, -1540.87
7.47667, 462.988, 305.252
3.86264, -1781.4, 289.864
3.6923, -1009.73, -444.351
3.87328, 1774.89, 1201.01
5.70836, -1708.72, -1385.2
5.17637, 572.088, 261.951
6.8967, 1569.41, -590.713
6.75968, -1325.73, -1465.64
2.98004, 1633.64, -98.1908
4.66818, -1446.87, 428.364
3.17045, -304.414, -1440.58
5.86802, -378.087, 616.421
5.34964, -53.8439, -857.449
3.66474, -1039.97, 1111.57
5.50306, 487.731, -1278.93
2.6551, -1463.48, -3.75749
7.08512, 1056.2, -566.86
3.82958, 1704.32, -399.643
6.50016, -323.742, -1043.97
5.46389, 201.176, -1494.39
5.0822, 668.966, 1137.31
5.2567, 741.834, 1161.69
3.47225, 938.979, -424.426
5.36152, 299.108, -1404.64
3.81992, 363.453, 828.257
4.41648, -1562.23, 1019.23
2.73626, -1455.42, -1726.01
4.22823, 1100.72, -1377.31
3.61594, 1263.26, -822.199
3.81264, 39.6625, -1443.6
3.05141, -773.84, -890.509
7.40088, -1360.18, -15.7811
5.93794, 1570.57, 1243.97
5.82158, -1088.4, -724.401
5.99501, -1172.09, -1313.12
2.68746, -1645.15, -1427.8
3.6706, -1273.07, -1491.44
3.95397, 1443.56, 1313.44
3.50543, 30.3, -397.103
2.7177, 722.773, 580.232
2.56571, -1060.72, 1124.76
6.07297, -988.562, 1552.06
6.88348, -1670.89, -1180.41
5.35088, -1697, 703.609
6.92743, 1686.21, 1640.81
5.20042, -766.938, -531.147
3.31357, 1693.09, -1302.91
3.30492, 1849.14, 927.179
7.19182, 622.506, 477.26
3.45628, 1020.97, -1574.97
3.15761, -28.7372, -243.356
4.41122, -503.845, 114.773
6.12674, 572.792, -368.938
2.50651, 1105.88, 1639.56
4.60222, 65.2098, 1422.49
5.18984, 506.476, -402.578
4.86596, -448.264, 463.696
6.33003, 1105.69, 1643.61
2.9396, 1010.79, -956.416
7.04284, 292.769, 625.653
3.20818, -1618.79, -803
2.54782, 685.967, 2.33424
2.82267, 510.572, 898.922
4.96742, 736.09, 440.806
5.40914, 994.547, 1860.15
4.03373, -1796.17, 1072.95
4.57091, 1600.21, -118.582
4.33401, -1210.49, -1256.31
3.42687, 308.308, 1274.36
2.76788, 1268.56, 223.16
4.47222, 1011.42, -96.5139
3.98388, -645.911, -330.274
5.05388, -761.945, 1618.05
3.75392, -1414.08, 394.772
5.01589, 1754.03, 1770.01
2.51168, 27.2361, 1554.5
7.01807, 1791.62, -894.823
2.79181, -1810.52, -1812.86
5.17506, -1169.42, 1531.42
3.95754, -753.68, 1618.18
7.3023, -1565.48, -474.112
4.73406, 673.25, -177.202
5.08479, 1632.62, 400.4
5.93861, -462.38, -43.8288
2.72187, -313.743, 92.0338
7.2946, -1535.41, 1170.9
5.70852, 735.087, 293.708
2.80215, 1090.55, -1392.2
3.33964, 179.075, 519.389
5.76491, 918.321, -404.638
6.19864, -1564.39, 669.714
3.57011, 1595.66, 414.095
4.31441, 248.036, -1480.79
6.56981, -1283.06, 1792.4
5.32057, 1591.64, -944.14
7.45886, -42.6357, -1615.34
6.5669, -1536.79, 683.377
3.49157, -1861.71, -30.2241
2.50003, -307.005, -1538.95
4.62608, 1711.39, -1426.81
4.07406, 1664.31, 405.157
5.56218, 1187.75, -1771.94
3.83351, -328.873, -1035.45
4.39881, -1181.05, -163.831
5.43397, 1758.84, 562.065
5.95636, -259.257, -950.772
7.26736, -796.306, -1063.61
4.89785, -598.274, -1776.94
3.60319, 768.747, -1339.11
5.33741, -1313.04, -982.144
6.09873, 665.829, 621.318
4.4953, -932.495, 1216.13
3.48326, -1312.17, 1857.72
6.66971, -1237.53, -1491.85
5.59561, -895.116, -1677.9
7.26866, -546.944, 305.008
3.23222, 33.5032, -394.138
5.38953, -2.67378, -865.438
7.26796, -869.038, 1376.75
3.62331, 1393.47, -1920.74
7.25137, -956.902, 1519.09
3.07874, 1571.41, -943.062
2.58372, -4.00592, -330.71
3.90465, -676.283, -280.885
7.15042, 1284.17, 235.613
3.04796, 1505.49, 1669.61
6.77266, 7.29638, 1429.81
5.68532, -1369.85, -1431.51
5.63853, 824.23, -1364.07
3.80589, 1432.95, 1301.12
5.13936, -1699.3, 405.916
7.16608, -464.007, 1722.49
3.98055, 1747.89, 213.578
4.78006, 404.995, 740.059
6.35659, -1293.69, -1178.3
4.17193, 294.616, 219.071
6.31775, -115.533, -1566.86
6.65892, -71.8349, 1734.59
2.64618, -1442.67, 1111.39
4.31315, 1375.31, -507.692
4.16221, 563.339, 891.349
3.17675, -1014.87, -419.542
3.00839, -567.089, 1223.52
5.11327, -1187.76, 1531.09
3.52046, 80.0571, -1003.34
5.00728, -1646.37, -1182.3
5.1371, -90.1028, 1819.41
4.13422, -509.975, -500.094
4.75888, 497.01, -771.843
6.85263, -44.3075, 1792.71
4.72884, 1153.33, 1652.12
6.03726, -919.459, -1618.44
6.83171, 1766.15, -1387.61
6.5822, 1647.87, 390.721
2.67504, 1650.22, 1617.68
3.8644, -1220.27, -523.363
5.21858, -798.204, -852.905
3.19942, -1741.46, -1088.99
5.57408, -1497.71, -1732.32
3.29182, -1104.12, -1206.24
4.41129, 227.275, 424.091
5.94997, -203.526, 353.77
3.21128, -782.453, 948.247
5.65284, -1578.24, 1464.03
3.15973, 306.631, 1741.59
7.13583, -1409.44, 384.023
5.53465, -1790.65, 1529.43
5.50388, -1707.34, 672.62
3.33635, 1145.52, -992.499
3.301, -1602.49, -827.72
5.91628, 1175.8, -46.2682
5.1456, -1369.5, -75.2884
3.65264, -199.021, 1388.17
6.55373, -923.587, -140.27
5.76477, -832.66, -1086.5
4.08597, -1193.8, -1152.27
2.53953, -503.748, -1563.92
3.49176, 1431.83, 1275.64
3.78831, 33.7849, 737.916
3.03825, 1677.96, 32.8878
3.49545, 256.63, -774.25
6.75079, 1578.97, -1521.41
6.63912, -1790.07, 389.87
6.76813, -1783.97, -1115.94
5.71027, 583.852, 1533.53
3.6787, 1393.26, -1924.64
6.80638, -1009.83, -1507.41
5.4745, -13.2493, -252.908
2.52745, 963.684, -124.121
6.84925, -1306.45, -926.115
7.37729, 1225.76, 318.877
5.59653, 704.176, 50.8837
3.85574, -1697.12, 664.092
7.46973, -427.289, -1098.08
4.60751, -1335.71, -945.996
4.20537, -1549.63, -1187.61
4.80717, 675.895, -193.218
4.44822, 496.026, -805.563
4.613, -15.3708, 1015.22
2.84879, 264.744, 616.838
5.5153, 30.0054, -246.118
7.36114, -103.174, 402.316
5.07406, -1433.01, -981.393
7.45461, 1753.22, -265.104
5.84906, 1236.23, -350.955
4.01716, -1192.44, 104.872
3.47371, 1660.62, 1164.09
4.0109, -1458.69, -1654.79
4.93946, -703.581, 896.329
4.72438, 989.996, 1849.68
5.7844, 718.985, -1740.36
3.74227, -1453.08, -1402.75
4.72007, 87.6301, 1067.85
5.75894, -1342.29, -69.4257
6.67472, -1379.33, 540.519
6.03698, 349.019, 1570.79
4.93928, -1673.95, -1173.29
6.72039, 768.941, -410.37
7.00296, -1017.22, -482.221
6.33082, -1357.2, -952.94
5.29453, 1311.47, 1773.84
2.70603, 4.98013, 143.813
5.46749, 1093.78, 162.851
2.68674, -1146.89, 1542.96
4.53488, 143.97, 844.23
2.84243, -1840.55, -1712.26
7.38558, -1462.14, -1810.68
2.5956, -954.838, -554.519
6.60363, -332.4, -508.118
5.2195, -767.583, 1596.2
5.72828, 1459.27, -658.546
3.62934, -541.507, -16.4561
2.733, 1754.89, -1339.46
3.63154, 454.103, -1096.26
4.58371, -1271.48, 254.374
6.40126, 499.816, -1213.88
3.72852, -1702.21, 660.253
4.81411, 1188.61, 332.606
6.14756, 1812.65, 560.906
5.35237, -692.604, 1570.57
5.45997, 1811.79, 1787.78
4.98425, -1688.2, 533.073
3.951, 881.05, 315.125
4.71107, 29.7314, -469.696
2.53669, 1647.59, -824.96
7.41683, 977.346, -686.093
2.52822, -1498.64, -416.349
4.8676, -225.9, 1415.18
5.86497, -671.217, -290.531
