6.27803, -1473.05, -1994.5
3.5948, 127.974, -173.854
5.89648, 717.469, -1809.33
5.09708, -467.78, 1743.71
2.76731, -1863.5, 1319.71
2.53849, 678.776, 121.642
4.58743, -1725.37, -465.471
7.15218, 356.367, 748.788
2.95982, 105.544, 1384.33
6.00595, -329.173, 625.894
3.81226, 1051.68, 1638.59
4.14117, 943.886, -1806.98
7.45519, 1022.99, 527.188
7.41275, -1017.37, -547.62
5.75759, 1011.15, 888.989
6.92354, 525.812, -1705.89
6.33247, -250.371, -907.535
3.87453, -1041.75, -93.2178
4.93259, -1344.12, -600.097
2.80282, 1638.87, 1585.84
5.08146, 16.9668, 1614.25
4.96988, 1942.17, -724.742
7.23882, -1633.77, -936.298
4.42071, -11.8204, -1687.19
5.14874, 1652.19, -894.063
2.75042, 1760.28, -137.11
6.63909, 1081.41, 1056.78
5.94228, -1930.29, -1495.83
6.18112, 518.015, 1471.73
6.94286, 1988.82, 901.014
4.25508, -770.055, -1068.28
6.72991, 364.651, 52.657
3.84659, 1335.93, -330.046
4.83959, 147.479, -342.495
3.2686, -1283.97, -844.626
2.66527, 1215.36, 285.503
7.2768, -8.69083, 141.132
6.95369, 219.152, 990.857
3.29884, 1364.18, 497.401
3.15214, 858.237, -1147.31
2.515, -902.797, -1634.36
6.0491, -1910.56, -351.392
3.40448, -1034.68, 1746.56
5.76029, 1546.51, -727.027
4.42907, 727.653, -1397.79
3.23766, -14.2021, -454.605
5.45054, 1374.63, 346.92
3.24076, 231.145, 1820.17
3.2091, -364.049, 1929.74
4.94257, -989.038, 257.478
3.13015, 1833.31, -136.445
5.64635, -720.206, -1197.96
5.60817, 603.43, -1489.76
4.88216, -1004.76, 1209.03
2.64188, -1175.84, -460.346
3.21011, -288.099, 1604.26
3.15594, -360.076, 1785.9
3.31099, -1635.51, 1531.04
3.76529, -537.652, -1711.21
4.77654, 1138.82, -1463.7
6.54472, -189.921, -600.916
3.57624, 605.786, 1722.37
3.75063, 1634.03, 725.655
5.02978, -115.6, 1442.35
6.27922, 1269.96, 390.173
5.66369, 1806.58, -145.242
5.9449, 1289.17, -248.403
7.27207, 1944.6, 812.702
5.18713, -844.399, 1411.94
4.57014, -1580.89, 59.0812
4.70019, 1504.47, 308.733
6.07821, 1474.96, 918.165
6.20858, 822.34, 1199.68
5.12494, 1542.82, -1921.51
6.06711, -1735.65, -147.541
5.91025, 669.659, -43.7888
6.82941, 1665.16, -1199.97
3.19597, 173.363, 1555.73
3.57766, 1950.59, -200.102
5.0733, -733.633, -219.037
4.83766, -239.821, 1516.73
3.55759, -537.202, 1225.09
5.65244, -1381.78, 1982.46
2.5044, -1978.8, 448.897
4.09589, 907.589, 1091.23
5.90281, 728.2, -321.29
6.0446, 1343.61, -1176.86
2.90869, -1619.66, 1312.47
3.56926, 526.165, 1063
4.44412, -1672.6, -1144.31
4.44927, 1794.84, 1807.07
3.92018, 767.121, -922.598
4.6123, 1132.71, 1105.2
2.55658, -1218.44, -873.985
3.72027, 1908.42, -1236.7
4.49072, -1449.51, 1284.58
6.64177, -1293.77, 403.389
3.78584, 1948.63, -1371.34
3.59705, -1600.37, -1065.6
6.47385, 782.137, 538.205
5.8476, 1008.78, 784.181
5.49108, -1779.46, 557.977
5.99917, -725.981, -1088.75
5.13062, 1051.77, -1526.78
4.14833, 360.786, 208.548
3.30844, -1428.55, 809.03
6.56633, 1438.74, -57.6726
4.08004, 956.071, 229.267
4.05369, 111.79, -1460.77
4.65424, 71.5436, 346.328
4.46509, -498.097, -954.921
4.43916, -97.6236, -220.18
4.34871, -1681.77, -884.528
5.88118, 686.64, -985.521
6.10384, 910.401, 56.0007
7.20082, -144.119, 1786.35
5.08573, -158.596, -714.485
5.5282, -390.42, 645.719
5.85049, -1393.39, 1950.84
5.11404, 164.453, -621.204
3.87105, -1929.21, 1307.47
7.08924, 186.757, 571.09
3.73367, 1875.11, -929.874
4.77876, 772.809, 1371.77
3.30374, -1909.3, 1272.27
4.68319, 828.987, 823.419
7.45767, 1001.72, 333.479
6.26931, -880.18, 782.286
4.97846, -1977.45, -1313.2
7.01651, -1326.12, -1680.25
4.68213, 985.884, 1127.93
5.09239, 337.959, -1969.86
4.44866, 176.259, -1727.94
5.63431, -452.255, -1136.37
5.19331, 833.844, 636.224
4.35955, 1264.24, -877.808
2.54674, -739.728, 730.859
6.3794, 82.9789, -1581.05
2.85317, -1776.56, -1119.45
3.98511, 892.642, -1359.07
4.78581, -89.0277, -1789.65
3.25156, -192.265, 85.2756
5.97819, 1335.91, -859.121
4.15587, 741.303, 319.931
5.21197, 1944.41, -1766.08
2.64678, 1430.95, -1983.44
5.38086, -42.2844, -481.673
5.18133, 728.488, 951.111
7.36678, -1512.52, -1853.59
5.57063, -595.239, -1243
5.26431, -1493.6, 427.386
6.69051, -560.979, 1813.57
3.75764, -968.611, 1885.73
6.98957, 1256.02, -294.054
5.97428, 1034.28, -1014.29
5.82752, -945.843, -191.753
3.06838, -1160.55, -1536.8
3.37987, -1969.3, 188.803
2.91253, -272.344, 393.873
6.68103, -496.276, 746.337
2.64818, 1884.58, -1517.44
6.34719, -6.82676, -1698
4.29829, -1002.65, 1733.78
6.24626, 2.81318, 1072.88
6.28385, 725.827, 685.074
3.60834, -1076.59, -1850.13
5.58305, 610.297, 252.804
3.66846, -1099.93, -509.941
6.22052, -1337.55, 609.546
5.80997, -1818.48, -1368.26
4.9209, 1803.04, -1496.28
2.58972, 1656.11, 480.631
4.98291, 890.881, 387.336
5.09587, -227.859, -1779.36
4.71395, -1748.97, 1065.61
4.14528, -126.027, 1903.14
3.52671, 971.438, -215.316
7.19863, -505.367, -1309.33
2.85168, -999.045, 1854.15
3.30042, 104.304, -1499.19
6.70788, -1575.77, 68.724
4.13614, -314.916, -538.75
6.85942, 311.979, 854.557
5.99896, 1344.43, 1032.39
5.52801, 1739.46, -442.093
4.77536, 158.555, -543.242
2.91543, -1041.61, -363.138
3.94883, -110.274, -305.316
6.51009, -1138.26, -1576.64
6.81821, 671.925, 112.404
3.81831, 844.35, -1023.44
4.79881, -1673.8, -470.358
4.95672, 1209.32, -1056.31
5.82344, -934.995, -1982.41
7.31738, -1253.22, -303.693
7.23022, 1174.41, -1466.77
2.81902, 448.335, -1312.5
5.04829, -813.985, -618.378
6.13222, 1336.93, 1309.46
5.65882, 1204.57, -680.066
3.26658, -1832.24, -1817.86
5.09652, -1736.95, 1082.86
3.52281, -1115.28, 1712.83
6.03231, 799.453, -1642.71
6.05786, -950.75, -26.2914
3.66304, -1168.66, -474.996
6.80594, -130.685, -267.65
2.67122, -220.231, 1904.37
6.26587, -1872.01, 99.7035
4.14789, 1287.97, 355.717
4.65309, 144.182, -1069.25
7.33455, 1942.18, -386.627
4.05803, 1467.85, 1395.94
5.69762, 1982.3, -1403.87
5.95386, 1731.71, -125.392
5.36403, 162.118, 1259.27
6.60667, 1782.41, -1365.49
4.21807, -1812.88, -1364.25
5.09387, -1616.88, -1554.81
6.78438, 245.366, -1905.84
6.18587, 694.754, 74.5817
3.45992, -1897.77, 784.455
2.83145, -616.369, 682.249
3.60828, 1685.86, -1435.56
3.33656, 342.232, -474.183
6.31172, 764.284, -1880.31
5.44905, -1688.5, 851.288
4.65223, 1718.97, 1704.04
7.09618, 1322.71, 24.1221
5.09668, 891.666, 390.561
7.38058, -1356.09, -40.0122
5.15714, -906.425, 295.539
2.98716, 668.294, 789.392
5.83983, 439.38, 196.278
5.44444, 280.529, -42.9011
5.01137, -1404.73, -219.192
2.75808, -1868.57, 922.098
2.6753, -700.032, 64.0539
4.41484, -1571.33, -1023.21
5.55555, 383.416, 207.144
5.06574, 1084.47, 1746.74
5.98498, 603.068, -52.9982
4.89891, -51.3348, -370.499
3.88323, 136.727, 842.829
6.01685, -878.892, 420.206
3.67701, 1751.16, 118.726
6.41501, 381.896, -349.303
6.60589, 723.37, 1676.93
3.21842, -1074.57, 108.017
5.75757, -985.106, 1609.54
3.87677, 1741.32, -1976.04
7.26215, -873.086, 1433.49
4.58238, -1505.52, 27.7319
3.03869, -253.637, 808.023
4.70633, -1598.34, 1063.81
6.28811, -833.799, -608.103
2.77803, -677.108, -642.609
3.51241, -57.2115, 290.952
6.82305, 1887.26, -1565.1
6.52456, -530.749, -27.6822
2.78861, -1359.98, -1348.3
4.40304, -128.131, -1402.85
4.56124, -297.422, 1532.26
2.80071, -764.655, 605.075
7.09746, 1598.32, 1281.93
3.35398, 1077.85, 1606.67
6.51634, -1869.01, 298.509
3.88599, 1446.96, 90.5435
4.44586, 346.357, 1477.15
7.19936, 104.546, 1247.35
6.24573, 320.755, -324.574
3.44774, -649.032, 1521.17
6.89581, 873.714, 971.197
6.8953, 837.712, -1704.3
3.30515, -1622.71, -530.942
5.87346, -1611.17, -332.667
6.89096, 1253.97, 251.958
6.98262, 527.501, 1063.48
3.06535, -52.0361, 1511.19
5.93789, -467.619, -496.904
3.21651, -1685.52, -1519.63
3.6901, 831.205, -89.3157
5.64383, 1898.35, -436.046
4.312, 1634.6, 721.618
4.64437, 1177.03, 1435.93
4.91936, -18.7327, -1687.03
6.20379, -3.56571, -206.054
3.23098, -790.964, 1733.25
7.36238, -1671.65, -1552.28
7.3158, -1036.15, -381.822
3.14741, -1204.85, 1331.72
5.3784, -640.804, -1214.11
4.66439, 341.683, -242.64
5.50066, -480.134, -524.486
5.85098, -1400.75, -273.182
4.5137, 792.693, 1978.26
6.46691, 1279.24, 1393
4.89889, -1956.76, -502.102
5.72449, 590.294, 554.564
4.28836, -491.676, 1197.45
5.96794, -661.721, -441.7
5.83428, -833.942, -1414.62
3.22071, -749.437, 1420.99
7.10415, -1968.29, 432.861
4.22228, 64.9418, -471.804
6.66824, -833.199, -941.532
2.74349, 540.047, -1498.39
3.27936, -495.306, -145.555
2.55765, 663.155, 1020.36
3.94327, 242.697, 1178.43
5.07295, -700.173, -343.901
3.65948, 1366.6, 875.926
2.75022, -482.262, -132.137
5.33091, -1190.84, -1698.12
6.69774, -306.865, 1344.17
4.28763, -1288.69, -847.719
4.3452, 334.758, 1742.83
7.22226, 511.969, -147.187
4.72425, -1816.26, -366.55
6.82086, 990.595, 378.134
5.82654, -1579.61, -1473.94
5.79297, 327.468, 1331.96
7.10736, -1921.9, 1925.67
5.11536, 1880.75, -1229.99
5.45229, 878.696, -884.415
5.79944, 1337.31, 1340.6
4.24765, 583.84, 920.805
4.11714, 671.879, 118.973
7.08984, -223.934, 1477.65
3.08619, 1807.23, -892.574
7.31268, 1352.9, -342.693
5.17978, 93.1902, -664.769
5.81447, 1713.42, 1270.46
5.48362, 1778.09, -1014.4
6.93363, -1012.28, -1493.24
6.67999, -1341.7, -1215.13
6.69339, 493.284, 407.977
6.85642, -430.36, 683.017
2.5002, -1538.17, 672.949
4.77274, 516.354, 702.316
4.25696, -1867.12, 302.757
5.80713, -516.14, 1418.7
6.22234, -1746.26, 305.571
3.3821, -237.243, -892.087
7.4621, 1589, -1628.62
5.95466, -1865.65, 347.046
6.97862, 283.584, -32.7524
3.51579, 749.311, -263.205
7.2356, -912.736, -72.9134
4.88476, 1789.5, -1010.59
6.78578, 1843.72, -1493.12
6.41237, -1964.18, -1121.26
5.70687, 1826.92, -1810.18
3.14521, -1449.65, 295.404
5.77944, 8.11522, 1299.35
3.09199, 106.143, 19.2144
3.88793, 672.577, 1609.52
6.65548, -439.774, -454.028
6.14153, -1504.7, -1027.19
6.74348, -1195.62, 591.855
3.43989, -1569.85, -1895.77
6.09602, 1117.04, -557.567
4.25586, 321.264, 665.135
3.34555, -831.761, -1374.7
4.52383, 679.046, -1099.58
4.20924, 318.029, 1543.1
6.67141, 789.732, -251.13
3.9111, 1396.05, 1168.18
5.16766, -1355.25, -961.922
6.25085, 1989.73, -1705.94
4.62554, -1373.62, -1523.91
4.66964, -1141.01, 1094.14
3.03022, 1716.02, -1865.5
6.4639, -75.5848, -933.096
3.91232, -1146.13, -967.781
7.14264, -1158.2, -474.227
5.37926, 482.173, 1038.74
3.4895, 1634.12, -577.517
5.99081, 1149.6, -1512.23
3.07265, 990.995, -1921.36
4.22945, 614.458, 1576.36
4.15646, -1173.31, -475.82
6.42735, 1656.94, -1925.38
6.65775, 919.339, -425.751
4.21712, -1480.2, 1510.31
4.2603, -549.323, 1774.07
6.38197, 292.499, -1666.48
6.58658, -25.7301, 1376.23
4.26157, -259.948, 567.749
7.09559, -865.134, -602.525
3.2877, 981.469, 506.502
5.56029, -972.399, 1130.53
5.54222, -749.103, 1420.11
3.16647, -504.251, -1492.82
3.51409, -1492.64, -954.703
4.79457, -1714.38, 1002.3
3.48759, -1056.03, 1854.97
6.77118, -1681.49, 748.782
6.54562, -1519.25, -1386.64
2.80131, -1814.72, 1773.41
6.50584, -1436.27, 1312.27
5.49597, -386.037, -1087.24
7.43182, -1782.67, 616.573
2.65919, -325.567, 1279.11
6.8356, 1890.27, -1543.58
3.69109, 1337.95, 696.989
3.6127, 353.461, 864.237
4.73907, -1982.02, -1090.02
2.61231, 1723.5, -347.56
6.79755, -509.875, 42.9295
4.15902, 426.953, 1181.93
5.72195, 613.253, 499.667
7.43521, -1892.14, -965.155
5.30162, 569.201, -1167.87
4.74553, -1516.38, -492.434
5.213, 341.843, -1435.52
2.90797, 1546.21, -65.6228
3.99606, -1610.53, -544.281
6.63964, 1647.04, 1360.2
6.48936, 1251.59, 1876.13
5.71048, -206.048, 1359.45
4.84105, 1261.8, 773.539
7.15326, -395.68, -1221.56
5.08798, -497.451, -146.173
7.42924, 1596.18, -1082.58
5.94567, -162.92, -1447.86
6.19966, -362.034, -891.293
3.46323, -784.876, -1870.67
6.08881, -902.875, 1250.14
6.11146, 1140.07, -362.973
6.49298, 532.672, 307.758
4.23216, 510.762, -1994.73
5.1481, -31.5364, -117.552
3.19001, 1431.8, -722.867
6.73218, -450.733, -411.204
6.32766, -169.534, -1771.15
7.5, 1846.94, -834.277
4.24891, 966.137, 1988.99
5.50367, -1202.32, 1183.03
3.50808, -992.522, 169.253
6.2385, 56.6531, 304.548
6.49225, 1953.81, 432.412
3.03505, -1412.28, 218.674
5.35813, -1014.43, 94.7203
2.84683, 717.191, -667.065
4.16036, 1498.25, 1378.8
5.80945, 974.209, -1416.68
5.27726, 339.408, -384.302
7.12415, 457.897, -23.4513
2.69832, -972.241, 453.703
2.62083, -623.78, 480.803
4.61923, 428.802, -1313.84
4.36987, 921.62, 272.374
2.93303, -471.552, -512.485
3.05403, -324.592, 333.838
5.31992, 737.593, -696.848
7.37269, 123.823, 1485.11
3.05066, -95.4075, -1764.74
5.99352, 198.091, 1963.8
2.79674, -100.577, -1486.68
4.69755, 1671.09, -217.16
5.24651, 1985.25, 1432.51
3.45129, 1383.3, -1500.98
7.36597, 627.413, 655.088
3.19593, -1354.55, -138.741
5.48978, 1883.73, -865.56
7.12812, -1746.39, 1408.38
3.91116, -155.541, 1777.15
6.8307, -280.325, -162.805
6.29598, -456.802, -1202.24
6.10793, 713.408, 1245.05
3.34241, -754.566, 741.097
3.32882, 1675.82, 749.139
3.39076, -1294.79, -1980.55
5.87226, 671.389, -1205.09
4.83484, -710.69, 80.8078
6.85219, -1622.71, -716.38
5.76023, -1392.76, -236.301
5.80464, 1525.83, 1763.19
2.58037, -1322.48, -1193.7
4.30596, -1559.52, -1337.04
3.72747, 1850.87, 239.745
6.93086, -1875.8, -1901.04
5.23701, 1650.18, 1547.2
6.57209, -52.6591, -1303.62
5.24453, 350.288, 1735.7
4.16156, 1012.75, -111.742
4.40213, 49.3154, -1309.59
2.52389, 1864.47, 1310.02
6.95226, -181.199, -794.627
6.16955, -995.548, 1372.28
6.04239, -308.14, 1331.83
5.1278, 109.171, -374.626
6.41065, -383.127, -1630.75
3.42484, -771.022, -940.912
5.72673, 489.046, 1024.18
3.42178, -1379.49, -686.783
3.31214, 128.297, -177.368
2.65594, -363.859, 1701.21
7.42716, 260.691, -1331.25
4.04559, -663.945, -1435.29
4.11075, -1344.85, -593.896
5.51155, 575.244, -466.328
2.89107, -659.082, -1846.11
3.93936, -39.3176, 179.227
5.79307, -250.029, -983.118
7.36348, -1987.44, -698.088
7.27758, -726.361, -1593.13
7.42745, -1338.1, -575.745
7.30478, -1828.38, -1528.24
3.0073, -1117.46, 1137.18
3.71505, -246.216, -987.117
6.91151, 197.924, -867.16
5.28805, 681.228, 1402.38
6.7669, 1606.06, 1031.91
7.49145, -1072.2, 1047.44
3.99751, -516.222, -964.128
6.33157, 1958.78, 976.742
4.81901, 568.443, -286.963
6.8168, -1272.53, -1586.76
6.99018, 1721.57, 10.3212
7.377, 515.931, -833.468
2.77405, 1322.25, 159.209
6.32605, 1897.32, -1235.53
5.09219, -1867.72, 1478.82
3.46574, 1858.39, -481.225
6.98252, 391.023, -1086.43
6.38492, -1663.49, 196.382
2.75968, 832.049, 1082.81
7.47331, -1709.01, 1531.4
5.93659, -5.20745, -918.562
5.94854, 1776.51, 993.558
6.57666, -1314.58, 1640.92
7.05426, -73.2582, -872.668
3.34218, -402.769, 808.985
5.24183, -1160.32, 1608.34
6.53351, -966.311, -504.344
4.17803, 641.567, -1064.59
5.53435, -204.256, 76.308
6.59602, -1906.19, 668.161
7.3485, 165.606, -491.898
6.29349, 1169.92, 985.998
3.72113, -366.387, -185.934
5.80589, -1144.42, 807.268
4.21574, -896.123, -373.213
7.27146, 752.174, -792.762
2.60828, 1607.47, 1111.63
4.54979, -1783.91, 1893.9
2.55789, 1174.2, -1341.62
3.04964, 1682.82, 400.941
5.28259, -1700.07, 183.25
4.45466, -61.8235, -471.024
7.20539, 235.863, -365.391
2.55572, 358.603, 791.524
6.22897, -447.034, -871.107
3.84293, 219.963, 256.726
4.27153, -1358.36, -1528.09
3.45835, -930.029, 1234.33
5.14832, 591.733, -339.986
4.39478, -116.977, -1710.56
3.16407, -25.5471, -1605.54
4.26563, -250.413, -1130.96
4.2497, 1567.79, 1971.75
7.41084, 1213.29, -245.722
5.25961, 302.156, -764.674
4.99918, 27.0329, -1428.3
3.58531, -1669.29, 914.65
4.37311, -464.083, -1303.44
6.78251, -1320.8, -945.116
6.45578, 1578.67, -1021.29
3.9204, -983.168, 1858.39
5.07645, 874.884, 201.265
6.79238, -587.736, -50.4045
7.07844, -1889.04, -345.358
7.48941, 273.095, 1833.45
6.53177, 349.548, -393.248
5.22718, -1805.11, -370.494
7.3461, 299.674, -1474.84
5.31931, -1170.49, 725.276
4.03031, -831.579, 1320.33
5.41853, 1933.93, 1906.69
2.91197, 111.332, -664.068
5.47382, 702.459, 1247.55
3.31968, -1197.37, -1183.33
6.46527, -1217.79, -874.265
2.95373, 1157.98, 1481.82
6.3072, -1010.87, -1359.57
6.83996, -439.633, 65.1231
6.40105, 383.965, -668.909
6.61399, 1817.21, 1940.78
6.70974, 745.14, 1106.71
4.48328, 1063.88, 512.564
6.508, -319.066, 340.073
6.56811, 761.514, -88.2841
5.43493, -819.834, 202.554
4.64621, 1592.25, -100.546
2.5002, -135.788, -958.437
5.31153, -1630.83, 633.289
6.22632, 672.135, 710.784
3.89846, 1933.39, 590.388
2.93406, -1974.25, 1130.2
3.5733, 1706.94, -1761.66
3.93296, -988.546, 1112.45
4.86595, -813.675, 950.701
6.95893, 1690.73, 1639.76
5.91955, 1015.94, -1001.14
3.54376, -101.291, -131.6
6.67533, 1588.73, 24.1377
7.09218, 1881.09, 1835.32
4.48244, -949.688, -1402.67
6.37858, 1083.59, 1074.06
5.68161, -322.914, -181.129
6.64746, 967.06, 584.072
3.40204, 1117.22, -917.212
7.45927, 1159.86, -1532.55
6.70558, -302.016, -1689.89
4.65177, 1776.95, 532.248
4.38589, 1193.52, 1780.16
2.70802, 1311.22, -1011.53
6.80715, -1614.65, -1078.93
6.62116, 1826.39, -1810.66
6.25052, 30.25, 1466.1
3.55801, -330.376, 1987.37
4.31029, -1563.73, -384.526
4.43545, -1182.75, -1606.55
7.32918, 1611.51, 1281.57
6.5872, -336.716, 1261.83
4.5755, -164.743, 898.709
5.83759, 411.641, 367.865
2.52101, 954.651, 1950.99
6.98048, -1478.53, 500.464
3.68416, -686.917, 710.513
3.79415, 718.564, -191.921
5.4939, 818.578, -1423.42
6.89823, -1686.44, 755.758
6.16299, -1130.84, -1184.18
6.0773, 1827.33, 1141.41
3.57724, -1216.85, 962.114
6.30413, 1357.22, -1916.13
3.85351, -321.025, -1120.98
2.75246, 1334.81, 682.557
4.78866, 537.642, 491.364
2.58759, 898.279, -1558.35
3.01129, 150.07, -350.457
2.639, -259.831, 567.386
5.65921, -681.722, -1031.32
6.34425, 175.007, -497.203
2.74132, 1051.21, -1681.33
6.6924, -115.97, -1261.33
6.76899, -526.14, -641.003
6.57649, -889.669, 1148.12
6.85188, 1590.18, 811.356
5.27222, -1268, -344.005
6.12646, -592.112, 119.286
3.20424, -1054.9, 1874.89
6.6115, 1199.75, -1057.36
5.51185, 1467.76, -394.771
4.93856, 1018.02, -1841.72
6.14942, -576.967, 1906.65
4.05164, 1515.19, -1338.51
3.93925, -1398.72, 708.16
5.45857, -1906.52, 1621.67
5.34055, 1312.72, 1771.77
5.41059, -1857.41, -1157.38
2.84132, -1378.87, 566.402
4.34304, 302.433, -765.979
6.28475, -1873.91, -1152.12
6.35297, -895.542, -1745.94
4.27217, -788.131, -504.73
5.98913, 486.112, 1865.24
5.08005, -1365.4, -606.065
5.94494, 782.841, 263.844
6.18066, -164.303, 1231.47
2.56231, -687.131, -1350.33
7.16549, 1221.03, -242.869
5.37826, 267.155, 252.933
3.05587, 918.628, 1949.32
4.87388, -217.865, 50.9412
3.24247, 348.235, 189.778
4.22594, 101.95, 899.591
7.04476, -1866.25, 370.019
4.54571, 30.6766, 1033.01
5.96642, -1357.42, -155.206
3.35865, 765.428, -1871.15
6.21715, 1788.09, -1012.98
4.16319, -847.63, 1282.99
4.62157, 1335.56, 622.997
2.79523, -274.566, -230.248
5.09005, 565.082, -478.51
5.94425, 949.157, -1162.89
5.01149, -509.185, 42.1151
6.56617, -338.242, -1502.87
3.07974, 163.57, -1879.08
5.24841, 534.121, 930.952
5.06046, 823.158, 42.6417
6.02649, 1907.34, 883.263
5.65083, -474.109, 1779.17
4.0207, -48.6504, -1268.51
6.74719, 800.209, 743.949
3.39619, 1204.79, -40.9136
2.61737, -1061.29, -200.541
4.19467, 1480.4, 107.991
3.43818, 701.625, -170.22
6.60467, -572.908, 379.677
6.72507, -1791.34, -313.233
6.78031, 1695.62, -1442.41
7.37454, -1909.2, 1283
2.99587, 940.286, -896.814
2.56182, 1128.96, 1313.85
2.58614, 440.581, 1169.79
2.64527, 504.514, 190.194
4.1031, 303.609, -785.492
6.17815, 1255.37, 605.221
3.14876, 723.641, 952.401
2.5161, -736.057, 1014.78
6.91905, 278.216, -1581.92
3.70482, 462.852, -1149.24
4.38481, -1642.33, 1519.91
4.44879, 1220.32, 372.242
2.81534, 1191.85, 590.192
7.30792, 367.4, 1916.96
3.75349, 1453.62, -676.426
6.85376, -1360.66, -117.625
2.85991, -1837.76, 854.714
2.70653, -1249.59, 1155.35
3.46378, 725.873, -1047.33
3.86708, -621.096, 605.718
7.4007, -1906.54, -731.241
3.60607, 649.693, -1078.66
6.43119, -1751.69, 1712.94
4.42306, 602.257, -844.532
3.78593, 960.328, -1274.14
3.91087, -1895.52, 131.45
7.33834, 1737, -68.2394
4.22841, 1536.97, 345.083
3.45922, -1968.65, 1475.72
5.05037, -1096.54, -751.398
5.21857, -1116.13, 1269.25
5.72333, -1274.73, -1231.28
3.89738, -20.5323, 1576.25
3.41887, -593.154, -1440.03
2.71579, -1690.39, 753.747
3.98408, -1005.06, -529.115
4.25548, -463.096, 281.582
7.09372, -842.659, 1455.72
5.81225, 1013.25, -726.249
5.08041, 1733.77, 1172.43
4.03763, 1232.62, 1176.71
3.0007, -706.054, 310.632
3.47502, 760.131, -1761.97
4.11407, 62.975, -264.172
5.56182, 1929.66, 173.309
5.13511, 1922.53, -1968.82
3.45653, 513.947, 570.284
4.7178, -1296.56, -856.085
4.48693, -1419.69, 1710.45
6.28051, -1214.4, 1489.63
6.6213, 1473.86, 1205.24
5.51573, 283.999, -688.864
3.04573, 1220.36, -1658.8
4.11797, 974.486, -330.808
5.03403, 16.5892, 637.484
4.76521, -1296.48, 1597.53
4.77315, -362.354, -921.918
4.91125, 1836.01, 1820.81
5.07896, 739.051, -1302.62
4.50207, 399.031, 1639.2
4.22945, 1925.61, 969.853
6.64533, 1859.14, -481.797
3.02204, -1465.78, -1597.54
6.40057, 1173.09, 1137.68
3.19919, -595.271, -478.929
2.62171, -1601.87, -1032.37
6.0664, 814.137, -1510.73
7.15538, 310.026, -1644.95
7.47667, 363.264, 349.539
3.86264, -1763.91, 305.915
3.6923, -950.798, -509.561
3.87328, 1926.77, 1240.3
5.70836, -1818.14, -1462.15
5.17637, 621.444, 311.895
6.8967, 1672.6, -594.079
6.75968, -1332.35, -1678.51
2.98004, 1818.88, -71.4264
4.66818, -1501.09, 398.879
3.17045, -411.053, -1515.29
5.86802, -323.862, 631.459
5.34964, -106.922, -959.974
3.66474, -1247.67, 1126.62
5.50306, 533.346, -1379.52
2.6551, -1607.26, -56.3956
7.08512, 1137.79, -624.574
3.82958, 1728.06, -356.956
6.50016, -369.634, -1019.02
5.46389, 338.044, -1446.99
5.0822, 716.417, 1235.86
5.2567, 639.381, 1288.21
3.47225, 1013.91, -467.174
5.36152, 243.304, -1486.7
3.81992, 427.592, 805.509
4.41648, -1530.74, 1079.48
2.73626, -1509.69, -1795.13
4.22823, 1178.3, -1344.14
3.61594, 1357.18, -873.304
3.81264, 34.097, -1474.68
3.05141, -860.249, -804.746
7.40088, -1411.76, 40.2457
5.93794, 1593.24, 1275.03
5.82158, -1095.28, -764.239
5.99501, -1203.77, -1346.22
2.68746, -1672.45, -1552.52
3.6706, -1258.05, -1491.5
3.95397, 1435.54, 1387.93
3.50543, -78.6324, -519.093
2.7177, 751.131, 665.761
2.56571, -1060.73, 1040.43
6.07297, -1055.13, 1531.1
6.88348, -1744.88, -1258.77
5.35088, -1774.87, 540.974
6.92743, 1731.83, 1741.29
5.20042, -713.083, -560.126
3.31357, 1859.97, -1295.26
3.30492, 1935.01, 880.697
7.19182, 638.256, 574.836
3.45628, 1108.4, -1705.25
3.15761, -8.2434, -215.483
4.41122, -629.988, -10.7535
6.12674, 515.728, -530.374
2.50651, 1085.78, 1743.13
4.60222, 46.1876, 1473.11
5.18984, 615.723, -428.121
4.86596, -477.533, 494.591
6.33003, 1085.85, 1745.21
2.9396, 1110.05, -939.119
7.04284, 267.645, 647.653
3.20818, -1752.88, -791.506
2.54782, 871.948, -103.376
2.82267, 476.717, 1046.49
4.96742, 763.65, 444.938
5.40914, 1064.21, 1967.63
4.03373, -1897.4, 1089.67
4.57091, 1831.15, -141.514
4.33401, -1149.27, -1377.78
3.42687, 369.871, 1337.75
2.76788, 1279.68, 325.101
4.47222, 1082.68, -130.889
3.98388, -695.883, -264.153
5.05388, -792.55, 1641.52
3.75392, -1400.08, 460.56
5.01589, 1929.55, 1770.3
2.51168, -30.744, 1593.91
7.01807, 1993.49, -896.339
2.79181, -1812.24, -1896.35
5.17506, -1376.51, 1610.03
3.95754, -767.433, 1750.1
7.3023, -1628.3, -546.881
4.73406, 639.668, -218.418
5.08479, 1789.46, 335.479
5.93861, -512.135, 33.4364
2.72187, -321.247, 152.011
7.2946, -1596.26, 1213.68
5.70852, 727.607, 311.331
2.80215, 1260.17, -1561.79
3.33964, 97.3852, 536.305
5.76491, 975.2, -498.469
6.19864, -1538.77, 677.228
3.57011, 1719.92, 402.03
4.31441, 314.482, -1748.53
6.56981, -1296.2, 1869.45
5.32057, 1615.61, -941.193
7.45886, -80.1146, -1797.42
6.5669, -1527.3, 794.803
3.49157, -1987.67, -46.0115
2.50003, -322.083, -1706.54
4.62608, 1896.04, -1553.2
4.07406, 1669.65, 391.12
5.56218, 1213.72, -1867.42
3.83351, -404.674, -1088.74
4.39881, -1190.1, -122.485
5.43397, 1930.25, 595.277
5.95636, -283.019, -1030.29
7.26736, -918.322, -1143.53
4.89785, -585.751, -1908.98
3.60319, 752.234, -1460.66
5.33741, -1449.22, -894.472
6.09873, 865.591, 728.322
4.4953, -981.635, 1122.8
3.48326, -1385.43, 1987.3
6.66971, -1345.49, -1515.23
5.59561, -897.191, -1741.05
7.26866, -588.643, 345.373
3.23222, -28.7217, -559.05
5.38953, 81.0275, -919.794
7.26796, -784.785, 1445.06
3.62331, 1441.14, -1956.09
7.25137, -981.846, 1614.92
3.07874, 1596.55, -1036.12
2.58372, 59.3757, -524.041
3.90465, -709.043, -339.719
7.15042, 1293.56, 336.864
3.04796, 1493.64, 1744.03
6.77266, 60.474, 1659.78
5.68532, -1452.82, -1464.4
5.63853, 813.397, -1415.31
3.80589, 1452.56, 1489.13
5.13936, -1901.91, 439.487
7.16608, -537.723, 1825.56
3.98055, 1846.53, 203.129
4.78006, 311.862, 912.277
6.35659, -1313.08, -1241.65
4.17193, 199.922, 232.875
6.31775, -79.1026, -1887.5
6.65892, -60.1709, 1886.14
2.64618, -1450.32, 1136.58
4.31315, 1430.64, -535.19
4.16221, 567.395, 922.539
3.17675, -1038.1, -608.717
3.00839, -613.243, 1247.3
5.11327, -1219.85, 1630.2
3.52046, 61.309, -1068.62
5.00728, -1733.72, -1262.74
5.1371, 5.40433, 1923.44
4.13422, -537.894, -585.883
4.75888, 452.383, -890.097
6.85263, -14.811, 1970.54
4.72884, 1291.11, 1730.53
6.03726, -917.748, -1838.97
6.83171, 1830.08, -1398.45
6.5822, 1740.62, 442.076
2.67504, 1791.05, 1675.49
3.8644, -1307.9, -473.002
5.21858, -845.5, -861.653
3.19942, -1981.73, -1087.77
5.57408, -1557.96, -1871.98
3.29182, -1384.75, -1211.05
4.41129, 198.123, 442.262
5.94997, -188.717, 378.984
3.21128, -778.392, 921.813
5.65284, -1570.08, 1588.61
3.15973, 398.562, 1872.59
7.13583, -1484.64, 510.228
5.53465, -1878.61, 1569.66
5.50388, -1844.15, 741.721
3.33635, 1190.55, -1060.48
3.301, -1727.21, -802.502
5.91628, 1247.7, -59.6018
5.1456, -1429.29, -27.6993
3.65264, -264.44, 1622.13
6.55373, -1004.64, -116.406
5.76477, -840.822, -1121.51
4.08597, -1105.05, -1168.79
2.53953, -525.078, -1631.75
3.49176, 1459.76, 1480.75
3.78831, -17.0209, 764.03
3.03825, 1782.36, 77.3626
3.49545, 264.739, -870.211
6.75079, 1607.53, -1543.93
6.63912, -1969.05, 420.78
6.76813, -1920.67, -1104.8
5.71027, 571.557, 1559.31
3.6787, 1455.68, -1976.78
6.80638, -1005.29, -1619.52
5.4745, 73.6414, -205.057
2.52745, 1014.36, -60.2904
6.84925, -1323.65, -935.714
7.37729, 1299.92, 212.931
5.59653, 758.355, 27.2741
3.85574, -1885.66, 760.372
7.46973, -318.572, -1269.18
4.60751, -1446.53, -1059.86
4.20537, -1589.57, -1230.78
4.80717, 726.974, -275.249
4.44822, 528.677, -758.699
4.613, -100.365, 1030.83
2.84879, 263.726, 575.056
5.5153, -116.046, -253.982
7.36114, -99.4287, 461.708
5.07406, -1393.63, -1071.33
7.45461, 1911.04, -275.344
5.84906, 1258.16, -293.354
4.01716, -1211.47, 141.144
3.47371, 1750.14, 1133.11
4.0109, -1419.83, -1874.52
4.93946, -669.84, 922.58
4.72438, 1062.7, 1963.73
5.7844, 639.639, -1882.86
3.74227, -1558.19, -1333.03
4.72007, 109.777, 1111.68
5.75894, -1383.79, 107.164
6.67472, -1427.74, 377.781
6.03698, 396.847, 1636.92
4.93928, -1742.52, -1205.48
6.72039, 799.608, -478.004
7.00296, -998.536, -367.728
6.33082, -1302.13, -1052.86
5.29453, 1257.72, 1697.53
2.70603, -39.9853, 180.294
5.46749, 1128.44, 131.149
2.68674, -1361.14, 1654.54
4.53488, 46.4754, 874.014
2.84243, -1952.35, -1763.96
7.38558, -1555.55, -1764.94
2.5956, -1034.44, -467.321
6.60363, -319.087, -543.825
5.2195, -751.082, 1755.32
5.72828, 1583.65, -665.149
3.62934, -521.496, 113.148
2.733, 1657.15, -1390.29
3.63154, 428.964, -1111.72
4.58371, -1267.16, 270.397
6.40126, 531.926, -1263.67
3.72852, -1844.87, 776.399
4.81411, 1317.26, 177.48
6.14756, 1857.72, 582.408
5.35237, -660.939, 1631.8
5.45997, 1857.06, 1848.25
4.98425, -1887.14, 561.984
3.951, 987.548, 218.866
4.71107, -5.34584, -452.347
2.53669, 1709.25, -792.041
7.41683, 991.795, -717.703
2.52822, -1619.7, -292.388
4.8676, -198.72, 1471.83
5.86497, -620.852, -244.067
