6.27803, -1471.26, -1981.92
3.5948, 118.674, -189.858
5.89648, 722.301, -1803.9
5.09708, -480.723, 1765.6
2.76731, -1870.22, 1308.69
2.53849, 693.188, 88.9588
4.58743, -1707.77, -464.027
7.15218, 357.575, 754.31
2.95982, 100.414, 1383.79
6.00595, -318.052, 637.27
3.81226, 1059.37, 1630.9
4.14117, 942.986, -1799.87
7.45519, 1018.19, 518.437
7.41275, -1001.45, -526.845
5.75759, 1005.96, 885.18
6.92354, 524.159, -1698.2
6.33247, -240.857, -899.816
3.87453, -1021.45, -104.781
4.93259, -1358.37, -591.051
2.80282, 1643.6, 1571.15
5.08146, 13.5667, 1603.49
4.96988, 1932.17, -726.8
7.23882, -1626.3, -938.266
4.42071, -16.4223, -1688.61
5.14874, 1644.93, -900.098
2.75042, 1737.08, -116.597
6.63909, 1089.48, 1081.41
5.94228, -1915.88, -1489.61
6.18112, 517.686, 1468.88
6.94286, 1967.06, 899.635
4.25508, -757.179, -1071.3
6.72991, 365.173, 51.6535
3.84659, 1323.48, -323.337
4.83959, 140.933, -350.118
3.2686, -1301.39, -874.975
2.66527, 1230.01, 282.67
7.2768, -18.5009, 153.403
6.95369, 220.989, 985.576
3.29884, 1355.14, 492.78
3.15214, 856.934, -1143.51
2.515, -905.433, -1630.56
6.0491, -1890.41, -351.831
3.40448, -1012.46, 1730.05
5.76029, 1543.3, -720.359
4.42907, 733.375, -1396.15
3.23766, -23.5388, -469.509
5.45054, 1356.29, 342.807
3.24076, 251.018, 1818.11
3.2091, -361.945, 1921.96
4.94257, -983.411, 252.684
3.13015, 1785.5, -133.325
5.64635, -713.868, -1191.12
5.60817, 599.604, -1482.07
4.88216, -995.83, 1200.97
2.64188, -1127.94, -468.161
3.21011, -268.613, 1608.6
3.15594, -363.194, 1776.67
3.31099, -1653.02, 1510.43
3.76529, -535.375, -1700.82
4.77654, 1165.64, -1480.36
6.54472, -187.984, -598.68
3.57624, 603.993, 1712.45
3.75063, 1633.61, 727.556
5.02978, -116.974, 1439.8
6.27922, 1267.14, 355.213
5.66369, 1818.65, -135.572
5.9449, 1258.66, -268.317
7.27207, 1935.39, 822.613
5.18713, -841.369, 1444.42
4.57014, -1564.02, 70.808
4.70019, 1501.32, 313.799
6.07821, 1470.17, 916.293
6.20858, 813.637, 1192.38
5.12494, 1539.77, -1916.65
6.06711, -1727.52, -149.435
5.91025, 666.864, -42.871
6.82941, 1662.07, -1195.87
3.19597, 167.595, 1545.81
3.57766, 1934.94, -203.706
5.0733, -725.423, -226.616
4.83766, -230.404, 1489.41
3.55759, -531.61, 1221.35
5.65244, -1384.56, 1950.79
2.5044, -1929.25, 409.174
4.09589, 903.565, 1086.23
5.90281, 725.696, -300.24
6.0446, 1338.91, -1172.09
2.90869, -1614.76, 1307.07
3.56926, 525.915, 1055.19
4.44412, -1665.5, -1141.17
4.44927, 1807.5, 1805.59
3.92018, 763.583, -921.438
4.6123, 1126.33, 1099.09
2.55658, -1220.48, -874.526
3.72027, 1864.85, -1230.86
4.49072, -1432.5, 1309.57
6.64177, -1296.8, 401.943
3.78584, 1943.06, -1378.18
3.59705, -1605.19, -1080.3
6.47385, 777.754, 536.709
5.8476, 1002.01, 782.409
5.49108, -1777.02, 569.756
5.99917, -729.716, -1080.7
5.13062, 1055.6, -1518.76
4.14833, 367.611, 200.615
3.30844, -1430.3, 802.303
6.56633, 1433.83, -55.3283
4.08004, 964.937, 229.122
4.05369, 105.34, -1468.19
4.65424, 68.2293, 328.542
4.46509, -502.252, -959.3
4.43916, -104.223, -245.993
4.34871, -1669.81, -888.766
5.88118, 685.592, -988.792
6.10384, 901.146, 56.5806
7.20082, -138.711, 1784.26
5.08573, -159.342, -716.275
5.5282, -385.211, 646.485
5.85049, -1382.55, 1973.55
5.11404, 158.81, -613.453
3.87105, -1901.85, 1281.13
7.08924, 191.923, 569.27
3.73367, 1862.87, -920.735
4.77876, 765.184, 1362.23
3.30374, -1897.18, 1274.78
4.68319, 823.67, 813.085
7.45767, 988.709, 346.831
6.26931, -876.146, 781.315
4.97846, -1964.79, -1308.42
7.01651, -1307.91, -1670.6
4.68213, 984.069, 1118.78
5.09239, 335.227, -1958.99
4.44866, 176.652, -1717.26
5.63431, -441.499, -1135.91
5.19331, 825.934, 636.481
4.35955, 1265.74, -875.529
2.54674, -746.729, 735.903
6.3794, 81.0101, -1572.48
2.85317, -1771.51, -1124.35
3.98511, 887.038, -1359.55
4.78581, -80.6509, -1786.39
3.25156, -200.025, 76.5549
5.97819, 1345.42, -867.377
4.15587, 725.412, 305.692
5.21197, 1937.49, -1756.75
2.64678, 1450.29, -1934.47
5.38086, -49.3451, -471.249
5.18133, 733.24, 945.67
7.36678, -1520.5, -1845.69
5.57063, -597.294, -1233.64
5.26431, -1487.57, 409.126
6.69051, -530.725, 1811.58
3.75764, -991.728, 1850.82
6.98957, 1257.57, -270.366
5.97428, 1009.99, -995.029
5.82752, -946.683, -189.672
3.06838, -1156.68, -1547.54
3.37987, -1954.83, 190.89
2.91253, -272.614, 385.489
6.68103, -490.551, 738.801
2.64818, 1892.97, -1563.56
6.34719, -11.2324, -1689.47
4.29829, -1017.51, 1732.55
6.24626, 10.7067, 1063.3
6.28385, 730.335, 677.133
3.60834, -1074, -1840.11
5.58305, 609.923, 259.253
3.66846, -1098.86, -500.303
6.22052, -1340.67, 603.635
5.80997, -1816.5, -1371.95
4.9209, 1824.78, -1489.63
2.58972, 1656.56, 472.052
4.98291, 895.047, 401.466
5.09587, -214.262, -1766.12
4.71395, -1738.22, 1061.96
4.14528, -118.581, 1890.45
3.52671, 967.691, -213.118
7.19863, -490.529, -1296.57
2.85168, -977.041, 1865.74
3.30042, 102.32, -1483.33
6.70788, -1570.76, 57.841
4.13614, -331.382, -554.964
6.85942, 326.848, 856.697
5.99896, 1339.95, 1031.03
5.52801, 1736.09, -438.15
4.77536, 160.95, -516.746
2.91543, -1021.48, -369.431
3.94883, -112.48, -276.765
6.51009, -1148.62, -1567.87
6.81821, 680.834, 115.719
3.81831, 839.99, -1019.87
4.79881, -1669.42, -473.732
4.95672, 1227.64, -1057.53
5.82344, -933.792, -1971.77
7.31738, -1255.84, -319.087
7.23022, 1143.57, -1479.37
2.81902, 428.13, -1311.02
5.04829, -847.916, -599.543
6.13222, 1334.04, 1335.08
5.65882, 1195.9, -674.938
3.26658, -1827.58, -1816.35
5.09652, -1731.88, 1072.42
3.52281, -1109.19, 1704.17
6.03231, 801.167, -1640.16
6.05786, -945.25, -38.5342
3.66304, -1126.37, -482.822
6.80594, -105.272, -252.82
2.67122, -216.33, 1893.89
6.26587, -1871.57, 114.327
4.14789, 1278.44, 325.761
4.65309, 139.69, -1063.7
7.33455, 1925.76, -389.131
4.05803, 1460.61, 1381.15
5.69762, 1962.61, -1397.03
5.95386, 1748.15, -122.361
5.36403, 151.652, 1253.79
6.60667, 1786.66, -1371.88
4.21807, -1792.2, -1350.07
5.09387, -1627.05, -1542.43
6.78438, 244.025, -1895.5
6.18587, 673.311, 95.605
3.45992, -1853.54, 759.689
2.83145, -616.034, 678.238
3.60828, 1699.2, -1438.88
3.33656, 338.04, -461.603
6.31172, 760.344, -1852.17
5.44905, -1683.52, 843.138
4.65223, 1723.08, 1716.3
7.09618, 1317.41, 24.5968
5.09668, 887.253, 369.285
7.38058, -1360.23, -47.1365
5.15714, -905.172, 291.163
2.98716, 668.696, 778.139
5.83983, 430.466, 199.186
5.44444, 278.478, -54.5256
5.01137, -1390.44, -250.414
2.75808, -1857.61, 914.394
2.6753, -696.078, 67.1008
4.41484, -1577.14, -1036.53
5.55555, 364.187, 202.804
5.06574, 1096.09, 1725.29
5.98498, 609.372, -52.2135
4.89891, -48.1263, -372.27
3.88323, 136.264, 845.418
6.01685, -877.338, 415.772
3.67701, 1747.17, 110.76
6.41501, 358.988, -359.835
6.60589, 717.38, 1667.62
3.21842, -1064.05, 104.217
5.75757, -972.745, 1622.9
3.87677, 1735.73, -1965.25
7.26215, -836.496, 1432.93
4.58238, -1499.52, 28.8294
3.03869, -252.762, 803.758
4.70633, -1593.18, 1061.89
6.28811, -847.694, -600.732
2.77803, -677.478, -634.894
3.51241, -53.3893, 286.967
6.82305, 1873.09, -1531.73
6.52456, -531.429, -14.6886
2.78861, -1356.1, -1341.67
4.40304, -129.908, -1403.44
4.56124, -283.112, 1525.83
2.80071, -759.99, 604.887
7.09746, 1605.45, 1286.58
3.35398, 1071.31, 1612.82
6.51634, -1857.34, 324.884
3.88599, 1452.64, 96.4547
4.44586, 343.819, 1475.44
7.19936, 109.734, 1246.96
6.24573, 325.515, -337.836
3.44774, -652.205, 1516.77
6.89581, 869.236, 968.262
6.8953, 831.327, -1694.37
3.30515, -1620.95, -527.394
5.87346, -1604.43, -330.909
6.89096, 1257.74, 255.4
6.98262, 491.267, 1044.14
3.06535, -47.1188, 1505.64
5.93789, -479.964, -517.211
3.21651, -1645.71, -1547.55
3.6901, 824.485, -89.1908
5.64383, 1885.77, -436.731
4.312, 1633.55, 728.769
4.64437, 1176.5, 1434.42
4.91936, -22.1842, -1674.74
6.20379, -9.33419, -221.539
3.23098, -755.439, 1735.98
7.36238, -1665.7, -1532.41
7.3158, -1013.61, -376.722
3.14741, -1198.39, 1326.74
5.3784, -633.687, -1212.98
4.66439, 339.351, -251.434
5.50066, -463.247, -500.002
5.85098, -1388.32, -240.253
4.5137, 793.664, 1970.67
6.46691, 1282.01, 1383.34
4.89889, -1945.76, -500.029
5.72449, 602.149, 551.132
4.28836, -494.832, 1200.7
5.96794, -659.277, -441.045
5.83428, -833.75, -1397.95
3.22071, -775.363, 1428.13
7.10415, -1960.06, 442.008
4.22228, 62.1649, -471.78
6.66824, -826.467, -937.131
2.74349, 544.024, -1489.11
3.27936, -510.571, -128.096
2.55765, 661.423, 1013.32
3.94327, 240.469, 1175.93
5.07295, -688.818, -346.965
3.65948, 1363.03, 874.366
2.75022, -485.6, -156.695
5.33091, -1192.35, -1683.2
6.69774, -301.045, 1345.85
4.28763, -1287.73, -857.73
4.3452, 329.608, 1738.79
7.22226, 513.481, -145.85
4.72425, -1819.44, -354.835
6.82086, 985.549, 360.192
5.82654, -1575.15, -1469.5
5.79297, 335.018, 1328.76
7.10736, -1916.33, 1920.08
5.11536, 1913.69, -1241.07
5.45229, 877.819, -883.551
5.79944, 1335.97, 1310.98
4.24765, 546.581, 929.911
4.11714, 683.108, 92.6035
7.08984, -207.209, 1469.96
3.08619, 1808.77, -890.34
7.31268, 1339.55, -334.974
5.17978, 110.08, -654.748
5.81447, 1699.11, 1266.09
5.48362, 1803.64, -1014.97
6.93363, -1012.7, -1487.22
6.67999, -1315.15, -1215.7
6.69339, 494.054, 404.113
6.85642, -421.683, 674.387
2.5002, -1538.01, 669.651
4.77274, 519.497, 697.819
4.25696, -1858.61, 322.891
5.80713, -514.946, 1414.99
6.22234, -1760.47, 306.326
3.3821, -256.842, -923.959
7.4621, 1589.13, -1618.95
5.95466, -1859.73, 334.002
6.97862, 289.111, -23.2938
3.51579, 732.109, -280.134
7.2356, -919.313, -71.6943
4.88476, 1763.85, -1019.14
6.78578, 1835.61, -1497.44
6.41237, -1958.69, -1097.24
5.70687, 1810.29, -1817.89
3.14521, -1445.21, 299.741
5.77944, 9.65709, 1301.44
3.09199, 106.915, 16.8627
3.88793, 665.699, 1603.38
6.65548, -452.664, -454.209
6.14153, -1501.13, -1025.38
6.74348, -1196.75, 590.82
3.43989, -1533.43, -1858.04
6.09602, 1113.61, -561.302
4.25586, 314.269, 663.578
3.34555, -832.621, -1388.34
4.52383, 659.629, -1077.6
4.20924, 319.386, 1536.22
6.67141, 767.197, -252.664
3.9111, 1395.66, 1168.82
5.16766, -1357.22, -965.078
6.25085, 1977.75, -1703.14
4.62554, -1375.04, -1515.07
4.66964, -1129.67, 1097.99
3.03022, 1713.05, -1860.54
6.4639, -87.3202, -929.956
3.91232, -1150.42, -962.927
7.14264, -1181.43, -469.01
5.37926, 505.592, 1018.32
3.4895, 1646.39, -586.322
5.99081, 1149.67, -1487.44
3.07265, 988.982, -1908.39
4.22945, 603.133, 1567.41
4.15646, -1165.41, -474.999
6.42735, 1655.84, -1917.44
6.65775, 918.139, -424.821
4.21712, -1477.13, 1508.29
4.2603, -549.005, 1800.08
6.38197, 303.717, -1628.83
6.58658, -23.1064, 1374.92
4.26157, -264.365, 567.083
7.09559, -827.19, -606.612
3.2877, 992.214, 512.349
5.56029, -977.991, 1137.93
5.54222, -775.53, 1428.25
3.16647, -501.736, -1484.89
3.51409, -1485.18, -959.902
4.79457, -1710.44, 1003.23
3.48759, -1044.3, 1864.89
6.77118, -1696.97, 759.811
6.54562, -1519.65, -1378.86
2.80131, -1807.38, 1765.66
6.50584, -1442.93, 1288.87
5.49597, -397.196, -1085.09
7.43182, -1777.19, 605.222
2.65919, -322.233, 1285.02
6.8356, 1882.49, -1536.41
3.69109, 1330.45, 691.785
3.6127, 333.312, 855.907
4.73907, -1942.8, -1104.35
2.61231, 1724.78, -359.29
6.79755, -519.706, 12.9186
4.15902, 430.785, 1171.77
5.72195, 607.868, 509.617
7.43521, -1883.33, -969.018
5.30162, 569.07, -1165.27
4.74553, -1514.58, -492.764
5.213, 321.877, -1449.92
2.90797, 1546.27, -65.8262
3.99606, -1628.98, -559.672
6.63964, 1635.26, 1344.63
6.48936, 1248.06, 1864.48
5.71048, -208.352, 1360.05
4.84105, 1258.98, 768.53
7.15326, -400.817, -1212.11
5.08798, -485.233, -135.779
7.42924, 1593.2, -1065.35
5.94567, -155.141, -1437.84
6.19966, -357.875, -918.157
3.46323, -786.298, -1860.84
6.08881, -914.801, 1237.48
6.11146, 1139.77, -357.055
6.49298, 534.896, 306.62
4.23216, 509.814, -1985.24
5.1481, -32.4621, -129.223
3.19001, 1432.47, -715.489
6.73218, -447.588, -434.059
6.32766, -162.214, -1761.42
7.5, 1847.2, -846.329
4.24891, 964.068, 1970.28
5.50367, -1198.89, 1174.84
3.50808, -990.967, 164.463
6.2385, 61.4498, 312.002
6.49225, 1943.01, 433.189
3.03505, -1409.92, 217.709
5.35813, -1013.91, 93.9234
2.84683, 726.873, -684.714
4.16036, 1477.01, 1380.82
5.80945, 969.399, -1412.77
5.27726, 345.551, -377.19
7.12415, 457.633, -23.2316
2.69832, -967.122, 449.109
2.62083, -618.668, 476.061
4.61923, 442.992, -1309.31
4.36987, 922.426, 268.988
2.93303, -455.304, -472.882
3.05403, -322.372, 332.377
5.31992, 728.33, -688.177
7.37269, 115.188, 1479.65
3.05066, -84.3066, -1783.82
5.99352, 198.196, 1952.58
2.79674, -102.012, -1476.34
4.69755, 1669.32, -211.598
5.24651, 1977.39, 1429.02
3.45129, 1378.75, -1496.7
7.36597, 632.94, 649.81
3.19593, -1363.29, -110.811
5.48978, 1862.17, -860.809
7.12812, -1741.65, 1407.39
3.91116, -161.072, 1765.43
6.8307, -291.393, -172.55
6.29598, -446.437, -1194.85
6.10793, 712.839, 1239.69
3.34241, -738.771, 730.91
3.32882, 1654.56, 740.557
3.39076, -1294.85, -1971.03
5.87226, 667.396, -1198.88
4.83484, -700.549, 73.3557
6.85219, -1616.53, -715.663
5.76023, -1391.14, -229.098
5.80464, 1513.46, 1750.12
2.58037, -1330.11, -1233.59
4.30596, -1550.08, -1335.27
3.72747, 1840.56, 223.726
6.93086, -1866.27, -1892.9
5.23701, 1643.89, 1553.49
6.57209, -56.4636, -1280.42
5.24453, 352.33, 1726.67
4.16156, 1011.5, -108.501
4.40213, 43.4108, -1308.22
2.52389, 1856.09, 1303.96
6.95226, -179.922, -795.028
6.16955, -988.568, 1367.94
6.04239, -307.827, 1313.61
5.1278, 121.006, -368.527
6.41065, -378.178, -1623.71
3.42484, -777.439, -940.88
5.72673, 501.139, 1041.49
3.42178, -1371.04, -677.431
3.31214, 119.384, -177.634
2.65594, -364.064, 1697.09
7.42716, 261.745, -1332.34
4.04559, -659.795, -1426.89
4.11075, -1341.13, -605.393
5.51155, 563.705, -471.824
2.89107, -657.896, -1838.94
3.93936, -36.5475, 177.587
5.79307, -258.133, -979.159
7.36348, -1973.8, -699.1
7.27758, -726.059, -1585.41
7.42745, -1333.51, -594.933
7.30478, -1819.06, -1514.06
3.0073, -1115.69, 1126.77
3.71505, -252.793, -985.518
6.91151, 200.564, -861.382
5.28805, 679.891, 1392.65
6.7669, 1601.72, 1033.32
7.49145, -1073.05, 1056.3
3.99751, -495.011, -955.608
6.33157, 1929.95, 961.873
4.81901, 572.776, -290.819
6.8168, -1272.85, -1578.99
6.99018, 1716.3, 3.07491
7.377, 514.524, -829.078
2.77405, 1299.67, 198.236
6.32605, 1872.5, -1238.65
5.09219, -1861.1, 1477.28
3.46574, 1836.91, -459.785
6.98252, 399.684, -1089.1
6.38492, -1679.54, 190.663
2.75968, 828.454, 1079.29
7.47331, -1698.14, 1524.95
5.93659, -15.8356, -914.417
5.94854, 1771.77, 993.152
6.57666, -1313.35, 1624.89
7.05426, -75.258, -883.269
3.34218, -402.781, 800.32
5.24183, -1162.02, 1604.68
6.53351, -984.198, -510.516
4.17803, 667.604, -1087.9
5.53435, -215.235, 51.261
6.59602, -1890.69, 667.761
7.3485, 158.695, -495.262
6.29349, 1162.5, 988.239
3.72113, -348.83, -183.081
5.80589, -1143.76, 802.954
4.21574, -900.054, -376.575
7.27146, 748.887, -789.583
2.60828, 1603.56, 1109.03
4.54979, -1781.45, 1886.92
2.55789, 1168.82, -1342.63
3.04964, 1666.68, 397.41
5.28259, -1670.17, 193.316
4.45466, -18.3808, -463.536
7.20539, 234.744, -365.679
2.55572, 358.757, 777.558
6.22897, -438.975, -876.369
3.84293, 214.386, 243.312
4.27153, -1342.23, -1508.11
3.45835, -902.964, 1248.49
5.14832, 589.482, -334.288
4.39478, -109.499, -1715.85
3.16407, -22.3197, -1608.22
4.26563, -258.825, -1121.52
4.2497, 1565.94, 1963.84
7.41084, 1235.74, -254.652
5.25961, 301.752, -739.392
4.99918, 29.5518, -1432.75
3.58531, -1668.44, 905.439
4.37311, -482.341, -1293.9
6.78251, -1316.16, -935.7
6.45578, 1586.58, -1040.07
3.9204, -988.876, 1853.49
5.07645, 873.444, 205.989
6.79238, -576.544, -40.8359
7.07844, -1873.33, -348.372
7.48941, 267.841, 1822.39
6.53177, 343.186, -374.649
5.22718, -1791.25, -364.689
7.3461, 304.774, -1461.67
5.31931, -1168.93, 725.224
4.03031, -839.458, 1313.18
5.41853, 1920.36, 1894.47
2.91197, 92.0076, -656.769
5.47382, 709.296, 1222.06
3.31968, -1194.89, -1182.79
6.46527, -1231.56, -870.782
2.95373, 1161.18, 1468.32
6.3072, -1008.37, -1358.8
6.83996, -456.792, 57.3918
6.40105, 377.317, -668.333
6.61399, 1816.87, 1926.5
6.70974, 743.825, 1103.49
4.48328, 1036.44, 515.079
6.508, -315.325, 340.224
6.56811, 758.038, -86.7786
5.43493, -817.603, 200.011
4.64621, 1586.81, -95.3758
2.5002, -106.078, -937.288
5.31153, -1626.69, 635.679
6.22632, 676.421, 697.959
3.89846, 1928.88, 575.507
2.93406, -1962.78, 1128.18
3.5733, 1706.71, -1758.16
3.93296, -964.28, 1133.57
4.86595, -806.049, 945.46
6.95893, 1687.43, 1639.38
5.91955, 1036.08, -1012.21
3.54376, -94.0468, -140.917
6.67533, 1583.39, 20.776
7.09218, 1837.43, 1825.78
4.48244, -952.785, -1396.84
6.37858, 1079.91, 1048.02
5.68161, -315.276, -178.405
6.64746, 965.261, 573.781
3.40204, 1105.1, -937.448
7.45927, 1154.67, -1513.45
6.70558, -310.448, -1689.48
4.65177, 1771.67, 527.922
4.38589, 1192.08, 1771.68
2.70802, 1302.95, -1008.55
6.80715, -1595.25, -1051.96
6.62116, 1832.28, -1792.05
6.25052, 27.0991, 1460.54
3.55801, -330.938, 1973.96
4.31029, -1562.45, -382.866
4.43545, -1177.99, -1591.79
7.32918, 1586.52, 1260.76
6.5872, -327.929, 1274.23
4.5755, -162.091, 896.107
5.83759, 405.369, 360.115
2.52101, 950.085, 1955.72
6.98048, -1480.83, 504.576
3.68416, -687.822, 708.802
3.79415, 705.284, -176.761
5.4939, 812.953, -1420.98
6.89823, -1670.91, 732.697
6.16299, -1116.69, -1172.59
6.0773, 1814.49, 1139.07
3.57724, -1211.77, 962.612
6.30413, 1358.67, -1911.57
3.85351, -325.626, -1110.45
2.75246, 1326.53, 670.695
4.78866, 544.721, 492.148
2.58759, 892.174, -1550.16
3.01129, 143.549, -360.351
2.639, -265.348, 570.89
5.65921, -685.192, -1034.46
6.34425, 169.375, -502.101
2.74132, 1052.2, -1674.78
6.6924, -108.854, -1261.2
6.76899, -525.089, -628.426
6.57649, -898.974, 1151.14
6.85188, 1587.18, 806.676
5.27222, -1256.74, -325.732
6.12646, -582.535, 108.681
3.20424, -1043.65, 1839.41
6.6115, 1183.75, -1053.85
5.51185, 1459.19, -392.11
4.93856, 1012.2, -1833.44
6.14942, -572.206, 1888.5
4.05164, 1514.45, -1335.51
3.93925, -1399.26, 703.182
5.45857, -1895.22, 1609.19
5.34055, 1301.04, 1755.24
5.41059, -1870.72, -1144.18
2.84132, -1376.47, 566.323
4.34304, 302.591, -785.98
6.28475, -1853.81, -1150.85
6.35297, -895.979, -1740.75
4.27217, -787.394, -508.552
5.98913, 479.146, 1856.68
5.08005, -1337.84, -572.871
5.94494, 775.834, 268.895
6.18066, -163.605, 1233.39
2.56231, -683.649, -1344.69
7.16549, 1219.67, -257.791
5.37826, 263.133, 250.223
3.05587, 932.415, 1946.34
4.87388, -198.447, 79.0893
3.24247, 396.293, 208.744
4.22594, 101.972, 892.621
7.04476, -1861.66, 356.815
4.54571, 26.5027, 1041.29
5.96642, -1351.86, -135.093
3.35865, 758.714, -1884.13
6.21715, 1768.29, -994.419
4.16319, -851.921, 1290.52
4.62157, 1325.07, 625.251
2.79523, -276.101, -219.41
5.09005, 574.783, -459.165
5.94425, 944.197, -1159.29
5.01149, -513.632, 18.5021
6.56617, -339.752, -1497.85
3.07974, 166.746, -1869.06
5.24841, 558.899, 924.392
5.06046, 813.417, 41.5622
6.02649, 1926.75, 882.028
5.65083, -474.224, 1755.17
4.0207, -55.2286, -1296.54
6.74719, 798.937, 735.986
3.39619, 1213.42, -46.274
2.61737, -1055.12, -200.061
4.19467, 1460.72, 99.7651
3.43818, 712.359, -193.717
6.60467, -581.9, 350.387
6.72507, -1789.98, -328.391
6.78031, 1689.07, -1431.66
7.37454, -1908.35, 1294.5
2.99587, 931.892, -894.733
2.56182, 1129.55, 1308.53
2.58614, 438.372, 1164.54
2.64527, 498.095, 193.469
4.1031, 293.195, -773.661
6.17815, 1251.34, 602.427
3.14876, 706.011, 953.311
2.5161, -737.875, 1009.81
6.91905, 279.609, -1578.98
3.70482, 458.661, -1140.89
4.38481, -1630.89, 1531.54
4.44879, 1236.42, 365.315
2.81534, 1193.46, 587.422
7.30792, 367.444, 1900.91
3.75349, 1450.17, -680.535
6.85376, -1358.59, -151.024
2.85991, -1830.35, 844.581
2.70653, -1239.81, 1133.2
3.46378, 714.227, -1044.52
3.86708, -618.11, 605.931
7.4007, -1900.95, -729.521
3.60607, 644.333, -1065.09
6.43119, -1748.71, 1706.87
4.42306, 595.893, -841.007
3.78593, 955.075, -1271.37
3.91087, -1874.34, 118.82
7.33834, 1732.61, -77.1282
4.22841, 1524.49, 336.81
3.45922, -1956.87, 1472.59
5.05037, -1094.77, -761.848
5.21857, -1111.06, 1263.43
5.72333, -1299.97, -1226.69
3.89738, -19.4193, 1586.08
3.41887, -593.843, -1431.6
2.71579, -1666.74, 768.32
3.98408, -1008.44, -534.946
4.25548, -462.426, 279.06
7.09372, -855.118, 1415.26
5.81225, 1005.43, -721.409
5.08041, 1730.36, 1164.04
4.03763, 1224.08, 1168.97
3.0007, -700.774, 307.636
3.47502, 757.249, -1759.45
4.11407, 61.5859, -257.763
5.56182, 1915.9, 174.348
5.13511, 1916.52, -1961.18
3.45653, 524.557, 564.179
4.7178, -1269.2, -851.237
4.48693, -1411.01, 1699.65
6.28051, -1209.98, 1489.38
6.6213, 1470.81, 1205.16
5.51573, 284.867, -692.982
3.04573, 1214.41, -1649.09
4.11797, 969.993, -330.454
5.03403, 19.6971, 634.544
4.76521, -1298.19, 1608.47
4.77315, -360.445, -895.054
4.91125, 1852.91, 1834.3
5.07896, 736.598, -1301.36
4.50207, 406.022, 1647.36
4.22945, 1948.49, 965.663
6.64533, 1864.14, -478.509
3.02204, -1458.3, -1587.72
6.40057, 1163.66, 1127.41
3.19919, -593.991, -477.328
2.62171, -1577.17, -1046.74
6.0664, 811.107, -1498.18
7.15538, 291.181, -1655.91
7.47667, 375.732, 347.797
3.86264, -1742.05, 305.065
3.6923, -953.498, -514.223
3.87328, 1915.89, 1237.04
5.70836, -1810.89, -1459.62
5.17637, 618.498, 303.747
6.8967, 1656.17, -589.492
6.75968, -1342.69, -1662.07
2.98004, 1800.97, -85.041
4.66818, -1484.92, 430.53
3.17045, -405.184, -1508.66
5.86802, -343.516, 613.728
5.34964, -108.616, -945.192
3.66474, -1233.16, 1145.87
5.50306, 530.56, -1372.73
2.6551, -1597.87, -53.3685
7.08512, 1132.95, -619.185
3.82958, 1720.69, -350.165
6.50016, -364.911, -1021.31
5.46389, 328.289, -1441.12
5.0822, 699.258, 1252.05
5.2567, 648.683, 1276.95
3.47225, 1000.59, -470.482
5.36152, 255.37, -1481.1
3.81992, 421.132, 801.785
4.41648, -1532.42, 1077.28
2.73626, -1516.66, -1794.83
4.22823, 1173.24, -1345.5
3.61594, 1322.03, -856.305
3.81264, 37.4667, -1461.25
3.05141, -856.446, -809.03
7.40088, -1408.2, 34.2405
5.93794, 1604.49, 1293.01
5.82158, -1095.69, -749.867
5.99501, -1200.3, -1342.76
2.68746, -1670.13, -1534.23
3.6706, -1260.93, -1492.17
3.95397, 1454.73, 1385.49
3.50543, -61.1129, -501.888
2.7177, 717.211, 682.15
2.56571, -1047, 1040.88
6.07297, -1049.46, 1530.39
6.88348, -1739.31, -1246.87
5.35088, -1771.71, 543.777
6.92743, 1726.29, 1721.28
5.20042, -714.931, -557.522
3.31357, 1857.64, -1288.55
3.30492, 1903.51, 883.079
7.19182, 627.201, 570.9
3.45628, 1102.54, -1695.55
3.15761, 7.13005, -195.716
4.41122, -613.141, -15.4585
6.12674, 518.01, -520.093
2.50651, 1078.22, 1747.88
4.60222, 51.1374, 1470.43
5.18984, 602.917, -429.794
4.86596, -475.566, 492.061
6.33003, 1082.04, 1746.08
2.9396, 1113.49, -917.65
7.04284, 275.295, 644.826
3.20818, -1722.92, -802.617
2.54782, 855.564, -98.4766
2.82267, 507.415, 1047.66
4.96742, 761.846, 444.075
5.40914, 1053.56, 1942.83
4.03373, -1889.4, 1088.06
4.57091, 1796.29, -141.503
4.33401, -1154.56, -1370.35
3.42687, 353.282, 1331.18
2.76788, 1261.48, 369.336
4.47222, 1076.09, -129.811
3.98388, -694.265, -265.41
5.05388, -790.814, 1637.51
3.75392, -1407.69, 458.034
5.01589, 1914.59, 1774.82
2.51168, -12.1006, 1562.82
7.01807, 1979.72, -894.542
2.79181, -1815.25, -1887.93
5.17506, -1361.48, 1613.71
3.95754, -755.076, 1746.6
7.3023, -1607.14, -530.286
4.73406, 643.863, -217.759
5.08479, 1779.49, 337.334
5.93861, -495.188, 71.0814
2.72187, -320.827, 147.572
7.2946, -1591.68, 1210.42
5.70852, 739.235, 313.522
2.80215, 1249.29, -1553.8
3.33964, 103.142, 534.914
5.76491, 975.666, -488.875
6.19864, -1538.82, 675.381
3.57011, 1704.2, 412.326
4.31441, 309.968, -1732.53
6.56981, -1294.93, 1863.19
5.32057, 1615.64, -940.351
7.45886, -95.0601, -1762.99
6.5669, -1526.64, 787.647
3.49157, -1978.14, -44.8321
2.50003, -289.505, -1675.32
4.62608, 1863.82, -1534.98
4.07406, 1694.04, 399.486
5.56218, 1211.88, -1860.23
3.83351, -378.76, -1080.74
4.39881, -1188.75, -125.412
5.43397, 1909.32, 601.443
5.95636, -281.36, -1015.88
7.26736, -911.654, -1138.93
4.89785, -586.4, -1899.16
3.60319, 759.524, -1448.48
5.33741, -1441.19, -901.164
6.09873, 851.625, 724.638
4.4953, -991.048, 1105.1
3.48326, -1380.37, 1964.15
6.66971, -1343.66, -1524.01
5.59561, -898.518, -1733.02
7.26866, -574.87, 366.303
3.23222, -28.3892, -543.262
5.38953, 75.2389, -915.388
7.26796, -781.883, 1426.33
3.62331, 1440.59, -1970.18
7.25137, -990.757, 1592.88
3.07874, 1582.68, -1012.62
2.58372, 60.9034, -509.89
3.90465, -715.67, -331.945
7.15042, 1283.68, 347.606
3.04796, 1511.18, 1749.24
6.77266, 54.0509, 1645.27
5.68532, -1447.61, -1459.99
5.63853, 808.188, -1413.48
3.80589, 1445.21, 1484
5.13936, -1902.68, 429.318
7.16608, -552.933, 1791.71
3.98055, 1840.85, 215.343
4.78006, 316.067, 895.629
6.35659, -1317.37, -1212.23
4.17193, 226.507, 243.693
6.31775, -79.5852, -1867.02
6.65892, -60.7929, 1881.67
2.64618, -1449.49, 1134.42
4.31315, 1426.49, -533.081
4.16221, 568.153, 922.515
3.17675, -1031.47, -591.839
3.00839, -610.155, 1245.66
5.11327, -1216.17, 1621
3.52046, 61.3102, -1062.17
5.00728, -1727.81, -1251.64
5.1371, -5.63632, 1922.85
4.13422, -529.983, -585.747
4.75888, 454.088, -882.425
6.85263, -13.6583, 1948.78
4.72884, 1283.37, 1728.58
6.03726, -915.746, -1825.56
6.83171, 1818.36, -1396.42
6.5822, 1726.68, 431.777
2.67504, 1777.48, 1678.41
3.8644, -1300.55, -476.276
5.21858, -843.089, -860.647
3.19942, -1937.31, -1109.94
5.57408, -1552.91, -1869.57
3.29182, -1355.7, -1208.85
4.41129, 200.093, 440.786
5.94997, -189.392, 377.566
3.21128, -784.339, 927.641
5.65284, -1568.63, 1579.6
3.15973, 390.461, 1871.08
7.13583, -1473.09, 491.026
5.53465, -1874.34, 1568.04
5.50388, -1848.94, 759.394
3.33635, 1175.6, -1043.46
3.301, -1737.24, -794.578
5.91628, 1237.9, -56.2139
5.1456, -1416.72, -24.3002
3.65264, -277.112, 1596.14
6.55373, -1005.87, -113.342
5.76477, -838.197, -1117.31
4.08597, -1136.94, -1180.81
2.53953, -522.253, -1625.36
3.49176, 1462.54, 1460.81
3.78831, -13.3599, 762.008
3.03825, 1767.67, 77.0995
3.49545, 258.123, -859.656
6.75079, 1607.55, -1541.17
6.63912, -1947.64, 421.043
6.76813, -1924.49, -1112.11
5.71027, 577.626, 1555.58
3.6787, 1436.22, -1973.35
6.80638, -1005.49, -1611.14
5.4745, 71.6897, -210.646
2.52745, 1009.97, -68.5082
6.84925, -1315.35, -932.167
7.37729, 1294.9, 206.259
5.59653, 753.488, 30.2578
3.85574, -1872.41, 764.479
7.46973, -323.637, -1258.58
4.60751, -1439.4, -1053.42
4.20537, -1586.25, -1228
4.80717, 745.37, -262.378
4.44822, 525.134, -762.922
4.613, -94.6582, 1029.37
2.84879, 261.318, 579.736
5.5153, -116.869, -272.212
7.36114, -99.5754, 457.358
5.07406, -1394.52, -1063.97
7.45461, 1901.34, -274.435
5.84906, 1243.63, -274.118
4.01716, -1209.92, 138.613
3.47371, 1741.3, 1144.6
4.0109, -1424.12, -1864.73
4.93946, -671.767, 920.247
4.72438, 1065.83, 1974.17
5.7844, 642.757, -1872.22
3.74227, -1550.79, -1337.74
4.72007, 108.776, 1108.92
5.75894, -1384.7, 97.3128
6.67472, -1431.17, 382.719
6.03698, 385.421, 1622.5
4.93928, -1735.3, -1217.59
6.72039, 797.152, -472.939
7.00296, -1024.66, -386.147
6.33082, -1305.73, -1045.95
5.29453, 1261.75, 1703.48
2.70603, -12.4695, 146.043
5.46749, 1125.44, 133.211
2.68674, -1346.83, 1634.37
4.53488, 55.3559, 873.803
2.84243, -1944.12, -1759.78
7.38558, -1545.12, -1765.03
2.5956, -1028.18, -472.769
6.60363, -309.835, -529.919
5.2195, -778.354, 1732.28
5.72828, 1577.51, -666.009
3.62934, -520.643, 91.3335
2.733, 1665.63, -1398.79
3.63154, 421.357, -1105.8
4.58371, -1267.3, 269.041
6.40126, 529.621, -1259.26
3.72852, -1845.09, 744.225
4.81411, 1306.72, 185.882
6.14756, 1855.37, 580.171
5.35237, -662.207, 1626.72
5.45997, 1869.86, 1828.33
4.98425, -1873.96, 559.79
3.951, 957.999, 232.66
4.71107, -18.1705, -463.605
2.53669, 1704.02, -793.912
7.41683, 993.347, -716.723
2.52822, -1609.53, -312.053
4.8676, -230.482, 1491.21
5.86497, -623.178, -245.468
