6.27803, -1473.83, -1999.81
3.5948, 131.114, -166.677
5.89648, 715.517, -1811.75
5.09708, -466.038, 1738.9
2.76731, -1861.76, 1323.74
2.53849, 682.341, 116.731
4.58743, -1732.42, -466.31
7.15218, 355.919, 747.136
2.95982, 107.653, 1384.66
6.00595, -335.876, 615.888
3.81226, 1048.87, 1641.21
4.14117, 944.314, -1810.05
7.45519, 1025.56, 530.459
7.41275, -1012.01, -538.937
5.75759, 1013.36, 890.594
6.92354, 526.518, -1709.16
6.33247, -254.256, -909.134
3.87453, -1048.7, -89.1891
4.93259, -1334.23, -563.603
2.80282, 1636.89, 1590.49
5.08146, 18.0616, 1618.49
4.96988, 1946.44, -723.893
7.23882, -1636.97, -935.448
4.42071, -3.61029, -1705.36
5.14874, 1655.18, -891.74
2.75042, 1763.83, -142.08
6.63909, 1080.83, 1046.3
5.94228, -1936.35, -1498.46
6.18112, 518.169, 1472.95
6.94286, 1997.57, 901.629
4.25508, -774.583, -1067.25
6.72991, 364.46, 53.0822
3.84659, 1365.35, -351.174
4.83959, 149.81, -340.418
3.2686, -1286.8, -851.003
2.66527, 1209.78, 286.588
7.2768, -6.15203, 137.892
6.95369, 218.359, 993.103
3.29884, 1368.04, 499.339
3.15214, 858.822, -1148.94
2.515, -901.681, -1635.99
6.0491, -1892.85, -343.054
3.40448, -1040.2, 1751.45
5.76029, 1547.92, -729.761
4.42907, 725.449, -1398.63
3.23766, -6.24408, -450.266
5.45054, 1382.08, 348.693
3.24076, 224.765, 1821.59
3.2091, -364.908, 1933.12
4.94257, -991.423, 259.533
3.13015, 1845.25, -139.861
5.64635, -722.92, -1200.88
5.60817, 604.97, -1493.05
4.88216, -1008.52, 1212.2
2.64188, -1186.74, -443.15
3.21011, -293.849, 1606.61
3.15594, -358.786, 1789.83
3.31099, -1631.39, 1542.32
3.76529, -538.615, -1715.61
4.77654, 1132.77, -1459.68
6.54472, -190.773, -601.875
3.57624, 606.561, 1726.57
3.75063, 1634.74, 724.835
5.02978, -114.97, 1443.41
6.27922, 1270.24, 401.259
5.66369, 1805.46, -150.861
5.9449, 1298.52, -242.836
7.27207, 1948.47, 808.936
5.18713, -842.773, 1405.25
4.57014, -1585.12, 59.6223
4.70019, 1506.21, 306.919
6.07821, 1476.99, 918.967
6.20858, 826.031, 1202.79
5.12494, 1544.09, -1923.57
6.06711, -1739.12, -146.733
5.91025, 670.687, -44.2143
6.82941, 1666.5, -1201.73
3.19597, 175.723, 1559.95
3.57766, 1957.25, -198.653
5.0733, -736.972, -215.996
4.83766, -241.07, 1525.76
3.55759, -539.307, 1226.56
5.65244, -1383.7, 1993.98
2.5044, -1997.11, 465.006
4.09589, 909.289, 1093.35
5.90281, 729.922, -328.887
6.0446, 1345.62, -1178.89
2.90869, -1621.74, 1314.76
3.56926, 518.348, 1056.09
4.44412, -1675.66, -1145.77
4.44927, 1790.31, 1808.59
3.92018, 768.631, -923.125
4.6123, 1135.38, 1107.4
2.55658, -1222.42, -872.057
3.72027, 1932.37, -1232.82
4.49072, -1454.06, 1279.05
6.64177, -1292.52, 404.021
3.78584, 1951.65, -1369.14
3.59705, -1593.61, -1065.57
6.47385, 783.975, 538.85
5.8476, 1011.68, 784.948
5.49108, -1774.34, 534.185
5.99917, -724.917, -1091.88
5.13062, 1050.32, -1530.15
4.14833, 352.183, 215.463
3.30844, -1427.84, 811.873
6.56633, 1440.84, -58.6694
4.08004, 955.98, 227.401
4.05369, 114.126, -1458.73
4.65424, 72.3143, 352.306
4.46509, -518.502, -964.355
4.43916, -96.445, -212.751
4.34871, -1686.8, -882.876
5.88118, 687.122, -984.344
6.10384, 914.317, 55.753
7.20082, -156.974, 1779.1
5.08573, -158.273, -713.78
5.5282, -392.605, 645.429
5.85049, -1398.28, 1946.13
5.11404, 166.772, -624.627
3.87105, -1939.9, 1316.7
7.08924, 184.61, 571.891
3.73367, 1880.2, -933.442
4.77876, 776, 1375.78
3.30374, -1911.38, 1272.3
4.68319, 831.238, 827.674
7.45767, 1006.69, 329.786
6.26931, -881.901, 782.704
4.97846, -1982.82, -1315.22
7.01651, -1347.29, -1680.27
4.68213, 986.692, 1131.85
5.09239, 339.114, -1974.5
4.44866, 176.096, -1732.47
5.63431, -456.787, -1136.69
5.19331, 837.18, 636.213
4.35955, 1263.74, -878.814
2.54674, -758.761, 744.006
6.3794, 83.8154, -1584.7
2.85317, -1778.82, -1117.32
3.98511, 894.985, -1358.91
4.78581, -86.9914, -1798.76
3.25156, -213.614, 79.8676
5.97819, 1334.75, -856.304
4.15587, 725.608, 311.682
5.21197, 1947.44, -1769.98
2.64678, 1424.93, -1993.1
5.38086, -41.4007, -489.582
5.18133, 717.495, 955.74
7.36678, -1510.04, -1857.53
5.57063, -594.737, -1246.78
5.26431, -1496.19, 430.375
6.69051, -572.008, 1816.03
3.75764, -964.064, 1896.69
6.98957, 1253.54, -302.039
5.97428, 1042.27, -1021.47
5.82752, -945.528, -192.571
3.06838, -1161.72, -1533.8
3.37987, -1975.5, 187.926
2.91253, -272.365, 397.334
6.68103, -498.688, 749.561
2.64818, 1893.13, -1505.79
6.34719, -22.7474, -1678.9
4.29829, -999.466, 1736.05
6.24626, -0.094354, 1076.36
6.28385, 726.634, 687.545
3.60834, -1077.68, -1854.4
5.58305, 610.482, 250.475
3.66846, -1100.77, -514.012
6.22052, -1336.33, 611.974
5.80997, -1809.55, -1361.05
4.9209, 1796.8, -1500.1
2.58972, 1656.1, 484.081
4.98291, 887.549, 374.423
5.09587, -233.309, -1785.05
4.71395, -1738.82, 1087.24
4.14528, -128.949, 1908.56
3.52671, 973.048, -216.253
7.19863, -509.796, -1314.33
2.85168, -981.048, 1859.26
3.30042, 105.321, -1504.45
6.70788, -1579.83, 69.5116
4.13614, -304.652, -526.015
6.85942, 307.24, 854.194
5.99896, 1346.33, 1032.97
5.52801, 1740.92, -443.711
4.77536, 158.033, -551.437
2.91543, -1038.28, -392.643
3.94883, -110.47, -313.463
6.51009, -1134.56, -1580.02
6.81821, 676.032, 110.539
3.81831, 846.202, -1024.95
4.79881, -1675.91, -468.763
4.95672, 1181.79, -1068.2
5.82344, -935.508, -1986.95
7.31738, -1252.71, -299.358
7.23022, 1183.17, -1463.92
2.81902, 424.866, -1315.3
5.04829, -829.597, -610.395
6.13222, 1337.34, 1303.5
5.65882, 1208.23, -682.2
3.26658, -1834.26, -1818.61
5.09652, -1752.66, 1068.59
3.52281, -1117.86, 1716.49
6.03231, 798.784, -1643.99
6.05786, -952.826, -21.6127
3.66304, -1196.81, -486.287
6.80594, -122.543, -256.149
2.67122, -221.874, 1908.82
6.26587, -1873.4, 95.2153
4.14789, 1291.45, 366.106
4.65309, 146.057, -1071.62
7.33455, 1949.09, -385.702
4.05803, 1469.99, 1401.95
5.69762, 1990.16, -1406.37
5.95386, 1727.77, -127.635
5.36403, 166.026, 1261.56
6.60667, 1781.04, -1363.2
4.21807, -1835.25, -1378.11
5.09387, -1613.93, -1559.78
6.78438, 245.919, -1910.25
6.18587, 698.01, 67.8199
3.45992, -1908.5, 793.588
2.83145, -616.509, 683.915
3.60828, 1686.45, -1438.47
3.33656, 344.01, -479.387
6.31172, 764.49, -1894.29
5.44905, -1690.64, 854.681
4.65223, 1718.79, 1702.06
7.09618, 1324.96, 23.8858
5.09668, 895.272, 406.226
7.38058, -1354.37, -36.8286
5.15714, -906.979, 297.386
2.98716, 668.199, 794.093
5.83983, 442.849, 194.984
5.44444, 286.256, -19.8901
5.01137, -1395.65, -234.151
2.75808, -1873.23, 925.358
2.6753, -716.983, 87.614
4.41484, -1571.27, -1019.54
5.55555, 388.558, 207.313
5.06574, 1090.39, 1742.71
5.98498, 600.584, -53.2679
4.89891, -52.5664, -369.867
3.88323, 136.794, 841.829
6.01685, -879.565, 422.096
3.67701, 1752.96, 121.866
6.41501, 389.683, -346.112
6.60589, 725.889, 1680.89
3.21842, -1078.8, 109.605
5.75757, -994.123, 1598.29
3.87677, 1743.67, -1980.6
7.26215, -883.989, 1435.02
4.58238, -1508.12, 27.2926
3.03869, -254.023, 809.831
4.70633, -1600.47, 1064.67
6.28811, -812.417, -621.212
2.77803, -676.971, -645.865
3.51241, -58.8084, 292.68
6.82305, 1897.17, -1542.72
6.52456, -530.428, -32.495
2.78861, -1361.63, -1351.1
4.40304, -127.608, -1402.99
4.56124, -303.293, 1534.75
2.80071, -766.631, 605.175
7.09746, 1590.75, 1258.1
3.35398, 1080.12, 1604.92
6.51634, -1872.24, 294.393
3.88599, 1446.49, 88.9041
4.44586, 347.416, 1477.95
7.19936, 102.732, 1247.57
6.24573, 319.484, -319.98
3.44774, -647.701, 1523.08
6.89581, 875.621, 972.466
6.8953, 840.375, -1708.4
3.30515, -1640.24, -561.869
5.87346, -1614.19, -332.813
6.89096, 1252.24, 250.491
6.98262, 540.54, 1077.12
3.06535, -54.0574, 1513.58
5.93789, -469.438, -490.219
3.21651, -1692.52, -1513.21
3.6901, 834.259, -89.4329
5.64383, 1903.38, -436.128
4.312, 1635.54, 719.26
4.64437, 1177.11, 1436.82
4.91936, -0.202305, -1704.94
6.20379, -1.41106, -197.27
3.23098, -799.287, 1731.42
7.36238, -1675.61, -1558.69
7.3158, -1046.11, -367.605
3.14741, -1207.6, 1333.83
5.3784, -643.447, -1214.75
4.66439, 342.669, -239.034
5.50066, -470.96, -526.956
5.85098, -1404.73, -281.865
4.5137, 792.278, 1981.51
6.46691, 1278.14, 1396.99
4.89889, -1961.43, -502.976
5.72449, 586.1, 556.183
4.28836, -490.575, 1196.18
5.96794, -662.742, -441.989
5.83428, -833.9, -1420.25
3.22071, -741.848, 1418.64
7.10415, -1977.36, 409.406
4.22228, 66.0921, -472.167
6.66824, -835.921, -943.41
2.74349, 538.522, -1502.32
3.27936, -492.759, -167.388
2.55765, 663.872, 1023.33
3.94327, 243.63, 1179.49
5.07295, -717.241, -337.841
3.65948, 1368.13, 876.601
2.75022, -505.839, -139.84
5.33091, -1190.22, -1704.41
6.69774, -309.749, 1326.36
4.28763, -1275.37, -828.282
4.3452, 357.238, 1736.5
7.22226, 511.34, -147.748
4.72425, -1798.35, -376.653
6.82086, 993.166, 383.556
5.82654, -1581.62, -1475.85
5.79297, 325.203, 1333.47
7.10736, -1924.26, 1928.06
5.11536, 1871.1, -1221.5
5.45229, 879.164, -884.805
5.79944, 1338.72, 1348.12
4.24765, 572.847, 921.755
4.11714, 656.903, 139.09
7.08984, -230.349, 1476.78
3.08619, 1807.02, -893.31
7.31268, 1345.62, -336.101
5.17978, 104.207, -668.177
5.81447, 1719.38, 1272.37
5.48362, 1765.94, -1026.8
6.93363, -1012.11, -1495.79
6.67999, -1348, -1215.28
6.69339, 492.979, 409.573
6.85642, -433.682, 686.491
2.5002, -1538.16, 673.585
4.77274, 515.051, 704.205
4.25696, -1873.86, 290.838
5.80713, -516.636, 1420.28
6.22234, -1759.43, 305.724
3.3821, -229.693, -882.275
7.4621, 1588.98, -1632.68
5.95466, -1867.95, 375.896
6.97862, 277.467, -50.8432
3.51579, 754.248, -262.011
7.2356, -910.299, -73.1149
4.88476, 1812.59, -1022.53
6.78578, 1845.69, -1491.69
6.41237, -1971.74, -1130.11
5.70687, 1839.96, -1798.62
3.14521, -1451.57, 293.652
5.77944, 7.43554, 1298.53
3.09199, 105.827, 20.2064
3.88793, 675.529, 1612.15
6.65548, -434.192, -453.198
6.14153, -1506.18, -1027.97
6.74348, -1195.15, 592.288
3.43989, -1577.54, -1909.4
6.09602, 1118.59, -556.17
4.25586, 323.805, 665.449
3.34555, -831.64, -1371.47
4.52383, 685.229, -1105.06
4.20924, 317.466, 1545.96
6.67141, 798.307, -251.038
3.9111, 1396.26, 1167.94
5.16766, -1321.77, -942.072
6.25085, 1994.79, -1707.23
4.62554, -1342.08, -1511.64
4.66964, -1145.59, 1092.85
3.03022, 1717.25, -1867.63
6.4639, -71.9078, -934.8
3.91232, -1144.39, -969.84
7.14264, -1167.37, -477.387
5.37926, 466.601, 1055.87
3.4895, 1631.46, -574.743
5.99081, 1164.17, -1542.84
3.07265, 991.85, -1926.83
4.22945, 618.403, 1579.76
4.15646, -1140.32, -470.513
6.42735, 1657.46, -1928.76
6.65775, 919.916, -426.183
4.21712, -1481.52, 1511.16
4.2603, -551.18, 1768.43
6.38197, 287.688, -1677.09
6.58658, -26.7869, 1376.79
4.26157, -258.169, 568.6
7.09559, -873.584, -603.339
3.2877, 978.403, 504.66
5.56029, -991.892, 1106.36
5.54222, -741.533, 1417.83
3.16647, -505.321, -1496.21
3.51409, -1495.78, -952.611
4.79457, -1716.15, 1002.1
3.48759, -1061.15, 1853
6.77118, -1674.81, 736.033
6.54562, -1519.29, -1389.66
2.80131, -1817.83, 1776.67
6.50584, -1435.3, 1318.71
5.49597, -402.389, -1089.99
7.43182, -1785.02, 620.702
2.65919, -345.157, 1249.96
6.8356, 1896.66, -1568.47
3.69109, 1337.46, 684.507
3.6127, 358.688, 867.653
4.73907, -1993.25, -1088.06
2.61231, 1731.47, -359.954
6.79755, -494.274, 53.7593
4.15902, 437.619, 1175.61
5.72195, 615.428, 496.122
7.43521, -1895.89, -963.568
5.30162, 569.298, -1168.97
4.74553, -1517.21, -492.271
5.213, 343.291, -1447.96
2.90797, 1546.39, -65.5954
3.99606, -1597.05, -549.488
6.63964, 1651.87, 1366.49
6.48936, 1253.08, 1881.05
5.71048, -205.145, 1359.19
4.84105, 1263, 775.642
7.15326, -393.834, -1225.35
5.08798, -486.59, -131.409
7.42924, 1597.05, -1088.8
5.94567, -165.986, -1451.9
6.19966, -362.863, -884.134
3.46323, -784.288, -1874.85
6.08881, -900.583, 1252.69
6.11146, 1140.29, -365.421
6.49298, 531.78, 308.223
4.23216, 511.167, -1998.78
5.1481, -31.1807, -112.718
3.19001, 1431.7, -725.72
6.73218, -452.301, -403.645
6.32766, -172.4, -1775.34
7.5, 1847.66, -830.139
4.24891, 966.459, 1996.16
5.50367, -1203.95, 1186.24
3.50808, -993.208, 171.239
6.2385, 55.0809, 302.55
6.49225, 1958.4, 432.089
3.03505, -1413.28, 219.098
5.35813, -1014.79, 95.1255
2.84683, 714.9, -662.66
4.16036, 1504.86, 1378.57
5.80945, 976.238, -1418.35
5.27726, 341.958, -390.343
7.12415, 458.003, -23.5321
2.69832, -974.401, 455.646
2.62083, -625.977, 482.797
4.61923, 442.389, -1314.41
4.36987, 921.493, 273.711
2.93303, -494.361, -537.096
3.05403, -324.705, 335.402
5.31992, 740.573, -698.895
7.37269, 127.336, 1487.41
3.05066, -98.5476, -1759.17
5.99352, 198.061, 1968.57
2.79674, -100.077, -1490.93
4.69755, 1671.88, -219.501
5.24651, 1988.61, 1434
3.45129, 1385.24, -1502.81
7.36597, 625.157, 657.316
3.19593, -1362.35, -169.021
5.48978, 1891.62, -866.641
7.12812, -1748.4, 1408.82
3.91116, -133.711, 1797.2
6.8307, -276.801, -159.106
6.29598, -460.819, -1205.38
6.10793, 691.334, 1256.65
3.34241, -744.355, 733.688
3.32882, 1683.52, 752.083
3.39076, -1294.78, -1984.61
5.87226, 673.045, -1207.71
4.83484, -706.474, 70.21
6.85219, -1625.35, -716.693
5.76023, -1408.22, -220.115
5.80464, 1529.3, 1767.79
2.58037, -1318.71, -1184.58
4.30596, -1561.74, -1333.17
3.72747, 1855.23, 244.402
6.93086, -1879.72, -1904.45
5.23701, 1652.82, 1545.45
6.57209, -51.8326, -1309.53
5.24453, 332.59, 1746.22
4.16156, 1013.33, -112.953
4.40213, 51.7812, -1310.15
2.52389, 1868.04, 1312.58
6.95226, -181.721, -794.447
6.16955, -998.488, 1374.08
6.04239, -308.108, 1357.75
5.1278, 105.309, -376.454
6.41065, -385.187, -1633.78
3.42484, -768.633, -940.847
5.72673, 482.929, 1026.4
3.42178, -1382.97, -690.632
3.31214, 132.451, -178.026
2.65594, -363.772, 1703.02
7.42716, 260.258, -1330.87
4.04559, -665.669, -1438.86
4.11075, -1347.82, -583.205
5.51155, 566.095, -480.836
2.89107, -659.573, -1849.18
3.93936, -35.5449, 176.119
5.79307, -244.947, -986.9
7.36348, -1993.17, -697.697
7.27758, -726.49, -1596.42
7.42745, -1338.68, -602.275
7.30478, -1832.34, -1534.06
3.0073, -1118.41, 1141.01
3.71505, -246.698, -985.1
6.91151, 196.942, -869.555
5.28805, 681.853, 1406.48
6.7669, 1607.93, 1031.35
7.49145, -1064.32, 1038.97
3.99751, -500.298, -955.129
6.33157, 1967.1, 981.938
4.81901, 566.711, -285.6
6.8168, -1272.48, -1590.03
6.99018, 1723.83, 13.3406
7.377, 516.546, -835.282
2.77405, 1322.6, 175.595
6.32605, 1901.05, -1241.37
5.09219, -1870.56, 1479.49
3.46574, 1878.27, -497.901
6.98252, 387.881, -1085.73
6.38492, -1660.97, 197.872
2.75968, 833.549, 1084.31
7.47331, -1713.33, 1534.18
5.93659, -1.02966, -920.28
5.94854, 1778.53, 993.734
6.57666, -1315.08, 1646.92
7.05426, -72.513, -868.801
3.34218, -402.768, 812.624
5.24183, -1159.76, 1609.93
6.53351, -947.753, -508.796
4.17803, 635.794, -1056.85
5.53435, -188.787, 88.3278
6.59602, -1912.74, 668.409
7.3485, 169.725, -492.169
6.29349, 1173.05, 985.159
3.72113, -372.816, -187.054
5.80589, -1144.71, 809.065
4.21574, -894.476, -371.844
7.27146, 753.562, -794.108
2.60828, 1609.16, 1112.7
4.54979, -1784.96, 1896.87
2.55789, 1180.84, -1343.85
3.04964, 1685.82, 407.846
5.28259, -1707.63, 180.15
4.45466, -73.959, -466.589
7.20539, 236.418, -365.312
2.55572, 358.545, 795.992
6.22897, -450.369, -869.012
3.84293, 217.321, 262.594
4.27153, -1354.02, -1530.64
3.45835, -936.877, 1233.26
5.14832, 592.592, -342.141
4.39478, -120.123, -1708.64
3.16407, -26.9402, -1604.6
4.26563, -246.94, -1134.9
4.2497, 1568.57, 1975.12
7.41084, 1208.31, -242.828
5.25961, 306.378, -794.562
4.99918, 26.2028, -1427.06
3.58531, -1669.6, 918.453
4.37311, -459.257, -1308.15
6.78251, -1339.75, -944.013
6.45578, 1573.6, -1018.36
3.9204, -996.384, 1856.82
5.07645, 875.57, 199.313
6.79238, -592.387, -53.9579
7.07844, -1917.68, -351.011
7.48941, 274.49, 1837.93
6.53177, 349.094, -396.484
5.22718, -1825.99, -367.116
7.3461, 298.819, -1479.47
5.31931, -1171.14, 725.34
4.03031, -828.598, 1322.67
5.41853, 1939.52, 1911.79
2.91197, 87.3487, -668.411
5.47382, 726.111, 1232.12
3.31968, -1198.36, -1183.39
6.46527, -1210.97, -876.534
2.95373, 1156.83, 1487.15
6.3072, -1011.87, -1359.96
6.83996, -433.022, 68.1897
6.40105, 386.728, -669.213
6.61399, 1817.41, 1946.74
6.70974, 745.706, 1108.11
4.48328, 1073.31, 512.007
6.508, -320.972, 339.64
6.56811, 763.044, -88.9452
5.43493, -820.799, 203.643
4.64621, 1594.49, -102.657
2.5002, -143.662, -960.273
5.31153, -1632.59, 632.288
6.22632, 670.539, 716.016
3.89846, 1927.97, 609.511
2.93406, -1979.13, 1131.05
3.5733, 1707.07, -1763.17
3.93296, -985.254, 1124.86
4.86595, -816.489, 952.595
6.95893, 1692.2, 1639.89
5.91955, 1009.77, -997.467
3.54376, -104.225, -127.689
6.67533, 1591.02, 25.5193
7.09218, 1892.11, 1834.83
4.48244, -948.474, -1405.11
6.37858, 1082.51, 1085.52
5.68161, -325.243, -182.06
6.64746, 967.98, 588.26
3.40204, 1120.79, -911.606
7.45927, 1151.05, -1520.24
6.70558, -300.31, -1690.94
4.65177, 1779.18, 534.113
4.38589, 1194.21, 1783.74
2.70802, 1314.71, -1012.8
6.80715, -1623.76, -1085.43
6.62116, 1818.72, -1825.72
6.25052, 47.5774, 1475.84
3.55801, -330.175, 1993.03
4.31029, -1564.36, -385.153
4.43545, -1184.25, -1612.32
7.32918, 1597.17, 1293.91
6.5872, -332.737, 1268.13
4.5755, -165.87, 899.82
5.83759, 413.392, 370.739
2.52101, 956.34, 1949.75
6.98048, -1480.32, 503.44
3.68416, -686.688, 711.305
3.79415, 722.856, -194.108
5.4939, 817.956, -1420.09
6.89823, -1704.78, 763.703
6.16299, -1132.99, -1188.04
6.0773, 1832.7, 1142.46
3.57724, -1219.02, 961.914
6.30413, 1356.66, -1918.11
3.85351, -319.259, -1125.37
2.75246, 1343.18, 706.923
4.78866, 534.849, 491.257
2.58759, 900.861, -1561.81
3.01129, 151.597, -345.681
2.639, -257.593, 565.213
5.65921, -680.436, -1030.12
6.34425, 175.466, -495.304
2.74132, 1050.89, -1684.15
6.6924, -118.604, -1261.61
6.76899, -526.588, -646.042
6.57649, -885.86, 1146.89
6.85188, 1591.53, 813.271
5.27222, -1271.96, -348.614
6.12646, -596.011, 123.595
3.20424, -1058.58, 1887.61
6.6115, 1206.12, -1049.33
5.51185, 1471.44, -395.904
4.93856, 1020.45, -1845.26
6.14942, -578.931, 1914.18
4.05164, 1515.5, -1339.79
3.93925, -1398.52, 710.272
5.45857, -1911.19, 1626.68
5.34055, 1317.19, 1778.2
5.41059, -1877.32, -1154.84
2.84132, -1379.74, 566.58
4.34304, 297.675, -769.729
6.28475, -1860.99, -1159.53
6.35297, -898.167, -1740.27
4.27217, -788.504, -503.215
5.98913, 489.042, 1868.9
5.08005, -1381.84, -613.462
5.94494, 785.59, 261.899
6.18066, -164.627, 1230.69
2.56231, -688.595, -1352.74
7.16549, 1220.28, -238.251
5.37826, 268.213, 253.929
3.05587, 913.945, 1951.09
4.87388, -221.956, 43.5039
3.24247, 340.915, 180.198
4.22594, 101.83, 902.404
7.04476, -1868.1, 351.623
4.54571, 31.8387, 1030.36
5.96642, -1350.11, -147.231
3.35865, 770.884, -1861.49
6.21715, 1788.07, -997.416
4.16319, -845.239, 1280.44
4.62157, 1340, 622.225
2.79523, -274.282, -234.324
5.09005, 576.459, -468.136
5.94425, 951.253, -1164.41
5.01149, -531.482, 53.0356
6.56617, -337.659, -1505.04
3.07974, 162.261, -1883.36
5.24841, 528.289, 931.534
5.06046, 827.158, 43.1124
6.02649, 1902.71, 883.779
5.65083, -471.286, 1785.71
4.0207, -45.1296, -1262.73
6.74719, 800.918, 747.257
3.39619, 1202.12, -39.0144
2.61737, -1063.88, -200.69
4.19467, 1487.01, 110.679
3.43818, 698.527, -165.26
6.60467, -571.391, 386.752
6.72507, -1792.47, -307.754
6.78031, 1695, -1444.45
7.37454, -1911.03, 1278.9
2.99587, 943.696, -897.641
2.56182, 1128.71, 1316.12
2.58614, 421.831, 1189.06
2.64527, 507.215, 188.803
4.1031, 307.771, -752.67
6.17815, 1257.1, 606.452
3.14876, 745.87, 948.271
2.5161, -735.31, 1016.85
6.91905, 277.613, -1583.56
3.70482, 464.46, -1152.72
4.38481, -1645.23, 1513
4.44879, 1215.32, 374.61
2.81534, 1191.32, 591.453
7.30792, 367.57, 1923.55
3.75349, 1455.01, -674.914
6.85376, -1364.46, -109.297
2.85991, -1840.91, 858.931
2.70653, -1256.29, 1160.49
3.46378, 730.441, -1048.53
3.86708, -622.375, 605.664
7.4007, -1909.02, -731.931
3.60607, 648.757, -1086.46
6.43119, -1752.97, 1715.53
4.42306, 604.881, -845.997
3.78593, 962.569, -1275.33
3.91087, -1902.62, 134.049
7.33834, 1739.31, -65.1932
4.22841, 1541.8, 348.19
3.45922, -1973.63, 1477.08
5.05037, -1096.68, -754.261
5.21857, -1118.27, 1271.71
5.72333, -1267.95, -1232.39
3.89738, -20.2817, 1574.61
3.41887, -592.93, -1443.61
2.71579, -1670.93, 772.493
3.98408, -1023.36, -557.037
4.25548, -463.404, 282.679
7.09372, -842.865, 1466.42
5.81225, 989.034, -717.245
5.08041, 1735.65, 1175.25
4.03763, 1236.24, 1179.96
3.0007, -708.304, 311.932
3.47502, 761.245, -1763.23
4.11407, 63.4883, -266.486
5.56182, 1935.48, 172.912
5.13511, 1925.08, -1972.06
3.45653, 509.605, 572.812
4.7178, -1312.88, -859.233
4.48693, -1423.37, 1715.02
6.28051, -1216.28, 1489.78
6.6213, 1475.14, 1205.3
5.51573, 283.725, -687.361
3.04573, 1222.89, -1662.92
4.11797, 976.399, -330.989
5.03403, 15.2726, 638.744
4.76521, -1296.84, 1594.12
4.77315, -364.324, -927.816
4.91125, 1835.65, 1817.53
5.07896, 740.138, -1303.2
4.50207, 386.688, 1626.45
4.22945, 1921.87, 972.486
6.64533, 1851.8, -478.756
3.02204, -1468.91, -1601.68
6.40057, 1176.85, 1141.85
3.19919, -595.775, -479.578
2.62171, -1612.24, -1026.72
6.0664, 815.388, -1515.84
7.15538, 318.081, -1644.75
7.47667, 358.673, 350.557
3.86264, -1742.65, 305.711
3.6923, -972.66, -496.831
3.87328, 1931.38, 1241.7
5.70836, -1821.26, -1463.5
5.17637, 622.573, 315.051
6.8967, 1678.27, -595.562
6.75968, -1313.95, -1689.59
2.98004, 1826.07, -66.4361
4.66818, -1507.54, 390.916
3.17045, -413.417, -1518.12
5.86802, -313.857, 644.414
5.34964, -106.382, -968.404
3.66474, -1251.57, 1121.97
5.50306, 534.528, -1382.4
2.6551, -1611.23, -57.6534
7.08512, 1139.8, -626.75
3.82958, 1725.47, -348.055
6.50016, -371.619, -1018.19
5.46389, 346.645, -1433.4
5.0822, 721.814, 1246.19
5.2567, 635.577, 1292.93
3.47225, 1018.88, -466.2
5.36152, 238.626, -1488.83
3.81992, 430.165, 807.026
4.41648, -1530.12, 1080.38
2.73626, -1507.17, -1795.29
4.22823, 1177.8, -1342
3.61594, 1367.19, -879.389
3.81264, 32.5939, -1479.71
3.05141, -861.83, -803.098
7.40088, -1413.3, 42.6831
5.93794, 1625.07, 1289.51
5.82158, -1095.65, -764.022
5.99501, -1205.13, -1347.8
2.68746, -1678.6, -1559.75
3.6706, -1256.95, -1491.36
3.95397, 1430.91, 1388.77
3.50543, -85.0875, -525.322
2.7177, 758.423, 661.087
2.56571, -1088.69, 1054.29
6.07297, -1057.53, 1531.43
6.88348, -1745.42, -1263.78
5.35088, -1782.63, 560.056
6.92743, 1733.14, 1747.53
5.20042, -712.335, -561.205
3.31357, 1861.25, -1297.62
3.30492, 1942.95, 879.773
7.19182, 642.338, 575.958
3.45628, 1110.82, -1709.34
3.15761, -14.0073, -228.43
4.41122, -636.478, -8.89781
6.12674, 514.865, -534.62
2.50651, 1086.03, 1741.66
4.60222, 22.552, 1464.3
5.18984, 620.789, -427.885
4.86596, -478.354, 495.684
6.33003, 1080.01, 1755.14
2.9396, 1110.37, -944.867
7.04284, 264.6, 648.99
3.20818, -1761.72, -789.127
2.54782, 878.377, -105.323
2.82267, 492.38, 1009.8
4.96742, 764.419, 445.324
5.40914, 1070.62, 1983.87
4.03373, -1900.82, 1090.36
4.57091, 1846.07, -137.393
4.33401, -1147.23, -1380.83
3.42687, 375.328, 1340.34
2.76788, 1270.06, 318.41
4.47222, 1085.39, -131.298
3.98388, -696.64, -263.522
5.05388, -793.219, 1643.26
3.75392, -1397.18, 461.598
5.01589, 1935.68, 1768.48
2.51168, -38.6953, 1604.05
7.01807, 1999.33, -897.103
2.79181, -1811.28, -1899.92
5.17506, -1382.11, 1609.04
3.95754, -775.253, 1756.63
7.3023, -1632.86, -534.154
4.73406, 638.1, -218.673
5.08479, 1793.65, 334.751
5.93861, -512.373, 18.5679
2.72187, -321.399, 153.907
7.2946, -1598.21, 1215.07
5.70852, 739.262, 320.585
2.80215, 1264.71, -1565.13
3.33964, 94.9539, 536.907
5.76491, 975.338, -502.241
6.19864, -1538.82, 678.367
3.57011, 1725.94, 397.453
4.31441, 316.443, -1755.24
6.56981, -1296.75, 1872.16
5.32057, 1615.76, -941.411
7.45886, -78.2301, -1805.72
6.5669, -1527.61, 797.82
3.49157, -1991.74, -46.5127
2.50003, -330.935, -1717.34
4.62608, 1891.45, -1576.08
4.07406, 1663.92, 384.861
5.56218, 1214.5, -1870.48
3.83351, -385.146, -1089.52
4.39881, -1190.7, -121.248
5.43397, 1944.14, 583.402
5.95636, -283.399, -1035.85
7.26736, -921.093, -1145.47
4.89785, -585.483, -1913.16
3.60319, 749.463, -1465.63
5.33741, -1452.61, -891.702
6.09873, 871.191, 729.937
4.4953, -962.389, 1138.03
3.48326, -1382.07, 1991.99
6.66971, -1374.75, -1526.55
5.59561, -893.457, -1753.52
7.26866, -592.396, 341.357
3.23222, -28.8768, -565.297
5.38953, 83.4818, -921.697
7.26796, -783.19, 1451.77
3.62331, 1440.3, -1952.05
7.25137, -975.1, 1628.72
3.07874, 1607.05, -1038.01
2.58372, 58.6905, -529.612
3.90465, -690.308, -349.034
7.15042, 1304.74, 332.199
3.04796, 1489.63, 1743.65
6.77266, 63.0766, 1665.8
5.68532, -1455.01, -1466.32
5.63853, 818.261, -1420.57
3.80589, 1465.98, 1481.19
5.13936, -1902.51, 443.627
7.16608, -531.496, 1835.13
3.98055, 1849.1, 199.878
4.78006, 310.379, 918.503
6.35659, -1314.12, -1251.19
4.17193, 194.089, 228.374
6.31775, -78.9555, -1896.1
6.65892, -59.9042, 1888.19
2.64618, -1450.69, 1137.51
4.31315, 1432.41, -536.093
4.16221, 588.44, 920.666
3.17675, -1040.76, -615.553
3.00839, -614.561, 1247.99
5.11327, -1221.35, 1634.13
3.52046, 61.3316, -1071.37
5.00728, -1738.74, -1266.03
5.1371, 9.64077, 1924.63
4.13422, -541.377, -586.434
4.75888, 451.724, -893.315
6.85263, -15.1348, 1978.93
4.72884, 1294.35, 1731.47
6.03726, -918.59, -1844.59
6.83171, 1834.66, -1399.05
6.5822, 1745.86, 445.765
2.67504, 1796.6, 1674.44
3.8644, -1311.08, -471.592
5.21858, -846.511, -862.06
3.19942, -1992.01, -1076.38
5.57408, -1563.67, -1873.31
3.29182, -1395.38, -1212.39
4.41129, 197.295, 442.903
5.94997, -188.455, 379.575
3.21128, -776.482, 919.864
5.65284, -1570.72, 1592.46
3.15973, 401.563, 1873.73
7.13583, -1486.72, 513.433
5.53465, -1880.56, 1570.63
5.50388, -1844.66, 738.706
3.33635, 1227.17, -1068.13
3.301, -1726.74, -803.552
5.91628, 1251.32, -60.8175
5.1456, -1434.48, -29.0803
3.65264, -261.232, 1629.34
6.55373, -1004.97, -117.135
5.76477, -841.959, -1123.34
4.08597, -1097.41, -1165.38
2.53953, -526.29, -1634.51
3.49176, 1447.39, 1500.04
3.78831, -18.5749, 764.892
3.03825, 1788.5, 77.6823
3.49545, 267.36, -874.722
6.75079, 1607.51, -1545.17
6.63912, -1972.35, 441.735
6.76813, -1921.46, -1101.19
5.71027, 569.613, 1561.23
3.6787, 1463.41, -1984.35
6.80638, -1005.21, -1623.09
5.4745, 74.4898, -202.834
2.52745, 1016.3, -57.1499
6.84925, -1334.74, -955.894
7.37729, 1303.05, 214.236
5.59653, 760.595, 26.0241
3.85574, -1894.48, 758.425
7.46973, -316.479, -1273.64
4.60751, -1449.33, -1062.65
4.20537, -1591, -1231.93
4.80717, 721.271, -276.939
4.44822, 530.184, -757.081
4.613, -102.761, 1031.45
2.84879, 264.756, 573.166
5.5153, -136.801, -268.043
7.36114, -99.3717, 463.555
5.07406, -1393.47, -1074.31
7.45461, 1915.15, -275.713
5.84906, 1266.33, -298.227
4.01716, -1212.14, 142.217
3.47371, 1753.39, 1129.27
4.0109, -1418.08, -1878.7
4.93946, -669.034, 923.592
4.72438, 1059.12, 1952.77
5.7844, 638.38, -1887.37
3.74227, -1563.07, -1336.94
4.72007, 110.168, 1112.84
5.75894, -1383.45, 111.181
6.67472, -1426.5, 376
6.03698, 408.694, 1650.03
4.93928, -1745.61, -1201.85
6.72039, 800.669, -480.164
7.00296, -992.042, -363.827
6.33082, -1300.63, -1055.74
5.29453, 1256.43, 1695.61
2.70603, -54.5383, 195.09
5.46749, 1129.75, 130.277
2.68674, -1366.76, 1661.87
4.53488, 42.9217, 874.157
2.84243, -1955.85, -1765.76
7.38558, -1559.82, -1765.3
2.5956, -1036.76, -465.398
6.60363, -325.141, -553.386
5.2195, -741.813, 1761.67
5.72828, 1586.2, -664.874
3.62934, -521.515, 121.577
2.733, 1654.05, -1387.27
3.63154, 431.355, -1113.51
4.58371, -1267.11, 270.984
6.40126, 532.911, -1265.57
3.72852, -1845.22, 784.806
4.81411, 1325.42, 158.031
6.14756, 1859, 583.409
5.35237, -660.437, 1633.98
5.45997, 1855, 1859.97
4.98425, -1892.62, 562.957
3.951, 995.962, 215.309
4.71107, -6.53908, -450.339
2.53669, 1711.48, -791.258
7.41683, 1012.74, -726.783
2.52822, -1623.61, -285.647
4.8676, -189.216, 1472.44
5.86497, -619.964, -243.523
