6.27803, -1472.93, -1993.66
3.5948, 127.283, -171.901
5.89648, 717.779, -1808.95
5.09708, -468.098, 1744.58
2.76731, -1863.82, 1319.05
2.53849, 675.565, 121.278
4.58743, -1724.24, -465.35
7.15218, 356.441, 749.076
2.95982, 105.207, 1384.29
6.00595, -326.113, 629.521
3.81226, 1052.14, 1638.15
4.14117, 943.821, -1806.5
7.45519, 1022.6, 526.655
7.41275, -1017.02, -547.095
5.75759, 1010.81, 888.736
6.92354, 525.702, -1705.37
6.33247, -249.574, -907.055
3.87453, -1040.6, -93.8824
4.93259, -1343.73, -603.33
2.80282, 1639.19, 1585.06
5.08146, 16.7774, 1613.57
4.96988, 1941.5, -724.877
7.23882, -1633.27, -936.431
4.42071, -11.5798, -1688.17
5.14874, 1651.72, -894.44
2.75042, 1759.57, -136.247
6.63909, 1081.63, 1059.26
5.94228, -1929.33, -1495.42
6.18112, 517.991, 1471.53
6.94286, 1987.42, 900.919
4.25508, -769.304, -1068.46
6.72991, 364.684, 52.5904
3.84659, 1334.07, -328.843
4.83959, 147.776, -344.941
3.2686, -1282.56, -846.895
2.66527, 1216.26, 285.327
7.2768, -9.11314, 141.669
6.95369, 219.277, 990.503
3.29884, 1363.57, 497.094
3.15214, 858.147, -1147.06
2.515, -902.973, -1634.1
6.0491, -1910.4, -351.736
3.40448, -1033.74, 1745.76
5.76029, 1546.29, -726.591
4.42907, 728.011, -1397.66
3.23766, -14.6896, -455.173
5.45054, 1373.44, 346.643
3.24076, 232.219, 1819.96
3.2091, -363.912, 1929.21
4.94257, -988.662, 257.155
3.13015, 1831.9, -134.918
5.64635, -719.78, -1197.5
5.60817, 603.183, -1489.25
4.88216, -1004.17, 1208.52
2.64188, -1173.26, -464.499
3.21011, -287.111, 1603.96
3.15594, -360.281, 1785.28
3.31099, -1636.73, 1528.4
3.76529, -537.501, -1710.51
4.77654, 1139.95, -1464.42
6.54472, -189.789, -600.766
3.57624, 605.665, 1721.71
3.75063, 1633.76, 727.207
5.02978, -115.697, 1442.18
6.27922, 1269.92, 388.329
5.66369, 1807.15, -144.293
5.9449, 1287.6, -249.35
7.27207, 1943.99, 813.316
5.18713, -844.748, 1413.21
4.57014, -1580.98, 57.5621
4.70019, 1504.21, 309.032
6.07821, 1474.64, 918.04
6.20858, 821.76, 1199.19
5.12494, 1542.62, -1921.19
6.06711, -1735.11, -147.668
5.91025, 669.489, -43.7239
6.82941, 1664.95, -1199.7
3.19597, 172.987, 1555.07
3.57766, 1949.54, -200.334
5.0733, -733.099, -219.524
4.83766, -239.556, 1515.23
3.55759, -536.858, 1224.85
5.65244, -1381.15, 1979.84
2.5044, -1975.55, 445.472
4.09589, 907.321, 1090.9
5.90281, 727.951, -320.034
6.0446, 1343.3, -1176.54
2.90869, -1619.34, 1312.11
3.56926, 530.139, 1065.6
4.44412, -1672.12, -1144.09
4.44927, 1795.6, 1806.88
3.92018, 766.884, -922.517
4.6123, 1132.29, 1104.82
2.55658, -1224.15, -871.919
3.72027, 1902.35, -1237
4.49072, -1448.7, 1285.63
6.64177, -1293.97, 403.29
3.78584, 1948.18, -1371.71
3.59705, -1601.86, -1066.03
6.47385, 781.846, 538.104
5.8476, 1008.33, 784.061
5.49108, -1779.58, 559.768
5.99917, -726.169, -1088.25
5.13062, 1052.01, -1526.25
4.14833, 362.393, 207.279
3.30844, -1428.67, 808.581
6.56633, 1438.42, -57.5158
4.08004, 956.154, 229.541
4.05369, 111.405, -1461.13
4.65424, 71.4007, 345.333
4.46509, -497.264, -954.644
4.43916, -97.8641, -221.463
4.34871, -1680.97, -884.796
5.88118, 686.567, -985.717
6.10384, 909.784, 56.0396
7.20082, -142.998, 1786.83
5.08573, -158.647, -714.599
5.5282, -390.068, 645.772
5.85049, -1392.56, 1951.79
5.11404, 164.084, -620.672
3.87105, -1927.35, 1305.79
7.08924, 187.098, 570.965
3.73367, 1874.3, -929.297
4.77876, 772.304, 1371.13
3.30374, -1908.92, 1275.35
4.68319, 828.632, 822.742
7.45767, 1000.92, 334.121
6.26931, -879.909, 782.221
4.97846, -1976.61, -1312.88
7.01651, -1322.53, -1680.23
4.68213, 985.759, 1127.32
5.09239, 337.777, -1969.14
4.44866, 176.285, -1727.22
5.63431, -451.539, -1136.32
5.19331, 833.317, 636.231
4.35955, 1264.32, -877.652
2.54674, -739.083, 730.463
6.3794, 82.8469, -1580.48
2.85317, -1776.21, -1119.78
3.98511, 892.271, -1359.1
4.78581, -90.3514, -1787.16
3.25156, -191.337, 85.8582
5.97819, 1336.24, -859.661
4.15587, 740.208, 318.917
5.21197, 1943.94, -1765.46
2.64678, 1432.12, -1981.74
5.38086, -42.6453, -480.25
5.18133, 730.419, 950.304
7.36678, -1512.95, -1852.99
5.57063, -595.335, -1242.39
5.26431, -1493.22, 426.765
6.69051, -558.896, 1813.3
3.75764, -969.415, 1883.88
6.98957, 1252.31, -293.817
5.97428, 1032.67, -1012.92
5.82752, -945.894, -191.62
3.06838, -1160.35, -1537.33
3.37987, -1968.33, 188.941
2.91253, -272.347, 393.323
6.68103, -495.895, 745.831
2.64818, 1883.36, -1519.62
6.34719, -5.45338, -1698.5
4.29829, -1003.21, 1733.45
6.24626, 3.28826, 1072.31
6.28385, 725.742, 684.651
3.60834, -1076.41, -1849.46
5.58305, 610.269, 253.191
3.66846, -1099.82, -509.315
6.22052, -1337.75, 609.159
5.80997, -1819.7, -1369.6
4.9209, 1804.13, -1495.69
2.58972, 1656.12, 480.079
4.98291, 892.082, 392.12
5.09587, -226.985, -1778.47
4.71395, -1748.87, 1064.49
4.14528, -125.555, 1902.29
3.52671, 971.186, -215.169
7.19863, -504.616, -1308.54
2.85168, -998.449, 1854.02
3.30042, 104.148, -1498.31
6.70788, -1574.62, 69.5731
4.13614, -318.94, -543.642
6.85942, 312.763, 854.637
5.99896, 1344.13, 1032.3
5.52801, 1739.23, -441.835
4.77536, 158.652, -541.849
2.91543, -1041.01, -361.727
3.94883, -110.285, -303.917
6.51009, -1138.87, -1576.1
6.81821, 671.631, 115.27
3.81831, 844.059, -1023.2
4.79881, -1673.48, -470.602
4.95672, 1212.95, -1056.66
5.82344, -934.914, -1981.7
7.31738, -1253.32, -304.431
7.23022, 1172.91, -1467.28
2.81902, 448.467, -1312.25
5.04829, -814.607, -617.755
6.13222, 1336.86, 1310.58
5.65882, 1203.99, -679.728
3.26658, -1831.92, -1817.75
5.09652, -1736.05, 1082.99
3.52281, -1114.88, 1712.25
6.03231, 799.562, -1642.52
6.05786, -950.413, -27.0516
3.66304, -1161.63, -472.362
6.80594, -129.436, -267.364
2.67122, -219.972, 1903.67
6.26587, -1871.82, 100.453
4.14789, 1287.57, 353.362
4.65309, 143.885, -1068.88
7.33455, 1941.09, -386.78
4.05803, 1467.49, 1394.95
5.69762, 1981.04, -1403.47
5.95386, 1732.4, -125.036
5.36403, 161.478, 1258.91
6.60667, 1782.65, -1365.87
4.21807, -1809.62, -1361.81
5.09387, -1617.4, -1554.02
6.78438, 245.279, -1905.15
6.18587, 694.179, 75.7377
3.45992, -1895.96, 782.864
2.83145, -616.347, 681.984
3.60828, 1684.97, -1434.55
3.33656, 341.951, -473.357
6.31172, 764.429, -1876.48
5.44905, -1688.17, 850.752
4.65223, 1719.04, 1704.44
7.09618, 1322.36, 24.1574
5.09668, 890.448, 385.4
7.38058, -1356.36, -40.5041
5.15714, -906.339, 295.247
2.98716, 668.313, 788.648
5.83983, 438.82, 196.479
5.44444, 279.763, -45.6562
5.01137, -1403.82, -219.593
2.75808, -1867.83, 921.585
2.6753, -699.108, 63.225
4.41484, -1571.43, -1023.82
5.55555, 382.263, 207.099
5.06574, 1089.19, 1741.09
5.98498, 603.468, -52.9525
4.89891, -51.1331, -370.605
3.88323, 136.71, 842.991
6.01685, -878.787, 419.908
3.67701, 1750.88, 118.22
6.41501, 380.599, -349.849
6.60589, 722.972, 1676.31
3.21842, -1073.89, 107.765
5.75757, -981.941, 1614.2
3.87677, 1740.95, -1975.32
7.26215, -871.143, 1433.25
4.58238, -1505.11, 27.8027
3.03869, -253.577, 807.739
4.70633, -1598.01, 1063.68
6.28811, -834.937, -607.495
2.77803, -677.13, -642.095
3.51241, -56.9582, 290.683
6.82305, 1885.86, -1563.4
6.52456, -530.811, -26.9126
2.78861, -1359.72, -1347.86
4.40304, -128.224, -1402.84
4.56124, -296.484, 1531.85
2.80071, -764.343, 605.061
7.09746, 1598.67, 1286.61
3.35398, 1077.48, 1606.98
6.51634, -1868.81, 298.421
3.88599, 1447.09, 90.8265
4.44586, 346.19, 1477.02
7.19936, 104.849, 1247.32
6.24573, 320.984, -325.338
3.44774, -649.243, 1520.87
6.89581, 873.414, 970.998
6.8953, 837.29, -1703.65
3.30515, -1620.09, -529.053
5.87346, -1610.7, -332.623
6.89096, 1254.24, 252.186
6.98262, 523.918, 1060.47
3.06535, -51.7145, 1510.81
5.93789, -467.608, -498.48
3.21651, -1684.31, -1520.84
3.6901, 830.732, -89.3003
5.64383, 1897.54, -436.055
4.312, 1634.63, 720.778
4.64437, 1177.01, 1435.81
4.91936, -21.5844, -1684.01
6.20379, -4.45457, -208.517
3.23098, -789.489, 1733.61
7.36238, -1672.82, -1551.81
7.3158, -1034.87, -382.73
3.14741, -1204.42, 1331.39
5.3784, -640.37, -1214.02
4.66439, 341.527, -243.214
5.50066, -479.965, -523.749
5.85098, -1400.09, -271.685
4.5137, 792.758, 1977.75
6.46691, 1279.42, 1392.36
4.89889, -1956.02, -501.964
5.72449, 590.991, 554.313
4.28836, -491.861, 1197.66
5.96794, -661.56, -441.656
5.83428, -833.945, -1413.69
3.22071, -750.606, 1421.06
7.10415, -1967.62, 435.779
4.22228, 64.7589, -471.764
6.66824, -832.764, -941.236
2.74349, 540.295, -1497.77
3.27936, -499.109, -141.132
2.55765, 663.041, 1019.9
3.94327, 242.549, 1178.26
5.07295, -698.153, -344.746
3.65948, 1366.36, 875.82
2.75022, -481.937, -132.699
5.33091, -1190.94, -1697.13
6.69774, -306.249, 1345.88
4.28763, -1292.74, -849.905
4.3452, 333.31, 1743.08
7.22226, 512.069, -147.098
4.72425, -1817.97, -365.282
6.82086, 990.2, 377.212
5.82654, -1579.3, -1473.64
5.79297, 327.858, 1331.73
7.10736, -1921.52, 1925.3
5.11536, 1883.22, -1231.62
5.45229, 878.627, -884.354
5.79944, 1337.08, 1339.22
4.24765, 582.263, 920.929
4.11714, 675.384, 112.101
7.08984, -222.723, 1477.75
3.08619, 1807.29, -892.448
7.31268, 1352.58, -342.603
5.17978, 93.7211, -664.185
5.81447, 1712.48, 1270.16
5.48362, 1783.65, -1011.35
6.93363, -1012.31, -1492.84
6.67999, -1340.57, -1215.09
6.69339, 493.333, 407.723
6.85642, -429.818, 682.461
2.5002, -1539.07, 679.31
4.77274, 516.56, 702.017
4.25696, -1865.59, 305.944
5.80713, -516.061, 1418.45
6.22234, -1746.91, 305.563
3.3821, -238.804, -894.09
7.4621, 1589, -1627.98
5.95466, -1865.26, 345.679
6.97862, 284.44, -30.5802
3.51579, 748.368, -263.512
7.2356, -913.136, -72.8682
4.88476, 1781.26, -1010.55
6.78578, 1843.37, -1493.38
6.41237, -1963.02, -1119.72
5.70687, 1823.34, -1813.75
3.14521, -1449.35, 295.685
5.77944, 8.22103, 1299.48
3.09199, 106.194, 19.0577
3.88793, 672.114, 1609.11
6.65548, -440.65, -454.133
6.14153, -1504.47, -1027.07
6.74348, -1195.69, 591.787
3.43989, -1568.49, -1893.4
6.09602, 1116.81, -557.796
4.25586, 320.844, 665.07
3.34555, -831.787, -1375.29
4.52383, 678.023, -1098.64
4.20924, 318.118, 1542.64
6.67141, 788.339, -251.165
3.9111, 1396.01, 1168.22
5.16766, -1356.14, -962.642
6.25085, 1988.93, -1705.74
4.62554, -1375.29, -1523.14
4.66964, -1140.28, 1094.36
3.03022, 1715.82, -1865.16
6.4639, -76.2136, -932.841
3.91232, -1146.41, -967.457
7.14264, -1159.32, -474.193
5.37926, 485.16, 1035.92
3.4895, 1634.61, -577.982
5.99081, 1148.96, -1510.08
3.07265, 990.86, -1920.5
4.22945, 613.802, 1575.81
4.15646, -1176.91, -475.682
6.42735, 1656.87, -1924.84
6.65775, 919.251, -425.685
4.21712, -1479.99, 1510.17
4.2603, -549.017, 1775.11
6.38197, 293.44, -1664.54
6.58658, -25.5606, 1376.14
4.26157, -259.711, 565.14
7.09559, -863.586, -602.446
3.2877, 982.009, 506.823
5.56029, -970.943, 1131.7
5.54222, -750.461, 1420.71
3.16647, -504.082, -1492.29
3.51409, -1492.14, -955.038
4.79457, -1714.1, 1002.34
3.48759, -1055.19, 1855.57
6.77118, -1684.75, 753.555
6.54562, -1519.25, -1386.16
2.80131, -1814.23, 1772.89
6.50584, -1436.49, 1311.13
5.49597, -386.183, -1086.9
7.43182, -1782.3, 615.907
2.65919, -324.675, 1280.51
6.8356, 1887.84, -1542.54
3.69109, 1337.62, 697.474
3.6127, 352.552, 863.694
4.73907, -1979.92, -1093.59
2.61231, 1724.24, -349.63
6.79755, -514.053, 38.4936
4.15902, 426.68, 1181.73
5.72195, 612.904, 500.256
7.43521, -1891.55, -965.407
5.30162, 569.189, -1167.7
4.74553, -1516.25, -492.458
5.213, 340.404, -1438.02
2.90797, 1546.19, -65.6299
3.99606, -1613.93, -543.309
6.63964, 1646.27, 1359.2
6.48936, 1251.35, 1875.35
5.71048, -206.195, 1359.49
4.84105, 1261.61, 773.206
7.15326, -395.986, -1220.95
5.08798, -495.137, -148.173
7.42924, 1596.03, -1081.55
5.94567, -162.426, -1447.21
6.19966, -361.899, -892.572
3.46323, -784.969, -1870.01
6.08881, -903.318, 1249.69
6.11146, 1140.04, -362.584
6.49298, 532.815, 307.684
4.23216, 510.698, -1994.09
5.1481, -31.5954, -118.319
3.19001, 1431.83, -722.405
6.73218, -450.487, -412.473
6.32766, -169.07, -1770.5
7.5, 1846.85, -834.965
4.24891, 966.071, 1987.84
5.50367, -1202.08, 1182.51
3.50808, -992.415, 168.938
6.2385, 56.9161, 304.902
6.49225, 1953.09, 432.462
3.03505, -1412.12, 218.608
5.35813, -1014.39, 94.66
2.84683, 717.598, -667.833
4.16036, 1497.12, 1378.87
5.80945, 973.889, -1416.41
5.27726, 339.18, -383.426
7.12415, 457.88, -23.4381
2.69832, -971.9, 453.397
2.62083, -623.435, 480.488
4.61923, 428.84, -1313.63
4.36987, 921.651, 272.158
2.93303, -470.419, -508.082
3.05403, -321.437, 337.137
5.31992, 737.1, -696.486
7.37269, 123.267, 1484.75
3.05066, -94.7801, -1765.98
5.99352, 198.096, 1963.05
2.79674, -100.661, -1486
4.69755, 1670.97, -216.791
5.24651, 1984.73, 1432.28
3.45129, 1383, -1500.7
7.36597, 627.773, 654.736
3.19593, -1355.08, -135.664
5.48978, 1882.45, -865.361
7.12812, -1746.07, 1408.31
3.91116, -157.313, 1775.22
6.8307, -280.926, -163.407
6.29598, -456.151, -1201.74
6.10793, 716.654, 1241.83
3.34241, -754.375, 740.984
3.32882, 1674.56, 748.65
3.39076, -1294.8, -1979.91
5.87226, 671.126, -1204.67
4.83484, -710.386, 80.8821
6.85219, -1622.29, -716.331
5.76023, -1392.41, -236.582
5.80464, 1525.24, 1762.45
2.58037, -1323.2, -1195.41
4.30596, -1559.43, -1338.59
3.72747, 1850.18, 238.95
6.93086, -1875.17, -1900.49
5.23701, 1649.76, 1547.5
6.57209, -52.7916, -1302.6
5.24453, 351.342, 1734.66
4.16156, 1012.67, -111.544
4.40213, 48.9248, -1309.5
2.52389, 1863.91, 1309.62
6.95226, -181.116, -794.654
6.16955, -995.084, 1371.99
6.04239, -308.321, 1328.96
5.1278, 109.823, -374.309
6.41065, -382.801, -1630.28
3.42484, -771.414, -940.919
5.72673, 488.857, 1026.11
3.42178, -1378.94, -686.174
3.31214, 127.83, -180.629
2.65594, -363.873, 1700.93
7.42716, 260.76, -1331.32
4.04559, -663.672, -1434.73
4.11075, -1348.2, -592.469
5.51155, 574.382, -466.849
2.89107, -659.004, -1845.63
3.93936, -40.9363, 181.239
5.79307, -251.51, -981.778
7.36348, -1986.54, -698.152
7.27758, -726.341, -1592.61
7.42745, -1337.62, -575.228
7.30478, -1827.76, -1527.32
3.0073, -1117.32, 1136.55
3.71505, -245.111, -988.62
6.91151, 198.086, -866.779
5.28805, 681.133, 1401.73
6.7669, 1605.77, 1032
7.49145, -1072.86, 1048.39
3.99751, -516.062, -964.196
6.33157, 1957.37, 975.888
4.81901, 568.721, -287.191
6.8168, -1272.54, -1586.24
6.99018, 1721.21, 9.84266
7.377, 515.835, -833.18
2.77405, 1321.52, 160.206
6.32605, 1897.31, -1234.58
5.09219, -1867.27, 1478.72
3.46574, 1853.51, -477.358
6.98252, 391.54, -1086.55
6.38492, -1663.96, 196.124
2.75968, 831.811, 1082.57
7.47331, -1708.31, 1530.97
5.93659, -5.88206, -918.289
5.94854, 1776.19, 993.53
6.57666, -1314.51, 1639.95
7.05426, -73.3784, -873.307
3.34218, -402.77, 808.41
5.24183, -1160.42, 1608.1
6.53351, -968.124, -504.384
4.17803, 642.779, -1066.28
5.53435, -205.402, 74.4123
6.59602, -1905.16, 668.126
7.3485, 167.272, -493.175
6.29349, 1169.43, 986.137
3.72113, -365.327, -185.754
5.80589, -1144.37, 806.984
4.21574, -896.383, -373.432
7.27146, 751.955, -792.55
2.60828, 1607.21, 1111.46
4.54979, -1783.74, 1893.43
2.55789, 1171.91, -1340.48
3.04964, 1681.91, 399.569
5.28259, -1698.78, 183.768
4.45466, -59.512, -471.903
7.20539, 235.78, -365.406
2.55572, 358.613, 790.766
6.22897, -446.504, -871.444
3.84293, 220.324, 255.734
4.27153, -1356.83, -1529.01
3.45835, -928.816, 1234.59
5.14832, 591.593, -339.634
4.39478, -116.48, -1710.88
3.16407, -25.3247, -1605.69
4.26563, -250.965, -1130.33
4.2497, 1567.66, 1971.22
7.41084, 1211.56, -247.062
5.25961, 302.47, -759.824
4.99918, 27.1736, -1428.52
3.58531, -1669.24, 914.046
4.37311, -464.923, -1302.72
6.78251, -1320.49, -944.376
6.45578, 1579.62, -1021.92
3.9204, -983.539, 1858.26
5.07645, 874.78, 201.575
6.79238, -586.999, -49.8211
7.07844, -1887.04, -345.291
7.48941, 272.848, 1832.74
6.53177, 349.512, -392.597
5.22718, -1802.81, -370.674
7.3461, 299.853, -1474.07
5.31931, -1170.39, 725.268
4.03031, -832.062, 1319.93
5.41853, 1933.04, 1905.88
2.91197, 111.087, -663.454
5.47382, 700.898, 1246.29
3.31968, -1197.21, -1183.31
6.46527, -1216.4, -874.854
2.95373, 1158.17, 1480.96
6.3072, -1010.71, -1359.51
6.83996, -440.696, 64.6249
6.40105, 383.529, -668.864
6.61399, 1817.18, 1939.84
6.70974, 745.051, 1106.49
4.48328, 1062.31, 512.672
6.508, -320.235, 338.482
6.56811, 761.276, -88.1815
5.43493, -819.683, 202.383
4.64621, 1591.9, -100.21
2.5002, -134.342, -958.102
5.31153, -1630.55, 633.446
6.22632, 672.397, 709.949
3.89846, 1934.54, 587.324
2.93406, -1973.48, 1130.07
3.5733, 1706.92, -1761.43
3.93296, -987.18, 1114.44
4.86595, -813.215, 950.389
6.95893, 1690.51, 1639.74
5.91955, 1017.27, -1001.97
3.54376, -100.822, -132.219
6.67533, 1588.37, 23.9177
7.09218, 1879.08, 1835.49
4.48244, -949.884, -1402.29
6.37858, 1083.64, 1071.41
5.68161, -322.516, -180.973
6.64746, 966.923, 583.404
3.40204, 1116.6, -918.266
7.45927, 1159.92, -1532.24
6.70558, -302.378, -1689.79
4.65177, 1776.59, 531.956
4.38589, 1193.41, 1779.59
2.70802, 1310.67, -1011.33
6.80715, -1612.94, -1077.6
6.62116, 1828.91, -1806.79
6.25052, 29.1114, 1465.32
3.55801, -330.409, 1986.48
4.31029, -1563.64, -384.423
4.43545, -1182.49, -1605.62
7.32918, 1609.59, 1279.84
6.5872, -336.453, 1262.14
4.5755, -164.566, 898.534
5.83759, 411.328, 367.395
2.52101, 954.368, 1951.22
6.98048, -1477.46, 498.691
3.68416, -686.96, 710.392
3.79415, 717.816, -191.479
5.4939, 818.295, -1423.36
6.89823, -1681.79, 751.295
6.16299, -1130.38, -1183.51
6.0773, 1826.48, 1141.25
3.57724, -1216.51, 962.146
6.30413, 1357.32, -1915.83
3.85351, -321.313, -1120.28
2.75246, 1334.03, 680.697
4.78866, 538.093, 491.392
2.58759, 897.872, -1557.8
3.01129, 148.689, -347.852
2.639, -261.036, 571.743
5.65921, -681.934, -1031.52
6.34425, 172.231, -496.043
2.74132, 1051.27, -1680.89
6.6924, -115.537, -1261.29
6.76899, -526.07, -640.196
6.57649, -890.272, 1148.31
6.85188, 1589.97, 811.051
5.27222, -1267.35, -343.196
6.12646, -591.49, 118.599
3.20424, -1054.31, 1872.58
6.6115, 1197.62, -1055.32
5.51185, 1467.19, -394.593
4.93856, 1017.63, -1841.16
6.14942, -576.655, 1905.45
4.05164, 1515.14, -1338.31
3.93925, -1398.76, 707.827
5.45857, -1905.78, 1620.87
5.34055, 1312, 1770.74
5.41059, -1858.22, -1156.62
2.84132, -1378.72, 566.381
4.34304, 301.355, -769.242
6.28475, -1872.58, -1151.95
6.35297, -897.117, -1741.09
4.27217, -788.075, -504.974
5.98913, 485.649, 1864.67
5.08005, -1362.19, -604.514
5.94494, 782.397, 264.159
6.18066, -164.253, 1231.6
2.56231, -686.899, -1349.95
7.16549, 1223.87, -242.776
5.37826, 266.956, 252.771
3.05587, 919.413, 1949.06
4.87388, -217.063, 52.2956
3.24247, 349.679, 191.556
4.22594, 101.963, 899.141
7.04476, -1865.98, 370.133
4.54571, 30.4699, 1033.46
5.96642, -1357.64, -155.171
3.35865, 764.231, -1875.73
6.21715, 1788.49, -1014.95
4.16319, -847.983, 1283.41
4.62157, 1334.86, 623.122
2.79523, -274.626, -229.582
5.09005, 565.798, -477.089
5.94425, 948.826, -1162.65
5.01149, -504.66, 39.0384
6.56617, -338.337, -1502.53
3.07974, 163.779, -1878.4
5.24841, 535.163, 930.823
5.06046, 822.521, 42.5682
6.02649, 1908.22, 883.17
5.65083, -474.547, 1778.06
4.0207, -49.2275, -1269.55
6.74719, 800.105, 743.425
3.39619, 1205.25, -41.2274
2.61737, -1060.88, -200.514
4.19467, 1479.31, 107.545
3.43818, 702.191, -171.125
6.60467, -573.201, 378.443
6.72507, -1791.18, -314.146
6.78031, 1696.14, -1442.38
7.37454, -1909.01, 1282.39
2.99587, 939.741, -896.68
2.56182, 1129, 1313.5
2.58614, 441.276, 1168.68
2.64527, 504.087, 190.413
4.1031, 303.64, -786.76
6.17815, 1255.1, 605.029
3.14876, 719.811, 953.182
2.5161, -736.176, 1014.46
6.91905, 278.311, -1581.68
3.70482, 462.589, -1148.69
4.38481, -1641.47, 1521.64
4.44879, 1221.18, 371.851
2.81534, 1191.94, 589.998
7.30792, 367.381, 1915.92
3.75349, 1453.4, -676.675
6.85376, -1360.05, -119.274
2.85991, -1837.26, 854.047
2.70653, -1248.52, 1154.43
3.46378, 725.135, -1047.14
3.86708, -620.895, 605.729
7.4007, -1906.16, -731.13
3.60607, 649.566, -1076.96
6.43119, -1751.49, 1712.53
4.42306, 601.84, -844.3
3.78593, 959.976, -1273.95
3.91087, -1894.35, 130.971
7.33834, 1736.66, -68.7527
4.22841, 1536.19, 344.576
3.45922, -1967.86, 1475.51
5.05037, -1096.55, -750.566
5.21857, -1115.79, 1268.86
5.72333, -1275.93, -1231.11
3.89738, -20.6552, 1576.71
3.41887, -593.193, -1439.47
2.71579, -1692.44, 752.066
3.98408, -1004.3, -528.18
4.25548, -463.049, 281.411
7.09372, -842.726, 1453.88
5.81225, 1013.94, -726.406
5.08041, 1733.49, 1171.96
4.03763, 1232.05, 1176.19
3.0007, -705.7, 310.429
3.47502, 759.949, -1761.78
4.11407, 62.8891, -263.787
5.56182, 1928.75, 173.374
5.13511, 1922.12, -1968.3
3.45653, 514.639, 569.883
4.7178, -1292.85, -854.138
4.48693, -1419.11, 1709.73
6.28051, -1214.1, 1489.61
6.6213, 1473.66, 1205.24
5.51573, 284.042, -689.104
3.04573, 1219.96, -1658.16
4.11797, 974.185, -330.781
5.03403, 16.7966, 637.286
4.76521, -1296.46, 1598.11
4.77315, -362.046, -920.791
4.91125, 1836.22, 1821.41
5.07896, 738.882, -1302.53
4.50207, 401.623, 1642.15
4.22945, 1926.35, 969.451
6.64533, 1861.24, -482.895
3.02204, -1465.29, -1596.88
6.40057, 1172.49, 1137.01
3.19919, -595.19, -478.825
2.62171, -1600.19, -1033.37
6.0664, 813.938, -1509.91
7.15538, 308.595, -1645.2
7.47667, 364.016, 349.39
3.86264, -1762.89, 305.931
3.6923, -949.466, -510.292
3.87328, 1926.04, 1240.08
5.70836, -1817.65, -1461.95
5.17637, 621.26, 311.385
6.8967, 1671.67, -593.833
6.75968, -1335.5, -1676.77
2.98004, 1817.73, -72.2483
4.66818, -1500.03, 400.307
3.17045, -410.675, -1514.85
5.86802, -327.512, 627.318
5.34964, -107.023, -958.617
3.66474, -1247.04, 1127.45
5.50306, 533.16, -1379.07
2.6551, -1606.64, -56.1962
7.08512, 1137.47, -624.226
3.82958, 1727.11, -355.617
6.50016, -369.319, -1019.16
5.46389, 337.76, -1444.94
5.0822, 713.514, 1239.89
5.2567, 639.98, 1287.47
3.47225, 1013.1, -467.345
5.36152, 244.063, -1486.36
3.81992, 427.178, 805.267
4.41648, -1530.84, 1079.33
2.73626, -1510.11, -1795.11
4.22823, 1179.13, -1344.96
3.61594, 1355.35, -872.185
3.81264, 34.333, -1473.86
3.05141, -859.999, -805.015
7.40088, -1411.52, 39.8567
5.93794, 1594.41, 1271.39
5.82158, -1095.2, -764.605
5.99501, -1203.55, -1345.97
2.68746, -1666.58, -1549.69
3.6706, -1258.23, -1491.53
3.95397, 1436.38, 1387.81
3.50543, -77.5712, -518.059
2.7177, 749.845, 666.588
2.56571, -1058.03, 1039.37
6.07297, -1054.75, 1531.05
6.88348, -1743.29, -1258.47
5.35088, -1774.37, 540
6.92743, 1731.59, 1740.24
5.20042, -713.202, -559.955
3.31357, 1859.78, -1294.87
3.30492, 1933.55, 880.866
7.19182, 637.587, 574.639
3.45628, 1108.02, -1704.6
3.15761, -6.24382, -211.336
4.41122, -628.935, -11.0531
6.12674, 515.871, -529.698
2.50651, 1085.91, 1745.75
4.60222, 47.7522, 1473.47
5.18984, 614.906, -428.181
4.86596, -477.403, 494.42
6.33003, 1082.19, 1747.73
2.9396, 1110.06, -938.02
7.04284, 268.134, 647.448
3.20818, -1751.38, -791.929
2.54782, 870.911, -103.063
2.82267, 475.886, 1048.09
4.96742, 763.53, 444.878
5.40914, 1062.2, 1962.5
4.03373, -1896.86, 1089.56
4.57091, 1827.97, -142.886
4.33401, -1149.61, -1377.3
3.42687, 368.956, 1337.33
2.76788, 1281.84, 326.93
4.47222, 1082.24, -130.822
3.98388, -695.765, -264.251
5.05388, -792.441, 1641.25
3.75392, -1400.56, 460.395
5.01589, 1928.58, 1770.6
2.51168, -29.3074, 1592.04
7.01807, 1992.57, -896.219
2.79181, -1812.41, -1895.78
5.17506, -1375.6, 1610.21
3.95754, -765.649, 1749.27
7.3023, -1626.82, -547.618
4.73406, 639.925, -218.376
5.08479, 1788.79, 335.596
5.93861, -510.992, 40.0619
2.72187, -321.222, 151.713
7.2946, -1595.95, 1213.46
5.70852, 728.379, 311.547
2.80215, 1259.45, -1561.26
3.33964, 97.7687, 536.211
5.76491, 975.191, -497.862
6.19864, -1538.39, 674.445
3.57011, 1718.94, 402.758
4.31441, 314.176, -1747.47
6.56981, -1296.12, 1869.03
5.32057, 1615.59, -941.153
7.45886, -79.8321, -1796.63
6.5669, -1527.26, 794.327
3.49157, -1987.03, -45.9327
2.50003, -320.442, -1704.64
4.62608, 1898.53, -1552.74
4.07406, 1670.96, 392.365
5.56218, 1213.59, -1866.94
3.83351, -403.834, -1088.48
4.39881, -1190.01, -122.68
5.43397, 1927.84, 597.184
5.95636, -282.946, -1029.39
7.26736, -917.883, -1143.23
4.89785, -585.793, -1908.32
3.60319, 752.686, -1459.87
5.33741, -1448.69, -894.912
6.09873, 864.694, 728.07
4.4953, -984.318, 1120.24
3.48326, -1386.59, 1987.54
6.66971, -1344.58, -1514.49
5.59561, -895.523, -1745.61
7.26866, -588.002, 346.115
3.23222, -28.6992, -558.046
5.38953, 80.6408, -919.496
7.26796, -784.992, 1443.96
3.62331, 1441.35, -1956.97
7.25137, -984.293, 1610.46
3.07874, 1594.62, -1035.58
2.58372, 59.4826, -523.143
3.90465, -711.126, -338.381
7.15042, 1291.43, 337.792
3.04796, 1494.35, 1744.13
6.77266, 60.0576, 1658.83
5.68532, -1452.48, -1464.1
5.63853, 812.989, -1415.05
3.80589, 1451.27, 1489.77
5.13936, -1901.86, 438.825
7.16608, -539.011, 1823.85
3.98055, 1846.13, 203.695
4.78006, 312.108, 911.261
6.35659, -1312.93, -1240.05
4.17193, 200.932, 233.656
6.31775, -79.129, -1886.14
6.65892, -60.2122, 1885.83
2.64618, -1450.27, 1136.44
4.31315, 1430.37, -535.049
4.16221, 567.3, 922.611
3.17675, -1037.68, -607.626
3.00839, -613.036, 1247.19
5.11327, -1219.61, 1629.59
3.52046, 61.3066, -1068.19
5.00728, -1735, -1261.49
5.1371, 4.71764, 1923.28
4.13422, -537.355, -585.821
4.75888, 452.491, -889.588
6.85263, -14.7539, 1969.18
4.72884, 1290.6, 1730.39
6.03726, -917.615, -1838.08
6.83171, 1829.34, -1398.35
6.5822, 1739.77, 441.463
2.67504, 1790.17, 1675.66
3.8644, -1307.4, -473.22
5.21858, -845.341, -861.588
3.19942, -1980.32, -1085.05
5.57408, -1557.1, -1871.87
3.29182, -1383, -1210.86
4.41129, 198.254, 442.162
5.94997, -188.76, 378.89
3.21128, -778.718, 922.141
5.65284, -1569.98, 1588.01
3.15973, 398.07, 1872.43
7.13583, -1485.08, 510.983
5.53465, -1878.31, 1569.52
5.50388, -1844.11, 742.301
3.33635, 1188.08, -1062.54
3.301, -1727.39, -802.288
5.91628, 1247.11, -59.4016
5.1456, -1428.47, -27.4782
3.65264, -265.016, 1620.92
6.55373, -1004.62, -116.271
5.76477, -840.644, -1121.23
4.08597, -1106.44, -1169.42
2.53953, -524.888, -1631.32
3.49176, 1460.83, 1478.37
3.78831, -16.7762, 763.894
3.03825, 1781.38, 77.321
3.49545, 264.314, -869.504
6.75079, 1607.53, -1543.73
6.63912, -1967.83, 418.638
6.76813, -1920.62, -1105.38
5.71027, 571.889, 1559.02
3.6787, 1454.22, -1975.48
6.80638, -1005.31, -1618.95
5.4745, 73.508, -205.416
2.52745, 1014.06, -60.8013
6.84925, -1322.55, -935.243
7.37729, 1299.46, 212.681
5.59653, 758.013, 27.4716
3.85574, -1884.26, 760.787
7.46973, -318.905, -1268.48
4.60751, -1446.08, -1059.42
4.20537, -1589.34, -1230.59
4.80717, 728.016, -274.928
4.44822, 528.44, -758.963
4.613, -99.986, 1030.73
2.84879, 263.564, 575.359
5.5153, -115.821, -254.337
7.36114, -99.4379, 461.418
5.07406, -1393.67, -1070.86
7.45461, 1910.39, -275.286
5.84906, 1261.74, -291.198
4.01716, -1211.37, 140.975
3.47371, 1749.61, 1133.76
4.0109, -1420.11, -1873.86
4.93946, -669.968, 922.422
4.72438, 1064.41, 1968.39
5.7844, 639.841, -1882.15
3.74227, -1557.11, -1331.36
4.72007, 109.714, 1111.5
5.75894, -1383.85, 106.523
6.67472, -1427.94, 378.076
6.03698, 394.5, 1634.15
4.93928, -1742.03, -1206.12
6.72039, 799.442, -477.665
7.00296, -999.722, -368.392
6.33082, -1302.37, -1052.4
5.29453, 1257.94, 1697.86
2.70603, -36.1435, 175.677
5.46749, 1128.24, 131.286
2.68674, -1360.23, 1653.33
4.53488, 47.0454, 873.994
2.84243, -1951.8, -1763.68
7.38558, -1554.87, -1764.91
2.5956, -1034.07, -467.641
6.60363, -316.63, -540.511
5.2195, -753.067, 1754.12
5.72828, 1583.24, -665.196
3.62934, -521.487, 111.788
2.733, 1657.66, -1390.79
3.63154, 428.555, -1111.41
4.58371, -1267.17, 270.305
6.40126, 531.771, -1263.38
3.72852, -1844.88, 774.943
4.81411, 1316.31, 178.59
6.14756, 1857.53, 582.25
5.35237, -661.02, 1631.46
5.45997, 1857.58, 1846.18
4.98425, -1886.27, 561.832
3.951, 986.136, 219.462
4.71107, -5.82234, -452.818
2.53669, 1708.89, -792.165
7.41683, 990.95, -717.261
2.52822, -1619.07, -293.508
4.8676, -200.592, 1471.86
5.86497, -620.998, -244.156
