6.27803, -1469.97, -1972.7
3.5948, 112.243, -187.401
5.89648, 726.229, -1800.26
5.09708, -495.014, 1770.15
2.76731, -1879.51, 1298.18
2.53849, 686.479, 108.579
4.58743, -1693.66, -463.715
7.15218, 358.831, 763.562
2.95982, 96.5406, 1383.59
6.00595, -320.044, 635.216
3.81226, 1067.13, 1617.79
4.14117, 942.436, -1794.8
7.45519, 1019.24, 514.045
7.41275, -985.417, -509.888
5.75759, 1002.18, 882.392
6.92354, 522.964, -1692.63
6.33247, -240.585, -902.416
3.87453, -995.689, -116.724
4.93259, -1347.89, -578.334
2.80282, 1637.09, 1550.62
5.08146, 10.0134, 1594.83
4.96988, 1924.94, -728.344
7.23882, -1620.93, -939.68
4.42071, -14.4305, -1672.28
5.14874, 1639.38, -905.151
2.75042, 1731.87, -102.329
6.63909, 1094.38, 1084.52
5.94228, -1905.25, -1485.04
6.18112, 517.476, 1466.83
6.94286, 1949.21, 897.993
4.25508, -741.799, -1074.59
6.72991, 365.558, 50.9037
3.84659, 1331.05, -330.143
4.83959, 129.436, -364.236
3.2686, -1296.74, -890.557
2.66527, 1242.52, 280.066
7.2768, -26.2524, 163.577
6.95369, 222.297, 981.744
3.29884, 1348.61, 489.373
3.15214, 856.05, -1140.77
2.515, -907.355, -1627.85
6.0491, -1857.97, -349.874
3.40448, -1001.69, 1717.1
5.76029, 1541.1, -715.273
4.42907, 738.131, -1395.35
3.23766, -31.5047, -471.435
5.45054, 1342.08, 339.793
3.24076, 277.939, 1817.47
3.2091, -360.342, 1916.46
4.94257, -979.309, 249.242
3.13015, 1778.34, -137.378
5.64635, -709.315, -1186.18
5.60817, 596.606, -1476.53
4.88216, -989.107, 1194.43
2.64188, -1114.98, -471.845
3.21011, -263.785, 1607.06
3.15594, -365.52, 1770
3.31099, -1658.36, 1507.81
3.76529, -533.708, -1693.26
4.77654, 1151.4, -1497.72
6.54472, -186.619, -597.069
3.57624, 602.712, 1705.2
3.75063, 1636.98, 736.895
5.02978, -117.967, 1437.93
6.27922, 1271.29, 329.845
5.66369, 1805.43, -131.995
5.9449, 1225.34, -264.075
7.27207, 1928.72, 830.984
5.18713, -824.923, 1433.53
4.57014, -1564.21, 55.0685
4.70019, 1500.83, 318.98
6.07821, 1466.69, 914.945
6.20858, 807.228, 1187.1
5.12494, 1537.48, -1913.08
6.06711, -1721.63, -150.808
5.91025, 664.424, -42.2918
6.82941, 1659.87, -1192.9
3.19597, 163.204, 1538.59
3.57766, 1923.58, -206.493
5.0733, -719.081, -232.609
4.83766, -211.577, 1469.72
3.55759, -526.71, 1218.25
5.65244, -1385.71, 1940.56
2.5044, -1914.46, 397.336
4.09589, 900.605, 1082.57
5.90281, 732.059, -279.422
6.0446, 1335.5, -1168.62
2.90869, -1611.18, 1303.13
3.56926, 510.838, 1025.73
4.44412, -1660.38, -1139.05
4.44927, 1821.31, 1810.14
3.92018, 761.029, -920.66
4.6123, 1120.44, 1093.96
2.55658, -1230.63, -872.215
3.72027, 1862.74, -1247.01
4.49072, -1426.92, 1313.42
6.64177, -1299.07, 400.935
3.78584, 1944.66, -1388.75
3.59705, -1595.39, -1075.21
6.47385, 774.516, 535.652
5.8476, 997.115, 781.153
5.49108, -1773.29, 572.797
5.99917, -736.29, -1073.8
5.13062, 1058.84, -1512.8
4.14833, 360.682, 204.398
3.30844, -1431.65, 797.38
6.56633, 1430.27, -53.6263
4.08004, 964.453, 228.374
4.05369, 98.8813, -1480.2
4.65424, 60.5398, 306.674
4.46509, -501.923, -960.901
4.43916, -104.218, -281.356
4.34871, -1660.99, -892.164
5.88118, 684.853, -991.666
6.10384, 894.382, 56.998
7.20082, -139.938, 1778.51
5.08573, -159.872, -717.704
5.5282, -381.872, 646.826
5.85049, -1373.55, 1964.36
5.11404, 154.493, -608.116
3.87105, -1896.45, 1295.48
7.08924, 195.78, 568.018
3.73367, 1853.62, -913.242
4.77876, 759.535, 1355.23
3.30374, -1891.02, 1263.56
4.68319, 819.783, 805.267
7.45767, 977.633, 363.735
6.26931, -873.23, 780.62
4.97846, -1955.57, -1304.92
7.01651, -1305.36, -1660.67
4.68213, 982.826, 1112.23
5.09239, 333.228, -1951.1
4.44866, 176.982, -1709.49
5.63431, -433.618, -1135.96
5.19331, 820.101, 636.89
4.35955, 1267.26, -873.798
2.54674, -746.965, 735.855
6.3794, 79.5838, -1566.26
2.85317, -1768.06, -1127.81
3.98511, 882.881, -1359.96
4.78581, -84.3735, -1781.75
3.25156, -214.391, 77.431
5.97819, 1343.31, -867.54
4.15587, 740.63, 309.889
5.21197, 1932.62, -1749.8
2.64678, 1453.99, -1905.09
5.38086, -36.6713, -470.497
5.18133, 729.38, 943.785
7.36678, -1525.63, -1848.57
5.57063, -599.993, -1226.28
5.26431, -1479.27, 407.116
6.69051, -528.085, 1798.12
3.75764, -1007.67, 1845.94
6.98957, 1236.61, -256.428
5.97428, 1005.11, -990.057
5.82752, -947.388, -188.013
3.06838, -1155.73, -1569.37
3.37987, -1944.38, 192.426
2.91253, -273.173, 379.142
6.68103, -486.352, 733.375
2.64818, 1901.21, -1567.34
6.34719, -26.5338, -1678.32
4.29829, -1024.07, 1732.53
6.24626, 20.6404, 1050.83
6.28385, 729.248, 676.241
3.60834, -1072.12, -1832.84
5.58305, 609.782, 265.148
3.66846, -1101.16, -490.895
6.22052, -1343.18, 599.12
5.80997, -1808.95, -1369.5
4.9209, 1839.49, -1506.74
2.58972, 1657.37, 465.277
4.98291, 895.25, 399.29
5.09587, -203.548, -1756.66
4.71395, -1724.64, 1070.61
4.14528, -112.54, 1881.33
3.52671, 965, -211.522
7.19863, -476.462, -1283.74
2.85168, -979.657, 1859.51
3.30042, 102.297, -1463.32
6.70788, -1558.45, 66.2997
4.13614, -332.729, -553.611
6.85942, 339.533, 855.073
5.99896, 1336.69, 1030.04
5.52801, 1733.73, -435.153
4.77536, 158.057, -485.482
2.91543, -991.842, -386.939
3.94883, -110.705, -249.298
6.51009, -1156.92, -1556.49
6.81821, 688.418, 94.1396
3.81831, 836.825, -1017.28
4.79881, -1667.07, -475.633
4.95672, 1229.16, -1056.26
5.82344, -932.923, -1964.07
7.31738, -1255.57, -334.093
7.23022, 1156.22, -1497.36
2.81902, 425.515, -1309.16
5.04829, -868.013, -592.842
6.13222, 1331.3, 1340.63
5.65882, 1189.54, -671.114
3.26658, -1824.28, -1815.5
5.09652, -1733.39, 1054
3.52281, -1104.72, 1697.88
6.03231, 802.565, -1638.81
6.05786, -940.159, -49.336
3.66304, -1105.19, -485.319
6.80594, -103.804, -252.873
2.67122, -213.466, 1886.26
6.26587, -1871.81, 127.59
4.14789, 1264.72, 338.532
4.65309, 136.348, -1059.68
7.33455, 1913.67, -391.262
4.05803, 1471.21, 1376.39
5.69762, 1944.37, -1388.46
5.95386, 1756.27, -118.243
5.36403, 142.091, 1249.66
6.60667, 1791.46, -1378.15
4.21807, -1785.74, -1346.9
5.09387, -1639.86, -1537.89
6.78438, 243.008, -1887.99
6.18587, 664.652, 100.409
3.45992, -1820.69, 754.449
2.83145, -615.777, 675.237
3.60828, 1685.27, -1424.06
3.33656, 334.98, -452.123
6.31172, 756.187, -1840.71
5.44905, -1679.98, 836.983
4.65223, 1732.18, 1727.12
7.09618, 1313.54, 24.8736
5.09668, 887.226, 365.682
7.38058, -1363.43, -52.077
5.15714, -904.307, 287.955
2.98716, 669.152, 769.773
5.83983, 421.606, 202.618
5.44444, 280.548, -52.1845
5.01137, -1390.98, -253.149
2.75808, -1849.67, 908.756
2.6753, -700.399, 77.83
4.41484, -1585, -1048.76
5.55555, 366.253, 197.36
5.06574, 1090.45, 1728.6
5.98498, 614.463, -51.4915
4.89891, -45.5762, -373.782
3.88323, 135.59, 847.54
6.01685, -876.233, 412.563
3.67701, 1744.56, 104.18
6.41501, 333.923, -373.781
6.60589, 712.971, 1660.86
3.21842, -1055.74, 101.385
5.75757, -972.125, 1619.02
3.87677, 1731.61, -1957.35
7.26215, -822.626, 1446.08
4.58238, -1495.29, 29.6792
3.03869, -252.157, 800.637
4.70633, -1589.27, 1060.58
6.28811, -839.683, -594.277
2.77803, -677.805, -629.234
3.51241, -50.5739, 284.107
6.82305, 1865.91, -1522.32
6.52456, -523.687, 3.96229
2.78861, -1353.27, -1336.76
4.40304, -131.962, -1405.18
4.56124, -272.299, 1520.52
2.80071, -756.588, 604.793
7.09746, 1591.64, 1284.84
3.35398, 1064.12, 1626.11
6.51634, -1857.16, 354.413
3.88599, 1462.68, 100.905
4.44586, 341.928, 1474.39
7.19936, 114.938, 1246.85
6.24573, 333.709, -353.643
3.44774, -654.54, 1513.64
6.89581, 865.978, 966.166
6.8953, 826.557, -1686.82
3.30515, -1616.9, -511.671
5.87346, -1601.87, -324.799
6.89096, 1259.9, 258.331
6.98262, 482.69, 1050.31
3.06535, -43.3272, 1501.63
5.93789, -481.388, -514.044
3.21651, -1609.05, -1544.4
3.6901, 820.445, -89.3124
5.64383, 1875.97, -438.184
4.312, 1638.26, 732.369
4.64437, 1175.64, 1434.17
4.91936, -14.4284, -1688.11
6.20379, -9.00893, -224.53
3.23098, -745.051, 1740.97
7.36238, -1662.55, -1524.07
7.3158, -1017.2, -372.355
3.14741, -1193.68, 1323.1
5.3784, -627.266, -1212.69
4.66439, 337.636, -258.114
5.50066, -455.897, -488.672
5.85098, -1385.31, -217.537
4.5137, 794.363, 1965.19
6.46691, 1284.34, 1376.08
4.89889, -1937.76, -498.509
5.72449, 613.621, 550.981
4.28836, -497.846, 1203.38
5.96794, -657.445, -440.566
5.83428, -832.159, -1382
3.22071, -802.251, 1420.21
7.10415, -1943.39, 431.995
4.22228, 60.0821, -472.841
6.66824, -821.136, -934.01
2.74349, 547.334, -1482.35
3.27936, -506.654, -124.491
2.55765, 660.134, 1008.1
3.94327, 238.826, 1174.11
5.07295, -687.403, -345.536
3.65948, 1360.46, 873.257
2.75022, -483.093, -158.552
5.33091, -1193.53, -1672.23
6.69774, -298.523, 1337.83
4.28763, -1279.56, -856.264
4.3452, 335.042, 1731.19
7.22226, 514.61, -144.87
4.72425, -1811.75, -348.418
6.82086, 983.317, 339.207
5.82654, -1572.14, -1466.31
5.79297, 347.022, 1327.24
7.10736, -1912.3, 1916.03
5.11536, 1916.91, -1244.47
5.45229, 877.433, -882.992
5.79944, 1335.51, 1303.61
4.24765, 544.7, 933.297
4.11714, 689.799, 101.762
7.08984, -211.667, 1470.39
3.08619, 1811.23, -888.046
7.31268, 1320.57, -322.733
5.17978, 110.686, -647.975
5.81447, 1688.39, 1263.17
5.48362, 1801.38, -1015.45
6.93363, -1012.99, -1482.84
6.67999, -1303.9, -1226.54
6.69339, 494.655, 401.207
6.85642, -414.429, 667.616
2.5002, -1539.3, 676.436
4.77274, 521.853, 694.503
4.25696, -1859.49, 351.675
5.80713, -514.057, 1412.29
6.22234, -1752.12, 306.024
3.3821, -259.558, -933.429
7.4621, 1589.31, -1611.77
5.95466, -1850.28, 326.946
6.97862, 290.427, -24.7675
3.51579, 721.79, -290.838
7.2356, -925.343, -69.4991
4.88476, 1763.18, -1011.13
6.78578, 1833.52, -1488.21
6.41237, -1941.97, -1099
5.70687, 1806.95, -1812.95
3.14521, -1442.08, 303.08
5.77944, 10.7226, 1303.12
3.09199, 107.489, 15.1453
3.88793, 660.766, 1598.96
6.65548, -448.311, -453.462
6.14153, -1498.44, -1024.07
6.74348, -1197.58, 590.051
3.43989, -1518.55, -1828.41
6.09602, 1111.34, -564.503
4.25586, 307.864, 661.316
3.34555, -835.831, -1405
4.52383, 645.816, -1063.59
4.20924, 320.433, 1531.12
6.67141, 743.564, -259.526
3.9111, 1395.49, 1169.36
5.16766, -1352.84, -963.306
6.25085, 1968.94, -1701.34
4.62554, -1363.47, -1510.29
4.66964, -1120.44, 1102.3
3.03022, 1710.86, -1857.01
6.4639, -101.743, -933.695
3.91232, -1153.7, -959.4
7.14264, -1176.03, -469.03
5.37926, 513.102, 1037.55
3.4895, 1663.39, -592.531
5.99081, 1137.82, -1475.53
3.07265, 987.52, -1898.86
4.22945, 589.466, 1557.94
4.15646, -1172.01, -474.043
6.42735, 1655.15, -1911.69
6.65775, 917.424, -424.226
4.21712, -1474.94, 1506.8
4.2603, -562.129, 1808.17
6.38197, 300.986, -1613.46
6.58658, -21.0751, 1374
4.26157, -269.122, 571.563
7.09559, -818.876, -605.54
3.2877, 1011.07, 515.553
5.56029, -975.602, 1143.82
5.54222, -801.933, 1420.5
3.16647, -499.912, -1479.15
3.51409, -1479.74, -963.94
4.79457, -1707.79, 1004.41
3.48759, -1035.06, 1859.19
6.77118, -1693.6, 756.62
6.54562, -1520.56, -1372.33
2.80131, -1802.01, 1759.95
6.50584, -1443.13, 1281.76
5.49597, -390.24, -1081.47
7.43182, -1773.35, 593.739
2.65919, -324.554, 1275.72
6.8356, 1852.7, -1522.58
3.69109, 1323.52, 680.339
3.6127, 313.651, 859.573
4.73907, -1918.82, -1114.31
2.61231, 1716.23, -346.296
6.79755, -524.868, 1.23953
4.15902, 439.344, 1158.26
5.72195, 604.064, 519.063
7.43521, -1876.96, -971.954
5.30162, 569.054, -1163.38
4.74553, -1513.47, -492.992
5.213, 311.527, -1451.46
2.90797, 1546.82, -66.149
3.99606, -1623.4, -561.699
6.63964, 1626.01, 1331.81
6.48936, 1245.47, 1855.93
5.71048, -210.14, 1360.46
4.84105, 1256.93, 764.841
7.15326, -405.613, -1204.54
5.08798, -488.756, -130.658
7.42924, 1586.7, -1044.15
5.94567, -148.751, -1429.79
6.19966, -354.231, -926.281
3.46323, -787.365, -1853.71
6.08881, -916.42, 1231.09
6.11146, 1139.75, -352.62
6.49298, 536.644, 305.732
4.23216, 509.13, -1978.38
5.1481, -33.1694, -138.009
3.19001, 1433.55, -709.22
6.73218, -457.062, -462.408
6.32766, -156.284, -1754.32
7.5, 1852.05, -862.31
4.24891, 957.007, 1953.98
5.50367, -1197.08, 1168.11
3.50808, -989.902, 160.866
6.2385, 68.8539, 324.08
6.49225, 1935.16, 433.781
3.03505, -1408.21, 217.032
5.35813, -1013.88, 93.4972
2.84683, 732.109, -701.801
4.16036, 1448.26, 1380.51
5.80945, 965.879, -1409.94
5.27726, 350.559, -364.024
7.12415, 457.432, -23.0437
2.69832, -963.37, 445.749
2.62083, -614.98, 472.572
4.61923, 446.055, -1306.43
4.36987, 923.635, 266.098
2.93303, -453.622, -443.712
3.05403, -309.99, 343.182
5.31992, 722.601, -679.643
7.37269, 108.445, 1475.62
3.05066, -80.2846, -1775.35
5.99352, 198.303, 1944.44
2.79674, -103.324, -1468.46
4.69755, 1668.13, -207.479
5.24651, 1971.69, 1426.51
3.45129, 1375.44, -1493.6
7.36597, 637.173, 646.044
3.19593, -1362.51, -112.473
5.48978, 1839.69, -848.615
7.12812, -1738.19, 1406.74
3.91116, -155.498, 1764.91
6.8307, -309.368, -179.136
6.29598, -437.687, -1189.63
6.10793, 711.477, 1242.54
3.34241, -730.648, 726.123
3.32882, 1627.67, 727.817
3.39076, -1294.9, -1964.14
5.87226, 664.427, -1194.32
4.83484, -689.034, 63.1984
6.85219, -1612.06, -715.16
5.76023, -1374.67, -239.583
5.80464, 1503.1, 1741.24
2.58037, -1314.31, -1239.92
4.30596, -1544.46, -1341.67
3.72747, 1836.8, 206.556
6.93086, -1858.97, -1886.88
5.23701, 1644.58, 1563.48
6.57209, -62.4468, -1271
5.24453, 346.177, 1724.04
4.16156, 1010.62, -105.603
4.40213, 39.0582, -1307.21
2.52389, 1850.03, 1299.53
6.95226, -178.965, -795.343
6.16955, -983.422, 1364.72
6.04239, -307.696, 1307.03
5.1278, 140.001, -359.502
6.41065, -374.52, -1618.64
3.42484, -783.101, -940.574
5.72673, 516.023, 1018.89
3.42178, -1364.71, -670.259
3.31214, 111.249, -193.987
2.65594, -364.217, 1694.22
7.42716, 262.537, -1333.3
4.04559, -656.682, -1420.78
4.11075, -1319.94, -593.531
5.51155, 572.514, -456.049
2.89107, -657.006, -1833.77
3.93936, -25.6035, 163.719
5.79307, -260.333, -983.229
7.36348, -1963.72, -699.928
7.27758, -725.842, -1579.83
7.42745, -1334.12, -607.67
7.30478, -1812.29, -1503.14
3.0073, -1115.33, 1116.48
3.71505, -265.913, -975.595
6.91151, 202.841, -857.041
5.28805, 679.034, 1385.49
6.7669, 1598.59, 1034.44
7.49145, -1069.99, 1060.75
3.99751, -482.963, -951.199
6.33157, 1918.01, 952.067
4.81901, 576.208, -294.447
6.8168, -1273.24, -1573.25
6.99018, 1712.53, -2.31186
7.377, 513.547, -825.753
2.77405, 1280.57, 220.74
6.32605, 1853.8, -1233.58
5.09219, -1856.36, 1476.2
3.46574, 1834.35, -452.876
6.98252, 409.52, -1094.34
6.38492, -1685.96, 190.444
2.75968, 825.777, 1076.76
7.47331, -1689.43, 1520.13
5.93659, -24.4418, -911.32
5.94854, 1768.33, 992.854
6.57666, -1304.74, 1613.33
7.05426, -77.376, -892.752
3.34218, -402.792, 793.934
5.24183, -1163.64, 1602.04
6.53351, -1000.72, -524.829
4.17803, 670.669, -1092.71
5.53435, -215.176, 47.1568
6.59602, -1879.34, 667.678
7.3485, 165.572, -511.046
6.29349, 1157.01, 990.095
3.72113, -332.709, -180.701
5.80589, -1143.32, 799.737
4.21574, -903.01, -379.127
7.27146, 746.484, -787.254
2.60828, 1600.74, 1107.07
4.54979, -1779.67, 1881.88
2.55789, 1170.48, -1347.15
3.04964, 1669.37, 401.986
5.28259, -1654.89, 195.947
4.45466, -14.9262, -449.895
7.20539, 234.107, -365.985
2.55572, 358.309, 753.737
6.22897, -432.937, -880.44
3.84293, 215.8, 248.01
4.27153, -1345.06, -1506.58
3.45835, -896.276, 1253.63
5.14832, 587.598, -329.331
4.39478, -103.795, -1721.58
3.16407, -20.1333, -1610.83
4.26563, -265.172, -1114.51
4.2497, 1564.62, 1958.1
7.41084, 1245.14, -274.031
5.25961, 299.552, -731.885
4.99918, 32.7136, -1438.96
3.58531, -1667.73, 898.494
4.37311, -500.674, -1292.75
6.78251, -1312.83, -933.041
6.45578, 1591.04, -1056.91
3.9204, -982.295, 1840.63
5.07645, 872.594, 209.567
6.79238, -568.16, -32.3772
7.07844, -1875.54, -352.371
7.48941, 258.746, 1813.98
6.53177, 341.481, -355.583
5.22718, -1789.93, -353.71
7.3461, 319.874, -1444
5.31931, -1167.77, 725.278
4.03031, -847.798, 1304.08
5.41853, 1910.14, 1885.36
2.91197, 99.1223, -649.872
5.47382, 700.764, 1221.98
3.31968, -1192.76, -1182.12
6.46527, -1241.19, -869.039
2.95373, 1164.21, 1457.15
6.3072, -1006.39, -1358.38
6.83996, -471.709, 52.4963
6.40105, 372.303, -668.055
6.61399, 1816.74, 1915.76
6.70974, 742.891, 1101.22
4.48328, 1000.12, 514.949
6.508, -317.474, 334.936
6.56811, 755.625, -85.7033
5.43493, -816.013, 198.18
4.64621, 1582.64, -91.4107
2.5002, -97.4945, -920.398
5.31153, -1623.68, 637.52
6.22632, 680.583, 688.073
3.89846, 1918.76, 573.914
2.93406, -1954.45, 1126.7
3.5733, 1706.61, -1755.66
3.93296, -965.573, 1133.3
4.86595, -798.108, 939.718
6.95893, 1685.2, 1639.07
5.91955, 1037.96, -1011.14
3.54376, -88.4189, -147.789
6.67533, 1579.55, 18.2285
7.09218, 1819.95, 1813.46
4.48244, -955.289, -1392.5
6.37858, 1079.95, 1045.26
5.68161, -299.323, -177.997
6.64746, 964.388, 565.863
3.40204, 1099.93, -941.335
7.45927, 1147.85, -1482.99
6.70558, -310.755, -1684.27
4.65177, 1767.8, 524.826
4.38589, 1191.23, 1765.49
2.70802, 1296.86, -1006.47
6.80715, -1573.03, -1042.97
6.62116, 1829.02, -1787.61
6.25052, 33.0242, 1459.95
3.55801, -331.442, 1964.12
4.31029, -1561.71, -381.472
4.43545, -1172.55, -1578.9
7.32918, 1586.07, 1258
6.5872, -317.584, 1292.23
4.5755, -160.164, 894.226
5.83759, 395.638, 352.051
2.52101, 950.586, 1958.73
6.98048, -1470.14, 485.659
3.68416, -688.824, 707.719
3.79415, 702.494, -173.649
5.4939, 804.74, -1413.7
6.89823, -1669.35, 729.987
6.16299, -1115.09, -1169.78
6.0773, 1804.95, 1137.52
3.57724, -1208.09, 963.002
6.30413, 1359.8, -1908.3
3.85351, -329.467, -1102.56
2.75246, 1322.25, 671.163
4.78866, 550.347, 493.293
2.58759, 887.72, -1544.17
3.01129, 131.908, -361.609
2.639, -267.208, 565.693
5.65921, -688.202, -1037.04
6.34425, 154.586, -498.932
2.74132, 1053.16, -1670.12
6.6924, -102.633, -1261.7
6.76899, -524.276, -618.254
6.57649, -906.239, 1153.5
6.85188, 1585.18, 803.1
5.27222, -1251.62, -306.996
6.12646, -575.187, 100.497
3.20424, -1033.86, 1827.91
6.6115, 1178.34, -1045.18
5.51185, 1453.01, -390.182
4.93856, 1007.89, -1827.45
6.14942, -568.595, 1875
4.05164, 1513.92, -1333.35
3.93925, -1399.69, 699.556
5.45857, -1886.6, 1599.18
5.34055, 1290.5, 1740.86
5.41059, -1853.68, -1144.99
2.84132, -1374.33, 566.665
4.34304, 297.88, -778.087
6.28475, -1863.48, -1140.72
6.35297, -895.631, -1739.74
4.27217, -786.983, -511.562
5.98913, 474.02, 1850.5
5.08005, -1347.39, -573.074
5.94494, 770.108, 273.141
6.18066, -163.158, 1234.85
2.56231, -681.083, -1340.61
7.16549, 1246.74, -271.603
5.37826, 257.839, 247.487
3.05587, 947.323, 1948.32
4.87388, -187.657, 78.7377
3.24247, 423.359, 211.993
4.22594, 101.651, 887.195
7.04476, -1850.83, 327.51
4.54571, 17.7112, 1054.97
5.96642, -1344.7, -129.313
3.35865, 755.606, -1875.61
6.21715, 1758.09, -991.92
4.16319, -852.109, 1299.83
4.62157, 1317.46, 627.485
2.79523, -278.607, -209.917
5.09005, 564.23, -465.224
5.94425, 940.567, -1156.68
5.01149, -526.195, -3.83174
6.56617, -340.984, -1494.27
3.07974, 169.141, -1861.85
5.24841, 574.137, 920.25
5.06046, 805.986, 40.8055
6.02649, 1933.36, 882.824
5.65083, -471.332, 1749.2
4.0207, -56.3631, -1303.95
6.74719, 798.595, 730.037
3.39619, 1228.65, -53.2774
2.61737, -1050.54, -199.592
4.19467, 1441.02, 93.6428
3.43818, 712.632, -203.003
6.60467, -583.467, 339.408
6.72507, -1790.99, -343.326
6.78031, 1696.47, -1432.23
7.37454, -1897.36, 1292.1
2.99587, 925.399, -893.124
2.56182, 1129.99, 1304.67
2.58614, 427.636, 1170.4
2.64527, 493.346, 195.869
4.1031, 292.678, -773.415
6.17815, 1248.43, 600.489
3.14876, 705.134, 950.75
2.5161, -739.259, 1006.09
6.91905, 280.886, -1577.81
3.70482, 455.243, -1134.67
4.38481, -1629.51, 1530.9
4.44879, 1256.12, 357.265
2.81534, 1194.99, 585.595
7.30792, 368.25, 1888.33
3.75349, 1447.33, -684.264
6.85376, -1362.99, -157.436
2.85991, -1824.95, 836.935
2.70653, -1235.81, 1129.77
3.46378, 704.93, -1042.56
3.86708, -615.962, 606.161
7.4007, -1897.11, -728.174
3.60607, 659.215, -1066.07
6.43119, -1746.57, 1702.49
4.42306, 591.081, -838.373
3.78593, 951.276, -1269.38
3.91087, -1858.1, 105.444
7.33834, 1730.95, -86.0834
4.22841, 1513.37, 329.069
3.45922, -1948.26, 1470.38
5.05037, -1095.33, -745.689
5.21857, -1107.36, 1259.16
5.72333, -1325.62, -1200.16
3.89738, -12.0826, 1585.08
3.41887, -594.499, -1425.47
2.71579, -1661.32, 771.444
3.98408, -1003.73, -526.703
4.25548, -461.981, 277.263
7.09372, -857.289, 1396.16
5.81225, 985.758, -712.602
5.08041, 1733.5, 1152.85
4.03763, 1217.88, 1163.31
3.0007, -696.937, 305.5
3.47502, 754.914, -1758.19
4.11407, 60.5277, -252.044
5.56182, 1905.81, 175.203
5.13511, 1912.17, -1955.64
3.45653, 532.702, 559.581
4.7178, -1265.42, -863.083
4.48693, -1404.64, 1691.77
6.28051, -1206.78, 1489.28
6.6213, 1468.62, 1205.14
5.51573, 285.988, -697.051
3.04573, 1210.09, -1642.01
4.11797, 966.733, -330.26
5.03403, 21.9645, 632.43
4.76521, -1313.91, 1616.81
4.77315, -359.699, -890.61
4.91125, 1863.17, 1825.58
5.07896, 734.912, -1300.56
4.50207, 402.754, 1643.65
4.22945, 1951.95, 959.048
6.64533, 1861.71, -470.399
3.02204, -1452.72, -1580.54
6.40057, 1156.1, 1119.51
3.19919, -593.003, -476.103
2.62171, -1591.93, -1045.85
6.0664, 808.807, -1488.48
7.15538, 286.98, -1652.32
7.47667, 388.822, 348.322
3.86264, -1757.16, 306.401
3.6923, -967.633, -515.75
3.87328, 1907.98, 1234.69
5.70836, -1805.79, -1458.56
5.17637, 616.003, 296.755
6.8967, 1640.12, -586.298
6.75968, -1338.98, -1652.82
2.98004, 1786.62, -97.2399
4.66818, -1476.55, 441.61
3.17045, -400.602, -1503.84
5.86802, -348.098, 612.143
5.34964, -94.9023, -925.728
3.66474, -1219.01, 1151.63
5.50306, 528.527, -1367.78
2.6551, -1590.98, -51.1057
7.08512, 1129.32, -614.957
3.82958, 1721.98, -360.072
6.50016, -361.46, -1023.24
5.46389, 300.799, -1457.16
5.0822, 701.782, 1236.39
5.2567, 656.261, 1268.32
3.47225, 987.303, -475.14
5.36152, 265.165, -1476.23
3.81992, 416.043, 798.918
4.41648, -1533.88, 1075.61
2.73626, -1522.78, -1794.27
4.22823, 1166.17, -1344.26
3.61594, 1310.9, -853.785
3.81264, 38.7263, -1448.06
3.05141, -853.588, -812.562
7.40088, -1405.64, 29.5529
5.93794, 1614.64, 1298.33
5.82158, -1094.39, -760.048
5.99501, -1197.43, -1340.55
2.68746, -1663.79, -1523.55
3.6706, -1263.34, -1492.98
3.95397, 1466.43, 1380.08
3.50543, -45.1613, -485.558
2.7177, 699.487, 683.291
2.56571, -1048.27, 1048.17
6.07297, -1045.21, 1530.04
6.88348, -1726.81, -1237.31
5.35088, -1771.54, 556.023
6.92743, 1718.29, 1705.2
5.20042, -716.368, -555.597
3.31357, 1856.2, -1282.35
3.30492, 1898.34, 883.28
7.19182, 616.724, 564.54
3.45628, 1098.1, -1688.43
3.15761, 9.6064, -198.042
4.41122, -598.758, -19.2031
6.12674, 519.914, -512.338
2.50651, 1087.38, 1735.61
4.60222, 44.1361, 1463.99
5.18984, 592.386, -432.588
4.86596, -474.105, 490.259
6.33003, 1084.82, 1737.82
2.9396, 1111.71, -914.771
7.04284, 281.511, 643.304
3.20818, -1710.67, -807.036
2.54782, 841.903, -94.5055
2.82267, 510.962, 1034.33
4.96742, 760.524, 443.5
5.40914, 1049.99, 1935.94
4.03373, -1883.63, 1086.91
4.57091, 1775.55, -129.248
4.33401, -1158.94, -1364.63
3.42687, 330.213, 1325.11
2.76788, 1261.75, 374.585
4.47222, 1071.14, -128.915
3.98388, -693.354, -265.934
5.05388, -789.458, 1634.7
3.75392, -1414.14, 456.133
5.01589, 1903.1, 1778.5
2.51168, -5.66073, 1554.94
7.01807, 1969.67, -893.235
2.79181, -1818.33, -1881.85
5.17506, -1345.78, 1618.48
3.95754, -755.891, 1726.63
7.3023, -1603.64, -529.038
4.73406, 647.398, -217.26
5.08479, 1772.16, 338.842
5.93861, -488.005, 80.3019
2.72187, -320.487, 144.372
7.2946, -1588.37, 1208.07
5.70852, 728.906, 303.903
2.80215, 1241.2, -1547.85
3.33964, 107.356, 533.923
5.76491, 977.991, -480.439
6.19864, -1538.45, 670.437
3.57011, 1695.16, 409.573
4.31441, 306.657, -1720.69
6.56981, -1294.03, 1858.7
5.32057, 1616.1, -939.277
7.45886, -98.7157, -1747.33
6.5669, -1526.23, 782.389
3.49157, -1971.25, -43.9754
2.50003, -281.52, -1665.6
4.62608, 1865.59, -1523.78
4.07406, 1704.07, 413.12
5.56218, 1210.53, -1855.03
3.83351, -380.725, -1077.85
4.39881, -1187.83, -127.553
5.43397, 1898.38, 598.962
5.95636, -278.873, -1003.39
7.26736, -906.675, -1135.54
4.89785, -586.891, -1892.05
3.60319, 765.772, -1439.02
5.33741, -1435.24, -906.164
6.09873, 840.534, 722.097
4.4953, -989.001, 1106.35
3.48326, -1380.01, 1969.72
6.66971, -1341.41, -1521.2
5.59561, -900.284, -1724.32
7.26866, -569.366, 372.153
3.23222, -28.0035, -530.352
5.38953, 71.0242, -912.251
7.26796, -775.192, 1429.76
3.62331, 1437.65, -1974.79
7.25137, -990.767, 1587.61
3.07874, 1585.97, -1009.55
2.58372, 61.8014, -498.18
3.90465, -711.555, -330.779
7.15042, 1265.51, 346.352
3.04796, 1526.63, 1751.89
6.77266, 49.0968, 1634.37
5.68532, -1443.77, -1456.89
5.63853, 807.581, -1418.18
3.80589, 1444.44, 1474.37
5.13936, -1906.63, 421.106
7.16608, -536.996, 1784.14
3.98055, 1833.51, 229.232
4.78006, 320.327, 880.455
6.35659, -1318.69, -1209.39
4.17193, 243.91, 239.291
6.31775, -80.0423, -1851.8
6.65892, -61.2688, 1878.75
2.64618, -1448.9, 1132.88
4.31315, 1423.47, -531.56
4.16221, 546.187, 925.758
3.17675, -1026.26, -578.807
3.00839, -607.925, 1244.46
5.11327, -1213.25, 1614.37
3.52046, 61.3628, -1057.49
5.00728, -1734.19, -1232.42
5.1371, -14.6075, 1932.5
4.13422, -524.411, -587.144
4.75888, 455.47, -876.757
6.85263, -12.533, 1925.02
4.72884, 1278.02, 1727.43
6.03726, -914.271, -1815.61
6.83171, 1808.3, -1393.66
6.5822, 1713.37, 421.953
2.67504, 1766.95, 1681.07
3.8644, -1295.27, -478.679
5.21858, -841.31, -859.844
3.19942, -1897.95, -1117.7
5.57408, -1542.85, -1856.57
3.29182, -1326.08, -1208.74
4.41129, 201.544, 439.736
5.94997, -189.932, 376.503
3.21128, -792.229, 934.858
5.65284, -1567.73, 1573.04
3.15973, 382.771, 1872
7.13583, -1476.47, 497.321
5.53465, -1871.66, 1567.76
5.50388, -1862.37, 756.625
3.33635, 1169.94, -1046.3
3.301, -1735.29, -792.317
5.91628, 1225.71, -51.9535
5.1456, -1407.23, -21.7572
3.65264, -277.927, 1581.02
6.55373, -1012.91, -108.898
5.76477, -836.361, -1114.34
4.08597, -1147.41, -1181.21
2.53953, -520.226, -1620.8
3.49176, 1459.61, 1452.1
3.78831, -10.6958, 760.546
3.03825, 1756.73, 77.6991
3.49545, 252.895, -852.019
6.75079, 1607.54, -1539.35
6.63912, -1932.4, 432.535
6.76813, -1938.29, -1103.78
5.71027, 586.047, 1555.12
3.6787, 1432.05, -1972.04
6.80638, -1005.64, -1605.08
5.4745, 70.3624, -215.037
2.52745, 1007.03, -75.5558
6.84925, -1312.98, -927.243
7.37729, 1298.67, 194.705
5.59653, 750.242, 32.5025
3.85574, -1848.24, 760.206
7.46973, -327.447, -1250.78
4.60751, -1433.58, -1048.92
4.20537, -1583.88, -1225.94
4.80717, 756.632, -252.234
4.44822, 522.559, -766.425
4.613, -90.4503, 1028.32
2.84879, 259.63, 583.296
5.5153, -102.36, -263.263
7.36114, -99.6925, 454.192
5.07406, -1395.73, -1058.29
7.45461, 1894.29, -273.722
5.84906, 1245.75, -256.048
4.01716, -1208.81, 136.767
3.47371, 1726.94, 1160.15
4.0109, -1427.41, -1857.66
4.93946, -673.191, 918.592
4.72438, 1063.2, 1969.05
5.7844, 645.15, -1864.47
3.74227, -1543.03, -1334.03
4.72007, 107.971, 1106.88
5.75894, -1385.45, 89.76
6.67472, -1434.2, 387.096
6.03698, 383.308, 1619.32
4.93928, -1731.04, -1238.98
6.72039, 795.4, -469.27
7.00296, -1029.18, -395.423
6.33082, -1308.4, -1040.77
5.29453, 1266.26, 1710.12
2.70603, -3.87327, 136.265
5.46749, 1123.33, 134.725
2.68674, -1338.55, 1614.82
4.53488, 62.4269, 873.783
2.84243, -1938.15, -1756.77
7.38558, -1537.19, -1766.28
2.5956, -1022.65, -478.115
6.60363, -309.9, -528
5.2195, -781.297, 1726.8
5.72828, 1572.91, -666.87
3.62934, -516.661, 73.4533
2.733, 1673.58, -1407.03
3.63154, 409.431, -1095.4
4.58371, -1267.42, 268.078
6.40126, 527.959, -1256.11
3.72852, -1846.24, 739.254
4.81411, 1289.1, 207.41
6.14756, 1854.31, 578.816
5.35237, -663.196, 1623.06
5.45997, 1859.69, 1833.4
4.98425, -1864.11, 558.322
3.951, 942.652, 244.277
4.71107, -21.9558, -481.219
2.53669, 1700.27, -795.303
7.41683, 1005.46, -720.145
2.52822, -1596.64, -338.11
4.8676, -241.749, 1497.04
5.86497, -625.079, -246.597
