6.27803, -1472.87, -1993.26
3.5948, 126.987, -171.492
5.89648, 717.928, -1808.77
5.09708, -468.255, 1745.01
2.76731, -1863.98, 1318.73
2.53849, 673.468, 119.848
4.58743, -1723.7, -465.293
7.15218, 356.476, 749.217
2.95982, 105.046, 1384.27
6.00595, -324.744, 631.012
3.81226, 1052.36, 1637.94
4.14117, 943.79, -1806.27
7.45519, 1022.42, 526.398
7.41275, -1016.81, -546.791
5.75759, 1010.64, 888.614
6.92354, 525.648, -1705.13
6.33247, -249.157, -906.779
3.87453, -1040.04, -94.2037
4.93259, -1343.74, -604.451
2.80282, 1639.34, 1584.67
5.08146, 16.6851, 1613.24
4.96988, 1941.18, -724.942
7.23882, -1633.03, -936.494
4.42071, -11.678, -1688.8
5.14874, 1651.49, -894.622
2.75042, 1759.22, -135.825
6.63909, 1081.78, 1060.68
5.94228, -1928.88, -1495.22
6.18112, 517.98, 1471.44
6.94286, 1986.75, 900.874
4.25508, -768.94, -1068.54
6.72991, 364.701, 52.5586
3.84659, 1333.28, -328.349
4.83959, 148.153, -346.871
3.2686, -1282.45, -848.198
2.66527, 1216.7, 285.242
7.2768, -9.31795, 141.929
6.95369, 219.336, 990.334
3.29884, 1363.28, 496.947
3.15214, 858.104, -1146.93
2.515, -903.057, -1633.98
6.0491, -1910.2, -351.868
3.40448, -1033.28, 1745.37
5.76029, 1546.18, -726.383
4.42907, 728.183, -1397.6
3.23766, -14.5112, -455.341
5.45054, 1372.87, 346.511
3.24076, 232.74, 1819.87
3.2091, -363.846, 1928.96
4.94257, -988.482, 257.001
3.13015, 1830.94, -134.724
5.64635, -719.576, -1197.28
5.60817, 603.065, -1489
4.88216, -1003.88, 1208.27
2.64188, -1171.88, -466.79
3.21011, -286.627, 1603.82
3.15594, -360.379, 1784.99
3.31099, -1637.55, 1526.81
3.76529, -537.428, -1710.18
4.77654, 1140.51, -1464.77
6.54472, -189.726, -600.694
3.57624, 605.607, 1721.39
3.75063, 1633.75, 727.026
5.02978, -115.743, 1442.1
6.27922, 1269.9, 387.437
5.66369, 1807.48, -143.832
5.9449, 1286.84, -249.812
7.27207, 1943.7, 813.612
5.18713, -844.928, 1413.84
4.57014, -1580.86, 57.1452
4.70019, 1504.09, 309.177
6.07821, 1474.48, 917.979
6.20858, 821.483, 1198.95
5.12494, 1542.52, -1921.03
6.06711, -1734.85, -147.728
5.91025, 669.407, -43.693
6.82941, 1664.85, -1199.57
3.19597, 172.807, 1554.75
3.57766, 1949.04, -200.446
5.0733, -732.844, -219.758
4.83766, -239.421, 1514.51
3.55759, -536.693, 1224.74
5.65244, -1381.09, 1978.87
2.5044, -1973.82, 443.597
4.09589, 907.193, 1090.74
5.90281, 727.835, -319.426
6.0446, 1343.15, -1176.39
2.90869, -1619.18, 1311.94
3.56926, 531.119, 1066.04
4.44412, -1671.89, -1143.99
4.44927, 1795.96, 1806.79
3.92018, 766.771, -922.478
4.6123, 1132.1, 1104.64
2.55658, -1225.74, -871.369
3.72027, 1898.43, -1236.62
4.49072, -1448.3, 1286.16
6.64177, -1294.07, 403.243
3.78584, 1947.96, -1371.9
3.59705, -1602.66, -1066.33
6.47385, 781.707, 538.055
5.8476, 1008.11, 784.004
5.49108, -1779.6, 560.494
5.99917, -726.261, -1088
5.13062, 1052.12, -1526
4.14833, 363.201, 206.654
3.30844, -1428.72, 808.367
6.56633, 1438.26, -57.4408
4.08004, 956.202, 229.669
4.05369, 111.22, -1461.31
4.65424, 71.33, 344.851
4.46509, -496.936, -954.548
4.43916, -97.9855, -222.089
4.34871, -1680.59, -884.924
5.88118, 686.532, -985.812
6.10384, 909.489, 56.0582
7.20082, -142.564, 1786.98
5.08573, -158.671, -714.654
5.5282, -389.899, 645.798
5.85049, -1392.15, 1952.27
5.11404, 163.907, -620.419
3.87105, -1926.43, 1304.96
7.08924, 187.261, 570.905
3.73367, 1873.91, -929.019
4.77876, 772.062, 1370.83
3.30374, -1908.76, 1277.83
4.68319, 828.463, 822.418
7.45767, 1000.54, 334.434
6.26931, -879.78, 782.189
4.97846, -1976.2, -1312.73
7.01651, -1321.27, -1680.1
4.68213, 985.699, 1127.02
5.09239, 337.69, -1968.79
4.44866, 176.297, -1726.88
5.63431, -451.197, -1136.3
5.19331, 833.066, 636.235
4.35955, 1264.37, -877.578
2.54674, -738.842, 730.32
6.3794, 82.7838, -1580.2
2.85317, -1776.04, -1119.94
3.98511, 892.093, -1359.12
4.78581, -90.7324, -1786.16
3.25156, -191.039, 86.0127
5.97819, 1336.43, -859.934
4.15587, 739.523, 318.33
5.21197, 1943.72, -1765.17
2.64678, 1432.72, -1980.91
5.38086, -42.8649, -479.543
5.18133, 731.025, 950.004
7.36678, -1513.16, -1852.71
5.57063, -595.383, -1242.1
5.26431, -1493.04, 426.447
6.69051, -557.842, 1813.19
3.75764, -969.811, 1882.99
6.98957, 1251.23, -293.5
5.97428, 1031.83, -1012.22
5.82752, -945.919, -191.557
3.06838, -1160.25, -1537.59
3.37987, -1967.87, 189.007
2.91253, -272.349, 393.059
6.68103, -495.713, 745.589
2.64818, 1882.79, -1520.73
6.34719, -5.02578, -1698.44
4.29829, -1003.48, 1733.3
6.24626, 3.51733, 1072.04
6.28385, 725.707, 684.444
3.60834, -1076.33, -1849.14
5.58305, 610.255, 253.378
3.66846, -1099.76, -509.017
6.22052, -1337.85, 608.974
5.80997, -1820.04, -1370.04
4.9209, 1804.66, -1495.42
2.58972, 1656.13, 479.814
4.98291, 892.432, 393.48
5.09587, -226.565, -1778.04
4.71395, -1748.76, 1064.04
4.14528, -125.329, 1901.88
3.52671, 971.065, -215.099
7.19863, -504.251, -1308.15
2.85168, -998.057, 1854
3.30042, 104.074, -1497.88
6.70788, -1574.18, 69.7679
4.13614, -320.478, -545.418
6.85942, 313.143, 854.677
5.99896, 1343.99, 1032.25
5.52801, 1739.12, -441.711
4.77536, 158.7, -541.171
2.91543, -1040.67, -361.221
3.94883, -110.295, -303.234
6.51009, -1139.17, -1575.84
6.81821, 672.273, 116.674
3.81831, 843.919, -1023.08
4.79881, -1673.32, -470.718
4.95672, 1214.29, -1056.81
5.82344, -934.875, -1981.36
7.31738, -1253.36, -304.79
7.23022, 1172.17, -1467.54
2.81902, 448.436, -1312.14
5.04829, -814.994, -617.413
6.13222, 1336.83, 1311.14
5.65882, 1203.72, -679.566
3.26658, -1831.77, -1817.7
5.09652, -1735.67, 1082.97
3.52281, -1114.68, 1711.97
6.03231, 799.614, -1642.43
6.05786, -950.25, -27.4175
3.66304, -1157.77, -471.62
6.80594, -128.757, -267.157
2.67122, -219.848, 1903.34
6.26587, -1871.74, 100.817
4.14789, 1287.41, 352.082
4.65309, 143.743, -1068.7
7.33455, 1940.57, -386.854
4.05803, 1467.32, 1394.48
5.69762, 1980.44, -1403.27
5.95386, 1732.74, -124.866
5.36403, 161.17, 1258.74
6.60667, 1782.76, -1366.06
4.21807, -1808.41, -1360.91
5.09387, -1617.66, -1553.64
6.78438, 245.237, -1904.82
6.18587, 693.896, 76.3022
3.45992, -1895.08, 782.083
2.83145, -616.337, 681.858
3.60828, 1684.82, -1434.25
3.33656, 341.817, -472.961
6.31172, 764.482, -1874.32
5.44905, -1688.01, 850.495
4.65223, 1719.08, 1704.64
7.09618, 1322.19, 24.1741
5.09668, 890.087, 383.837
7.38058, -1356.49, -40.7384
5.15714, -906.298, 295.108
2.98716, 668.323, 788.292
5.83983, 438.55, 196.575
5.44444, 279.494, -46.6609
5.01137, -1403.33, -219.871
2.75808, -1867.48, 921.339
2.6753, -698.721, 62.9174
4.41484, -1571.49, -1024.12
5.55555, 381.657, 207.071
5.06574, 1090.38, 1739.37
5.98498, 603.661, -52.9304
4.89891, -51.036, -370.657
3.88323, 136.702, 843.069
6.01685, -878.737, 419.766
3.67701, 1750.75, 117.977
6.41501, 379.971, -350.114
6.60589, 722.782, 1676.01
3.21842, -1073.57, 107.645
5.75757, -980.756, 1615.91
3.87677, 1740.77, -1974.97
7.26215, -870.183, 1433.14
4.58238, -1504.92, 27.8366
3.03869, -253.548, 807.603
4.70633, -1597.84, 1063.62
6.28811, -835.447, -607.233
2.77803, -677.141, -641.849
3.51241, -56.837, 290.554
6.82305, 1885.32, -1562.38
6.52456, -530.842, -26.5434
2.78861, -1359.59, -1347.65
4.40304, -128.27, -1402.84
4.56124, -296.034, 1531.66
2.80071, -764.194, 605.054
7.09746, 1599.05, 1288.35
3.35398, 1077.29, 1607.13
6.51634, -1868.47, 298.956
3.88599, 1447.16, 90.9648
4.44586, 346.109, 1476.97
7.19936, 104.995, 1247.3
6.24573, 321.097, -325.709
3.44774, -649.344, 1520.73
6.89581, 873.271, 970.903
6.8953, 837.088, -1703.34
3.30515, -1618.89, -528.446
5.87346, -1610.47, -332.599
6.89096, 1254.37, 252.295
6.98262, 522.661, 1059.42
3.06535, -51.5604, 1510.64
5.93789, -467.674, -499.423
3.21651, -1683.71, -1521.45
3.6901, 830.507, -89.2932
5.64383, 1897.15, -436.062
4.312, 1634.53, 721.181
4.64437, 1177, 1435.74
4.91936, -22.4621, -1682.81
6.20379, -5.17712, -210.165
3.23098, -788.765, 1733.78
7.36238, -1672.83, -1551.38
7.3158, -1034.27, -383.092
3.14741, -1204.21, 1331.23
5.3784, -640.161, -1213.97
4.66439, 341.453, -243.49
5.50066, -479.82, -523.29
5.85098, -1399.78, -270.954
4.5137, 792.79, 1977.51
6.46691, 1279.51, 1392.06
4.89889, -1955.67, -501.898
5.72449, 591.329, 554.193
4.28836, -491.951, 1197.76
5.96794, -661.483, -441.635
5.83428, -833.946, -1413.24
3.22071, -751.07, 1420.83
7.10415, -1967.35, 436.984
4.22228, 64.6712, -471.746
6.66824, -832.556, -941.095
2.74349, 540.415, -1497.47
3.27936, -500.526, -139.987
2.55765, 662.986, 1019.67
3.94327, 242.478, 1178.18
5.07295, -697.385, -345.053
3.65948, 1366.24, 875.77
2.75022, -481.916, -133.056
5.33091, -1190.99, -1696.65
6.69774, -305.985, 1346.46
4.28763, -1294.36, -851.864
4.3452, 332.751, 1743.14
7.22226, 512.117, -147.055
4.72425, -1818.57, -364.751
6.82086, 990.012, 376.763
5.82654, -1579.15, -1473.5
5.79297, 328.048, 1331.62
7.10736, -1921.35, 1925.12
5.11536, 1884.62, -1232.43
5.45229, 878.595, -884.326
5.79944, 1336.98, 1338.54
4.24765, 581.386, 921.004
4.11714, 676.12, 109.515
7.08984, -222.111, 1477.8
3.08619, 1807.32, -892.387
7.31268, 1352.36, -342.516
5.17978, 94.0436, -663.903
5.81447, 1712.03, 1270.02
5.48362, 1786.92, -1010.16
6.93363, -1012.33, -1492.64
6.67999, -1340.01, -1215.07
6.69339, 493.357, 407.601
6.85642, -429.558, 682.194
2.5002, -1539.31, 680.954
4.77274, 516.66, 701.874
4.25696, -1865.23, 306.611
5.80713, -516.023, 1418.33
6.22234, -1747.32, 305.562
3.3821, -239.621, -895.135
7.4621, 1589, -1627.68
5.95466, -1865.08, 345.116
6.97862, 284.774, -29.7853
3.51579, 747.892, -263.676
7.2356, -913.329, -72.8451
4.88476, 1778.24, -1011.51
6.78578, 1843.2, -1493.52
6.41237, -1962.46, -1118.96
5.70687, 1822.2, -1814.73
3.14521, -1449.2, 295.82
5.77944, 8.27149, 1299.54
3.09199, 106.218, 18.9828
3.88793, 671.892, 1608.91
6.65548, -441.068, -454.179
6.14153, -1504.36, -1027.01
6.74348, -1195.73, 591.754
3.43989, -1567.82, -1892.23
6.09602, 1116.69, -557.907
4.25586, 320.641, 665.037
3.34555, -831.8, -1375.57
4.52383, 677.529, -1098.19
4.20924, 318.16, 1542.42
6.67141, 787.668, -251.184
3.9111, 1396, 1168.24
5.16766, -1356.49, -962.934
6.25085, 1988.55, -1705.65
4.62554, -1375.91, -1522.79
4.66964, -1139.93, 1094.46
3.03022, 1715.73, -1865
6.4639, -76.5199, -932.72
3.91232, -1146.55, -967.301
7.14264, -1160.47, -473.907
5.37926, 486.612, 1034.39
3.4895, 1634.85, -578.208
5.99081, 1148.72, -1509.15
3.07265, 990.796, -1920.09
4.22945, 613.484, 1575.55
4.15646, -1178.11, -475.427
6.42735, 1656.83, -1924.59
6.65775, 919.21, -425.654
4.21712, -1479.89, 1510.11
4.2603, -548.869, 1775.63
6.38197, 293.918, -1663.58
6.58658, -25.4792, 1376.1
4.26157, -259.743, 564.635
7.09559, -862.812, -602.415
3.2877, 982.274, 506.98
5.56029, -970.416, 1132.11
5.54222, -751.183, 1421.15
3.16647, -504.002, -1492.04
3.51409, -1491.9, -955.199
4.79457, -1713.97, 1002.36
3.48759, -1054.78, 1855.91
6.77118, -1686.28, 755.621
6.54562, -1519.25, -1385.92
2.80131, -1813.99, 1772.65
6.50584, -1436.6, 1310.57
5.49597, -386.337, -1086.75
7.43182, -1782.12, 615.586
2.65919, -324.316, 1281.07
6.8356, 1886.82, -1542.27
3.69109, 1337.44, 697.606
3.6127, 352.108, 863.434
4.73907, -1978.92, -1094.75
2.61231, 1724.85, -351.138
6.79755, -514.963, 36.3675
4.15902, 426.599, 1181.59
5.72195, 612.736, 500.541
7.43521, -1891.27, -965.528
5.30162, 569.182, -1167.61
4.74553, -1516.19, -492.47
5.213, 339.476, -1439.82
2.90797, 1546.18, -65.6335
3.99606, -1615.78, -542.853
6.63964, 1645.91, 1358.72
6.48936, 1251.24, 1874.98
5.71048, -206.266, 1359.51
4.84105, 1261.52, 773.047
7.15326, -396.134, -1220.66
5.08798, -494.216, -148.454
7.42924, 1595.96, -1081.06
5.94567, -162.189, -1446.9
6.19966, -361.835, -893.204
3.46323, -785.014, -1869.7
6.08881, -903.541, 1249.47
6.11146, 1140.03, -362.398
6.49298, 532.883, 307.649
4.23216, 510.668, -1993.79
5.1481, -31.624, -118.687
3.19001, 1431.84, -722.182
6.73218, -450.37, -413.088
6.32766, -168.847, -1770.18
7.5, 1846.82, -835.297
4.24891, 966.037, 1987.28
5.50367, -1201.96, 1182.26
3.50808, -992.364, 168.787
6.2385, 57.0436, 305.075
6.49225, 1952.74, 432.487
3.03505, -1412.05, 218.577
5.35813, -1014.36, 94.6315
2.84683, 717.798, -668.21
4.16036, 1496.58, 1378.9
5.80945, 973.735, -1416.29
5.27726, 339.282, -383.186
7.12415, 457.872, -23.4317
2.69832, -971.737, 453.251
2.62083, -623.271, 480.337
4.61923, 428.916, -1313.53
4.36987, 921.667, 272.054
2.93303, -469.855, -505.782
3.05403, -319.279, 339.443
5.31992, 736.861, -696.309
7.37269, 123, 1484.58
3.05066, -94.4628, -1766.64
5.99352, 198.099, 1962.69
2.79674, -100.702, -1485.68
4.69755, 1670.91, -216.614
5.24651, 1984.47, 1432.17
3.45129, 1382.85, -1500.56
7.36597, 627.945, 654.567
3.19593, -1355.39, -134.233
5.48978, 1881.82, -865.262
7.12812, -1745.92, 1408.27
3.91116, -157.973, 1774.45
6.8307, -281.218, -163.696
6.29598, -455.838, -1201.5
6.10793, 717.454, 1239.79
3.34241, -754.231, 740.894
3.32882, 1673.95, 748.413
3.39076, -1294.8, -1979.61
5.87226, 671, -1204.48
4.83484, -710.209, 80.8685
6.85219, -1622.09, -716.308
5.76023, -1392.29, -236.658
5.80464, 1524.96, 1762.09
2.58037, -1323.57, -1196.27
4.30596, -1559.18, -1338.73
3.72747, 1849.85, 238.563
6.93086, -1874.88, -1900.24
5.23701, 1649.56, 1547.65
6.57209, -52.8551, -1302.1
5.24453, 351.735, 1734.22
4.16156, 1012.62, -111.449
4.40213, 48.7378, -1309.45
2.52389, 1863.64, 1309.42
6.95226, -181.076, -794.667
6.16955, -994.862, 1371.85
6.04239, -308.376, 1327.84
5.1278, 110.14, -374.154
6.41065, -382.644, -1630.05
3.42484, -771.603, -940.922
5.72673, 488.654, 1027.36
3.42178, -1378.68, -685.882
3.31214, 127.567, -181.621
2.65594, -363.88, 1700.8
7.42716, 260.793, -1331.35
4.04559, -663.541, -1434.46
4.11075, -1349.6, -592.1
5.51155, 573.854, -467.237
2.89107, -658.966, -1845.4
3.93936, -41.2104, 181.651
5.79307, -251.922, -981.455
7.36348, -1986.1, -698.183
7.27758, -726.331, -1592.37
7.42745, -1337.46, -575.13
7.30478, -1827.46, -1526.87
3.0073, -1117.25, 1136.25
3.71505, -245.048, -988.847
6.91151, 198.163, -866.597
5.28805, 681.088, 1401.42
6.7669, 1605.63, 1032.04
7.49145, -1073.09, 1048.79
3.99751, -515.906, -964.187
6.33157, 1956.68, 975.476
4.81901, 568.854, -287.301
6.8168, -1272.55, -1586
6.99018, 1721.04, 9.6135
7.377, 515.789, -833.042
2.77405, 1321.14, 160.78
6.32605, 1897.73, -1234.4
5.09219, -1867.06, 1478.67
3.46574, 1852, -476.1
6.98252, 391.79, -1086.62
6.38492, -1664.2, 195.998
2.75968, 831.697, 1082.46
7.47331, -1707.98, 1530.76
5.93659, -6.20634, -918.158
5.94854, 1776.04, 993.517
6.57666, -1314.48, 1639.48
7.05426, -73.4363, -873.616
3.34218, -402.77, 808.135
5.24183, -1160.47, 1607.98
6.53351, -968.896, -504.439
4.17803, 643.432, -1067.19
5.53435, -205.883, 73.5478
6.59602, -1904.66, 668.109
7.3485, 168.699, -494.153
6.29349, 1169.19, 986.203
3.72113, -364.816, -185.667
5.80589, -1144.35, 806.847
4.21574, -896.508, -373.537
7.27146, 751.85, -792.449
2.60828, 1607.08, 1111.38
4.54979, -1783.67, 1893.2
2.55789, 1171.34, -1340.25
3.04964, 1681.38, 398.855
5.28259, -1698.16, 184.02
4.45466, -58.3339, -472.352
7.20539, 235.741, -365.413
2.55572, 358.618, 790.398
6.22897, -446.251, -871.606
3.84293, 220.489, 255.252
4.27153, -1356.13, -1529.28
3.45835, -928.219, 1234.72
5.14832, 591.525, -339.465
4.39478, -116.242, -1711.03
3.16407, -25.2184, -1605.77
4.26563, -251.23, -1130.03
4.2497, 1567.6, 1970.97
7.41084, 1211.17, -247.556
5.25961, 302.56, -758.242
4.99918, 27.242, -1428.63
3.58531, -1669.21, 913.757
4.37311, -465.333, -1302.37
6.78251, -1320.51, -943.454
6.45578, 1580.1, -1022.24
3.9204, -983.788, 1858.19
5.07645, 874.73, 201.724
6.79238, -586.647, -49.5397
7.07844, -1886.18, -345.286
7.48941, 272.727, 1832.4
6.53177, 349.328, -392.133
5.22718, -1801.91, -370.686
7.3461, 299.942, -1473.71
5.31931, -1170.34, 725.265
4.03031, -832.295, 1319.74
5.41853, 1932.61, 1905.5
2.91197, 110.849, -663.164
5.47382, 700.547, 1245.57
3.31968, -1197.13, -1183.3
6.46527, -1216.2, -874.963
2.95373, 1158.26, 1480.55
6.3072, -1010.64, -1359.49
6.83996, -441.207, 64.3848
6.40105, 383.319, -668.843
6.61399, 1817.17, 1939.39
6.70974, 745.009, 1106.39
4.48328, 1061.56, 512.726
6.508, -321.098, 337.379
6.56811, 761.162, -88.1325
5.43493, -819.611, 202.302
4.64621, 1591.73, -100.048
2.5002, -133.626, -957.936
5.31153, -1630.42, 633.521
6.22632, 672.524, 709.549
3.89846, 1934.81, 586.258
2.93406, -1973.11, 1130
3.5733, 1706.91, -1761.31
3.93296, -986.174, 1116.09
4.86595, -812.993, 950.239
6.95893, 1690.4, 1639.73
5.91955, 1017.97, -1002.41
3.54376, -100.597, -132.515
6.67533, 1588.2, 23.8123
7.09218, 1878.07, 1835.59
4.48244, -949.978, -1402.1
6.37858, 1083.62, 1069.9
5.68161, -322.322, -180.897
6.64746, 966.858, 583.083
3.40204, 1116.29, -918.796
7.45927, 1159.91, -1532
6.70558, -302.565, -1689.76
4.65177, 1776.43, 531.816
4.38589, 1193.36, 1779.32
2.70802, 1310.41, -1011.23
6.80715, -1612.07, -1076.91
6.62116, 1829.62, -1805.56
6.25052, 28.6787, 1465
3.55801, -330.426, 1986.05
4.31029, -1563.59, -384.374
4.43545, -1182.36, -1605.17
7.32918, 1608.28, 1279.14
6.5872, -336.299, 1262.33
4.5755, -164.481, 898.451
5.83759, 411.174, 367.169
2.52101, 954.232, 1951.34
6.98048, -1477.12, 498.121
3.68416, -686.982, 710.334
3.79415, 717.448, -191.255
5.4939, 817.909, -1422.95
6.89823, -1680.17, 749.318
6.16299, -1130.15, -1183.18
6.0773, 1826.08, 1141.17
3.57724, -1216.35, 962.161
6.30413, 1357.36, -1915.68
3.85351, -321.452, -1119.95
2.75246, 1333.69, 679.939
4.78866, 538.31, 491.406
2.58759, 897.677, -1557.54
3.01129, 147.643, -345.391
2.639, -261.379, 572.628
5.65921, -682.036, -1031.61
6.34425, 170.172, -495.071
2.74132, 1051.29, -1680.68
6.6924, -115.328, -1261.27
6.76899, -526.037, -639.809
6.57649, -890.56, 1148.41
6.85188, 1589.87, 810.905
5.27222, -1267.04, -342.8
6.12646, -591.192, 118.269
3.20424, -1054.03, 1871.41
6.6115, 1196.68, -1054.5
5.51185, 1466.91, -394.507
4.93856, 1017.45, -1840.9
6.14942, -576.505, 1904.88
4.05164, 1515.12, -1338.21
3.93925, -1398.77, 707.668
5.45857, -1905.42, 1620.49
5.34055, 1311.65, 1770.24
5.41059, -1858.78, -1156.2
2.84132, -1378.65, 566.372
4.34304, 300.933, -770.105
6.28475, -1871.8, -1151.91
6.35297, -897.649, -1739.39
4.27217, -788.048, -505.091
5.98913, 485.428, 1864.39
5.08005, -1360.52, -603.713
5.94494, 782.184, 264.311
6.18066, -164.23, 1231.66
2.56231, -686.789, -1349.77
7.16549, 1224.8, -242.893
5.37826, 266.857, 252.692
3.05587, 919.794, 1948.94
4.87388, -216.658, 52.9783
3.24247, 350.417, 192.442
4.22594, 101.969, 898.925
7.04476, -1865.85, 370.095
4.54571, 30.3684, 1033.68
5.96642, -1357.73, -155.053
3.35865, 763.69, -1878.51
6.21715, 1787.42, -1014.89
4.16319, -848.148, 1283.62
4.62157, 1334.52, 623.183
2.79523, -274.657, -229.261
5.09005, 566.267, -476.258
5.94425, 948.668, -1162.53
5.01149, -504.353, 37.5281
6.56617, -338.383, -1502.37
3.07974, 163.878, -1878.08
5.24841, 535.676, 930.758
5.06046, 822.216, 42.5332
6.02649, 1908.66, 883.124
5.65083, -474.755, 1777.51
4.0207, -49.5059, -1270.07
6.74719, 800.056, 743.173
3.39619, 1205.47, -41.3791
2.61737, -1060.69, -200.501
4.19467, 1478.78, 107.329
3.43818, 702.473, -171.575
6.60467, -573.349, 377.837
6.72507, -1791.11, -314.588
6.78031, 1696.24, -1442.26
7.37454, -1908.92, 1281.66
2.99587, 939.48, -896.616
2.56182, 1129.02, 1313.33
2.58614, 441.529, 1168.22
2.64527, 503.883, 190.517
4.1031, 303.633, -787.158
6.17815, 1254.97, 604.938
3.14876, 718.501, 953.414
2.5161, -736.232, 1014.3
6.91905, 278.356, -1581.57
3.70482, 462.463, -1148.42
4.38481, -1640.89, 1522.71
4.44879, 1221.6, 371.661
2.81534, 1191.98, 589.905
7.30792, 367.373, 1915.41
3.75349, 1453.29, -676.796
6.85376, -1359.74, -120.132
2.85991, -1837.03, 853.727
2.70653, -1248.01, 1153.98
3.46378, 724.78, -1047.05
3.86708, -620.799, 605.734
7.4007, -1905.98, -731.077
3.60607, 649.43, -1076.04
6.43119, -1751.39, 1712.34
4.42306, 601.64, -844.188
3.78593, 959.807, -1273.87
3.91087, -1893.79, 130.733
7.33834, 1736.49, -69.0016
4.22841, 1535.81, 344.332
3.45922, -1967.49, 1475.41
5.05037, -1096.53, -750.422
5.21857, -1115.63, 1268.68
5.72333, -1276.52, -1231.02
3.89738, -20.7293, 1576.96
3.41887, -593.212, -1439.2
2.71579, -1691.94, 751.404
3.98408, -1003.98, -527.825
4.25548, -463.027, 281.329
7.09372, -842.772, 1452.98
5.81225, 1014.15, -726.436
5.08041, 1733.36, 1171.73
4.03763, 1231.77, 1175.95
3.0007, -705.531, 310.332
3.47502, 759.862, -1761.68
4.11407, 62.8476, -263.6
5.56182, 1928.31, 173.405
5.13511, 1921.93, -1968.06
3.45653, 514.971, 569.691
4.7178, -1290.98, -852.227
4.48693, -1418.84, 1709.38
6.28051, -1213.96, 1489.6
6.6213, 1473.56, 1205.23
5.51573, 284.063, -689.22
3.04573, 1219.77, -1657.85
4.11797, 974.041, -330.768
5.03403, 16.8959, 637.192
4.76521, -1296.46, 1598.4
4.77315, -361.899, -920.225
4.91125, 1836.34, 1821.71
5.07896, 738.802, -1302.48
4.50207, 402.385, 1643.04
4.22945, 1926.72, 969.262
6.64533, 1861.81, -483.109
3.02204, -1465.05, -1596.57
6.40057, 1172.2, 1136.69
3.19919, -595.15, -478.775
2.62171, -1599.38, -1033.86
6.0664, 813.843, -1509.52
7.15538, 307.885, -1645.36
7.47667, 364.379, 349.319
3.86264, -1762.24, 305.936
3.6923, -949.015, -510.584
3.87328, 1925.69, 1239.98
5.70836, -1817.41, -1461.86
5.17637, 621.172, 311.139
6.8967, 1671.22, -593.713
6.75968, -1336.54, -1676.07
2.98004, 1817.18, -72.6453
4.66818, -1499.51, 401.014
3.17045, -410.493, -1514.64
5.86802, -329.163, 625.587
5.34964, -107.075, -957.966
3.66474, -1246.74, 1127.85
5.50306, 533.071, -1378.85
2.6551, -1606.34, -56.1007
7.08512, 1137.32, -624.059
3.82958, 1726.49, -354.624
6.50016, -369.169, -1019.22
5.46389, 337.846, -1443.39
5.0822, 712.604, 1242.55
5.2567, 640.266, 1287.12
3.47225, 1012.71, -467.429
5.36152, 244.429, -1486.19
3.81992, 426.979, 805.151
4.41648, -1530.89, 1079.26
2.73626, -1510.31, -1795.1
4.22823, 1179.21, -1345.15
3.61594, 1354.43, -871.626
3.81264, 34.4457, -1473.46
3.05141, -859.879, -805.144
7.40088, -1411.4, 39.6701
5.93794, 1595.2, 1270.09
5.82158, -1095.18, -764.559
5.99501, -1203.45, -1345.86
2.68746, -1665.29, -1548.85
3.6706, -1258.32, -1491.55
3.95397, 1436.79, 1387.75
3.50543, -77.0589, -517.559
2.7177, 749.213, 666.995
2.56571, -1056.99, 1039.02
6.07297, -1054.57, 1531.02
6.88348, -1742.11, -1258.48
5.35088, -1774.16, 539.673
6.92743, 1731.47, 1739.74
5.20042, -713.26, -559.872
3.31357, 1859.7, -1294.68
3.30492, 1932.81, 880.951
7.19182, 637.264, 574.543
3.45628, 1107.84, -1704.29
3.15761, -4.70184, -208.43
4.41122, -628.429, -11.197
6.12674, 515.939, -529.375
2.50651, 1084.96, 1747.54
4.60222, 48.3497, 1473.58
5.18984, 614.514, -428.212
4.86596, -477.341, 494.338
6.33003, 1081.69, 1747.94
2.9396, 1110.08, -937.465
7.04284, 268.368, 647.351
3.20818, -1750.65, -792.137
2.54782, 870.413, -102.913
2.82267, 475.707, 1048.58
4.96742, 763.472, 444.85
5.40914, 1061.54, 1960.85
4.03373, -1896.6, 1089.51
4.57091, 1826.56, -143.18
4.33401, -1149.76, -1377.07
3.42687, 368.513, 1337.13
2.76788, 1282.98, 327.989
4.47222, 1082.04, -130.79
3.98388, -695.709, -264.297
5.05388, -792.388, 1641.12
3.75392, -1400.78, 460.316
5.01589, 1928.11, 1770.74
2.51168, -28.5908, 1591.09
7.01807, 1992.13, -896.162
2.79181, -1812.49, -1895.51
5.17506, -1375.16, 1610.3
3.95754, -764.663, 1748.94
7.3023, -1625.97, -547.832
4.73406, 640.049, -218.356
5.08479, 1788.48, 335.653
5.93861, -510.124, 43.2702
2.72187, -321.209, 151.571
7.2946, -1595.8, 1213.36
5.70852, 728.868, 311.724
2.80215, 1259.11, -1561.01
3.33964, 97.9522, 536.166
5.76491, 975.189, -497.57
6.19864, -1538.29, 673.678
3.57011, 1718.47, 403.106
4.31441, 314.03, -1746.96
6.56981, -1296.08, 1868.83
5.32057, 1615.59, -941.133
7.45886, -79.867, -1796.09
6.5669, -1527.23, 794.099
3.49157, -1986.73, -45.895
2.50003, -319.618, -1703.7
4.62608, 1899.3, -1552.45
4.07406, 1671.66, 393.01
5.56218, 1213.54, -1866.71
3.83351, -403.311, -1088.34
4.39881, -1189.96, -122.774
5.43397, 1926.88, 597.811
5.95636, -282.909, -1028.95
7.26736, -917.672, -1143.08
4.89785, -585.814, -1908.01
3.60319, 752.903, -1459.49
5.33741, -1448.43, -895.123
6.09873, 864.263, 727.95
4.4953, -985.698, 1118.58
3.48326, -1386.78, 1987.13
6.66971, -1344.25, -1514.22
5.59561, -894.977, -1747.09
7.26866, -587.69, 346.483
3.23222, -28.6885, -557.564
5.38953, 80.4559, -919.354
7.26796, -785.085, 1443.42
3.62331, 1441.46, -1957.43
7.25137, -985.203, 1608.73
3.07874, 1593.66, -1035.27
2.58372, 59.5336, -522.712
3.90465, -711.865, -337.867
7.15042, 1290.34, 338.262
3.04796, 1494.7, 1744.18
6.77266, 59.8578, 1658.37
5.68532, -1452.31, -1463.96
5.63853, 813.036, -1415.31
3.80589, 1450.76, 1489.94
5.13936, -1901.84, 438.508
7.16608, -539.68, 1823.01
3.98055, 1845.94, 203.972
4.78006, 312.227, 910.77
6.35659, -1312.86, -1239.27
4.17193, 201.427, 234.038
6.31775, -79.1419, -1885.49
6.65892, -60.2319, 1885.68
2.64618, -1450.24, 1136.37
4.31315, 1430.23, -534.981
4.16221, 567.361, 922.636
3.17675, -1037.47, -607.102
3.00839, -612.937, 1247.14
5.11327, -1219.5, 1629.29
3.52046, 61.3056, -1067.98
5.00728, -1736.18, -1260.68
5.1371, 4.38719, 1923.21
4.13422, -537.098, -585.794
4.75888, 452.542, -889.344
6.85263, -14.726, 1968.53
4.72884, 1290.35, 1730.32
6.03726, -917.552, -1837.66
6.83171, 1828.98, -1398.3
6.5822, 1739.36, 441.167
2.67504, 1789.74, 1675.75
3.8644, -1307.17, -473.324
5.21858, -845.264, -861.557
3.19942, -1979.61, -1084.61
5.57408, -1556.7, -1871.83
3.29182, -1382.16, -1210.77
4.41129, 198.316, 442.115
5.94997, -188.78, 378.845
3.21128, -778.876, 922.301
5.65284, -1569.93, 1587.72
3.15973, 397.833, 1872.36
7.13583, -1485.12, 511.071
5.53465, -1878.17, 1569.46
5.50388, -1844.1, 742.591
3.33635, 1187.34, -1063.23
3.301, -1727.49, -802.179
5.91628, 1246.82, -59.3049
5.1456, -1428.07, -27.372
3.65264, -265.301, 1620.34
6.55373, -1004.61, -116.204
5.76477, -840.559, -1121.09
4.08597, -1107.12, -1169.74
2.53953, -524.797, -1631.12
3.49176, 1461.2, 1477.38
3.78831, -16.6592, 763.829
3.03825, 1780.92, 77.3021
3.49545, 264.11, -869.167
6.75079, 1607.53, -1543.64
6.63912, -1967.24, 417.905
6.76813, -1920.61, -1105.65
5.71027, 572.051, 1558.89
3.6787, 1453.49, -1974.83
6.80638, -1005.31, -1618.69
5.4745, 73.4442, -205.588
2.52745, 1013.91, -61.0473
6.84925, -1321.92, -935.618
7.37729, 1299.24, 212.555
5.59653, 757.85, 27.5662
3.85574, -1883.59, 761
7.46973, -319.064, -1268.14
4.60751, -1445.86, -1059.21
4.20537, -1589.24, -1230.51
4.80717, 728.533, -274.765
4.44822, 528.327, -759.09
4.613, -99.8047, 1030.68
2.84879, 263.486, 575.505
5.5153, -115.804, -254.592
7.36114, -99.4424, 461.279
5.07406, -1393.69, -1070.63
7.45461, 1910.08, -275.257
5.84906, 1262.62, -290.391
4.01716, -1211.32, 140.894
3.47371, 1749.36, 1134.07
4.0109, -1420.24, -1873.55
4.93946, -670.029, 922.347
4.72438, 1064.88, 1969.7
5.7844, 639.938, -1881.81
3.74227, -1556.82, -1331.26
4.72007, 109.684, 1111.41
5.75894, -1383.88, 106.216
6.67472, -1428.04, 378.218
6.03698, 393.733, 1633.22
4.93928, -1741.8, -1206.42
6.72039, 799.363, -477.502
7.00296, -1000.31, -368.715
6.33082, -1302.48, -1052.18
5.29453, 1258.05, 1698.02
2.70603, -35.0267, 174.26
5.46749, 1128.14, 131.352
2.68674, -1359.79, 1652.75
4.53488, 47.319, 873.985
2.84243, -1951.54, -1763.54
7.38558, -1554.54, -1764.89
2.5956, -1033.88, -467.796
6.60363, -315.698, -539.279
5.2195, -754.129, 1753.5
5.72828, 1583.05, -665.22
3.62934, -521.483, 111.134
2.733, 1657.91, -1391.03
3.63154, 428.356, -1111.25
4.58371, -1267.18, 270.261
6.40126, 531.697, -1263.23
3.72852, -1844.9, 774.231
4.81411, 1315.87, 179.078
6.14756, 1857.44, 582.175
5.35237, -661.059, 1631.3
5.45997, 1857.87, 1845.16
4.98425, -1885.85, 561.76
3.951, 985.451, 219.752
4.71107, -6.3497, -453.124
2.53669, 1708.73, -792.224
7.41683, 990.634, -717.085
2.52822, -1618.77, -294.05
4.8676, -201.546, 1471.9
5.86497, -621.068, -244.198
