6.27803, -1462.36, -1915.44
3.5948, 41.2287, -247.997
5.89648, 734.851, -1793.55
5.09708, -561.96, 1795.04
2.76731, -1909.86, 1284.54
2.53849, 640.141, 106.451
4.58743, -1637.74, -491.862
7.15218, 374.482, 783.065
2.95982, 69.316, 1387.91
6.00595, -376.235, 639.917
3.81226, 1070.76, 1595.94
4.14117, 941.659, -1766.26
7.45519, 946.508, 506.561
7.41275, -1029.12, -510.453
5.75759, 979.203, 865.142
6.92354, 515.878, -1659
6.33247, -270.205, -939.925
3.87453, -938.034, -127.36
4.93259, -1316.29, -570.664
2.80282, 1601.9, 1534.36
5.08146, 8.58597, 1542.76
4.96988, 1881.65, -738.375
7.23882, -1589.84, -946.594
4.42071, -49.5878, -1644.82
5.14874, 1610.24, -956.301
2.75042, 1715.59, -110.689
6.63909, 1119.58, 1084.33
5.94228, -1836.67, -1455.9
6.18112, 516.853, 1455.31
6.94286, 1881.07, 890.332
4.25508, -701.003, -1027.52
6.72991, 367.936, 45.8294
3.84659, 1238.47, -277.969
4.83959, 148.343, -371.217
3.2686, -1322.39, -906.092
2.66527, 1245.08, 278.3
7.2768, -30.5218, 180.742
6.95369, 229.833, 958.547
3.29884, 1309.47, 468.079
3.15214, 851.888, -1124.83
2.515, -918.909, -1612.13
6.0491, -1769.49, -377.085
3.40448, -985.383, 1671.23
5.76029, 1542.77, -673.921
4.42907, 797.04, -1411.8
3.23766, -10.3087, -486.14
5.45054, 1229.06, 333.347
3.24076, 312.694, 1781.69
3.2091, -346.998, 1889.07
4.94257, -954.051, 229.419
3.13015, 1694.14, -123.822
5.64635, -682.375, -1156.64
5.60817, 566.537, -1441.85
4.88216, -974.92, 1138.7
2.64188, -1037.24, -498.756
3.21011, -250.479, 1561.53
3.15594, -380.409, 1729.99
3.31099, -1672.8, 1516.62
3.76529, -523.262, -1646.99
4.77654, 1066.92, -1468.38
6.54472, -178.767, -587.393
3.57624, 595.517, 1660.31
3.75063, 1604.89, 735.279
5.02978, -127.144, 1426.72
6.27922, 1244.31, 311.19
5.66369, 1722.07, -66.5149
5.9449, 1237.7, -269.287
7.27207, 1913.04, 903.888
5.18713, -804.286, 1425.34
4.57014, -1513.28, 52.502
4.70019, 1495.3, 324.616
6.07821, 1445.68, 907.002
6.20858, 766.376, 1155.93
5.12494, 1523.49, -1889.9
6.06711, -1686.27, -159.229
5.91025, 634.703, -51.4726
6.82941, 1647.29, -1175.06
3.19597, 132.559, 1495.13
3.57766, 1854.88, -228.314
5.0733, -675.992, -286.978
4.83766, -176.967, 1429.48
3.55759, -484.644, 1210.09
5.65244, -1360.75, 1929.58
2.5044, -1855.11, 378.792
4.09589, 881.843, 1059.98
5.90281, 689.237, -213.416
6.0446, 1314.89, -1147.56
2.90869, -1589.3, 1278.79
3.56926, 536.307, 949.396
4.44412, -1630.46, -1128.21
4.44927, 1828.75, 1805.28
3.92018, 746.041, -916.889
4.6123, 1107.52, 1052.09
2.55658, -1254.46, -889.941
3.72027, 1820.2, -1264.16
4.49072, -1415.45, 1294.2
6.64177, -1314.32, 395.815
3.78584, 1902.11, -1406.73
3.59705, -1551.72, -1000.15
6.47385, 753.696, 530.098
5.8476, 967.871, 774.068
5.49108, -1751.89, 624.663
5.99917, -738.021, -1063.54
5.13062, 1101.76, -1474.26
4.14833, 378.248, 199.935
3.30844, -1441.16, 766.848
6.56633, 1408.7, -43.3073
4.08004, 907.045, 239.191
4.05369, 70.8934, -1469.25
4.65424, 54.9793, 275.526
4.46509, -445.63, -945.087
4.43916, -59.0018, -324.242
4.34871, -1603.48, -921.067
5.88118, 666.051, -1025.59
6.10384, 852.522, 59.384
7.20082, -142.677, 1745.51
5.08573, -162.727, -728.897
5.5282, -366.012, 625.154
5.85049, -1349.96, 1920.64
5.11404, 124.578, -592.426
3.87105, -1854.22, 1259.18
7.08924, 220.858, 562.665
3.73367, 1844.15, -888.129
4.77876, 723.197, 1311.35
3.30374, -1839.14, 1289.72
4.68319, 795.111, 750.304
7.45767, 925.458, 370.585
6.26931, -855.831, 776.561
4.97846, -1899.12, -1283.27
7.01651, -1318.75, -1592.32
4.68213, 976.645, 1074.62
5.09239, 320.86, -1903.55
4.44866, 180.174, -1661.84
5.63431, -403.856, -1154.97
5.19331, 781.647, 645.044
4.35955, 1289.26, -848.055
2.54674, -694.442, 695.382
6.3794, 71.4694, -1526.36
2.85317, -1750.03, -1147.85
3.98511, 855.373, -1364.03
4.78581, -119.049, -1700.93
3.25156, -190.568, 57.0301
5.97819, 1301.33, -859.331
4.15587, 748.357, 273.598
5.21197, 1914.54, -1692.86
2.64678, 1465.12, -1788.48
5.38086, 2.78217, -430.393
5.18133, 692.003, 938.277
7.36678, -1513.23, -1778.48
5.57063, -625.632, -1194.59
5.26431, -1434.53, 413.245
6.69051, -508.565, 1737.51
3.75764, -987.449, 1787.7
6.98957, 1185.41, -253.355
5.97428, 1010.47, -980.92
5.82752, -953.032, -171.92
3.06838, -1212.28, -1533.94
3.37987, -1880.16, 201.202
2.91253, -306.111, 336.908
6.68103, -460.138, 701.497
2.64818, 1898.31, -1548.42
6.34719, -31.7092, -1649.98
4.29829, -1025.31, 1708.13
6.24626, 46.3462, 1027.07
6.28385, 685.644, 646.186
3.60834, -1060.58, -1788.97
5.58305, 607.989, 304.331
3.66846, -1090.46, -460.245
6.22052, -1366.84, 562.858
5.80997, -1752.82, -1330.55
4.9209, 1854.79, -1489.03
2.58972, 1668.02, 396.284
4.98291, 895.924, 347.015
5.09587, -95.0997, -1707.76
4.71395, -1685.94, 1006.72
4.14528, -52.1002, 1847.32
3.52671, 949.215, -201.701
7.19863, -452.963, -1223.98
2.85168, -996.316, 1818.38
3.30042, 65.3407, -1447.62
6.70788, -1514.22, 50.5827
4.13614, -307.12, -516.074
6.85942, 326.112, 846.013
5.99896, 1317, 1024.11
5.52801, 1720.98, -413.876
4.77536, 146.594, -494.748
2.91543, -926.25, -431.627
3.94883, -81.5334, -240.562
6.51009, -1150.18, -1547.46
6.81821, 698.595, 78.2429
3.81831, 817.627, -1001.59
4.79881, -1613.34, -463.665
4.95672, 1209.6, -1038.35
5.82344, -927.751, -1917.86
7.31738, -1239.5, -350.504
7.23022, 1157.77, -1458.43
2.81902, 453.686, -1289.76
5.04829, -887.426, -564.277
6.13222, 1299.17, 1328.31
5.65882, 1149.87, -645.881
3.26658, -1807.74, -1819.29
5.09652, -1700.64, 1028.49
3.52281, -1076.4, 1660.88
6.03231, 797.804, -1653.68
6.05786, -928.791, -116.58
3.66304, -1024.75, -475.373
6.80594, -80.8373, -247.681
2.67122, -195.442, 1839.73
6.26587, -1839.58, 155.651
4.14789, 1219.04, 315.25
4.65309, 114.323, -1035.35
7.33455, 1831.28, -418.807
4.05803, 1476.75, 1347.78
5.69762, 1864.08, -1370.67
5.95386, 1699.87, -117.792
5.36403, 89.393, 1244.8
6.60667, 1798.98, -1429.5
4.21807, -1763.01, -1362.36
5.09387, -1616.48, -1469.94
6.78438, 235.823, -1842.44
6.18587, 724.202, 75.6396
3.45992, -1742.43, 727.45
2.83145, -613.698, 654.995
3.60828, 1734.4, -1430.99
3.33656, 314.682, -382.1
6.31172, 747.325, -1776.82
5.44905, -1659.71, 792.967
4.65223, 1730.43, 1693.83
7.09618, 1290.35, 25.6784
5.09668, 901.691, 377.351
7.38058, -1378.35, -74.5629
5.15714, -900.002, 267.791
2.98716, 675.478, 713.849
5.83983, 394.877, 245.463
5.44444, 305.298, -18.8816
5.01137, -1350.71, -225.817
2.75808, -1801.85, 874.065
2.6753, -644.927, 42.8233
4.41484, -1556.44, -1036.78
5.55555, 372.491, 203.451
5.06574, 1087.14, 1715.31
5.98498, 662.999, -33.6184
4.89891, -25.854, -386.974
3.88323, 111.649, 859.832
6.01685, -870.042, 393.393
3.67701, 1695.17, 66.778
6.41501, 280.332, -355.658
6.60589, 684.989, 1619.93
3.21842, -986.051, 94.1498
5.75757, -991.673, 1555.72
3.87677, 1705.38, -1907.98
7.26215, -760.137, 1407.35
4.58238, -1474.13, 35.8615
3.03869, -249.034, 781.311
4.70633, -1556.36, 1057.57
6.28811, -818.889, -569.739
2.77803, -681.703, -593.805
3.51241, -32.9085, 266.097
6.82305, 1808.05, -1446.73
6.52456, -481.311, 34.2923
2.78861, -1335.52, -1305.76
4.40304, -125.13, -1424.89
4.56124, -241.435, 1461.02
2.80071, -735.694, 605.102
7.09746, 1613.95, 1261.44
3.35398, 1071.78, 1647.39
6.51634, -1871.18, 399.174
3.88599, 1443.52, 96.813
4.44586, 329.329, 1474.66
7.19936, 142.278, 1232.19
6.24573, 375.849, -383.974
3.44774, -669.345, 1495.68
6.89581, 846.18, 954.141
6.8953, 809.535, -1622.62
3.30515, -1597.64, -495.223
5.87346, -1572.45, -340.894
6.89096, 1283.32, 275.797
6.98262, 499.454, 1057.73
3.06535, -15.2333, 1477.46
5.93789, -450.013, -476.899
3.21651, -1484.2, -1485.51
3.6901, 792.198, -77.7705
5.64383, 1830.13, -416.707
4.312, 1599.75, 737.116
4.64437, 1162.42, 1428.61
4.91936, -43.1332, -1654.19
6.20379, 17.7792, -231.698
3.23098, -764.833, 1690.88
7.36238, -1657.58, -1500.33
7.3158, -1023.05, -426.166
3.14741, -1164.9, 1300.59
5.3784, -578.796, -1196.77
4.66439, 324.621, -306.368
5.50066, -451.219, -434.798
5.85098, -1348.83, -185.924
4.5137, 798.53, 1932.58
6.46691, 1322.5, 1338.12
4.89889, -1888.99, -489.094
5.72449, 612.437, 514.065
4.28836, -526.962, 1210.97
5.96794, -645.458, -437.835
5.83428, -830.884, -1349.89
3.22071, -836.757, 1428.17
7.10415, -1849.47, 387.09
4.22228, 71.0266, -467.572
6.66824, -800.868, -937.03
2.74349, 591.181, -1444.51
3.27936, -491.883, -131.346
2.55765, 651.925, 974.529
3.94327, 228.488, 1163.21
5.07295, -688.98, -314.74
3.65948, 1345.39, 866.975
2.75022, -491.72, -104.24
5.33091, -1202.36, -1602.46
6.69774, -315.617, 1282.33
4.28763, -1263.5, -880.808
4.3452, 339.839, 1692.77
7.22226, 521.997, -138.866
4.72425, -1758.81, -316.24
6.82086, 939.958, 313.389
5.82654, -1555.31, -1447.74
5.79297, 352.391, 1309.51
7.10736, -1888.02, 1891.71
5.11536, 1895.34, -1262.01
5.45229, 887.614, -883.756
5.79944, 1326.63, 1302.17
4.24765, 526.722, 939.143
4.11714, 635.753, 107.196
7.08984, -229.406, 1462.94
3.08619, 1841.08, -895.606
7.31268, 1243.75, -269.539
5.17978, 130.099, -587.572
5.81447, 1606.93, 1260.25
5.48362, 1737.56, -986.892
6.93363, -1014.69, -1455.9
6.67999, -1299.95, -1214.19
6.69339, 497.978, 381.18
6.85642, -345.049, 610.634
2.5002, -1542.21, 668.379
4.77274, 537.657, 673.181
4.25696, -1861.77, 398.341
5.80713, -508.406, 1396.08
6.22234, -1771.15, 310.89
3.3821, -301.289, -981.065
7.4621, 1593.05, -1563.51
5.95466, -1823.36, 366.042
6.97862, 289.946, -47.4746
3.51579, 711.52, -229.952
7.2356, -953.184, -63.7642
4.88476, 1750.39, -980.378
6.78578, 1819.29, -1531.01
6.41237, -1828.49, -1136.14
5.70687, 1812.31, -1758.54
3.14521, -1425.12, 326.335
5.77944, 16.0838, 1316.99
3.09199, 111.043, 4.78349
3.88793, 629.824, 1571.29
6.65548, -492.011, -500.826
6.14153, -1482.21, -1016.44
6.74348, -1202.86, 585.073
3.43989, -1492.21, -1745.42
6.09602, 1114.59, -601.395
4.25586, 310.539, 613.648
3.34555, -841.092, -1394.24
4.52383, 650.118, -1047.22
4.20924, 327.978, 1494.92
6.67141, 702.43, -275.145
3.9111, 1396.49, 1174.28
5.16766, -1298.26, -914.82
6.25085, 1906.44, -1703.8
4.62554, -1321.05, -1517.72
4.66964, -1078.91, 1111.94
3.03022, 1696.68, -1837.2
6.4639, -69.7066, -879.945
3.91232, -1177.38, -938.015
7.14264, -1149.8, -472.28
5.37926, 479.603, 1029.45
3.4895, 1649.4, -593.526
5.99081, 1148.39, -1477.19
3.07265, 978.435, -1838.26
4.22945, 560.36, 1511.05
4.15646, -1148.42, -464.036
6.42735, 1653.38, -1876.98
6.65775, 916.031, -422.862
4.21712, -1462.28, 1497.45
4.2603, -533.82, 1785.41
6.38197, 265.837, -1542.17
6.58658, -6.10449, 1368.94
4.26157, -295.681, 578.829
7.09559, -815.38, -573.484
3.2877, 1038, 494.25
5.56029, -950.318, 1155.14
5.54222, -836.919, 1427.69
3.16647, -488.93, -1444.8
3.51409, -1448.21, -994.864
4.79457, -1694.02, 1036.38
3.48759, -982.224, 1795.22
6.77118, -1654.24, 724.399
6.54562, -1515.87, -1326.09
2.80131, -1768.78, 1723.55
6.50584, -1429.57, 1268.43
5.49597, -344.716, -1050.32
7.43182, -1765.11, 508.726
2.65919, -263.352, 1322.17
6.8356, 1808.95, -1448.34
3.69109, 1261.59, 637.796
3.6127, 352.937, 833.521
4.73907, -1828.6, -1112.28
2.61231, 1703.64, -354.25
6.79755, -565.984, -27.4413
4.15902, 438.679, 1130.78
5.72195, 585.114, 580.726
7.43521, -1838.44, -992.264
5.30162, 570.098, -1152.07
4.74553, -1510.37, -493.975
5.213, 303.356, -1438.14
2.90797, 1572.56, -71.8264
3.99606, -1591.88, -505.334
6.63964, 1572.38, 1282.82
6.48936, 1229.63, 1802.29
5.71048, -222.575, 1362.19
4.84105, 1244.27, 741.465
7.15326, -407.24, -1125.8
5.08798, -494.19, -108.784
7.42924, 1587.76, -1006.03
5.94567, -116.416, -1378.77
6.19966, -330.321, -947.667
3.46323, -794.447, -1810.65
6.08881, -914.707, 1208.79
6.11146, 1143.65, -323.21
6.49298, 550.284, 298.951
4.23216, 505.057, -1937.31
5.1481, -48.2105, -196.823
3.19001, 1455.85, -676.276
6.73218, -448.968, -489.808
6.32766, -98.628, -1712.84
7.5, 1789.46, -865.654
4.24891, 965.506, 1938.58
5.50367, -1192.14, 1127.37
3.50808, -985.213, 135.78
6.2385, 82.2571, 321.572
6.49225, 1887.49, 437.855
3.03505, -1397.93, 213.211
5.35813, -1024.11, 87.2884
2.84683, 723.118, -718.528
4.16036, 1395.34, 1379.68
5.80945, 943.994, -1393.08
5.27726, 304.707, -344.078
7.12415, 456.002, -21.489
2.69832, -939.928, 424.905
2.62083, -592.32, 450.513
4.61923, 439.995, -1293.42
4.36987, 930.001, 258.749
2.93303, -442.478, -499.089
3.05403, -284.828, 342.157
5.31992, 710.333, -676.827
7.37269, 44.2134, 1445.05
3.05066, -129.388, -1704.75
5.99352, 199.522, 1895.22
2.79674, -125.662, -1411.01
4.69755, 1664.2, -179.023
5.24651, 1937.48, 1411.52
3.45129, 1355.47, -1474.88
7.36597, 656.724, 635.275
3.19593, -1333.14, -123.918
5.48978, 1790.92, -879.346
7.12812, -1716.86, 1403.76
3.91116, -128.132, 1761.58
6.8307, -324.018, -174.037
6.29598, -397.743, -1175.47
6.10793, 676.626, 1216.54
3.34241, -703.329, 712.867
3.32882, 1604.72, 747.816
3.39076, -1295.39, -1922.64
5.87226, 645.584, -1165.56
4.83484, -660.913, 55.7409
6.85219, -1585.16, -712.499
5.76023, -1334.36, -205.617
5.80464, 1487, 1709.37
2.58037, -1342.46, -1191.2
4.30596, -1524.7, -1331.22
3.72747, 1814.08, 183.002
6.93086, -1809.8, -1838.83
5.23701, 1646.59, 1568.5
6.57209, -98.936, -1272.61
5.24453, 332.381, 1703.47
4.16156, 986.19, -97.7474
4.40213, 11.9523, -1300.97
2.52389, 1813.74, 1272.09
6.95226, -172.413, -797.68
6.16955, -949.736, 1343.69
6.04239, -269.483, 1308.39
5.1278, 151.52, -360.354
6.41065, -351.422, -1588.55
3.42484, -797.157, -893.845
5.72673, 535.294, 953.455
3.42178, -1318.05, -609.051
3.31214, 48.9047, -224.551
2.65594, -366.061, 1679.02
7.42716, 267.836, -1342.1
4.04559, -634.834, -1383.75
4.11075, -1340.16, -576.541
5.51155, 568.814, -430.497
2.89107, -651.001, -1803.13
3.93936, 7.93388, 131.287
5.79307, -303.048, -965.499
7.36348, -1894.55, -709.117
7.27758, -724.62, -1546.36
7.42745, -1303.68, -593.247
7.30478, -1771.78, -1424.2
3.0073, -1061, 1075.48
3.71505, -279.85, -956.517
6.91151, 216.831, -814.209
5.28805, 676.402, 1340.18
6.7669, 1580.32, 1043.06
7.49145, -1051.62, 1089.98
3.99751, -462.385, -953.694
6.33157, 1900.61, 867.697
4.81901, 578.273, -328.093
6.8168, -1280.41, -1536.39
6.99018, 1692.27, -39.1298
7.377, 508.024, -793.474
2.77405, 1227.8, 299.755
6.32605, 1824.3, -1253.68
5.09219, -1828.96, 1470.58
3.46574, 1881.06, -411.996
6.98252, 445.202, -1104.95
6.38492, -1675.58, 198.689
2.75968, 808.155, 1062.06
7.47331, -1632.09, 1500.63
5.93659, -112.549, -879.555
5.94854, 1747.78, 990.782
6.57666, -1323.91, 1611.69
7.05426, -116.541, -949.936
3.34218, -402.848, 753.379
5.24183, -1191.81, 1575.18
6.53351, -1002.14, -483.821
4.17803, 661.157, -1054.12
5.53435, -212.514, 54.9009
6.59602, -1810.05, 671.747
7.3485, 140.67, -474.34
6.29349, 1121.34, 1007.98
3.72113, -294.33, -210.739
5.80589, -1141.57, 778.251
4.21574, -926.638, -399.773
7.27146, 731.706, -771.552
2.60828, 1584.05, 1093.04
4.54979, -1769.02, 1851.75
2.55789, 1147.05, -1354.86
3.04964, 1728.52, 401.294
5.28259, -1624.16, 201.28
4.45466, -12.8052, -495.847
7.20539, 235.088, -368.122
2.55572, 362.435, 734.138
6.22897, -392.118, -908.907
3.84293, 267.19, 269.923
4.27153, -1313.33, -1494.49
3.45835, -889.143, 1254.03
5.14832, 594.457, -287.069
4.39478, -94.0845, -1714.81
3.16407, -22.7226, -1651.22
4.26563, -310.257, -1068.09
4.2497, 1556.84, 1923.59
7.41084, 1232.38, -280.868
5.25961, 284.186, -702.439
4.99918, 81.7401, -1437.39
3.58531, -1661.74, 851.458
4.37311, -503.923, -1251.75
6.78251, -1285.12, -908.02
6.45578, 1600.35, -1050.16
3.9204, -1034.31, 1795.51
5.07645, 872.909, 235.436
6.79238, -528.653, 6.86328
7.07844, -1770.18, -369.111
7.48941, 261.42, 1777.26
6.53177, 295.118, -358.651
5.22718, -1808.12, -329.212
7.3461, 310.796, -1419.34
5.31931, -1160.03, 727.845
4.03031, -888.745, 1292.12
5.41853, 1822.56, 1803.19
2.91197, 120.271, -604.086
5.47382, 682.475, 1200.92
3.31968, -1158.92, -1165.88
6.46527, -1303.45, -934.243
2.95373, 1195.17, 1395.89
6.3072, -984.351, -1361.63
6.83996, -549.6, -10.2096
6.40105, 338.178, -669.773
6.61399, 1823.17, 1833.9
6.70974, 737.764, 1089.25
4.48328, 967.83, 521.737
6.508, -293.516, 336.863
6.56811, 747.989, -81.967
5.43493, -806.935, 187.349
4.64621, 1545.51, -62.9337
2.5002, -72.8143, -880.564
5.31153, -1604.94, 650.714
6.22632, 713.446, 674.173
3.89846, 1822.17, 553.49
2.93406, -1903.89, 1117.31
3.5733, 1707.29, -1741.28
3.93296, -953.903, 1178.41
4.86595, -769.994, 922.219
6.95893, 1677.39, 1641.89
5.91955, 1016.77, -982.885
3.54376, -33.8797, -199.888
6.67533, 1557.08, 0.470488
7.09218, 1818.93, 1768.28
4.48244, -985.567, -1360.15
6.37858, 1096.52, 1064.42
5.68161, -256.655, -184.719
6.64746, 963.21, 509.351
3.40204, 1084.24, -933.157
7.45927, 1098.83, -1472.8
6.70558, -295.624, -1640.15
4.65177, 1743.73, 506.079
4.38589, 1189.71, 1727.16
2.70802, 1258.47, -995.402
6.80715, -1522.83, -1057.88
6.62116, 1786.84, -1781.6
6.25052, 67.5012, 1451.48
3.55801, -338.306, 1899.77
4.31029, -1567.88, -365.881
4.43545, -1189.59, -1533.08
7.32918, 1589.16, 1274.13
6.5872, -282.142, 1334.01
4.5755, -148.494, 882.963
5.83759, 385.509, 312.676
2.52101, 982.768, 1871.87
6.98048, -1442.99, 421.179
3.68416, -712.923, 714.039
3.79415, 695.234, -195.673
5.4939, 761.159, -1394.12
6.89823, -1656.22, 750.238
6.16299, -1136.3, -1162.96
6.0773, 1737.9, 1133.38
3.57724, -1186.03, 965.963
6.30413, 1366.91, -1888.63
3.85351, -374.314, -1038.5
2.75246, 1300.55, 636.773
4.78866, 594.514, 521.429
2.58759, 860.868, -1507
3.01129, 94.1028, -409.235
2.639, -290.51, 571.982
5.65921, -707.918, -1070.72
6.34425, 130.233, -478.687
2.74132, 1075.82, -1645.91
6.6924, -55.7043, -1247.54
6.76899, -493.483, -558.279
6.57649, -974.392, 1151.88
6.85188, 1576.87, 777.158
5.27222, -1240.65, -295.547
6.12646, -520.711, 34.5612
3.20424, -996.875, 1783.08
6.6115, 1159.61, -1020.35
5.51185, 1416.47, -378.531
4.93856, 979.848, -1791.94
6.14942, -553.213, 1784.99
4.05164, 1510.91, -1320.45
3.93925, -1403.24, 677.438
5.45857, -1840.5, 1527.9
5.34055, 1228.47, 1687.79
5.41059, -1855.77, -1117.78
2.84132, -1345.26, 586.37
4.34304, 283.501, -716.334
6.28475, -1876.4, -1117.26
6.35297, -901.674, -1712.21
4.27217, -786.911, -534.767
5.98913, 440.966, 1813.53
5.08005, -1309.66, -607.284
5.94494, 715.146, 299.565
6.18066, -161.53, 1245.03
2.56231, -664.67, -1316.29
7.16549, 1284.08, -307.096
5.37826, 262.525, 216.564
3.05587, 949.048, 1932.37
4.87388, -199.347, 56.8946
3.24247, 480.386, 170.336
4.22594, 98.8681, 877.884
7.04476, -1781.72, 289.63
4.54571, 12.0168, 1068.13
5.96642, -1354.58, -152.458
3.35865, 730.593, -1758.86
6.21715, 1746.27, -988.333
4.16319, -857.467, 1321.46
4.62157, 1282.41, 638.41
2.79523, -336.385, -183.372
5.09005, 551.205, -425.966
5.94425, 917.935, -1140.9
5.01149, -572.147, -30.1086
6.56617, -356.705, -1474.26
3.07974, 185.775, -1819.59
5.24841, 569.695, 927.138
5.06046, 746.842, 39.6967
6.02649, 1866.91, 914.226
5.65083, -508.134, 1751.5
4.0207, -76.8403, -1285.24
6.74719, 805.918, 702.903
3.39619, 1246.85, -59.099
2.61737, -1020.9, -194.801
4.19467, 1396.54, 85.1106
3.43818, 736.192, -253.988
6.60467, -572.179, 321.652
6.72507, -1810.33, -368.842
6.78031, 1674.03, -1394.97
7.37454, -1852.72, 1281.9
2.99587, 864.323, -876.435
2.56182, 1132.64, 1281.3
2.58614, 450.399, 1114.12
2.64527, 456.797, 205.284
4.1031, 296.557, -727.016
6.17815, 1228.52, 589.74
3.14876, 719.556, 928.346
2.5161, -748.769, 981.466
6.91905, 291.081, -1588.3
3.70482, 408.673, -1100
4.38481, -1641.76, 1491.9
4.44879, 1298.64, 249.459
2.81534, 1216.07, 580.742
7.30792, 375.487, 1823.32
3.75349, 1419.82, -701.621
6.85376, -1357.13, -162.489
2.85991, -1790.44, 784.788
2.70653, -1181.06, 1158.21
3.46378, 661.547, -1061.57
3.86708, -603.505, 609.169
7.4007, -1882.72, -715.792
3.60607, 682.25, -1010.95
6.43119, -1734.27, 1676.62
4.42306, 556.908, -820.5
3.78593, 928.507, -1257.8
3.91087, -1814.95, 111.11
7.33834, 1776.85, -109.019
4.22841, 1448.19, 309.822
3.45922, -1894.8, 1458.22
5.05037, -1092.29, -747.144
5.21857, -1084.15, 1232.29
5.72333, -1315.86, -1186.9
3.89738, 14.5324, 1565.54
3.41887, -602.715, -1387.84
2.71579, -1690.82, 737.641
3.98408, -927.543, -480.465
4.25548, -459.796, 266.642
7.09372, -839.871, 1334.85
5.81225, 1000.09, -709.708
5.08041, 1733.03, 1140.42
4.03763, 1180.02, 1128.03
3.0007, -673.153, 292.954
3.47502, 738.102, -1779.43
4.11407, 79.0336, -212.061
5.56182, 1841.04, 181.743
5.13511, 1885.83, -1922.16
3.45653, 609.51, 535.745
4.7178, -1253.25, -882.259
4.48693, -1363.2, 1642.73
6.28051, -1187.89, 1490.8
6.6213, 1455.54, 1205.66
5.51573, 281.084, -748.982
3.04573, 1183.5, -1598.16
4.11797, 947.138, -330.138
5.03403, 35.8898, 620.015
4.76521, -1322.6, 1594.55
4.77315, -350.289, -910.855
4.91125, 1823.51, 1828.3
5.07896, 726.578, -1297.33
4.50207, 367.191, 1593.05
4.22945, 1913.99, 881.721
6.64533, 1812.91, -429.667
3.02204, -1416.61, -1536.05
6.40057, 1085.1, 1057.15
3.19919, -586.34, -468.239
2.62171, -1555.4, -1045.29
6.0664, 789.357, -1402.43
7.15538, 276.422, -1596.04
7.47667, 430.789, 341.996
3.86264, -1759.51, 308.194
3.6923, -1030.99, -509.378
3.87328, 1859.75, 1221.04
5.70836, -1776.79, -1468.82
5.17637, 596.833, 253.944
6.8967, 1601.92, -586.276
6.75968, -1283.64, -1596.18
2.98004, 1684.39, -152.327
4.66818, -1462.01, 469.258
3.17045, -354.604, -1473.72
5.86802, -354.055, 624.486
5.34964, -71.545, -886.855
3.66474, -1140.63, 1150.35
5.50306, 515.752, -1337.17
2.6551, -1547.76, -36.1314
7.08512, 1094.09, -576.565
3.82958, 1706.7, -364.837
6.50016, -348.389, -1052.7
5.46389, 237.091, -1477.16
5.0822, 689.047, 1215.7
5.2567, 727.962, 1216.24
3.47225, 926.371, -463.066
5.36152, 303.185, -1437.79
3.81992, 360.268, 782.352
4.41648, -1553.73, 1060.81
2.73626, -1505.75, -1749.27
4.22823, 1142.96, -1351.43
3.61594, 1276.51, -873.582
3.81264, 25.3634, -1423.41
3.05141, -828.888, -856.441
7.40088, -1379.02, -8.53729
5.93794, 1555.41, 1259.46
5.82158, -1092.17, -735.37
5.99501, -1172.79, -1340.25
2.68746, -1661.46, -1502.03
3.6706, -1285.92, -1505.88
3.95397, 1471.2, 1352.87
3.50543, 18.5928, -411.151
2.7177, 676.571, 607.691
2.56571, -1085.15, 1103.18
6.07297, -1015.93, 1532.18
6.88348, -1709.7, -1203.26
5.35088, -1756.3, 618.865
6.92743, 1711.84, 1674.03
5.20042, -727.85, -544.339
3.31357, 1787.37, -1250.63
3.30492, 1896.63, 880.742
7.19182, 594.732, 539.807
3.45628, 1058.14, -1641.64
3.15761, -14.5049, -234.341
4.41122, -470.732, 35.7922
6.12674, 541.469, -449.014
2.50651, 1097.2, 1702.06
4.60222, 36.7131, 1443.34
5.18984, 528.742, -468.596
4.86596, -464.959, 479.777
6.33003, 1096.66, 1697.18
2.9396, 1081.04, -938.044
7.04284, 291.047, 653.029
3.20818, -1668.05, -814.7
2.54782, 741.302, -78.7867
2.82267, 516.509, 934.979
4.96742, 752.22, 441.025
5.40914, 1042.71, 1927.13
4.03373, -1849.56, 1080.44
4.57091, 1722.79, -103.677
4.33401, -1197.47, -1312.18
3.42687, 303.941, 1303.69
2.76788, 1223.84, 309.94
4.47222, 1036.35, -119.885
3.98388, -686.48, -252.235
5.05388, -779.604, 1620.37
3.75392, -1469.04, 472.325
5.01589, 1837.97, 1832.13
2.51168, 22.2256, 1568.55
7.01807, 1906.68, -885.518
2.79181, -1846.77, -1864.28
5.17506, -1253.29, 1578.52
3.95754, -761.196, 1686.14
7.3023, -1584.67, -518.752
4.73406, 686.025, -215.664
5.08479, 1725.74, 351.691
5.93861, -486.619, 48.1574
2.72187, -318.087, 125.126
7.2946, -1568.45, 1193.93
5.70852, 749.982, 290.171
2.80215, 1186.43, -1507.57
3.33964, 133.394, 528.169
5.76491, 976.726, -450.462
6.19864, -1541.36, 662.421
3.57011, 1669.35, 422.773
4.31441, 284.263, -1642.3
6.56981, -1289.04, 1832.4
5.32057, 1616.02, -917.322
7.45886, -102.65, -1716.15
6.5669, -1525.25, 749.29
3.49157, -1929.98, -38.8149
2.50003, -280.747, -1636.01
4.62608, 1797.26, -1454.26
4.07406, 1655.4, 402.472
5.56218, 1202.26, -1823.83
3.83351, -354.567, -1057.03
4.39881, -1183.3, -140.732
5.43397, 1834.54, 583.506
5.95636, -247.67, -929.764
7.26736, -873.405, -1114
4.89785, -590.246, -1849.21
3.60319, 789.662, -1424.87
5.33741, -1396.16, -938.222
6.09873, 757.951, 695.631
4.4953, -942.285, 1157.59
3.48326, -1377.41, 1900.41
6.66971, -1329.7, -1488.41
5.59561, -902.806, -1703.64
7.26866, -555.042, 363.733
3.23222, 1.67979, -423.882
5.38953, 45.3684, -894.257
7.26796, -845.649, 1399.19
3.62331, 1417.21, -1964.24
7.25137, -975.774, 1585.51
3.07874, 1551.88, -994.456
2.58372, 14.6196, -447.316
3.90465, -672.803, -343.581
7.15042, 1258.37, 301.181
3.04796, 1533.05, 1726.97
6.77266, 19.0886, 1547.8
5.68532, -1419.85, -1439.58
5.63853, 791.684, -1406.73
3.80589, 1439.74, 1388.47
5.13936, -1857.72, 437.796
7.16608, -473.437, 1741.76
3.98055, 1796.07, 235.746
4.78006, 361.512, 813.5
6.35659, -1328.79, -1171.71
4.17193, 265.926, 237.055
6.31775, -87.255, -1745.14
6.65892, -54.2153, 1850.81
2.64618, -1445.85, 1124.16
4.31315, 1405.35, -522.528
4.16221, 538.736, 962.338
3.17675, -1001.91, -471.676
3.00839, -594.431, 1237.17
5.11327, -1178.33, 1586.14
3.52046, 63.0718, -1029.61
5.00728, -1705.5, -1201.29
5.1371, -28.6166, 1901.92
4.13422, -532.243, -586.394
4.75888, 467.277, -839.894
6.85263, -61.5924, 1844.72
4.72884, 1226.28, 1677.88
6.03726, -904.779, -1748.97
6.83171, 1771.22, -1375.38
6.5822, 1666.66, 425.839
2.67504, 1683.08, 1686.91
3.8644, -1264.35, -493.708
5.21858, -832.995, -845.008
3.19942, -1791.17, -1131.14
5.57408, -1479.63, -1806.68
3.29182, -1204.1, -1220.27
4.41129, 210.602, 433.663
5.94997, -193.853, 369.303
3.21128, -808.042, 953.781
5.65284, -1565.34, 1533.47
3.15973, 330.28, 1847.73
7.13583, -1442.76, 438.036
5.53465, -1849.36, 1575.47
5.50388, -1807.52, 739.462
3.33635, 1150.29, -1021.58
3.301, -1693.52, -796.885
5.91628, 1195.16, -46.7882
5.1456, -1369.67, -0.69903
3.65264, -259.063, 1510.48
6.55373, -989.403, -114.533
5.76477, -827.683, -1097.77
4.08597, -1185.89, -1179.22
2.53953, -508.525, -1594.78
3.49176, 1440.55, 1417.75
3.78831, 5.57777, 751.844
3.03825, 1733.18, 75.952
3.49545, 225.364, -834.449
6.75079, 1606.16, -1533.8
6.63912, -1829.53, 405.785
6.76813, -1889.27, -1079.38
5.71027, 598.345, 1546.57
3.6787, 1418.26, -1961.68
6.80638, -1006.74, -1568.68
5.4745, 52.7917, -239.467
2.52745, 1030.09, -109.143
6.84925, -1291.33, -914.942
7.37729, 1270.63, 224.567
5.59653, 735.817, 50.5952
3.85574, -1792.01, 726.537
7.46973, -354.221, -1200.36
4.60751, -1382.48, -1028.03
4.20537, -1570.22, -1212.49
4.80717, 703.355, -212.639
4.44822, 508.156, -813.128
4.613, -64.0473, 1022.37
2.84879, 252.594, 603.125
5.5153, -67.1424, -235.626
7.36114, -100.61, 434.953
5.07406, -1417.74, -1015.81
7.45461, 1851.41, -267.352
5.84906, 1234.7, -254.99
4.01716, -1202.41, 125.369
3.47371, 1682.76, 1165.11
4.0109, -1455.32, -1813.81
4.93946, -682.544, 909.205
4.72438, 1027.53, 1900.76
5.7844, 662.663, -1816.79
3.74227, -1499.04, -1382.34
4.72007, 102.033, 1094
5.75894, -1390.66, 34.1319
6.67472, -1432.38, 463.557
6.03698, 381.885, 1622.99
4.93928, -1693.73, -1248.45
6.72039, 785.178, -447.25
7.00296, -1026.07, -406.106
6.33082, -1325, -1004.67
5.29453, 1303.59, 1757.9
2.70603, -18.8215, 123.401
5.46749, 1111.42, 144.367
2.68674, -1262.83, 1592.05
4.53488, 123.43, 852.397
2.84243, -1902.02, -1739.25
7.38558, -1520.71, -1813.12
2.5956, -971.182, -540.21
6.60363, -334.01, -534.196
5.2195, -749.266, 1679.26
5.72828, 1528.94, -682.824
3.62934, -510.745, 38.2833
2.733, 1732.78, -1432.49
3.63154, 410.469, -1071.82
4.58371, -1268.46, 262.587
6.40126, 517.896, -1238.17
3.72852, -1842.66, 704.81
4.81411, 1258.9, 275.359
6.14756, 1869.49, 576.869
5.35237, -670.449, 1601.5
5.45997, 1828.38, 1821.35
4.98425, -1797.61, 551.256
3.951, 903.047, 297.867
4.71107, -5.18074, -496.624
2.53669, 1678.64, -804.432
7.41683, 974.893, -701.096
2.52822, -1536.82, -390.197
4.8676, -215.947, 1497.05
5.86497, -642.49, -256.299
