6.27803, -1472.53, -1764.03
3.5948, -24.4228, -315.367
5.89648, 699.27, -1652.52
5.09708, -590.56, 1713.36
2.76731, -1781.89, 1252.87
2.53849, 625.864, 98.9385
4.58743, -1514.55, -442.359
7.15218, 330.069, 803.383
2.95982, 11.6887, 1391.58
6.00595, -384.995, 610.092
3.81226, 1108.27, 1616.97
4.14117, 935.444, -1697.9
7.45519, 848.207, 420.956
7.41275, -994.448, -468.16
5.75759, 911.737, 811.181
6.92354, 496.963, -1564.17
6.33247, -365.122, -959.453
3.87453, -931.007, -170.289
4.93259, -1247.55, -684.781
2.80282, 1561.73, 1522.34
5.08146, 0.54108, 1361.87
4.96988, 1760.22, -774.714
7.23882, -1423.45, -994.398
4.42071, -87.779, -1591.75
5.14874, 1605.3, -1001.3
2.75042, 1592.4, -83.4898
6.63909, 1065.77, 1010.46
5.94228, -1652.19, -1381.45
6.18112, 542.125, 1438.44
6.94286, 1806.82, 900.74
4.25508, -723.79, -1026
6.72991, 373.661, 21.1343
3.84659, 1187.51, -284.345
4.83959, 143.773, -412.97
3.2686, -1300.5, -924.975
2.66527, 1181.18, 207.067
7.2768, 1.13221, 161.99
6.95369, 248.484, 890.299
3.29884, 1201.4, 400.983
3.15214, 858.891, -1112.79
2.515, -916.215, -1570.22
6.0491, -1654.3, -372.007
3.40448, -998.017, 1566.42
5.76029, 1509.95, -622.45
4.42907, 796.423, -1357.94
3.23766, 96.1411, -423.36
5.45054, 1116.15, 223.949
3.24076, 319.065, 1690.77
3.2091, -302.515, 1785.91
4.94257, -900.896, 197.592
3.13015, 1570.82, -62.1619
5.64635, -608.483, -1092.56
5.60817, 533.036, -1336.88
4.88216, -1040.32, 1139.82
2.64188, -971.536, -536.084
3.21011, -174.075, 1336.95
3.15594, -421.259, 1627.31
3.31099, -1542.39, 1428.03
3.76529, -469.485, -1525.32
4.77654, 1100.82, -1410.29
6.54472, -156.68, -559.744
3.57624, 581.682, 1498.45
3.75063, 1512.21, 794.597
5.02978, -212.019, 1378.6
6.27922, 1204.62, 332.831
5.66369, 1618.88, -180.778
5.9449, 1167.42, -247.259
7.27207, 1704.08, 934.547
5.18713, -828.401, 1307.3
4.57014, -1369.01, -6.73148
4.70019, 1396.71, 300.609
6.07821, 1386.09, 885.954
6.20858, 650.118, 1098.52
5.12494, 1487.86, -1820.29
6.06711, -1587.38, -185.423
5.91025, 674.268, -36.8816
6.82941, 1615.25, -1124.92
3.19597, 7.52831, 1369.86
3.57766, 1743.23, -240.783
5.0733, -587.929, -332.753
4.83766, -201.811, 1395.95
3.55759, -468.551, 1215.92
5.65244, -1299.49, 1811.71
2.5044, -1781.06, 358.703
4.09589, 819.231, 992.968
5.90281, 642.668, -157.488
6.0446, 1256.84, -1088.25
2.90869, -1524.19, 1201.97
3.56926, 578.516, 890.749
4.44412, -1557.23, -1112.49
4.44927, 1661.88, 1704.98
3.92018, 707.554, -914.579
4.6123, 1062.21, 1003.16
2.55658, -1302.61, -782.491
3.72027, 1749.58, -1311.6
4.49072, -1404.69, 1217.45
6.64177, -1395.12, 391.314
3.78584, 1620.18, -1341.1
3.59705, -1488.52, -961.02
6.47385, 673.284, 548.583
5.8476, 888.939, 758.884
5.49108, -1587.2, 696.729
5.99917, -696.736, -1085.09
5.13062, 1091.58, -1432.86
4.14833, 423.244, 249.726
3.30844, -1486.6, 671.849
6.56633, 1346.74, -12.5662
4.08004, 835.185, 378.576
4.05369, 64.6188, -1404.02
4.65424, 83.8961, 260.564
4.46509, -267.021, -1009.04
4.43916, 32.2453, -327.142
4.34871, -1421.84, -996.397
5.88118, 586.016, -1108.99
6.10384, 701.794, 47.5294
7.20082, -97.0902, 1690.77
5.08573, -174.791, -799.89
5.5282, -267.079, 545.261
5.85049, -1303.37, 1811.66
5.11404, 103.288, -444.798
3.87105, -1766.03, 1253.45
7.08924, 298.756, 581.602
3.73367, 1725.5, -904.81
4.77876, 668.61, 1200.95
3.30374, -1777.6, 1274.69
4.68319, 670.565, 580.423
7.45767, 900.578, 296.355
6.26931, -807.961, 766.203
4.97846, -1728.09, -1216.02
7.01651, -1224.38, -1439.48
4.68213, 975.285, 984.949
5.09239, 282.593, -1768.6
4.44866, 201.948, -1506.75
5.63431, -398.067, -1039.24
5.19331, 648.315, 565.034
4.35955, 1255.14, -902.869
2.54674, -654.466, 659.74
6.3794, 83.6747, -1397.97
2.85317, -1683.07, -1157.13
3.98511, 811.215, -1401.09
4.78581, -45.1944, -1543.76
3.25156, -198.422, 48.9491
5.97819, 1224.3, -816.403
4.15587, 706.085, 282.73
5.21197, 1813.48, -1597.92
2.64678, 1477.7, -1584.56
5.38086, 90.187, -345.131
5.18133, 634.222, 912.045
7.36678, -1449.88, -1700.58
5.57063, -610.232, -1102.98
5.26431, -1410.62, 413.459
6.69051, -462.101, 1625.45
3.75764, -970.878, 1621.06
6.98957, 1136.56, -254.542
5.97428, 1043.94, -940.61
5.82752, -910.973, -121.83
3.06838, -1290.16, -1406.89
3.37987, -1713.63, 219.297
2.91253, -272.164, 331.812
6.68103, -374.078, 597.283
2.64818, 1786.72, -1447.28
6.34719, -96.654, -1678.8
4.29829, -981.649, 1618.97
6.24626, 62.7294, 1033.49
6.28385, 647.986, 616.396
3.60834, -1026.18, -1664.65
5.58305, 566.952, 257.064
3.66846, -975.54, -431.956
6.22052, -1378.04, 465.691
5.80997, -1628.25, -1341.85
4.9209, 1746.97, -1371.52
2.58972, 1571.51, 374.899
4.98291, 830.195, 266.946
5.09587, -20.6509, -1527.42
4.71395, -1594.72, 983.01
4.14528, -68.1072, 1731.32
3.52671, 910.891, -168.189
7.19863, -350.299, -1061.79
2.85168, -948.869, 1689.77
3.30042, 25.1896, -1400.88
6.70788, -1361.27, -0.34717
4.13614, -379.679, -488.806
6.85942, 346.173, 735.539
5.99896, 1261.3, 1007.44
5.52801, 1644.48, -388.855
4.77536, 78.6477, -423.627
2.91543, -933.302, -485.133
3.94883, 25.9749, -300.681
6.51009, -1234.88, -1461.29
6.81821, 759.171, 17.8464
3.81831, 759.504, -958.487
4.79881, -1460.31, -471.391
4.95672, 1068.86, -937.649
5.82344, -913.86, -1788.79
7.31738, -1204.86, -335.7
7.23022, 1023.34, -1400.68
2.81902, 468.867, -1236.65
5.04829, -869.301, -461.159
6.13222, 1329.39, 1307.56
5.65882, 1035.42, -555.558
3.26658, -1723.66, -1810.12
5.09652, -1638.9, 985.907
3.52281, -969.998, 1562.68
6.03231, 722.996, -1588.22
6.05786, -980.776, -134.116
3.66304, -867.04, -397.814
6.80594, 81.2771, -294.682
2.67122, -117.397, 1696.62
6.26587, -1706.28, 208.633
4.14789, 1291.2, 202.998
4.65309, 44.412, -940.644
7.33455, 1675.05, -344.497
4.05803, 1430.43, 1235.55
5.69762, 1751.15, -1405.76
5.95386, 1563.35, -80.0116
5.36403, 67.7489, 1234.7
6.60667, 1759.93, -1440.49
4.21807, -1652.57, -1303.52
5.09387, -1493.1, -1389.24
6.78438, 217.93, -1695.75
6.18587, 630.676, 94.7949
3.45992, -1655.48, 707.041
2.83145, -569.256, 627.224
3.60828, 1709.56, -1300.3
3.33656, 247.295, -421.291
6.31172, 698.568, -1697.35
5.44905, -1622.24, 659.737
4.65223, 1629.16, 1591.11
7.09618, 1228.85, 22.2127
5.09668, 833.934, 262.125
7.38058, -1316.33, -105.988
5.15714, -872.255, 189.45
2.98716, 753.942, 614.347
5.83983, 401.059, 243.469
5.44444, 329.918, -26.3781
5.01137, -1358.34, -52.0878
2.75808, -1663.1, 760.447
2.6753, -503.957, -36.6031
4.41484, -1448.19, -973.038
5.55555, 419.197, 243.391
5.06574, 1132.47, 1626.64
5.98498, 693.145, -19.7439
4.89891, 96.1658, -442.039
3.88323, 102.177, 843.43
6.01685, -860.548, 350.267
3.67701, 1589.32, -1.16787
6.41501, 220.822, -371.318
6.60589, 571.605, 1507.1
3.21842, -955.005, 97.264
5.75757, -971.139, 1529.84
3.87677, 1633.77, -1760
7.26215, -795.226, 1325.26
4.58238, -1442.26, 33.2869
3.03869, -244.244, 722.66
4.70633, -1520.01, 1065.04
6.28811, -765.485, -530.259
2.77803, -717.648, -492.891
3.51241, 19.1044, 197.574
6.82305, 1757.18, -1378.45
6.52456, -558.725, -63.8647
2.78861, -1283.08, -1206.52
4.40304, -98.0126, -1288.52
4.56124, -172.902, 1343.2
2.80071, -672.248, 616.879
7.09746, 1488.27, 1238.29
3.35398, 1108.77, 1656.17
6.51634, -1677.71, 404.284
3.88599, 1314.46, 74.8264
4.44586, 343.092, 1463.5
7.19936, 125.132, 1198.83
6.24573, 330.437, -386.729
3.44774, -714.832, 1449.88
6.89581, 789.304, 925.971
6.8953, 796.007, -1533.43
3.30515, -1488.63, -520.717
5.87346, -1532.85, -412.269
6.89096, 1148.69, 291.35
6.98262, 493.236, 985.194
3.06535, 27.2333, 1397.2
5.93789, -463.616, -446.236
3.21651, -1297.26, -1309.23
3.6901, 679.119, -87.9843
5.64383, 1713.57, -381.905
4.312, 1511.55, 745.012
4.64437, 1168.96, 1356.4
4.91936, -103.612, -1598.63
6.20379, -20.2281, -290.321
3.23098, -661.93, 1541.48
7.36238, -1633.31, -1370.42
7.3158, -1045.36, -428.666
3.14741, -1074.88, 1230.08
5.3784, -539.414, -1122.86
4.66439, 147.396, -351.172
5.50066, -441.161, -519.591
5.85098, -1349.16, -118.131
4.5137, 810.312, 1843.54
6.46691, 1344.76, 1237.13
4.89889, -1745.32, -459.195
5.72449, 702.62, 582.335
4.28836, -546.495, 1213.77
5.96794, -601.081, -431.164
5.83428, -850.276, -1311
3.22071, -871.415, 1332.94
7.10415, -1707.14, 383.142
4.22228, 65.0595, -472.406
6.66824, -781.833, -897.854
2.74349, 608.583, -1353.1
3.27936, -534.126, -14.678
2.55765, 657.251, 889.7
3.94327, 195.312, 1136.38
5.07295, -672.681, -295.512
3.65948, 1307.03, 852.99
2.75022, -554.807, -52.362
5.33091, -1316.21, -1451.79
6.69774, -268.198, 1300.96
4.28763, -1333.23, -930.206
4.3452, 321.741, 1616.43
7.22226, 554.584, -123.033
4.72425, -1704.38, -369.84
6.82086, 819.904, 362.564
5.82654, -1527.7, -1361.91
5.79297, 302.936, 1254.3
7.10736, -1819.8, 1823.45
5.11536, 1751.45, -1283.1
5.45229, 857.967, -874.387
5.79944, 1332.03, 1304.21
4.24765, 566.829, 872.918
4.11714, 629.661, 59.2528
7.08984, -165.156, 1377.79
3.08619, 1785.7, -828.943
7.31268, 1145.48, -260.295
5.17978, 111.221, -431.819
5.81447, 1474.47, 1229.9
5.48362, 1653.08, -950.484
6.93363, -1018.35, -1372.61
6.67999, -1301.96, -1105.01
6.69339, 491.812, 290.942
6.85642, -386.022, 603.389
2.5002, -1557.61, 654.91
4.77274, 620.308, 586.24
4.25696, -1718.71, 415.608
5.80713, -491.626, 1351.02
6.22234, -1702.43, 320.778
3.3821, -374.671, -966.355
7.4621, 1645.19, -1447.43
5.95466, -1726.68, 378.33
6.97862, 337.224, -20.733
3.51579, 578.536, -164.842
7.2356, -908.689, -191.314
4.88476, 1732.16, -896.051
6.78578, 1725.13, -1489.39
6.41237, -1699.91, -1098.51
5.70687, 1714.46, -1700.63
3.14521, -1397.7, 428.898
5.77944, 11.9293, 1417.45
3.09199, 121.259, -24.8512
3.88793, 575.744, 1462.65
6.65548, -494.496, -517.708
6.14153, -1423.63, -989.496
6.74348, -1221, 568.037
3.43989, -1391.04, -1708.36
6.09602, 1057.09, -624.731
4.25586, 287.433, 602.117
3.34555, -821.715, -1279.58
4.52383, 648.535, -1012.47
4.20924, 294.663, 1418.94
6.67141, 627.61, -133.314
3.9111, 1446.76, 1231.46
5.16766, -1289.4, -918.334
6.25085, 1753.64, -1676.19
4.62554, -1178.32, -1469.5
4.66964, -958.952, 1139.04
3.03022, 1678.16, -1832.4
6.4639, -60.2546, -848.553
3.91232, -1344.42, -938.176
7.14264, -1013.32, -469.977
5.37926, 503.551, 991.099
3.4895, 1508.11, -629.286
5.99081, 1066.18, -1388.27
3.07265, 885.176, -1645.25
4.22945, 516.993, 1435.99
4.15646, -1015.86, -470.373
6.42735, 1649.13, -1755.64
6.65775, 894.04, -379.251
4.21712, -1429.4, 1466.07
4.2603, -465.847, 1641.41
6.38197, 204.608, -1492.98
6.58658, 34.2313, 1411.37
4.26157, -384.251, 597.349
7.09559, -788.581, -520.114
3.2877, 954.493, 456.6
5.56029, -954.307, 1236.25
5.54222, -871.572, 1332.13
3.16647, -456.988, -1351.13
3.51409, -1357.36, -1007.39
4.79457, -1599.94, 959.42
3.48759, -962.278, 1655.94
6.77118, -1627.2, 687.594
6.54562, -1471.62, -1280.13
2.80131, -1723.06, 1596.26
6.50584, -1381.9, 1248.56
5.49597, -296.919, -987.609
7.43182, -1740.22, 341.451
2.65919, -147.29, 1363.84
6.8356, 1737.97, -1367.64
3.69109, 1193.22, 580.069
3.6127, 414.95, 708.925
4.73907, -1713.36, -1115.63
2.61231, 1717.67, -375.11
6.79755, -437.083, -63.7693
4.15902, 505.986, 980.376
5.72195, 658.684, 595.138
7.43521, -1706.35, -1111.82
5.30162, 593.903, -1086.66
4.74553, -1540.56, -426.225
5.213, 255.403, -1353.64
2.90797, 1558.68, -38.1598
3.99606, -1514.88, -471.488
6.63964, 1483.74, 1182.02
6.48936, 1174.95, 1637.23
5.71048, -196.609, 1303.93
4.84105, 1203.42, 662.631
7.15326, -323.029, -972.578
5.08798, -530.08, -11.3373
7.42924, 1582.72, -986.653
5.94567, -51.6488, -1321.98
6.19966, -362.606, -980.637
3.46323, -821.042, -1687.79
6.08881, -922.247, 1197.21
6.11146, 1158.7, -257.301
6.49298, 581.716, 287.608
4.23216, 493.962, -1824.16
5.1481, 66.5144, -360.045
3.19001, 1485.93, -671.565
6.73218, -453.594, -518.032
6.32766, -31.5861, -1545.67
7.5, 1691.92, -863.892
4.24891, 983.992, 1803.97
5.50367, -1061.86, 1103.56
3.50808, -974.772, 54.0626
6.2385, 76.6406, 256.055
6.49225, 1746.33, 453.508
3.03505, -1368.55, 204.563
5.35813, -952.677, 60.7256
2.84683, 695.057, -729.419
4.16036, 1326.22, 1293.82
5.80945, 869.507, -1348.33
5.27726, 225.571, -373.468
7.12415, 450.436, -13.5068
2.69832, -858.309, 340.578
2.62083, -525.91, 376.429
4.61923, 498.574, -1239.27
4.36987, 812.949, 362.048
2.93303, -468.37, -439.551
3.05403, -268.969, 326.749
5.31992, 681.449, -737.527
7.37269, 31.1544, 1381.11
3.05066, -39.7445, -1547.36
5.99352, 209.228, 1755.68
2.79674, -135.431, -1314.58
4.69755, 1577.4, -84.2189
5.24651, 1842.25, 1371.31
3.45129, 1299.18, -1422.16
7.36597, 687.14, 583.583
3.19593, -1251.32, -172.735
5.48978, 1610.23, -914.869
7.12812, -1654.17, 1402.48
3.91116, -85.0595, 1708.86
6.8307, -304.445, -176.533
6.29598, -392.507, -1060.81
6.10793, 697.106, 1139.04
3.34241, -664.916, 659.394
3.32882, 1513.44, 741.281
3.39076, -1298.84, -1805.33
5.87226, 592.294, -1083.43
4.83484, -492.688, -46.1083
6.85219, -1508.91, -709.225
5.76023, -1341.91, -104.057
5.80464, 1496.05, 1632.48
2.58037, -1293.65, -1116.67
4.30596, -1480.82, -1277.17
3.72747, 1693.13, 196.684
6.93086, -1753.53, -1730.38
5.23701, 1629.09, 1596.1
6.57209, -63.4168, -1261.86
5.24453, 328.511, 1649.5
4.16156, 951.103, -141.242
4.40213, -85.9203, -1251.63
2.52389, 1729.27, 1179.21
6.95226, -175.913, -821.036
6.16955, -860.375, 1239.31
6.04239, -215.988, 1375.14
5.1278, 151.878, -414.91
6.41065, -262.743, -1520.33
3.42484, -818.996, -866.472
5.72673, 548.151, 892.279
3.42178, -1233.99, -516.961
3.31214, 1.80289, -177.909
2.65594, -413.471, 1653.94
7.42716, 279.649, -1404.8
4.04559, -574.904, -1289.92
4.11075, -1217.9, -532.21
5.51155, 513.959, -425.386
2.89107, -617.692, -1726.17
3.93936, -4.56825, 125.069
5.79307, -360.899, -984.658
7.36348, -1737.91, -732.518
7.27758, -722.388, -1453.82
7.42745, -1235.98, -525.374
7.30478, -1652.95, -1311.03
3.0073, -962.59, 1216.63
3.71505, -277.831, -1022.9
6.91151, 226.607, -695.972
5.28805, 645.024, 1154.2
6.7669, 1542.79, 1088.47
7.49145, -1030.64, 1149.18
3.99751, -266.316, -1023.83
6.33157, 1844.2, 786.147
4.81901, 572.362, -349.884
6.8168, -1252.6, -1477.54
6.99018, 1613.96, -124.322
7.377, 482.834, -834.51
2.77405, 1111.41, 340.363
6.32605, 1743.46, -1315.24
5.09219, -1755.3, 1468.43
3.46574, 1821.05, -298.437
6.98252, 442.805, -1086.43
6.38492, -1595.99, 209.768
2.75968, 740.979, 1030.24
7.47331, -1596.57, 1461.09
5.93659, -205.787, -737.643
5.94854, 1692.76, 979.187
6.57666, -1298.28, 1511.66
7.05426, -180.492, -951.191
3.34218, -355.685, 579.773
5.24183, -1117.68, 1510.99
6.53351, -1071.02, -516.411
4.17803, 630.312, -992.05
5.53435, -205.286, 35.0507
6.59602, -1686.19, 671.147
7.3485, 52.536, -380.428
6.29349, 1023.49, 1119.46
3.72113, -342.439, -185.889
5.80589, -1155.8, 703.045
4.21574, -1036.02, -481.13
7.27146, 688.042, -692.771
2.60828, 1515.99, 1036.86
4.54979, -1740.11, 1770.63
2.55789, 1064.15, -1400.84
3.04964, 1709.73, 391.047
5.28259, -1618.99, 243.799
4.45466, 86.3429, -422.434
7.20539, 230.041, -307.106
2.55572, 396.765, 821.981
6.22897, -301.453, -1004.57
3.84293, 350.327, 248.097
4.27153, -1203.07, -1454.22
3.45835, -868.81, 1336.79
5.14832, 634.637, -239.288
4.39478, -98.4068, -1596.09
3.16407, -103.313, -1691.05
4.26563, -335.771, -879.22
4.2497, 1537.2, 1825.88
7.41084, 1167.4, -219.493
5.25961, 251.712, -664.157
4.99918, 28.8326, -1429.88
3.58531, -1667.05, 650.039
4.37311, -449.471, -1098.14
6.78251, -1295.74, -915.766
6.45578, 1586.76, -928.793
3.9204, -1021.88, 1643.75
5.07645, 861.507, 314.913
6.79238, -476.87, 42.7543
7.07844, -1656.35, -411.972
7.48941, 334.489, 1683.42
6.53177, 215.012, -367.266
5.22718, -1668.39, -286.236
7.3461, 298.499, -1365.39
5.31931, -1119.84, 750.75
4.03031, -868.889, 1277.68
5.41853, 1769.73, 1736.54
2.91197, 92.5182, -427.528
5.47382, 696.901, 1127.79
3.31968, -1175.39, -1172.94
6.46527, -1224.57, -1042.74
2.95373, 1222.09, 1313.11
6.3072, -959.491, -1339.18
6.83996, -518.08, -35.5206
6.40105, 226.393, -681.046
6.61399, 1695.96, 1649.19
6.70974, 708.765, 1091.71
4.48328, 825.848, 411.528
6.508, -248.809, 306.629
6.56811, 644.944, -45.0711
5.43493, -786.754, 157.881
4.64621, 1546.14, -24.5616
2.5002, -62.6203, -852.443
5.31153, -1560.48, 653.391
6.22632, 674.064, 626.516
3.89846, 1707.11, 515.454
2.93406, -1766.93, 1068.79
3.5733, 1749.39, -1692.68
3.93296, -957.869, 1152.8
4.86595, -758.82, 936.543
6.95893, 1702.71, 1650.14
5.91955, 993.651, -951.3
3.54376, 26.197, -373.284
6.67533, 1493.26, -66.817
7.09218, 1801.36, 1804.98
4.48244, -1033.32, -1333.23
6.37858, 1088.31, 996.601
5.68161, -216.071, -203.055
6.64746, 937.303, 469.653
3.40204, 981.283, -939.091
7.45927, 1090.61, -1402.91
6.70558, -273.848, -1520.06
4.65177, 1677.06, 450.851
4.38589, 1108.38, 1586.11
2.70802, 1109.57, -987.115
6.80715, -1375.53, -984.595
6.62116, 1759.5, -1670.86
6.25052, -39.2969, 1404.35
3.55801, -369.279, 1742.38
4.31029, -1480.06, -412.435
4.43545, -1272.39, -1422.18
7.32918, 1482.51, 1187.07
6.5872, -192.932, 1393.79
4.5755, -115.139, 852
5.83759, 373.326, 230.156
2.52101, 1034.57, 1789.56
6.98048, -1405, 390.564
3.68416, -672.457, 681.357
3.79415, 652.353, -344.641
5.4939, 750.615, -1301.58
6.89823, -1632.04, 673.991
6.16299, -1199.3, -1162.45
6.0773, 1599.04, 1137.98
3.57724, -1124.72, 980.188
6.30413, 1385.5, -1843.83
3.85351, -358.479, -963.107
2.75246, 1181.24, 587.147
4.78866, 643.364, 606.451
2.58759, 799.505, -1363.81
3.01129, 126.373, -431.29
2.639, -362.416, 598.316
5.65921, -705.061, -1023.68
6.34425, 55.1266, -414.727
2.74132, 1069.23, -1537.25
6.6924, -70.4554, -1237.56
6.76899, -419.464, -464.915
6.57649, -1000.93, 1165.37
6.85188, 1560.39, 705.499
5.27222, -1183.97, -341.912
6.12646, -466.585, -80.865
3.20424, -1016.16, 1590.45
6.6115, 1146.94, -968.773
5.51185, 1314.41, -344.082
4.93856, 944.495, -1697.32
6.14942, -450.478, 1657.84
4.05164, 1507.01, -1285.75
3.93925, -1421.03, 612.43
5.45857, -1758.07, 1448.58
5.34055, 1094.52, 1604.11
5.41059, -1711.66, -1082.93
2.84132, -1380.77, 541.751
4.34304, 269.504, -698.083
6.28475, -1647.26, -1142.95
6.35297, -890.609, -1641.12
4.27217, -880.688, -464.261
5.98913, 324.05, 1652.2
5.08005, -1243.43, -540.765
5.94494, 724.562, 291.732
6.18066, -168.717, 1296.53
2.56231, -622.828, -1266.14
7.16549, 1167.71, -172.606
5.37826, 359.43, 208.555
3.05587, 981.736, 1806.21
4.87388, -188.468, 8.16589
3.24247, 551.617, 149.981
4.22594, 187.036, 867.67
7.04476, -1756.23, 422.782
4.54571, 79.559, 1026.99
5.96642, -1231.3, -183.319
3.35865, 787.727, -1577.79
6.21715, 1646.86, -944.564
4.16319, -888.544, 1354.29
4.62157, 1190.34, 526.655
2.79523, -287.927, -203.806
5.09005, 475.213, -360.676
5.94425, 843.022, -1081.67
5.01149, -519.771, -28.1263
6.56617, -362.081, -1410.64
3.07974, 226.59, -1747.55
5.24841, 494.962, 994.435
5.06046, 699.581, 35.2607
6.02649, 1795.85, 918.344
5.65083, -548.9, 1681.91
4.0207, -86.1833, -1310.03
6.74719, 681.729, 562.228
3.39619, 1197.23, -43.3652
2.61737, -935.065, -129.154
4.19467, 1340.78, 67.2985
3.43818, 749.969, -260.408
6.60467, -520.217, 333.753
6.72507, -1626.94, -400.285
6.78031, 1726.55, -1365.56
7.37454, -1754.91, 1245.36
2.99587, 803.315, -855.958
2.56182, 1140.22, 1216.36
2.58614, 494.23, 967.583
2.64527, 404.149, 312.56
4.1031, 292.994, -709.299
6.17815, 1169.98, 594.475
3.14876, 612.073, 885.806
2.5161, -750.503, 893.179
6.91905, 242.365, -1421.85
3.70482, 433.972, -1050.35
4.38481, -1602.92, 1446.97
4.44879, 1168.78, 286.201
2.81534, 1202.06, 614.649
7.30792, 312.643, 1685.62
3.75349, 1405.28, -680.937
6.85376, -1252.34, -188.886
2.85991, -1697.28, 601.307
2.70653, -1012.39, 1131.79
3.46378, 677.885, -994.427
3.86708, -599.541, 598.716
7.4007, -1806.66, -683.038
3.60607, 642.8, -981.763
6.43119, -1680.08, 1610.22
4.42306, 482.279, -717.308
3.78593, 863.984, -1230.54
3.91087, -1742.5, 216.428
7.33834, 1727.34, -70.2233
4.22841, 1345.27, 291.583
3.45922, -1710.12, 1397.64
5.05037, -1085.14, -705.668
5.21857, -986.209, 1118.1
5.72333, -1304.29, -1132.98
3.89738, 27.0763, 1399.45
3.41887, -621.122, -1250.01
2.71579, -1664.24, 656.472
3.98408, -862.923, -460.692
4.25548, -458.539, 239.822
7.09372, -900.162, 1294.99
5.81225, 973.691, -671.923
5.08041, 1609.83, 1089.83
4.03763, 1076.75, 967.732
3.0007, -599.113, 261.684
3.47502, 743.449, -1681.67
4.11407, -49.4186, -254.541
5.56182, 1682.21, 168.035
5.13511, 1810.52, -1826.24
3.45653, 625.903, 556.395
4.7178, -1313.1, -920.509
4.48693, -1241.5, 1573.28
6.28051, -1156.53, 1537.96
6.6213, 1419.33, 1208.54
5.51573, 236.639, -668.492
3.04573, 1092.91, -1451.45
4.11797, 893.618, -343.911
5.03403, 77.3109, 587.89
4.76521, -1246.15, 1539.22
4.77315, -277.983, -893.699
4.91125, 1735.02, 1726.45
5.07896, 735.374, -1311.82
4.50207, 321.529, 1597.16
4.22945, 1828.93, 786.601
6.64533, 1698.86, -392.339
3.02204, -1279.39, -1448.71
6.40057, 1067.87, 1002.69
3.19919, -564.923, -448.015
2.62171, -1443, -982.955
6.0664, 740.113, -1335.46
7.15538, 206.612, -1479.63
7.47667, 487.632, 283.732
3.86264, -1752.7, 297.026
3.6923, -996.71, -474.375
3.87328, 1706.19, 1191.64
5.70836, -1658.54, -1301.53
5.17637, 576.151, 303.03
6.8967, 1538.1, -587.522
6.75968, -1343.66, -1411.39
2.98004, 1587.11, -81.383
4.66818, -1406.44, 422.797
3.17045, -289.225, -1420.13
5.86802, -331.16, 592.994
5.34964, -82.2907, -836.939
3.66474, -963.791, 1132.56
5.50306, 464.429, -1243.27
2.6551, -1390.61, 21.1729
7.08512, 1054.66, -558.274
3.82958, 1679.88, -423.472
6.50016, -323.076, -973.151
5.46389, 224.983, -1476.52
5.0822, 670.103, 1071.87
5.2567, 715.863, 1117.61
3.47225, 929.793, -435.247
5.36152, 282.691, -1408.02
3.81992, 392.716, 812.376
4.41648, -1562.87, 1001.63
2.73626, -1447.94, -1707.52
4.22823, 1054.98, -1401.43
3.61594, 1222.37, -818.352
3.81264, 54.8664, -1442.5
3.05141, -756.664, -902.114
7.40088, -1367.79, -45.1921
5.93794, 1550.05, 1251.3
5.82158, -1083.76, -699.458
5.99501, -1177.12, -1290.38
2.68746, -1634.82, -1371.78
3.6706, -1291.39, -1469.39
3.95397, 1414.11, 1265.15
3.50543, 79.4047, -395.524
2.7177, 675.568, 589.095
2.56571, -1015.25, 1140.4
6.07297, -995.184, 1525.01
6.88348, -1653.88, -1145.83
5.35088, -1596.17, 696.628
6.92743, 1644.42, 1635.68
5.20042, -804.185, -523.701
3.31357, 1658.74, -1344.02
3.30492, 1786.26, 916.124
7.19182, 640.817, 464.429
3.45628, 1005.13, -1529.86
3.15761, -8.87005, -292.283
4.41122, -525.978, 129.695
6.12674, 568.885, -320.888
2.50651, 1131.94, 1623.68
4.60222, -3.65136, 1395.83
5.18984, 484.585, -361.67
4.86596, -436.256, 454.091
6.33003, 1132.24, 1627.18
2.9396, 992.681, -919.052
7.04284, 300.366, 601.86
3.20818, -1567.66, -813.102
2.54782, 715.354, 49.3931
2.82267, 501.35, 875.898
4.96742, 724.065, 442.939
5.40914, 981.086, 1820.43
4.03373, -1753.59, 1079.2
4.57091, 1581.73, -66.3042
4.33401, -1215.26, -1221.88
3.42687, 334.18, 1257.33
2.76788, 1294.6, 202.783
4.47222, 984.794, -95.1796
3.98388, -630.626, -340.803
5.05388, -749.533, 1597.71
3.75392, -1370.51, 391.679
5.01589, 1725.94, 1736.27
2.51168, 26.584, 1521.12
7.01807, 1717.76, -908.144
2.79181, -1774.76, -1771.47
5.17506, -1142.48, 1519.83
3.95754, -745.759, 1582.74
7.3023, -1509.31, -446.896
4.73406, 649.356, -161.959
5.08479, 1568.34, 409.159
5.93861, -448.878, -84.2494
2.72187, -310.536, 69.3595
7.2946, -1513.46, 1156.44
5.70852, 699.786, 270.633
2.80215, 1112.05, -1403.52
3.33964, 210.909, 514.265
5.76491, 884.922, -395.185
6.19864, -1544.09, 688.258
3.57011, 1592.42, 406.466
4.31441, 272.241, -1422.13
6.56981, -1282.32, 1771.34
5.32057, 1565.02, -969.098
7.45886, -38.3129, -1549.32
6.5669, -1596.37, 668.024
3.49157, -1816.38, -24.5364
2.50003, -273.435, -1477.37
4.62608, 1684.14, -1448.48
4.07406, 1617.78, 384.929
5.56218, 1177.63, -1737.26
3.83351, -350.633, -1046.25
4.39881, -1185.65, -179.89
5.43397, 1717.84, 533.074
5.95636, -310.123, -981.75
7.26736, -757.696, -1035.6
4.89785, -609.314, -1726.47
3.60319, 748.662, -1299.18
5.33741, -1275.22, -966.795
6.09873, 625.279, 555.423
4.4953, -926.434, 1183.3
3.48326, -1308.79, 1801.87
6.66971, -1242.74, -1413.73
5.59561, -895.019, -1634.32
7.26866, -533.229, 285.781
3.23222, 78.2104, -399.11
5.38953, -49.3999, -846.037
7.26796, -848.209, 1331.96
3.62331, 1379.85, -1885.1
7.25137, -946.722, 1490.73
3.07874, 1638.7, -914.941
2.58372, 2.28705, -251.738
3.90465, -687.922, -298.431
7.15042, 1263.38, 212.447
3.04796, 1465.04, 1638.8
6.77266, 30.7561, 1324.6
5.68532, -1295.79, -1415.48
5.63853, 796.223, -1339.01
3.80589, 1416.31, 1272.09
5.13936, -1659.67, 386.322
7.16608, -481.257, 1677.27
3.98055, 1723.18, 221.496
4.78006, 413.739, 711.339
6.35659, -1284.67, -1150.73
4.17193, 347.672, 221.026
6.31775, -101.709, -1499.12
6.65892, -109.572, 1690.9
2.64618, -1442.5, 1104.06
4.31315, 1355.28, -497.846
4.16221, 536.656, 877.246
3.17675, -949.004, -405.463
3.00839, -529.943, 1212.89
5.11327, -1191.44, 1477.55
3.52046, 69.2124, -989.487
5.00728, -1615.65, -1160.67
5.1371, -114.901, 1759.91
4.13422, -479.493, -447.871
4.75888, 471.974, -746.794
6.85263, -26.5445, 1744.17
4.72884, 1136.82, 1624.39
6.03726, -938.728, -1568.83
6.83171, 1754.73, -1316.1
6.5822, 1648.65, 392.244
2.67504, 1648.38, 1618.44
3.8644, -1214.15, -544.979
5.21858, -773.427, -856.579
3.19942, -1727.52, -1074.88
5.57408, -1489.22, -1674.38
3.29182, -1063.58, -1189.21
4.41129, 239.764, 417.988
5.94997, -214.388, 340.114
3.21128, -748.169, 918.388
5.65284, -1572.74, 1418.54
3.15973, 350.126, 1651
7.13583, -1419.56, 415.405
5.53465, -1749.91, 1483.15
5.50388, -1632.14, 673.093
3.33635, 1151.46, -963.615
3.301, -1558.29, -831.342
5.91628, 1170.46, -46.677
5.1456, -1341.83, -136.896
3.65264, -168.169, 1386.85
6.55373, -947.057, -150.564
5.76477, -810.847, -1069.82
4.08597, -1235.99, -1144.79
2.53953, -510.542, -1512.28
3.49176, 1431.97, 1214.96
3.78831, 53.3444, 729.133
3.03825, 1630.19, 1.42926
3.49545, 261.934, -711.977
6.75079, 1576.44, -1492.51
6.63912, -1705.17, 384.855
6.76813, -1699.39, -1077.84
5.71027, 582.919, 1513.44
3.6787, 1377.33, -1889.02
6.80638, -1012.64, -1465.39
5.4745, -16.4358, -268.177
2.52745, 959.119, -104.438
6.84925, -1298.23, -919.845
7.37729, 1170.09, 306.954
5.59653, 677.261, 22.4101
3.85574, -1664.45, 645.042
7.46973, -437.05, -1065.23
4.60751, -1273.5, -932.089
4.20537, -1538.58, -1169.08
4.80717, 659.223, -172.171
4.44822, 494.82, -771.791
4.613, 23.3995, 1013.44
2.84879, 311.37, 590.643
5.5153, 21.4528, -316.481
7.36114, -105.716, 380.321
5.07406, -1439.94, -1013.9
7.45461, 1693.18, -276.264
5.84906, 1226.33, -367.723
4.01716, -1186.35, 90.0085
3.47371, 1621.57, 1177.99
4.0109, -1426.6, -1572.07
4.93946, -723.862, 892.007
4.72438, 990.587, 1854.71
5.7844, 721.342, -1715.92
3.74227, -1424.47, -1405.82
4.72007, 67.647, 1035.53
5.75894, -1345.41, -128.742
6.67472, -1366.9, 566.834
6.03698, 332.694, 1555.76
4.93928, -1663.87, -1138.39
6.72039, 758.295, -385.054
7.00296, -1023.57, -451.225
6.33082, -1344.2, -947.86
5.29453, 1309.09, 1772.11
2.70603, -7.01459, 177.73
5.46749, 1084.35, 177.593
2.68674, -1152.76, 1488.47
4.53488, 165.035, 822.591
2.84243, -1797.42, -1696.49
7.38558, -1409.44, -1754.34
2.5956, -955.667, -537.522
6.60363, -342.276, -498.359
5.2195, -764.237, 1535.04
5.72828, 1433.34, -639.572
3.62934, -570.136, -51.4769
2.733, 1712.69, -1295.17
3.63154, 468.422, -1065.08
4.58371, -1274.51, 249.318
6.40126, 485.534, -1206.68
3.72852, -1610.51, 717.261
4.81411, 1160, 297.595
6.14756, 1759.55, 547.04
5.35237, -721.785, 1531.2
5.45997, 1795.06, 1726.41
4.98425, -1626.14, 522.577
3.951, 815.366, 318.663
4.71107, 102.352, -423.173
2.53669, 1631.88, -845.191
7.41683, 947.261, -666.906
2.52822, -1497.55, -434.701
4.8676, -185.457, 1360.53
5.86497, -627.267, -296.559
