6.27803, -1455.08, -1833.94
3.5948, 7.02914, -243.325
5.89648, 723.048, -1708.46
5.09708, -587.94, 1766.31
2.76731, -1865.17, 1268.59
2.53849, 630.161, 102.091
4.58743, -1554.14, -462.55
7.15218, 338.618, 800.615
2.95982, 24.9311, 1424.87
6.00595, -369.393, 607.265
3.81226, 1077.47, 1594.64
4.14117, 941.354, -1754.31
7.45519, 902.513, 465.556
7.41275, -1016.91, -451.331
5.75759, 948.499, 841.284
6.92354, 506.915, -1615.01
6.33247, -355.667, -982.857
3.87453, -933.921, -129.25
4.93259, -1280.2, -648.531
2.80282, 1579.95, 1527.4
5.08146, 35.195, 1493.7
4.96988, 1825.51, -753.538
7.23882, -1533.05, -949.103
4.42071, -93.7702, -1651.84
5.14874, 1599.96, -1015.81
2.75042, 1622.52, -96.4163
6.63909, 1095.1, 1020.83
5.94228, -1731.96, -1425.02
6.18112, 519.162, 1444.42
6.94286, 1842.71, 903.375
4.25508, -714.066, -1010.38
6.72991, 371.002, 36.8629
3.84659, 1170.7, -242.298
4.83959, 155.346, -383.154
3.2686, -1297.17, -923.246
2.66527, 1221.75, 224.234
7.2768, -20.5974, 178.119
6.95369, 238.994, 927.642
3.29884, 1259.1, 438.943
3.15214, 851.727, -1106.45
2.515, -932.639, -1593.85
6.0491, -1717.59, -393.486
3.40448, -982.814, 1620.87
5.76029, 1535.1, -652.444
4.42907, 816.659, -1384.18
3.23766, 35.2727, -489.464
5.45054, 1190.98, 281.21
3.24076, 325.382, 1733.56
3.2091, -317.035, 1849.31
4.94257, -918.114, 208.294
3.13015, 1647.45, -118.875
5.64635, -647.531, -1120.19
5.60817, 547.379, -1392.68
4.88216, -1000.51, 1154.7
2.64188, -998.359, -543.796
3.21011, -229.409, 1476.47
3.15594, -401.603, 1677.52
3.31099, -1610.56, 1471.51
3.76529, -507.049, -1582.01
4.77654, 1065.32, -1408.02
6.54472, -168.668, -574.68
3.57624, 588.212, 1596.99
3.75063, 1550.31, 785.694
5.02978, -165.676, 1406.47
6.27922, 1204.66, 313.941
5.66369, 1649.28, -97.8728
5.9449, 1197.78, -246.719
7.27207, 1791.05, 919.488
5.18713, -834.588, 1359.87
4.57014, -1438.22, 26.2073
4.70019, 1453.8, 314.596
6.07821, 1418.05, 897.047
6.20858, 707.958, 1118.92
5.12494, 1506.6, -1857.73
6.06711, -1640.3, -170.912
5.91025, 641.363, -56.3672
6.82941, 1632.07, -1151.85
3.19597, 67.668, 1437.91
3.57766, 1807.82, -253.309
5.0733, -644.593, -302.137
4.83766, -158.09, 1410.05
3.55759, -472.272, 1212.99
5.65244, -1325.6, 1873.78
2.5044, -1788.69, 403.576
4.09589, 854.62, 1029.29
5.90281, 671.969, -210.267
6.0446, 1287.94, -1119.96
2.90869, -1559.84, 1245.19
3.56926, 525.784, 912.285
4.44412, -1594.11, -1118.19
4.44927, 1717.29, 1761.62
3.92018, 727.725, -914.088
4.6123, 1131.91, 1012.09
2.55658, -1312.64, -833.271
3.72027, 1795.12, -1264.85
4.49072, -1421.03, 1239.33
6.64177, -1340.26, 392.468
3.78584, 1793.72, -1408.69
3.59705, -1516.47, -963.191
6.47385, 721.06, 527.314
5.8476, 930.354, 765.96
5.49108, -1730.3, 684.207
5.99917, -701.356, -1076.26
5.13062, 1113.21, -1448.96
4.14833, 399.657, 228.161
3.30844, -1458.08, 724.399
6.56633, 1380.28, -29.4855
4.08004, 867.825, 297.232
4.05369, 34.0085, -1419.18
4.65424, 60.0443, 261.25
4.46509, -390.946, -948.041
4.43916, 0.184016, -336.93
4.34871, -1533.21, -990.785
5.88118, 621.896, -1071.25
6.10384, 792.408, 61.9517
7.20082, -118.674, 1732.82
5.08573, -165.05, -752.399
5.5282, -288.766, 593.118
5.85049, -1346.49, 1858.29
5.11404, 117.545, -527.827
3.87105, -1809.84, 1253.18
7.08924, 255.664, 563.636
3.73367, 1816.53, -887.972
4.77876, 669.896, 1261.17
3.30374, -1817.8, 1288.9
4.68319, 770.309, 651.512
7.45767, 861.645, 349.027
6.26931, -833.446, 771.518
4.97846, -1822.56, -1253.53
7.01651, -1276.26, -1484.32
4.68213, 972.991, 1029.94
5.09239, 303.838, -1841.24
4.44866, 187.359, -1596.22
5.63431, -376.635, -1145.68
5.19331, 703.882, 662.111
4.35955, 1274.98, -889.692
2.54674, -700.149, 693.845
6.3794, 68.4133, -1456.44
2.85317, -1729.43, -1166.74
3.98511, 809.792, -1392.88
4.78581, -49.4727, -1621.28
3.25156, -208.331, 32.9424
5.97819, 1256.12, -839.042
4.15587, 739.695, 277.309
5.21197, 1874.08, -1640.63
2.64678, 1472.15, -1683.62
5.38086, 64.417, -362.135
5.18133, 682.346, 917.714
7.36678, -1456.69, -1729.42
5.57063, -619.444, -1159.89
5.26431, -1456.56, 444.113
6.69051, -496.977, 1711.24
3.75764, -989.431, 1700.72
6.98957, 1208.14, -261.652
5.97428, 1035.35, -956.874
5.82752, -926.749, -121.613
3.06838, -1230.52, -1514.49
3.37987, -1789.34, 204.707
2.91253, -288.027, 329.486
6.68103, -420.254, 660.618
2.64818, 1858.43, -1506
6.34719, -70.1568, -1650.92
4.29829, -1011.12, 1670.76
6.24626, 61.8917, 1020.83
6.28385, 647.751, 611.404
3.60834, -1044.97, -1731.41
5.58305, 583.089, 305.375
3.66846, -1030.87, -463.313
6.22052, -1385.96, 521.017
5.80997, -1703.45, -1315.95
4.9209, 1790.41, -1405.33
2.58972, 1606.72, 366.875
4.98291, 902.317, 304.805
5.09587, -79.9053, -1675.01
4.71395, -1638.12, 1006.96
4.14528, -35.3908, 1824.18
3.52671, 929.965, -187.636
7.19863, -417.927, -1141.2
2.85168, -956.818, 1762.55
3.30042, 58.175, -1466.83
6.70788, -1435.38, 30.3089
4.13614, -327.867, -511.227
6.85942, 344.955, 790.842
5.99896, 1291.11, 1016.42
5.52801, 1695.91, -375.193
4.77536, 107.644, -435.435
2.91543, -914.949, -472.602
3.94883, -7.81086, -231.791
6.51009, -1170.95, -1511.91
6.81821, 750.821, 33.123
3.81831, 791.62, -981.381
4.79881, -1543.86, -510.842
4.95672, 1152.41, -997.982
5.82344, -921.187, -1857.91
7.31738, -1215.84, -349.945
7.23022, 1095.01, -1441.79
2.81902, 456.93, -1272.68
5.04829, -884.667, -524.407
6.13222, 1327.57, 1289.67
5.65882, 1098.35, -589.388
3.26658, -1764.08, -1834.08
5.09652, -1688.06, 1012.07
3.52281, -1034.58, 1615.94
6.03231, 767.166, -1635.13
6.05786, -973.061, -153.486
3.66304, -932.91, -415.089
6.80594, -10.7959, -231.939
2.67122, -168.06, 1776.9
6.26587, -1790.13, 184.654
4.14789, 1267.38, 226.898
4.65309, 71.9405, -996.243
7.33455, 1712.98, -406.953
4.05803, 1458.31, 1329.02
5.69762, 1760.96, -1396.96
5.95386, 1649.35, -117.57
5.36403, 74.2737, 1239.87
6.60667, 1807.91, -1462.08
4.21807, -1712.89, -1355.44
5.09387, -1560.73, -1421.53
6.78438, 218.655, -1775.77
6.18587, 667.366, 64.5125
3.45992, -1683.67, 712.164
2.83145, -599.895, 616.693
3.60828, 1775.14, -1358.08
3.33656, 236.907, -363.433
6.31172, 721.558, -1769.88
5.44905, -1622.37, 702.626
4.65223, 1656.92, 1643.27
7.09618, 1261.19, 24.9582
5.09668, 894.519, 289.032
7.38058, -1375.66, -92.7125
5.15714, -897.83, 237.306
2.98716, 717.445, 634.735
5.83983, 371.753, 260.998
5.44444, 301.168, -44.091
5.01137, -1331.82, -113.728
2.75808, -1738.95, 826.096
2.6753, -606.858, 26.2968
4.41484, -1480.35, -1040.2
5.55555, 400.768, 224.255
5.06574, 1096.39, 1651.6
5.98498, 694.148, -16.8623
4.89891, 40.6835, -411.657
3.88323, 90.9406, 848.299
6.01685, -863.597, 369.153
3.67701, 1641.55, 38.6037
6.41501, 251.002, -369.579
6.60589, 643.489, 1565.62
3.21842, -954.448, 103.678
5.75757, -1001.61, 1520.37
3.87677, 1655.95, -1825.43
7.26215, -762.348, 1366.24
4.58238, -1479.46, 48.154
3.03869, -246.154, 754.798
4.70633, -1531.99, 1069.2
6.28811, -787.973, -548.626
2.77803, -693.706, -545.255
3.51241, -8.31519, 238.347
6.82305, 1772.56, -1383.78
6.52456, -526.404, -2.15286
2.78861, -1311.67, -1262.55
4.40304, -93.0219, -1356.63
4.56124, -204.365, 1458.35
2.80071, -707.242, 608.169
7.09746, 1540.92, 1254.08
3.35398, 1099.63, 1683.3
6.51634, -1759.53, 377.542
3.88599, 1395.16, 84.7988
4.44586, 340.274, 1480.29
7.19936, 137.845, 1215.1
6.24573, 362.111, -389.457
3.44774, -690.046, 1473.35
6.89581, 819.947, 940.037
6.8953, 807.647, -1575.9
3.30515, -1547.92, -483.993
5.87346, -1561.29, -376.48
6.89096, 1201.89, 267.426
6.98262, 495.305, 1018.11
3.06535, 31.7465, 1442.22
5.93789, -444.017, -509.333
3.21651, -1373.2, -1395.48
3.6901, 717.612, -88.7164
5.64383, 1782.24, -406.246
4.312, 1554.16, 748.582
4.64437, 1162.99, 1396.64
4.91936, -89.0244, -1644.75
6.20379, -8.38323, -297.08
3.23098, -707.692, 1593.19
7.36238, -1647.57, -1444.63
7.3158, -1014.02, -479.956
3.14741, -1125.37, 1269.43
5.3784, -557.624, -1163.45
4.66439, 244.776, -380.941
5.50066, -448.209, -471.585
5.85098, -1349.07, -158.818
4.5137, 803.934, 1890.81
6.46691, 1316.89, 1287.75
4.89889, -1823.63, -475.902
5.72449, 619.108, 559.593
4.28836, -532.659, 1210.88
5.96794, -627.148, -434.582
5.83428, -834.52, -1330.33
3.22071, -840.591, 1399.61
7.10415, -1798.93, 390.675
4.22228, 83.8869, -440.057
6.66824, -795.948, -926.121
2.74349, 606.507, -1403.33
3.27936, -508.568, -81.0887
2.55765, 646.593, 924.466
3.94327, 213.799, 1150.01
5.07295, -638.619, -310.885
3.65948, 1326.79, 859.799
2.75022, -512.533, -79.2759
5.33091, -1232.94, -1488.15
6.69774, -303.081, 1284.98
4.28763, -1298.65, -886.141
4.3452, 326.962, 1677.77
7.22226, 534.005, -130.943
4.72425, -1741.16, -333.714
6.82086, 870.398, 334.987
5.82654, -1538.19, -1420.81
5.79297, 338.126, 1284.34
7.10736, -1856.34, 1860.03
5.11536, 1834.88, -1283.11
5.45229, 878.027, -880.683
5.79944, 1316.35, 1330.47
4.24765, 543.209, 910.764
4.11714, 628.538, 98.6171
7.08984, -204.338, 1434.82
3.08619, 1833.65, -892.295
7.31268, 1209.91, -237.831
5.17978, 114.447, -545.5
5.81447, 1526.59, 1285.14
5.48362, 1696.03, -982.507
6.93363, -1016.59, -1418.86
6.67999, -1308.54, -1155.46
6.69339, 499.369, 347.292
6.85642, -333.597, 588.75
2.5002, -1558.08, 667.952
4.77274, 564.631, 639.706
4.25696, -1790.81, 413.78
5.80713, -500.699, 1375.08
6.22234, -1734.57, 294.118
3.3821, -328.873, -940.604
7.4621, 1622.43, -1497.09
5.95466, -1807.08, 393.236
6.97862, 321.021, -20.5971
3.51579, 616.232, -179.282
7.2356, -961.857, -115.007
4.88476, 1730.34, -906.105
6.78578, 1771.36, -1525.75
6.41237, -1780.95, -1105.85
5.70687, 1762.96, -1738.1
3.14521, -1409.3, 371.728
5.77944, 19.1827, 1361.39
3.09199, 115.736, -8.795
3.88793, 594.013, 1507.08
6.65548, -514.919, -513.91
6.14153, -1464.37, -1012.29
6.74348, -1210.58, 577.685
3.43989, -1475.3, -1728.76
6.09602, 1102.62, -626.184
4.25586, 320.944, 600.903
3.34555, -840.049, -1342.39
4.52383, 661.153, -1012.83
4.20924, 308.383, 1445.84
6.67141, 677.008, -195.951
3.9111, 1405.33, 1186.83
5.16766, -1289.18, -917.506
6.25085, 1837.15, -1690.62
4.62554, -1259.39, -1503.84
4.66964, -1003.91, 1130.06
3.03022, 1668.45, -1825.93
6.4639, -75.3582, -867.708
3.91232, -1225.78, -910.563
7.14264, -1091.77, -465.274
5.37926, 492.3, 1025.37
3.4895, 1589.98, -588.932
5.99081, 1111.35, -1426.09
3.07265, 947.995, -1735.09
4.22945, 549.483, 1473.76
4.15646, -1101.83, -465.851
6.42735, 1667.93, -1834.3
6.65775, 903.779, -428.346
4.21712, -1446.82, 1483.91
4.2603, -489.973, 1681.82
6.38197, 245.312, -1509.89
6.58658, 21.7588, 1358.83
4.26157, -345.627, 584.759
7.09559, -802.116, -537.544
3.2877, 1009.25, 474.744
5.56029, -916.267, 1194.69
5.54222, -840.896, 1400.2
3.16647, -474.362, -1400.72
3.51409, -1396.97, -1022.7
4.79457, -1640.76, 982.361
3.48759, -973.557, 1747.22
6.77118, -1644.93, 729.113
6.54562, -1498.45, -1305.82
2.80131, -1721.05, 1663.32
6.50584, -1399.1, 1272.16
5.49597, -328.253, -1033.03
7.43182, -1761.88, 445.941
2.65919, -204.365, 1329.86
6.8356, 1776.73, -1388.92
3.69109, 1205.68, 609.216
3.6127, 398.615, 756.91
4.73907, -1734.02, -1113.23
2.61231, 1718.56, -380.249
6.79755, -519.516, -74.3756
4.15902, 463.579, 1060.63
5.72195, 585.31, 572.805
7.43521, -1787.56, -1027.99
5.30162, 575.92, -1136.18
4.74553, -1523.78, -491.416
5.213, 281.827, -1368.58
2.90797, 1572.67, -51.9505
3.99606, -1535.5, -454.285
6.63964, 1541.15, 1252.4
6.48936, 1209.1, 1727.83
5.71048, -244.647, 1333.25
4.84105, 1226.43, 707.584
7.15326, -339.172, -1065.16
5.08798, -486.283, -67.7364
7.42924, 1590.85, -996.542
5.94567, -91.3566, -1363.37
6.19966, -329.847, -942.562
3.46323, -805.369, -1753.96
6.08881, -936.163, 1178.28
6.11146, 1168.81, -270.807
6.49298, 580.702, 290.444
4.23216, 499.83, -1884.35
5.1481, -31.2104, -288.677
3.19001, 1478.96, -669.87
6.73218, -428.306, -481.422
6.32766, -39.8501, -1613.65
7.5, 1741.46, -849.677
4.24891, 970.938, 1896.87
5.50367, -1140.16, 1108.5
3.50808, -975.772, 85.666
6.2385, 87.7533, 297.74
6.49225, 1823.72, 444.397
3.03505, -1384.39, 208.753
5.35813, -1004.03, 78.3626
2.84683, 706.418, -730.393
4.16036, 1365.99, 1359.28
5.80945, 912.63, -1371.75
5.27726, 259.34, -334.117
7.12415, 453.739, -18.4028
2.69832, -906.232, 395.386
2.62083, -561.802, 418.842
4.61923, 461.195, -1271.05
4.36987, 883.328, 337.044
2.93303, -464.759, -491.557
3.05403, -257.693, 319.834
5.31992, 699.971, -692.097
7.37269, -4.33693, 1415.34
3.05066, -41.6983, -1636.93
5.99352, 202.834, 1830.64
2.79674, -148.73, -1367.58
4.69755, 1634.66, -100.523
5.24651, 1893.09, 1392.49
3.45129, 1329.31, -1450.36
7.36597, 689.893, 600.442
3.19593, -1317.92, -192.986
5.48978, 1711.12, -918.267
7.12812, -1688.22, 1401.75
3.91116, -134.845, 1709.21
6.8307, -328.257, -173.514
6.29598, -393.834, -1140.33
6.10793, 682.89, 1169.16
3.34241, -662.851, 691.189
3.32882, 1548.25, 750.827
3.39076, -1296.54, -1868.38
5.87226, 616.892, -1125.03
4.83484, -591.225, 20.1331
6.85219, -1549.92, -710.169
5.76023, -1350.28, -151.446
5.80464, 1482.47, 1674.48
2.58037, -1318.53, -1157.97
4.30596, -1499.81, -1299.66
3.72747, 1780.35, 208.518
6.93086, -1782.06, -1777.85
5.23701, 1637.79, 1572.76
6.57209, -81.5504, -1248.29
5.24453, 332.089, 1652.32
4.16156, 974.642, -112.515
4.40213, -28.4639, -1289.2
2.52389, 1767.59, 1233.18
6.95226, -162.277, -806.918
6.16955, -893.716, 1309.16
6.04239, -240.438, 1345.51
5.1278, 158.526, -389.484
6.41065, -316.432, -1552.6
3.42484, -797.447, -855.393
5.72673, 545.584, 917.652
3.42178, -1272.81, -556.025
3.31214, -8.21608, -235.232
2.65594, -375.222, 1666.9
7.42716, 280.7, -1367.39
4.04559, -594.137, -1343.3
4.11075, -1278.61, -584.4
5.51155, 513.568, -415.437
2.89107, -640.678, -1764.88
3.93936, -4.1621, 120.366
5.79307, -334.327, -947.733
7.36348, -1808.31, -728.022
7.27758, -723.318, -1503.11
7.42745, -1281.77, -554.601
7.30478, -1721.02, -1356.19
3.0073, -995.534, 1164.09
3.71505, -317.136, -968.517
6.91151, 209.375, -762.077
5.28805, 681.41, 1262.74
6.7669, 1561.09, 1067.43
7.49145, -1054.55, 1110.42
3.99751, -376.45, -943.875
6.33157, 1895.75, 824.176
4.81901, 574.395, -331.34
6.8168, -1307.12, -1491.53
6.99018, 1685.86, -86.8282
7.377, 497.638, -803.476
2.77405, 1155.44, 350.993
6.32605, 1788.49, -1265.89
5.09219, -1797.46, 1482.03
3.46574, 1864.59, -351.337
6.98252, 451.005, -1083.72
6.38492, -1640.39, 213.075
2.75968, 780.204, 1044.83
7.47331, -1630.88, 1494.8
5.93659, -183.855, -810.719
5.94854, 1721.33, 987.172
6.57666, -1315.81, 1567.15
7.05426, -144.773, -957.587
3.34218, -404.033, 691.687
5.24183, -1200.36, 1534.13
6.53351, -1065.46, -441.383
4.17803, 658.21, -1024.6
5.53435, -201.631, 68.3961
6.59602, -1722.19, 687.759
7.3485, 91.7852, -452.96
6.29349, 1062.57, 1082.12
3.72113, -312.691, -190.629
5.80589, -1149.83, 732.68
4.21574, -978.985, -446.66
7.27146, 710.496, -741.429
2.60828, 1554.38, 1049.79
4.54979, -1755.36, 1813.3
2.55789, 1109.07, -1365.77
3.04964, 1734.06, 393.378
5.28259, -1615.81, 207.03
4.45466, 22.8144, -481.64
7.20539, 271.446, -343.633
2.55572, 377.461, 771.62
6.22897, -304.767, -970.14
3.84293, 299.42, 271.918
4.27153, -1280.23, -1514.35
3.45835, -895.338, 1265.54
5.14832, 612.868, -267.36
4.39478, -142.141, -1660.26
3.16407, -63.5994, -1665.81
4.26563, -378.263, -959.059
4.2497, 1547.26, 1878.41
7.41084, 1165.87, -258.786
5.25961, 299.591, -696.845
4.99918, 85.781, -1430.44
3.58531, -1649.96, 774.028
4.37311, -483.065, -1184.24
6.78251, -1275.72, -910.216
6.45578, 1590.92, -974.764
3.9204, -1041.34, 1730.49
5.07645, 876.463, 251.554
6.79238, -504.089, 50.7414
7.07844, -1704.76, -387.885
7.48941, 286.423, 1731.15
6.53177, 259.716, -338.438
5.22718, -1747.94, -291.186
7.3461, 305.919, -1408.81
5.31931, -1139.08, 750.2
4.03031, -900.361, 1290.28
5.41853, 1778.44, 1786.59
2.91197, 152.967, -517.828
5.47382, 675.826, 1178.39
3.31968, -1141.38, -1167.26
6.46527, -1250.68, -1005.32
2.95373, 1209.37, 1354.72
6.3072, -962.022, -1352.48
6.83996, -563.98, -26.2802
6.40105, 264.483, -680.433
6.61399, 1782.26, 1715.96
6.70974, 731.196, 1082.51
4.48328, 886.072, 462.349
6.508, -285.306, 330.287
6.56811, 719.872, -67.6766
5.43493, -796.504, 173.537
4.64621, 1533.18, -25.6928
2.5002, -67.3901, -866.319
5.31153, -1570.95, 673.306
6.22632, 725.526, 653.387
3.89846, 1762.35, 526.52
2.93406, -1836.06, 1102.71
3.5733, 1713.43, -1724.71
3.93296, -924.667, 1169.99
4.86595, -753.265, 921.844
6.95893, 1690.71, 1665.95
5.91955, 987.512, -952.923
3.54376, 9.2841, -300.459
6.67533, 1524.82, -39.01
7.09218, 1838.34, 1794.8
4.48244, -1019.88, -1342.24
6.37858, 1073.18, 1021.13
5.68161, -231.09, -193.228
6.64746, 958.481, 505.184
3.40204, 1055.78, -943.009
7.45927, 1107.21, -1479.92
6.70558, -269.307, -1586.21
4.65177, 1712.2, 480.814
4.38589, 1187.91, 1655.95
2.70802, 1201.43, -984.697
6.80715, -1461.73, -1009.4
6.62116, 1778.95, -1727.84
6.25052, 26.8642, 1415.47
3.55801, -359.867, 1819.6
4.31029, -1518.88, -366.394
4.43545, -1248.37, -1512.11
7.32918, 1555.54, 1196.8
6.5872, -225.272, 1344.28
4.5755, -133.115, 868.435
5.83759, 409.844, 270.969
2.52101, 1013.99, 1818.31
6.98048, -1426.64, 438.701
3.68416, -697.964, 688.25
3.79415, 686.896, -292.778
5.4939, 759.622, -1343.42
6.89823, -1637.83, 735.799
6.16299, -1191.25, -1157.79
6.0773, 1668.06, 1157.71
3.57724, -1157.53, 971.492
6.30413, 1375.71, -1864.99
3.85351, -352.559, -990.958
2.75246, 1265.8, 616.071
4.78866, 645.204, 570.504
2.58759, 826.389, -1453.48
3.01129, 108.962, -454.919
2.639, -361.598, 587.792
5.65921, -723.924, -1057.57
6.34425, 96.0559, -454.173
2.74132, 1079.8, -1599.05
6.6924, -52.4254, -1247.69
6.76899, -461.636, -481.568
6.57649, -1000.84, 1125.14
6.85188, 1584.47, 723.109
5.27222, -1227.17, -308.958
6.12646, -439.21, -31.1096
3.20424, -986.22, 1689.74
6.6115, 1145.01, -994.282
5.51185, 1369.36, -362.871
4.93856, 953.656, -1739.7
6.14942, -505.653, 1704
4.05164, 1508.09, -1304
3.93925, -1410.3, 647.997
5.45857, -1796.98, 1457.71
5.34055, 1165.01, 1657.07
5.41059, -1791, -1110.61
2.84132, -1346.2, 571.861
4.34304, 301.183, -685.711
6.28475, -1788.69, -1095.37
6.35297, -894.018, -1696.35
4.27217, -836.013, -528.406
5.98913, 382.073, 1762.61
5.08005, -1286.71, -548.548
5.94494, 699.415, 282.145
6.18066, -162.238, 1262.95
2.56231, -640.503, -1286.24
7.16549, 1217.73, -280.843
5.37826, 315.282, 208.75
3.05587, 990.944, 1894.26
4.87388, -192.285, 22.4767
3.24247, 517.96, 156.298
4.22594, 156.822, 859.37
7.04476, -1757.93, 337.866
4.54571, 30.0456, 1054.22
5.96642, -1303.92, -184.132
3.35865, 744.603, -1643.84
6.21715, 1705.42, -975.179
4.16319, -835.259, 1339.57
4.62157, 1211.67, 591.636
2.79523, -297.689, -210.189
5.09005, 513.839, -421.461
5.94425, 885.187, -1119.65
5.01149, -557.44, -29.1182
6.56617, -367.38, -1444.14
3.07974, 224.213, -1781.79
5.24841, 526.946, 967.3
5.06046, 715.145, 62.5856
6.02649, 1851.19, 916.12
5.65083, -539.296, 1708.14
4.0207, -108.172, -1290.2
6.74719, 744.326, 673.82
3.39619, 1231.02, -54.0362
2.61737, -972.605, -178.321
4.19467, 1360.25, 79.2735
3.43818, 756.763, -263.818
6.60467, -541.931, 341.064
6.72507, -1730.63, -385.93
6.78031, 1683.58, -1373.1
7.37454, -1800.16, 1263.33
2.99587, 827.664, -863.458
2.56182, 1136.24, 1250.89
2.58614, 454.435, 1078.37
2.64527, 398.825, 215.705
4.1031, 284.507, -686.762
6.17815, 1216.58, 573.213
3.14876, 657.568, 929.323
2.5161, -764.847, 939.677
6.91905, 271.033, -1520.71
3.70482, 402.11, -1069.27
4.38481, -1588.07, 1451.48
4.44879, 1215.91, 236.648
2.81534, 1231.31, 625.948
7.30792, 369.095, 1752.22
3.75349, 1408.27, -695.294
6.85376, -1282.7, -184.124
2.85991, -1727.13, 668.148
2.70653, -1118.93, 1160.03
3.46378, 654.112, -995.371
3.86708, -595.88, 622.292
7.4007, -1860.56, -692.577
3.60607, 677.169, -1024.82
6.43119, -1720.5, 1647.25
4.42306, 487.258, -773.069
3.78593, 898.811, -1243.95
3.91087, -1773.84, 148.104
7.33834, 1767.89, -86.9419
4.22841, 1397.89, 301.661
3.45922, -1815.46, 1449.75
5.05037, -1089.4, -730.223
5.21857, -1049.13, 1190.49
5.72333, -1319.11, -1146.95
3.89738, 7.51353, 1423.99
3.41887, -629.841, -1326.18
2.71579, -1690.88, 689.122
3.98408, -887.134, -452.875
4.25548, -458.157, 253.593
7.09372, -862.851, 1293.71
5.81225, 958.407, -684.736
5.08041, 1682.65, 1101.43
4.03763, 1124.31, 1074.4
3.0007, -640.278, 277.595
3.47502, 713.447, -1763.59
4.11407, -1.52955, -244.371
5.56182, 1755.05, 168.491
5.13511, 1851.16, -1878.02
3.45653, 609.769, 555.668
4.7178, -1289.57, -888.169
4.48693, -1292.94, 1584.61
6.28051, -1166.86, 1503.55
6.6213, 1439.12, 1207.87
5.51573, 252.499, -725.725
3.04573, 1145.72, -1537.04
4.11797, 922.037, -332.964
5.03403, 54.7453, 604.612
4.76521, -1305.5, 1592.17
4.77315, -306.665, -935.631
4.91125, 1778.9, 1774.71
5.07896, 720.677, -1297.87
4.50207, 353.798, 1599.1
4.22945, 1858.14, 812.036
6.64533, 1780.72, -410.515
3.02204, -1359.25, -1474.04
6.40057, 1081.85, 1052.35
3.19919, -576.416, -458.544
2.62171, -1484.41, -1041.15
6.0664, 745.218, -1379.57
7.15538, 272.252, -1558.1
7.47667, 456.242, 313.968
3.86264, -1787.42, 290.771
3.6923, -1023.64, -453.477
3.87328, 1794.46, 1204.91
5.70836, -1736, -1410.78
5.17637, 577.176, 255.037
6.8967, 1571.49, -591.931
6.75968, -1311.49, -1485.87
2.98004, 1650.75, -114.556
4.66818, -1440.59, 431.438
3.17045, -310.613, -1447.71
5.86802, -382.343, 626.639
5.34964, -57.3694, -859.496
3.66474, -1073.29, 1123.5
5.50306, 495.608, -1293.38
2.6551, -1484.07, -11.9169
7.08512, 1061.98, -566.694
3.82958, 1703.02, -383.546
6.50016, -338.281, -1051.31
5.46389, 203.77, -1490.27
5.0822, 676.691, 1162.62
5.2567, 744.535, 1175.45
3.47225, 931.195, -415.068
5.36152, 296.324, -1422.86
3.81992, 351.923, 828.469
4.41648, -1562.7, 1025.38
2.73626, -1452.27, -1719.2
4.22823, 1114.89, -1373.55
3.61594, 1266.39, -827.572
3.81264, 41.0321, -1435.39
3.05141, -785.165, -887.355
7.40088, -1357.36, -8.63853
5.93794, 1570.36, 1239.03
5.82158, -1088.08, -718.06
5.99501, -1171.16, -1320.25
2.68746, -1649.14, -1444.77
3.6706, -1267.4, -1484.68
3.95397, 1452.12, 1315.22
3.50543, 25.7348, -397.507
2.7177, 720.465, 580.804
2.56571, -1047.36, 1106.91
6.07297, -982.442, 1556.37
6.88348, -1671.54, -1192.04
5.35088, -1736.16, 680.647
6.92743, 1701.44, 1645.7
5.20042, -754.333, -532.893
3.31357, 1709.21, -1291.02
3.30492, 1857.86, 914.251
7.19182, 616.95, 484.198
3.45628, 1027.16, -1589.64
3.15761, -39.3235, -238.327
4.41122, -495.165, 106.22
6.12674, 571.72, -381.62
2.50651, 1104.03, 1659.41
4.60222, 72.5527, 1439.4
5.18984, 519.55, -426.804
4.86596, -452.109, 467.089
6.33003, 1104.62, 1662.78
2.9396, 1026.61, -960.899
7.04284, 291.994, 633.917
3.20818, -1633.89, -802.433
2.54782, 686.373, -22.2713
2.82267, 524.391, 909.941
4.96742, 739.884, 440.455
5.40914, 1010.2, 1877.35
4.03373, -1807.43, 1073.95
4.57091, 1609.19, -121.061
4.33401, -1208.76, -1267.61
3.42687, 304.133, 1280.41
2.76788, 1268.25, 226.42
4.47222, 1018.58, -98.5113
3.98388, -649.24, -316.836
5.05388, -765.556, 1622.35
3.75392, -1425.87, 405.246
5.01589, 1782.05, 1779.54
2.51168, 26.9854, 1563.29
7.01807, 1812.4, -893.947
2.79181, -1820.96, -1825.6
5.17506, -1189.67, 1544.72
3.95754, -761.37, 1614.79
7.3023, -1575.59, -483.125
4.73406, 667.997, -180.627
5.08479, 1660.18, 384.926
5.93861, -469.239, -29.6364
2.72187, -314.739, 99.4472
7.2946, -1542.71, 1175.9
5.70852, 736.649, 292.266
2.80215, 1096.53, -1412.61
3.33964, 168.756, 521.232
5.76491, 935.13, -419.413
6.19864, -1556.27, 658.549
3.57011, 1603.71, 419.408
4.31441, 242.917, -1505.4
6.56981, -1284.03, 1800.66
5.32057, 1597.57, -933.543
7.45886, -42.2334, -1639.23
6.5669, -1531.06, 700.107
3.49157, -1876.77, -32.1186
2.50003, -307.532, -1570.91
4.62608, 1726.16, -1413.52
4.07406, 1669.15, 413.305
5.56218, 1191.03, -1783.42
3.83351, -321.985, -1036.95
4.39881, -1180.82, -158.622
5.43397, 1773.54, 569.388
5.95636, -250.321, -945.762
7.26736, -809.956, -1074.07
4.89785, -596.099, -1793.1
3.60319, 763.845, -1346.2
5.33741, -1329.43, -979.765
6.09873, 678.719, 641.194
4.4953, -944.703, 1209.03
3.48326, -1329.48, 1881.86
6.66971, -1254.41, -1511.66
5.59561, -900.086, -1679.26
7.26866, -550.435, 314.703
3.23222, 26.7842, -393.179
5.38953, 9.0928, -871.8
7.26796, -872.787, 1382.56
3.62331, 1397.76, -1930.68
7.25137, -965.3, 1531.16
3.07874, 1560.62, -950.065
2.58372, -12.5468, -359.132
3.90465, -670.68, -293.574
7.15042, 1280.57, 248.807
3.04796, 1514.54, 1683.21
6.77266, 2.53384, 1462.71
5.68532, -1385.55, -1431.59
5.63853, 826.832, -1379.52
3.80589, 1428.8, 1322.16
5.13936, -1723.47, 411.172
7.16608, -459.941, 1730.5
3.98055, 1756, 221.085
4.78006, 398.993, 747.909
6.35659, -1299.45, -1181.95
4.17193, 282.292, 218.152
6.31775, -117.477, -1594.03
6.65892, -65.7002, 1753.17
2.64618, -1443.11, 1114.04
4.31315, 1381.94, -510.965
4.16221, 565.819, 898.943
3.17675, -1038.41, -441.552
3.00839, -574.135, 1226.85
5.11327, -1181.29, 1558.52
3.52046, 80.7606, -1003.9
5.00728, -1671.43, -1188.22
5.1371, -78.5802, 1836.31
4.13422, -517.806, -528.241
4.75888, 503.77, -780.98
6.85263, -50.5668, 1802.7
4.72884, 1169.51, 1650.03
6.03726, -915.764, -1638.54
6.83171, 1765.48, -1410.12
6.5822, 1646.18, 396.706
2.67504, 1646.73, 1627.5
3.8644, -1228.26, -515.983
5.21858, -813.1, -849.469
3.19942, -1750.18, -1097.47
5.57408, -1493.99, -1752.57
3.29182, -1121.1, -1211.75
4.41129, 223.388, 426.164
5.94997, -200.889, 357.646
3.21128, -791.028, 951.215
5.65284, -1572.2, 1481
3.15973, 309.851, 1768.98
7.13583, -1420.68, 381.2
5.53465, -1803.99, 1541.52
5.50388, -1726.82, 680.788
3.33635, 1152.12, -995.471
3.301, -1618.65, -823.966
5.91628, 1178.91, -46.1822
5.1456, -1379.05, -53.1977
3.65264, -208.125, 1405.5
6.55373, -927.665, -141.669
5.76477, -836.881, -1090.11
4.08597, -1185.58, -1168.72
2.53953, -496.779, -1568.55
3.49176, 1429.12, 1303.07
3.78831, 27.4321, 740.916
3.03825, 1692.06, 42.6899
3.49545, 252.9, -791.138
6.75079, 1581.7, -1529.92
6.63912, -1792.96, 397.933
6.76813, -1804.46, -1119.61
5.71027, 590.666, 1538.67
3.6787, 1399.31, -1935.31
6.80638, -1009.02, -1521.1
5.4745, 10.3721, -242.893
2.52745, 978.666, -131.151
6.84925, -1290.66, -922.005
7.37729, 1238.69, 307.932
5.59653, 707.264, 54.8737
3.85574, -1734.54, 698.209
7.46973, -414.569, -1112.33
4.60751, -1349.44, -972.767
4.20537, -1553.87, -1193.36
4.80717, 673.547, -188.011
4.44822, 497.415, -824.3
4.613, -26.8141, 1016.43
2.84879, 258.237, 615.256
5.5153, 16.2632, -243.168
7.36114, -102.481, 409.579
5.07406, -1428.83, -982.707
7.45461, 1774.7, -261.071
5.84906, 1238.01, -341.938
4.01716, -1194.56, 109.584
3.47371, 1659.77, 1154.36
4.0109, -1469.56, -1686.27
4.93946, -698.114, 898.711
4.72438, 995.018, 1855.15
5.7844, 701.507, -1750.76
3.74227, -1462.71, -1400.11
4.72007, 91.5399, 1074.46
5.75894, -1351.2, -53.4866
6.67472, -1382.43, 524.93
6.03698, 353.868, 1580.43
4.93928, -1674.9, -1180.33
6.72039, 772.475, -418.603
7.00296, -998.593, -474.184
6.33082, -1351.97, -954.388
5.29453, 1311.5, 1772.75
2.70603, 4.47019, 135.96
5.46749, 1097.38, 158.475
2.68674, -1160.02, 1549.81
4.53488, 138.6, 854.436
2.84243, -1854.37, -1717.95
7.38558, -1479.79, -1814.74
2.5956, -956.959, -556.352
6.60363, -339.351, -513.432
5.2195, -763.702, 1628.37
5.72828, 1471.37, -666.985
3.62934, -538.251, -12.0415
2.733, 1777.76, -1363.14
3.63154, 439.192, -1097.81
4.58371, -1270.65, 256.116
6.40126, 504.057, -1218.37
3.72852, -1742.82, 653.625
4.81411, 1206.83, 336.886
6.14756, 1828.18, 564.808
5.35237, -684.575, 1575.85
5.45997, 1814.34, 1809.69
4.98425, -1710.34, 537.209
3.951, 901.549, 323.911
4.71107, 27.9018, -485.145
2.53669, 1653.76, -819.646
7.41683, 983.875, -691.838
2.52822, -1503.57, -410.952
4.8676, -219.581, 1429.87
5.86497, -677.15, -277.091
