6.27803, -1469.32, -1967.98
3.5948, 109.185, -188.181
5.89648, 728.41, -1798.56
5.09708, -501.389, 1771.37
2.76731, -1891.83, 1291.31
2.53849, 681.178, 105.398
4.58743, -1685.78, -464.02
7.15218, 359.463, 766.764
2.95982, 94.513, 1383.57
6.00595, -322.026, 633.414
3.81226, 1067.87, 1612.64
4.14117, 942.192, -1792.25
7.45519, 1012.98, 514.014
7.41275, -980.528, -506.286
5.75759, 1000.25, 880.967
6.92354, 522.358, -1689.79
6.33247, -240.921, -904.448
3.87453, -987.959, -119.323
4.93259, -1343.3, -568.058
2.80282, 1631.52, 1546.84
5.08146, 7.35744, 1589.95
4.96988, 1921.27, -729.145
7.23882, -1618.21, -940.391
4.42071, -12.8612, -1666.81
5.14874, 1636.41, -908.03
2.75042, 1731.2, -90.0321
6.63909, 1097.51, 1085.36
5.94228, -1899.78, -1482.69
6.18112, 517.378, 1465.79
6.94286, 1938.57, 895.498
4.25508, -728.841, -1072.71
6.72991, 365.754, 50.5144
3.84659, 1330.26, -330.11
4.83959, 130.024, -361.534
3.2686, -1293.9, -897.761
2.66527, 1249.75, 278.167
7.2768, -29.1595, 169.202
6.95369, 222.954, 979.795
3.29884, 1345.29, 487.622
3.15214, 855.618, -1139.39
2.515, -908.334, -1626.48
6.0491, -1847.19, -350.401
3.40448, -998.722, 1712.18
5.76029, 1540.04, -712.591
4.42907, 740.805, -1395.1
3.23766, -40.0926, -475.475
5.45054, 1334.5, 338.214
3.24076, 284.61, 1814.97
3.2091, -359.496, 1913.72
4.94257, -977.215, 247.505
3.13015, 1769.81, -135.926
5.64635, -707.017, -1183.67
5.60817, 594.991, -1473.72
4.88216, -985.561, 1190.79
2.64188, -1106.84, -477.571
3.21011, -262.146, 1604.73
3.15594, -366.718, 1766.62
3.31099, -1661.21, 1507.47
3.76529, -532.854, -1689.41
4.77654, 1138.15, -1501.64
6.54472, -185.935, -596.251
3.57624, 602.068, 1701.49
3.75063, 1638.56, 739.276
5.02978, -118.494, 1436.98
6.27922, 1276.3, 327.788
5.66369, 1796.08, -129.937
5.9449, 1226.99, -251.675
7.27207, 1925.4, 835.713
5.18713, -818.647, 1435.15
4.57014, -1561, 53.285
4.70019, 1503.76, 323.683
6.07821, 1464.93, 914.263
6.20858, 803.935, 1184.42
5.12494, 1536.3, -1911.24
6.06711, -1718.63, -151.506
5.91025, 663.01, -42.039
6.82941, 1658.77, -1191.4
3.19597, 160.903, 1534.92
3.57766, 1917.8, -207.973
5.0733, -715.692, -235.871
4.83766, -201.631, 1461.61
3.55759, -523.769, 1216.48
5.65244, -1384.98, 1938.62
2.5044, -1907.43, 394.922
4.09589, 899.085, 1080.7
5.90281, 737.054, -269.863
6.0446, 1333.76, -1166.85
2.90869, -1609.35, 1301.11
3.56926, 521.633, 1009.4
4.44412, -1657.79, -1138.02
4.44927, 1824.51, 1819.47
3.92018, 759.735, -920.283
4.6123, 1116.39, 1090.97
2.55658, -1248.68, -867.615
3.72027, 1856.28, -1249.12
4.49072, -1424.94, 1313.71
6.64177, -1300.25, 400.436
3.78584, 1946.49, -1395.13
3.59705, -1589.64, -1070.34
6.47385, 772.849, 535.126
5.8476, 994.631, 780.524
5.49108, -1771.12, 573.524
5.99917, -743.1, -1072.71
5.13062, 1060.67, -1509.71
4.14833, 366.237, 196.42
3.30844, -1432.35, 794.862
6.56633, 1428.45, -52.7602
4.08004, 962.073, 229.53
4.05369, 96.3505, -1481.98
4.65424, 58.6333, 301.18
4.46509, -499.021, -960.352
4.43916, -99.7782, -290.155
4.34871, -1656.45, -894.001
5.88118, 684.462, -993.322
6.10384, 890.924, 57.2083
7.20082, -141.902, 1774.42
5.08573, -160.138, -718.473
5.5282, -380.452, 646.929
5.85049, -1370.63, 1964.44
5.11404, 152.21, -605.49
3.87105, -1898.87, 1293.13
7.08924, 197.778, 567.41
3.73367, 1848.76, -908.984
4.77876, 756.625, 1351.65
3.30374, -1888.59, 1262.41
4.68319, 817.795, 801.177
7.45767, 973.249, 366.906
6.26931, -871.751, 780.27
4.97846, -1950.87, -1303.13
7.01651, -1305.27, -1655.26
4.68213, 982.216, 1108.94
5.09239, 332.206, -1947.09
4.44866, 177.171, -1705.53
5.63431, -429.591, -1136.16
5.19331, 817.088, 637.18
4.35955, 1268.22, -872.84
2.54674, -744.563, 734.31
6.3794, 78.8614, -1563.08
2.85317, -1766.37, -1129.54
3.98511, 880.735, -1360.19
4.78581, -83.1425, -1776
3.25156, -217.982, 76.8298
5.97819, 1341.32, -867.237
4.15587, 743.26, 308.634
5.21197, 1930.2, -1746.18
2.64678, 1455.44, -1892.2
5.38086, -25.8818, -475.919
5.18133, 726.432, 943.119
7.36678, -1527.86, -1849.55
5.57063, -602.086, -1222.22
5.26431, -1474.64, 407.499
6.69051, -530.163, 1785.93
3.75764, -1012.79, 1843.43
6.98957, 1220.69, -259.877
5.97428, 1003.66, -988.196
5.82752, -947.78, -187.107
3.06838, -1162.33, -1576.41
3.37987, -1939.06, 193.208
2.91253, -273.612, 375.809
6.68103, -484.203, 730.63
2.64818, 1903.37, -1567.4
6.34719, -28.7894, -1678.05
4.29829, -1025.42, 1731.25
6.24626, 25.4141, 1045.42
6.28385, 727.344, 676.047
3.60834, -1071.16, -1829.14
5.58305, 609.808, 268.84
3.66846, -1103.05, -479.473
6.22052, -1344.56, 596.727
5.80997, -1804.48, -1367.67
4.9209, 1845.45, -1515.76
2.58972, 1657.99, 461.589
4.98291, 895.17, 397.104
5.09587, -197.765, -1751.9
4.71395, -1721.04, 1069.6
4.14528, -109.218, 1876.74
3.52671, 963.638, -210.71
7.19863, -473.135, -1278.2
2.85168, -982.62, 1853.09
3.30042, 101.111, -1458.34
6.70788, -1554.37, 66.3056
4.13614, -332.537, -551.855
6.85942, 342.104, 854.723
5.99896, 1335.03, 1029.54
5.52801, 1732.56, -433.579
4.77536, 152.196, -482.385
2.91543, -982.484, -391.53
3.94883, -97.086, -250.841
6.51009, -1159.4, -1553.7
6.81821, 695.916, 89.9353
3.81831, 835.215, -1015.96
4.79881, -1666.36, -476.222
4.95672, 1228.87, -1055.31
5.82344, -932.482, -1960.16
7.31738, -1254.45, -337.451
7.23022, 1161.81, -1499.03
2.81902, 427.097, -1307.84
5.04829, -872.579, -590.25
6.13222, 1329.95, 1342.01
5.65882, 1186.28, -669.133
3.26658, -1822.64, -1815.17
5.09652, -1731.04, 1049.48
3.52281, -1102.42, 1694.68
6.03231, 803.339, -1638.34
6.05786, -936.54, -56.4368
3.66304, -1096.57, -490.324
6.80594, -105.389, -258.331
2.67122, -211.997, 1882.37
6.26587, -1869.91, 131.267
4.14789, 1255.74, 349.953
4.65309, 134.621, -1057.63
7.33455, 1907.46, -392.462
4.05803, 1477.84, 1375.23
5.69762, 1934.36, -1383.5
5.95386, 1761.12, -116.366
5.36403, 135.763, 1247.48
6.60667, 1795.5, -1382.98
4.21807, -1783.35, -1346.1
5.09387, -1646.75, -1535.53
6.78438, 242.475, -1884.17
6.18587, 666.898, 103.12
3.45992, -1810.03, 751.749
2.83145, -615.642, 673.678
3.60828, 1685.83, -1421.57
3.33656, 333.4, -447.146
6.31172, 753.903, -1835.35
5.44905, -1678.19, 833.762
4.65223, 1733.97, 1727.14
7.09618, 1311.57, 24.9964
5.09668, 887.545, 364.812
7.38058, -1365.1, -54.4945
5.15714, -903.881, 286.312
2.98716, 669.44, 765.444
5.83983, 417.616, 208.044
5.44444, 282.167, -49.4201
5.01137, -1388.56, -250.346
2.75808, -1845.63, 905.874
2.6753, -698.443, 77.5351
4.41484, -1590.71, -1043.08
5.55555, 361.884, 202.399
5.06574, 1084.94, 1737.69
5.98498, 617.267, -51.0653
4.89891, -44.2127, -374.621
3.88323, 135.108, 848.709
6.01685, -875.679, 410.934
3.67701, 1743.37, 100.378
6.41501, 327.823, -371.554
6.60589, 710.707, 1657.42
3.21842, -1051.2, 99.9109
5.75757, -972.495, 1615.95
3.87677, 1729.5, -1953.31
7.26215, -812.995, 1443.6
4.58238, -1493.19, 30.1288
3.03869, -251.858, 799.04
4.70633, -1587.21, 1059.95
6.28811, -836.19, -592.123
2.77803, -678, -626.333
3.51241, -49.1297, 282.654
6.82305, 1847.96, -1512.82
6.52456, -514.82, 9.87527
2.78861, -1351.82, -1334.22
4.40304, -133.482, -1406.88
4.56124, -266.5, 1517.47
2.80071, -754.852, 604.759
7.09746, 1587.17, 1284.18
3.35398, 1064.11, 1631.23
6.51634, -1859.29, 359.891
3.88599, 1463.13, 101.201
4.44586, 340.948, 1473.93
7.19936, 118.669, 1246.86
6.24573, 346.437, -363.014
3.44774, -655.739, 1512.07
6.89581, 864.318, 965.111
6.8953, 824.076, -1682.82
3.30515, -1612.23, -507.587
5.87346, -1600.21, -324.279
6.89096, 1260.73, 260.133
6.98262, 482.089, 1051
3.06535, -41.311, 1499.6
5.93789, -480.883, -511.148
3.21651, -1594.74, -1539.62
3.6901, 819.051, -89.5081
5.64383, 1870.61, -439.508
4.312, 1635.72, 734.612
4.64437, 1174.9, 1434.6
4.91936, -18.3141, -1685.48
6.20379, -8.43043, -225.451
3.23098, -745.283, 1741.31
7.36238, -1659.27, -1520.09
7.3158, -1019.15, -374.832
3.14741, -1191.28, 1321.23
5.3784, -623.251, -1212.85
4.66439, 336.757, -261.618
5.50066, -453.462, -481.212
5.85098, -1383.69, -212.635
4.5137, 794.717, 1962.42
6.46691, 1285.7, 1372.28
4.89889, -1933.68, -497.733
5.72449, 618.154, 557.125
4.28836, -499.759, 1204.91
5.96794, -656.495, -440.323
5.83428, -831.748, -1377.63
3.22071, -812.075, 1418.49
7.10415, -1926.05, 429.515
4.22228, 59.0466, -474.001
6.66824, -818.192, -932.487
2.74349, 549.193, -1478.9
3.27936, -501.782, -123.872
2.55765, 659.466, 1005.41
3.94327, 237.982, 1173.19
5.07295, -687.579, -344.255
3.65948, 1359.16, 872.7
2.75022, -482.455, -157.236
5.33091, -1194.16, -1666.61
6.69774, -297.689, 1332.38
4.28763, -1271.59, -858.416
4.3452, 343.259, 1723.28
7.22226, 515.195, -144.369
4.72425, -1803.81, -345.566
6.82086, 980.677, 334.437
5.82654, -1570.67, -1464.7
5.79297, 349.59, 1325.99
7.10736, -1910.25, 1913.98
5.11536, 1917.05, -1246.08
5.45229, 877.338, -882.734
5.79944, 1335.11, 1301.51
4.24765, 542.457, 926.25
4.11714, 678.447, 102.755
7.08984, -216.07, 1471.21
3.08619, 1813.08, -886.566
7.31268, 1313.15, -318.194
5.17978, 106.12, -645.413
5.81447, 1682.79, 1261.78
5.48362, 1798.74, -1015.06
6.93363, -1013.14, -1480.6
6.67999, -1306.67, -1230.78
6.69339, 494.971, 399.692
6.85642, -410.311, 663.961
2.5002, -1537.82, 664.609
4.77274, 523.076, 692.797
4.25696, -1856.97, 362.664
5.80713, -513.597, 1410.92
6.22234, -1748.59, 305.633
3.3821, -260.412, -937.67
7.4621, 1589.44, -1608.07
5.95466, -1848.07, 332.688
6.97862, 290.679, -26.7228
3.51579, 716.352, -288.274
7.2356, -929.391, -67.1511
4.88476, 1762.65, -1004.11
6.78578, 1838.17, -1486.71
6.41237, -1929.77, -1106.03
5.70687, 1806.1, -1809.44
3.14521, -1440.53, 304.84
5.77944, 11.2469, 1304.04
3.09199, 107.785, 14.2703
3.88793, 658.275, 1596.72
6.65548, -443.433, -456.865
6.14153, -1497.06, -1023.4
6.74348, -1198.01, 589.654
3.43989, -1519.02, -1816.51
6.09602, 1110.28, -566.334
4.25586, 303.911, 659.494
3.34555, -836.782, -1406.97
4.52383, 641.951, -1061.71
4.20924, 320.985, 1528.48
6.67141, 734.072, -264.809
3.9111, 1395.44, 1169.66
5.16766, -1349.84, -961.809
6.25085, 1964.41, -1700.51
4.62554, -1353.19, -1508.7
4.66964, -1114.93, 1107.62
3.03022, 1709.74, -1855.23
6.4639, -102.029, -933.885
3.91232, -1155.42, -957.606
7.14264, -1170.26, -473.839
5.37926, 510.142, 1044.62
3.4895, 1665.34, -593.337
5.99081, 1139.25, -1478.98
3.07265, 986.775, -1893.98
4.22945, 579.974, 1549.39
4.15646, -1178.66, -465.426
6.42735, 1654.84, -1908.76
6.65775, 917.116, -423.952
4.21712, -1473.84, 1506.04
4.2603, -564.946, 1809.27
6.38197, 298.812, -1606.5
6.58658, -19.9981, 1373.54
4.26157, -271.504, 573.057
7.09559, -818.149, -603.367
3.2877, 1025.74, 511.649
5.56029, -971.508, 1143.06
5.54222, -812.034, 1417.87
3.16647, -498.984, -1476.23
3.51409, -1476.97, -966.09
4.79457, -1706.51, 1005.21
3.48759, -1029.62, 1854.87
6.77118, -1690.62, 754.443
6.54562, -1521.32, -1368.54
2.80131, -1799.27, 1757.02
6.50584, -1442.65, 1279.3
5.49597, -381.204, -1076.95
7.43182, -1771.42, 585.205
2.65919, -321.264, 1279.2
6.8356, 1848.98, -1512.62
3.69109, 1319.59, 669.436
3.6127, 310.757, 862.859
4.73907, -1910.57, -1116.07
2.61231, 1714.7, -346.001
6.79755, -532.301, -3.73332
4.15902, 440.722, 1154.23
5.72195, 602.499, 524.884
7.43521, -1873.71, -973.492
5.30162, 569.068, -1162.42
4.74553, -1512.96, -493.104
5.213, 302.088, -1457.06
2.90797, 1547.31, -66.3946
3.99606, -1619.94, -561.032
6.63964, 1620.95, 1324.33
6.48936, 1244.15, 1851.55
5.71048, -211.081, 1360.66
4.84105, 1255.88, 762.946
7.15326, -408.653, -1200.29
5.08798, -492.098, -128.35
7.42924, 1583.13, -1036.86
5.94567, -145.08, -1425.17
6.19966, -352.487, -929.144
3.46323, -787.919, -1850.08
6.08881, -916.442, 1228.75
6.11146, 1139.82, -350.323
6.49298, 537.581, 305.253
4.23216, 508.784, -1974.9
5.1481, -33.5532, -142.593
3.19001, 1434.43, -705.506
6.73218, -463.634, -471.276
6.32766, -153.017, -1750.65
7.5, 1850.94, -867.945
4.24891, 947.855, 1948.91
5.50367, -1196.75, 1164.2
3.50808, -989.384, 158.991
6.2385, 71.1154, 326.021
6.49225, 1931.16, 434.091
3.03505, -1407.34, 216.694
5.35813, -1014.03, 93.3367
2.84683, 732.23, -705.393
4.16036, 1440.06, 1381.32
5.80945, 964.079, -1408.51
5.27726, 348.151, -362.234
7.12415, 457.325, -22.94
2.69832, -961.448, 444.031
2.62083, -613.101, 470.781
4.61923, 445.875, -1305.18
4.36987, 924.739, 264.104
2.93303, -454.817, -438.977
3.05403, -314.094, 337.154
5.31992, 721.058, -678.06
7.37269, 104.862, 1473.55
3.05066, -85.3439, -1772.05
5.99352, 198.368, 1940.29
2.79674, -104.095, -1464.3
4.69755, 1667.56, -205.348
5.24651, 1968.79, 1425.23
3.45129, 1373.76, -1492.02
7.36597, 639.422, 644.198
3.19593, -1360.5, -115.305
5.48978, 1832.93, -846.351
7.12812, -1736.42, 1406.43
3.91116, -150.161, 1766.85
6.8307, -317.063, -179.274
6.29598, -432.543, -1187.17
6.10793, 703.94, 1237.94
3.34241, -728.274, 724.752
3.32882, 1620.41, 723.613
3.39076, -1294.93, -1960.63
5.87226, 662.9, -1191.98
4.83484, -685.415, 61.2013
6.85219, -1609.79, -714.91
5.76023, -1368.77, -241.523
5.80464, 1500.45, 1738
2.58037, -1304.5, -1234.37
4.30596, -1539.74, -1336.73
3.72747, 1834.84, 202.676
6.93086, -1855.07, -1883.76
5.23701, 1646.12, 1565.03
6.57209, -65.7288, -1267.61
5.24453, 338.524, 1726.09
4.16156, 1010.15, -103.823
4.40213, 36.8322, -1306.69
2.52389, 1846.95, 1297.27
6.95226, -178.469, -795.513
6.16955, -980.767, 1363.05
6.04239, -310.345, 1301.02
5.1278, 144.324, -357.24
6.41065, -372.643, -1616.07
3.42484, -786.481, -940.25
5.72673, 514.716, 1017.19
3.42178, -1361.4, -666.456
3.31214, 106.347, -200.465
2.65594, -364.305, 1692.79
7.42716, 262.947, -1333.85
4.04559, -655.062, -1417.67
4.11075, -1315.56, -592.501
5.51155, 574.394, -451.026
2.89107, -656.543, -1831.15
3.93936, -20.2823, 153.833
5.79307, -264.991, -982.75
7.36348, -1958.53, -700.385
7.27758, -725.733, -1576.99
7.42745, -1333.33, -608.311
7.30478, -1808.83, -1497.29
3.0073, -1116.17, 1106.22
3.71505, -268.769, -976.246
6.91151, 204.14, -854.772
5.28805, 678.638, 1381.81
6.7669, 1597.01, 1035.03
7.49145, -1067.81, 1062.73
3.99751, -479.754, -950.483
6.33157, 1913.52, 947.042
4.81901, 578.074, -296.717
6.8168, -1273.5, -1570.3
6.99018, 1710.63, -5.09365
7.377, 513.066, -824.001
2.77405, 1275.8, 224.407
6.32605, 1848.69, -1235.09
5.09219, -1853.97, 1475.65
3.46574, 1834.64, -450.146
6.98252, 414.537, -1098.84
6.38492, -1686.81, 190.813
2.75968, 824.392, 1075.48
7.47331, -1684.55, 1517.55
5.93659, -29.2239, -909.732
5.94854, 1766.59, 992.698
6.57666, -1301.91, 1614.81
7.05426, -79.0634, -898.542
3.34218, -402.798, 790.652
5.24183, -1164.62, 1600.71
6.53351, -1007.34, -529.444
4.17803, 670.899, -1092.87
5.53435, -214.6, 46.6168
6.59602, -1873.53, 667.711
7.3485, 164.44, -513.181
6.29349, 1154.18, 991.121
3.72113, -321.023, -179.372
5.80589, -1143.11, 798.07
4.21574, -904.574, -380.463
7.27146, 745.257, -786.052
2.60828, 1599.32, 1106.04
4.54979, -1778.76, 1879.32
2.55789, 1170.73, -1349.19
3.04964, 1672.55, 404.788
5.28259, -1650.08, 196.724
4.45466, -15.8959, -448.335
7.20539, 233.839, -366.177
2.55572, 358.298, 746.148
6.22897, -429.804, -882.579
3.84293, 218.788, 249.672
4.27153, -1346.91, -1513
3.45835, -894.468, 1254.56
5.14832, 586.532, -326.388
4.39478, -100.662, -1726.46
3.16407, -19.0883, -1612.41
4.26563, -268.486, -1110.89
4.2497, 1563.95, 1955.19
7.41084, 1244.91, -270.363
5.25961, 298.1, -728.581
4.99918, 38.8442, -1444.89
3.58531, -1667.33, 894.873
4.37311, -503.583, -1290.46
6.78251, -1312.68, -932.24
6.45578, 1593.67, -1060.47
3.9204, -981.715, 1836.38
5.07645, 872.24, 211.452
6.79238, -563.851, -27.4222
7.07844, -1871.12, -353.002
7.48941, 257.199, 1810.65
6.53177, 329.77, -349.826
5.22718, -1792.98, -342.388
7.3461, 323.121, -1438.31
5.31931, -1167.17, 725.338
4.03031, -856.638, 1297.61
5.41853, 1904.78, 1880.59
2.91197, 111.567, -644.515
5.47382, 699.444, 1228.87
3.31968, -1191.46, -1181.71
6.46527, -1243.01, -869.336
2.95373, 1166.23, 1450.58
6.3072, -1005.32, -1358.22
6.83996, -479.996, 50.7501
6.40105, 369.687, -667.964
6.61399, 1816.72, 1910.17
6.70974, 742.423, 1100.1
4.48328, 988.92, 515.489
6.508, -313.607, 337.72
6.56811, 754.433, -85.1566
5.43493, -815.214, 197.253
4.64621, 1580.43, -89.3095
2.5002, -90.0391, -925.072
5.31153, -1622.15, 638.493
6.22632, 684.232, 682.722
3.89846, 1912.76, 574.068
2.93406, -1950.21, 1125.94
3.5733, 1706.58, -1754.4
3.93296, -970.775, 1137.46
4.86595, -791.221, 934.431
6.95893, 1684.14, 1638.95
5.91955, 1037.91, -1009.91
3.54376, -85.4108, -151.341
6.67533, 1577.6, 16.896
7.09218, 1815.88, 1803.86
4.48244, -956.666, -1390.26
6.37858, 1080.41, 1044.98
5.68161, -294.826, -182.085
6.64746, 964.126, 561.656
3.40204, 1097.73, -942.339
7.45927, 1142.97, -1470.33
6.70558, -310.318, -1681.18
4.65177, 1765.82, 523.263
4.38589, 1190.86, 1762.32
2.70802, 1293.73, -1005.44
6.80715, -1564.14, -1045.62
6.62116, 1826.61, -1786.2
6.25052, 41.4247, 1461.4
3.55801, -331.735, 1959.06
4.31029, -1561.4, -380.679
4.43545, -1167.58, -1570.82
7.32918, 1586.66, 1259.35
6.5872, -311.104, 1301.99
4.5755, -159.182, 893.271
5.83759, 386.195, 344.781
2.52101, 956.881, 1947.52
6.98048, -1467.86, 481.003
3.68416, -689.49, 707.239
3.79415, 701.497, -173.436
5.4939, 806.401, -1419.68
6.89823, -1669.19, 729.842
6.16299, -1115.47, -1168.78
6.0773, 1800.02, 1136.78
3.57724, -1206.22, 963.21
6.30413, 1360.4, -1906.63
3.85351, -331.629, -1098.45
2.75246, 1320.5, 677.784
4.78866, 553.363, 494.11
2.58759, 885.449, -1541.1
3.01129, 124.711, -374.232
2.639, -268.333, 564.404
5.65921, -689.93, -1038.47
6.34425, 155.602, -494.413
2.74132, 1053.75, -1667.78
6.6924, -98.9441, -1262.14
6.76899, -523.801, -612.476
6.57649, -910.141, 1154.74
6.85188, 1584.21, 801.217
5.27222, -1250.38, -303.366
6.12646, -571.331, 96.1558
3.20424, -1028.36, 1823.66
6.6115, 1170.46, -1043.72
5.51185, 1449.89, -389.203
4.93856, 1005.67, -1824.42
6.14942, -566.702, 1867.99
4.05164, 1513.65, -1332.25
3.93925, -1399.93, 697.708
5.45857, -1881.98, 1593.57
5.34055, 1282.99, 1731.48
5.41059, -1849.27, -1144.11
2.84132, -1373.06, 567.016
4.34304, 290.189, -769.633
6.28475, -1865.38, -1136.42
6.35297, -897.183, -1733.66
4.27217, -786.803, -513.165
5.98913, 471.387, 1847.37
5.08005, -1348.02, -581.448
5.94494, 766.893, 275.565
6.18066, -162.951, 1235.62
2.56231, -679.763, -1338.54
7.16549, 1260, -279.227
5.37826, 252.425, 243.64
3.05587, 957.755, 1955.38
4.87388, -185.273, 77.5021
3.24247, 433.931, 206.371
4.22594, 101.317, 884.296
7.04476, -1842.95, 315.937
4.54571, 13.6298, 1060.68
5.96642, -1343.29, -127.411
3.35865, 754.045, -1869.89
6.21715, 1754.34, -993.474
4.16319, -847.676, 1306.4
4.62157, 1313.62, 628.83
2.79523, -280.717, -204.347
5.09005, 562.298, -464.222
5.94425, 938.709, -1155.36
5.01149, -532.669, -10.6967
6.56617, -341.663, -1492.47
3.07974, 170.392, -1858.2
5.24841, 576.784, 919.807
5.06046, 802.063, 40.4325
6.02649, 1937.2, 885.133
5.65083, -471.636, 1747.8
4.0207, -57.3946, -1305.16
6.74719, 798.749, 726.943
3.39619, 1236.46, -55.7505
2.61737, -1048.18, -199.315
4.19467, 1435.33, 92.3471
3.43818, 712.373, -206.654
6.60467, -583.338, 335.967
6.72507, -1792.14, -355.199
6.78031, 1695.69, -1429.15
7.37454, -1885.89, 1294.47
2.99587, 921.931, -892.269
2.56182, 1130.21, 1302.7
2.58614, 427.004, 1168.73
2.64527, 490.873, 197.113
4.1031, 298.188, -776.592
6.17815, 1246.95, 599.534
3.14876, 706.259, 949.019
2.5161, -739.985, 1004.16
6.91905, 281.764, -1577.69
3.70482, 453.367, -1131.45
4.38481, -1629.46, 1530.04
4.44879, 1268.22, 346.898
2.81534, 1195.91, 584.73
7.30792, 369.429, 1881.1
3.75349, 1445.65, -686.593
6.85376, -1364.08, -158.969
2.85991, -1822.18, 832.943
2.70653, -1232.52, 1129.61
3.46378, 699.919, -1041.58
3.86708, -614.876, 606.303
7.4007, -1895.24, -727.451
3.60607, 664.65, -1062.37
6.43119, -1745.5, 1700.26
4.42306, 588.564, -837.008
3.78593, 949.346, -1268.38
3.91087, -1853.09, 103.588
7.33834, 1731.08, -93.6518
4.22841, 1504.16, 322.814
3.45922, -1943.86, 1469.27
5.05037, -1094.96, -746.116
5.21857, -1105.46, 1256.98
5.72333, -1333.29, -1194.03
3.89738, -6.8202, 1584.3
3.41887, -594.889, -1422.35
2.71579, -1660.15, 771.381
3.98408, -994.307, -518.532
4.25548, -461.764, 276.355
7.09372, -856.866, 1388.54
5.81225, 982.515, -710.764
5.08041, 1735.14, 1150.52
4.03763, 1214.71, 1160.41
3.0007, -694.976, 304.422
3.47502, 753.64, -1757.78
4.11407, 60.0333, -248.638
5.56182, 1900.64, 175.667
5.13511, 1909.95, -1952.82
3.45653, 537.042, 557.177
4.7178, -1265.28, -868.371
4.48693, -1401.37, 1687.74
6.28051, -1205.15, 1489.26
6.6213, 1467.51, 1205.14
5.51573, 286.789, -699.652
3.04573, 1207.89, -1638.39
4.11797, 965.074, -330.182
5.03403, 23.1219, 631.361
4.76521, -1322.36, 1611.12
4.77315, -359.105, -890.156
4.91125, 1856.79, 1820.09
5.07896, 734.087, -1300.18
4.50207, 400.204, 1640.71
4.22945, 1951.45, 954.959
6.64533, 1860.01, -465.226
3.02204, -1449.84, -1576.87
6.40057, 1151.97, 1115.31
3.19919, -592.483, -475.464
2.62171, -1591.17, -1049.47
6.0664, 807.594, -1483.32
7.15538, 285.339, -1649.28
7.47667, 398.991, 351.027
3.86264, -1763.98, 307.663
3.6923, -979.734, -514.884
3.87328, 1903.95, 1233.51
5.70836, -1803.25, -1458.39
5.17637, 614.547, 292.52
6.8967, 1635.33, -585.877
6.75968, -1335.79, -1648.36
2.98004, 1778.35, -104.936
4.66818, -1472.28, 446.277
3.17045, -398.147, -1501.38
5.86802, -349.648, 612.401
5.34964, -96.6819, -910.46
3.66474, -1211.71, 1154.11
5.50306, 527.488, -1365.25
2.6551, -1587.45, -49.9328
7.08512, 1127.42, -612.668
3.82958, 1720.77, -360.863
6.50016, -359.721, -1024.3
5.46389, 296.156, -1456.78
5.0822, 707.745, 1228.48
5.2567, 660.446, 1263.68
3.47225, 974.153, -479.662
5.36152, 270.73, -1473.3
3.81992, 413.304, 797.409
4.41648, -1534.72, 1074.73
2.73626, -1526.08, -1793.71
4.22823, 1162.93, -1343.82
3.61594, 1306.54, -853.26
3.81264, 33.6109, -1437.89
3.05141, -852.093, -814.521
7.40088, -1404.32, 27.0303
5.93794, 1616.24, 1298.32
5.82158, -1094.31, -757.724
5.99501, -1195.82, -1339.55
2.68746, -1659.16, -1521.14
3.6706, -1264.66, -1493.5
3.95397, 1464.35, 1375.2
3.50543, -33.2158, -472.03
2.7177, 689.774, 683.689
2.56571, -1050.93, 1053.13
6.07297, -1043, 1529.93
6.88348, -1731.55, -1227.11
5.35088, -1771.8, 566.851
6.92743, 1716.18, 1700.58
5.20042, -717.138, -554.619
3.31357, 1855.46, -1278.54
3.30492, 1897.88, 883.404
7.19182, 612.092, 555.526
3.45628, 1095.76, -1684.77
3.15761, 10.1206, -200.525
4.41122, -590.3, -21.1696
6.12674, 520.966, -508.294
2.50651, 1084.99, 1731.52
4.60222, 33.4304, 1458.42
5.18984, 586.342, -434.937
4.86596, -473.355, 489.35
6.33003, 1091.18, 1726.83
2.9396, 1110.28, -914.502
7.04284, 285.041, 642.889
3.20818, -1705.76, -808.499
2.54782, 833.806, -92.252
2.82267, 511.216, 1020.22
4.96742, 759.847, 443.225
5.40914, 1048.5, 1933.34
4.03373, -1880.71, 1086.33
4.57091, 1768.49, -122.58
4.33401, -1161.42, -1361.57
3.42687, 324.454, 1322.85
2.76788, 1261.3, 370.694
4.47222, 1068.56, -128.419
3.98388, -693.009, -266.016
5.05388, -788.748, 1633.29
3.75392, -1417.83, 455.156
5.01589, 1897.01, 1780.57
2.51168, -2.73079, 1552.44
7.01807, 1964.54, -892.569
2.79181, -1820.35, -1878.78
5.17506, -1332.58, 1617.93
3.95754, -754.761, 1717.97
7.3023, -1603.47, -527.499
4.73406, 649.37, -217.015
5.08479, 1768.39, 339.671
5.93861, -485.334, 82.4752
2.72187, -320.305, 142.749
7.2946, -1586.68, 1206.87
5.70852, 727.703, 301.198
2.80215, 1237, -1544.77
3.33964, 109.511, 533.423
5.76491, 982.955, -474.81
6.19864, -1539.17, 674.116
3.57011, 1699.46, 408.21
4.31441, 304.936, -1714.57
6.56981, -1293.58, 1856.43
5.32057, 1616.52, -938.503
7.45886, -100.06, -1740.01
6.5669, -1526.05, 779.693
3.49157, -1967.75, -43.5397
2.50003, -279.072, -1661.74
4.62608, 1864.97, -1525.18
4.07406, 1708.47, 422.748
5.56218, 1209.85, -1852.39
3.83351, -389.256, -1080.15
4.39881, -1187.38, -128.647
5.43397, 1893.14, 596.853
5.95636, -276.626, -995.593
7.26736, -904.094, -1133.81
4.89785, -587.147, -1888.43
3.60319, 769.433, -1433.91
5.33741, -1432.17, -908.752
6.09873, 834.435, 720.863
4.4953, -987.413, 1108.37
3.48326, -1379.17, 1959.26
6.66971, -1342.93, -1514.67
5.59561, -899.238, -1726.31
7.26866, -567.407, 373.184
3.23222, -27.6869, -523.046
5.38953, 68.8755, -910.675
7.26796, -778.708, 1431.39
3.62331, 1431.62, -1972.2
7.25137, -990.286, 1585.78
3.07874, 1587.6, -1009.94
2.58372, 62.0836, -491.298
3.90465, -708.283, -330.8
7.15042, 1254.11, 339.202
3.04796, 1529.53, 1750.82
6.77266, 46.4686, 1628.7
5.68532, -1441.79, -1455.34
5.63853, 801.161, -1411.42
3.80589, 1444.63, 1468.59
5.13936, -1910.44, 417.091
7.16608, -527.277, 1786.73
3.98055, 1829.91, 231.705
4.78006, 322.732, 870.886
6.35659, -1319.85, -1206.75
4.17193, 254.224, 240.884
6.31775, -80.3099, -1843.9
6.65892, -61.5251, 1877.37
2.64618, -1448.62, 1132.1
4.31315, 1421.94, -530.79
4.16221, 542.69, 934.556
3.17675, -1023.42, -571.807
3.00839, -606.795, 1243.85
5.11327, -1211.63, 1611.03
3.52046, 61.4079, -1055.11
5.00728, -1723.64, -1230.61
5.1371, -15.4636, 1935.42
4.13422, -521.693, -588.753
4.75888, 456.223, -873.838
6.85263, -14.9007, 1914.27
4.72884, 1276.3, 1727.16
6.03726, -913.511, -1810.48
6.83171, 1801.68, -1390.75
6.5822, 1701.35, 415.098
2.67504, 1761.31, 1682.62
3.8644, -1292.6, -479.907
5.21858, -840.396, -859.397
3.19942, -1885.69, -1121.94
5.57408, -1533.28, -1848.04
3.29182, -1303.65, -1207.7
4.41129, 202.289, 439.209
5.94997, -190.221, 375.95
3.21128, -800.53, 942.134
5.65284, -1567.33, 1569.7
3.15973, 377.061, 1874.3
7.13583, -1474.98, 494.991
5.53465, -1870.52, 1568.13
5.50388, -1862.59, 750.432
3.33635, 1178.81, -1042.31
3.301, -1733.02, -791.923
5.91628, 1219.5, -50.4075
5.1456, -1402.33, -20.4556
3.65264, -277.512, 1574.52
6.55373, -1013.17, -108.643
5.76477, -835.457, -1112.85
4.08597, -1151.17, -1180.8
2.53953, -519.203, -1618.5
3.49176, 1457.49, 1448.38
3.78831, -9.33778, 759.804
3.03825, 1751.03, 78.5028
3.49545, 250.048, -848.167
6.75079, 1607.52, -1538.48
6.63912, -1932.29, 433.817
6.76813, -1941.75, -1096.16
5.71027, 592.206, 1557.68
3.6787, 1434.72, -1974.82
6.80638, -1005.72, -1602
5.4745, 69.7114, -217.442
2.52745, 1005.69, -79.7158
6.84925, -1310.41, -924.013
7.37729, 1298.33, 194.325
5.59653, 748.668, 33.692
3.85574, -1839.44, 760.447
7.46973, -329.432, -1246.77
4.60751, -1430.31, -1046.72
4.20537, -1582.69, -1224.86
4.80717, 756.589, -248.814
4.44822, 521.245, -768.381
4.613, -88.2883, 1027.79
2.84879, 258.806, 585.135
5.5153, -104.598, -248.218
7.36114, -99.7556, 452.579
5.07406, -1396.62, -1055.28
7.45461, 1890.7, -273.337
5.84906, 1241.4, -261.305
4.01716, -1208.26, 135.824
3.47371, 1719.66, 1163.07
4.0109, -1429.16, -1854.06
4.93946, -673.925, 917.763
4.72438, 1061.44, 1965.41
5.7844, 646.413, -1860.52
3.74227, -1540.72, -1342.42
4.72007, 107.536, 1105.84
5.75894, -1385.86, 85.7732
6.67472, -1435.98, 389.628
6.03698, 382.883, 1618.51
4.93928, -1727.39, -1249.25
6.72039, 794.517, -467.406
7.00296, -1029, -397.249
6.33082, -1309.77, -1038.07
5.29453, 1269.73, 1715.36
2.70603, -1.9424, 134.221
5.46749, 1122.28, 135.503
2.68674, -1339.81, 1610.19
4.53488, 66.3115, 873.825
2.84243, -1935.11, -1755.26
7.38558, -1533.04, -1767.52
2.5956, -1019.41, -481.45
6.60363, -310.529, -527.675
5.2195, -780.573, 1724.19
5.72828, 1570.49, -667.403
3.62934, -513.191, 64.4802
2.733, 1679.05, -1412.93
3.63154, 403.492, -1086.69
4.58371, -1267.49, 267.594
6.40126, 527.115, -1254.52
3.72852, -1847.32, 741.196
4.81411, 1280.64, 215.23
6.14756, 1854.05, 578.246
5.35237, -663.72, 1621.21
5.45997, 1862.15, 1835.68
4.98425, -1858.98, 557.622
3.951, 936.395, 249.328
4.71107, -25.748, -480.58
2.53669, 1698.37, -796.022
7.41683, 1006.34, -719.81
2.52822, -1590.87, -345.58
4.8676, -245.058, 1497.61
5.86497, -626.123, -247.21
