6.27803, -1470.55, -1976.87
3.5948, 114.6, -191.92
5.89648, 724.402, -1801.86
5.09708, -489.232, 1768.84
2.76731, -1874.5, 1303.35
2.53849, 693.226, 95.9598
4.58743, -1700.21, -463.745
7.15218, 358.168, 757.976
2.95982, 98.3067, 1383.66
6.00595, -318.788, 636.442
3.81226, 1063.46, 1626.13
4.14117, 942.673, -1797.08
7.45519, 1020.13, 514.665
7.41275, -991.673, -516.74
5.75759, 1003.89, 883.653
6.92354, 523.503, -1695.14
6.33247, -240.516, -900.954
3.87453, -1005.73, -112.89
4.93259, -1354.48, -584.406
2.80282, 1643.96, 1558.8
5.08146, 11.7913, 1598.85
4.96988, 1928.2, -727.642
7.23882, -1623.35, -939.043
4.42071, -21.7658, -1682.42
5.14874, 1641.92, -902.784
2.75042, 1732.96, -108.676
6.63909, 1092.06, 1083.46
5.94228, -1910.07, -1487.11
6.18112, 517.568, 1467.75
6.94286, 1957.61, 898.932
4.25508, -750.27, -1072.92
6.72991, 365.384, 51.2448
3.84659, 1325.25, -325.498
4.83959, 137.968, -361.154
3.2686, -1299.16, -883.966
2.66527, 1236.63, 281.343
7.2768, -22.4209, 158.228
6.95369, 221.709, 983.474
3.29884, 1351.55, 490.917
3.15214, 856.443, -1142
2.515, -906.486, -1629.07
6.0491, -1871.27, -349.991
3.40448, -1005.19, 1722.08
5.76029, 1542.08, -717.597
4.42907, 735.909, -1395.66
3.23766, -23.3041, -468.567
5.45054, 1348.6, 341.163
3.24076, 268.38, 1819.01
3.2091, -361.075, 1918.92
4.94257, -981.163, 250.792
3.13015, 1781.26, -131.464
5.64635, -711.365, -1188.41
5.60817, 597.987, -1479.03
4.88216, -992.177, 1197.47
2.64188, -1120.95, -468.92
3.21011, -265.569, 1608.47
3.15594, -364.464, 1773.01
3.31099, -1656.03, 1508.63
3.76529, -534.462, -1696.68
4.77654, 1163.72, -1489.91
6.54472, -187.232, -597.795
3.57624, 603.288, 1708.48
3.75063, 1634.87, 730.214
5.02978, -117.513, 1438.77
6.27922, 1265.62, 339.207
5.66369, 1812.34, -133.616
5.9449, 1236.57, -274.916
7.27207, 1931.71, 827.064
5.18713, -828.489, 1437.43
4.57014, -1563.5, 63.5161
4.70019, 1500.71, 316.365
6.07821, 1468.26, 915.553
6.20858, 810.132, 1189.48
5.12494, 1538.52, -1914.7
6.06711, -1724.28, -150.188
5.91025, 665.576, -42.5412
6.82941, 1660.86, -1194.24
3.19597, 165.208, 1541.85
3.57766, 1928.71, -205.216
5.0733, -721.991, -229.842
4.83766, -221.22, 1478.85
3.55759, -529.038, 1219.7
5.65244, -1385.66, 1943.79
2.5044, -1920.85, 401.341
4.09589, 901.946, 1084.23
5.90281, 726.728, -288.501
6.0446, 1337.04, -1170.19
2.90869, -1612.79, 1304.91
3.56926, 515.422, 1045.27
4.44412, -1662.69, -1139.99
4.44927, 1813.86, 1806.3
3.92018, 762.18, -921.005
4.6123, 1123.33, 1096.37
2.55658, -1223.23, -874.109
3.72027, 1866.91, -1242.43
4.49072, -1429.07, 1312.42
6.64177, -1298.04, 401.386
3.78584, 1942.22, -1382.31
3.59705, -1600.1, -1078.23
6.47385, 775.984, 536.126
5.8476, 999.324, 781.717
5.49108, -1775.09, 571.609
5.99917, -732.29, -1077.08
5.13062, 1057.32, -1515.51
4.14833, 358.455, 203.693
3.30844, -1431.03, 799.607
6.56633, 1431.87, -54.3947
4.08004, 965.777, 227.96
4.05369, 101.489, -1476.57
4.65424, 63.609, 314.479
4.46509, -503.373, -960.833
4.43916, -106.783, -267.42
4.34871, -1664.99, -890.596
5.88118, 685.189, -990.31
6.10384, 897.441, 56.8101
7.20082, -139.047, 1781.39
5.08573, -159.634, -717.045
5.5282, -383.307, 646.698
5.85049, -1380.51, 1967.26
5.11404, 156.469, -610.495
3.87105, -1894.62, 1288.19
7.08924, 194.027, 568.575
3.73367, 1857.84, -916.738
4.77876, 762.097, 1358.4
3.30374, -1893.37, 1266.53
4.68319, 821.541, 808.832
7.45767, 981.912, 359.065
6.26931, -874.545, 780.933
4.97846, -1959.74, -1306.5
7.01651, -1306.08, -1665.28
4.68213, 983.38, 1115.18
5.09239, 334.132, -1954.66
4.44866, 176.827, -1713
5.63431, -437.182, -1135.88
5.19331, 822.747, 636.68
4.35955, 1266.52, -874.6
2.54674, -748.001, 736.572
6.3794, 80.2272, -1569.07
2.85317, -1769.59, -1126.26
3.98511, 884.768, -1359.76
4.78581, -80.5868, -1781.17
3.25156, -209.979, 77.1773
5.97819, 1344.65, -867.634
4.15587, 732.637, 307.797
5.21197, 1934.8, -1752.96
2.64678, 1452.5, -1917.53
5.38086, -43.9801, -470.374
5.18133, 731.451, 944.54
7.36678, -1525.38, -1846.85
5.57063, -598.599, -1229.68
5.26431, -1483.16, 407.391
6.69051, -528.216, 1804.94
3.75764, -1002.35, 1848.03
6.98957, 1253.04, -258.179
5.97428, 1006.88, -992.025
5.82752, -947.059, -188.779
3.06838, -1154.05, -1556.33
3.37987, -1949.09, 191.731
2.91253, -272.876, 382.038
6.68103, -488.252, 735.82
2.64818, 1898.35, -1566.5
6.34719, -17.7487, -1679.19
4.29829, -1022.18, 1733.22
6.24626, 14.8207, 1058.17
6.28385, 730.35, 676.499
3.60834, -1072.97, -1836.12
5.58305, 609.825, 262.315
3.66846, -1099.37, -495.801
6.22052, -1342.02, 601.186
5.80997, -1812.59, -1370.82
4.9209, 1837.66, -1498.22
2.58972, 1656.94, 468.406
4.98291, 895.235, 400.682
5.09587, -208.485, -1760.92
4.71395, -1728.91, 1069.45
4.14528, -115.342, 1885.43
3.52671, 966.212, -212.243
7.19863, -480.447, -1289.03
2.85168, -977.703, 1863.59
3.30042, 102.768, -1470.2
6.70788, -1564.46, 61.5847
4.13614, -332.454, -554.628
6.85942, 336.012, 855.82
5.99896, 1338.16, 1030.48
5.52801, 1734.78, -436.521
4.77536, 162.836, -494.545
2.91543, -1002.54, -382.246
3.94883, -116.744, -259.09
6.51009, -1153.91, -1562.85
6.81821, 682.888, 104.923
3.81831, 838.253, -1018.45
4.79881, -1668.01, -474.859
4.95672, 1228.91, -1056.95
5.82344, -933.315, -1967.55
7.31738, -1256.39, -329.89
7.23022, 1146.36, -1490.77
2.81902, 425.509, -1310.15
5.04829, -862.172, -595.308
6.13222, 1332.51, 1338.78
5.65882, 1192.42, -672.851
3.26658, -1825.76, -1815.85
5.09652, -1734.44, 1059.83
3.52281, -1106.74, 1700.71
6.03231, 801.915, -1639.36
6.05786, -942.648, -44.1495
3.66304, -1114.66, -484.496
6.80594, -102.434, -249.306
2.67122, -214.763, 1889.71
6.26587, -1872.97, 123.478
4.14789, 1274.09, 330.101
4.65309, 137.866, -1061.49
7.33455, 1919.15, -390.264
4.05803, 1460.96, 1384.04
5.69762, 1953.77, -1393.42
5.95386, 1752.85, -120.351
5.36403, 146.719, 1251.55
6.60667, 1789.01, -1375.04
4.21807, -1788.32, -1348.04
5.09387, -1634.15, -1538.94
6.78438, 243.472, -1891.38
6.18587, 665.858, 97.7207
3.45992, -1832.27, 756.748
2.83145, -615.894, 676.602
3.60828, 1688.64, -1428.78
3.33656, 336.365, -456.446
6.31172, 758.118, -1845.67
5.44905, -1681.57, 839.79
4.65223, 1729.67, 1725.64
7.09618, 1315.29, 24.755
5.09668, 887.116, 366.94
7.38058, -1361.97, -49.8713
5.15714, -904.692, 289.407
2.98716, 668.929, 773.573
5.83983, 426.14, 200.497
5.44444, 279.43, -53.7649
5.01137, -1391.64, -253.972
2.75808, -1853.25, 911.306
2.6753, -700.816, 76.4021
4.41484, -1580.98, -1049.81
5.55555, 368.754, 198.901
5.06574, 1093.98, 1725.52
5.98498, 612.102, -51.8348
4.89891, -46.7492, -373.077
3.88323, 135.935, 846.554
6.01685, -876.729, 414.011
3.67701, 1745.7, 107.265
6.41501, 343.311, -369.893
6.60589, 714.968, 1663.91
3.21842, -1059.58, 102.673
5.75757, -972.143, 1621.2
3.87677, 1733.48, -1960.92
7.26215, -831.659, 1442.06
4.58238, -1497.19, 29.2897
3.03869, -252.427, 802.049
4.70633, -1591.06, 1061.16
6.28811, -842.353, -596.972
2.77803, -677.649, -631.796
3.51241, -51.8488, 285.396
6.82305, 1873.42, -1532.56
6.52456, -530.508, -6.96142
2.78861, -1354.55, -1338.98
4.40304, -130.922, -1404.2
4.56124, -277.248, 1523
2.80071, -758.126, 604.831
7.09746, 1596.71, 1284.85
3.35398, 1067.55, 1617.33
6.51634, -1857.67, 341.195
3.88599, 1460.93, 100.196
4.44586, 342.787, 1474.84
7.19936, 112.359, 1246.88
6.24573, 328.899, -345.153
3.44774, -653.483, 1515.04
6.89581, 867.45, 967.109
6.8953, 828.726, -1690.27
3.30515, -1620.09, -517.298
5.87346, -1602.43, -328.044
6.89096, 1259, 256.928
6.98262, 484.813, 1048.57
3.06535, -45.0664, 1503.44
5.93789, -481.261, -515.998
3.21651, -1623.8, -1548.3
3.6901, 822.129, -89.2259
5.64383, 1880.49, -437.387
4.312, 1634.56, 731.551
4.64437, 1176.1, 1434.16
4.91936, -14.5035, -1684.93
6.20379, -9.30969, -223.41
3.23098, -746.415, 1738.85
7.36238, -1665.71, -1527.64
7.3158, -1015.49, -371.73
3.14741, -1195.81, 1324.74
5.3784, -630.347, -1212.74
4.66439, 338.412, -255.066
5.50066, -458.765, -493.939
5.85098, -1386.07, -223.787
4.5137, 794.048, 1967.66
6.46691, 1283.24, 1379.39
4.89889, -1941.37, -499.197
5.72449, 608.039, 550.382
4.28836, -496.386, 1202.13
5.96794, -658.279, -440.782
5.83428, -832.7, -1386.96
3.22071, -792.565, 1424.04
7.10415, -1952.58, 437.469
4.22228, 61.0264, -472.212
6.66824, -823.604, -935.405
2.74349, 545.789, -1485.41
3.27936, -509.204, -125.793
2.55765, 660.719, 1010.47
3.94327, 239.571, 1174.94
5.07295, -687.728, -346.366
3.65948, 1361.62, 873.755
2.75022, -484.006, -158.664
5.33091, -1192.99, -1677.19
6.69774, -299.535, 1341.91
4.28763, -1284.41, -856.263
4.3452, 331.767, 1735.1
7.22226, 514.097, -145.313
4.72425, -1816.04, -351.277
6.82086, 985.154, 345.451
5.82654, -1573.48, -1467.75
5.79297, 342.22, 1328.03
7.10736, -1914.12, 1917.86
5.11536, 1916.07, -1242.99
5.45229, 877.577, -883.236
5.79944, 1335.79, 1306.22
4.24765, 543.625, 933.371
4.11714, 692.009, 99.0535
7.08984, -207.864, 1468.94
3.08619, 1809.94, -889.176
7.31268, 1330.45, -329.127
5.17978, 111.259, -650.954
5.81447, 1693.27, 1264.46
5.48362, 1802.97, -1015.46
6.93363, -1012.86, -1484.82
6.67999, -1303.91, -1221.62
6.69339, 494.38, 402.53
6.85642, -417.825, 670.735
2.5002, -1539.7, 680.341
4.77274, 520.782, 696.006
4.25696, -1855.69, 344.818
5.80713, -514.46, 1413.51
6.22234, -1758.43, 306.437
3.3821, -258.591, -929.473
7.4621, 1589.22, -1615.03
5.95466, -1853.47, 323.607
6.97862, 289.968, -23.701
3.51579, 729.821, -287.649
7.2356, -922.423, -70.7161
4.88476, 1763.32, -1015.64
6.78578, 1830.43, -1492.36
6.41237, -1951.47, -1096.88
5.70687, 1808.15, -1815.55
3.14521, -1443.48, 301.553
5.77944, 10.2472, 1302.34
3.09199, 107.229, 15.9213
3.88793, 662.986, 1600.95
6.65548, -455.736, -452.965
6.14153, -1499.66, -1024.66
6.74348, -1197.2, 590.399
3.43989, -1519.56, -1842.06
6.09602, 1112.34, -562.998
4.25586, 310.939, 662.501
3.34555, -834.687, -1401.39
4.52383, 653.574, -1067.43
4.20924, 319.954, 1533.44
6.67141, 755.331, -254.94
3.9111, 1395.55, 1169.11
5.16766, -1355.11, -964.325
6.25085, 1972.93, -1702.13
4.62554, -1369.61, -1512.29
4.66964, -1124.77, 1100.06
3.03022, 1711.85, -1858.6
6.4639, -95.1752, -929.902
3.91232, -1152.2, -960.992
7.14264, -1180.08, -468.037
5.37926, 510.006, 1025.22
3.4895, 1659.63, -591.283
5.99081, 1143.41, -1475.97
3.07265, 988.181, -1903.18
4.22945, 597.019, 1563.03
4.15646, -1167.05, -476.12
6.42735, 1655.45, -1914.28
6.65775, 917.729, -424.486
4.21712, -1475.93, 1507.47
4.2603, -557.953, 1806.18
6.38197, 302.517, -1619.95
6.58658, -22.0059, 1374.41
4.26157, -265.782, 565.91
7.09559, -821.171, -606.629
3.2877, 999.58, 515.255
5.56029, -977.662, 1142.11
5.54222, -793.056, 1424.17
3.16647, -500.735, -1481.74
3.51409, -1482.2, -962.088
4.79457, -1708.96, 1003.81
3.48759, -1039.41, 1862.27
6.77118, -1695.6, 758.256
6.54562, -1520.07, -1375.4
2.80131, -1804.44, 1762.54
6.50584, -1443.3, 1284.46
5.49597, -394.535, -1083.42
7.43182, -1775.07, 599.451
2.65919, -326.004, 1275.96
6.8356, 1864.64, -1528.1
3.69109, 1326.79, 686.323
3.6127, 318.529, 857.325
4.73907, -1928.44, -1110.99
2.61231, 1718.6, -348.934
6.79755, -520.808, 3.46862
4.15902, 437.145, 1162.84
5.72195, 605.714, 514.496
7.43521, -1879.83, -970.614
5.30162, 569.054, -1164.23
4.74553, -1513.95, -492.89
5.213, 319.863, -1445.14
2.90797, 1546.51, -65.9804
3.99606, -1626.17, -561.449
6.63964, 1630.29, 1337.83
6.48936, 1246.64, 1859.8
5.71048, -209.322, 1360.28
4.84105, 1257.85, 766.513
7.15326, -403.297, -1208.06
5.08798, -486.769, -132.71
7.42924, 1591.07, -1055.53
5.94567, -151.74, -1433.55
6.19966, -355.819, -923.185
3.46323, -786.879, -1856.93
6.08881, -916.09, 1233.53
6.11146, 1139.74, -354.636
6.49298, 535.84, 306.141
4.23216, 509.439, -1981.48
5.1481, -32.8448, -134.007
3.19001, 1432.98, -712.181
6.73218, -448.529, -448.428
6.32766, -159.036, -1757.54
7.5, 1850.6, -854.963
4.24891, 961.579, 1961.55
5.50367, -1197.77, 1171.26
3.50808, -990.375, 162.504
6.2385, 65.8138, 320.171
6.49225, 1938.7, 433.511
3.03505, -1408.98, 217.336
5.35813, -1013.85, 93.6724
2.84683, 731.408, -697.208
4.16036, 1459.65, 1379.74
5.80945, 967.471, -1411.21
5.27726, 342.985, -362.578
7.12415, 457.524, -23.1313
2.69832, -965.068, 447.269
2.62083, -616.646, 474.152
4.61923, 445.383, -1307.65
4.36987, 922.986, 267.501
2.93303, -451.563, -460.086
3.05403, -312.4, 341.868
5.31992, 724.294, -681.818
7.37269, 111.538, 1477.45
3.05066, -84.4792, -1785.17
5.99352, 198.252, 1948.11
2.79674, -102.7, -1472.06
4.69755, 1668.66, -209.349
5.24651, 1974.26, 1427.64
3.45129, 1376.94, -1495
7.36597, 635.235, 647.727
3.19593, -1363.38, -110.955
5.48978, 1848.89, -854.154
7.12812, -1739.76, 1407.03
3.91116, -158.647, 1764.6
6.8307, -298.59, -177.063
6.29598, -441.812, -1191.95
6.10793, 714.296, 1242.05
3.34241, -733.491, 727.782
3.32882, 1642.53, 735.255
3.39076, -1294.87, -1967.25
5.87226, 665.773, -1196.39
4.83484, -692.941, 65.898
6.85219, -1614.08, -715.385
5.76023, -1381.91, -237.204
5.80464, 1506.2, 1744.45
2.58037, -1322.05, -1239.43
4.30596, -1546.63, -1336.02
3.72747, 1838.37, 211.319
6.93086, -1862.32, -1889.61
5.23701, 1642.17, 1559.54
6.57209, -59.7275, -1274.57
5.24453, 349.639, 1724.83
4.16156, 1011.02, -106.989
4.40213, 41.0277, -1307.67
2.52389, 1852.76, 1301.54
6.95226, -179.4, -795.197
6.16955, -985.756, 1366.18
6.04239, -307.543, 1310.06
5.1278, 128.623, -364.287
6.41065, -376.177, -1620.93
3.42484, -780.41, -940.754
5.72673, 510.665, 1027.15
3.42178, -1367.59, -673.541
3.31214, 115.672, -182.798
2.65594, -364.146, 1695.5
7.42716, 262.177, -1332.85
4.04559, -658.099, -1423.54
4.11075, -1327.01, -595.792
5.51155, 567.092, -464.67
2.89107, -657.411, -1836.1
3.93936, -31.9919, 172.379
5.79307, -260.793, -978.889
7.36348, -1968.3, -699.543
7.27758, -725.94, -1582.35
7.42745, -1334.17, -604.925
7.30478, -1815.35, -1508.15
3.0073, -1115.32, 1121.64
3.71505, -257.335, -983.627
6.91151, 201.77, -859.018
5.28805, 679.409, 1388.73
6.7669, 1600, 1033.92
7.49145, -1071.57, 1058.83
3.99751, -486.991, -952.458
6.33157, 1922.71, 956.459
4.81901, 574.624, -292.696
6.8168, -1273.04, -1575.85
6.99018, 1714.23, 0.133293
7.377, 513.983, -827.271
2.77405, 1286.83, 214.642
6.32605, 1859.85, -1234.12
5.09219, -1858.49, 1476.68
3.46574, 1834.96, -455.695
6.98252, 404.124, -1091
6.38492, -1684.3, 190.285
2.75968, 826.993, 1077.9
7.47331, -1693.48, 1522.33
5.93659, -20.4445, -912.725
5.94854, 1769.88, 992.99
6.57666, -1311.41, 1616.81
7.05426, -76.2962, -888.242
3.34218, -402.787, 796.827
5.24183, -1162.87, 1603.23
6.53351, -993.336, -517.953
4.17803, 669.926, -1091.54
5.53435, -215.459, 48.3845
6.59602, -1884.47, 667.692
7.3485, 163.603, -505.222
6.29349, 1159.5, 989.233
3.72113, -340.482, -181.811
5.80589, -1143.52, 801.199
4.21574, -901.659, -377.964
7.27146, 747.57, -788.309
2.60828, 1602.01, 1107.96
4.54979, -1780.47, 1884.15
2.55789, 1164.87, -1341.85
3.04964, 1667.56, 399.786
5.28259, -1660.28, 195.064
4.45466, -15.0483, -453.239
7.20539, 234.376, -365.835
2.55572, 358.718, 768.334
6.22897, -435.682, -878.579
3.84293, 214.087, 246.173
4.27153, -1343.54, -1505.3
3.45835, -898.532, 1252.1
5.14832, 588.479, -331.681
4.39478, -106.425, -1718.63
3.16407, -21.1022, -1609.58
4.26563, -262.28, -1117.69
4.2497, 1565.22, 1960.69
7.41084, 1244.56, -267.894
5.25961, 300.662, -735.006
4.99918, 30.982, -1435.56
3.58531, -1668.06, 901.657
4.37311, -496.327, -1294.11
6.78251, -1313.67, -927.089
6.45578, 1587.37, -1047.58
3.9204, -983.753, 1845.66
5.07645, 872.954, 207.933
6.79238, -571.96, -36.388
7.07844, -1875.88, -351.249
7.48941, 261.717, 1817.24
6.53177, 349.542, -369.082
5.22718, -1789.96, -359.712
7.3461, 311.395, -1453.18
5.31931, -1168.3, 725.243
4.03031, -843.349, 1309.1
5.41853, 1914.8, 1889.51
2.91197, 94.3577, -653.212
5.47382, 704.202, 1220.36
3.31968, -1193.78, -1182.44
6.46527, -1237.47, -869.556
2.95373, 1162.73, 1462.4
6.3072, -1007.3, -1358.55
6.83996, -464.703, 54.5066
6.40105, 374.588, -668.165
6.61399, 1816.78, 1920.65
6.70974, 743.31, 1102.24
4.48328, 1016.53, 516.372
6.508, -318.019, 335.631
6.56811, 756.703, -86.1883
5.43493, -816.728, 199.005
4.64621, 1584.55, -93.2258
2.5002, -104.475, -923.441
5.31153, -1625.04, 636.677
6.22632, 678.485, 692.62
3.89846, 1923.63, 574.272
2.93406, -1958.21, 1127.37
3.5733, 1706.65, -1756.78
3.93296, -963.414, 1132.5
4.86595, -802.248, 942.762
6.95893, 1686.19, 1639.2
5.91955, 1037.53, -1011.9
3.54376, -91.0036, -144.672
6.67533, 1581.28, 19.3903
7.09218, 1827.57, 1819.71
4.48244, -954.128, -1394.47
6.37858, 1079.78, 1046.05
5.68161, -309.51, -176.973
6.64746, 964.726, 569.489
3.40204, 1102.08, -939.998
7.45927, 1151.01, -1499.19
6.70558, -310.869, -1686.8
4.65177, 1769.55, 526.22
4.38589, 1191.59, 1768.29
2.70802, 1299.62, -1007.4
6.80715, -1585.58, -1043.45
6.62116, 1830.76, -1789.29
6.25052, 29.5144, 1459.89
3.55801, -331.203, 1968.58
4.31029, -1562.02, -382.124
4.43545, -1175.33, -1585.1
7.32918, 1585.88, 1258.27
6.5872, -321.593, 1285.15
4.5755, -161.034, 895.075
5.83759, 401.247, 356.281
2.52101, 948.932, 1958.16
6.98048, -1475.5, 495.579
3.68416, -688.327, 708.187
3.79415, 703.553, -174.448
5.4939, 805.57, -1412.33
6.89823, -1669.83, 730.751
6.16299, -1115.29, -1170.86
6.0773, 1809.28, 1138.2
3.57724, -1209.75, 962.823
6.30413, 1359.28, -1909.77
3.85351, -327.671, -1106.16
2.75246, 1324.03, 669.991
4.78866, 547.756, 492.707
2.58759, 889.732, -1546.88
3.01129, 136.573, -354.53
2.639, -268.259, 573.875
5.65921, -686.784, -1035.84
6.34425, 157.375, -502.689
2.74132, 1052.69, -1672.21
6.6924, -105.58, -1261.42
6.76899, -524.654, -622.996
6.57649, -902.897, 1152.42
6.85188, 1586.06, 804.735
5.27222, -1252.96, -311.897
6.12646, -578.544, 104.247
3.20424, -1038.42, 1832.54
6.6115, 1182.04, -1049.62
5.51185, 1455.79, -391.052
4.93856, 1009.84, -1830.15
6.14942, -570.244, 1881.14
4.05164, 1514.16, -1334.32
3.93925, -1399.49, 701.194
5.45857, -1890.55, 1603.84
5.34055, 1295.62, 1747.75
5.41059, -1864.25, -1143.12
2.84132, -1375.35, 566.46
4.34304, 301.267, -783.18
6.28475, -1856.48, -1146.63
6.35297, -895.147, -1742.21
4.27217, -787.158, -510.18
5.98913, 476.341, 1853.29
5.08005, -1342.8, -570.746
5.94494, 772.78, 271.15
6.18066, -163.353, 1234.19
2.56231, -682.246, -1342.45
7.16549, 1229.4, -263.701
5.37826, 260.676, 248.893
3.05587, 939.814, 1946.47
4.87388, -190.852, 79.511
3.24247, 411.127, 211.822
4.22594, 101.842, 889.687
7.04476, -1858.27, 342.389
4.54571, 23.5125, 1046.43
5.96642, -1347.06, -131.337
3.35865, 756.994, -1879.99
6.21715, 1762.33, -992.155
4.16319, -852.714, 1294.73
4.62157, 1320.89, 626.411
2.79523, -277.256, -214.414
5.09005, 570.421, -461.048
5.94425, 942.21, -1157.86
5.01149, -518.576, 13.1436
6.56617, -340.412, -1495.88
3.07974, 168.05, -1865.1
5.24841, 570.245, 921.076
5.06046, 809.384, 41.1434
6.02649, 1930.5, 882.227
5.65083, -471.819, 1751.07
4.0207, -55.6603, -1301.8
6.74719, 798.664, 732.742
3.39619, 1218.93, -49.1968
2.61737, -1052.62, -199.816
4.19467, 1447.32, 95.2033
3.43818, 712.711, -199.351
6.60467, -583.197, 343.356
6.72507, -1790.2, -335.768
6.78031, 1694.76, -1433.15
7.37454, -1905.06, 1294.38
2.99587, 928.379, -893.861
2.56182, 1129.79, 1306.41
2.58614, 429.791, 1170.22
2.64527, 495.504, 194.78
4.1031, 291.499, -772.451
6.17815, 1249.74, 601.354
3.14876, 705.004, 952.048
2.5161, -738.627, 1007.78
6.91905, 280.253, -1578.21
3.70482, 456.827, -1137.5
4.38481, -1629.89, 1531.41
4.44879, 1246.11, 361.417
2.81534, 1194.26, 586.4
7.30792, 367.752, 1894.16
3.75349, 1448.66, -682.473
6.85376, -1361.51, -155.387
2.85991, -1827.39, 840.421
2.70653, -1238.16, 1130.57
3.46378, 709.214, -1043.44
3.86708, -616.93, 606.049
7.4007, -1898.82, -728.793
3.60607, 649.758, -1067.68
6.43119, -1747.53, 1704.46
4.42306, 593.275, -839.57
3.78593, 952.99, -1270.28
3.91087, -1863.38, 108.47
7.33834, 1731.5, -81.638
4.22841, 1518.77, 332.877
3.45922, -1952.15, 1471.37
5.05037, -1095.38, -749.479
5.21857, -1109.03, 1261.09
5.72333, -1315.09, -1214.7
3.89738, -15.7814, 1585.74
3.41887, -594.185, -1428.24
2.71579, -1663.14, 770.681
3.98408, -1008.32, -532.757
4.25548, -462.178, 278.073
7.09372, -856.973, 1403.87
5.81225, 991.129, -715.187
5.08041, 1730.14, 1158.96
4.03763, 1220.68, 1165.87
3.0007, -698.671, 306.462
3.47502, 755.996, -1758.68
4.11407, 61.0007, -254.764
5.56182, 1910.37, 174.807
5.13511, 1914.13, -1958.14
3.45653, 528.969, 561.676
4.7178, -1266.32, -857.606
4.48693, -1407.53, 1695.33
6.28051, -1208.22, 1489.31
6.6213, 1469.61, 1205.14
5.51573, 285.418, -695.068
3.04573, 1212.04, -1645.21
4.11797, 968.205, -330.341
5.03403, 20.9396, 633.383
4.76521, -1302.39, 1615.38
4.77315, -360.131, -891.829
4.91125, 1861.04, 1834.68
5.07896, 735.663, -1300.91
4.50207, 404.552, 1645.7
4.22945, 1951.4, 962.325
6.64533, 1862.99, -474.382
3.02204, -1455.25, -1583.79
6.40057, 1159.6, 1123.13
3.19919, -593.454, -476.662
2.62171, -1579.16, -1043.61
6.0664, 809.857, -1492.93
7.15538, 288.658, -1654.46
7.47667, 381.962, 347.637
3.86264, -1746.16, 305.282
3.6923, -960.225, -515.078
3.87328, 1911.55, 1235.75
5.70836, -1808.07, -1458.93
5.17637, 617.178, 300.073
6.8967, 1645.39, -586.948
6.75968, -1341.12, -1656.9
2.98004, 1793.3, -91.3977
4.66818, -1480.3, 437.171
3.17045, -402.708, -1506.01
5.86802, -346.33, 612.464
5.34964, -99.9836, -939.486
3.66474, -1225.22, 1149.42
5.50306, 529.446, -1370.02
2.6551, -1594.09, -52.1341
7.08512, 1130.98, -616.906
3.82958, 1722.4, -357.784
6.50016, -363.017, -1022.35
5.46389, 312.081, -1453.54
5.0822, 698.527, 1244.22
5.2567, 652.739, 1272.29
3.47225, 994.082, -472.558
5.36152, 260.619, -1478.54
3.81992, 418.386, 800.23
4.41648, -1533.19, 1076.37
2.73626, -1519.92, -1794.6
4.22823, 1172.31, -1346.79
3.61594, 1315.35, -854.612
3.81264, 38.4972, -1454.74
3.05141, -854.89, -810.918
7.40088, -1406.8, 31.71
5.93794, 1611.79, 1297.83
5.82158, -1094.71, -758.492
5.99501, -1198.77, -1341.52
2.68746, -1663.93, -1527.87
3.6706, -1262.22, -1492.58
3.95397, 1468.43, 1377.76
3.50543, -52.9614, -493.617
2.7177, 706.671, 683.017
2.56571, -1047.07, 1044.48
6.07297, -1047.15, 1530.18
6.88348, -1733.76, -1242.01
5.35088, -1771.49, 549.565
6.92743, 1720.81, 1710.2
5.20042, -715.707, -556.467
3.31357, 1856.85, -1285.32
3.30492, 1899.78, 883.2
7.19182, 621.84, 568.181
3.45628, 1100.13, -1691.66
3.15761, 8.77331, -196.494
4.41122, -605.551, -17.4823
6.12674, 519.029, -515.869
2.50651, 1082.55, 1743.66
4.60222, 48.3747, 1467.32
5.18984, 597.298, -431.115
4.86596, -474.767, 491.07
6.33003, 1083.04, 1741.82
2.9396, 1112.73, -915.564
7.04284, 278.611, 643.907
3.20818, -1715.6, -805.396
2.54782, 848.334, -96.3566
2.82267, 513.121, 1040.87
4.96742, 761.123, 443.754
5.40914, 1051.48, 1938.7
4.03373, -1886.23, 1087.42
4.57091, 1784.63, -138.191
4.33401, -1156.9, -1367.25
3.42687, 339.585, 1327.66
2.76788, 1261.89, 374.482
4.47222, 1073.4, -129.333
3.98388, -693.731, -265.748
5.05388, -790.077, 1635.96
3.75392, -1411.11, 456.996
5.01589, 1908.36, 1776.78
2.51168, -8.41468, 1557.91
7.01807, 1974.22, -893.825
2.79181, -1816.82, -1884.59
5.17506, -1354, 1616.06
3.95754, -757.065, 1735.77
7.3023, -1604.44, -529.924
4.73406, 645.749, -217.484
5.08479, 1775.48, 338.142
5.93861, -490.912, 76.9207
2.72187, -320.644, 145.814
7.2946, -1589.86, 1209.13
5.70852, 734.29, 308.469
2.80215, 1244.87, -1550.56
3.33964, 105.45, 534.368
5.76491, 976.492, -484.548
6.19864, -1538.21, 669.848
3.57011, 1697.1, 413.127
4.31441, 308.162, -1726.07
6.56981, -1294.44, 1860.72
5.32057, 1615.84, -939.824
7.45886, -97.3386, -1753.88
6.5669, -1526.41, 784.769
3.49157, -1974.36, -44.3622
2.50003, -284.441, -1669.53
4.62608, 1861.07, -1521.53
4.07406, 1700.99, 404.377
5.56218, 1211.14, -1857.38
3.83351, -378.283, -1078.7
4.39881, -1188.24, -126.585
5.43397, 1903.18, 600.386
5.95636, -280.204, -1009.35
7.26736, -908.938, -1137.08
4.89785, -586.667, -1895.26
3.60319, 762.823, -1443.37
5.33741, -1437.94, -903.892
6.09873, 845.666, 723.228
4.4953, -990.128, 1105.28
3.48326, -1374.54, 1971.56
6.66971, -1341.98, -1523.8
5.59561, -900.209, -1725.94
7.26866, -571.454, 370.427
3.23222, -28.2054, -536.379
5.38953, 72.9283, -913.661
7.26796, -774.11, 1427.7
3.62331, 1433.51, -1972.68
7.25137, -990.951, 1589.66
3.07874, 1584.47, -1010.23
2.58372, 61.4306, -503.679
3.90465, -713.826, -331.097
7.15042, 1275.71, 349.27
3.04796, 1522.66, 1752.22
6.77266, 51.3664, 1639.33
5.68532, -1445.51, -1458.28
5.63853, 810.773, -1420.51
3.80589, 1444.58, 1479.02
5.13936, -1904.34, 424.886
7.16608, -544.294, 1785.96
3.98055, 1836.92, 225.776
4.78006, 318.249, 887.762
6.35659, -1321.07, -1207.42
4.17193, 236.456, 240.795
6.31775, -79.8255, -1858.72
6.65892, -61.0495, 1880.03
2.64618, -1449.16, 1133.57
4.31315, 1424.83, -532.246
4.16221, 554.325, 923.886
3.17675, -1028.66, -584.789
3.00839, -608.931, 1245.01
5.11327, -1214.61, 1617.36
3.52046, 61.3334, -1059.6
5.00728, -1729.94, -1244.31
5.1371, -10.7742, 1924.98
4.13422, -526.903, -586.296
4.75888, 454.83, -879.327
6.85263, -12.8298, 1938.17
4.72884, 1280.34, 1727.91
6.03726, -914.94, -1820.13
6.83171, 1813.11, -1395.15
6.5822, 1719.92, 426.786
2.67504, 1771.79, 1679.81
3.8644, -1297.65, -477.592
5.21858, -842.116, -860.217
3.19942, -1911.09, -1113.47
5.57408, -1548.2, -1862.98
3.29182, -1341.65, -1208.79
4.41129, 200.887, 440.208
5.94997, -189.683, 376.987
3.21128, -787.834, 930.909
5.65284, -1568.12, 1576
3.15973, 386.557, 1871.25
7.13583, -1474.46, 493.306
5.53465, -1872.81, 1567.76
5.50388, -1857.09, 761.417
3.33635, 1169.37, -1043.82
3.301, -1736.75, -792.996
5.91628, 1232.84, -54.4058
5.1456, -1411.55, -22.9091
3.65264, -277.938, 1587.28
6.55373, -1010.71, -109.998
5.76477, -837.181, -1115.67
4.08597, -1143.41, -1181.31
2.53953, -521.139, -1622.85
3.49176, 1461.16, 1455.78
3.78831, -11.8994, 761.205
3.03825, 1761.71, 77.3071
3.49545, 255.309, -855.46
6.75079, 1607.54, -1540.15
6.63912, -1938.07, 426.861
6.76813, -1933.39, -1108.28
5.71027, 581.223, 1554.72
3.6787, 1439.19, -1973.23
6.80638, -1005.57, -1607.81
5.4745, 70.9518, -213.01
2.52745, 1008.32, -72.2244
6.84925, -1314.58, -936.559
7.37729, 1296.51, 198.866
5.59653, 751.681, 31.4753
3.85574, -1861.15, 758.99
7.46973, -325.712, -1254.31
4.60751, -1436.29, -1050.93
4.20537, -1584.94, -1226.88
4.80717, 750.648, -258.174
4.44822, 523.722, -764.792
4.613, -92.357, 1028.79
2.84879, 260.382, 581.676
5.5153, -105.66, -271.936
7.36114, -99.6385, 455.623
5.07406, -1395.11, -1060.9
7.45461, 1897.48, -274.05
5.84906, 1241.92, -259.228
4.01716, -1209.31, 137.601
3.47371, 1736.23, 1151.62
4.0109, -1425.9, -1860.85
4.93946, -672.545, 919.335
4.72438, 1064.55, 1971.76
5.7844, 644.056, -1867.97
3.74227, -1547.09, -1338.65
4.72007, 108.343, 1107.81
5.75894, -1385.11, 93.2149
6.67472, -1432.77, 385.031
6.03698, 384.025, 1620.47
4.93928, -1732.52, -1225.53
6.72039, 796.188, -470.926
7.00296, -1028.34, -392.542
6.33082, -1307.19, -1043.13
5.29453, 1263.97, 1706.74
2.70603, -6.53386, 139.214
5.46749, 1124.28, 134.039
2.68674, -1341.15, 1624.29
4.53488, 59.154, 873.777
2.84243, -1940.85, -1758.13
7.38558, -1540.81, -1765.56
2.5956, -1025.27, -475.515
6.60363, -309.647, -528.617
5.2195, -780.851, 1729.11
5.72828, 1575.01, -666.453
3.62934, -518.989, 81.5839
2.733, 1669.71, -1402.99
3.63154, 416.608, -1101.95
4.58371, -1267.37, 268.511
6.40126, 528.709, -1257.53
3.72852, -1845.54, 739.623
4.81411, 1299.15, 196.75
6.14756, 1854.71, 579.393
5.35237, -662.742, 1624.71
5.45997, 1863.27, 1826.98
4.98425, -1868.6, 558.97
3.951, 948.593, 239.653
4.71107, -22.6004, -477.234
2.53669, 1701.96, -794.672
7.41683, 1002.74, -719.692
2.52822, -1603.86, -325.152
4.8676, -238.06, 1495.93
5.86497, -624.197, -246.075
