6.27803, -1459.43, -1891.19
3.5948, 17.9151, -239.911
5.89648, 740.157, -1758.24
5.09708, -575.797, 1790.15
2.76731, -1899.43, 1279.69
2.53849, 630.461, 106.939
4.58743, -1611.17, -494.605
7.15218, 375.666, 787.897
2.95982, 55.455, 1393.83
6.00595, -381.293, 637.515
3.81226, 1072.27, 1594
4.14117, 943.401, -1756.49
7.45519, 923.412, 491.113
7.41275, -1037.07, -495.984
5.75759, 969.758, 857.904
6.92354, 513.06, -1645.35
6.33247, -296.286, -954.476
3.87453, -922.457, -117.208
4.93259, -1300.13, -607.415
2.80282, 1593.99, 1531.83
5.08146, 30.7215, 1533.86
4.96988, 1864.2, -742.814
7.23882, -1578.54, -941.809
4.42071, -52.6561, -1660.88
5.14874, 1603.99, -969.569
2.75042, 1699.96, -127.26
6.63909, 1104.16, 1068.57
5.94228, -1805.95, -1443.13
6.18112, 517.07, 1451.3
6.94286, 1881.43, 912.558
4.25508, -704.548, -1018.06
6.72991, 368.882, 43.3656
3.84659, 1214.99, -260.015
4.83959, 153.091, -363.922
3.2686, -1290.5, -903.485
2.66527, 1273.69, 286.247
7.2768, -28.2078, 180.921
6.95369, 232.762, 949.047
3.29884, 1293.74, 459.218
3.15214, 850.958, -1118.72
2.515, -923.461, -1606.07
6.0491, -1745.74, -369.209
3.40448, -983.414, 1655.23
5.76029, 1544.5, -665.979
4.42907, 803.786, -1403.03
3.23766, -7.99889, -494.771
5.45054, 1210.87, 320.418
3.24076, 318.144, 1766.43
3.2091, -332.066, 1883.23
4.94257, -943.395, 222.047
3.13015, 1671.94, -115.66
5.64635, -671.426, -1144.88
5.60817, 558.85, -1426.33
4.88216, -986.257, 1156.05
2.64188, -1014.21, -522.061
3.21011, -245.308, 1537.61
3.15594, -386.949, 1713.7
3.31099, -1658.2, 1511.01
3.76529, -518.736, -1627.67
4.77654, 1060.58, -1446.04
6.54472, -175.642, -583.46
3.57624, 592.944, 1641.37
3.75063, 1592.57, 746.538
5.02978, -133.725, 1422.16
6.27922, 1211.83, 305.156
5.66369, 1707.51, -60.4774
5.9449, 1221.64, -269.923
7.27207, 1873.83, 909.436
5.18713, -825.583, 1420.79
4.57014, -1489.51, 50.077
4.70019, 1483.67, 321.849
6.07821, 1437.12, 903.863
6.20858, 748.488, 1143.92
5.12494, 1518.09, -1880
6.06711, -1671.97, -162.774
5.91025, 633.998, -54.6053
6.82941, 1642.44, -1167.82
3.19597, 117.623, 1477.49
3.57766, 1827.49, -242.811
5.0733, -667.277, -306.363
4.83766, -172.917, 1420.09
3.55759, -479.08, 1211.05
5.65244, -1349.62, 1905.62
2.5044, -1817.91, 376.021
4.09589, 873.729, 1050.56
5.90281, 674.357, -204.415
6.0446, 1306.52, -1138.98
2.90869, -1580.27, 1268.61
3.56926, 534.06, 927.056
4.44412, -1618.83, -1124.6
4.44927, 1775.92, 1794.72
3.92018, 740.206, -915.749
4.6123, 1129.02, 1035.24
2.55658, -1299.96, -901.686
3.72027, 1819.2, -1252.25
4.49072, -1419.06, 1271.93
6.64177, -1321.53, 394.343
3.78584, 1874.35, -1407.37
3.59705, -1539.78, -985.789
6.47385, 744.405, 528.404
5.8476, 956.115, 771.405
5.49108, -1744.49, 638.883
5.99917, -724.094, -1059.72
5.13062, 1103.7, -1449.86
4.14833, 382.137, 211.089
3.30844, -1445.81, 753.997
6.56633, 1399.89, -39.0685
4.08004, 884.599, 240.124
4.05369, 54.1524, -1450.42
4.65424, 55.9818, 269.737
4.46509, -440.559, -949.513
4.43916, -41.5436, -330.224
4.34871, -1575.54, -949.054
5.88118, 641.437, -1045.91
6.10384, 834.809, 60.3184
7.20082, -130.492, 1746.77
5.08573, -163.636, -734.899
5.5282, -329.184, 621.067
5.85049, -1350.48, 1913.47
5.11404, 128.734, -584.335
3.87105, -1840.82, 1269.14
7.08924, 231.608, 561.976
3.73367, 1837.36, -897.03
4.77876, 707.158, 1292.96
3.30374, -1842.37, 1266.72
4.68319, 784.247, 722.867
7.45767, 895.966, 370.26
6.26931, -848.845, 774.965
4.97846, -1875.72, -1274.22
7.01651, -1307.13, -1563.78
4.68213, 974.901, 1060.19
5.09239, 315.679, -1884.23
4.44866, 182.048, -1641.98
5.63431, -390.699, -1162.69
5.19331, 763.508, 652.001
4.35955, 1286.59, -862.03
2.54674, -693.653, 689.57
6.3794, 68.4542, -1508.01
2.85317, -1744.12, -1155.44
3.98511, 841.805, -1367.14
4.78581, -103.192, -1678.99
3.25156, -184.865, 40.8175
5.97819, 1280.91, -843.766
4.15587, 739.55, 276.232
5.21197, 1905.1, -1672.44
2.64678, 1467.77, -1752.8
5.38086, 28.2516, -397.745
5.18133, 686.696, 933.191
7.36678, -1495.31, -1748.9
5.57063, -624.745, -1184.72
5.26431, -1446.61, 427.184
6.69051, -522.614, 1720.96
3.75764, -995.027, 1756.3
6.98957, 1195.8, -257.144
5.97428, 1024.78, -978.026
5.82752, -954.536, -160.038
3.06838, -1216.55, -1514.89
3.37987, -1852.97, 204.033
2.91253, -290.398, 335.571
6.68103, -448.777, 688.836
2.64818, 1888.39, -1536.03
6.34719, -43.8537, -1641.07
4.29829, -1022.16, 1696.38
6.24626, 52.0724, 1023.75
6.28385, 665.958, 627.255
3.60834, -1055.8, -1771.12
5.58305, 603.045, 308.072
3.66846, -1078.01, -458.214
6.22052, -1372.72, 551.835
5.80997, -1736.66, -1323.03
4.9209, 1833.79, -1473.48
2.58972, 1644.68, 378.148
4.98291, 905.084, 337.356
5.09587, -79.1429, -1720.28
4.71395, -1669.17, 998.864
4.14528, -50.3538, 1861.64
3.52671, 943.052, -197.522
7.19863, -445.112, -1200.02
2.85168, -987.527, 1801.26
3.30042, 65.676, -1462.41
6.70788, -1493.28, 42.2312
4.13614, -307.965, -511.777
6.85942, 330.302, 836.764
5.99896, 1308.97, 1021.72
5.52801, 1716.57, -403.089
4.77536, 124.828, -463.448
2.91543, -911.729, -445.233
3.94883, -57.1331, -246.904
6.51009, -1153.13, -1536.77
6.81821, 711.109, 64.964
3.81831, 809.699, -995.263
4.79881, -1586.61, -477.468
4.95672, 1196.27, -1028.3
5.82344, -925.688, -1899.2
7.31738, -1232.26, -351.717
7.23022, 1151.96, -1448.5
2.81902, 438.604, -1289.15
5.04829, -887.713, -552.362
6.13222, 1299.59, 1306.11
5.65882, 1132.46, -633.684
3.26658, -1795.33, -1836.19
5.09652, -1704.06, 1024.34
3.52281, -1064.09, 1646.49
6.03231, 787.083, -1649.77
6.05786, -937.042, -141.413
3.66304, -984.953, -460.86
6.80594, -53.137, -228.765
2.67122, -187.585, 1820.54
6.26587, -1824.45, 164.202
4.14789, 1240.78, 286.364
4.65309, 104.056, -1025.36
7.33455, 1782.9, -423.104
4.05803, 1463, 1341.1
5.69762, 1834.67, -1370.69
5.95386, 1674.86, -112.31
5.36403, 82.9629, 1243.33
6.60667, 1810.55, -1451.78
4.21807, -1745.56, -1359.36
5.09387, -1599.16, -1454.76
6.78438, 232.132, -1823.64
6.18587, 727.83, 55.5845
3.45992, -1720.77, 717.572
2.83145, -612.299, 645.271
3.60828, 1753.78, -1428.01
3.33656, 294.263, -343.721
6.31172, 734.27, -1779.82
5.44905, -1652.19, 768.684
4.65223, 1708.39, 1668.32
7.09618, 1281.16, 25.6368
5.09668, 915.142, 358.499
7.38058, -1379.97, -81.2823
5.15714, -898.799, 259.034
2.98716, 681.069, 686.779
5.83983, 384.733, 253.151
5.44444, 307.65, -23.4391
5.01137, -1340.04, -195.217
2.75808, -1782.43, 859.588
2.6753, -639.208, 44.0108
4.41484, -1524.52, -1036.62
5.55555, 382.77, 204.532
5.06574, 1095.08, 1694.52
5.98498, 673.417, -26.4182
4.89891, -12.5452, -395.681
3.88323, 97.8882, 852.105
6.01685, -867.8, 385.73
3.67701, 1676.8, 58.4429
6.41501, 284.182, -361.566
6.60589, 672.797, 1603.18
3.21842, -970.789, 95.9254
5.75757, -1000.39, 1535.97
3.87677, 1693.56, -1886.58
7.26215, -757.125, 1393.36
4.58238, -1471.42, 39.6441
3.03869, -248.007, 773.224
4.70633, -1543.06, 1066.34
6.28811, -819.837, -547.865
2.77803, -684.488, -578.841
3.51241, -25.4201, 258.06
6.82305, 1780.96, -1418.72
6.52456, -487.661, 33.2071
2.78861, -1328.13, -1292.7
4.40304, -110.894, -1410.28
4.56124, -221.312, 1466.13
2.80071, -727.001, 605.71
7.09746, 1585.82, 1249.19
3.35398, 1077.29, 1652.8
6.51634, -1848.02, 394.988
3.88599, 1430.06, 93.4745
4.44586, 331.393, 1485.47
7.19936, 142.156, 1226.47
6.24573, 374.023, -387.178
3.44774, -675.66, 1488.62
6.89581, 838.067, 949.563
6.8953, 810.404, -1605.85
3.30515, -1597.11, -499.957
5.87346, -1564.15, -360.533
6.89096, 1270.48, 277.9
6.98262, 496.68, 1052.12
3.06535, -0.227944, 1467.53
5.93789, -453.392, -493.548
3.21651, -1445.36, -1461.71
3.6901, 768.725, -72.8054
5.64383, 1812.36, -416.941
4.312, 1587.47, 742.437
4.64437, 1161.8, 1419.3
4.91936, -41.7048, -1639.16
6.20379, 31.6173, -249.426
3.23098, -736.853, 1652.14
7.36238, -1657.87, -1484.65
7.3158, -1025.07, -427.933
3.14741, -1152.9, 1291.15
5.3784, -570.979, -1186.38
4.66439, 314.277, -332.495
5.50066, -450.662, -439.794
5.85098, -1334.2, -173.415
4.5137, 800.21, 1919.51
6.46691, 1331.38, 1328.91
4.89889, -1868.9, -485.112
5.72449, 597.966, 522.125
4.28836, -529.686, 1210.69
5.96794, -640.133, -436.776
5.83428, -831.364, -1341.74
3.22071, -827.074, 1414.48
7.10415, -1824.47, 376.751
4.22228, 74.8837, -458.703
6.66824, -799.749, -935.152
2.74349, 599.511, -1432.26
3.27936, -490.691, -106.688
2.55765, 648.792, 959.641
3.94327, 224.067, 1158.96
5.07295, -675.382, -302.762
3.65948, 1339.48, 864.62
2.75022, -498.869, -117.817
5.33091, -1207.25, -1571.48
6.69774, -314.539, 1281.19
4.28763, -1263.63, -901.334
4.3452, 329.338, 1698.26
7.22226, 525.355, -136.398
4.72425, -1751.92, -318.644
6.82086, 914.828, 309.03
5.82654, -1548.7, -1439.82
5.79297, 349.318, 1301.79
7.10736, -1878.18, 1881.86
5.11536, 1879.28, -1268.69
5.45229, 886.518, -883.405
5.79944, 1318.59, 1313.79
4.24765, 543.78, 945.414
4.11714, 634.161, 104.79
7.08984, -238.088, 1449.13
3.08619, 1841, -897.979
7.31268, 1202.75, -254.855
5.17978, 112.988, -570.639
5.81447, 1575.53, 1275.53
5.48362, 1726.83, -994.737
6.93363, -1015.33, -1444.63
6.67999, -1304.9, -1191
6.69339, 498.819, 371.63
6.85642, -344.768, 590.759
2.5002, -1544.72, 664.679
4.77274, 545.107, 663.62
4.25696, -1849.94, 385.142
5.80713, -506.037, 1389.54
6.22234, -1766.15, 298.071
3.3821, -321.662, -948.981
7.4621, 1601.75, -1534.46
5.95466, -1831.45, 385.762
6.97862, 296.355, -42.0277
3.51579, 670.918, -193.665
7.2356, -958.127, -74.558
4.88476, 1741.97, -948.989
6.78578, 1803.27, -1533.72
6.41237, -1811.13, -1132.97
5.70687, 1803.57, -1747.84
3.14521, -1418.96, 337.48
5.77944, 17.5666, 1325.16
3.09199, 112.495, 0.581795
3.88793, 614.749, 1557.72
6.65548, -505.934, -504.076
6.14153, -1474.53, -1013.67
6.74348, -1205.14, 582.882
3.43989, -1481.96, -1738.11
6.09602, 1114.82, -606.687
4.25586, 316.364, 607.221
3.34555, -841.677, -1381.57
4.52383, 671.534, -1040.53
4.20924, 323.39, 1469.66
6.67141, 689.505, -258.379
3.9111, 1398.09, 1177.26
5.16766, -1273.42, -897.277
6.25085, 1882.71, -1702.9
4.62554, -1306.68, -1489.49
4.66964, -1064.55, 1099.03
3.03022, 1690.08, -1830.42
6.4639, -58.2966, -866.521
3.91232, -1189.72, -929.168
7.14264, -1138.29, -472.659
5.37926, 484.744, 1021.71
3.4895, 1634.6, -592.174
5.99081, 1130.78, -1467.04
3.07265, 974.197, -1810.98
4.22945, 556.724, 1498.89
4.15646, -1129.39, -460.844
6.42735, 1654.33, -1862.89
6.65775, 916.885, -424.76
4.21712, -1457.39, 1493.43
4.2603, -518.36, 1741.37
6.38197, 258.516, -1527.38
6.58658, 1.73969, 1367.14
4.26157, -304.245, 578.217
7.09559, -808.252, -567.33
3.2877, 1031.56, 487.998
5.56029, -923.712, 1164.95
5.54222, -827.31, 1415.2
3.16647, -484.456, -1431
3.51409, -1434.42, -1010.78
4.79457, -1671.73, 1025.81
3.48759, -971.355, 1788.23
6.77118, -1647.45, 738.193
6.54562, -1516.28, -1318.47
2.80131, -1754.69, 1707.31
6.50584, -1418.63, 1273.12
5.49597, -332.537, -1046.18
7.43182, -1763.69, 489.056
2.65919, -266.366, 1313.04
6.8356, 1784.75, -1424.61
3.69109, 1249.79, 635.542
3.6127, 370.046, 792.92
4.73907, -1790.61, -1103.29
2.61231, 1698.96, -356.57
6.79755, -549.868, -32.9042
4.15902, 446.115, 1109.96
5.72195, 580.02, 581.758
7.43521, -1822.8, -1002.02
5.30162, 571.157, -1147.43
4.74553, -1511.53, -494.04
5.213, 307.695, -1406.9
2.90797, 1575.08, -66.4115
3.99606, -1588.63, -472.098
6.63964, 1564.07, 1292.79
6.48936, 1223.37, 1779.56
5.71048, -229.125, 1361.58
4.84105, 1238.92, 731.363
7.15326, -385.959, -1106.81
5.08798, -492.939, -94.7254
7.42924, 1589.68, -1001.97
5.94567, -108.654, -1369.81
6.19966, -309.871, -961.605
3.46323, -797.636, -1793.1
6.08881, -917.994, 1198.54
6.11146, 1147.89, -309.509
6.49298, 557.573, 295.833
4.23216, 503.422, -1920.78
5.1481, -52.3405, -225.662
3.19001, 1459.59, -672.016
6.73218, -428.478, -484.076
6.32766, -67.0166, -1692.35
7.5, 1773.85, -855.446
4.24891, 972.381, 1927.62
5.50367, -1177.8, 1119.49
3.50808, -983.874, 122.681
6.2385, 84.7503, 315.315
6.49225, 1867.91, 439.747
3.03505, -1393.74, 211.76
5.35813, -1020.05, 83.7014
2.84683, 717.529, -720.737
4.16036, 1384.16, 1376.16
5.80945, 934.673, -1386.34
5.27726, 274.147, -352.004
7.12415, 455.34, -20.6481
2.69832, -929.924, 416.086
2.62083, -582.905, 441.029
4.61923, 455.063, -1283.55
4.36987, 917.413, 275.12
2.93303, -453.161, -491.545
3.05403, -266.063, 334.131
5.31992, 706.746, -679.919
7.37269, 18.9702, 1432.26
3.05066, -95.7186, -1687.55
5.99352, 200.333, 1875.2
2.79674, -140.146, -1397.16
4.69755, 1665.82, -161.14
5.24651, 1923.66, 1405.54
3.45129, 1347.35, -1467.27
7.36597, 669.922, 629.944
3.19593, -1341.4, -135.342
5.48978, 1768.13, -896.497
7.12812, -1708.06, 1402.9
3.91116, -140.171, 1734.57
6.8307, -327.088, -169.116
6.29598, -403.829, -1155.8
6.10793, 679.658, 1201.82
3.34241, -683.977, 710.035
3.32882, 1581.61, 750.612
3.39076, -1295.68, -1905.8
5.87226, 637.339, -1153.33
4.83484, -637.907, 42.736
6.85219, -1574.23, -711.632
5.76023, -1329.45, -179.287
5.80464, 1484.33, 1698.06
2.58037, -1322.17, -1193.94
4.30596, -1508.67, -1321.46
3.72747, 1815.95, 184.716
6.93086, -1799.48, -1813.43
5.23701, 1644.24, 1569.42
6.57209, -90.555, -1275.45
5.24453, 337.417, 1678.45
4.16156, 980.374, -101.608
4.40213, 0.218835, -1298.03
2.52389, 1799.18, 1260.48
6.95226, -169.236, -798.848
6.16955, -934.266, 1334.28
6.04239, -249.195, 1325.89
5.1278, 153.188, -378.091
6.41065, -341.345, -1576.66
3.42484, -791.492, -879.117
5.72673, 518.995, 934.012
3.42178, -1292.74, -569.84
3.31214, 44.8967, -228.651
2.65594, -367.654, 1674.16
7.42716, 270.404, -1347.29
4.04559, -621.892, -1369.07
4.11075, -1323.79, -567.931
5.51155, 539.63, -428.809
2.89107, -648.17, -1791
3.93936, 8.22334, 130.187
5.79307, -315.568, -959.02
7.36348, -1858.49, -719.929
7.27758, -724.176, -1532.87
7.42745, -1303.65, -594.569
7.30478, -1757.16, -1402.85
3.0073, -1030.76, 1098.87
3.71505, -287.795, -931.825
6.91151, 211.727, -796.872
5.28805, 676.947, 1320.23
6.7669, 1573.23, 1047.9
7.49145, -1058.59, 1101.63
3.99751, -428.554, -943.623
6.33157, 1908.42, 854.384
4.81901, 576.669, -329.983
6.8168, -1290.07, -1516.08
6.99018, 1687.99, -59.1848
7.377, 504.026, -786.166
2.77405, 1203.87, 338.638
6.32605, 1809.71, -1262.29
5.09219, -1818.7, 1469.72
3.46574, 1880.26, -390.617
6.98252, 450.893, -1098.8
6.38492, -1666.37, 203.041
2.75968, 800.135, 1056.4
7.47331, -1631.91, 1500.2
5.93659, -138.663, -857.482
5.94854, 1739.5, 989.779
6.57666, -1313.24, 1606.63
7.05426, -125.516, -955.078
3.34218, -402.95, 735.676
5.24183, -1195.23, 1554.88
6.53351, -1009.84, -445.31
4.17803, 652.541, -1026.92
5.53435, -202.134, 64.7524
6.59602, -1781.82, 675.949
7.3485, 123.432, -472.311
6.29349, 1105.37, 1022.86
3.72113, -298.435, -210.479
5.80589, -1141.56, 767.918
4.21574, -938.544, -413.92
7.27146, 725.505, -763.93
2.60828, 1577.24, 1085.41
4.54979, -1764.75, 1839.68
2.55789, 1131.11, -1353.34
3.04964, 1734.99, 399.039
5.28259, -1618.79, 202.769
4.45466, -7.89872, -484.559
7.20539, 240.833, -367.543
2.55572, 364.936, 740.039
6.22897, -371.544, -923.066
3.84293, 276.468, 274.133
4.27153, -1311.43, -1501.41
3.45835, -890.151, 1255.04
5.14832, 600.15, -280.447
4.39478, -130.497, -1685.82
3.16407, -56.4855, -1644.24
4.26563, -341.361, -1039.89
4.2497, 1553.79, 1909.57
7.41084, 1236.33, -256.85
5.25961, 285.288, -715.775
4.99918, 87.9548, -1431.75
3.58531, -1658.55, 829.67
4.37311, -498.627, -1231.66
6.78251, -1303.66, -897.321
6.45578, 1599.56, -1036.36
3.9204, -1040.62, 1776.34
5.07645, 879.55, 247.738
6.79238, -526.155, 30.5187
7.07844, -1748.96, -390.954
7.48941, 267.448, 1762.85
6.53177, 279.035, -346.105
5.22718, -1792.67, -311.752
7.3461, 303.497, -1435.06
5.31931, -1156.26, 730.629
4.03031, -894.797, 1291.23
5.41853, 1799.32, 1788.66
2.91197, 143.485, -568.673
5.47382, 680.239, 1177.91
3.31968, -1140.24, -1162.34
6.46527, -1282.69, -965.262
2.95373, 1200.51, 1382.11
6.3072, -971.676, -1360.16
6.83996, -569.242, -31.1283
6.40105, 321.831, -672.872
6.61399, 1830.92, 1778.4
6.70974, 735.955, 1085.66
4.48328, 954.792, 494.996
6.508, -300.599, 334.59
6.56811, 742.401, -85.2397
5.43493, -803.512, 183.029
4.64621, 1536.6, -54.6269
2.5002, -71.7667, -884.175
5.31153, -1596.51, 657.327
6.22632, 712.178, 671.313
3.89846, 1801.62, 541.929
2.93406, -1883.12, 1113.17
3.5733, 1708.36, -1735.85
3.93296, -947.885, 1192.51
4.86595, -764.234, 920.651
6.95893, 1677.91, 1647
5.91955, 997.547, -970.144
3.54376, -16.2732, -238.384
6.67533, 1548.38, -8.43342
7.09218, 1822.31, 1774.92
4.48244, -1003.78, -1352.01
6.37858, 1096.16, 1046.32
5.68161, -246.306, -187.177
6.64746, 963.274, 517.673
3.40204, 1080.07, -931.061
7.45927, 1097.29, -1486
6.70558, -281.668, -1622.54
4.65177, 1733.83, 498.292
4.38589, 1190.59, 1709.93
2.70802, 1241.89, -991.611
6.80715, -1513.75, -1052.15
6.62116, 1778.85, -1769.01
6.25052, 55.7835, 1441.6
3.55801, -349.901, 1868.99
4.31029, -1560.21, -351.81
4.43545, -1207.94, -1530.79
7.32918, 1595.26, 1243.32
6.5872, -265.526, 1328.79
4.5755, -143.735, 878.427
5.83759, 392.875, 301.244
2.52101, 992.421, 1850.56
6.98048, -1442.25, 428.283
3.68416, -716.163, 706.537
3.79415, 700.227, -237.622
5.4939, 757.5, -1388.27
6.89823, -1646.69, 733.019
6.16299, -1157.38, -1159.82
6.0773, 1713.27, 1147.06
3.57724, -1177.14, 967.474
6.30413, 1369.69, -1880.93
3.85351, -374.67, -1018.24
2.75246, 1295.2, 630.983
4.78866, 615.195, 549.968
2.58759, 850.092, -1491.24
3.01129, 86.7585, -421.768
2.639, -311.345, 585.136
5.65921, -716.274, -1077.57
6.34425, 136.96, -478.954
2.74132, 1080.26, -1632.36
6.6924, -51.0462, -1244.99
6.76899, -483.029, -538.679
6.57649, -982.602, 1131.01
6.85188, 1578.03, 760.691
5.27222, -1236.79, -297.975
6.12646, -483.13, 9.38092
3.20424, -984.909, 1751.97
6.6115, 1151.94, -1008.58
5.51185, 1401.82, -373.735
4.93856, 966.988, -1777.79
6.14942, -535.921, 1768.25
4.05164, 1509.88, -1315.29
3.93925, -1405.15, 668.361
5.45857, -1826.28, 1509.26
5.34055, 1208.58, 1667.31
5.41059, -1840.08, -1112.88
2.84132, -1343.03, 584.59
4.34304, 286.683, -688.161
6.28475, -1865.08, -1118.45
6.35297, -904.757, -1694.68
4.27217, -790.961, -548.458
5.98913, 425.665, 1798.46
5.08005, -1303.35, -582.219
5.94494, 705.68, 294.735
6.18066, -161.383, 1249.92
2.56231, -657.517, -1306.64
7.16549, 1271.64, -301.915
5.37826, 279.537, 222.61
3.05587, 951.959, 1921.45
4.87388, -212.355, 45.6612
3.24247, 493.919, 164.407
4.22594, 113.893, 871.108
7.04476, -1756.7, 305.744
4.54571, 16.3023, 1065.29
5.96642, -1344.94, -185.851
3.35865, 734.44, -1716.31
6.21715, 1730.11, -983.123
4.16319, -854.328, 1332.98
4.62157, 1253.92, 623.299
2.79523, -326.817, -196.094
5.09005, 545.762, -428.243
5.94425, 908.276, -1134.43
5.01149, -562.669, -31.8673
6.56617, -364.493, -1464.75
3.07974, 194.158, -1803.43
5.24841, 551.76, 936.802
5.06046, 724.032, 66.684
6.02649, 1857.63, 899.887
5.65083, -504.583, 1741.86
4.0207, -98.3487, -1271.49
6.74719, 794.649, 694.406
3.39619, 1243.66, -58.1486
2.61737, -1007.5, -191.628
4.19467, 1383.84, 83.0653
3.43818, 748.729, -260.004
6.60467, -564.596, 321.732
6.72507, -1792.08, -375.366
6.78031, 1674.43, -1387.07
7.37454, -1830.42, 1279.89
2.99587, 849.346, -871.092
2.56182, 1133.74, 1271.82
2.58614, 449.705, 1104.05
2.64527, 441.491, 205.544
4.1031, 295.468, -707.651
6.17815, 1219.62, 578.854
3.14876, 706.799, 925.494
2.5161, -753.238, 970.194
6.91905, 269.236, -1575.38
3.70482, 399.399, -1091.29
4.38481, -1622.17, 1470.35
4.44879, 1277.88, 229.462
2.81534, 1229.77, 598.519
7.30792, 373.084, 1801
3.75349, 1414.95, -700.483
6.85376, -1345.42, -163.027
2.85991, -1775.47, 758.895
2.70653, -1162.83, 1162.32
3.46378, 654.326, -1050.61
3.86708, -598.935, 611.551
7.4007, -1884.99, -703.679
3.60607, 689.828, -1010.65
6.43119, -1729.62, 1666.57
4.42306, 538.602, -811.87
3.78593, 919.291, -1253.32
3.91087, -1801.22, 120.364
7.33834, 1778.73, -101.287
4.22841, 1431.57, 307.152
3.45922, -1871.9, 1454.13
5.05037, -1091.04, -731.999
5.21857, -1074.07, 1220.41
5.72333, -1315.26, -1186.34
3.89738, 6.31993, 1511.6
3.41887, -611.214, -1371.63
2.71579, -1696.15, 729.212
3.98408, -915.57, -471.63
4.25548, -459.129, 262.47
7.09372, -841.529, 1315.47
5.81225, 990.816, -702.854
5.08041, 1723.93, 1120.15
4.03763, 1163.83, 1112.66
3.0007, -663.158, 288.034
3.47502, 728.687, -1787.29
4.11407, 66.2583, -214.228
5.56182, 1806.44, 180.55
5.13511, 1875.09, -1908.51
3.45653, 627.553, 539
4.7178, -1273.86, -898.659
4.48693, -1343, 1620.5
6.28051, -1180.58, 1492.96
6.6213, 1450.39, 1206.19
5.51573, 268.905, -746.716
3.04573, 1172.28, -1579.71
4.11797, 939.271, -330.617
5.03403, 41.6705, 615.133
4.76521, -1330.27, 1586.23
4.77315, -345.814, -928.648
4.91125, 1824.15, 1824.69
5.07896, 724.086, -1296.75
4.50207, 362.167, 1586.58
4.22945, 1890.81, 844.311
6.64533, 1818.07, -414.998
3.02204, -1400.45, -1517.23
6.40057, 1072.5, 1066.74
3.19919, -583.418, -465.044
2.62171, -1530.66, -1034.83
6.0664, 775.519, -1384.3
7.15538, 290.439, -1579.61
7.47667, 439.451, 334.078
3.86264, -1787.58, 304.38
3.6923, -1032.44, -496.926
3.87328, 1839.82, 1215.77
5.70836, -1763.92, -1458.28
5.17637, 590.806, 250.848
6.8967, 1590.85, -587.573
6.75968, -1277.1, -1565.96
2.98004, 1659.44, -148.083
4.66818, -1447.41, 468.443
3.17045, -332.254, -1465.42
5.86802, -368.189, 624.086
5.34964, -77.6333, -885.636
3.66474, -1120.51, 1142.54
5.50306, 510.119, -1324.22
2.6551, -1529.11, -29.2756
7.08512, 1081.85, -571.131
3.82958, 1702.68, -370.501
6.50016, -350.591, -1064.98
5.46389, 223.008, -1481.31
5.0822, 678.003, 1216.4
5.2567, 738.622, 1205.2
3.47225, 913.288, -448.042
5.36152, 303.397, -1417.49
3.81992, 341.195, 795.535
4.41648, -1562.23, 1044.31
2.73626, -1490.26, -1749.12
4.22823, 1137.11, -1359.02
3.61594, 1281.95, -873.01
3.81264, 30.1369, -1421.34
3.05141, -816.832, -871.557
7.40088, -1358.28, -7.13924
5.93794, 1552.05, 1243.97
5.82158, -1091.24, -738.779
5.99501, -1171, -1335.46
2.68746, -1653.9, -1482.67
3.6706, -1302.39, -1517.01
3.95397, 1479.2, 1341.11
3.50543, 19.9505, -411.96
2.7177, 696.443, 593.377
2.56571, -1059.78, 1117.46
6.07297, -995.475, 1540.62
6.88348, -1696.48, -1195.68
5.35088, -1749.84, 633.875
6.92743, 1715.73, 1673.19
5.20042, -734.423, -540.223
3.31357, 1757.9, -1263.43
3.30492, 1859.22, 897.633
7.19182, 603.715, 514.942
3.45628, 1045.83, -1625.12
3.15761, -18.4838, -232.37
4.41122, -473.691, 70.1113
6.12674, 558.951, -415.808
2.50651, 1096.11, 1688.07
4.60222, 64.2827, 1444.79
5.18984, 522.65, -464.15
4.86596, -461.08, 475.708
6.33003, 1096.46, 1691.34
2.9396, 1064.48, -948.205
7.04284, 290.639, 648.86
3.20818, -1656.49, -813.933
2.54782, 720.587, -58.5875
2.82267, 538.633, 913.349
4.96742, 748.571, 440.517
5.40914, 1035.36, 1914.53
4.03373, -1836.14, 1078.11
4.57091, 1682.84, -110.747
4.33401, -1202.53, -1296.8
3.42687, 301.876, 1296.13
2.76788, 1245.13, 283.625
4.47222, 1030.04, -107.617
3.98388, -672.566, -258.19
5.05388, -774.416, 1616.71
3.75392, -1461.9, 449.795
5.01589, 1818.76, 1814.26
2.51168, 25.2722, 1575.02
7.01807, 1878.83, -882.779
2.79181, -1841.4, -1853.86
5.17506, -1239.36, 1574.98
3.95754, -763.638, 1676.97
7.3023, -1572.77, -507.262
4.73406, 705.495, -206.343
5.08479, 1706.11, 359.64
5.93861, -482.794, 8.65924
2.72187, -317.053, 117.212
7.2946, -1560.41, 1188.26
5.70852, 754.511, 288.627
2.80215, 1159.64, -1486.76
3.33964, 144.238, 525.939
5.76491, 967.344, -441.063
6.19864, -1544.15, 660.696
3.57011, 1636.29, 425.686
4.31441, 274.696, -1603.73
6.56981, -1287.26, 1822.16
5.32057, 1610.17, -919.524
7.45886, -92.4687, -1698.75
6.5669, -1525.86, 734.965
3.49157, -1913.37, -36.726
2.50003, -302.918, -1620.63
4.62608, 1800.67, -1419.09
4.07406, 1656.08, 404.682
5.56218, 1198.82, -1811.24
3.83351, -326.358, -1033.29
4.39881, -1182.05, -146.223
5.43397, 1813.24, 581.873
5.95636, -242.221, -934.1
7.26736, -857.319, -1104.27
4.89785, -591.845, -1831.82
3.60319, 763.737, -1394.96
5.33741, -1378.37, -951.881
6.09873, 735.406, 679.837
4.4953, -952.364, 1168.53
3.48326, -1360.6, 1885.52
6.66971, -1303.43, -1499.28
5.59561, -902.439, -1716.35
7.26866, -551.977, 353.863
3.23222, 17.5122, -411.81
5.38953, 34.6566, -887.221
7.26796, -861.938, 1393.3
3.62331, 1410.35, -1954.53
7.25137, -976.329, 1574.26
3.07874, 1549.5, -977.361
2.58372, -7.6417, -425.015
3.90465, -668.392, -336.092
7.15042, 1250.8, 266.106
3.04796, 1529.09, 1714.04
6.77266, 4.35628, 1525.41
5.68532, -1410.31, -1433.42
5.63853, 816.221, -1408.41
3.80589, 1433.67, 1362.44
5.13936, -1812.54, 422.964
7.16608, -462.736, 1740
3.98055, 1782.67, 233.012
4.78006, 368.722, 799.013
6.35659, -1325.48, -1163.43
4.17193, 268.603, 216.572
6.31775, -101.652, -1680.98
6.65892, -53.0073, 1809.01
2.64618, -1444.82, 1120.88
4.31315, 1398.04, -518.914
4.16221, 554.273, 956.607
3.17675, -1016.39, -478.584
3.00839, -588.619, 1234.12
5.11327, -1174.79, 1583.91
3.52046, 65.0322, -1018.64
5.00728, -1699.87, -1195.82
5.1371, -37.4887, 1877.11
4.13422, -530.32, -571.053
4.75888, 475.401, -822.792
6.85263, -64.7264, 1833.57
4.72884, 1207.45, 1673.56
6.03726, -901.792, -1709.13
6.83171, 1765.35, -1381.29
6.5822, 1667.8, 420.139
2.67504, 1661.05, 1670.19
3.8644, -1252.37, -500.169
5.21858, -829.213, -842.567
3.19942, -1773.92, -1125.33
5.57408, -1471.67, -1791.11
3.29182, -1173.91, -1220.7
4.41129, 214.445, 431.288
5.94997, -195.73, 365.98
3.21128, -804.72, 953.993
5.65284, -1565.92, 1517.36
3.15973, 321.991, 1825.55
7.13583, -1435.4, 403.834
5.53465, -1835.57, 1566.72
5.50388, -1776.42, 725.748
3.33635, 1150.31, -1017.75
3.301, -1671.14, -802.396
5.91628, 1189.02, -46.3728
5.1456, -1378.04, -13.3379
3.65264, -243.74, 1480.11
6.55373, -971.886, -118.423
5.76477, -826.548, -1092.11
4.08597, -1189.83, -1179.31
2.53953, -504.161, -1585.23
3.49176, 1436.27, 1389.17
3.78831, 12.2975, 748.382
3.03825, 1722.3, 65.805
3.49545, 237.626, -825.137
6.75079, 1598.46, -1541.96
6.63912, -1810.09, 425.59
6.76813, -1856.82, -1083.92
5.71027, 598.965, 1539.97
3.6787, 1412.75, -1955.18
6.80638, -1007.34, -1553.93
5.4745, 25.6577, -252.608
2.52745, 1019.09, -126.799
6.84925, -1288.35, -900.989
7.37729, 1258.65, 250.809
5.59653, 722.118, 52.8401
3.85574, -1785.36, 721.63
7.46973, -369.273, -1176.25
4.60751, -1372.65, -1015.09
4.20537, -1564.93, -1206.71
4.80717, 686.629, -206.7
4.44822, 506.157, -826.345
4.613, -52.8599, 1020.27
2.84879, 252.149, 608.486
5.5153, -67.9125, -239.522
7.36114, -101.101, 427.089
5.07406, -1419.52, -1000.2
7.45461, 1833.63, -262.104
5.84906, 1237.34, -298.917
4.01716, -1199.91, 120.582
3.47371, 1672.12, 1162.84
4.0109, -1477.04, -1782.3
4.93946, -686.886, 905.682
4.72438, 1015.87, 1883.27
5.7844, 671.789, -1796.54
3.74227, -1486.94, -1389.82
4.72007, 99.1655, 1088.36
5.75894, -1389.31, 3.72385
6.67472, -1412.33, 486.671
6.03698, 374.016, 1615.07
4.93928, -1683.05, -1235.27
6.72039, 781.156, -438.354
7.00296, -1018.67, -445.18
6.33082, -1331.53, -987.352
5.29453, 1308.12, 1764.84
2.70603, -15.8912, 120.196
5.46749, 1106.86, 148.563
2.68674, -1223.57, 1570.51
4.53488, 136.898, 857.495
2.84243, -1887.29, -1732.43
7.38558, -1510.8, -1819.22
2.5956, -965.346, -550.109
6.60363, -338.105, -529.681
5.2195, -759.389, 1663.39
5.72828, 1509.26, -680.341
3.62934, -529.304, 23.7336
2.733, 1753.75, -1432.3
3.63154, 418.694, -1077.67
4.58371, -1269.03, 260.505
6.40126, 513.718, -1231.48
3.72852, -1819.63, 685.529
4.81411, 1249.12, 309.561
6.14756, 1859.96, 573.329
5.35237, -674.097, 1593.08
5.45997, 1815.72, 1839.6
4.98425, -1768.89, 547.524
3.951, 900.479, 313.022
4.71107, 14.9699, -503.403
2.53669, 1670.44, -808.676
7.41683, 974.596, -697.636
2.52822, -1523.41, -397.687
4.8676, -203.306, 1479.63
5.86497, -654.508, -263.266
