6.27803, -1472.44, -1990.2
3.5948, 124.914, -172.305
5.89648, 719.07, -1807.42
5.09708, -469.597, 1748.65
2.76731, -1865.31, 1316.23
2.53849, 668.249, 106.764
4.58743, -1719.52, -464.884
7.15218, 356.752, 750.363
2.95982, 103.81, 1384.11
6.00595, -320.329, 635.373
3.81226, 1054.1, 1636.27
4.14117, 943.56, -1804.53
7.45519, 1021.06, 524.393
7.41275, -1014.63, -543.6
5.75759, 1009.37, 887.688
6.92354, 525.245, -1703.25
6.33247, -244.211, -901.983
3.87453, -1035.63, -96.7351
4.93259, -1347.57, -607.344
2.80282, 1640.49, 1581.61
5.08146, 15.9414, 1610.7
4.96988, 1938.74, -725.438
7.23882, -1631.2, -936.977
4.42071, -7.74231, -1696.47
5.14874, 1649.75, -896.032
2.75042, 1756.06, -132.362
6.63909, 1084.57, 1072.8
5.94228, -1925.38, -1493.71
6.18112, 517.897, 1470.74
6.94286, 1981.58, 900.535
4.25508, -766.076, -1069.21
6.72991, 364.826, 52.3157
3.84659, 1328.8, -325.661
4.83959, 147.833, -352.198
3.2686, -1292.9, -854.245
2.66527, 1220.11, 284.583
7.2768, -10.9706, 144.026
6.95369, 219.786, 989.046
3.29884, 1361.07, 495.826
3.15214, 857.779, -1146
2.515, -903.698, -1633.05
6.0491, -1907.1, -352.427
3.40448, -1029.55, 1742.32
5.76029, 1545.39, -724.781
4.42907, 729.522, -1397.17
3.23766, -6.81615, -454.572
5.45054, 1368.48, 345.507
3.24076, 236.907, 1819.19
3.2091, -363.341, 1927.05
4.94257, -987.112, 255.828
3.13015, 1817.31, -140.709
5.64635, -718.026, -1195.61
5.60817, 602.153, -1487.12
4.88216, -1001.72, 1206.36
2.64188, -1154.25, -478.482
3.21011, -282.647, 1603.04
3.15594, -361.132, 1782.73
3.31099, -1645.32, 1517.21
3.76529, -536.874, -1707.65
4.77654, 1145.48, -1467.8
6.54472, -189.249, -600.147
3.57624, 605.168, 1718.98
3.75063, 1634.18, 722.112
5.02978, -116.085, 1441.48
6.27922, 1269.75, 380.384
5.66369, 1813.85, -140.354
5.9449, 1280.76, -253.55
7.27207, 1941.46, 815.916
5.18713, -846.738, 1419.54
4.57014, -1577.76, 58.045
4.70019, 1503.21, 310.317
6.07821, 1473.32, 917.522
6.20858, 819.368, 1197.17
5.12494, 1541.78, -1919.85
6.06711, -1732.86, -148.191
5.91025, 668.765, -43.4619
6.82941, 1664.09, -1198.56
3.19597, 171.422, 1552.33
3.57766, 1945.23, -201.306
5.0733, -730.878, -221.561
4.83766, -238.186, 1508.83
3.55759, -535.4, 1223.86
5.65244, -1384.1, 1976.09
2.5044, -1954.67, 430.35
4.09589, 906.216, 1089.52
5.90281, 727.019, -314.658
6.0446, 1342, -1175.23
2.90869, -1617.99, 1310.63
3.56926, 533.247, 1065.43
4.44412, -1670.15, -1143.2
4.44927, 1798.86, 1806.22
3.92018, 765.906, -922.188
4.6123, 1130.59, 1103.23
2.55658, -1231.38, -869.659
3.72027, 1878.01, -1230.24
4.49072, -1444.88, 1291.03
6.64177, -1294.8, 402.887
3.78584, 1946.41, -1373.36
3.59705, -1610.2, -1075.11
6.47385, 780.645, 537.688
5.8476, 1006.46, 783.568
5.49108, -1779.33, 564.463
5.99917, -727.014, -1086.12
5.13062, 1053.01, -1524.05
4.14833, 371.289, 202.297
3.30844, -1429.14, 806.731
6.56633, 1437.06, -56.8692
4.08004, 956.79, 230.571
4.05369, 109.765, -1462.75
4.65424, 70.7318, 341.032
4.46509, -495.522, -954.369
4.43916, -99.0571, -227.146
4.34871, -1677.69, -885.923
5.88118, 686.27, -986.559
6.10384, 907.237, 56.1998
7.20082, -140.407, 1787.15
5.08573, -158.854, -715.077
5.5282, -388.606, 646.001
5.85049, -1388.76, 1956.84
5.11404, 162.551, -618.503
3.87105, -1918.66, 1297.64
7.08924, 188.509, 570.455
3.73367, 1870.96, -926.867
4.77876, 770.216, 1368.51
3.30374, -1908.67, 1291.27
4.68319, 827.169, 819.93
7.45767, 997.548, 336.999
6.26931, -878.795, 781.951
4.97846, -1973.12, -1311.56
7.01651, -1315.07, -1678.22
4.68213, 985.248, 1124.78
5.09239, 337.025, -1966.13
4.44866, 176.391, -1724.28
5.63431, -448.583, -1136.15
5.19331, 831.144, 636.275
4.35955, 1264.7, -877.018
2.54674, -738.052, 729.959
6.3794, 82.3033, -1578.11
2.85317, -1774.78, -1121.15
3.98511, 890.736, -1359.22
4.78581, -90.3791, -1780.42
3.25156, -190.446, 85.6345
5.97819, 1338.83, -862.615
4.15587, 728.897, 310.672
5.21197, 1942.02, -1762.91
2.64678, 1438.53, -1973.45
5.38086, -48.3708, -473.671
5.18133, 733.354, 948.349
7.36678, -1514.85, -1850.59
5.57063, -595.787, -1239.87
5.26431, -1491.81, 423.391
6.69051, -546.503, 1814.34
3.75764, -973.138, 1875.76
6.98957, 1247.65, -289.599
5.97428, 1021.56, -1004.27
5.82752, -946.114, -191.064
3.06838, -1159.45, -1539.72
3.37987, -1964.33, 189.513
2.91253, -272.38, 391.041
6.68103, -494.321, 743.747
2.64818, 1879.19, -1531.58
6.34719, -8.01592, -1693.43
4.29829, -1005.77, 1732.22
6.24626, 5.30802, 1069.88
6.28385, 725.608, 682.75
3.60834, -1075.7, -1846.7
5.58305, 610.155, 254.849
3.66846, -1099.38, -506.741
6.22052, -1338.58, 607.554
5.80997, -1820.59, -1371.81
4.9209, 1808.98, -1493.4
2.58972, 1656.19, 477.771
4.98291, 893.831, 398.595
5.09587, -223.331, -1774.8
4.71395, -1747.12, 1061.73
4.14528, -123.574, 1898.79
3.52671, 970.148, -214.562
7.19863, -501.315, -1305.21
2.85168, -992.105, 1854.9
3.30042, 103.524, -1494.5
6.70788, -1572.28, 68.4665
4.13614, -326.112, -551.272
6.85942, 316.153, 855.042
5.99896, 1342.89, 1031.92
5.52801, 1738.29, -440.765
4.77536, 159.107, -535.713
2.91543, -1037.23, -359.68
3.94883, -110.457, -297.684
6.51009, -1141.5, -1573.82
6.81821, 676.008, 121.633
3.81831, 842.857, -1022.22
4.79881, -1672.19, -471.582
4.95672, 1220.84, -1057.49
5.82344, -934.582, -1978.76
7.31738, -1253.78, -307.696
7.23022, 1166.02, -1469.62
2.81902, 446.572, -1311.39
5.04829, -819.433, -614.098
6.13222, 1336.57, 1316.24
5.65882, 1201.61, -678.326
3.26658, -1830.63, -1817.3
5.09652, -1733.54, 1081.77
3.52281, -1113.2, 1709.86
6.03231, 800.017, -1641.76
6.05786, -948.982, -30.2621
3.66304, -1144.36, -471.709
6.80594, -121.382, -263.43
2.67122, -218.9, 1900.78
6.26587, -1871.17, 103.717
4.14789, 1285.99, 334.392
4.65309, 142.656, -1067.35
7.33455, 1936.58, -387.433
4.05803, 1465.97, 1390.81
5.69762, 1975.79, -1401.72
5.95386, 1735.56, -123.594
5.36403, 158.764, 1257.42
6.60667, 1783.68, -1367.5
4.21807, -1801.92, -1356.24
5.09387, -1619.74, -1550.71
6.78438, 244.914, -1902.3
6.18587, 691.492, 80.9942
3.45992, -1887.87, 775.552
2.83145, -616.256, 680.889
3.60828, 1687.94, -1434.96
3.33656, 340.797, -469.928
6.31172, 763.646, -1865.67
5.44905, -1686.78, 848.531
4.65223, 1719.49, 1706.42
7.09618, 1320.9, 24.2976
5.09668, 888.591, 377.051
7.38058, -1357.48, -42.5052
5.15714, -905.987, 294.044
2.98716, 668.404, 785.567
5.83983, 436.469, 197.298
5.44444, 278.393, -51.3338
5.01137, -1398.53, -223.768
2.75808, -1864.81, 919.465
2.6753, -696.593, 61.8683
4.41484, -1572.17, -1026.53
5.55555, 374.596, 206.092
5.06574, 1094.73, 1731.9
5.98498, 605.149, -52.7544
4.89891, -50.2805, -371.062
3.88323, 136.621, 843.677
6.01685, -878.356, 418.684
3.67701, 1749.75, 116.1
6.41501, 374.998, -352.259
6.60589, 721.328, 1673.74
3.21842, -1071.07, 106.725
5.75757, -976.478, 1621.26
3.87677, 1739.41, -1972.35
7.26215, -861.969, 1432.28
4.58238, -1503.45, 28.098
3.03869, -253.332, 806.565
4.70633, -1596.6, 1063.14
6.28811, -839.248, -605.586
2.77803, -677.227, -639.974
3.51241, -55.91, 289.578
6.82305, 1883.08, -1550.74
6.52456, -531.083, -23.6768
2.78861, -1358.65, -1346.04
4.40304, -128.642, -1402.88
4.56124, -292.585, 1530.15
2.80071, -763.059, 605.003
7.09746, 1603.34, 1294.45
3.35398, 1075.85, 1608.37
6.51634, -1863.36, 309.618
3.88599, 1447.84, 92.0913
4.44586, 345.496, 1476.53
7.19936, 106.155, 1247.2
6.24573, 322.034, -328.636
3.44774, -650.114, 1519.65
6.89581, 872.18, 970.184
6.8953, 835.544, -1700.95
3.30515, -1611.62, -528.329
5.87346, -1608.78, -332.365
6.89096, 1255.34, 253.12
6.98262, 515.392, 1053.16
3.06535, -50.3798, 1509.28
5.93789, -469.964, -507.164
3.21651, -1678.74, -1526.78
3.6901, 828.812, -89.2459
5.64383, 1894.14, -436.152
4.312, 1633.51, 727.403
4.64437, 1176.9, 1435.31
4.91936, -25.3237, -1676.97
6.20379, -7.75911, -215.866
3.23098, -782.759, 1735.32
7.36238, -1667.07, -1545.99
7.3158, -1029.59, -384.787
3.14741, -1202.64, 1330.02
5.3784, -638.526, -1213.65
4.66439, 340.886, -245.603
5.50066, -477.658, -518.028
5.85098, -1397.3, -264.98
4.5137, 793.027, 1975.65
6.46691, 1280.16, 1389.73
4.89889, -1952.99, -501.394
5.72449, 593.992, 553.295
4.28836, -492.659, 1198.52
5.96794, -660.894, -441.476
5.83428, -833.947, -1409.7
3.22071, -756.404, 1423.15
7.10415, -1967.34, 442.777
4.22228, 64.0001, -471.649
6.66824, -830.951, -940.019
2.74349, 541.345, -1495.21
3.27936, -506.853, -134.781
2.55765, 662.568, 1017.97
3.94327, 241.938, 1177.58
5.07295, -693.435, -346.421
3.65948, 1365.37, 875.387
2.75022, -483.991, -137.413
5.33091, -1191.35, -1693.03
6.69774, -304.306, 1348.45
4.28763, -1292.74, -861.405
4.3452, 330.143, 1742.8
7.22226, 512.482, -146.731
4.72425, -1820.86, -361.463
6.82086, 988.617, 373.153
5.82654, -1578.03, -1472.41
5.79297, 329.584, 1330.8
7.10736, -1919.99, 1923.76
5.11536, 1901.35, -1237.21
5.45229, 878.357, -884.109
5.79944, 1336.19, 1332.5
4.24765, 569.509, 922.41
4.11714, 677.398, 100.056
7.08984, -215.905, 1477.41
3.08619, 1807.58, -891.896
7.31268, 1349.94, -341.252
5.17978, 98.1317, -661.662
5.81447, 1708.57, 1268.93
5.48362, 1798.43, -1011.83
6.93363, -1012.43, -1491.18
6.67999, -1335.18, -1214.72
6.69339, 493.54, 406.67
6.85642, -427.53, 680.137
2.5002, -1539.48, 681.686
4.77274, 517.418, 700.783
4.25696, -1866.38, 302.302
5.80713, -515.735, 1417.43
6.22234, -1754.62, 305.739
3.3821, -249.211, -908.22
7.4621, 1589.03, -1625.33
5.95466, -1863.71, 341.944
6.97862, 286.582, -26.0521
3.51579, 743.456, -265.533
7.2356, -914.838, -72.6359
4.88476, 1768.77, -1017.57
6.78578, 1841.75, -1494.59
6.41237, -1958.54, -1112.65
5.70687, 1816.88, -1818.11
3.14521, -1448.11, 296.857
5.77944, 8.6532, 1300.03
3.09199, 106.404, 18.4109
3.88793, 670.209, 1607.41
6.65548, -444.24, -454.444
6.14153, -1503.5, -1026.57
6.74348, -1196, 591.503
3.43989, -1561.98, -1882.37
6.09602, 1115.84, -558.771
4.25586, 319.047, 664.748
3.34555, -831.921, -1377.97
4.52383, 673.634, -1094.52
4.20924, 318.485, 1540.76
6.67141, 782.456, -251.384
3.9111, 1395.89, 1168.39
5.16766, -1358.01, -964.412
6.25085, 1985.64, -1704.94
4.62554, -1378.23, -1520.44
4.66964, -1137.24, 1095.32
3.03022, 1715, -1863.79
6.4639, -78.9864, -931.837
3.91232, -1147.57, -966.119
7.14264, -1167.68, -471.694
5.37926, 494.535, 1022.7
3.4895, 1636.92, -580.012
5.99081, 1147.67, -1503.2
3.07265, 990.305, -1916.93
4.22945, 610.973, 1573.48
4.15646, -1180.24, -472.16
6.42735, 1656.55, -1922.65
6.65775, 918.901, -425.418
4.21712, -1479.14, 1509.62
4.2603, -547.676, 1780.04
6.38197, 298.781, -1654.21
6.58658, -24.8529, 1375.77
4.26157, -261.004, 565.611
7.09559, -855.928, -602.37
3.2877, 984.442, 508.246
5.56029, -968.531, 1133.49
5.54222, -756.081, 1422.33
3.16647, -503.389, -1490.1
3.51409, -1490.09, -956.439
4.79457, -1712.99, 1002.54
3.48759, -1051.64, 1862.3
6.77118, -1693.84, 760.363
6.54562, -1519.3, -1384.1
2.80131, -1812.21, 1770.77
6.50584, -1437.73, 1305.71
5.49597, -389.712, -1085.84
7.43182, -1780.77, 613.051
2.65919, -322.51, 1284.04
6.8356, 1880.99, -1543.38
3.69109, 1335.83, 697.379
3.6127, 348.464, 861.439
4.73907, -1970.92, -1100.6
2.61231, 1728.08, -360.209
6.79755, -511.4, 28.3125
4.15902, 426.684, 1179.88
5.72195, 611.444, 502.785
7.43521, -1889.12, -966.457
5.30162, 569.141, -1166.98
4.74553, -1515.73, -492.553
5.213, 332.631, -1449.29
2.90797, 1546.15, -65.6679
3.99606, -1629.2, -548.57
6.63964, 1643.09, 1355.04
6.48936, 1250.38, 1872.15
5.71048, -206.814, 1359.66
4.84105, 1260.83, 771.831
7.15326, -397.299, -1218.41
5.08798, -488.874, -147.446
7.42924, 1595.34, -1077.17
5.94567, -160.354, -1444.52
6.19966, -361.316, -898.696
3.46323, -785.357, -1867.3
6.08881, -905.519, 1247.59
6.11146, 1139.94, -360.97
6.49298, 533.412, 307.376
4.23216, 510.436, -1991.47
5.1481, -31.8459, -121.501
3.19001, 1431.95, -720.457
6.73218, -449.493, -417.987
6.32766, -167.12, -1767.8
7.5, 1846.61, -837.927
4.24891, 965.729, 1982.95
5.50367, -1201.08, 1180.33
3.50808, -991.979, 167.631
6.2385, 58.0584, 306.509
6.49225, 1950.11, 432.673
3.03505, -1411.47, 218.339
5.35813, -1014.2, 94.4218
2.84683, 719.459, -671.3
4.16036, 1492.18, 1379.24
5.80945, 972.566, -1415.33
5.27726, 345.65, -386.259
7.12415, 457.809, -23.3814
2.69832, -970.493, 452.133
2.62083, -622.02, 479.186
4.61923, 430.495, -1312.67
4.36987, 921.815, 271.25
2.93303, -463.889, -490.166
3.05403, -314.634, 343.673
5.31992, 734.972, -694.839
7.37269, 120.945, 1483.25
3.05066, -91.4221, -1774.48
5.99352, 198.121, 1959.96
2.79674, -101.025, -1483.19
4.69755, 1670.47, -215.265
5.24651, 1982.55, 1431.31
3.45129, 1381.74, -1499.52
7.36597, 629.271, 653.281
3.19593, -1359.73, -119.614
5.48978, 1876.97, -864.421
7.12812, -1744.77, 1408.03
3.91116, -160.876, 1770.31
6.8307, -283.561, -165.95
6.29598, -453.412, -1199.7
6.10793, 714.824, 1231.65
3.34241, -752.318, 739.644
3.32882, 1669.18, 746.54
3.39076, -1294.81, -1977.28
5.87226, 670.035, -1202.97
4.83484, -708.399, 80.0465
6.85219, -1620.59, -716.131
5.76023, -1392.43, -236.075
5.80464, 1522.66, 1759.28
2.58037, -1327.01, -1204.06
4.30596, -1555.07, -1332.25
3.72747, 1847.35, 235.433
6.93086, -1872.59, -1898.26
5.23701, 1648.04, 1548.89
6.57209, -53.3441, -1297.99
5.24453, 353.358, 1731.47
4.16156, 1012.31, -110.702
4.40213, 47.3077, -1309.12
2.52389, 1861.59, 1307.95
6.95226, -180.769, -794.764
6.16955, -993.166, 1370.81
6.04239, -308.456, 1321.93
5.1278, 112.671, -372.897
6.41065, -381.447, -1628.33
3.42484, -773.081, -940.936
5.72673, 489.31, 1038.75
3.42178, -1376.64, -683.64
3.31214, 125.308, -184.952
2.65594, -363.93, 1699.78
7.42716, 261.047, -1331.59
4.04559, -662.539, -1432.41
4.11075, -1356.65, -595.323
5.51155, 566.637, -473.844
2.89107, -658.68, -1843.65
3.93936, -41.2419, 182.249
5.79307, -250.888, -983.609
7.36348, -1982.8, -698.42
7.27758, -726.257, -1590.48
7.42745, -1337.44, -576.415
7.30478, -1825.19, -1523.47
3.0073, -1116.76, 1133.89
3.71505, -251.146, -983.44
6.91151, 198.771, -865.203
5.28805, 680.75, 1399.06
6.7669, 1604.57, 1032.38
7.49145, -1073.93, 1051.31
3.99751, -513.487, -963.504
6.33157, 1951.09, 972.224
4.81901, 569.884, -288.17
6.8168, -1272.61, -1584.12
6.99018, 1719.75, 7.86052
7.377, 515.442, -831.985
2.77405, 1317.73, 166.824
6.32605, 1890.42, -1236.32
5.09219, -1865.44, 1478.29
3.46574, 1844.92, -469.619
6.98252, 393.747, -1087.14
6.38492, -1666.26, 194.964
2.75968, 830.828, 1081.59
7.47331, -1705.4, 1529.19
5.93659, -8.71466, -917.158
5.94854, 1774.89, 993.418
6.57666, -1314.23, 1635.82
7.05426, -73.8876, -876.039
3.34218, -402.772, 806.032
5.24183, -1160.84, 1607.08
6.53351, -973.723, -505.336
4.17803, 651.917, -1075.79
5.53435, -209.337, 66.4745
6.59602, -1900.89, 667.993
7.3485, 173.082, -498.209
6.29349, 1167.39, 986.725
3.72113, -360.806, -184.997
5.80589, -1144.19, 805.804
4.21574, -897.461, -374.344
7.27146, 751.05, -791.675
2.60828, 1606.12, 1110.75
4.54979, -1783.06, 1891.5
2.55789, 1173.31, -1342.54
3.04964, 1671.91, 394.298
5.28259, -1693.09, 186.029
4.45466, -44.3489, -476.275
7.20539, 235.449, -365.474
2.55572, 358.658, 787.447
6.22897, -444.306, -872.857
3.84293, 221.499, 251.359
4.27153, -1350.9, -1528.62
3.45835, -923.195, 1236.08
5.14832, 591, -338.146
4.39478, -114.428, -1712.23
3.16407, -24.4144, -1606.35
4.26563, -253.256, -1127.75
4.2497, 1567.15, 1969.04
7.41084, 1212.51, -249.987
5.25961, 302.725, -750.371
4.99918, 27.7879, -1429.54
3.58531, -1669.02, 911.538
4.37311, -468.699, -1299.79
6.78251, -1320.21, -932.822
6.45578, 1584.69, -1026.37
3.9204, -987.634, 1857.2
5.07645, 874.361, 202.862
6.79238, -583.949, -47.34
7.07844, -1880.97, -345.634
7.48941, 271.726, 1829.78
6.53177, 343.497, -384.417
5.22718, -1797.12, -369.962
7.3461, 300.724, -1470.81
5.31931, -1169.96, 725.242
4.03031, -834.106, 1318.19
5.41853, 1929.34, 1902.54
2.91197, 106.151, -661.088
5.47382, 704.572, 1240.44
3.31968, -1196.54, -1183.21
6.46527, -1217.29, -874.835
2.95373, 1158.99, 1477.37
6.3072, -1010.04, -1359.28
6.83996, -445.174, 62.5196
6.40105, 381.717, -668.688
6.61399, 1817.07, 1935.94
6.70974, 744.686, 1105.59
4.48328, 1055.58, 513.186
6.508, -322.13, 335.246
6.56811, 760.303, -87.762
5.43493, -819.064, 201.68
4.64621, 1590.42, -98.8083
2.5002, -127.514, -956.471
5.31153, -1629.41, 634.093
6.22632, 673.512, 706.473
3.89846, 1934.84, 581.099
2.93406, -1970.32, 1129.51
3.5733, 1706.85, -1760.46
3.93296, -982.483, 1126.56
4.86595, -811.256, 949.057
6.95893, 1689.58, 1639.64
5.91955, 1027.27, -1008.38
3.54376, -98.8658, -134.777
6.67533, 1586.89, 23.0038
7.09218, 1868.36, 1836.8
4.48244, -950.709, -1400.69
6.37858, 1081.75, 1057.11
5.68161, -320.757, -180.297
6.64746, 966.381, 580.619
3.40204, 1113.62, -923.784
7.45927, 1159.19, -1528.86
6.70558, -304.567, -1689.94
4.65177, 1775.14, 530.757
4.38589, 1192.99, 1777.26
2.70802, 1308.4, -1010.5
6.80715, -1604.55, -1068.05
6.62116, 1832.15, -1799.73
6.25052, 26.7659, 1463.15
3.55801, -330.553, 1982.79
4.31029, -1563.26, -383.988
4.43545, -1181.34, -1601.71
7.32918, 1595.36, 1274.09
6.5872, -334.705, 1264.45
4.5755, -163.834, 897.816
5.83759, 409.905, 365.399
2.52101, 953.155, 1952.29
6.98048, -1476.78, 497.405
3.68416, -687.168, 709.902
3.79415, 714.368, -189.137
5.4939, 811.609, -1414.54
6.89823, -1675.03, 740.839
6.16299, -1127.86, -1180.43
6.0773, 1822.97, 1140.59
3.57724, -1215.11, 962.28
6.30413, 1357.7, -1914.56
3.85351, -322.528, -1117.4
2.75246, 1331.4, 675.772
4.78866, 539.985, 491.543
2.58759, 896.191, -1555.55
3.01129, 144.606, -341.836
2.639, -262.386, 571.611
5.65921, -682.836, -1032.34
6.34425, 161.949, -491.799
2.74132, 1051.51, -1679.07
6.6924, -113.69, -1261.18
6.76899, -525.782, -636.826
6.57649, -892.782, 1149.13
6.85188, 1589.12, 809.782
5.27222, -1264.59, -339.541
6.12646, -588.901, 115.733
3.20424, -1051.82, 1858.4
6.6115, 1190.12, -1050.9
5.51185, 1464.82, -393.859
4.93856, 1016.04, -1838.87
6.14942, -575.358, 1900.49
4.05164, 1514.94, -1337.48
3.93925, -1398.9, 706.455
5.45857, -1902.7, 1617.52
5.34055, 1308.94, 1766.37
5.41059, -1868.88, -1150.83
2.84132, -1378.11, 566.316
4.34304, 298.867, -774.664
6.28475, -1860.87, -1153.48
6.35297, -899.115, -1733.95
4.27217, -787.853, -505.997
5.98913, 483.736, 1862.3
5.08005, -1345.39, -595.265
5.94494, 780.533, 265.49
6.18066, -164.053, 1232.12
2.56231, -685.944, -1348.39
7.16549, 1227.64, -245.427
5.37826, 266.036, 252.079
3.05587, 922.816, 1948.05
4.87388, -212.696, 59.7709
3.24247, 357.804, 200
4.22594, 102.003, 897.261
7.04476, -1864.81, 368.473
4.54571, 29.5335, 1035.44
5.96642, -1358.3, -152.743
3.35865, 761.874, -1885.15
6.21715, 1780.48, -1005.91
4.16319, -849.352, 1285.26
4.62157, 1331.97, 623.671
2.79523, -274.931, -226.758
5.09005, 573.322, -465.937
5.94425, 947.462, -1161.66
5.01149, -514.902, 29.1455
6.56617, -338.737, -1501.14
3.07974, 164.643, -1875.63
5.24841, 539.908, 930.166
5.06046, 819.875, 42.2675
6.02649, 1912.68, 882.721
5.65083, -476.279, 1773.08
4.0207, -51.6822, -1274.46
6.74719, 799.701, 741.249
3.39619, 1207.28, -42.5731
2.61737, -1059.19, -200.396
4.19467, 1474.63, 105.615
3.43818, 704.926, -175.483
6.60467, -574.661, 372.792
6.72507, -1790.64, -318.05
6.78031, 1694.74, -1439.75
7.37454, -1908.12, 1279.11
2.99587, 937.472, -896.12
2.56182, 1129.16, 1312.03
2.58614, 442.339, 1165.72
2.64527, 502.324, 191.315
4.1031, 303.024, -786.92
6.17815, 1253.98, 604.247
3.14876, 712.287, 954.157
2.5161, -736.67, 1013.1
6.91905, 278.695, -1580.77
3.70482, 461.481, -1146.4
4.38481, -1635.33, 1529.01
4.44879, 1224.98, 370.16
2.81534, 1192.34, 589.211
7.30792, 367.332, 1911.57
3.75349, 1452.47, -677.736
6.85376, -1356.55, -129.649
2.85991, -1835.22, 851.281
2.70653, -1244.1, 1150.15
3.46378, 722.031, -1046.36
3.86708, -620.069, 605.778
7.4007, -1904.59, -730.668
3.60607, 644.514, -1067.29
6.43119, -1750.66, 1710.85
4.42306, 600.108, -843.337
3.78593, 958.525, -1273.19
3.91087, -1889.35, 128.719
7.33834, 1735.3, -70.9771
4.22841, 1532.9, 342.428
3.45922, -1964.62, 1474.64
5.05037, -1095.94, -754.033
5.21857, -1114.39, 1267.26
5.72333, -1281.4, -1230.33
3.89738, -22.3216, 1581.35
3.41887, -593.364, -1437.14
2.71579, -1680.19, 757.068
3.98408, -1002.42, -526.505
4.25548, -462.858, 280.709
7.09372, -843.573, 1445.49
5.81225, 1014.2, -726.031
5.08041, 1732.4, 1169.91
4.03763, 1229.7, 1174.07
3.0007, -704.243, 309.596
3.47502, 759.185, -1761.02
4.11407, 62.5217, -262.135
5.56182, 1924.96, 173.647
5.13511, 1920.47, -1966.2
3.45653, 517.516, 568.219
4.7178, -1281.44, -845.313
4.48693, -1416.72, 1706.75
6.28051, -1212.88, 1489.53
6.6213, 1472.82, 1205.21
5.51573, 284.233, -690.134
3.04573, 1218.32, -1655.48
4.11797, 972.946, -330.675
5.03403, 17.6525, 636.473
4.76521, -1296.52, 1600.7
4.77315, -360.806, -915.039
4.91125, 1837.89, 1824.21
5.07896, 738.194, -1302.17
4.50207, 405.36, 1646.51
4.22945, 1930.12, 967.891
6.64533, 1863.92, -483.067
3.02204, -1463.24, -1594.19
6.40057, 1169.97, 1134.23
3.19919, -594.845, -478.393
2.62171, -1593.19, -1037.72
6.0664, 813.113, -1506.52
7.15538, 301.393, -1648.28
7.47667, 367.216, 348.814
3.86264, -1750.65, 305.689
3.6923, -947.848, -512.152
3.87328, 1923.04, 1239.18
5.70836, -1815.63, -1461.17
5.17637, 620.485, 309.236
6.8967, 1667.69, -592.763
6.75968, -1340.91, -1671.61
2.98004, 1812.92, -75.7603
4.66818, -1495.4, 407.131
3.17045, -409.094, -1513.02
5.86802, -335.629, 619.576
5.34964, -107.562, -952.971
3.66474, -1244.43, 1131.3
5.50306, 532.392, -1377.2
2.6551, -1604.05, -55.3693
7.08512, 1136.15, -622.774
3.82958, 1722.68, -348.714
6.50016, -368.019, -1019.75
5.46389, 338.091, -1435.77
5.0822, 708.927, 1253.49
5.2567, 642.469, 1284.4
3.47225, 1009.66, -468.112
5.36152, 247.264, -1484.89
3.81992, 425.445, 804.26
4.41648, -1531.27, 1078.73
2.73626, -1511.9, -1795.03
4.22823, 1175.99, -1344.24
3.61594, 1345.75, -866.372
3.81264, 35.2986, -1470.38
3.05141, -858.961, -806.147
7.40088, -1410.53, 38.2357
5.93794, 1603.23, 1268.4
5.82158, -1095.42, -760.13
5.99501, -1202.63, -1344.99
2.68746, -1671.66, -1547.54
3.6706, -1258.98, -1491.67
3.95397, 1440.21, 1387.33
3.50543, -73.0392, -513.625
2.7177, 743.919, 670.391
2.56571, -1051.73, 1037.96
6.07297, -1053.2, 1530.83
6.88348, -1733.43, -1258.54
5.35088, -1773.05, 538.901
6.92743, 1730.52, 1735.69
5.20042, -713.701, -559.244
3.31357, 1859.07, -1293.16
3.30492, 1926.13, 881.689
7.19182, 634.741, 573.754
3.45628, 1106.42, -1701.94
3.15761, 1.32759, -199.776
4.41122, -624.499, -12.3086
6.12674, 516.471, -526.897
2.50651, 1082.24, 1747.89
4.60222, 51.0488, 1473.58
5.18984, 611.492, -428.493
4.86596, -476.866, 493.717
6.33003, 1079.88, 1750.26
2.9396, 1110.6, -932.147
7.04284, 270.179, 646.624
3.20818, -1744.7, -793.908
2.54782, 866.559, -101.753
2.82267, 476.924, 1049.38
4.96742, 763.033, 444.634
5.40914, 1058.37, 1953.31
4.03373, -1894.65, 1089.12
4.57091, 1815.37, -140.187
4.33401, -1151, -1375.28
3.42687, 364.982, 1335.6
2.76788, 1285.4, 347.527
4.47222, 1080.45, -130.539
3.98388, -695.292, -264.637
5.05388, -791.978, 1640.13
3.75392, -1402.56, 459.709
5.01589, 1924.52, 1771.81
2.51168, -21.4134, 1580.21
7.01807, 1988.78, -895.724
2.79181, -1813.14, -1893.46
5.17506, -1371.72, 1611.04
3.95754, -754.649, 1750.87
7.3023, -1619, -542.385
4.73406, 641.02, -218.2
5.08479, 1786.06, 336.09
5.93861, -504.664, 55.7551
2.72187, -321.112, 150.487
7.2946, -1594.69, 1212.56
5.70852, 736.553, 315.364
2.80215, 1256.48, -1559.07
3.33964, 99.3519, 535.825
5.76491, 975.203, -495.317
6.19864, -1538.21, 672.597
3.57011, 1714.83, 405.758
4.31441, 312.923, -1743.08
6.56981, -1295.76, 1867.29
5.32057, 1615.55, -940.966
7.45886, -82.5049, -1789.66
6.5669, -1527.07, 792.361
3.49157, -1984.4, -45.6075
2.50003, -311.812, -1695.36
4.62608, 1898.97, -1549.64
4.07406, 1681.23, 397.385
5.56218, 1213.09, -1864.95
3.83351, -396.132, -1086.96
4.39881, -1189.63, -123.486
5.43397, 1921.03, 600.443
5.95636, -282.596, -1025.59
7.26736, -916.061, -1141.96
4.89785, -585.97, -1905.61
3.60319, 754.598, -1456.58
5.33741, -1446.49, -896.738
6.09873, 860.942, 727.039
4.4953, -990.095, 1110.04
3.48326, -1383.01, 1975.09
6.66971, -1343.3, -1513.78
5.59561, -893.751, -1749.85
7.26866, -585.133, 349.682
3.23222, -28.6108, -553.84
5.38953, 79.0459, -918.273
7.26796, -785.62, 1439.21
3.62331, 1442.82, -1962.48
7.25137, -988.362, 1601.71
3.07874, 1584.42, -1029.76
2.58372, 59.9192, -519.376
3.90465, -715.022, -335.191
7.15042, 1284.56, 342.223
3.04796, 1497.59, 1744.72
6.77266, 58.3213, 1654.87
5.68532, -1451.05, -1462.87
5.63853, 816.642, -1422.43
3.80589, 1448.16, 1489.71
5.13936, -1901.79, 436.08
7.16608, -547.851, 1814.42
3.98055, 1844.52, 206.24
4.78006, 313.165, 906.945
6.35659, -1312.42, -1233.06
4.17193, 205.516, 237.176
6.31775, -79.2463, -1880.52
6.65892, -60.3822, 1884.55
2.64618, -1450.03, 1135.84
4.31315, 1429.22, -534.466
4.16221, 572.71, 922.115
3.17675, -1035.89, -603.067
3.00839, -612.184, 1246.74
5.11327, -1218.62, 1627.04
3.52046, 61.3005, -1066.41
5.00728, -1744.81, -1254.33
5.1371, 1.82112, 1922.78
4.13422, -535.15, -585.638
4.75888, 452.943, -887.484
6.85263, -14.4964, 1963.49
4.72884, 1288.47, 1729.82
6.03726, -917.067, -1834.41
6.83171, 1826.23, -1397.88
6.5822, 1736.17, 438.839
2.67504, 1786.49, 1676.41
3.8644, -1305.37, -474.119
5.21858, -844.679, -861.318
3.19942, -1973.52, -1086.81
5.57408, -1553.95, -1872.01
3.29182, -1375.55, -1210.1
4.41129, 198.794, 441.752
5.94997, -188.939, 378.503
3.21128, -780.148, 923.57
5.65284, -1569.56, 1585.52
3.15973, 395.98, 1871.85
7.13583, -1483.21, 508.156
5.53465, -1877.09, 1568.99
5.50388, -1844.12, 745.162
3.33635, 1185.85, -1063.96
3.301, -1728.62, -801.167
5.91628, 1244.59, -58.5453
5.1456, -1425.05, -26.5557
3.65264, -267.726, 1615.66
6.55373, -1004.63, -115.639
5.76477, -839.913, -1120.06
4.08597, -1113.11, -1172.55
2.53953, -524.106, -1629.55
3.49176, 1462.76, 1471.47
3.78831, -15.7672, 763.336
3.03825, 1777.36, 77.1796
3.49545, 262.537, -866.594
6.75079, 1607.54, -1542.95
6.63912, -1962.79, 415.533
6.76813, -1920.78, -1107.7
5.71027, 573.346, 1557.88
3.6787, 1446.49, -1969.18
6.80638, -1005.36, -1616.64
5.4745, 72.9605, -206.92
2.52745, 1012.82, -62.9598
6.84925, -1318.34, -942.581
7.37729, 1297.69, 211.446
5.59653, 756.628, 28.289
3.85574, -1878.57, 763.045
7.46973, -320.285, -1265.56
4.60751, -1444.18, -1057.62
4.20537, -1588.42, -1229.84
4.80717, 733.105, -273.149
4.44822, 527.463, -760.077
4.613, -98.4202, 1030.33
2.84879, 262.895, 576.625
5.5153, -118.199, -259.19
7.36114, -99.4771, 460.219
5.07406, -1393.85, -1068.87
7.45461, 1907.72, -275.04
5.84906, 1263.69, -285.53
4.01716, -1210.94, 140.278
3.47371, 1747.37, 1136.56
4.0109, -1421.27, -1871.15
4.93946, -670.496, 921.773
4.72438, 1066.32, 1973.97
5.7844, 640.684, -1879.22
3.74227, -1557.18, -1339.22
4.72007, 109.448, 1110.74
5.75894, -1384.09, 103.855
6.67472, -1428.82, 379.342
6.03698, 390.003, 1628.59
4.93928, -1740.03, -1208.93
6.72039, 798.761, -476.266
7.00296, -1005.19, -371.357
6.33082, -1303.35, -1050.51
5.29453, 1258.91, 1699.31
2.70603, -29.2686, 166.859
5.46749, 1127.4, 131.853
2.68674, -1356.4, 1648.18
4.53488, 49.4283, 873.921
2.84243, -1949.53, -1762.52
7.38558, -1552.04, -1764.81
2.5956, -1032.45, -469.015
6.60363, -312.412, -534.702
5.2195, -764.428, 1745.25
5.72828, 1581.57, -665.407
3.62934, -521.431, 106.072
2.733, 1659.84, -1392.95
3.63154, 426.754, -1110.03
4.58371, -1267.21, 269.928
6.40126, 531.134, -1262.15
3.72852, -1845.19, 768.362
4.81411, 1312.62, 182.154
6.14756, 1856.81, 581.607
5.35237, -661.36, 1630.05
5.45997, 1862.16, 1836.53
4.98425, -1882.67, 561.213
3.951, 979.959, 222.073
4.71107, -15.1225, -457.036
2.53669, 1707.45, -792.677
7.41683, 989.476, -716.24
2.52822, -1616.42, -298.34
4.8676, -211.287, 1473.42
5.86497, -621.613, -244.528
