6.27803, -1458.12, -1879.17
3.5948, 18.712, -237.165
5.89648, 736.658, -1745.45
5.09708, -579.697, 1785.82
2.76731, -1893.06, 1277.26
2.53849, 630.355, 102.417
4.58743, -1591.76, -497.743
7.15218, 367.197, 793.96
2.95982, 47.9747, 1397.93
6.00595, -378.451, 631.53
3.81226, 1073.15, 1593.6
4.14117, 945.099, -1752.65
7.45519, 915.405, 484.719
7.41275, -1032.7, -487.26
5.75759, 965.149, 854.341
6.92354, 511.705, -1638.72
6.33247, -314.689, -963.816
3.87453, -920.848, -116.433
4.93259, -1295.51, -620.277
2.80282, 1590.59, 1530.75
5.08146, 33.6793, 1526.75
4.96988, 1855.75, -745.051
7.23882, -1569.33, -940.269
4.42071, -61.9756, -1663.95
5.14874, 1600.37, -976.65
2.75042, 1686.89, -129.706
6.63909, 1094.55, 1056.27
5.94228, -1790.18, -1436.77
6.18112, 517.309, 1449.54
6.94286, 1877.45, 916.39
4.25508, -706.616, -1015.1
6.72991, 369.342, 42.0719
3.84659, 1205.16, -263.629
4.83959, 153.612, -371.532
3.2686, -1267.2, -903.035
2.66527, 1273.39, 270.315
7.2768, -26.8087, 180.623
6.95369, 234.155, 944.412
3.29884, 1286.14, 454.875
3.15214, 850.73, -1115.85
2.515, -925.607, -1603.2
6.0491, -1733.74, -372.175
3.40448, -982.888, 1647.62
5.76029, 1543.34, -662.88
4.42907, 814.299, -1403.34
3.23766, -3.39701, -483.614
5.45054, 1206.26, 305.83
3.24076, 320.204, 1759.09
3.2091, -327.78, 1876.51
4.94257, -938.096, 218.677
3.13015, 1670.21, -108.94
5.64635, -666.148, -1139.27
5.60817, 555.928, -1418.91
4.88216, -990.283, 1158.52
2.64188, -1010.33, -529.846
3.21011, -242.499, 1525.3
3.15594, -390.218, 1705.79
3.31099, -1648.5, 1506.67
3.76529, -516.443, -1618.12
4.77654, 1059.89, -1436.56
6.54472, -174.125, -581.547
3.57624, 591.784, 1631.98
3.75063, 1573.3, 756.819
5.02978, -137.854, 1419.91
6.27922, 1205.16, 313.186
5.66369, 1695.07, -59.529
5.9449, 1207.9, -262.042
7.27207, 1850.5, 909.72
5.18713, -832.297, 1401.72
4.57014, -1481.21, 35.6739
4.70019, 1477.53, 320.365
6.07821, 1432.95, 902.357
6.20858, 739.604, 1138.28
5.12494, 1515.53, -1875.16
6.06711, -1665.05, -164.52
5.91025, 634.804, -55.4171
6.82941, 1640.13, -1164.32
3.19597, 109.624, 1468.83
3.57766, 1816.48, -254.325
5.0733, -671.036, -310.337
4.83766, -171.09, 1416.08
3.55759, -477.097, 1211.49
5.65244, -1353.08, 1894.93
2.5044, -1807.25, 375.938
4.09589, 869.684, 1045.95
5.90281, 681.818, -200.244
6.0446, 1302.46, -1134.82
2.90869, -1575.85, 1263.59
3.56926, 529.056, 923.723
4.44412, -1613.29, -1123.02
4.44927, 1759.43, 1787.26
3.92018, 737.426, -915.28
4.6123, 1133.33, 1028.55
2.55658, -1311.36, -879.736
3.72027, 1810.96, -1258.56
4.49072, -1422.44, 1259.92
6.64177, -1325.28, 393.773
3.78584, 1859.52, -1407.49
3.59705, -1533.78, -980.141
6.47385, 739.647, 527.775
5.8476, 950.442, 770.157
5.49108, -1746.82, 641.253
5.99917, -715.625, -1060.95
5.13062, 1104.56, -1442.87
4.14833, 389.928, 216.219
3.30844, -1448.25, 747.66
6.56633, 1395.62, -36.9975
4.08004, 873.37, 251.796
4.05369, 46.2577, -1445.05
4.65424, 56.6784, 267.441
4.46509, -433.621, -949.884
4.43916, -32.8311, -332.45
4.34871, -1567.26, -962.291
5.88118, 634.718, -1053.94
6.10384, 825.984, 60.7632
7.20082, -126.968, 1745.14
5.08573, -164.015, -738.18
5.5282, -317.155, 616.9
5.85049, -1343.32, 1906.06
5.11404, 129.119, -572.579
3.87105, -1836.73, 1277.35
7.08924, 236.853, 561.97
3.73367, 1841.6, -900.247
4.77876, 699.003, 1284.18
3.30374, -1826.93, 1263.69
4.68319, 779.093, 707.452
7.45767, 886.484, 368.311
6.26931, -845.468, 774.201
4.97846, -1864.26, -1269.77
7.01651, -1298.9, -1548.32
4.68213, 974.248, 1053.37
5.09239, 313.132, -1874.85
4.44866, 183.078, -1632.2
5.63431, -380.263, -1158.76
5.19331, 753.655, 656.391
4.35955, 1280.03, -873.287
2.54674, -693.623, 689.767
6.3794, 66.9924, -1498.43
2.85317, -1741.32, -1158.66
3.98511, 834.303, -1369.37
4.78581, -84.8289, -1674.63
3.25156, -186.749, 35.6061
5.97819, 1276.9, -839.077
4.15587, 737.882, 281.582
5.21197, 1898.99, -1664.61
2.64678, 1468.87, -1736.7
5.38086, 38.7239, -386.792
5.18133, 685.611, 930.201
7.36678, -1478.08, -1737.12
5.57063, -623.834, -1179.65
5.26431, -1440.28, 431.023
6.69051, -526.031, 1718.85
3.75764, -992.856, 1738.09
6.98957, 1213.07, -258.284
5.97428, 1026.89, -974.405
5.82752, -953.446, -151.732
3.06838, -1216.85, -1509.73
3.37987, -1839.46, 205.092
2.91253, -287.486, 335.338
6.68103, -443.003, 682.702
2.64818, 1882.67, -1529.73
6.34719, -58.6616, -1635.99
4.29829, -1020.26, 1690.62
6.24626, 54.5242, 1022.62
6.28385, 656.476, 624.236
3.60834, -1053.46, -1762.45
5.58305, 599.955, 308.995
3.66846, -1070.64, -457.78
6.22052, -1375.33, 546.66
5.80997, -1729.12, -1320.44
4.9209, 1821.35, -1463.97
2.58972, 1634.74, 374.003
4.98291, 910.265, 333.669
5.09587, -80.1975, -1716.05
4.71395, -1662.29, 997.824
4.14528, -48.6639, 1865.15
3.52671, 940.115, -195.442
7.19863, -440.798, -1188.09
2.85168, -982.053, 1789.85
3.30042, 67.6698, -1463.21
6.70788, -1475.7, 45.257
4.13614, -310.061, -510.68
6.85942, 333.545, 830.754
5.99896, 1305.08, 1020.56
5.52801, 1714.53, -397.136
4.77536, 111.779, -464.179
2.91543, -906.845, -452.57
3.94883, -49.3142, -230.718
6.51009, -1155.81, -1531.5
6.81821, 726.886, 53.3518
3.81831, 805.811, -992.209
4.79881, -1582.31, -487.264
4.95672, 1188.95, -1022.89
5.82344, -924.695, -1890.17
7.31738, -1228.68, -351.816
7.23022, 1145.95, -1446.36
2.81902, 438.603, -1286.93
5.04829, -887.353, -546.416
6.13222, 1304.42, 1297.57
5.65882, 1123.18, -626.45
3.26658, -1787.6, -1837.64
5.09652, -1702.19, 1022.11
3.52281, -1057.92, 1639.66
6.03231, 782.528, -1646.87
6.05786, -941.217, -151.141
3.66304, -972.906, -446.743
6.80594, -39.5399, -229.217
2.67122, -183.598, 1811.13
6.26587, -1817.01, 168.325
4.14789, 1256.05, 265.046
4.65309, 98.6044, -1020.43
7.33455, 1765.97, -420.63
4.05803, 1461.78, 1335.17
5.69762, 1819.91, -1371.96
5.95386, 1669, -111.789
5.36403, 80.5502, 1242.57
6.60667, 1815.15, -1453.67
4.21807, -1737.08, -1357.46
5.09387, -1591.13, -1447.59
6.78438, 230.064, -1814.38
6.18587, 708.458, 49.6058
3.45992, -1710.24, 713.184
2.83145, -611.344, 640.049
3.60828, 1767.96, -1427.13
3.33656, 273.29, -332.373
6.31172, 727.37, -1783.27
5.44905, -1648.14, 753.393
4.65223, 1695.37, 1663.33
7.09618, 1276.74, 25.5521
5.09668, 913.922, 345.101
7.38058, -1379.93, -84.2427
5.15714, -898.36, 254.612
2.98716, 685.357, 672.242
5.83983, 380.4, 255.754
5.44444, 306.586, -29.2859
5.01137, -1334.41, -167.221
2.75808, -1772.98, 852.452
2.6753, -638.557, 43.5849
4.41484, -1510.23, -1033.95
5.55555, 383.457, 206.836
5.06574, 1100.38, 1674.94
5.98498, 677.883, -23.492
4.89891, -3.673, -401.161
3.88323, 94.4171, 850.757
6.01685, -866.782, 382.048
3.67701, 1668.59, 54.2786
6.41501, 274.439, -356.512
6.60589, 666.683, 1595.03
3.21842, -964.951, 97.3965
5.75757, -1004.06, 1529.71
3.87677, 1687.35, -1875.69
7.26215, -757.118, 1387.06
4.58238, -1477.56, 43.4981
3.03869, -247.554, 769.253
4.70633, -1539.99, 1067.8
6.28811, -815.983, -542.61
2.77803, -686.139, -571.507
3.51241, -21.7308, 253.982
6.82305, 1777.1, -1417.29
6.52456, -495.471, 26.3704
2.78861, -1324.54, -1286.25
4.40304, -105.257, -1401.42
4.56124, -218.136, 1469.88
2.80071, -722.737, 606.113
7.09746, 1577.42, 1251.9
3.35398, 1080.88, 1656.56
6.51634, -1832.4, 383.097
3.88599, 1423, 91.7127
4.44586, 334.405, 1485.56
7.19936, 141.576, 1223.86
6.24573, 372.156, -388.114
3.44774, -678.767, 1485.23
6.89581, 834.12, 947.407
6.8953, 810.217, -1598.75
3.30515, -1599.69, -493.439
5.87346, -1565.93, -364.977
6.89096, 1257.35, 279.494
6.98262, 494.814, 1047.59
3.06535, 8.06172, 1462.43
5.93789, -449.055, -500.905
3.21651, -1427.05, -1450.15
3.6901, 755.203, -71.1559
5.64383, 1801.37, -409.826
4.312, 1576.07, 754.866
4.64437, 1161.82, 1414.52
4.91936, -41.2641, -1646.83
6.20379, 26.6219, -265.544
3.23098, -728.504, 1638.47
7.36238, -1654.5, -1475.48
7.3158, -1021.89, -438.997
3.14741, -1147, 1286.5
5.3784, -567.738, -1181.37
4.66439, 305.581, -346.846
5.50066, -450.336, -444.316
5.85098, -1336.21, -172.968
4.5137, 801.024, 1913.2
6.46691, 1332.15, 1320.9
4.89889, -1859.09, -483.144
5.72449, 598.853, 530.645
4.28836, -530.546, 1210.63
5.96794, -637.439, -436.273
5.83428, -831.748, -1338.35
3.22071, -825.986, 1416.32
7.10415, -1813, 386.834
4.22228, 77.7065, -453.993
6.66824, -799.052, -933.691
2.74349, 601.887, -1426.08
3.27936, -489.184, -90.8598
2.55765, 647.484, 952.172
3.94327, 221.876, 1156.95
5.07295, -660.39, -301.924
3.65948, 1336.65, 863.519
2.75022, -504.751, -113.95
5.33091, -1210.08, -1555.41
6.69774, -312.869, 1281.47
4.28763, -1291.72, -904.256
4.3452, 328.183, 1695.59
7.22226, 527.087, -135.199
4.72425, -1749.29, -321.267
6.82086, 898.648, 310.714
5.82654, -1545.74, -1435.8
5.79297, 347.363, 1298
7.10736, -1873.41, 1877.09
5.11536, 1870.58, -1271.89
5.45229, 885.118, -882.954
5.79944, 1314.34, 1321.31
4.24765, 553.632, 934.696
4.11714, 631.851, 106.07
7.08984, -236.415, 1443.65
3.08619, 1830.97, -898.702
7.31268, 1194.14, -254.732
5.17978, 109.268, -566.501
5.81447, 1558.52, 1277.05
5.48362, 1717.07, -988.833
6.93363, -1015.62, -1439.09
6.67999, -1317.9, -1182.06
6.69339, 499.099, 366.691
6.85642, -344.308, 585.046
2.5002, -1547.11, 668.161
4.77274, 548.987, 658.741
4.25696, -1829.14, 387.915
5.80713, -504.879, 1386.37
6.22234, -1758.18, 293.064
3.3821, -325.804, -944.91
7.4621, 1608.43, -1523.83
5.95466, -1841.86, 386.549
6.97862, 301.313, -36.4372
3.51579, 653.707, -188.193
7.2356, -960.141, -81.3204
4.88476, 1736.47, -937.491
6.78578, 1795.92, -1533.3
6.41237, -1803.13, -1128.87
5.70687, 1797.92, -1743.82
3.14521, -1416.17, 343.449
5.77944, 18.0413, 1330.01
3.09199, 113.202, -1.45939
3.88793, 605.897, 1549.15
6.65548, -510.156, -505.99
6.14153, -1470.6, -1012.65
6.74348, -1206.29, 581.786
3.43989, -1487.06, -1743.37
6.09602, 1114.62, -609.379
4.25586, 318.235, 605.078
3.34555, -841.761, -1374.49
4.52383, 673.463, -1035.06
4.20924, 319.016, 1462.99
6.67141, 684.608, -247.533
3.9111, 1399.19, 1178.95
5.16766, -1275.8, -900.889
6.25085, 1872.38, -1700.81
4.62554, -1294.54, -1482.23
4.66964, -1049.98, 1105.45
3.03022, 1686.57, -1827.62
6.4639, -57.4472, -864.575
3.91232, -1196.47, -924.908
7.14264, -1127.45, -467.029
5.37926, 488.263, 1019.38
3.4895, 1626.38, -591.426
5.99081, 1122.55, -1460.03
3.07265, 971.718, -1796.7
4.22945, 555.157, 1493.28
4.15646, -1127.31, -469.171
6.42735, 1655.37, -1856.08
6.65775, 917.284, -427.258
4.21712, -1455.05, 1491.42
4.2603, -507.89, 1720.8
6.38197, 255.469, -1521.23
6.58658, 6.00792, 1366.37
4.26157, -314.862, 584.123
7.09559, -806.46, -558.377
3.2877, 1027.46, 485.032
5.56029, -916.459, 1168.87
5.54222, -825.986, 1416.51
3.16647, -482.272, -1424.34
3.51409, -1425.56, -1016.44
4.79457, -1663.4, 1018.37
3.48759, -969.586, 1783.61
6.77118, -1641.65, 745.636
6.54562, -1506.88, -1317.57
2.80131, -1747.67, 1698.93
6.50584, -1412.26, 1276.26
5.49597, -325.681, -1047.1
7.43182, -1763.14, 480.142
2.65919, -264.676, 1322.49
6.8356, 1771.49, -1410.73
3.69109, 1246.88, 627.23
3.6127, 383.981, 782.107
4.73907, -1774.54, -1102.07
2.61231, 1698.75, -364.427
6.79755, -541.522, -44.6814
4.15902, 452.141, 1095.29
5.72195, 579.275, 580.763
7.43521, -1815.2, -1007.14
5.30162, 571.856, -1145.12
4.74553, -1512.83, -493.908
5.213, 302.585, -1395.28
2.90797, 1575.22, -63.3754
3.99606, -1575.18, -462.684
6.63964, 1562.54, 1291.35
6.48936, 1220.36, 1768.4
5.71048, -232.899, 1360.2
4.84105, 1236.27, 726.325
7.15326, -375.786, -1098.78
5.08798, -492.129, -95.1033
7.42924, 1591.08, -999.911
5.94567, -105.38, -1366.41
6.19966, -304.752, -964.005
3.46323, -799.245, -1784.56
6.08881, -921.569, 1192.18
6.11146, 1150.83, -302.338
6.49298, 561.625, 294.295
4.23216, 502.632, -1912.79
5.1481, -52.5488, -248.526
3.19001, 1461.52, -670.312
6.73218, -425.123, -482.448
6.32766, -60.8229, -1685.36
7.5, 1766.58, -852.949
4.24891, 973.888, 1921.05
5.50367, -1170.17, 1116.5
3.50808, -982.981, 115.325
6.2385, 85.6867, 311.861
6.49225, 1858.34, 440.711
3.03505, -1391.7, 211.077
5.35813, -1017.31, 82.2169
2.84683, 714.787, -721.833
4.16036, 1379.67, 1373.55
5.80945, 930.032, -1383.1
5.27726, 270.26, -363.589
7.12415, 455.006, -20.2007
2.69832, -924.943, 411.713
2.62083, -578.31, 436.316
4.61923, 458.269, -1279.93
4.36987, 909.799, 284.619
2.93303, -461.216, -485.711
3.05403, -261.757, 330.217
5.31992, 705.136, -681.94
7.37269, 11.1647, 1427.47
3.05066, -80.3516, -1681.07
5.99352, 200.796, 1865.48
2.79674, -143.906, -1390.88
4.69755, 1665.66, -147.935
5.24651, 1916.96, 1402.66
3.45129, 1343.41, -1463.57
7.36597, 677.732, 622.4
3.19593, -1345.45, -145.389
5.48978, 1757.89, -902.614
7.12812, -1703.76, 1402.56
3.91116, -141.305, 1725.92
6.8307, -328.194, -168.848
6.29598, -406.534, -1154.13
6.10793, 675.106, 1194.11
3.34241, -677.343, 706.736
3.32882, 1582.09, 752.704
3.39076, -1295.85, -1897.63
5.87226, 633.166, -1147.29
4.83484, -625.014, 36.561
6.85219, -1568.93, -711.258
5.76023, -1342.05, -164.813
5.80464, 1483.46, 1692.74
2.58037, -1305.49, -1177.16
4.30596, -1515.21, -1313.33
3.72747, 1810.65, 191.82
6.93086, -1795.74, -1804.59
5.23701, 1642.92, 1569.96
6.57209, -87.4724, -1268.36
5.24453, 336.686, 1670.94
4.16156, 978.327, -103.647
4.40213, -5.69008, -1296.42
2.52389, 1792.17, 1254.73
6.95226, -167.543, -799.596
6.16955, -926.219, 1329.49
6.04239, -246.899, 1332.49
5.1278, 155.135, -376.802
6.41065, -336.258, -1571.03
3.42484, -790.449, -872.483
5.72673, 518.986, 926.874
3.42178, -1294.02, -559.874
3.31214, 39.3981, -234.978
2.65594, -368.725, 1672.14
7.42716, 271.81, -1350.27
4.04559, -610.666, -1364.32
4.11075, -1310.83, -567.719
5.51155, 537.55, -431.235
2.89107, -646.692, -1785.19
3.93936, 6.89621, 129.671
5.79307, -311.175, -946.419
7.36348, -1846.28, -722.509
7.27758, -723.972, -1526.35
7.42745, -1297.96, -586.982
7.30478, -1750.09, -1393.01
3.0073, -1022.05, 1113.77
3.71505, -297.331, -927.273
6.91151, 210.334, -789.143
5.28805, 677.693, 1309.93
6.7669, 1569.88, 1050.72
7.49145, -1064.87, 1103
3.99751, -415.536, -941.275
6.33157, 1907.95, 847.017
4.81901, 576.104, -330.398
6.8168, -1303.93, -1502.05
6.99018, 1689.37, -69.7873
7.377, 502.299, -784.803
2.77405, 1190.7, 344.494
6.32605, 1806.8, -1260.07
5.09219, -1814.03, 1470.02
3.46574, 1878.01, -381.241
6.98252, 452.501, -1095.49
6.38492, -1661.4, 205.235
2.75968, 796.037, 1053.75
7.47331, -1632.31, 1498.14
5.93659, -149.747, -847.732
5.94854, 1735.49, 989.259
6.57666, -1310.09, 1602.19
7.05426, -129.719, -956.409
3.34218, -403.055, 726.723
5.24183, -1196.58, 1547.1
6.53351, -1024.74, -433.939
4.17803, 654.227, -1024.27
5.53435, -201.932, 68.0198
6.59602, -1768.07, 678.434
7.3485, 125.549, -462.12
6.29349, 1097.56, 1035.48
3.72113, -300.819, -209.004
5.80589, -1141.83, 762.267
4.21574, -944.501, -421.881
7.27146, 722.428, -759.858
2.60828, 1573.85, 1080.87
4.54979, -1762.68, 1833.87
2.55789, 1126.57, -1355.63
3.04964, 1736.28, 397.707
5.28259, -1617.03, 203.526
4.45466, -2.61494, -490.564
7.20539, 246.027, -366.237
2.55572, 366.187, 744.524
6.22897, -359.305, -931.102
3.84293, 281.167, 274.683
4.27153, -1297.86, -1515.64
3.45835, -891.055, 1256.19
5.14832, 602.86, -277.588
4.39478, -136.851, -1681.64
3.16407, -50.9634, -1634.36
4.26563, -353.773, -1023.06
4.2497, 1552.33, 1902.77
7.41084, 1222.58, -246.955
5.25961, 290.151, -716.413
4.99918, 88.9554, -1430.51
3.58531, -1656.85, 818.503
4.37311, -495.588, -1221.58
6.78251, -1296.83, -892.643
6.45578, 1598.66, -1027.78
3.9204, -1041.95, 1766.69
5.07645, 884.055, 246.707
6.79238, -522.138, 39.1613
7.07844, -1741.61, -393.884
7.48941, 270.922, 1755.88
6.53177, 279.496, -338.7
5.22718, -1783.85, -305.394
7.3461, 302.622, -1433.72
5.31931, -1154.15, 732.673
4.03031, -896.871, 1290.69
5.41853, 1791.55, 1785.64
2.91197, 148.912, -556.38
5.47382, 679.747, 1172.36
3.31968, -1137.75, -1163.63
6.46527, -1274.1, -976.314
2.95373, 1202.69, 1375.85
6.3072, -968.576, -1358.6
6.83996, -565.086, -30.8447
6.40105, 312.717, -675.381
6.61399, 1821.33, 1758.54
6.70974, 735.089, 1084.34
4.48328, 943.261, 487.773
6.508, -299.601, 333.408
6.56811, 739.527, -85.1091
5.43493, -801.91, 180.944
4.64621, 1533.34, -50.3181
2.5002, -79.1804, -880.13
5.31153, -1592.04, 660.799
6.22632, 713.522, 669.837
3.89846, 1792.51, 537.703
2.93406, -1872.97, 1111.07
3.5733, 1709.1, -1733.32
3.93296, -943.31, 1194.85
4.86595, -761.646, 920.316
6.95893, 1678.99, 1650.85
5.91955, 993.615, -966.019
3.54376, -12.5827, -256.333
6.67533, 1544.23, -13.3234
7.09218, 1829.48, 1781.06
4.48244, -1008.49, -1349.49
6.37858, 1097.1, 1038.61
5.68161, -242.287, -188.478
6.64746, 963.547, 516.276
3.40204, 1076.03, -932.418
7.45927, 1098.58, -1487.9
6.70558, -277.967, -1614.93
4.65177, 1729.05, 494.494
4.38589, 1191.25, 1700.61
2.70802, 1233.55, -989.924
6.80715, -1511.76, -1044.33
6.62116, 1776.16, -1761.8
6.25052, 50.2612, 1435.24
3.55801, -352.908, 1857.58
4.31029, -1548.15, -352.76
4.43545, -1218.2, -1528.13
7.32918, 1589.12, 1228.4
6.5872, -251.921, 1323.15
4.5755, -141.421, 876.234
5.83759, 396.866, 295.346
2.52101, 997.313, 1841.78
6.98048, -1452.18, 431.473
3.68416, -715.009, 702.454
3.79415, 700.684, -253.304
5.4939, 766.453, -1384.89
6.89823, -1646.41, 725.983
6.16299, -1165.21, -1157.52
6.0773, 1704.29, 1150.4
3.57724, -1172.85, 968.273
6.30413, 1371.01, -1877.3
3.85351, -371.716, -1010.25
2.75246, 1290.24, 627.946
4.78866, 623.316, 558.042
2.58759, 844.883, -1483.37
3.01129, 83.3193, -428.586
2.639, -315.016, 583.846
5.65921, -721.784, -1076.57
6.34425, 128.584, -476.884
2.74132, 1080.91, -1625.37
6.6924, -50.0326, -1244.72
6.76899, -478.445, -527.914
6.57649, -984.982, 1127.21
6.85188, 1583.68, 743.535
5.27222, -1234.85, -299.76
6.12646, -465.293, 0.458201
3.20424, -985.653, 1744.15
6.6115, 1149.43, -1010.57
5.51185, 1394.73, -371.386
4.93856, 960.278, -1770.83
6.14942, -526.573, 1758.18
4.05164, 1509.42, -1312.8
3.93925, -1406.17, 663.94
5.45857, -1819.4, 1500.13
5.34055, 1197.7, 1669.66
5.41059, -1833.91, -1110.57
2.84132, -1343, 582.588
4.34304, 290.046, -682.62
6.28475, -1854.98, -1116.83
6.35297, -903.053, -1698.74
4.27217, -796.924, -556.689
5.98913, 417.602, 1791.06
5.08005, -1300.26, -577.419
5.94494, 702.782, 291.99
6.18066, -161.424, 1252.48
2.56231, -653.935, -1302.02
7.16549, 1262.67, -297.902
5.37826, 289.553, 219.112
3.05587, 956.731, 1916.76
4.87388, -210.156, 40.1438
3.24247, 499.686, 162.178
4.22594, 121.54, 864.979
7.04476, -1755.84, 315.537
4.54571, 18.8518, 1063.36
5.96642, -1327.04, -191.832
3.35865, 736.483, -1699
6.21715, 1727.42, -985.748
4.16319, -849.341, 1335.74
4.62157, 1238.58, 620.646
2.79523, -320.623, -198.546
5.09005, 532.588, -419.434
5.94425, 903.458, -1131.26
5.01149, -572.634, -29.7159
6.56617, -365.893, -1460.18
3.07974, 198.815, -1795.98
5.24841, 541.088, 947.873
5.06046, 722.18, 70.5004
6.02649, 1861.08, 894.787
5.65083, -509.135, 1733.96
4.0207, -104.883, -1277.81
6.74719, 787.449, 690.904
3.39619, 1241.45, -57.4533
2.61737, -1000.6, -189.671
4.19467, 1378.18, 82.1663
3.43818, 752.156, -261.636
6.60467, -560.34, 323.246
6.72507, -1781.03, -377.86
6.78031, 1675.47, -1383.65
7.37454, -1826.47, 1273.58
2.99587, 843.717, -869.077
2.56182, 1134.29, 1267.23
2.58614, 446.152, 1105.83
2.64527, 433.929, 205.959
4.1031, 287.284, -698.898
6.17815, 1218.56, 575.789
3.14876, 697.51, 925.335
2.5161, -755.576, 964.332
6.91905, 264.141, -1564.18
3.70482, 397.728, -1086.04
4.38481, -1613.59, 1464.34
4.44879, 1264.25, 224.776
2.81534, 1230.55, 604.482
7.30792, 371.788, 1790.19
3.75349, 1413.08, -699.595
6.85376, -1331.67, -176.01
2.85991, -1767.97, 744.141
2.70653, -1153.65, 1162.84
3.46378, 648.51, -1036.96
3.86708, -596.948, 613.105
7.4007, -1880.86, -700.45
3.60607, 690.944, -1012.39
6.43119, -1727.47, 1661.87
4.42306, 528.097, -807.562
3.78593, 914.82, -1251.21
3.91087, -1794.91, 125.597
7.33834, 1777.76, -97.8253
4.22841, 1423.94, 305.929
3.45922, -1860.4, 1452.44
5.05037, -1090.19, -725.484
5.21857, -1068.98, 1214.35
5.72333, -1307.87, -1186.14
3.89738, 4.82558, 1490.65
3.41887, -621.28, -1360.84
2.71579, -1697.59, 724.826
3.98408, -911.045, -466.463
4.25548, -458.853, 260.485
7.09372, -845.369, 1308.75
5.81225, 977.896, -696.856
5.08041, 1715.28, 1114.56
4.03763, 1155.69, 1104.85
3.0007, -658.241, 285.693
3.47502, 734.424, -1777.09
4.11407, 57.3434, -217.728
5.56182, 1793.71, 176.172
5.13511, 1869.88, -1901.87
3.45653, 627.402, 540.9
4.7178, -1286.02, -904.42
4.48693, -1331.5, 1608.37
6.28051, -1177.19, 1494.49
6.6213, 1447.94, 1206.5
5.51573, 264.228, -743.331
3.04573, 1166.7, -1570.6
4.11797, 935.479, -330.969
5.03403, 44.4997, 612.798
4.76521, -1331.48, 1585.94
4.77315, -343.496, -938.75
4.91125, 1809.16, 1819.51
5.07896, 723.065, -1296.66
4.50207, 360.504, 1585.27
4.22945, 1881.97, 834.807
6.64533, 1815.87, -418.272
3.02204, -1392.18, -1507.93
6.40057, 1072.1, 1068.95
3.19919, -581.945, -463.544
2.62171, -1509.31, -1042.91
6.0664, 764.291, -1382.44
7.15538, 290.617, -1577.4
7.47667, 443.313, 329.906
3.86264, -1790.52, 299.767
3.6923, -1037.96, -486.062
3.87328, 1830.06, 1213.28
5.70836, -1758.02, -1451.83
5.17637, 587.872, 250.469
6.8967, 1585.95, -588.368
6.75968, -1276.46, -1549.7
2.98004, 1651.59, -147.476
4.66818, -1441.19, 463.938
3.17045, -326.152, -1461.51
5.86802, -373.865, 625.478
5.34964, -73.5849, -882.484
3.66474, -1110.92, 1138.65
5.50306, 507.236, -1317.78
2.6551, -1519.74, -25.7478
7.08512, 1076.85, -569.492
3.82958, 1700.26, -369.941
6.50016, -348.731, -1063.76
5.46389, 217.448, -1483.17
5.0822, 681.66, 1211.55
5.2567, 741.65, 1199.24
3.47225, 908.384, -437.581
5.36152, 305.442, -1416.81
3.81992, 337.952, 802.811
4.41648, -1562.86, 1039.29
2.73626, -1491.87, -1740.97
4.22823, 1132.29, -1361.43
3.61594, 1281.15, -862.72
3.81264, 33.4077, -1421.22
3.05141, -810.833, -876.849
7.40088, -1355.26, -4.8196
5.93794, 1554.01, 1238.98
5.82158, -1090.99, -739.65
5.99501, -1170.69, -1332.51
2.68746, -1657.38, -1476.4
3.6706, -1302.06, -1511.02
3.95397, 1475.95, 1338.7
3.50543, 20.8403, -408.259
2.7177, 703.86, 588.947
2.56571, -1044.66, 1112
6.07297, -984.925, 1543.75
6.88348, -1693.21, -1198.21
5.35088, -1741.09, 646.163
6.92743, 1717.03, 1667.2
5.20042, -738.084, -538.411
3.31357, 1745.8, -1269.5
3.30492, 1849.92, 913.27
7.19182, 606.907, 504.619
3.45628, 1041.1, -1617.31
3.15761, -18.3225, -232.006
4.41122, -478.134, 80.6637
6.12674, 564.19, -406.969
2.50651, 1094.19, 1693.26
4.60222, 69.5416, 1445.69
5.18984, 521.158, -459.46
4.86596, -459.162, 473.774
6.33003, 1095.67, 1690.55
2.9396, 1058.13, -950.955
7.04284, 290.756, 646.192
3.20818, -1652.98, -811.851
2.54782, 713, -51.3098
2.82267, 549.095, 913.651
4.96742, 746.738, 440.382
5.40914, 1030.89, 1907.27
4.03373, -1829.72, 1077.06
4.57091, 1654.54, -115.747
4.33401, -1204.3, -1290.04
3.42687, 301.603, 1292.58
2.76788, 1253.5, 265.3
4.47222, 1028.52, -104.851
3.98388, -660.333, -265.66
5.05388, -771.488, 1615.65
3.75392, -1451.43, 437.401
5.01589, 1814.06, 1804.25
2.51168, 25.8408, 1574.25
7.01807, 1864.37, -881.845
2.79181, -1837.72, -1848.11
5.17506, -1230.73, 1569.57
3.95754, -762.081, 1660.63
7.3023, -1570.19, -498.597
4.73406, 700.634, -206.037
5.08479, 1696.52, 364.134
5.93861, -482.987, -2.5954
2.72187, -316.553, 113.348
7.2946, -1556.53, 1185.52
5.70852, 753.213, 285.477
2.80215, 1144.94, -1474.76
3.33964, 149.546, 524.88
5.76491, 961.9, -436.473
6.19864, -1545.67, 658.154
3.57011, 1626.73, 425.473
4.31441, 270.913, -1581.22
6.56981, -1286.46, 1817.3
5.32057, 1607.37, -921.671
7.45886, -81.8588, -1673.98
6.5669, -1526.45, 727.77
3.49157, -1905.34, -35.7153
2.50003, -305.866, -1610.06
4.62608, 1787.32, -1401.94
4.07406, 1659.2, 409.882
5.56218, 1197.14, -1805.14
3.83351, -325.722, -1029.44
4.39881, -1181.59, -148.912
5.43397, 1803.88, 579.938
5.95636, -242.214, -936.65
7.26736, -848.34, -1099.07
4.89785, -592.682, -1823.38
3.60319, 753.825, -1374.18
5.33741, -1369.34, -958.795
6.09873, 722.877, 670.659
4.4953, -954.61, 1178.11
3.48326, -1350.42, 1883.24
6.66971, -1296.61, -1506.84
5.59561, -900.249, -1712.65
7.26866, -551.014, 347.759
3.23222, 22.6281, -407.122
5.38953, 29.3187, -883.833
7.26796, -866.919, 1391.27
3.62331, 1409.81, -1949.92
7.25137, -977.599, 1567.14
3.07874, 1550.3, -970.178
2.58372, -14.301, -411.106
3.90465, -666.581, -329.535
7.15042, 1253.97, 256.873
3.04796, 1526.57, 1707.53
6.77266, 2.14355, 1513.71
5.68532, -1405.96, -1430.82
5.63853, 815.854, -1402.17
3.80589, 1431.42, 1351.01
5.13936, -1786.41, 419.506
7.16608, -460.249, 1738.78
3.98055, 1776.46, 231.09
4.78006, 375.099, 780.461
6.35659, -1321.34, -1164.56
4.17193, 268.103, 216.379
6.31775, -110.904, -1657.67
6.65892, -55.4468, 1794.41
2.64618, -1444.38, 1119.33
4.31315, 1394.51, -517.17
4.16221, 554.996, 944.478
3.17675, -1025.38, -481.717
3.00839, -585.67, 1232.59
5.11327, -1174.67, 1580.88
3.52046, 66.5112, -1013.48
5.00728, -1692.57, -1186.06
5.1371, -44.784, 1862.16
4.13422, -528.476, -562.91
4.75888, 481.069, -814.13
6.85263, -61.8274, 1826.8
4.72884, 1199.79, 1659.72
6.03726, -905.631, -1685.76
6.83171, 1763.85, -1386.92
6.5822, 1663.65, 413.632
2.67504, 1653.88, 1660.35
3.8644, -1246.72, -503.421
5.21858, -826.536, -843.108
3.19942, -1768.28, -1121.91
5.57408, -1476.81, -1785.38
3.29182, -1160.72, -1219.64
4.41129, 216.349, 430.153
5.94997, -196.73, 364.278
3.21128, -802.465, 953.733
5.65284, -1566.63, 1509.51
3.15973, 318.728, 1814.05
7.13583, -1431.35, 395.747
5.53465, -1828.76, 1561.74
5.50388, -1766.96, 714.109
3.33635, 1149.18, -1001.17
3.301, -1658.26, -806.707
5.91628, 1186.45, -46.2627
5.1456, -1377.18, -18.8596
3.65264, -233.628, 1463.25
6.55373, -961.966, -120.755
5.76477, -827.308, -1089.95
4.08597, -1190.34, -1179
2.53953, -502.179, -1580.91
3.49176, 1433.89, 1373.39
3.78831, 15.5797, 746.723
3.03825, 1716.26, 60.8113
3.49545, 241.98, -818.739
6.75079, 1592.17, -1542.09
6.63912, -1807.69, 426.419
6.76813, -1840.26, -1088.96
5.71027, 600.14, 1537.98
3.6787, 1407.5, -1951.05
6.80638, -1007.67, -1546.77
5.4745, 17.6587, -245.368
2.52745, 1009.79, -129.554
6.84925, -1280.3, -905.559
7.37729, 1249.79, 271.177
5.59653, 717.693, 64.1058
3.85574, -1773.17, 724.839
7.46973, -379.922, -1161.73
4.60751, -1368.37, -1007.9
4.20537, -1562.43, -1203.85
4.80717, 673.991, -198.694
4.44822, 504.625, -829.708
4.613, -47.3236, 1019.33
2.84879, 252.562, 610.475
5.5153, -60.4378, -237.018
7.36114, -101.368, 423.267
5.07406, -1421.83, -994.188
7.45461, 1823.93, -257.416
5.84906, 1237.59, -312.649
4.01716, -1198.72, 118.223
3.47371, 1667.67, 1161.35
4.0109, -1478.13, -1762.43
4.93946, -689.135, 904.047
4.72438, 1010.72, 1876.05
5.7844, 676.841, -1786.5
3.74227, -1481.45, -1392.62
4.72007, 97.6649, 1085.5
5.75894, -1384.88, -14.1849
6.67472, -1405.07, 495.175
6.03698, 369.556, 1610.13
4.93928, -1678.65, -1227.16
6.72039, 779.233, -434.043
7.00296, -1007.45, -456.447
6.33082, -1334.5, -978.525
5.29453, 1309.47, 1767.34
2.70603, -12.9395, 119.981
5.46749, 1104.71, 150.658
2.68674, -1207.42, 1566.47
4.53488, 140.436, 860.576
2.84243, -1880.13, -1729.18
7.38558, -1504.68, -1819.89
2.5956, -963.115, -553.015
6.60363, -339.36, -526.817
5.2195, -763.494, 1660.75
5.72828, 1501.46, -678.279
3.62934, -534.134, 14.6589
2.733, 1767.62, -1425.84
3.63154, 422.202, -1082.33
4.58371, -1269.34, 259.521
6.40126, 511.66, -1228.39
3.72852, -1806.02, 676.841
4.81411, 1241.31, 320.568
6.14756, 1853.93, 571.559
5.35237, -676.048, 1589.09
5.45997, 1817.16, 1838.23
4.98425, -1755.39, 545.372
3.951, 906.018, 317.645
4.71107, 20.9188, -502.918
2.53669, 1666.6, -810.879
7.41683, 981.117, -698.016
2.52822, -1518.06, -400.794
4.8676, -200.745, 1468.82
5.86497, -664.253, -265.987
