6.27803, -1473.78, -1999.49
3.5948, 131.297, -170.123
5.89648, 715.635, -1811.6
5.09708, -466.134, 1739.17
2.76731, -1861.85, 1323.51
2.53849, 675.095, 109.824
4.58743, -1732, -466.255
7.15218, 355.946, 747.229
2.95982, 107.526, 1384.64
6.00595, -335.611, 616.331
3.81226, 1049.04, 1641.05
4.14117, 944.287, -1809.86
7.45519, 1025.4, 530.264
7.41275, -1012.4, -539.598
5.75759, 1013.22, 890.496
6.92354, 526.474, -1708.96
6.33247, -254.053, -909.078
3.87453, -1048.29, -89.4273
4.93259, -1334.77, -565.014
2.80282, 1637.01, 1590.22
5.08146, 17.9995, 1618.23
4.96988, 1946.18, -723.945
7.23882, -1636.78, -935.5
4.42071, -6.73758, -1704.83
5.14874, 1655, -891.879
2.75042, 1763.65, -141.797
6.63909, 1080.84, 1046.82
5.94228, -1935.98, -1498.3
6.18112, 518.159, 1472.88
6.94286, 1997.04, 901.591
4.25508, -774.316, -1067.31
6.72991, 364.47, 53.056
3.84659, 1363.87, -350.105
4.83959, 151.312, -345.366
3.2686, -1287.04, -850.694
2.66527, 1210.12, 286.523
7.2768, -6.30088, 138.083
6.95369, 218.408, 992.966
3.29884, 1367.81, 499.221
3.15214, 858.786, -1148.84
2.515, -901.749, -1635.89
6.0491, -1893.63, -343.534
3.40448, -1039.88, 1751.16
5.76029, 1547.83, -729.595
4.42907, 725.581, -1398.58
3.23766, -11.5359, -451.55
5.45054, 1381.63, 348.584
3.24076, 225.137, 1821.5
3.2091, -364.856, 1932.91
4.94257, -991.277, 259.407
3.13015, 1846.51, -133.684
5.64635, -722.754, -1200.7
5.60817, 604.877, -1492.85
4.88216, -1008.29, 1212.01
2.64188, -1186.21, -443.993
3.21011, -293.518, 1606.45
3.15594, -358.864, 1789.59
3.31099, -1631.56, 1541.75
3.76529, -538.556, -1715.34
4.77654, 1133.1, -1459.91
6.54472, -190.721, -601.816
3.57624, 606.513, 1726.32
3.75063, 1634.9, 723.421
5.02978, -115.009, 1443.34
6.27922, 1270.22, 400.609
5.66369, 1805.45, -150.531
5.9449, 1297.98, -243.159
7.27207, 1948.23, 809.16
5.18713, -842.852, 1405.61
4.57014, -1581.59, 65.7182
4.70019, 1506.1, 307.026
6.07821, 1476.87, 918.918
6.20858, 825.804, 1202.6
5.12494, 1544.01, -1923.44
6.06711, -1738.91, -146.783
5.91025, 670.626, -44.1877
6.82941, 1666.41, -1201.62
3.19597, 175.58, 1559.69
3.57766, 1956.84, -198.74
5.0733, -736.77, -216.179
4.83766, -241.01, 1525.23
3.55759, -539.182, 1226.47
5.65244, -1380.92, 1990.11
2.5044, -1996.05, 464.184
4.09589, 909.185, 1093.22
5.90281, 729.811, -328.44
6.0446, 1345.5, -1178.77
2.90869, -1621.62, 1314.62
3.56926, 518.481, 1056.24
4.44412, -1675.48, -1145.68
4.44927, 1790.57, 1808.48
3.92018, 768.538, -923.092
4.6123, 1135.22, 1107.27
2.55658, -1217.56, -873.983
3.72027, 1931.17, -1233.04
4.49072, -1453.8, 1279.34
6.64177, -1292.59, 403.982
3.78584, 1951.46, -1369.26
3.59705, -1593.94, -1065.51
6.47385, 783.863, 538.811
5.8476, 1011.5, 784.901
5.49108, -1774.56, 535.166
5.99917, -724.977, -1091.69
5.13062, 1050.41, -1529.94
4.14833, 352.652, 215.087
3.30844, -1427.88, 811.699
6.56633, 1440.71, -58.6084
4.08004, 955.968, 227.52
4.05369, 113.988, -1458.84
4.65424, 72.2731, 351.955
4.46509, -517.221, -963.762
4.43916, -96.5064, -213.189
4.34871, -1686.49, -882.974
5.88118, 687.092, -984.413
6.10384, 914.077, 55.7682
7.20082, -156.476, 1779.31
5.08573, -158.293, -713.822
5.5282, -392.474, 645.445
5.85049, -1398, 1946.36
5.11404, 166.631, -624.416
3.87105, -1939.29, 1316.19
7.08924, 184.741, 571.842
3.73367, 1879.88, -933.229
4.77876, 775.805, 1375.54
3.30374, -1910.72, 1282.26
4.68319, 831.1, 827.416
7.45767, 1006.4, 329.996
6.26931, -881.796, 782.678
4.97846, -1982.5, -1315.1
7.01651, -1346.48, -1680.14
4.68213, 986.642, 1131.61
5.09239, 339.044, -1974.21
4.44866, 176.106, -1732.19
5.63431, -456.51, -1136.66
5.19331, 836.976, 636.212
4.35955, 1263.77, -878.752
2.54674, -757.537, 743.135
6.3794, 83.7644, -1584.48
2.85317, -1778.68, -1117.45
3.98511, 894.842, -1358.92
4.78581, -81.2442, -1802.86
3.25156, -212.712, 79.7014
5.97819, 1334.78, -856.455
4.15587, 727.852, 313.057
5.21197, 1947.25, -1769.74
2.64678, 1425.25, -1992.55
5.38086, -41.4182, -489.139
5.18133, 717.845, 955.544
7.36678, -1510.18, -1857.28
5.57063, -594.763, -1246.56
5.26431, -1496.02, 430.228
6.69051, -571.405, 1815.86
3.75764, -964.315, 1896.05
6.98957, 1257.48, -300.424
5.97428, 1041.84, -1021.07
5.82752, -945.547, -192.522
3.06838, -1161.65, -1533.96
3.37987, -1975.12, 187.979
2.91253, -272.362, 397.124
6.68103, -498.541, 749.364
2.64818, 1892.6, -1506.47
6.34719, -22.1665, -1679.56
4.29829, -999.644, 1735.9
6.24626, 0.0787059, 1076.15
6.28385, 726.575, 687.402
3.60834, -1077.61, -1854.14
5.58305, 610.471, 250.611
3.66846, -1100.71, -513.757
6.22052, -1336.4, 611.827
5.80997, -1809.77, -1361.24
4.9209, 1797.15, -1499.86
2.58972, 1656.1, 483.872
4.98291, 887.681, 374.925
5.09587, -232.981, -1784.7
4.71395, -1739.36, 1086.09
4.14528, -128.773, 1908.23
3.52671, 972.949, -216.195
7.19863, -509.539, -1314.03
2.85168, -983.054, 1858.91
3.30042, 105.257, -1504.15
6.70788, -1581.82, 65.2888
4.13614, -305.096, -526.563
6.85942, 307.52, 854.21
5.99896, 1346.22, 1032.93
5.52801, 1740.83, -443.612
4.77536, 158.061, -550.964
2.91543, -1038.39, -391.388
3.94883, -110.45, -313.004
6.51009, -1134.78, -1579.82
6.81821, 678.536, 113.145
3.81831, 846.089, -1024.86
4.79881, -1675.78, -468.862
4.95672, 1182.58, -1067.51
5.82344, -935.477, -1986.67
7.31738, -1252.74, -299.608
7.23022, 1182.66, -1464.07
2.81902, 426.783, -1315.13
5.04829, -828.381, -611.21
6.13222, 1337.32, 1303.82
5.65882, 1208, -682.07
3.26658, -1834.13, -1818.57
5.09652, -1751.77, 1069.3
3.52281, -1117.7, 1716.27
6.03231, 798.824, -1643.91
6.05786, -952.702, -21.8921
3.66304, -1195.55, -485.772
6.80594, -123.81, -257.391
2.67122, -221.774, 1908.55
6.26587, -1873.31, 95.4786
4.14789, 1291.2, 365.594
4.65309, 145.943, -1071.47
7.33455, 1948.67, -385.756
4.05803, 1469.87, 1401.59
5.69762, 1989.69, -1406.22
5.95386, 1727.99, -127.5
5.36403, 165.793, 1261.42
6.60667, 1781.12, -1363.34
4.21807, -1834.33, -1377.61
5.09387, -1614.09, -1559.47
6.78438, 245.885, -1909.98
6.18587, 697.828, 68.2081
3.45992, -1907.87, 793.067
2.83145, -616.501, 683.814
3.60828, 1693.03, -1442.92
3.33656, 343.901, -479.071
6.31172, 764.46, -1893.57
5.44905, -1690.51, 854.474
4.65223, 1718.79, 1702.16
7.09618, 1324.82, 23.9011
5.09668, 895.118, 405.551
7.38058, -1354.48, -37.0263
5.15714, -906.944, 297.273
2.98716, 668.204, 793.807
5.83983, 442.641, 195.064
5.44444, 286.096, -20.7111
5.01137, -1396.85, -232.779
2.75808, -1872.95, 925.159
2.6753, -716.023, 86.2345
4.41484, -1571.25, -1019.75
5.55555, 388.315, 207.303
5.06574, 1085.61, 1744.53
5.98498, 600.733, -53.2523
4.89891, -52.4934, -369.904
3.88323, 136.792, 841.889
6.01685, -879.524, 421.98
3.67701, 1752.85, 121.677
6.41501, 389.227, -346.295
6.60589, 725.736, 1680.65
3.21842, -1078.54, 109.508
5.75757, -993.73, 1598.72
3.87677, 1743.53, -1980.32
7.26215, -883.377, 1434.92
4.58238, -1507.96, 27.319
3.03869, -254, 809.721
4.70633, -1600.34, 1064.62
6.28811, -813.902, -620.164
2.77803, -676.979, -645.666
3.51241, -58.7113, 292.573
6.82305, 1896.7, -1544.04
6.52456, -530.444, -32.2041
2.78861, -1361.53, -1350.93
4.40304, -127.637, -1402.97
4.56124, -302.938, 1534.6
2.80071, -766.51, 605.169
7.09746, 1591.02, 1259
3.35398, 1079.99, 1605.02
6.51634, -1871.26, 296.363
3.88599, 1446.51, 88.9977
4.44586, 347.352, 1477.9
7.19936, 102.838, 1247.56
6.24573, 319.553, -320.25
3.44774, -647.782, 1522.96
6.89581, 875.504, 972.388
6.8953, 840.213, -1708.15
3.30515, -1639.53, -560.579
5.87346, -1614.01, -332.81
6.89096, 1252.35, 250.581
6.98262, 539.955, 1076.45
3.06535, -53.9348, 1513.43
5.93789, -469.27, -490.545
3.21651, -1692.12, -1513.55
3.6901, 834.07, -89.4249
5.64383, 1903.07, -436.116
4.312, 1635.29, 720.669
4.64437, 1177.11, 1436.77
4.91936, 1.5367, -1703.98
6.20379, -1.49581, -197.705
3.23098, -798.821, 1731.51
7.36238, -1673.97, -1557.82
7.3158, -1045.58, -368.267
3.14741, -1207.43, 1333.7
5.3784, -643.29, -1214.71
4.66439, 342.608, -239.253
5.50066, -471.437, -526.483
5.85098, -1404.48, -281.363
4.5137, 792.304, 1981.31
6.46691, 1278.21, 1396.75
4.89889, -1961.14, -502.923
5.72449, 586.346, 556.083
4.28836, -490.639, 1196.25
5.96794, -662.68, -441.971
5.83428, -833.903, -1419.91
3.22071, -741.857, 1417.66
7.10415, -1976.77, 410.264
4.22228, 66.0224, -472.14
6.66824, -835.756, -943.295
2.74349, 538.613, -1502.08
3.27936, -492.812, -166.491
2.55765, 663.828, 1023.15
3.94327, 243.573, 1179.43
5.07295, -716.586, -338.014
3.65948, 1368.04, 876.559
2.75022, -504.281, -139.543
5.33091, -1190.26, -1704.03
6.69774, -309.663, 1326.91
4.28763, -1275.69, -829.228
4.3452, 356.312, 1736.65
7.22226, 511.378, -147.714
4.72425, -1798.92, -376.234
6.82086, 993.006, 383.243
5.82654, -1581.5, -1475.73
5.79297, 325.333, 1333.37
7.10736, -1924.12, 1927.91
5.11536, 1871.53, -1221.96
5.45229, 879.134, -884.781
5.79944, 1338.64, 1347.71
4.24765, 574.627, 921.655
4.11714, 657.564, 138.217
7.08984, -229.998, 1476.83
3.08619, 1807.02, -893.268
7.31268, 1345.9, -336.388
5.17978, 103.013, -667.956
5.81447, 1719.02, 1272.25
5.48362, 1766.4, -1026.21
6.93363, -1012.12, -1495.63
6.67999, -1347.65, -1215.27
6.69339, 492.998, 409.476
6.85642, -433.484, 686.281
2.5002, -1539.43, 682.672
4.77274, 515.13, 704.089
4.25696, -1874.63, 288.912
5.80713, -516.606, 1420.19
6.22234, -1757.71, 305.731
3.3821, -230.083, -882.787
7.4621, 1588.98, -1632.43
5.95466, -1867.86, 374.3
6.97862, 277.693, -50.1945
3.51579, 753.983, -262.057
7.2356, -910.443, -73.1065
4.88476, 1811.64, -1021.98
6.78578, 1845.59, -1491.76
6.41237, -1971.28, -1129.61
5.70687, 1839.41, -1799.02
3.14521, -1451.45, 293.758
5.77944, 7.47747, 1298.58
3.09199, 105.846, 20.1458
3.88793, 675.348, 1611.99
6.65548, -434.533, -453.254
6.14153, -1506.09, -1027.92
6.74348, -1195.18, 592.262
3.43989, -1577.1, -1908.62
6.09602, 1118.49, -556.253
4.25586, 323.655, 665.435
3.34555, -831.645, -1371.65
4.52383, 684.865, -1104.74
4.20924, 317.501, 1545.78
6.67141, 797.795, -251.038
3.9111, 1396.25, 1167.95
5.16766, -1325.9, -943.97
6.25085, 1994.48, -1707.14
4.62554, -1343.11, -1512.75
4.66964, -1145.31, 1092.92
3.03022, 1717.18, -1867.5
6.4639, -72.119, -934.692
3.91232, -1144.49, -969.714
7.14264, -1167.07, -477.173
5.37926, 467.321, 1055.08
3.4895, 1631.6, -574.905
5.99081, 1163.35, -1541.29
3.07265, 991.798, -1926.5
4.22945, 618.171, 1579.55
4.15646, -1141.41, -470.856
6.42735, 1657.42, -1928.55
6.65775, 919.88, -426.156
4.21712, -1481.44, 1511.11
4.2603, -551.07, 1768.73
6.38197, 287.943, -1676.5
6.58658, -26.7233, 1376.76
4.26157, -257.546, 564.252
7.09559, -873.097, -603.274
3.2877, 978.575, 504.763
5.56029, -991.26, 1107.84
5.54222, -742.22, 1418.6
3.16647, -505.255, -1496
3.51409, -1495.59, -952.737
4.79457, -1716.04, 1002.11
3.48759, -1060.84, 1853.07
6.77118, -1675.06, 736.552
6.54562, -1519.28, -1389.48
2.80131, -1817.64, 1776.47
6.50584, -1435.35, 1318.35
5.49597, -400.676, -1089.86
7.43182, -1784.88, 620.451
2.65919, -344.033, 1251.56
6.8356, 1893.21, -1571.58
3.69109, 1337.42, 684.914
3.6127, 358.391, 867.446
4.73907, -1992.26, -1085.43
2.61231, 1730.14, -357.571
6.79755, -494.861, 53.2685
4.15902, 437.072, 1175.88
5.72195, 615.297, 496.33
7.43521, -1895.66, -963.664
5.30162, 569.291, -1168.9
4.74553, -1517.16, -492.282
5.213, 343.61, -1445.04
2.90797, 1546.38, -65.5962
3.99606, -1597.65, -549.2
6.63964, 1651.57, 1366.1
6.48936, 1252.98, 1880.75
5.71048, -205.198, 1359.21
4.84105, 1262.93, 775.514
7.15326, -393.942, -1225.12
5.08798, -487.383, -131.936
7.42924, 1597, -1088.43
5.94567, -165.802, -1451.66
6.19966, -362.813, -884.537
3.46323, -784.323, -1874.6
6.08881, -900.702, 1252.54
6.11146, 1140.27, -365.272
6.49298, 531.834, 308.195
4.23216, 511.142, -1998.53
5.1481, -31.2015, -113.012
3.19001, 1431.7, -725.549
6.73218, -452.205, -404.085
6.32766, -172.228, -1775.08
7.5, 1847.6, -830.382
4.24891, 966.443, 1995.73
5.50367, -1203.85, 1186.05
3.50808, -993.165, 171.118
6.2385, 55.1729, 302.661
6.49225, 1958.12, 432.109
3.03505, -1413.22, 219.071
5.35813, -1014.76, 95.0996
2.84683, 715.028, -662.909
4.16036, 1504.48, 1378.57
5.80945, 976.114, -1418.25
5.27726, 347.778, -395.131
7.12415, 457.996, -23.5273
2.69832, -974.269, 455.527
2.62083, -625.842, 482.675
4.61923, 441.263, -1314.37
4.36987, 921.497, 273.631
2.93303, -493.245, -536.401
3.05403, -318.499, 342.344
5.31992, 740.397, -698.78
7.37269, 127.12, 1487.27
3.05066, -98.3877, -1759.43
5.99352, 198.062, 1968.28
2.79674, -100.106, -1490.67
4.69755, 1671.83, -219.358
5.24651, 1988.4, 1433.91
3.45129, 1385.12, -1502.7
7.36597, 625.293, 657.18
3.19593, -1361.79, -167.929
5.48978, 1891.15, -866.583
7.12812, -1748.27, 1408.79
3.91116, -134.515, 1796.42
6.8307, -277.004, -159.327
6.29598, -460.579, -1205.19
6.10793, 692.122, 1256.14
3.34241, -745.025, 734.192
3.32882, 1683.06, 751.91
3.39076, -1294.78, -1984.36
5.87226, 672.945, -1207.55
4.83484, -706.69, 70.8241
6.85219, -1625.18, -716.674
5.76023, -1406.72, -221.474
5.80464, 1529.1, 1767.52
2.58037, -1318.91, -1185.08
4.30596, -1560.98, -1331.56
3.72747, 1854.96, 244.133
6.93086, -1879.48, -1904.25
5.23701, 1652.66, 1545.55
6.57209, -51.8824, -1309.19
5.24453, 333.301, 1745.78
4.16156, 1013.29, -112.881
4.40213, 51.631, -1310.11
2.52389, 1867.83, 1312.43
6.95226, -181.689, -794.459
6.16955, -998.309, 1373.97
6.04239, -308.013, 1356.75
5.1278, 105.533, -376.35
6.41065, -385.062, -1633.59
3.42484, -768.775, -940.852
5.72673, 483.446, 1026.12
3.42178, -1382.76, -690.397
3.31214, 131.798, -174.716
2.65594, -363.777, 1702.91
7.42716, 260.285, -1330.89
4.04559, -665.564, -1438.64
4.11075, -1346.34, -584.361
5.51155, 567.512, -478.878
2.89107, -659.543, -1848.99
3.93936, -35.6179, 176.132
5.79307, -248.268, -983.585
7.36348, -1992.82, -697.72
7.27758, -726.482, -1596.22
7.42745, -1339.34, -600.856
7.30478, -1832.1, -1533.71
3.0073, -1118.35, 1140.79
3.71505, -241.967, -990.024
6.91151, 197.001, -869.409
5.28805, 681.814, 1406.22
6.7669, 1607.82, 1031.38
7.49145, -1064.57, 1039.35
3.99751, -501.31, -955.697
6.33157, 1966.62, 981.63
4.81901, 566.815, -285.68
6.8168, -1272.48, -1589.83
6.99018, 1723.69, 13.1568
7.377, 516.508, -835.171
2.77405, 1322.48, 174.221
6.32605, 1900.79, -1241.06
5.09219, -1870.39, 1479.45
3.46574, 1877.45, -497.174
6.98252, 388.067, -1085.77
6.38492, -1661.11, 197.787
2.75968, 833.457, 1084.22
7.47331, -1713.07, 1534
5.93659, -1.2802, -920.175
5.94854, 1778.41, 993.723
6.57666, -1315.04, 1646.56
7.05426, -72.5579, -869.029
3.34218, -402.768, 812.402
5.24183, -1159.79, 1609.83
6.53351, -948.514, -508.591
4.17803, 636.096, -1057.24
5.53435, -189.459, 87.9182
6.59602, -1912.34, 668.393
7.3485, 175.518, -495.439
6.29349, 1172.86, 985.209
3.72113, -372.436, -186.987
5.80589, -1144.7, 808.956
4.21574, -894.576, -371.926
7.27146, 753.477, -794.026
2.60828, 1609.06, 1112.63
4.54979, -1784.9, 1896.69
2.55789, 1174.59, -1340.17
3.04964, 1685.7, 407.475
5.28259, -1707.19, 180.332
4.45466, -73.2959, -466.821
7.20539, 236.383, -365.316
2.55572, 358.548, 795.734
6.22897, -450.167, -869.139
3.84293, 217.494, 262.253
4.27153, -1355.13, -1529.15
3.45835, -936.492, 1233.3
5.14832, 592.541, -342.013
4.39478, -119.931, -1708.75
3.16407, -26.8567, -1604.66
4.26563, -247.151, -1134.66
4.2497, 1568.52, 1974.92
7.41084, 1213.64, -241.039
5.25961, 306.024, -793.377
4.99918, 26.2507, -1427.12
3.58531, -1669.58, 918.222
4.37311, -459.531, -1307.86
6.78251, -1335.63, -948.607
6.45578, 1573.87, -1018.5
3.9204, -994.933, 1856.92
5.07645, 875.527, 199.431
6.79238, -592.104, -53.7477
7.07844, -1916.18, -350.695
7.48941, 274.412, 1837.65
6.53177, 344.285, -392.141
5.22718, -1825.19, -367.158
7.3461, 298.863, -1479.2
5.31931, -1171.1, 725.336
4.03031, -828.776, 1322.53
5.41853, 1939.18, 1911.48
2.91197, 89.7377, -668.17
5.47382, 724.863, 1235.02
3.31968, -1198.3, -1183.39
6.46527, -1213.2, -875.678
2.95373, 1156.9, 1486.83
6.3072, -1011.81, -1359.93
6.83996, -433.42, 68.0065
6.40105, 386.559, -669.193
6.61399, 1817.4, 1946.38
6.70974, 745.671, 1108.03
4.48328, 1072.75, 512.036
6.508, -323.766, 336.362
6.56811, 762.949, -88.9043
5.43493, -820.739, 203.576
4.64621, 1594.35, -102.529
2.5002, -143.234, -960.171
5.31153, -1632.48, 632.35
6.22632, 670.634, 715.699
3.89846, 1928, 608.782
2.93406, -1978.83, 1131
3.5733, 1707.06, -1763.07
3.93296, -985.098, 1123.62
4.86595, -816.322, 952.483
6.95893, 1692.11, 1639.88
5.91955, 1010.08, -997.644
3.54376, -104.047, -127.927
6.67533, 1590.87, 25.4355
7.09218, 1891.49, 1834.84
4.48244, -948.547, -1404.96
6.37858, 1082.59, 1084.95
5.68161, -325.109, -182.006
6.64746, 967.921, 588.007
3.40204, 1120.58, -911.91
7.45927, 1151.54, -1520.76
6.70558, -300.394, -1690.86
4.65177, 1779.04, 533.998
4.38589, 1194.17, 1783.53
2.70802, 1314.5, -1012.72
6.80715, -1623.25, -1085.09
6.62116, 1818.98, -1825.06
6.25052, 46.9013, 1475.41
3.55801, -330.187, 1992.68
4.31029, -1564.32, -385.116
4.43545, -1184.17, -1611.98
7.32918, 1597.91, 1293.05
6.5872, -332.949, 1267.82
4.5755, -165.801, 899.752
5.83759, 413.296, 370.568
2.52101, 956.242, 1949.82
6.98048, -1483.57, 508.476
3.68416, -686.703, 711.256
3.79415, 722.611, -193.998
5.4939, 820.572, -1424.32
6.89823, -1704.01, 763.363
6.16299, -1132.89, -1187.81
6.0773, 1832.37, 1142.39
3.57724, -1218.89, 961.926
6.30413, 1356.69, -1917.99
3.85351, -319.365, -1125.1
2.75246, 1342.75, 705.91
4.78866, 535.016, 491.26
2.58759, 900.703, -1561.6
3.01129, 148.881, -338.211
2.639, -258.905, 572.277
5.65921, -680.512, -1030.19
6.34425, 168.442, -491.594
2.74132, 1050.91, -1683.98
6.6924, -118.448, -1261.59
6.76899, -526.56, -645.738
6.57649, -886.093, 1146.96
6.85188, 1591.44, 813.155
5.27222, -1271.72, -348.354
6.12646, -595.775, 123.334
3.20424, -1058.36, 1886.89
6.6115, 1205.88, -1049.98
5.51185, 1471.22, -395.834
4.93856, 1020.3, -1845.04
6.14942, -578.812, 1913.72
4.05164, 1515.49, -1339.71
3.93925, -1398.53, 710.143
5.45857, -1910.9, 1626.38
5.34055, 1316.93, 1777.81
5.41059, -1874.59, -1155.39
2.84132, -1379.69, 566.567
4.34304, 298.623, -769.332
6.28475, -1863.07, -1158.74
6.35297, -896.98, -1743.47
4.27217, -788.481, -503.305
5.98913, 488.863, 1868.68
5.08005, -1380.95, -613.1
5.94494, 785.427, 262.015
6.18066, -164.607, 1230.74
2.56231, -688.506, -1352.59
7.16549, 1215.09, -240.54
5.37826, 268.158, 253.869
3.05587, 914.218, 1950.98
4.87388, -221.746, 43.9207
3.24247, 341.304, 180.721
4.22594, 101.839, 902.235
7.04476, -1867.94, 352.618
4.54571, 31.7743, 1030.51
5.96642, -1350.62, -147.387
3.35865, 770.586, -1861.83
6.21715, 1787.95, -998.084
4.16319, -845.393, 1280.59
4.62157, 1339.73, 622.272
2.79523, -274.295, -234.082
5.09005, 574.833, -469.933
5.94425, 951.125, -1164.32
5.01149, -530.567, 52.5286
6.56617, -337.694, -1504.91
3.07974, 162.34, -1883.1
5.24841, 528.624, 931.505
5.06046, 826.916, 43.0834
6.02649, 1902.96, 883.75
5.65083, -471.459, 1785.33
4.0207, -45.3385, -1263.05
6.74719, 800.872, 747.056
3.39619, 1202.27, -39.1265
2.61737, -1063.72, -200.682
4.19467, 1486.62, 110.521
3.43818, 698.697, -165.533
6.60467, -571.47, 386.349
6.72507, -1792.39, -308.074
6.78031, 1691.52, -1441.86
7.37454, -1911.14, 1274.66
2.99587, 943.49, -897.592
2.56182, 1128.72, 1315.98
2.58614, 422.807, 1188.06
2.64527, 507.05, 188.888
4.1031, 306.939, -754.031
6.17815, 1256.99, 606.376
3.14876, 745.041, 948.38
2.5161, -735.355, 1016.73
6.91905, 277.65, -1583.45
3.70482, 464.364, -1152.51
4.38481, -1645.11, 1513.34
4.44879, 1215.6, 374.47
2.81534, 1191.35, 591.374
7.30792, 367.557, 1923.15
3.75349, 1454.92, -675.003
6.85376, -1364.22, -109.738
2.85991, -1840.71, 858.673
2.70653, -1255.89, 1160.2
3.46378, 730.168, -1048.46
3.86708, -622.297, 605.667
7.4007, -1908.86, -731.89
3.60607, 648.851, -1086.06
6.43119, -1752.89, 1715.37
4.42306, 604.721, -845.907
3.78593, 962.432, -1275.26
3.91087, -1902.2, 133.909
7.33834, 1739.17, -65.3698
4.22841, 1541.51, 348.005
3.45922, -1973.32, 1477
5.05037, -1095.91, -761.282
5.21857, -1118.14, 1271.56
5.72333, -1268.33, -1232.32
3.89738, -20.2817, 1574.67
3.41887, -592.942, -1443.39
2.71579, -1671.62, 771.619
3.98408, -1022.16, -555.101
4.25548, -463.385, 282.611
7.09372, -842.83, 1465.8
5.81225, 990.325, -717.726
5.08041, 1735.53, 1175.08
4.03763, 1236.01, 1179.76
3.0007, -708.166, 311.852
3.47502, 761.178, -1763.15
4.11407, 63.4585, -266.351
5.56182, 1935.12, 172.935
5.13511, 1924.92, -1971.86
3.45653, 509.868, 572.658
4.7178, -1312.05, -859.201
4.48693, -1423.14, 1714.74
6.28051, -1216.17, 1489.77
6.6213, 1475.06, 1205.29
5.51573, 283.744, -687.453
3.04573, 1222.74, -1662.67
4.11797, 976.281, -330.977
5.03403, 15.3531, 638.667
4.76521, -1296.8, 1594.31
4.77315, -364.203, -927.502
4.91125, 1835.64, 1817.71
5.07896, 740.071, -1303.17
4.50207, 387.12, 1626.86
4.22945, 1922.06, 972.323
6.64533, 1852.04, -478.798
3.02204, -1468.72, -1601.42
6.40057, 1176.62, 1141.6
3.19919, -595.745, -479.539
2.62171, -1611.62, -1027.04
6.0664, 815.312, -1515.53
7.15538, 317.624, -1644.72
7.47667, 358.945, 350.492
3.86264, -1745.42, 305.694
3.6923, -971.954, -497.486
3.87328, 1931.1, 1241.61
5.70836, -1821.07, -1463.42
5.17637, 622.506, 314.862
6.8967, 1677.94, -595.474
6.75968, -1314.58, -1689.04
2.98004, 1825.64, -66.731
4.66818, -1507.15, 391.361
3.17045, -413.274, -1517.94
5.86802, -314.313, 643.796
5.34964, -106.413, -967.898
3.66474, -1251.33, 1122.23
5.50306, 534.455, -1382.23
2.6551, -1610.98, -57.5768
7.08512, 1139.68, -626.618
3.82958, 1726.2, -349.708
6.50016, -371.497, -1018.24
5.46389, 345.747, -1436.28
5.0822, 721.944, 1243.22
5.2567, 635.811, 1292.64
3.47225, 1018.59, -466.255
5.36152, 238.905, -1488.7
3.81992, 430.011, 806.934
4.41648, -1530.16, 1080.33
2.73626, -1507.32, -1795.28
4.22823, 1181.37, -1344.28
3.61594, 1366.63, -879.051
3.81264, 32.6858, -1479.41
3.05141, -861.733, -803.196
7.40088, -1413.2, 42.5355
5.93794, 1623.52, 1289.41
5.82158, -1096.29, -757.793
5.99501, -1205.04, -1347.7
2.68746, -1682.05, -1560.66
3.6706, -1257.02, -1491.37
3.95397, 1431.16, 1388.71
3.50543, -84.7052, -524.956
2.7177, 758.012, 661.35
2.56571, -1087.66, 1053.85
6.07297, -1057.38, 1531.41
6.88348, -1739.47, -1265.48
5.35088, -1782.25, 559.372
6.92743, 1733.07, 1747.17
5.20042, -712.38, -561.14
3.31357, 1861.17, -1297.48
3.30492, 1942.51, 879.824
7.19182, 642.095, 575.895
3.45628, 1110.67, -1709.09
3.15761, -13.752, -227.837
4.41122, -636.091, -9.00872
6.12674, 514.918, -534.361
2.50651, 1090.24, 1745.57
4.60222, 23.4778, 1464.63
5.18984, 620.481, -427.896
4.86596, -478.304, 495.617
6.33003, 1082.24, 1751.76
2.9396, 1110.34, -944.558
7.04284, 264.784, 648.907
3.20818, -1761.2, -789.261
2.54782, 877.991, -105.205
2.82267, 491.487, 1011.76
4.96742, 764.372, 445.301
5.40914, 1070.32, 1983.12
4.03373, -1900.61, 1090.32
4.57091, 1843.91, -141.725
4.33401, -1147.35, -1380.65
3.42687, 375.009, 1340.18
2.76788, 1270.53, 318.693
4.47222, 1085.23, -131.273
3.98388, -696.593, -263.561
5.05388, -793.179, 1643.16
3.75392, -1397.35, 461.535
5.01589, 1935.31, 1768.59
2.51168, -38.249, 1603.49
7.01807, 1998.97, -897.057
2.79181, -1811.34, -1899.7
5.17506, -1381.78, 1609.09
3.95754, -774.862, 1756.21
7.3023, -1632.55, -534.644
4.73406, 638.193, -218.658
5.08479, 1793.4, 334.794
5.93861, -512.397, 19.141
2.72187, -321.39, 153.791
7.2946, -1598.09, 1214.99
5.70852, 737.609, 319.389
2.80215, 1264.43, -1564.92
3.33964, 95.1025, 536.87
5.76491, 975.326, -502.014
6.19864, -1538.31, 674.616
3.57011, 1725.59, 397.729
4.31441, 316.322, -1754.83
6.56981, -1296.72, 1871.99
5.32057, 1615.75, -941.399
7.45886, -82.0972, -1802.26
6.5669, -1527.59, 797.635
3.49157, -1991.49, -46.482
2.50003, -330.447, -1716.72
4.62608, 1896.06, -1567.96
4.07406, 1664.2, 385.193
5.56218, 1214.45, -1870.3
3.83351, -387.366, -1089.42
4.39881, -1190.67, -121.323
5.43397, 1943.51, 583.811
5.95636, -283.38, -1035.52
7.26736, -920.924, -1145.35
4.89785, -585.499, -1912.9
3.60319, 749.628, -1465.33
5.33741, -1452.4, -891.87
6.09873, 870.853, 729.837
4.4953, -963.186, 1137.5
3.48326, -1386.57, 1996.93
6.66971, -1373.04, -1526.46
5.59561, -894.851, -1749.51
7.26866, -592.179, 341.575
3.23222, -28.8667, -564.92
5.38953, 83.3317, -921.58
7.26796, -783.298, 1451.38
3.62331, 1440.34, -1952.24
7.25137, -975.388, 1628.08
3.07874, 1606.47, -1037.94
2.58372, 58.7326, -529.278
3.90465, -690.948, -348.725
7.15042, 1304.13, 332.441
3.04796, 1489.86, 1743.66
6.77266, 62.9195, 1665.43
5.68532, -1454.88, -1466.21
5.63853, 815.456, -1416.32
3.80589, 1465.45, 1481.31
5.13936, -1902.46, 443.376
7.16608, -531.815, 1834.58
3.98055, 1848.94, 200.063
4.78006, 310.466, 918.133
6.35659, -1314.05, -1250.63
4.17193, 194.423, 228.631
6.31775, -78.9634, -1895.58
6.65892, -59.9208, 1888.07
2.64618, -1450.66, 1137.45
4.31315, 1432.3, -536.037
4.16221, 586.05, 920.813
3.17675, -1040.6, -615.134
3.00839, -614.48, 1247.95
5.11327, -1221.26, 1633.89
3.52046, 61.3299, -1071.2
5.00728, -1746.57, -1263.09
5.1371, 9.38725, 1924.55
4.13422, -541.16, -586.392
4.75888, 451.763, -893.118
6.85263, -15.1166, 1978.42
4.72884, 1294.15, 1731.41
6.03726, -918.538, -1844.25
6.83171, 1834.39, -1399.02
6.5822, 1745.55, 445.549
2.67504, 1796.26, 1674.5
3.8644, -1310.88, -471.681
5.21858, -846.45, -862.035
3.19942, -1991.9, -1081.08
5.57408, -1563.32, -1873.21
3.29182, -1394.75, -1212.31
4.41129, 197.346, 442.864
5.94997, -188.471, 379.539
3.21128, -776.591, 919.977
5.65284, -1570.68, 1592.23
3.15973, 401.385, 1873.65
7.13583, -1483.32, 508.137
5.53465, -1880.44, 1570.57
5.50388, -1844.62, 738.864
3.33635, 1225.96, -1067.28
3.301, -1726.75, -803.5
5.91628, 1251.11, -60.7456
5.1456, -1434.16, -28.997
3.65264, -261.411, 1628.91
6.55373, -1004.94, -117.096
5.76477, -841.89, -1123.22
4.08597, -1097.84, -1165.57
2.53953, -526.216, -1634.34
3.49176, 1447.83, 1499.25
3.78831, -18.4798, 764.84
3.03825, 1788.13, 77.6602
3.49545, 267.204, -874.444
6.75079, 1607.51, -1545.1
6.63912, -1972.17, 441.011
6.76813, -1921.39, -1101.41
5.71027, 569.724, 1561.11
3.6787, 1462.99, -1983.91
6.80638, -1005.22, -1622.87
5.4745, 74.4377, -202.967
2.52745, 1016.18, -57.3372
6.84925, -1335.43, -949.663
7.37729, 1302.86, 214.16
5.59653, 760.455, 26.1003
3.85574, -1893.95, 758.517
7.46973, -316.606, -1273.37
4.60751, -1449.16, -1062.48
4.20537, -1590.91, -1231.86
4.80717, 721.586, -276.846
4.44822, 530.092, -757.177
4.613, -102.615, 1031.41
2.84879, 264.693, 573.28
5.5153, -134.598, -266.506
7.36114, -99.375, 463.442
5.07406, -1393.47, -1074.13
7.45461, 1914.9, -275.69
5.84906, 1261.31, -299.322
4.01716, -1212.1, 142.152
3.47371, 1753.19, 1129.49
4.0109, -1418.19, -1878.44
4.93946, -669.083, 923.53
4.72438, 1059.24, 1953.17
5.7844, 638.456, -1887.1
3.74227, -1563.5, -1338.81
4.72007, 110.144, 1112.77
5.75894, -1383.47, 110.938
6.67472, -1426.58, 376.105
6.03698, 408.21, 1649.51
4.93928, -1745.42, -1202.05
6.72039, 800.604, -480.031
7.00296, -992.392, -364.052
6.33082, -1300.72, -1055.57
5.29453, 1256.5, 1695.72
2.70603, -53.8946, 194.462
5.46749, 1129.67, 130.33
2.68674, -1366.42, 1661.44
4.53488, 43.136, 874.148
2.84243, -1955.64, -1765.65
7.38558, -1559.56, -1765.27
2.5956, -1036.62, -465.51
6.60363, -324.884, -552.945
5.2195, -742.285, 1761.31
5.72828, 1586.05, -664.89
3.62934, -521.516, 121.072
2.733, 1654.24, -1387.45
3.63154, 431.218, -1113.41
4.58371, -1267.12, 270.948
6.40126, 532.85, -1265.46
3.72852, -1845.18, 784.325
4.81411, 1324.99, 159.418
6.14756, 1858.92, 583.348
5.35237, -660.467, 1633.84
5.45997, 1855.09, 1859.3
4.98425, -1892.29, 562.897
3.951, 995.47, 215.517
4.71107, -3.12771, -449.74
2.53669, 1711.35, -791.306
7.41683, 1011.61, -726.283
2.52822, -1623.38, -286.043
4.8676, -189.715, 1472.38
5.86497, -620.017, -243.555
