6.27803, -1462.25, -1914.5
3.5948, 39.8142, -248.251
5.89648, 734.828, -1792.57
5.09708, -562.821, 1795.1
2.76731, -1909.53, 1284.36
2.53849, 639.826, 105.628
4.58743, -1636.89, -492.016
7.15218, 374.788, 783.093
2.95982, 68.8115, 1388.08
6.00595, -376.752, 640.085
3.81226, 1070.81, 1595.83
4.14117, 941.696, -1765.85
7.45519, 945.282, 505.831
7.41275, -1030.37, -510.199
5.75759, 978.835, 864.861
6.92354, 515.767, -1658.47
6.33247, -271.199, -940.257
3.87453, -937.177, -127.168
4.93259, -1315.8, -571.442
2.80282, 1601.56, 1534.25
5.08146, 9.66648, 1542.4
4.96988, 1880.97, -738.545
7.23882, -1589.38, -946.638
4.42071, -49.3705, -1644.78
5.14874, 1610.01, -956.835
2.75042, 1715.24, -111.871
6.63909, 1119.11, 1083.94
5.94228, -1835.51, -1455.41
6.18112, 516.855, 1455.14
6.94286, 1880.8, 891.372
4.25508, -701.114, -1027.04
6.72991, 367.973, 45.738
3.84659, 1235.82, -275.83
4.83959, 148.734, -371.012
3.2686, -1321.94, -905.707
2.66527, 1245.72, 279.743
7.2768, -30.448, 180.774
6.95369, 229.949, 958.176
3.29884, 1308.85, 467.733
3.15214, 851.842, -1124.59
2.515, -919.089, -1611.89
6.0491, -1769.29, -376.583
3.40448, -985.279, 1670.59
5.76029, 1543.05, -673.506
4.42907, 797.662, -1411.08
3.23766, -10.6134, -486.267
5.45054, 1227.97, 333.409
3.24076, 312.946, 1781.09
3.2091, -346.617, 1888.86
4.94257, -953.639, 229.121
3.13015, 1692.97, -123.617
5.64635, -681.946, -1156.18
5.60817, 566.165, -1441.24
4.88216, -975.216, 1139.27
2.64188, -1035.64, -498.923
3.21011, -250.288, 1560.64
3.15594, -380.659, 1729.36
3.31099, -1672.33, 1516.48
3.76529, -523.089, -1646.24
4.77654, 1066.47, -1467.42
6.54472, -178.644, -587.239
3.57624, 595.412, 1659.58
3.75063, 1604.02, 734.425
5.02978, -127.362, 1426.54
6.27922, 1242.91, 310.23
5.66369, 1721.64, -66.1927
5.9449, 1237.96, -268.951
7.27207, 1911.91, 904.391
5.18713, -804.806, 1425.32
4.57014, -1511.8, 53.6808
4.70019, 1494.88, 324.517
6.07821, 1445.34, 906.878
6.20858, 765.689, 1155.45
5.12494, 1523.28, -1889.51
6.06711, -1685.71, -159.367
5.91025, 634.587, -51.6508
6.82941, 1647.1, -1174.78
3.19597, 132.006, 1494.44
3.57766, 1853.78, -228.775
5.0733, -675.488, -287.689
4.83766, -176.787, 1429.08
3.55759, -484.376, 1210.13
5.65244, -1360.35, 1929.36
2.5044, -1854.8, 378.016
4.09589, 881.531, 1059.61
5.90281, 687.401, -212.749
6.0446, 1314.57, -1147.22
2.90869, -1588.95, 1278.4
3.56926, 537.173, 947.463
4.44412, -1630, -1128.06
4.44927, 1826.37, 1805.47
3.92018, 745.81, -916.84
4.6123, 1108.75, 1051.21
2.55658, -1255.88, -891.323
3.72027, 1819.86, -1263.62
4.49072, -1415.42, 1293.62
6.64177, -1314.59, 395.749
3.78584, 1901.09, -1406.77
3.59705, -1551.27, -999.478
6.47385, 753.344, 530.024
5.8476, 967.409, 773.961
5.49108, -1751.71, 624.934
5.99917, -737.605, -1063.33
5.13062, 1102.51, -1472.56
4.14833, 378.795, 199.328
3.30844, -1441.33, 766.35
6.56633, 1408.35, -43.142
4.08004, 906.26, 239.086
4.05369, 70.4591, -1468.67
4.65424, 55.0048, 275.267
4.46509, -445.144, -945.094
4.43916, -58.3261, -324.519
4.34871, -1602.46, -921.732
5.88118, 665.134, -1026.06
6.10384, 851.838, 59.4207
7.20082, -142.358, 1745.34
5.08573, -162.766, -729.114
5.5282, -364.4, 624.958
5.85049, -1349.88, 1919.77
5.11404, 124.986, -592.863
3.87105, -1853.72, 1259.12
7.08924, 221.276, 562.621
3.73367, 1843.9, -887.962
4.77876, 722.585, 1310.63
3.30374, -1839.01, 1289.34
4.68319, 794.692, 749.302
7.45767, 924.442, 370.439
6.26931, -855.557, 776.498
4.97846, -1898.21, -1282.92
7.01651, -1318.43, -1591.25
4.68213, 976.568, 1074.05
5.09239, 320.659, -1902.79
4.44866, 180.241, -1661.07
5.63431, -403.95, -1155.33
5.19331, 780.975, 645.269
4.35955, 1289.63, -847.873
2.54674, -694.338, 694.936
6.3794, 71.3499, -1525.67
2.85317, -1749.78, -1148.17
3.98511, 854.88, -1364.13
4.78581, -118.823, -1700.39
3.25156, -189.795, 56.2434
5.97819, 1300.26, -859.094
4.15587, 747.933, 273.367
5.21197, 1914.35, -1691.81
2.64678, 1465.23, -1787
5.38086, 3.62874, -429.778
5.18133, 691.739, 938.096
7.36678, -1512.66, -1777.33
5.57063, -625.634, -1194.22
5.26431, -1434.62, 414.252
6.69051, -509.278, 1736.46
3.75764, -987.735, 1786.68
6.98957, 1185.52, -253.408
5.97428, 1011.53, -981.178
5.82752, -953.117, -171.534
3.06838, -1212.61, -1533.07
3.37987, -1879.11, 201.325
2.91253, -306.475, 336.777
6.68103, -459.704, 701
2.64818, 1897.97, -1547.96
6.34719, -31.5572, -1649.15
4.29829, -1025.21, 1707.68
6.24626, 46.5908, 1026.92
6.28385, 685.175, 645.429
3.60834, -1060.39, -1788.27
5.58305, 607.829, 304.53
3.66846, -1090.02, -460.138
6.22052, -1367.09, 562.399
5.80997, -1752.17, -1330.19
4.9209, 1854.06, -1488.47
2.58972, 1667.19, 395.117
4.98291, 896.183, 346.514
5.09587, -92.2895, -1708.6
4.71395, -1685.18, 1006.23
4.14528, -51.2565, 1848.85
3.52671, 948.971, -201.54
7.19863, -452.669, -1223.05
2.85168, -996.005, 1817.91
3.30042, 64.9036, -1448.16
6.70788, -1513.86, 49.4321
4.13614, -307.047, -515.839
6.85942, 326.181, 845.737
5.99896, 1316.68, 1024.02
5.52801, 1720.8, -413.484
4.77536, 146.443, -493.924
2.91543, -925.568, -432.186
3.94883, -80.6309, -241.832
6.51009, -1150.22, -1547.05
6.81821, 698.833, 77.8064
3.81831, 817.318, -1001.34
4.79881, -1612.23, -463.898
4.95672, 1209.12, -1037.99
5.82344, -927.669, -1917.13
7.31738, -1239.22, -350.581
7.23022, 1157.73, -1457.84
2.81902, 453.312, -1289.62
5.04829, -887.472, -563.818
6.13222, 1298.95, 1327.39
5.65882, 1149.22, -645.439
3.26658, -1807.55, -1819.66
5.09652, -1701.16, 1028.23
3.52281, -1075.92, 1660.31
6.03231, 797.334, -1653.62
6.05786, -929.136, -117.44
3.66304, -1023.27, -475.551
6.80594, -80.462, -246.412
2.67122, -195.143, 1838.98
6.26587, -1839, 155.993
4.14789, 1219.51, 314.967
4.65309, 113.94, -1034.97
7.33455, 1829.04, -419.664
4.05803, 1476.47, 1348.17
5.69762, 1862.94, -1370.61
5.95386, 1698.62, -117.608
5.36403, 89.0928, 1244.75
6.60667, 1798.92, -1430.48
4.21807, -1762.34, -1362.29
5.09387, -1615.76, -1469.32
6.78438, 235.689, -1841.71
6.18587, 724.642, 75.2345
3.45992, -1741.55, 727.056
2.83145, -613.652, 654.635
3.60828, 1735.44, -1430.29
3.33656, 314.249, -380.718
6.31172, 746.816, -1776.21
5.44905, -1659.41, 792.119
4.65223, 1730.04, 1692.96
7.09618, 1289.99, 25.6804
5.09668, 902.071, 377.117
7.38058, -1378.46, -74.8438
5.15714, -899.948, 267.456
2.98716, 675.647, 712.852
5.83983, 394.466, 245.837
5.44444, 305.454, -18.9402
5.01137, -1350.41, -224.894
2.75808, -1801.09, 873.503
2.6753, -644.375, 42.6451
4.41484, -1555.8, -1036.66
5.55555, 372.581, 204.186
5.06574, 1087.18, 1715
5.98498, 663.47, -33.2884
4.89891, -25.4341, -387.265
3.88323, 110.882, 859.386
6.01685, -869.95, 393.092
3.67701, 1694.4, 66.4563
6.41501, 280.313, -355.397
6.60589, 684.521, 1619.28
3.21842, -985.365, 94.1983
5.75757, -991.827, 1555.03
3.87677, 1704.94, -1907.16
7.26215, -759.919, 1406.77
4.58238, -1473.91, 35.9831
3.03869, -248.991, 780.997
4.70633, -1555.04, 1058.19
6.28811, -819.47, -568.207
2.77803, -681.797, -593.224
3.51241, -32.6184, 265.792
6.82305, 1808.29, -1445.69
6.52456, -480.891, 34.1437
2.78861, -1335.23, -1305.26
4.40304, -124.479, -1424.51
4.56124, -240.485, 1460.26
2.80071, -735.356, 605.121
7.09746, 1613.55, 1260.17
3.35398, 1071.96, 1647.57
6.51634, -1870.96, 398.602
3.88599, 1443.03, 96.691
4.44586, 329.108, 1474.87
7.19936, 142.31, 1231.96
6.24573, 375.844, -384.138
3.44774, -669.59, 1495.4
6.89581, 845.862, 953.958
6.8953, 809.613, -1621.87
3.30515, -1596.94, -495.053
5.87346, -1571.9, -341.407
6.89096, 1283.25, 275.822
6.98262, 499.383, 1057.61
3.06535, -14.6986, 1477.08
5.93789, -450.563, -477.083
3.21651, -1482.63, -1484.57
3.6901, 791.367, -77.5608
5.64383, 1830.62, -416.131
4.312, 1599.76, 737.728
4.64437, 1162.37, 1428.27
4.91936, -44.1346, -1653.7
6.20379, 18.2484, -232.033
3.23098, -764.788, 1688.78
7.36238, -1657.72, -1499.84
7.3158, -1022.96, -426.453
3.14741, -1164.43, 1300.22
5.3784, -578.449, -1196.36
4.66439, 324.32, -307.296
5.50066, -451.193, -434.858
5.85098, -1348.08, -185.452
4.5137, 798.596, 1932.07
6.46691, 1322.98, 1337.94
4.89889, -1888.21, -488.94
5.72449, 612.01, 513.723
4.28836, -527.104, 1210.95
5.96794, -645.255, -437.793
5.83428, -830.895, -1349.54
3.22071, -836.643, 1427.85
7.10415, -1848.24, 386.363
4.22228, 71.1519, -467.242
6.66824, -800.834, -936.994
2.74349, 591.655, -1444.05
3.27936, -492.164, -130.736
2.55765, 651.796, 973.96
3.94327, 228.317, 1163.04
5.07295, -688.648, -314.363
3.65948, 1345.16, 866.88
2.75022, -493.103, -104.139
5.33091, -1202.54, -1601.28
6.69774, -315.652, 1282.23
4.28763, -1263.28, -880.98
4.3452, 339.284, 1692.8
7.22226, 522.124, -138.769
4.72425, -1758.49, -316.233
6.82086, 939.092, 313.186
5.82654, -1555.04, -1447.44
5.79297, 352.299, 1309.21
7.10736, -1887.64, 1891.32
5.11536, 1894.77, -1262.28
5.45229, 887.647, -883.767
5.79944, 1326.39, 1302.47
4.24765, 526.315, 939.997
4.11714, 635.564, 107.653
7.08984, -229.935, 1462.93
3.08619, 1841.18, -896.41
7.31268, 1241.36, -269.267
5.17978, 129.379, -586.141
5.81447, 1605.74, 1261.53
5.48362, 1737.33, -986.425
6.93363, -1014.72, -1455.46
6.67999, -1299.98, -1213.45
6.69339, 498.018, 380.822
6.85642, -344.88, 609.482
2.5002, -1542.12, 667.048
4.77274, 537.936, 672.819
4.25696, -1861.19, 398.773
5.80713, -508.314, 1395.83
6.22234, -1771.15, 310.709
3.3821, -301.838, -980.464
7.4621, 1593.17, -1562.61
5.95466, -1823.16, 366.86
6.97862, 290.14, -47.3608
3.51579, 710.481, -228.99
7.2356, -953.397, -64.11
4.88476, 1750.39, -978.63
6.78578, 1818.63, -1531.23
6.41237, -1827.76, -1136.22
5.70687, 1812.04, -1758.06
3.14521, -1424.87, 326.749
5.77944, 16.1518, 1317.27
3.09199, 111.099, 4.61902
3.88793, 629.279, 1570.8
6.65548, -492.712, -500.956
6.14153, -1481.93, -1016.32
6.74348, -1202.95, 584.989
3.43989, -1491.48, -1744.86
6.09602, 1114.66, -601.66
4.25586, 310.827, 613.33
3.34555, -841.125, -1393.8
4.52383, 650.989, -1047.12
4.20924, 328.119, 1494.15
6.67141, 701.893, -274.605
3.9111, 1396.53, 1174.39
5.16766, -1297.05, -913.049
6.25085, 1905.36, -1703.97
4.62554, -1320.69, -1517.12
4.66964, -1078.22, 1111.43
3.03022, 1696.43, -1836.92
6.4639, -68.5696, -878.713
3.91232, -1177.83, -937.67
7.14264, -1149.54, -472.724
5.37926, 479.731, 1029.08
3.4895, 1648.88, -593.48
5.99081, 1147.66, -1476.99
3.07265, 978.281, -1837.23
4.22945, 560.2, 1510.55
4.15646, -1147.44, -463.18
6.42735, 1653.39, -1876.43
6.65775, 916.049, -422.892
4.21712, -1462.09, 1497.3
4.2603, -533.051, 1783.68
6.38197, 265.514, -1541.53
6.58658, -5.82039, 1368.86
4.26157, -296.279, 579.115
7.09559, -814.654, -573.893
3.2877, 1037.81, 494.001
5.56029, -949.302, 1156.36
5.54222, -836.584, 1427.21
3.16647, -488.755, -1444.26
3.51409, -1447.74, -995.467
4.79457, -1692.84, 1036.23
3.48759, -981.465, 1795.21
6.77118, -1653.99, 724.52
6.54562, -1515.54, -1325.92
2.80131, -1768.24, 1722.94
6.50584, -1429.25, 1268.42
5.49597, -344.074, -1048.87
7.43182, -1765.05, 507.898
2.65919, -262.728, 1321.49
6.8356, 1807.12, -1446.37
3.69109, 1260.85, 637.857
3.6127, 353.278, 832.116
4.73907, -1826.93, -1111.7
2.61231, 1703.34, -353.951
6.79755, -566.069, -27.8442
4.15902, 438.869, 1130.11
5.72195, 584.819, 580.882
7.43521, -1837.82, -992.627
5.30162, 570.131, -1151.89
4.74553, -1510.38, -493.983
5.213, 302.544, -1438.12
2.90797, 1572.75, -71.6485
3.99606, -1592.55, -504.225
6.63964, 1571.84, 1283.56
6.48936, 1229.38, 1801.41
5.71048, -222.808, 1362.2
4.84105, 1244.06, 741.076
7.15326, -406.402, -1124.93
5.08798, -493.312, -108.386
7.42924, 1587.83, -1005.87
5.94567, -116.082, -1378.35
6.19966, -329.802, -947.953
3.46323, -794.569, -1809.96
6.08881, -914.76, 1208.43
6.11146, 1143.78, -322.697
6.49298, 550.547, 298.831
4.23216, 504.993, -1936.66
5.1481, -48.4609, -197.689
3.19001, 1456, -676.086
6.73218, -447.695, -489.621
6.32766, -97.0355, -1711.12
7.5, 1788.81, -864.973
4.24891, 965.904, 1938.23
5.50367, -1191.62, 1127
3.50808, -985.162, 135.311
6.2385, 82.3711, 321.353
6.49225, 1886.73, 437.927
3.03505, -1397.77, 213.153
5.35813, -1024.01, 87.1335
2.84683, 722.904, -718.624
4.16036, 1394.84, 1379.59
5.80945, 943.634, -1392.81
5.27726, 303.742, -343.661
7.12415, 455.977, -21.4582
2.69832, -939.542, 424.564
2.62083, -591.953, 450.147
4.61923, 440.436, -1293.11
4.36987, 929.599, 259.361
2.93303, -442.762, -499.745
3.05403, -283.531, 341.985
5.31992, 710.185, -676.92
7.37269, 42.785, 1444.4
3.05066, -129.273, -1703.58
5.99352, 199.551, 1894.44
2.79674, -126.451, -1410.32
4.69755, 1664.22, -178.463
5.24651, 1936.94, 1411.29
3.45129, 1355.16, -1474.58
7.36597, 656.892, 635.071
3.19593, -1333.4, -124.197
5.48978, 1789.98, -880.339
7.12812, -1716.52, 1403.72
3.91116, -128.327, 1760.91
6.8307, -324.105, -173.677
6.29598, -397.513, -1174.75
6.10793, 676.746, 1216.87
3.34241, -702.285, 712.885
3.32882, 1603.8, 748.591
3.39076, -1295.4, -1921.98
5.87226, 645.269, -1165.09
4.83484, -660.221, 55.3769
6.85219, -1584.74, -712.462
5.76023, -1333.78, -204.792
5.80464, 1486.87, 1708.92
2.58037, -1342.01, -1191.56
4.30596, -1524.6, -1330.56
3.72747, 1813.85, 182.783
6.93086, -1809.22, -1837.95
5.23701, 1646.51, 1568.53
6.57209, -98.9244, -1272.86
5.24453, 332.693, 1702.64
4.16156, 985.917, -97.8883
4.40213, 11.5026, -1300.86
2.52389, 1813.17, 1271.64
6.95226, -172.295, -797.721
6.16955, -949.155, 1343.33
6.04239, -268.764, 1308.99
5.1278, 151.42, -360.935
6.41065, -351.037, -1588.08
3.42484, -796.873, -893.223
5.72673, 534.555, 952.797
3.42178, -1316.67, -607.398
3.31214, 48.9025, -224.343
2.65594, -366.111, 1678.82
7.42716, 267.931, -1342.29
4.04559, -634.414, -1383.17
4.11075, -1339.81, -576.039
5.51155, 568.252, -430.035
2.89107, -650.895, -1802.65
3.93936, 8.03069, 131.238
5.79307, -303.637, -965.309
7.36348, -1893.03, -709.488
7.27758, -724.602, -1545.83
7.42745, -1303.77, -593.018
7.30478, -1771.2, -1423.31
3.0073, -1059.61, 1075.82
3.71505, -279.934, -955.771
6.91151, 216.557, -813.451
5.28805, 676.402, 1339.42
6.7669, 1580.04, 1043.23
7.49145, -1051.76, 1090.53
3.99751, -461.454, -953.465
6.33157, 1900.81, 866.85
4.81901, 578.192, -328.209
6.8168, -1280.63, -1535.73
6.99018, 1692.03, -39.8326
7.377, 507.855, -793.015
2.77405, 1227.39, 301.675
6.32605, 1823.94, -1254.02
5.09219, -1828.55, 1470.52
3.46574, 1881.17, -411.097
6.98252, 445.498, -1104.73
6.38492, -1675.25, 198.854
2.75968, 807.851, 1061.83
7.47331, -1631.97, 1500.86
5.93659, -113.716, -878.616
5.94854, 1747.46, 990.745
6.57666, -1323.43, 1611.7
7.05426, -116.908, -950.219
3.34218, -402.85, 752.703
5.24183, -1192.05, 1574.22
6.53351, -1002.47, -482.102
4.17803, 660.502, -1052.78
5.53435, -212.029, 54.5847
6.59602, -1808.95, 671.882
7.3485, 139.942, -474.792
6.29349, 1120.72, 1008.42
3.72113, -294.488, -210.813
5.80589, -1141.56, 777.87
4.21574, -927.101, -400.257
7.27146, 731.466, -771.27
2.60828, 1583.79, 1092.77
4.54979, -1768.85, 1851.28
2.55789, 1147.27, -1355.54
3.04964, 1728.89, 401.225
5.28259, -1623.9, 201.339
4.45466, -12.9695, -495.389
7.20539, 235.227, -368.129
2.55572, 362.531, 734.285
6.22897, -391.38, -909.424
3.84293, 267.546, 270.199
4.27153, -1312.67, -1494.18
3.45835, -889.156, 1254.04
5.14832, 594.689, -286.776
4.39478, -96.1072, -1712.53
3.16407, -23.8836, -1652.42
4.26563, -311.159, -1067.25
4.2497, 1556.72, 1923.04
7.41084, 1233.48, -281.291
5.25961, 284.131, -702.797
4.99918, 82.1367, -1437.04
3.58531, -1661.63, 850.635
4.37311, -503.747, -1250.99
6.78251, -1285.3, -907.976
6.45578, 1600.35, -1049.7
3.9204, -1034.68, 1794.78
5.07645, 873.027, 235.915
6.79238, -528.783, 7.68134
7.07844, -1768.55, -370.255
7.48941, 261.625, 1776.69
6.53177, 294.281, -359.151
5.22718, -1807.6, -328.376
7.3461, 310.183, -1419.6
5.31931, -1159.9, 727.928
4.03031, -889.037, 1292.09
5.41853, 1821.28, 1801.57
2.91197, 120.859, -602.817
5.47382, 682.332, 1199.53
3.31968, -1158.51, -1165.52
6.46527, -1302.63, -935.864
2.95373, 1195.41, 1395.32
6.3072, -983.191, -1361.88
6.83996, -549.953, -11.6323
6.40105, 337.575, -669.858
6.61399, 1823.66, 1831.32
6.70974, 737.691, 1089.09
4.48328, 968.34, 520.668
6.508, -293.622, 336.738
6.56811, 747.927, -82.2621
5.43493, -806.798, 187.179
4.64621, 1545.09, -62.6085
2.5002, -73.2511, -881.09
5.31153, -1604.62, 650.959
6.22632, 713.392, 674.106
3.89846, 1821.3, 552.932
2.93406, -1903.08, 1117.15
3.5733, 1707.32, -1741.06
3.93296, -953.749, 1179.31
4.86595, -769.753, 922.133
6.95893, 1677.37, 1642.04
5.91955, 1015.49, -982.018
3.54376, -32.9652, -201.237
6.67533, 1556.74, 0.145325
7.09218, 1819.12, 1768.21
4.48244, -987.206, -1359.4
6.37858, 1096.63, 1063.73
5.68161, -256.179, -184.804
6.64746, 962.862, 509.849
3.40204, 1084.34, -932.727
7.45927, 1098.25, -1473.91
6.70558, -295.18, -1639.34
4.65177, 1743.35, 505.775
4.38589, 1189.73, 1726.52
2.70802, 1257.83, -995.246
6.80715, -1522.39, -1057.79
6.62116, 1786.46, -1781.17
6.25052, 67.4781, 1451.27
3.55801, -338.575, 1898.55
4.31029, -1567.92, -365.629
4.43545, -1190.22, -1533.02
7.32918, 1589.06, 1272.96
6.5872, -281.69, 1334.02
4.5755, -148.307, 882.785
5.83759, 385.762, 312.234
2.52101, 983.135, 1870.95
6.98048, -1443.05, 420.397
3.68416, -713.36, 713.784
3.79415, 695.178, -196.745
5.4939, 760.673, -1393.78
6.89823, -1655.74, 749.927
6.16299, -1136.88, -1162.91
6.0773, 1736.35, 1133.75
3.57724, -1185.68, 966.019
6.30413, 1367.02, -1888.33
3.85351, -374.573, -1037.55
2.75246, 1300.56, 636.556
4.78866, 595.629, 522.47
2.58759, 860.444, -1506.39
3.01129, 93.8014, -409.707
2.639, -290.764, 571.915
5.65921, -708.132, -1071.12
6.34425, 130.088, -477.818
2.74132, 1076.14, -1645.42
6.6924, -55.4436, -1247.38
6.76899, -493.048, -557.559
6.57649, -975.115, 1150.97
6.85188, 1576.81, 776.644
5.27222, -1240.5, -295.606
6.12646, -519.433, 33.1704
3.20424, -996.583, 1781.16
6.6115, 1159.63, -1019.65
5.51185, 1415.9, -378.345
4.93856, 979.364, -1791.39
6.14942, -552.575, 1784.32
4.05164, 1510.87, -1320.25
3.93925, -1403.31, 677.083
5.45857, -1839.94, 1527.15
5.34055, 1227.58, 1687.13
5.41059, -1855.09, -1117.57
2.84132, -1345.09, 586.386
4.34304, 283.414, -715.082
6.28475, -1876.25, -1117.41
6.35297, -901.909, -1711.11
4.27217, -786.98, -535.238
5.98913, 440.394, 1812.94
5.08005, -1309.16, -607.577
5.94494, 714.662, 299.408
6.18066, -161.519, 1245.21
2.56231, -664.395, -1315.91
7.16549, 1283.75, -307.001
5.37826, 262.78, 216.666
3.05587, 948.942, 1931.89
4.87388, -200.307, 57.3536
3.24247, 480.972, 170.056
4.22594, 99.3959, 877.829
7.04476, -1780.56, 289.701
4.54571, 12.1555, 1068.05
5.96642, -1354.74, -153.785
3.35865, 730.682, -1756.88
6.21715, 1745.22, -989.238
4.16319, -857.642, 1321.91
4.62157, 1281.4, 637.731
2.79523, -336.236, -184.195
5.09005, 550.939, -426.216
5.94425, 917.563, -1140.65
5.01149, -571.739, -29.4762
6.56617, -357.562, -1473.93
3.07974, 186.079, -1818.95
5.24841, 569.227, 927.421
5.06046, 745.453, 39.9454
6.02649, 1866.15, 913.869
5.65083, -507.849, 1751.39
4.0207, -77.3055, -1284.54
6.74719, 805.566, 702.562
3.39619, 1246.77, -59.0764
2.61737, -1020.39, -194.694
4.19467, 1396.01, 85.0241
3.43818, 736.881, -254.31
6.60467, -571.907, 321.592
6.72507, -1809.77, -369.155
6.78031, 1674, -1394.64
7.37454, -1851.91, 1281.82
2.99587, 863.595, -876.178
2.56182, 1132.68, 1280.93
2.58614, 450.502, 1113.52
2.64527, 456.187, 205.29
4.1031, 296.925, -726.438
6.17815, 1228.07, 589.519
3.14876, 719.179, 928.187
2.5161, -748.937, 981.042
6.91905, 290.663, -1588.45
3.70482, 408.163, -1099.73
4.38481, -1641.1, 1490.58
4.44879, 1298.08, 248.464
2.81534, 1216.79, 580.914
7.30792, 375.407, 1822.45
3.75349, 1419.6, -701.6
6.85376, -1356.61, -162.199
2.85991, -1789.86, 783.852
2.70653, -1180.36, 1158.47
3.46378, 661.339, -1061.95
3.86708, -603.318, 609.246
7.4007, -1882.92, -715.371
3.60607, 682.732, -1010.79
6.43119, -1734.08, 1676.22
4.42306, 556.259, -820.175
3.78593, 928.146, -1257.62
3.91087, -1814.39, 111.43
7.33834, 1777.06, -108.702
4.22841, 1447.5, 309.711
3.45922, -1893.92, 1458.05
5.05037, -1092.26, -747.315
5.21857, -1083.77, 1231.84
5.72333, -1315.75, -1186.88
3.89738, 13.7976, 1564.05
3.41887, -602.942, -1387.22
2.71579, -1691.17, 737.303
3.98408, -926.985, -480.134
4.25548, -459.768, 266.476
7.09372, -839.707, 1334.04
5.81225, 999.942, -709.514
5.08041, 1733.41, 1139.81
4.03763, 1179.4, 1127.44
3.0007, -672.765, 292.759
3.47502, 738.216, -1780.66
4.11407, 78.6891, -212.014
5.56182, 1839.9, 181.866
5.13511, 1885.41, -1921.63
3.45653, 610.884, 536.092
4.7178, -1253.59, -882.634
4.48693, -1362.47, 1641.9
6.28051, -1187.59, 1490.87
6.6213, 1455.33, 1205.67
5.51573, 280.531, -749.067
3.04573, 1183.06, -1597.45
4.11797, 946.828, -330.151
5.03403, 36.1148, 619.822
4.76521, -1323.02, 1593.91
4.77315, -350.118, -911.469
4.91125, 1824.58, 1828.83
5.07896, 726.471, -1297.3
4.50207, 366.948, 1592.7
4.22945, 1913.68, 879.995
6.64533, 1812.44, -428.87
3.02204, -1415.99, -1535.32
6.40057, 1084.04, 1057.56
3.19919, -586.228, -468.113
2.62171, -1553.66, -1045
6.0664, 788.484, -1401.07
7.15538, 276.599, -1594.77
7.47667, 431.152, 341.708
3.86264, -1760.57, 308.391
3.6923, -1030.05, -509.417
3.87328, 1858.97, 1220.83
5.70836, -1776.28, -1468.49
5.17637, 596.595, 253.756
6.8967, 1601.46, -586.318
6.75968, -1283.27, -1595.07
2.98004, 1683.32, -152.21
4.66818, -1461.16, 469.447
3.17045, -352.594, -1473.31
5.86802, -354.675, 624.7
5.34964, -72.1941, -887.461
3.66474, -1139.81, 1150.05
5.50306, 515.538, -1336.67
2.6551, -1547.04, -35.8725
7.08512, 1093.54, -576.271
3.82958, 1706.59, -365.276
6.50016, -348.422, -1054.35
5.46389, 236.462, -1477.34
5.0822, 688.5, 1215.15
5.2567, 728.534, 1215.84
3.47225, 925.816, -462.576
5.36152, 304.68, -1436.28
3.81992, 359.088, 782.763
4.41648, -1554.92, 1059.87
2.73626, -1505.24, -1749.03
4.22823, 1142.22, -1351.26
3.61594, 1276.59, -873.815
3.81264, 25.4993, -1423.3
3.05141, -828.329, -857.314
7.40088, -1378, -9.07902
5.93794, 1555.06, 1258.68
5.82158, -1092.11, -734.843
5.99501, -1172.68, -1340.11
2.68746, -1660.98, -1501.02
3.6706, -1286.48, -1506.26
3.95397, 1471.33, 1351.72
3.50543, 18.8171, -410.855
2.7177, 677.472, 606.943
2.56571, -1085.05, 1104.04
6.07297, -1015.37, 1532.31
6.88348, -1710.12, -1202.54
5.35088, -1755.92, 619.772
6.92743, 1711.78, 1673.93
5.20042, -728.083, -544.17
3.31357, 1786.05, -1251.13
3.30492, 1895.01, 880.99
7.19182, 594.478, 539.187
3.45628, 1057.54, -1640.97
3.15761, -14.6524, -234.456
4.41122, -470.178, 37.6755
6.12674, 541.767, -447.789
2.50651, 1097.17, 1701.76
4.60222, 37.9454, 1443.39
5.18984, 528.389, -468.607
4.86596, -464.809, 479.615
6.33003, 1096.86, 1696.48
2.9396, 1080.11, -938.821
7.04284, 291.009, 652.908
3.20818, -1667.54, -814.715
2.54782, 740.005, -77.618
2.82267, 517.055, 933.48
4.96742, 752.08, 441
5.40914, 1042.48, 1926.72
4.03373, -1849.03, 1080.34
4.57091, 1721.49, -103.609
4.33401, -1197.72, -1311.52
3.42687, 303.816, 1303.38
2.76788, 1223.91, 308.979
4.47222, 1035.63, -119.56
3.98388, -686.026, -252.362
5.05388, -779.418, 1620.2
3.75392, -1469.48, 471.429
5.01589, 1837.91, 1832.62
2.51168, 22.5792, 1569.25
7.01807, 1905.63, -885.401
2.79181, -1846.63, -1863.92
5.17506, -1252.45, 1578.42
3.95754, -760.824, 1686.65
7.3023, -1584.02, -518.543
4.73406, 687.88, -215.387
5.08479, 1724.98, 351.967
5.93861, -486.914, 46.6302
2.72187, -318.046, 124.818
7.2946, -1568.13, 1193.71
5.70852, 750.327, 290.313
2.80215, 1185.45, -1506.82
3.33964, 133.816, 528.081
5.76491, 976.404, -450.092
6.19864, -1541.52, 662.813
3.57011, 1667.15, 422.177
4.31441, 283.879, -1640.91
6.56981, -1288.97, 1832
5.32057, 1615.79, -917.334
7.45886, -103.304, -1716.49
6.5669, -1525.26, 748.74
3.49157, -1929.33, -38.733
2.50003, -281.321, -1635.77
4.62608, 1797.61, -1454.13
4.07406, 1655.22, 402.436
5.56218, 1202.13, -1823.34
3.83351, -353.872, -1055.91
4.39881, -1183.24, -140.946
5.43397, 1833.63, 583.526
5.95636, -247.243, -929.866
7.26736, -872.815, -1113.63
4.89785, -590.306, -1848.53
3.60319, 788.298, -1424.22
5.33741, -1395.48, -938.748
6.09873, 757.056, 695.059
4.4953, -942.188, 1156.84
3.48326, -1376.87, 1899.64
6.66971, -1329.14, -1488.64
5.59561, -902.707, -1704.24
7.26866, -554.899, 363.402
3.23222, 2.54671, -422.202
5.38953, 44.9547, -893.98
7.26796, -846.458, 1398.85
3.62331, 1415.98, -1964.1
7.25137, -975.741, 1585.16
3.07874, 1551.66, -993.721
2.58372, 13.6396, -446.735
3.90465, -672.594, -343.404
7.15042, 1258.22, 299.603
3.04796, 1532.93, 1726.48
6.77266, 18.496, 1546.46
5.68532, -1419.47, -1439.32
5.63853, 793.247, -1407.57
3.80589, 1439.49, 1387.39
5.13936, -1856.05, 437.501
7.16608, -472.823, 1741.7
3.98055, 1795.53, 235.671
4.78006, 362.129, 813.032
6.35659, -1328.8, -1171.09
4.17193, 266.536, 236.322
6.31775, -87.522, -1743
6.65892, -53.7953, 1848.58
2.64618, -1445.81, 1124.03
4.31315, 1405.06, -522.386
4.16221, 539.71, 962.72
3.17675, -1001.75, -471.258
3.00839, -594.209, 1237.05
5.11327, -1178.03, 1586.22
3.52046, 63.1286, -1029.17
5.00728, -1704, -1201.58
5.1371, -28.9274, 1901.04
4.13422, -532.227, -585.834
4.75888, 467.533, -839.253
6.85263, -62.562, 1844.22
4.72884, 1225.65, 1677.45
6.03726, -904.617, -1747.74
6.83171, 1770.94, -1375.52
6.5822, 1667.23, 426.268
2.67504, 1682.03, 1686.35
3.8644, -1263.88, -493.957
5.21858, -832.926, -844.72
3.19942, -1790.35, -1130.92
5.57408, -1479.27, -1805.77
3.29182, -1202.84, -1220.36
4.41129, 210.75, 433.569
5.94997, -193.923, 369.177
3.21128, -807.95, 953.813
5.65284, -1565.34, 1532.84
3.15973, 329.905, 1846.9
7.13583, -1442.68, 437.049
5.53465, -1848.83, 1575.18
5.50388, -1806.38, 739.226
3.33635, 1149.59, -1021.87
3.301, -1692.7, -797.059
5.91628, 1194.89, -46.7658
5.1456, -1370.13, -0.434924
3.65264, -258.552, 1509.34
6.55373, -988.789, -114.676
5.76477, -827.597, -1097.53
4.08597, -1186.12, -1179.23
2.53953, -508.349, -1594.4
3.49176, 1440.4, 1416.74
3.78831, 5.83976, 751.708
3.03825, 1732.81, 75.5603
3.49545, 225.965, -834.265
6.75079, 1606.09, -1533.86
6.63912, -1828.43, 406.749
6.76813, -1888.06, -1079.42
5.71027, 598.352, 1546.29
3.6787, 1418.98, -1961.23
6.80638, -1006.76, -1568.1
5.4745, 52.1219, -240.325
2.52745, 1030.57, -109.57
6.84925, -1292.1, -914.751
7.37729, 1270.08, 225.419
5.59653, 735.772, 50.9009
3.85574, -1791.68, 726
7.46973, -354.738, -1199.48
4.60751, -1382.05, -1027.57
4.20537, -1570.01, -1212.27
4.80717, 702.877, -212.61
4.44822, 508.095, -813.886
4.613, -63.6145, 1022.29
2.84879, 252.547, 603.37
5.5153, -66.5468, -235.843
7.36114, -100.628, 434.645
5.07406, -1417.78, -1015.19
7.45461, 1850.73, -267.197
5.84906, 1235.03, -255.873
4.01716, -1202.31, 125.183
3.47371, 1682.31, 1165.04
4.0109, -1456.02, -1813.05
4.93946, -682.708, 909.064
4.72438, 1027.04, 1899.98
5.7844, 662.995, -1816.01
3.74227, -1498.54, -1382.69
4.72007, 101.925, 1093.78
5.75894, -1390.7, 33.0623
6.67472, -1431.38, 464.681
6.03698, 381.615, 1622.75
4.93928, -1693.27, -1248.02
6.72039, 785.019, -446.902
7.00296, -1026.07, -407.17
6.33082, -1325.26, -1004.02
5.29453, 1303.82, 1758.23
2.70603, -18.7924, 123.2
5.46749, 1111.24, 144.529
2.68674, -1261.81, 1591.13
4.53488, 124.205, 852.522
2.84243, -1901.45, -1738.98
7.38558, -1520.42, -1813.52
2.5956, -970.904, -540.723
6.60363, -334.221, -534.064
5.2195, -749.352, 1678.38
5.72828, 1527.96, -682.834
3.62934, -511.491, 38.6585
2.733, 1733.03, -1433.34
3.63154, 410.793, -1071.92
4.58371, -1268.48, 262.504
6.40126, 517.734, -1237.9
3.72852, -1841.89, 704.028
4.81411, 1258.88, 276.216
6.14756, 1869.22, 576.732
5.35237, -670.583, 1601.17
5.45997, 1826.63, 1821.85
4.98425, -1796.48, 551.132
3.951, 902.8, 298.423
4.71107, -3.86593, -497.284
2.53669, 1678.31, -804.591
7.41683, 974.709, -700.904
2.52822, -1536.22, -390.532
4.8676, -215.312, 1496.49
5.86497, -642.887, -256.523
