6.27803, -334.945, -424.211
3.5948, 5.84664, -41.0088
5.89648, 163.257, -286.314
5.09708, 21.2423, 323.928
2.76731, -344.362, 326.021
2.53849, 66.0069, 39.5509
4.58743, -324.237, -136.228
7.15218, 67.5509, 258.233
2.95982, -36.1336, 384.681
6.00595, -0.299941, 132.622
3.81226, 169.905, 297.674
4.14117, 180.098, -300.227
7.45519, 231.505, 164.888
7.41275, -297.394, -151.079
5.75759, 276.071, 154.688
6.92354, 203.661, -302.147
6.33247, -16.2765, -132.183
3.87453, -239.212, -94.311
4.93259, -271.843, -163.614
2.80282, 332.306, 315.427
5.08146, 23.366, 321.542
4.96988, 352.326, -165.272
7.23882, -289.626, -127.897
4.42071, 62.9626, -351.376
5.14874, 383.869, -179.59
2.75042, 346.332, -57.9699
6.63909, 256.795, 126.393
5.94228, -407.209, -324.693
6.18112, 67.2655, 312.615
6.94286, 372.936, 178.535
4.25508, -178.975, -215.663
6.72991, -9.63352, -58.325
3.84659, 348.392, -96.8278
4.83959, 15.4209, -1.30651
3.2686, -316.939, -101.603
2.66527, 229.32, 171.324
7.2768, 63.4175, -7.14936
6.95369, 92.0692, 180.72
3.29884, 253.509, 185.726
3.15214, 66.8206, -456.702
2.515, -150.7, -303.423
6.0491, -250.152, -158.776
3.40448, -181.115, 359.094
5.76029, 330.435, -100.043
4.42907, 188.556, -310.732
3.23766, 41.6932, 13.5116
5.45054, 202.326, 139.071
3.24076, -40.6639, 306.939
3.2091, 90.4807, 380.918
4.94257, -197.497, -22.1986
3.13015, 332.338, -65.186
5.64635, -174.9, -222.064
5.60817, 125.223, -355.637
4.88216, -179.779, 288.631
2.64188, -292.889, -127.14
3.21011, -49.9867, 229.183
3.15594, 90.5691, 331.2
3.31099, -392.408, 332.232
3.76529, -143.527, -313.371
4.77654, 121.041, -390.214
6.54472, -36.0239, -85.8046
3.57624, -0.489982, 296.059
3.75063, 193.113, 132.195
5.02978, 51.8322, 324.152
